pi Rcp 10_20/60-80%, pt y ystat
0.35  0.410884  0.00489548
0.45  0.437839  0.00578759
0.55  0.462502  0.00700177
0.65  0.481873  0.008539
0.75  0.498507  0.0104173
0.85  0.504458  0.0122268
0.95  0.51172  0.0141643
1.05  0.518131  0.0166946
1.15  0.564576  0.0193854
1.3  0.569202  0.0157052
1.5  0.559543  0.0213004
1.7  0.570491  0.0301375
1.9  0.524164  0.0298756
2.1  0.50689  0.0320787
2.35  0.481753  0.0380476
2.625  0.47414  0.00423417
2.875  0.451639  0.0057146
3.125  0.428898  0.00668763
3.375  0.415042  0.00789366
3.625  0.393491  0.011779
3.875  0.363883  0.0177339
4.25  0.3679  0.0151523
4.75  0.353037  0.0225529
5.25  0.325364  0.0171789
5.75  0.351222  0.0237518
6.44  0.318422  0.021839
7.45  0.232285  0.0418946
8.83  0.302234  0.0707683
10.86  0.350738  0.137092
