pi Rcp 20_40/60-80%, pt y ystat
0.35  0.494904  0.00562159
0.45  0.520301  0.00658427
0.55  0.541675  0.00786613
0.65  0.562062  0.00958169
0.75  0.577525  0.0116418
0.85  0.585473  0.0137515
0.95  0.593671  0.0159054
1.05  0.598894  0.0187
1.15  0.657875  0.0207998
1.3  0.647026  0.0163016
1.5  0.639116  0.023417
1.7  0.634147  0.0321932
1.9  0.602928  0.0320916
2.1  0.629079  0.0357358
2.35  0.604932  0.0423507
2.625  0.578008  0.00486283
2.875  0.561174  0.00655196
3.125  0.536748  0.00791807
3.375  0.539311  0.00967049
3.625  0.514766  0.0148695
3.875  0.485378  0.0234334
4.25  0.494713  0.0198887
4.75  0.469403  0.0327365
5.25  0.460341  0.0247105
5.75  0.441499  0.0291874
6.44  0.417924  0.0289296
7.45  0.369416  0.0553752
8.83  0.456624  0.105617
10.86  0.43867  0.164848
