piplus+piminus: 60-80% pt y ystat ysys
3.500e-01 1.12e+01   1.17e-01         5.62e-01
4.500e-01 6.53e+00   7.57e-02         3.27e-01
5.500e-01 3.85e+00   5.20e-02         1.93e-01
6.500e-01 2.36e+00   3.75e-02         1.18e-01
7.500e-01 1.49e+00   2.78e-02         7.44e-02
8.500e-01 9.37e-01   2.02e-02         6.56e-02
9.500e-01 6.03e-01   1.51e-02         4.22e-02
1.050e+00 3.98e-01   1.15e-02         2.79e-02
1.150e+00 2.41e-01   6.81e-03         1.20e-02
1.300e+00 1.35e-01   3.54e-03         6.73e-03
1.500e+00 7.01e-02   2.31e-03         3.51e-03
1.700e+00 3.26e-02   1.45e-03         1.63e-03
1.900e+00 1.76e-02   1.05e-03         8.80e-04
2.100e+00 1.01e-02   5.68e-04         1.01e-03
2.350e+00 4.55e-03   3.37e-04         4.55e-04
2.625e+00 2.44e-03   2.70e-05         1.71e-04
2.875e+00 1.30e-03   1.35e-05         9.13e-05
3.125e+00 7.04e-04   9.21e-06         4.93e-05
3.375e+00 3.75e-04   6.25e-06         2.62e-05
3.625e+00 2.19e-04   4.91e-06         1.53e-05
3.875e+00 1.38e-04   5.55e-06         9.67e-06
4.250e+00 6.35e-05   2.37e-06         4.45e-06
4.750e+00 2.65e-05   1.49e-06         1.86e-06
5.250e+00 1.20e-05   7.70e-07         8.40e-07
5.750e+00 5.12e-06   3.70e-07         3.58e-07
6.440e+00 2.16e-06   1.06e-07         1.51e-07
7.450e+00 8.15e-07   1.05e-07         5.71e-08
8.830e+00 2.36e-07   3.69e-08         2.60e-08
1.086e+01 2.30e-08   1.03e-08         3.68e-09
