ks0 Rcp 0_5/40-60%, pt y ystat
0.625  0.54675  0.0497136
0.875  0.648423  0.0470844
1.125  0.660723  0.0416937
1.375  0.689291  0.0426528
1.625  0.664328  0.0407399
1.875  0.67093  0.0410946
2.125  0.621426  0.0381388
2.375  0.583733  0.0359987
2.625  0.553836  0.0344614
2.875  0.509324  0.0321377
3.125  0.483494  0.0313411
3.375  0.427551  0.028537
3.625  0.450852  0.0319757
3.875  0.454394  0.0345487
4.25  0.369782  0.0556806
4.75  0.351361  0.0543045
5.25  0.319939  0.0515648
5.75  0.321359  0.0562045
6.5  0.334414  0.0599232
7.5  0.33351  0.0857651
8.5  0.298065  0.105882
