K0S: 40-60% pt pterr y ystat ysys
6.250e-01    1.250e-01    1.510e+00    8.997e-02
8.750e-01    1.250e-01    8.347e-01    4.164e-02
1.125e+00    1.250e-01    3.342e-01    1.476e-02
1.375e+00    1.250e-01    1.561e-01    6.791e-03
1.625e+00    1.250e-01    7.122e-02    3.084e-03
1.875e+00    1.250e-01    3.282e-02    1.421e-03
2.125e+00    1.250e-01    1.562e-02    6.798e-04
2.375e+00    1.250e-01    7.755e-03    3.406e-04
2.625e+00    1.250e-01    4.006e-03    1.788e-04
2.875e+00    1.250e-01    2.085e-03    9.544e-05
3.125e+00    1.250e-01    1.161e-03    5.547e-05
3.375e+00    1.250e-01    6.971e-04    3.481e-05
3.625e+00    1.250e-01    3.683e-04    2.018e-05
3.875e+00    1.250e-01    2.113e-04    1.281e-05
4.250e+00    2.500e-01    1.031e-04    1.110e-05
4.750e+00    2.500e-01    4.009e-05    4.491e-06
5.250e+00    2.500e-01    1.729e-05    2.050e-06
5.750e+00    2.500e-01    7.554e-06    1.002e-06
6.500e+00    5.000e-01    2.753e-06    3.810e-07
7.500e+00    5.000e-01    6.963e-07    1.530e-07
8.500e+00    5.000e-01    2.385e-07    7.362e-08
