ks0 Rcp 0_5/60-80%, pt y ystat
0.625  0.368823  0.0416807
0.875  0.508665  0.0417797
1.125  0.537662  0.0360732
1.375  0.58261  0.0380534
1.625  0.576765  0.0372236
1.875  0.589251  0.0379685
2.125  0.542308  0.0352074
2.375  0.476446  0.0315781
2.625  0.426949  0.0289768
2.875  0.407808  0.0286175
3.125  0.348521  0.0258936
3.375  0.334354  0.0268571
3.625  0.338823  0.030445
3.875  0.322173  0.0321689
4.25  0.262464  0.0408994
4.75  0.265207  0.0441085
5.25  0.261406  0.0484588
5.75  0.233275  0.049621
6.5  0.231716  0.0509068
7.5  0.39547  0.163819
8.5  0.494663  0.504943
