pi Rcp 0_12/60-80%, pt y ystat
0.35  0.383432  0.00405654
0.45  0.40693  0.00481254
0.55  0.426553  0.00580216
0.65  0.442777  0.0070913
0.75  0.454826  0.00865279
0.85  0.463338  0.0102844
0.95  0.467822  0.0118195
1.05  0.473033  0.013944
1.15  0.536907  0.0233029
1.3  0.532831  0.0228832
1.5  0.517283  0.0208858
1.7  0.521056  0.0272544
1.9  0.48621  0.0259914
2.1  0.453554  0.0251768
2.35  0.447003  0.0307721
2.625  0.394544  0.00305464
2.875  0.37512  0.00409664
3.125  0.352115  0.00487742
3.375  0.340584  0.00578923
3.625  0.316639  0.00880588
3.875  0.292589  0.0138427
4.25  0.286749  0.0112442
4.75  0.266152  0.0160854
5.25  0.266597  0.0132212
5.75  0.255824  0.0157628
6.44  0.234402  0.014672
7.45  0.220174  0.0314786
8.83  0.263371  0.0567013
10.86  0.267288  0.0912928
