ks0 Rcp 10_20/40-60%, pt y ystat
0.625  0.607393  0.0463474
0.875  0.679871  0.0450934
1.125  0.734638  0.0445846
1.375  0.781133  0.0469035
1.625  0.752136  0.0449832
1.875  0.761573  0.045555
2.125  0.733408  0.0440528
2.375  0.696254  0.0421336
2.625  0.676884  0.0414881
2.875  0.65163  0.0407863
3.125  0.619819  0.0402284
3.375  0.552478  0.0374455
3.625  0.574642  0.0421304
3.875  0.599769  0.0481187
4.25  0.544745  0.082737
4.75  0.52673  0.0828796
5.25  0.516359  0.0855579
5.75  0.468138  0.0873696
6.5  0.510823  0.0967604
7.5  0.473772  0.13434
8.5  0.342276  0.140263
