pT [GeV/c]  0-5/40-60%  0-5/60-80% pt y ystat y ystat
0.25 0.58 0.03 0.37 0.02
0.35 0.59 0.03 0.40 0.02
0.45 0.61 0.03 0.42 0.02
0.55 0.62 0.03 0.44 0.02
0.65 0.64 0.03 0.47 0.02
0.75 0.65 0.03 0.49 0.03
0.85 0.66 0.03 0.51 0.03
0.95 0.67 0.03 0.52 0.03
1.05 0.68 0.03 0.55 0.03
1.15 0.69 0.03 0.57 0.03
1.25 0.71 0.04 0.59 0.03
1.35 0.71 0.04 0.60 0.03
1.45 0.72 0.04 0.62 0.03
1.55 0.73 0.04 0.63 0.03
1.65 0.73 0.04 0.63 0.03
1.75 0.73 0.04 0.63 0.03
1.85 0.73 0.04 0.62 0.03
1.95 0.72 0.04 0.61 0.03
2.05 0.72 0.04 0.60 0.03
2.15 0.71 0.04 0.58 0.03
2.25 0.70 0.03 0.57 0.03
2.35 0.67 0.03 0.54 0.03
2.49 0.64 0.03 0.52 0.03
2.70 0.60 0.03 0.47 0.02
2.90 0.57 0.03 0.44 0.02
3.16 0.53 0.03 0.41 0.02
3.55 0.48 0.02 0.36 0.02
4.06 0.41 0.02 0.32 0.02
4.70 0.37 0.02 0.27 0.01
5.48 0.35 0.02 0.23 0.02
6.42 0.34 0.03 0.21 0.02
7.43 0.38 0.05 0.19 0.04
8.43 0.46 0.11 0.27 0.10
9.44 0.41 0.13 0.24 0.12
10.78 0.25 0.08 0.26 0.15
