proton+pbar: 0-12%/40-80% pt y ystat ysys
5.500e-01 3.70e-01 1.68e-02 1.85e-02
6.500e-01 4.14e-01 1.57e-02 2.07e-02
7.500e-01 4.55e-01 1.57e-02 2.28e-02
8.500e-01 5.00e-01 1.78e-02 3.50e-02
9.500e-01 5.28e-01 1.88e-02 3.69e-02
1.050e+00 5.33e-01 1.97e-02 3.73e-02
1.150e+00 5.87e-01 2.24e-02 5.28e-02
1.300e+00 6.34e-01 2.52e-02 3.80e-02
1.500e+00 7.01e-01 1.83e-02 4.91e-02
1.700e+00 7.57e-01 2.01e-02 7.57e-02
1.900e+00 7.79e-01 2.09e-02 7.79e-02
2.100e+00 7.70e-01 2.91e-02 7.70e-02
2.350e+00 8.66e-01 3.27e-02 8.66e-02
2.625e+00 7.98e-01 6.76e-03 7.98e-02
2.875e+00 7.64e-01 7.48e-03 7.64e-02
3.125e+00 7.08e-01 8.21e-03 1.06e-01
3.375e+00 6.60e-01 9.41e-03 9.90e-02
3.625e+00 6.32e-01 1.12e-02 9.47e-02
3.875e+00 5.84e-01 1.33e-02 8.76e-02
4.250e+00 5.08e-01 1.03e-02 7.62e-02
4.750e+00 4.50e-01 1.37e-02 6.76e-02
5.250e+00 4.01e-01 1.74e-02 6.82e-02
5.750e+00 4.96e-01 6.66e-02 8.43e-02
6.440e+00 4.58e-01 7.16e-02 7.79e-02
7.450e+00 3.78e-01 7.83e-02 6.81e-02
8.830e+00 4.13e-01 1.02e-01 7.43e-02
