13039135	1	0.1	-0.1	5.3094
13039135	2	0.1	-0.1	2.60724
13039135	3	0.1	-0.1	-0.410737
13039135	4	0.1	-0.1	5.58198
13039135	5	0.1	-0.1	-4.71899
13039135	6	0.1	-0.1	-3.60181
13039135	7	0.1	-0.1	-1.94358
13039135	8	0.1	-0.1	-2.66539
13039135	9	0.1	-0.1	-1.77254
13039135	10	0.1	-0.1	3.47079
13039135	11	0.1	-0.1	0.375019
13039135	12	0.1	-0.1	-1.18069
13039135	13	0.1	-0.1	4.08598
13039135	14	0.1	-0.1	4.11763
13039135	15	0.1	-0.1	3.31542
13039135	16	0.1	-0.1	1.1005
13039135	17	0.1	-0.1	-4.49027
13039135	18	0.1	-0.1	2.34083
13039135	19	0.1	-0.1	4.22765
13039135	20	0.1	-0.1	-0.547157
13039135	21	0.1	-0.1	0.160005
13039135	22	0.1	-0.1	-2.76354
13039135	23	0.1	-0.1	-5.11984
13039135	24	0.1	-0.1	5.952
13039135	25	0.1	-0.1	-1.93946
13039135	26	0.1	-0.1	-4.13997
13039135	27	0.1	-0.1	-3.96353
13039135	28	0.1	-0.1	3.00898
13039135	29	0.1	-0.1	2.71718
13039135	30	0.1	-0.1	2.3853
13039135	31	0.1	-0.1	-2.58561
13039135	32	0.1	-0.1	2.61663
13039135	33	0.1	-0.1	-3.75314
13039135	34	0.1	-0.1	4.11013
13039135	35	0.1	-0.1	-2.35589
13039135	36	0.1	-0.1	-2.31192
13039135	37	0.1	-0.1	3.79449
13039135	38	0.1	-0.1	0.511139
13039135	39	0.1	-0.1	-5.08415
13039135	40	0.1	-0.1	-1.98107
13039135	41	0.1	-0.1	-2.80209
13039135	42	0.1	-0.1	0.96006
13039135	43	0.1	-0.1	0.00912579
13039135	44	0.1	-0.1	-0.859844
13039135	45	0.1	-0.1	0.600814
13039135	46	0.1	-0.1	0.095858
13039135	47	0.1	-0.1	-1.44114
13039135	48	0.1	-0.1	-4.92377
13039135	49	0.1	-0.1	-0.254461
13039135	50	0.1	-0.1	-0.153662
13039135	51	0.1	-0.1	-4.14459
13039135	52	0.1	-0.1	1.61845
13039135	53	0.1	-0.1	-4.34117
13039135	54	0.1	-0.1	-2.74468
13039135	55	0.1	-0.1	-5.11534
13039135	56	0.1	-0.1	-3.56777
13039135	57	0.1	-0.1	4.38749
13039135	58	0.1	-0.1	-0.496407
13039135	59	0.1	-0.1	2.91956
13039135	60	0.1	-0.1	-0.471402
13039135	61	0.1	-0.1	5.08939
13039135	62	0.1	-0.1	-2.45678
13039135	63	0.1	-0.1	0.622075
13039135	64	0.1	-0.1	4.97638
13039135	65	0.1	-0.1	-0.459549
13039135	66	0.1	-0.1	4.32831
13039135	67	0.1	-0.1	3.29365
13039135	68	0.1	-0.1	-0.615016
13039135	69	0.1	-0.1	-0.427748
13039135	70	0.1	-0.1	4.16584
13039135	71	0.1	-0.1	2.1164
13039135	72	0.1	-0.1	1.08271
13039135	73	0.1	-0.1	-4.58248
13039135	74	0.1	-0.1	-5.07979
13039135	75	0.1	-0.1	-3.49363
13039135	76	0.1	-0.1	0.608216
13039135	77	0.1	-0.1	1.54599
13039135	78	0.1	-0.1	1.78695
13039135	79	0.1	-0.1	-0.0791324
13039135	80	0.1	-0.1	1.80482
13039135	81	0.1	-0.1	-1.83023
13039135	82	0.1	-0.1	4.90652
13039135	83	0.1	-0.1	2.92543
13039135	84	0.1	-0.1	-3.85554
13039135	85	0.1	-0.1	-2.22399
13039135	86	0.1	-0.1	-5.61358
13039135	87	0.1	-0.1	-5.05809
13039135	88	0.1	-0.1	-5.86677
13039135	89	0.1	-0.1	-3.51609
13039135	90	0.1	-0.1	-2.90127
13039135	91	0.1	-0.1	-2.93463
13039135	92	0.1	-0.1	-3.97495
13039135	93	0.1	-0.1	3.39621
13039135	94	0.1	-0.1	-2.6407
13039135	95	0.1	-0.1	-5.97747
13039135	96	0.1	-0.1	-0.595172
13039135	97	0.1	-0.1	4.9435
13039135	98	0.1	-0.1	2.58896
13039135	99	0.1	-0.1	-5.14071
13039135	100	0.1	-0.1	-4.40465
13039135	101	0.1	-0.1	0.881861
13039135	102	0.1	-0.1	-2.40747
13039135	103	0.1	-0.1	-5.82208
13039135	104	0.1	-0.1	-4.73334
13039135	105	0.1	-0.1	-5.39804
13039135	106	0.1	-0.1	0.573701
13039135	107	0.1	-0.1	2.21205
13039135	108	0.1	-0.1	-3.53408
13039135	109	0.1	-0.1	-1.56165
13039135	110	0.1	-0.1	5.19872
13039135	111	0.1	-0.1	5.02337
13039135	112	0.1	-0.1	-5.4041
13039135	113	0.1	-0.1	0.848662
13039135	114	0.1	-0.1	5.11017
13039135	115	0.1	-0.1	1.65972
13039135	116	0.1	-0.1	0.797814
13039135	117	0.1	-0.1	5.55585
13039135	118	0.1	-0.1	1.39034
13039135	119	0.1	-0.1	-4.97463
13039135	120	0.1	-0.1	-5.92353
13039135	121	0.1	-0.1	5.20542
13039135	122	0.1	-0.1	-5.55302
13039135	123	0.1	-0.1	-1.1915
13039135	124	0.1	-0.1	0.0725133
13039135	125	0.1	-0.1	3.43365
13039135	126	0.1	-0.1	5.2542
13039135	127	0.1	-0.1	-1.87943
13039135	128	0.1	-0.1	3.52831
13039135	129	0.1	-0.1	-4.29279
13039135	130	0.1	-0.1	-4.36913
13039135	131	0.1	-0.1	-0.308637
13039135	132	0.1	-0.1	-2.80494
13039135	133	0.1	-0.1	-5.06322
13039135	134	0.1	-0.1	3.37312
13039135	135	0.1	-0.1	0.914777
13039135	136	0.1	-0.1	5.52144
13039135	137	0.1	-0.1	-1.39223
13039135	138	0.1	-0.1	-1.05921
13039135	139	0.1	-0.1	-4.94877
13039135	140	0.1	-0.1	3.9646
13039135	141	0.1	-0.1	0.496426
13039135	142	0.1	-0.1	-5.62694
13039135	143	0.1	-0.1	-4.4228
13039135	144	0.1	-0.1	-4.21463
13039135	145	0.1	-0.1	-1.0843
13039135	146	0.1	-0.1	-3.00155
13039135	147	0.1	-0.1	-1.50195
13039135	148	0.1	-0.1	-3.85586
13039135	149	0.1	-0.1	-4.68981
13039135	150	0.1	-0.1	-4.20359
13039135	151	0.1	-0.1	3.85314
13039135	152	0.1	-0.1	-4.68511
13039135	153	0.1	-0.1	-3.97359
13039135	154	0.1	-0.1	2.60157
13039135	155	0.1	-0.1	-1.71341
13039135	156	0.1	-0.1	1.10809
13039135	157	0.1	-0.1	3.38405
13039135	158	0.1	-0.1	4.76694
13039135	159	0.1	-0.1	0.908469
13039135	160	0.1	-0.1	4.80915
13039135	161	0.1	-0.1	-1.48445
13039135	162	0.1	-0.1	-1.58989
13039135	163	0.1	-0.1	1.61795
13039135	164	0.1	-0.1	2.02134
13039135	165	0.1	-0.1	5.95771
13039135	166	0.1	-0.1	1.85323
13039135	167	0.1	-0.1	1.04863
13039135	168	0.1	-0.1	2.36228
13039135	169	0.1	-0.1	3.3486
13039135	170	0.1	-0.1	2.05308
13039135	171	0.1	-0.1	-0.408577
13039135	172	0.1	-0.1	0.389563
13039135	173	0.1	-0.1	1.11158
13039135	174	0.1	-0.1	0.903518
13039135	175	0.1	-0.1	1.67425
13039135	176	0.1	-0.1	5.84207
13039135	177	0.1	-0.1	-1.43166
13039135	178	0.1	-0.1	4.90228
13039135	179	0.1	-0.1	5.76078
13039135	180	0.1	-0.1	-0.405285
13039135	181	0.1	-0.1	-0.617673
13039135	182	0.1	-0.1	-4.73464
13039135	183	0.1	-0.1	5.04536
13039135	184	0.1	-0.1	-1.02505
13039135	185	0.1	-0.1	-4.60046
13039135	186	0.1	-0.1	-5.74773
13039135	187	0.1	-0.1	4.31834
13039135	188	0.1	-0.1	1.15496
13039135	189	0.1	-0.1	3.06684
13039135	190	0.1	-0.1	-0.214331
13039135	191	0.1	-0.1	-5.89713
13039135	192	0.1	-0.1	4.06247
13039135	193	0.1	-0.1	3.35219
13039135	194	0.1	-0.1	-3.2447
13039135	195	0.1	-0.1	-0.452589
13039135	196	0.1	-0.1	0.460123
13039135	197	0.1	-0.1	1.60001
13039135	198	0.1	-0.1	-3.5109
13039135	199	0.1	-0.1	3.35658
13039135	200	0.1	-0.1	1.83279
13039135	201	0.1	-0.1	2.44414
13039135	202	0.1	-0.1	-2.17055
13039135	203	0.1	-0.1	0.853668
13039135	204	0.1	-0.1	-1.52386
13039135	205	0.1	-0.1	-1.24869
13039135	206	0.1	-0.1	2.17888
13039135	207	0.1	-0.1	-4.78007
13039135	208	0.1	-0.1	-1.25237
13039135	209	0.1	-0.1	4.27601
13039135	210	0.1	-0.1	2.13547
13039135	211	0.1	-0.1	1.06118
13039135	212	0.1	-0.1	1.29706
13039135	213	0.1	-0.1	1.60865
13039135	214	0.1	-0.1	3.50367
13039135	215	0.1	-0.1	2.26109
13039135	216	0.1	-0.1	-2.3685
13039135	217	0.1	-0.1	-2.85713
13039135	218	0.1	-0.1	2.16546
13039135	219	0.1	-0.1	5.02332
13039135	220	0.1	-0.1	0.313462
13039135	221	0.1	-0.1	3.91276
13039135	222	0.1	-0.1	-4.9003
13039135	223	0.1	-0.1	4.49802
13039135	224	0.1	-0.1	3.9038
13039135	225	0.1	-0.1	-2.8351
13039135	226	0.1	-0.1	-2.51733
13039135	227	0.1	-0.1	4.5182
13039135	228	0.1	-0.1	1.19764
13039135	229	0.1	-0.1	0.541305
13039135	230	0.1	-0.1	2.53329
13039135	231	0.1	-0.1	-3.26555
13039135	232	0.1	-0.1	1.98982
13039135	233	0.1	-0.1	2.14616
13039135	234	0.1	-0.1	2.14715
13039135	235	0.1	-0.1	-1.35023
13039135	236	0.1	-0.1	5.32104
13039135	237	0.1	-0.1	-4.56395
13039135	238	0.1	-0.1	3.3683
13039135	239	0.1	-0.1	3.71565
13039135	240	0.1	-0.1	-4.67082
13039135	241	0.1	-0.1	5.21535
13039135	242	0.1	-0.1	0.0140402
13039135	243	0.1	-0.1	-5.25376
13039135	244	0.1	-0.1	-5.01403
13039135	245	0.1	-0.1	3.48791
13039135	246	0.1	-0.1	-3.8507
13039135	247	0.1	-0.1	2.60152
13039135	248	0.1	-0.1	-1.28846
13039135	249	0.1	-0.1	-0.788728
13039135	250	0.1	-0.1	-3.67307
13039135	251	0.1	-0.1	0.678618
13039135	252	0.1	-0.1	-1.2114
13039135	253	0.1	-0.1	3.04461
13039135	254	0.1	-0.1	-2.99575
13039135	255	0.1	-0.1	3.76685
13039135	256	0.1	-0.1	-0.560067
13039135	257	0.1	-0.1	0.484647
13039135	258	0.1	-0.1	2.93821
13039135	259	0.1	-0.1	-3.63696
13039135	260	0.1	-0.1	4.70486
13039135	261	0.1	-0.1	4.34812
13039135	262	0.1	-0.1	-1.85414
13039135	263	0.1	-0.1	-0.257942
13039135	264	0.1	-0.1	3.2485
13039135	265	0.1	-0.1	2.94931
13039135	266	0.1	-0.1	-4.16247
13039135	267	0.1	-0.1	2.0596
13039135	268	0.1	-0.1	5.62446
13039135	269	0.1	-0.1	0.634942
13039135	270	0.1	-0.1	2.21767
13039135	271	0.1	-0.1	5.73447
13039135	272	0.1	-0.1	-4.71646
13039135	273	0.1	-0.1	2.73781
13039135	274	0.1	-0.1	-5.63095
13039135	275	0.1	-0.1	-1.40551
13039135	276	0.1	-0.1	-5.70691
13039135	277	0.1	-0.1	-3.68643
13039135	278	0.1	-0.1	4.94554
13039135	279	0.1	-0.1	3.74431
13039135	280	0.1	-0.1	2.42036
13039135	281	0.1	-0.1	5.01916
13039135	282	0.1	-0.1	-4.97971
13039135	283	0.1	-0.1	-4.97721
13039135	284	0.1	-0.1	0.276633
13039135	285	0.1	-0.1	1.09057
13039135	286	0.1	-0.1	0.390186
13039135	287	0.1	-0.1	4.52682
13039135	288	0.1	-0.1	-3.01277
13039135	289	0.1	-0.1	-3.59984
13039135	290	0.1	-0.1	-4.33979
13039135	291	0.1	-0.1	-5.66928
13039135	292	0.1	-0.1	3.0469
13039135	293	0.1	-0.1	-3.9458
13039135	294	0.1	-0.1	5.9168
13039135	295	0.1	-0.1	3.52883
13039135	296	0.1	-0.1	-3.10341
13039135	297	0.1	-0.1	2.3919
13039135	298	0.1	-0.1	-1.36132
13039135	299	0.1	-0.1	-2.13354
13039135	300	0.1	-0.1	0.270245
13039135	301	0.1	-0.1	-1.13733
13039135	302	0.1	-0.1	4.39607
13039135	303	0.1	-0.1	5.44868
13039135	304	0.1	-0.1	-4.62091
13039135	305	0.1	-0.1	-0.276545
13039135	306	0.1	-0.1	2.37802
13039135	307	0.1	-0.1	-4.38414
13039135	308	0.1	-0.1	-4.20396
13039135	309	0.1	-0.1	3.04778
13039135	310	0.1	-0.1	3.46444
13039135	311	0.1	-0.1	2.59016
13039135	312	0.1	-0.1	-2.66784
13039135	313	0.1	-0.1	-5.34233
13039135	314	0.1	-0.1	-1.03761
13039135	315	0.1	-0.1	1.32025
13039135	316	0.1	-0.1	0.775392
13039135	317	0.1	-0.1	1.86479
13039135	318	0.1	-0.1	-1.66664
13039135	319	0.1	-0.1	-2.73049
13039135	320	0.1	-0.1	3.94999
13039135	321	0.1	-0.1	-3.42893
13039135	322	0.1	-0.1	5.30694
13039135	323	0.1	-0.1	5.88464
13039135	324	0.1	-0.1	4.28471
13039135	325	0.1	-0.1	-1.40552
13039135	326	0.1	-0.1	-2.88188
13039135	327	0.1	-0.1	-3.10349
13039135	328	0.1	-0.1	5.68423
13039135	329	0.1	-0.1	-0.778736
13039135	330	0.1	-0.1	-3.91909
13039135	331	0.1	-0.1	-4.1066
13039135	332	0.1	-0.1	-3.60582
13039135	333	0.1	-0.1	4.03215
13039135	334	0.1	-0.1	-5.41844
13039135	335	0.1	-0.1	2.00789
13039135	336	0.1	-0.1	-0.165292
13039135	337	0.1	-0.1	-5.78797
13039135	338	0.1	-0.1	1.34535
13039135	339	0.1	-0.1	4.40685
13039135	340	0.1	-0.1	-3.74582
13039135	341	0.1	-0.1	-5.06293
13039135	342	0.1	-0.1	-2.75684
13039135	343	0.1	-0.1	-3.92234
13039135	344	0.1	-0.1	5.01457
13039135	345	0.1	-0.1	-5.98882
13039135	346	0.1	-0.1	3.87106
13039135	347	0.1	-0.1	0.29603
13039135	348	0.1	-0.1	4.90357
13039135	349	0.1	-0.1	3.21292
13039135	350	0.1	-0.1	-2.84181
13039135	351	0.1	-0.1	-1.22845
13039135	352	0.1	-0.1	5.4051
13039135	353	0.1	-0.1	-1.45949
13039135	354	0.1	-0.1	-3.08164
13039135	355	0.1	-0.1	-4.07577
13039135	356	0.1	-0.1	2.43303
13039135	357	0.1	-0.1	-4.11121
13039135	358	0.1	-0.1	4.4984
13039135	359	0.1	-0.1	3.6418
13039135	360	0.1	-0.1	-1.44967
13039135	361	0.1	-0.1	-5.02613
13039135	362	0.1	-0.1	1.64177
13039135	363	0.1	-0.1	5.30067
13039135	364	0.1	-0.1	-5.09514
13039135	365	0.1	-0.1	-4.60223
13039135	366	0.1	-0.1	-0.377241
13039135	367	0.1	-0.1	5.88598
13039135	368	0.1	-0.1	4.5358
13039135	369	0.1	-0.1	1.9847
13039135	370	0.1	-0.1	3.40535
13039135	371	0.1	-0.1	-2.65942
13039135	372	0.1	-0.1	-1.71418
13039135	373	0.1	-0.1	-5.46808
13039135	374	0.1	-0.1	5.08746
13039135	375	0.1	-0.1	0.165163
13039135	376	0.1	-0.1	4.33282
13039135	377	0.1	-0.1	4.15681
13039135	378	0.1	-0.1	3.24068
13039135	379	0.1	-0.1	-3.84617
13039135	380	0.1	-0.1	1.34341
13039135	381	0.1	-0.1	-2.54303
13039135	382	0.1	-0.1	-1.27592
13039135	383	0.1	-0.1	1.53444
13039135	384	0.1	-0.1	-4.82268
13039135	385	0.1	-0.1	0.0249569
13039135	386	0.1	-0.1	2.72142
13039135	387	0.1	-0.1	5.87872
13039135	388	0.1	-0.1	-0.813773
13039135	389	0.1	-0.1	1.41384
13039135	390	0.1	-0.1	-3.59871
13039135	391	0.1	-0.1	-2.59301
13039135	392	0.1	-0.1	4.69717
13039135	393	0.1	-0.1	0.477154
13039135	394	0.1	-0.1	3.46161
13039135	395	0.1	-0.1	-5.17636
13039135	396	0.1	-0.1	4.40469
13039135	397	0.1	-0.1	-3.76365
13039135	398	0.1	-0.1	-0.350498
13039135	399	0.1	-0.1	5.99913
13039135	400	0.1	-0.1	-2.7447
13039135	401	0.1	-0.1	-0.655173
13039135	402	0.1	-0.1	0.986477
13039135	403	0.1	-0.1	-0.527142
13039135	404	0.1	-0.1	-3.82424
13039135	405	0.1	-0.1	-3.70729
13039135	406	0.1	-0.1	0.0662326
13039135	407	0.1	-0.1	-3.88581
13039135	408	0.1	-0.1	0.542703
13039135	409	0.1	-0.1	-0.0147677
13039135	410	0.1	-0.1	-1.12717
13039135	411	0.1	-0.1	-5.95867
13039135	412	0.1	-0.1	4.36304
13039135	413	0.1	-0.1	4.19337
13039135	414	0.1	-0.1	4.27474
13039135	415	0.1	-0.1	-0.546279
13039135	416	0.1	-0.1	4.08205
13039135	417	0.1	-0.1	2.76338
13039135	418	0.1	-0.1	4.29983
13039135	419	0.1	-0.1	5.77086
13039135	420	0.1	-0.1	-3.81754
13039135	421	0.1	-0.1	-1.06904
13039135	422	0.1	-0.1	-0.743682
13039135	423	0.1	-0.1	5.97182
13039135	424	0.1	-0.1	0.298095
13039135	425	0.1	-0.1	0.833568
13039135	426	0.1	-0.1	1.1854
13039135	427	0.1	-0.1	3.66967
13039135	428	0.1	-0.1	-3.20422
13039135	429	0.1	-0.1	1.94998
13039135	430	0.1	-0.1	-2.76017
13039135	431	0.1	-0.1	1.41308
13039135	432	0.1	-0.1	-2.57478
13039135	433	0.1	-0.1	-5.2488
13039135	434	0.1	-0.1	2.33578
13039135	435	0.1	-0.1	-4.63211
13039135	436	0.1	-0.1	0.52259
13039135	437	0.1	-0.1	-0.65222
13039135	438	0.1	-0.1	-1.13595
13039135	439	0.1	-0.1	4.8554
13039135	440	0.1	-0.1	0.213722
13039135	441	0.1	-0.1	-5.39353
13039135	442	0.1	-0.1	-3.90395
13039135	443	0.1	-0.1	-3.34365
13039135	444	0.1	-0.1	2.97521
13039135	445	0.1	-0.1	-0.346755
13039135	446	0.1	-0.1	-4.08126
13039135	447	0.1	-0.1	5.9391
13039135	448	0.1	-0.1	-3.96996
13039135	449	0.1	-0.1	-4.14308
13039135	450	0.1	-0.1	4.0586
13039135	451	0.1	-0.1	-3.11074
13039135	452	0.1	-0.1	0.861763
13039135	453	0.1	-0.1	1.11898
13039135	454	0.1	-0.1	-2.51096
13039135	455	0.1	-0.1	-1.88527
13039135	456	0.1	-0.1	-1.26267
13039135	457	0.1	-0.1	5.99742
13039135	458	0.1	-0.1	-2.28139
13039135	459	0.1	-0.1	2.59693
13039135	460	0.1	-0.1	0.493817
13039135	461	0.1	-0.1	-0.519381
13039135	462	0.1	-0.1	5.97882
13039135	463	0.1	-0.1	3.16154
13039135	464	0.1	-0.1	-3.65342
13039135	465	0.1	-0.1	-3.24727
13039135	466	0.1	-0.1	-4.83736
13039135	467	0.1	-0.1	-0.272252
13039135	468	0.1	-0.1	5.91591
13039135	469	0.1	-0.1	-1.63862
13039135	470	0.1	-0.1	0.282796
13039135	471	0.1	-0.1	-3.25333
13039135	472	0.1	-0.1	5.61484
13039135	473	0.1	-0.1	5.35381
13039135	474	0.1	-0.1	5.28727
13039135	475	0.1	-0.1	0.8274
13039135	476	0.1	-0.1	4.47443
13039135	477	0.1	-0.1	0.100159
13039135	478	0.1	-0.1	0.555502
13039135	479	0.1	-0.1	-5.99989
13039135	480	0.1	-0.1	1.27227
13039135	481	0.1	-0.1	3.67807
13039135	482	0.1	-0.1	0.40541
13039135	483	0.1	-0.1	-4.1882
13039135	484	0.1	-0.1	1.14677
13039135	485	0.1	-0.1	3.16012
13039135	486	0.1	-0.1	2.76662
13039135	487	0.1	-0.1	-2.23344
13039135	488	0.1	-0.1	-3.21758
13039135	489	0.1	-0.1	0.377115
13039135	490	0.1	-0.1	-5.29259
13039135	491	0.1	-0.1	-4.17052
13039135	492	0.1	-0.1	-1.34203
13039135	493	0.1	-0.1	5.48035
13039135	494	0.1	-0.1	-4.06045
13039135	495	0.1	-0.1	3.46934
13039135	496	0.1	-0.1	-3.01612
13039135	497	0.1	-0.1	1.51463
13039135	498	0.1	-0.1	-1.78823
13039135	499	0.1	-0.1	4.00274
13039135	500	0.1	-0.1	-4.68989
13039135	501	0.1	-0.1	0.680512
13039135	502	0.1	-0.1	-4.27409
13039135	503	0.1	-0.1	-1.68815
13039135	504	0.1	-0.1	-4.35997
13039135	505	0.1	-0.1	2.52749
13039135	506	0.1	-0.1	-4.5941
13039135	507	0.1	-0.1	-4.36516
13039135	508	0.1	-0.1	-4.29758
13039135	509	0.1	-0.1	0.282549
13039135	510	0.1	-0.1	4.92725
13039135	511	0.1	-0.1	0.9196
13039135	512	0.1	-0.1	1.46055
13039135	513	0.1	-0.1	-3.84278
13039135	514	0.1	-0.1	4.39144
13039135	515	0.1	-0.1	-0.641873
13039135	516	0.1	-0.1	-2.59545
13039135	517	0.1	-0.1	2.12771
13039135	518	0.1	-0.1	-1.76697
13039135	519	0.1	-0.1	-0.82311
13039135	520	0.1	-0.1	-0.939419
13039135	521	0.1	-0.1	5.78005
13039135	522	0.1	-0.1	0.102137
13039135	523	0.1	-0.1	-1.47162
13039135	524	0.1	-0.1	1.77278
13039135	525	0.1	-0.1	0.743292
13039135	526	0.1	-0.1	1.66499
13039135	527	0.1	-0.1	-0.0181933
13039135	528	0.1	-0.1	-1.96499
13039135	529	0.1	-0.1	-2.50065
13039135	530	0.1	-0.1	-5.67208
13039135	531	0.1	-0.1	-4.60268
13039135	532	0.1	-0.1	-1.35072
13039135	533	0.1	-0.1	5.65507
13039135	534	0.1	-0.1	-4.88198
13039135	535	0.1	-0.1	5.10517
13039135	536	0.1	-0.1	-2.75186
13039135	537	0.1	-0.1	-0.86358
13039135	538	0.1	-0.1	0.852958
13039135	539	0.1	-0.1	5.57302
13039135	540	0.1	-0.1	5.59178
13039135	541	0.1	-0.1	-2.43502
13039135	542	0.1	-0.1	0.399367
13039135	543	0.1	-0.1	0.769478
13039135	544	0.1	-0.1	4.60964
13039135	545	0.1	-0.1	5.84584
13039135	546	0.1	-0.1	-1.16175
13039135	547	0.1	-0.1	4.72296
13039135	548	0.1	-0.1	0.331906
13039135	549	0.1	-0.1	-0.282999
13039135	550	0.1	-0.1	5.9103
13039135	551	0.1	-0.1	-0.680034
13039135	552	0.1	-0.1	-3.08743
13039135	553	0.1	-0.1	-3.79088
13039135	554	0.1	-0.1	-5.45585
13039135	555	0.1	-0.1	-5.75679
13039135	556	0.1	-0.1	3.98406
13039135	557	0.1	-0.1	-5.77088
13039135	558	0.1	-0.1	1.82069
13039135	559	0.1	-0.1	-3.10575
13039135	560	0.1	-0.1	-2.00649
13039135	561	0.1	-0.1	-1.72314
13039135	562	0.1	-0.1	1.05811
13039135	563	0.1	-0.1	2.4987
13039135	564	0.1	-0.1	-4.84802
13039135	565	0.1	-0.1	5.87644
13039135	566	0.1	-0.1	4.27294
13039135	567	0.1	-0.1	-5.55329
13039135	568	0.1	-0.1	-5.85432
13039135	569	0.1	-0.1	2.27994
13039135	570	0.1	-0.1	4.2027
13039135	571	0.1	-0.1	1.72871
13039135	572	0.1	-0.1	3.99558
13039135	573	0.1	-0.1	5.55613
13039135	574	0.1	-0.1	5.92057
13039135	575	0.1	-0.1	-3.89123
13039135	576	0.1	-0.1	-1.0027
13039135	577	0.1	-0.1	5.67901
13039135	578	0.1	-0.1	5.33436
13039135	579	0.1	-0.1	-5.0695
13039135	580	0.1	-0.1	-4.17055
13039135	581	0.1	-0.1	-4.67085
13039135	582	0.1	-0.1	3.06563
13039135	583	0.1	-0.1	5.97753
13039135	584	0.1	-0.1	-5.96216
13039135	585	0.1	-0.1	-1.41644
13039135	586	0.1	-0.1	3.31716
13039135	587	0.1	-0.1	-1.35781
13039135	588	0.1	-0.1	5.13835
13039135	589	0.1	-0.1	-1.8869
13039135	590	0.1	-0.1	-3.5777
13039135	591	0.1	-0.1	2.75419
13039135	592	0.1	-0.1	-2.13148
13039135	593	0.1	-0.1	4.14804
13039135	594	0.1	-0.1	-0.1105
13039135	595	0.1	-0.1	4.5343
13039135	596	0.1	-0.1	-3.10875
13039135	597	0.1	-0.1	1.07772
13039135	598	0.1	-0.1	-0.975767
13039135	599	0.1	-0.1	-0.25442
13039135	600	0.1	-0.1	-1.49179
13039135	601	0.1	-0.1	1.6631
13039135	602	0.1	-0.1	-4.72059
13039135	603	0.1	-0.1	4.90249
13039135	604	0.1	-0.1	1.51282
13039135	605	0.1	-0.1	-4.53294
13039135	606	0.1	-0.1	2.20635
13039135	607	0.1	-0.1	0.618298
13039135	608	0.1	-0.1	0.254388
13039135	609	0.1	-0.1	3.36873
13039135	610	0.1	-0.1	-3.92894
13039135	611	0.1	-0.1	3.48935
13039135	612	0.1	-0.1	-5.37417
13039135	613	0.1	-0.1	4.51207
13039135	614	0.1	-0.1	-2.95848
13039135	615	0.1	-0.1	2.32593
13039135	616	0.1	-0.1	4.41377
13039135	617	0.1	-0.1	-0.382988
13039135	618	0.1	-0.1	-3.8527
13039135	619	0.1	-0.1	-5.07198
13039135	620	0.1	-0.1	-1.91018
13039135	621	0.1	-0.1	5.17328
13039135	622	0.1	-0.1	1.89758
13039135	623	0.1	-0.1	-4.05939
13039135	624	0.1	-0.1	3.53821
13039135	625	0.1	-0.1	-1.88893
13039135	626	0.1	-0.1	-4.59259
13039135	627	0.1	-0.1	-4.62889
13039135	628	0.1	-0.1	1.10498
13039135	629	0.1	-0.1	1.97117
13039135	630	0.1	-0.1	-2.29098
13039135	631	0.1	-0.1	3.56225
13039135	632	0.1	-0.1	-3.99071
13039135	633	0.1	-0.1	2.91257
13039135	634	0.1	-0.1	-4.84889
13039135	635	0.1	-0.1	-0.372051
13039135	636	0.1	-0.1	3.40359
13039135	637	0.1	-0.1	5.35423
13039135	638	0.1	-0.1	-1.02835
13039135	639	0.1	-0.1	-4.47494
13039135	640	0.1	-0.1	3.36885
13039135	641	0.1	-0.1	-3.06655
13039135	642	0.1	-0.1	5.23539
13039135	643	0.1	-0.1	5.92273
13039135	644	0.1	-0.1	-1.95
13039135	645	0.1	-0.1	4.34107
13039135	646	0.1	-0.1	-3.74278
13039135	647	0.1	-0.1	0.687918
13039135	648	0.1	-0.1	-3.19662
13039135	649	0.1	-0.1	1.0014
13039135	650	0.1	-0.1	-1.40847
13039135	651	0.1	-0.1	-2.93827
13039135	652	0.1	-0.1	-0.319293
13039135	653	0.1	-0.1	5.47005
13039135	654	0.1	-0.1	-4.18179
13039135	655	0.1	-0.1	3.97246
13039135	656	0.1	-0.1	1.72976
13039135	657	0.1	-0.1	-3.08541
13039135	658	0.1	-0.1	4.44576
13039135	659	0.1	-0.1	-3.93538
13039135	660	0.1	-0.1	0.343704
13039135	661	0.1	-0.1	0.279321
13039135	662	0.1	-0.1	-1.43031
13039135	663	0.1	-0.1	-1.42853
13039135	664	0.1	-0.1	-4.29344
13039135	665	0.1	-0.1	-3.06845
13039135	666	0.1	-0.1	1.23412
13039135	667	0.1	-0.1	5.68858
13039135	668	0.1	-0.1	-4.3711
13039135	669	0.1	-0.1	0.807777
13039135	670	0.1	-0.1	0.578927
13039135	671	0.1	-0.1	-0.276975
13039135	672	0.1	-0.1	0.7116
13039135	673	0.1	-0.1	2.70187
13039135	674	0.1	-0.1	1.23259
13039135	675	0.1	-0.1	-1.38969
13039135	676	0.1	-0.1	3.0204
13039135	677	0.1	-0.1	0.762204
13039135	678	0.1	-0.1	-5.6782
13039135	679	0.1	-0.1	-0.614498
13039135	680	0.1	-0.1	5.26941
13039135	681	0.1	-0.1	-3.82579
13039135	682	0.1	-0.1	4.8129
13039135	683	0.1	-0.1	4.72478
13039135	684	0.1	-0.1	3.31828
13039135	685	0.1	-0.1	4.41187
13039135	686	0.1	-0.1	-1.07289
13039135	687	0.1	-0.1	-5.5984
13039135	688	0.1	-0.1	5.06765
13039135	689	0.1	-0.1	3.0888
13039135	690	0.1	-0.1	5.25173
13039135	691	0.1	-0.1	-2.12707
13039135	692	0.1	-0.1	2.19608
13039135	693	0.1	-0.1	3.94157
13039135	694	0.1	-0.1	4.81105
13039135	695	0.1	-0.1	5.48314
13039135	696	0.1	-0.1	2.17007
13039135	697	0.1	-0.1	3.32963
13039135	698	0.1	-0.1	-0.306827
13039135	699	0.1	-0.1	-1.19176
13039135	700	0.1	-0.1	-0.11549
13039135	701	0.1	-0.1	-0.742649
13039135	702	0.1	-0.1	-5.80112
13039135	703	0.1	-0.1	0.593356
13039135	704	0.1	-0.1	-0.744092
13039135	705	0.1	-0.1	2.28845
13039135	706	0.1	-0.1	-3.67162
13039135	707	0.1	-0.1	5.2345
13039135	708	0.1	-0.1	1.38488
13039135	709	0.1	-0.1	3.96361
13039135	710	0.1	-0.1	4.43509
13039135	711	0.1	-0.1	-5.78078
13039135	712	0.1	-0.1	-0.917959
13039135	713	0.1	-0.1	1.44577
13039135	714	0.1	-0.1	-3.89152
13039135	715	0.1	-0.1	-1.29087
13039135	716	0.1	-0.1	5.03631
13039135	717	0.1	-0.1	3.74352
13039135	718	0.1	-0.1	-0.314872
13039135	719	0.1	-0.1	0.90637
13039135	720	0.1	-0.1	-2.3102
13039135	721	0.1	-0.1	-5.96836
13039135	722	0.1	-0.1	4.42555
13039135	723	0.1	-0.1	2.07004
13039135	724	0.1	-0.1	1.82546
13039135	725	0.1	-0.1	-1.76147
13039135	726	0.1	-0.1	-2.37238
13039135	727	0.1	-0.1	0.590082
13039135	728	0.1	-0.1	-4.34873
13039135	729	0.1	-0.1	0.368677
13039135	730	0.1	-0.1	-0.948148
13039135	731	0.1	-0.1	-3.44166
13039135	732	0.1	-0.1	-4.81605
13039135	733	0.1	-0.1	-4.28461
13039135	734	0.1	-0.1	0.0796978
13039135	735	0.1	-0.1	4.73412
13039135	736	0.1	-0.1	1.86679
13039135	737	0.1	-0.1	2.02323
13039135	738	0.1	-0.1	0.970226
13039135	739	0.1	-0.1	-5.73959
13039135	740	0.1	-0.1	-5.14326
13039135	741	0.1	-0.1	-5.43519
13039135	742	0.1	-0.1	-0.123887
13039135	743	0.1	-0.1	2.93545
13039135	744	0.1	-0.1	-4.38891
13039135	745	0.1	-0.1	3.82533
13039135	746	0.1	-0.1	3.04585
13039135	747	0.1	-0.1	2.45281
13039135	748	0.1	-0.1	5.34095
13039135	749	0.1	-0.1	4.75253
13039135	750	0.1	-0.1	1.34513
13039135	751	0.1	-0.1	1.64724
13039135	752	0.1	-0.1	0.0318835
13039135	753	0.1	-0.1	-3.9899
13039135	754	0.1	-0.1	1.54971
13039135	755	0.1	-0.1	3.5278
13039135	756	0.1	-0.1	0.801108
13039135	757	0.1	-0.1	4.82869
13039135	758	0.1	-0.1	-0.242689
13039135	759	0.1	-0.1	-2.1702
13039135	760	0.1	-0.1	-0.158009
13039135	761	0.1	-0.1	-4.81043
13039135	762	0.1	-0.1	-2.17698
13039135	763	0.1	-0.1	0.231428
13039135	764	0.1	-0.1	5.01392
13039135	765	0.1	-0.1	5.26945
13039135	766	0.1	-0.1	5.43118
13039135	767	0.1	-0.1	2.75976
13039135	768	0.1	-0.1	-2.59867
13039135	769	0.1	-0.1	0.354484
13039135	770	0.1	-0.1	-2.00406
13039135	771	0.1	-0.1	4.08488
13039135	772	0.1	-0.1	4.32008
13039135	773	0.1	-0.1	-4.14367
13039135	774	0.1	-0.1	2.14727
13039135	775	0.1	-0.1	-1.82132
13039135	776	0.1	-0.1	1.92327
13039135	777	0.1	-0.1	0.999917
13039135	778	0.1	-0.1	2.16633
13039135	779	0.1	-0.1	-4.81203
13039135	780	0.1	-0.1	-2.73164
13039135	781	0.1	-0.1	2.86286
13039135	782	0.1	-0.1	-3.77722
13039135	783	0.1	-0.1	1.21567
13039135	784	0.1	-0.1	-5.10865
13039135	785	0.1	-0.1	-5.2037
13039135	786	0.1	-0.1	-2.35617
13039135	787	0.1	-0.1	-3.71694
13039135	788	0.1	-0.1	-5.21163
13039135	789	0.1	-0.1	3.42144
13039135	790	0.1	-0.1	-0.751579
13039135	791	0.1	-0.1	-1.43206
13039135	792	0.1	-0.1	4.3749
13039135	793	0.1	-0.1	5.73403
13039135	794	0.1	-0.1	3.83664
13039135	795	0.1	-0.1	-3.14813
13039135	796	0.1	-0.1	-1.80274
13039135	797	0.1	-0.1	-3.10014
13039135	798	0.1	-0.1	1.30256
13039135	799	0.1	-0.1	-5.82527
13039135	800	0.1	-0.1	2.19794
13039135	801	0.1	-0.1	1.93637
13039135	802	0.1	-0.1	-1.4119
13039135	803	0.1	-0.1	1.032
13039135	804	0.1	-0.1	-2.12206
13039135	805	0.1	-0.1	2.83483
13039135	806	0.1	-0.1	-3.48835
13039135	807	0.1	-0.1	-5.70759
13039135	808	0.1	-0.1	4.28976
13039135	809	0.1	-0.1	-3.26598
13039135	810	0.1	-0.1	-3.6387
13039135	811	0.1	-0.1	-3.62499
13039135	812	0.1	-0.1	2.28756
13039135	813	0.1	-0.1	4.82505
13039135	814	0.1	-0.1	-3.16656
13039135	815	0.1	-0.1	3.01795
13039135	816	0.1	-0.1	3.9489
13039135	817	0.1	-0.1	5.45542
13039135	818	0.1	-0.1	5.33788
13039135	819	0.1	-0.1	-5.80534
13039135	820	0.1	-0.1	3.87065
13039135	821	0.1	-0.1	3.3979
13039135	822	0.1	-0.1	-2.1257
13039135	823	0.1	-0.1	2.3512
13039135	824	0.1	-0.1	-3.99432
13039135	825	0.1	-0.1	-4.30678
13039135	826	0.1	-0.1	-1.14477
13039135	827	0.1	-0.1	5.30251
13039135	828	0.1	-0.1	-3.30071
13039135	829	0.1	-0.1	1.25916
13039135	830	0.1	-0.1	-1.6879
13039135	831	0.1	-0.1	2.82439
13039135	832	0.1	-0.1	-2.43153
13039135	833	0.1	-0.1	-3.64805
13039135	834	0.1	-0.1	5.57288
13039135	835	0.1	-0.1	0.548247
13039135	836	0.1	-0.1	-4.96619
13039135	837	0.1	-0.1	3.52299
13039135	838	0.1	-0.1	-4.39971
13039135	839	0.1	-0.1	-5.2003
13039135	840	0.1	-0.1	-5.09887
13039135	841	0.1	-0.1	-4.16552
13039135	842	0.1	-0.1	1.59925
13039135	843	0.1	-0.1	5.85747
13039135	844	0.1	-0.1	3.61545
13039135	845	0.1	-0.1	-3.08262
13039135	846	0.1	-0.1	2.23228
13039135	847	0.1	-0.1	2.85328
13039135	848	0.1	-0.1	1.57965
13039135	849	0.1	-0.1	3.68499
13039135	850	0.1	-0.1	2.67886
13039135	851	0.1	-0.1	-2.63616
13039135	852	0.1	-0.1	-5.13652
13039135	853	0.1	-0.1	-0.706321
13039135	854	0.1	-0.1	-5.24507
13039135	855	0.1	-0.1	-3.62809
13039135	856	0.1	-0.1	-0.441013
13039135	857	0.1	-0.1	-4.47403
13039135	858	0.1	-0.1	-5.67037
13039135	859	0.1	-0.1	-5.43364
13039135	860	0.1	-0.1	-4.15331
13039135	861	0.1	-0.1	-4.56052
13039135	862	0.1	-0.1	-0.737591
13039135	863	0.1	-0.1	-4.03337
13039135	864	0.1	-0.1	1.36054
13039135	865	0.1	-0.1	0.618142
13039135	866	0.1	-0.1	3.48552
13039135	867	0.1	-0.1	4.22227
13039135	868	0.1	-0.1	-4.1346
13039135	869	0.1	-0.1	4.3255
13039135	870	0.1	-0.1	-3.69471
13039135	871	0.1	-0.1	3.84742
13039135	872	0.1	-0.1	-3.43476
13039135	873	0.1	-0.1	-2.26701
13039135	874	0.1	-0.1	3.30786
13039135	875	0.1	-0.1	5.40286
13039135	876	0.1	-0.1	-0.518339
13039135	877	0.1	-0.1	4.67606
13039135	878	0.1	-0.1	4.54893
13039135	879	0.1	-0.1	2.1988
13039135	880	0.1	-0.1	-2.56202
13039135	881	0.1	-0.1	-5.33189
13039135	882	0.1	-0.1	-1.64046
13039135	883	0.1	-0.1	4.27491
13039135	884	0.1	-0.1	-0.811597
13039135	885	0.1	-0.1	3.8547
13039135	886	0.1	-0.1	-4.17969
13039135	887	0.1	-0.1	2.00659
13039135	888	0.1	-0.1	1.30435
13039135	889	0.1	-0.1	3.13311
13039135	890	0.1	-0.1	-1.24487
13039135	891	0.1	-0.1	-5.5064
13039135	892	0.1	-0.1	4.52486
13039135	893	0.1	-0.1	-5.99024
13039135	894	0.1	-0.1	5.45646
13039135	895	0.1	-0.1	-0.926327
13039135	896	0.1	-0.1	-2.11248
13039135	897	0.1	-0.1	-0.672803
13039135	898	0.1	-0.1	0.945989
13039135	899	0.1	-0.1	-5.46789
13039135	900	0.1	-0.1	0.652605
13039135	901	0.1	-0.1	-5.47067
13039135	902	0.1	-0.1	0.553749
13039135	903	0.1	-0.1	-5.63161
13039135	904	0.1	-0.1	-3.42306
13039135	905	0.1	-0.1	5.20352
13039135	906	0.1	-0.1	-3.98887
13039135	907	0.1	-0.1	3.70418
13039135	908	0.1	-0.1	-5.03078
13039135	909	0.1	-0.1	-4.5317
13039135	910	0.1	-0.1	-0.859443
13039135	911	0.1	-0.1	-0.622319
13039135	912	0.1	-0.1	-0.418149
13039135	913	0.1	-0.1	-4.1133
13039135	914	0.1	-0.1	-5.50682
13039135	915	0.1	-0.1	1.94575
13039135	916	0.1	-0.1	0.142825
13039135	917	0.1	-0.1	1.62219
13039135	918	0.1	-0.1	0.76633
13039135	919	0.1	-0.1	4.4955
13039135	920	0.1	-0.1	-3.45021
13039135	921	0.1	-0.1	-5.47949
13039135	922	0.1	-0.1	-3.99532
13039135	923	0.1	-0.1	-0.208525
13039135	924	0.1	-0.1	5.67513
13039135	925	0.1	-0.1	5.60472
13039135	926	0.1	-0.1	1.25975
13039135	927	0.1	-0.1	0.195276
13039135	928	0.1	-0.1	0.145731
13039135	929	0.1	-0.1	-3.45623
13039135	930	0.1	-0.1	-1.77347
13039135	931	0.1	-0.1	-5.31633
13039135	932	0.1	-0.1	1.44802
13039135	933	0.1	-0.1	3.11448
13039135	934	0.1	-0.1	5.85187
13039135	935	0.1	-0.1	-0.691794
13039135	936	0.1	-0.1	2.56962
13039135	937	0.1	-0.1	-3.20131
13039135	938	0.1	-0.1	4.84066
13039135	939	0.1	-0.1	3.33894
13039135	940	0.1	-0.1	4.42527
13039135	941	0.1	-0.1	-1.80718
13039135	942	0.1	-0.1	3.45854
13039135	943	0.1	-0.1	3.06516
13039135	944	0.1	-0.1	4.50674
13039135	945	0.1	-0.1	-3.02392
13039135	946	0.1	-0.1	-1.37013
13039135	947	0.1	-0.1	-4.28601
13039135	948	0.1	-0.1	-5.96834
13039135	949	0.1	-0.1	-3.10046
13039135	950	0.1	-0.1	-4.1395
13039135	951	0.1	-0.1	1.24042
13039135	952	0.1	-0.1	-5.19804
13039135	953	0.1	-0.1	4.97818
13039135	954	0.1	-0.1	5.68361
13039135	955	0.1	-0.1	3.71428
13039135	956	0.1	-0.1	-2.42579
13039135	957	0.1	-0.1	2.59302
13039135	958	0.1	-0.1	-1.97401
13039135	959	0.1	-0.1	4.37569
13039135	960	0.1	-0.1	4.39177
13039135	961	0.1	-0.1	-1.06536
13039135	962	0.1	-0.1	-5.49764
13039135	963	0.1	-0.1	5.96823
13039135	964	0.1	-0.1	-2.35105
13039135	965	0.1	-0.1	-0.187963
13039135	966	0.1	-0.1	-1.60547
13039135	967	0.1	-0.1	-1.66304
13039135	968	0.1	-0.1	-2.30135
13039135	969	0.1	-0.1	-3.48391
13039135	970	0.1	-0.1	-4.19345
13039135	971	0.1	-0.1	-5.8786
13039135	972	0.1	-0.1	-0.880172
13039135	973	0.1	-0.1	0.992521
13039135	974	0.1	-0.1	-5.13555
13039135	975	0.1	-0.1	-2.1771
13039135	976	0.1	-0.1	-3.89222
13039135	977	0.1	-0.1	1.72282
13039135	978	0.1	-0.1	-3.77319
13039135	979	0.1	-0.1	5.72756
13039135	980	0.1	-0.1	3.83161
13039135	981	0.1	-0.1	2.04861
13039135	982	0.1	-0.1	-0.690808
13039135	983	0.1	-0.1	-5.94777
13039135	984	0.1	-0.1	-4.80548
13039135	985	0.1	-0.1	-5.7031
13039135	986	0.1	-0.1	3.87145
13039135	987	0.1	-0.1	4.63556
13039135	988	0.1	-0.1	-2.63792
13039135	989	0.1	-0.1	-2.58904
13039135	990	0.1	-0.1	-2.11001
13039135	991	0.1	-0.1	2.60902
13039135	992	0.1	-0.1	-1.31788
13039135	993	0.1	-0.1	2.92831
13039135	994	0.1	-0.1	-1.93902
13039135	995	0.1	-0.1	-3.56967
13039135	996	0.1	-0.1	-2.35586
13039135	997	0.1	-0.1	-2.5191
13039135	998	0.1	-0.1	3.95726
13039135	999	0.1	-0.1	-1.84234
13039135	1000	0.1	-0.1	-1.9123
