13039132	1	0.1	-0.1	-0.79789
13039132	2	0.1	-0.1	0.695
13039132	3	0.1	-0.1	-4.28748
13039132	4	0.1	-0.1	-4.32036
13039132	5	0.1	-0.1	3.6119
13039132	6	0.1	-0.1	2.76032
13039132	7	0.1	-0.1	-2.93696
13039132	8	0.1	-0.1	-4.65224
13039132	9	0.1	-0.1	2.099
13039132	10	0.1	-0.1	5.92335
13039132	11	0.1	-0.1	-1.3481
13039132	12	0.1	-0.1	0.554664
13039132	13	0.1	-0.1	-4.47188
13039132	14	0.1	-0.1	4.49378
13039132	15	0.1	-0.1	-0.615039
13039132	16	0.1	-0.1	5.92866
13039132	17	0.1	-0.1	-1.88175
13039132	18	0.1	-0.1	-4.27561
13039132	19	0.1	-0.1	3.35292
13039132	20	0.1	-0.1	-1.92679
13039132	21	0.1	-0.1	-0.578132
13039132	22	0.1	-0.1	-5.30429
13039132	23	0.1	-0.1	3.88791
13039132	24	0.1	-0.1	1.4004
13039132	25	0.1	-0.1	3.24136
13039132	26	0.1	-0.1	5.83673
13039132	27	0.1	-0.1	-2.6876
13039132	28	0.1	-0.1	-2.77575
13039132	29	0.1	-0.1	1.03413
13039132	30	0.1	-0.1	-4.94152
13039132	31	0.1	-0.1	0.618245
13039132	32	0.1	-0.1	1.69726
13039132	33	0.1	-0.1	-1.56916
13039132	34	0.1	-0.1	-3.94577
13039132	35	0.1	-0.1	-2.21132
13039132	36	0.1	-0.1	0.368825
13039132	37	0.1	-0.1	-2.8956
13039132	38	0.1	-0.1	0.461802
13039132	39	0.1	-0.1	-2.68559
13039132	40	0.1	-0.1	1.18033
13039132	41	0.1	-0.1	4.21492
13039132	42	0.1	-0.1	4.60399
13039132	43	0.1	-0.1	1.40633
13039132	44	0.1	-0.1	4.27697
13039132	45	0.1	-0.1	4.17957
13039132	46	0.1	-0.1	-5.16941
13039132	47	0.1	-0.1	1.83398
13039132	48	0.1	-0.1	5.61866
13039132	49	0.1	-0.1	-5.30798
13039132	50	0.1	-0.1	-1.10134
13039132	51	0.1	-0.1	2.23057
13039132	52	0.1	-0.1	4.09667
13039132	53	0.1	-0.1	-0.0710227
13039132	54	0.1	-0.1	2.60638
13039132	55	0.1	-0.1	2.92219
13039132	56	0.1	-0.1	-1.56916
13039132	57	0.1	-0.1	-5.81052
13039132	58	0.1	-0.1	2.22162
13039132	59	0.1	-0.1	-2.17862
13039132	60	0.1	-0.1	-0.0741093
13039132	61	0.1	-0.1	5.5479
13039132	62	0.1	-0.1	3.86957
13039132	63	0.1	-0.1	3.33577
13039132	64	0.1	-0.1	5.03136
13039132	65	0.1	-0.1	5.72439
13039132	66	0.1	-0.1	4.4002
13039132	67	0.1	-0.1	4.21577
13039132	68	0.1	-0.1	-4.16203
13039132	69	0.1	-0.1	-1.32426
13039132	70	0.1	-0.1	5.03052
13039132	71	0.1	-0.1	4.35149
13039132	72	0.1	-0.1	-2.5347
13039132	73	0.1	-0.1	4.4127
13039132	74	0.1	-0.1	-2.31622
13039132	75	0.1	-0.1	-3.52959
13039132	76	0.1	-0.1	-5.29035
13039132	77	0.1	-0.1	-0.392764
13039132	78	0.1	-0.1	5.86289
13039132	79	0.1	-0.1	-3.0491
13039132	80	0.1	-0.1	-4.3652
13039132	81	0.1	-0.1	-5.94684
13039132	82	0.1	-0.1	-5.16658
13039132	83	0.1	-0.1	1.52452
13039132	84	0.1	-0.1	-4.57205
13039132	85	0.1	-0.1	3.50353
13039132	86	0.1	-0.1	5.20188
13039132	87	0.1	-0.1	-5.68693
13039132	88	0.1	-0.1	-0.94739
13039132	89	0.1	-0.1	-3.26599
13039132	90	0.1	-0.1	-0.637722
13039132	91	0.1	-0.1	-2.96768
13039132	92	0.1	-0.1	4.06784
13039132	93	0.1	-0.1	-1.25435
13039132	94	0.1	-0.1	2.41848
13039132	95	0.1	-0.1	-0.162213
13039132	96	0.1	-0.1	-5.02546
13039132	97	0.1	-0.1	-4.38658
13039132	98	0.1	-0.1	-5.62648
13039132	99	0.1	-0.1	-0.504057
13039132	100	0.1	-0.1	1.90091
13039132	101	0.1	-0.1	-0.146466
13039132	102	0.1	-0.1	1.51809
13039132	103	0.1	-0.1	-2.20499
13039132	104	0.1	-0.1	-2.63878
13039132	105	0.1	-0.1	1.46321
13039132	106	0.1	-0.1	5.56002
13039132	107	0.1	-0.1	3.08022
13039132	108	0.1	-0.1	3.30843
13039132	109	0.1	-0.1	-1.75644
13039132	110	0.1	-0.1	-1.95087
13039132	111	0.1	-0.1	-2.17702
13039132	112	0.1	-0.1	0.684469
13039132	113	0.1	-0.1	3.54322
13039132	114	0.1	-0.1	4.36503
13039132	115	0.1	-0.1	2.73123
13039132	116	0.1	-0.1	3.33084
13039132	117	0.1	-0.1	3.75872
13039132	118	0.1	-0.1	0.457491
13039132	119	0.1	-0.1	-0.998119
13039132	120	0.1	-0.1	-2.51694
13039132	121	0.1	-0.1	2.72784
13039132	122	0.1	-0.1	-3.84371
13039132	123	0.1	-0.1	-0.196401
13039132	124	0.1	-0.1	-5.76097
13039132	125	0.1	-0.1	-0.249038
13039132	126	0.1	-0.1	2.67799
13039132	127	0.1	-0.1	-3.23386
13039132	128	0.1	-0.1	-1.38674
13039132	129	0.1	-0.1	-0.367412
13039132	130	0.1	-0.1	3.77738
13039132	131	0.1	-0.1	5.06041
13039132	132	0.1	-0.1	3.23387
13039132	133	0.1	-0.1	-1.45114
13039132	134	0.1	-0.1	3.19943
13039132	135	0.1	-0.1	-4.515
13039132	136	0.1	-0.1	0.964303
13039132	137	0.1	-0.1	-2.79734
13039132	138	0.1	-0.1	1.68478
13039132	139	0.1	-0.1	-0.0322417
13039132	140	0.1	-0.1	5.4883
13039132	141	0.1	-0.1	3.57061
13039132	142	0.1	-0.1	1.3401
13039132	143	0.1	-0.1	0.619237
13039132	144	0.1	-0.1	0.121788
13039132	145	0.1	-0.1	2.88386
13039132	146	0.1	-0.1	-1.74821
13039132	147	0.1	-0.1	-0.27143
13039132	148	0.1	-0.1	-5.26738
13039132	149	0.1	-0.1	-3.54295
13039132	150	0.1	-0.1	-5.8702
13039132	151	0.1	-0.1	1.30642
13039132	152	0.1	-0.1	5.06956
13039132	153	0.1	-0.1	4.60374
13039132	154	0.1	-0.1	-3.64039
13039132	155	0.1	-0.1	4.67847
13039132	156	0.1	-0.1	-1.04968
13039132	157	0.1	-0.1	3.68089
13039132	158	0.1	-0.1	-1.61529
13039132	159	0.1	-0.1	-5.43877
13039132	160	0.1	-0.1	-1.87435
13039132	161	0.1	-0.1	1.27614
13039132	162	0.1	-0.1	5.30311
13039132	163	0.1	-0.1	-3.35856
13039132	164	0.1	-0.1	2.86047
13039132	165	0.1	-0.1	-4.30623
13039132	166	0.1	-0.1	-2.52311
13039132	167	0.1	-0.1	-3.84206
13039132	168	0.1	-0.1	-4.77632
13039132	169	0.1	-0.1	4.93386
13039132	170	0.1	-0.1	-0.0185777
13039132	171	0.1	-0.1	-4.54509
13039132	172	0.1	-0.1	-4.47904
13039132	173	0.1	-0.1	-3.82824
13039132	174	0.1	-0.1	0.399135
13039132	175	0.1	-0.1	-4.50883
13039132	176	0.1	-0.1	1.45189
13039132	177	0.1	-0.1	2.97157
13039132	178	0.1	-0.1	-3.04089
13039132	179	0.1	-0.1	3.55685
13039132	180	0.1	-0.1	-1.4336
13039132	181	0.1	-0.1	-0.906438
13039132	182	0.1	-0.1	-5.86607
13039132	183	0.1	-0.1	-0.857391
13039132	184	0.1	-0.1	-2.06238
13039132	185	0.1	-0.1	5.55714
13039132	186	0.1	-0.1	4.44989
13039132	187	0.1	-0.1	3.80384
13039132	188	0.1	-0.1	-5.36873
13039132	189	0.1	-0.1	4.61416
13039132	190	0.1	-0.1	4.15809
13039132	191	0.1	-0.1	-2.39885
13039132	192	0.1	-0.1	0.380578
13039132	193	0.1	-0.1	5.73478
13039132	194	0.1	-0.1	1.99319
13039132	195	0.1	-0.1	3.03532
13039132	196	0.1	-0.1	-1.42188
13039132	197	0.1	-0.1	-0.598869
13039132	198	0.1	-0.1	-4.70957
13039132	199	0.1	-0.1	5.2633
13039132	200	0.1	-0.1	0.722909
13039132	201	0.1	-0.1	-1.73366
13039132	202	0.1	-0.1	5.55937
13039132	203	0.1	-0.1	-4.7549
13039132	204	0.1	-0.1	-4.94719
13039132	205	0.1	-0.1	-2.66036
13039132	206	0.1	-0.1	3.6154
13039132	207	0.1	-0.1	4.72578
13039132	208	0.1	-0.1	0.210793
13039132	209	0.1	-0.1	0.419465
13039132	210	0.1	-0.1	3.12431
13039132	211	0.1	-0.1	2.84443
13039132	212	0.1	-0.1	-0.152563
13039132	213	0.1	-0.1	3.65537
13039132	214	0.1	-0.1	-3.40429
13039132	215	0.1	-0.1	-5.00003
13039132	216	0.1	-0.1	-3.61355
13039132	217	0.1	-0.1	4.24648
13039132	218	0.1	-0.1	2.38548
13039132	219	0.1	-0.1	2.6955
13039132	220	0.1	-0.1	2.48366
13039132	221	0.1	-0.1	3.7533
13039132	222	0.1	-0.1	-1.26342
13039132	223	0.1	-0.1	0.976685
13039132	224	0.1	-0.1	5.32203
13039132	225	0.1	-0.1	4.76515
13039132	226	0.1	-0.1	-4.03502
13039132	227	0.1	-0.1	-4.00313
13039132	228	0.1	-0.1	-3.17843
13039132	229	0.1	-0.1	-5.13688
13039132	230	0.1	-0.1	3.32286
13039132	231	0.1	-0.1	-4.66689
13039132	232	0.1	-0.1	3.26676
13039132	233	0.1	-0.1	-4.4006
13039132	234	0.1	-0.1	2.69093
13039132	235	0.1	-0.1	4.49166
13039132	236	0.1	-0.1	0.628097
13039132	237	0.1	-0.1	1.24903
13039132	238	0.1	-0.1	0.625738
13039132	239	0.1	-0.1	-5.18512
13039132	240	0.1	-0.1	0.0275913
13039132	241	0.1	-0.1	3.54009
13039132	242	0.1	-0.1	3.79509
13039132	243	0.1	-0.1	-0.978243
13039132	244	0.1	-0.1	-4.26673
13039132	245	0.1	-0.1	-0.556683
13039132	246	0.1	-0.1	-2.62129
13039132	247	0.1	-0.1	0.777768
13039132	248	0.1	-0.1	0.342032
13039132	249	0.1	-0.1	0.591618
13039132	250	0.1	-0.1	-4.98029
13039132	251	0.1	-0.1	1.56695
13039132	252	0.1	-0.1	5.55168
13039132	253	0.1	-0.1	1.46093
13039132	254	0.1	-0.1	1.15487
13039132	255	0.1	-0.1	5.40351
13039132	256	0.1	-0.1	-1.54357
13039132	257	0.1	-0.1	0.18415
13039132	258	0.1	-0.1	1.51869
13039132	259	0.1	-0.1	2.10759
13039132	260	0.1	-0.1	0.482964
13039132	261	0.1	-0.1	0.623167
13039132	262	0.1	-0.1	-2.00319
13039132	263	0.1	-0.1	-4.35238
13039132	264	0.1	-0.1	0.726991
13039132	265	0.1	-0.1	4.84458
13039132	266	0.1	-0.1	-0.228148
13039132	267	0.1	-0.1	0.0260585
13039132	268	0.1	-0.1	0.763542
13039132	269	0.1	-0.1	-2.18069
13039132	270	0.1	-0.1	-0.202831
13039132	271	0.1	-0.1	4.31691
13039132	272	0.1	-0.1	3.92607
13039132	273	0.1	-0.1	-3.74129
13039132	274	0.1	-0.1	-2.77044
13039132	275	0.1	-0.1	1.90958
13039132	276	0.1	-0.1	-1.51552
13039132	277	0.1	-0.1	-5.58581
13039132	278	0.1	-0.1	-3.72689
13039132	279	0.1	-0.1	-0.707407
13039132	280	0.1	-0.1	-1.17711
13039132	281	0.1	-0.1	-5.58075
13039132	282	0.1	-0.1	5.3872
13039132	283	0.1	-0.1	-2.2147
13039132	284	0.1	-0.1	5.38304
13039132	285	0.1	-0.1	3.33265
13039132	286	0.1	-0.1	2.86792
13039132	287	0.1	-0.1	3.23607
13039132	288	0.1	-0.1	-3.54075
13039132	289	0.1	-0.1	2.31127
13039132	290	0.1	-0.1	2.94333
13039132	291	0.1	-0.1	5.04168
13039132	292	0.1	-0.1	2.20329
13039132	293	0.1	-0.1	4.33384
13039132	294	0.1	-0.1	-5.41367
13039132	295	0.1	-0.1	1.08037
13039132	296	0.1	-0.1	0.866754
13039132	297	0.1	-0.1	1.56372
13039132	298	0.1	-0.1	-1.89273
13039132	299	0.1	-0.1	-5.65078
13039132	300	0.1	-0.1	2.38619
13039132	301	0.1	-0.1	-5.81955
13039132	302	0.1	-0.1	5.9742
13039132	303	0.1	-0.1	5.93353
13039132	304	0.1	-0.1	4.24559
13039132	305	0.1	-0.1	-4.32455
13039132	306	0.1	-0.1	3.6163
13039132	307	0.1	-0.1	-2.51733
13039132	308	0.1	-0.1	-5.82008
13039132	309	0.1	-0.1	1.41184
13039132	310	0.1	-0.1	3.21049
13039132	311	0.1	-0.1	1.23613
13039132	312	0.1	-0.1	0.94369
13039132	313	0.1	-0.1	-1.7099
13039132	314	0.1	-0.1	-4.45318
13039132	315	0.1	-0.1	1.48753
13039132	316	0.1	-0.1	0.785442
13039132	317	0.1	-0.1	5.74165
13039132	318	0.1	-0.1	-0.00619456
13039132	319	0.1	-0.1	-3.15949
13039132	320	0.1	-0.1	-0.581254
13039132	321	0.1	-0.1	0.0896909
13039132	322	0.1	-0.1	4.27252
13039132	323	0.1	-0.1	0.708837
13039132	324	0.1	-0.1	4.97218
13039132	325	0.1	-0.1	-4.96925
13039132	326	0.1	-0.1	-2.86305
13039132	327	0.1	-0.1	-4.31167
13039132	328	0.1	-0.1	5.5415
13039132	329	0.1	-0.1	-4.11432
13039132	330	0.1	-0.1	5.56712
13039132	331	0.1	-0.1	-5.34116
13039132	332	0.1	-0.1	0.703829
13039132	333	0.1	-0.1	-1.96987
13039132	334	0.1	-0.1	2.78022
13039132	335	0.1	-0.1	-2.44619
13039132	336	0.1	-0.1	-3.5349
13039132	337	0.1	-0.1	-3.23796
13039132	338	0.1	-0.1	-1.87475
13039132	339	0.1	-0.1	5.6861
13039132	340	0.1	-0.1	-5.50883
13039132	341	0.1	-0.1	-0.0892675
13039132	342	0.1	-0.1	2.05658
13039132	343	0.1	-0.1	4.59027
13039132	344	0.1	-0.1	3.12347
13039132	345	0.1	-0.1	-1.20562
13039132	346	0.1	-0.1	-3.18359
13039132	347	0.1	-0.1	-2.43256
13039132	348	0.1	-0.1	-2.86018
13039132	349	0.1	-0.1	2.17026
13039132	350	0.1	-0.1	4.15777
13039132	351	0.1	-0.1	2.51715
13039132	352	0.1	-0.1	3.0555
13039132	353	0.1	-0.1	-1.92823
13039132	354	0.1	-0.1	-2.9979
13039132	355	0.1	-0.1	4.51094
13039132	356	0.1	-0.1	2.54128
13039132	357	0.1	-0.1	4.03877
13039132	358	0.1	-0.1	2.5733
13039132	359	0.1	-0.1	-4.6504
13039132	360	0.1	-0.1	-0.969742
13039132	361	0.1	-0.1	-5.04129
13039132	362	0.1	-0.1	1.21364
13039132	363	0.1	-0.1	5.63465
13039132	364	0.1	-0.1	5.78873
13039132	365	0.1	-0.1	-1.6564
13039132	366	0.1	-0.1	-3.71088
13039132	367	0.1	-0.1	3.91742
13039132	368	0.1	-0.1	-4.05049
13039132	369	0.1	-0.1	3.35447
13039132	370	0.1	-0.1	2.93881
13039132	371	0.1	-0.1	-3.52949
13039132	372	0.1	-0.1	5.13471
13039132	373	0.1	-0.1	-5.91026
13039132	374	0.1	-0.1	-0.757132
13039132	375	0.1	-0.1	4.93908
13039132	376	0.1	-0.1	-2.81599
13039132	377	0.1	-0.1	2.38707
13039132	378	0.1	-0.1	-0.0568883
13039132	379	0.1	-0.1	-3.03663
13039132	380	0.1	-0.1	-2.69044
13039132	381	0.1	-0.1	-5.7343
13039132	382	0.1	-0.1	4.62459
13039132	383	0.1	-0.1	3.47116
13039132	384	0.1	-0.1	4.44338
13039132	385	0.1	-0.1	4.83124
13039132	386	0.1	-0.1	-5.04109
13039132	387	0.1	-0.1	-5.09086
13039132	388	0.1	-0.1	0.134816
13039132	389	0.1	-0.1	5.3787
13039132	390	0.1	-0.1	4.44384
13039132	391	0.1	-0.1	4.45994
13039132	392	0.1	-0.1	3.71004
13039132	393	0.1	-0.1	-5.84867
13039132	394	0.1	-0.1	5.28001
13039132	395	0.1	-0.1	0.248132
13039132	396	0.1	-0.1	5.6643
13039132	397	0.1	-0.1	4.3631
13039132	398	0.1	-0.1	5.42287
13039132	399	0.1	-0.1	-3.17639
13039132	400	0.1	-0.1	3.99526
13039132	401	0.1	-0.1	-3.36639
13039132	402	0.1	-0.1	4.19946
13039132	403	0.1	-0.1	-2.16496
13039132	404	0.1	-0.1	4.83874
13039132	405	0.1	-0.1	2.93991
13039132	406	0.1	-0.1	-1.33906
13039132	407	0.1	-0.1	-2.59597
13039132	408	0.1	-0.1	5.37323
13039132	409	0.1	-0.1	-3.22473
13039132	410	0.1	-0.1	4.54431
13039132	411	0.1	-0.1	-5.0352
13039132	412	0.1	-0.1	1.03096
13039132	413	0.1	-0.1	-5.78749
13039132	414	0.1	-0.1	2.37164
13039132	415	0.1	-0.1	4.00121
13039132	416	0.1	-0.1	2.19925
13039132	417	0.1	-0.1	1.15174
13039132	418	0.1	-0.1	1.78981
13039132	419	0.1	-0.1	-3.80996
13039132	420	0.1	-0.1	5.90497
13039132	421	0.1	-0.1	-0.873399
13039132	422	0.1	-0.1	2.31785
13039132	423	0.1	-0.1	-1.9052
13039132	424	0.1	-0.1	-2.26738
13039132	425	0.1	-0.1	-5.00573
13039132	426	0.1	-0.1	5.80943
13039132	427	0.1	-0.1	4.31428
13039132	428	0.1	-0.1	5.79376
13039132	429	0.1	-0.1	-4.8335
13039132	430	0.1	-0.1	-0.353856
13039132	431	0.1	-0.1	-4.68418
13039132	432	0.1	-0.1	-0.673736
13039132	433	0.1	-0.1	-2.53687
13039132	434	0.1	-0.1	-1.08046
13039132	435	0.1	-0.1	4.52278
13039132	436	0.1	-0.1	-0.273753
13039132	437	0.1	-0.1	-3.74661
13039132	438	0.1	-0.1	4.19374
13039132	439	0.1	-0.1	-1.67293
13039132	440	0.1	-0.1	3.5114
13039132	441	0.1	-0.1	2.91162
13039132	442	0.1	-0.1	2.16456
13039132	443	0.1	-0.1	-0.803702
13039132	444	0.1	-0.1	4.21238
13039132	445	0.1	-0.1	4.23803
13039132	446	0.1	-0.1	-4.35831
13039132	447	0.1	-0.1	-5.43349
13039132	448	0.1	-0.1	-1.97217
13039132	449	0.1	-0.1	0.238285
13039132	450	0.1	-0.1	5.48024
13039132	451	0.1	-0.1	5.17505
13039132	452	0.1	-0.1	-4.66489
13039132	453	0.1	-0.1	3.50885
13039132	454	0.1	-0.1	-4.25694
13039132	455	0.1	-0.1	-3.1862
13039132	456	0.1	-0.1	-4.21821
13039132	457	0.1	-0.1	-5.52573
13039132	458	0.1	-0.1	-1.7961
13039132	459	0.1	-0.1	-3.16034
13039132	460	0.1	-0.1	0.664977
13039132	461	0.1	-0.1	0.821024
13039132	462	0.1	-0.1	1.06792
13039132	463	0.1	-0.1	-0.730933
13039132	464	0.1	-0.1	0.945835
13039132	465	0.1	-0.1	1.37423
13039132	466	0.1	-0.1	-5.75675
13039132	467	0.1	-0.1	-4.54382
13039132	468	0.1	-0.1	1.65339
13039132	469	0.1	-0.1	-1.73992
13039132	470	0.1	-0.1	4.3059
13039132	471	0.1	-0.1	1.19307
13039132	472	0.1	-0.1	5.02837
13039132	473	0.1	-0.1	-5.83592
13039132	474	0.1	-0.1	-4.23197
13039132	475	0.1	-0.1	1.29223
13039132	476	0.1	-0.1	3.3076
13039132	477	0.1	-0.1	-5.75695
13039132	478	0.1	-0.1	1.08828
13039132	479	0.1	-0.1	4.85314
13039132	480	0.1	-0.1	-4.68055
13039132	481	0.1	-0.1	1.87512
13039132	482	0.1	-0.1	-1.54959
13039132	483	0.1	-0.1	-3.1118
13039132	484	0.1	-0.1	-3.55501
13039132	485	0.1	-0.1	3.04013
13039132	486	0.1	-0.1	1.42183
13039132	487	0.1	-0.1	-4.76084
13039132	488	0.1	-0.1	2.87635
13039132	489	0.1	-0.1	1.64101
13039132	490	0.1	-0.1	-1.30782
13039132	491	0.1	-0.1	-2.87483
13039132	492	0.1	-0.1	4.90024
13039132	493	0.1	-0.1	3.35173
13039132	494	0.1	-0.1	-2.25647
13039132	495	0.1	-0.1	3.03433
13039132	496	0.1	-0.1	-1.75989
13039132	497	0.1	-0.1	-0.65673
13039132	498	0.1	-0.1	-0.827453
13039132	499	0.1	-0.1	1.96721
13039132	500	0.1	-0.1	-0.295137
13039132	501	0.1	-0.1	-0.16304
13039132	502	0.1	-0.1	1.74528
13039132	503	0.1	-0.1	5.54222
13039132	504	0.1	-0.1	2.51372
13039132	505	0.1	-0.1	3.10537
13039132	506	0.1	-0.1	-0.326463
13039132	507	0.1	-0.1	-4.78153
13039132	508	0.1	-0.1	-2.48191
13039132	509	0.1	-0.1	1.20903
13039132	510	0.1	-0.1	0.80924
13039132	511	0.1	-0.1	-4.10534
13039132	512	0.1	-0.1	1.59791
13039132	513	0.1	-0.1	-0.11946
13039132	514	0.1	-0.1	-2.35136
13039132	515	0.1	-0.1	-5.09059
13039132	516	0.1	-0.1	-1.19413
13039132	517	0.1	-0.1	-2.3849
13039132	518	0.1	-0.1	5.12275
13039132	519	0.1	-0.1	-4.54018
13039132	520	0.1	-0.1	1.23891
13039132	521	0.1	-0.1	5.2128
13039132	522	0.1	-0.1	5.73018
13039132	523	0.1	-0.1	-0.308613
13039132	524	0.1	-0.1	5.23129
13039132	525	0.1	-0.1	3.94562
13039132	526	0.1	-0.1	-4.37078
13039132	527	0.1	-0.1	1.43306
13039132	528	0.1	-0.1	-3.78808
13039132	529	0.1	-0.1	3.06175
13039132	530	0.1	-0.1	-5.77122
13039132	531	0.1	-0.1	-1.67557
13039132	532	0.1	-0.1	-3.45254
13039132	533	0.1	-0.1	0.372124
13039132	534	0.1	-0.1	-0.222389
13039132	535	0.1	-0.1	-1.31183
13039132	536	0.1	-0.1	-5.752
13039132	537	0.1	-0.1	-5.4124
13039132	538	0.1	-0.1	5.68412
13039132	539	0.1	-0.1	-5.17029
13039132	540	0.1	-0.1	2.90865
13039132	541	0.1	-0.1	-0.867512
13039132	542	0.1	-0.1	0.797813
13039132	543	0.1	-0.1	0.164141
13039132	544	0.1	-0.1	0.0651494
13039132	545	0.1	-0.1	1.80625
13039132	546	0.1	-0.1	0.823552
13039132	547	0.1	-0.1	-0.419166
13039132	548	0.1	-0.1	3.76947
13039132	549	0.1	-0.1	2.25145
13039132	550	0.1	-0.1	5.93481
13039132	551	0.1	-0.1	0.985743
13039132	552	0.1	-0.1	5.57116
13039132	553	0.1	-0.1	0.166868
13039132	554	0.1	-0.1	-5.47003
13039132	555	0.1	-0.1	-2.45814
13039132	556	0.1	-0.1	3.72476
13039132	557	0.1	-0.1	0.534151
13039132	558	0.1	-0.1	0.821828
13039132	559	0.1	-0.1	-4.88406
13039132	560	0.1	-0.1	-4.2592
13039132	561	0.1	-0.1	0.353784
13039132	562	0.1	-0.1	0.345044
13039132	563	0.1	-0.1	5.37088
13039132	564	0.1	-0.1	-0.0847783
13039132	565	0.1	-0.1	5.14356
13039132	566	0.1	-0.1	-2.01429
13039132	567	0.1	-0.1	-5.9577
13039132	568	0.1	-0.1	-4.46404
13039132	569	0.1	-0.1	-2.77344
13039132	570	0.1	-0.1	-1.26523
13039132	571	0.1	-0.1	4.99446
13039132	572	0.1	-0.1	-3.43481
13039132	573	0.1	-0.1	-4.98285
13039132	574	0.1	-0.1	-1.70543
13039132	575	0.1	-0.1	0.922574
13039132	576	0.1	-0.1	-4.62804
13039132	577	0.1	-0.1	3.57825
13039132	578	0.1	-0.1	4.12799
13039132	579	0.1	-0.1	-0.605239
13039132	580	0.1	-0.1	3.03486
13039132	581	0.1	-0.1	-3.42011
13039132	582	0.1	-0.1	-3.52933
13039132	583	0.1	-0.1	-2.49067
13039132	584	0.1	-0.1	-0.639381
13039132	585	0.1	-0.1	0.0383163
13039132	586	0.1	-0.1	5.57636
13039132	587	0.1	-0.1	-1.66673
13039132	588	0.1	-0.1	5.96332
13039132	589	0.1	-0.1	4.18059
13039132	590	0.1	-0.1	-5.96401
13039132	591	0.1	-0.1	-2.52448
13039132	592	0.1	-0.1	-5.87113
13039132	593	0.1	-0.1	3.7167
13039132	594	0.1	-0.1	3.95867
13039132	595	0.1	-0.1	-1.13238
13039132	596	0.1	-0.1	-2.56747
13039132	597	0.1	-0.1	4.90716
13039132	598	0.1	-0.1	-2.83559
13039132	599	0.1	-0.1	-0.00131875
13039132	600	0.1	-0.1	-4.27112
13039132	601	0.1	-0.1	5.8726
13039132	602	0.1	-0.1	-1.06119
13039132	603	0.1	-0.1	5.45578
13039132	604	0.1	-0.1	-3.42407
13039132	605	0.1	-0.1	-1.89065
13039132	606	0.1	-0.1	2.59504
13039132	607	0.1	-0.1	-2.57165
13039132	608	0.1	-0.1	-2.27846
13039132	609	0.1	-0.1	1.83213
13039132	610	0.1	-0.1	5.78275
13039132	611	0.1	-0.1	3.9791
13039132	612	0.1	-0.1	2.80876
13039132	613	0.1	-0.1	1.40464
13039132	614	0.1	-0.1	0.824305
13039132	615	0.1	-0.1	-4.63118
13039132	616	0.1	-0.1	3.29964
13039132	617	0.1	-0.1	-3.56056
13039132	618	0.1	-0.1	-2.1243
13039132	619	0.1	-0.1	4.65958
13039132	620	0.1	-0.1	-2.6795
13039132	621	0.1	-0.1	3.87936
13039132	622	0.1	-0.1	-5.44601
13039132	623	0.1	-0.1	3.13607
13039132	624	0.1	-0.1	5.63541
13039132	625	0.1	-0.1	-0.864551
13039132	626	0.1	-0.1	-0.753399
13039132	627	0.1	-0.1	-0.534189
13039132	628	0.1	-0.1	-4.73411
13039132	629	0.1	-0.1	-1.74159
13039132	630	0.1	-0.1	2.01544
13039132	631	0.1	-0.1	1.81367
13039132	632	0.1	-0.1	-4.49627
13039132	633	0.1	-0.1	-1.47113
13039132	634	0.1	-0.1	5.06585
13039132	635	0.1	-0.1	0.643927
13039132	636	0.1	-0.1	1.09848
13039132	637	0.1	-0.1	3.38718
13039132	638	0.1	-0.1	4.23052
13039132	639	0.1	-0.1	-2.13333
13039132	640	0.1	-0.1	-0.37771
13039132	641	0.1	-0.1	5.83438
13039132	642	0.1	-0.1	-1.29669
13039132	643	0.1	-0.1	3.91887
13039132	644	0.1	-0.1	-5.09771
13039132	645	0.1	-0.1	4.45656
13039132	646	0.1	-0.1	-5.43801
13039132	647	0.1	-0.1	-2.52734
13039132	648	0.1	-0.1	0.595575
13039132	649	0.1	-0.1	0.707997
13039132	650	0.1	-0.1	0.283043
13039132	651	0.1	-0.1	5.07071
13039132	652	0.1	-0.1	4.42464
13039132	653	0.1	-0.1	0.187144
13039132	654	0.1	-0.1	1.10772
13039132	655	0.1	-0.1	5.04587
13039132	656	0.1	-0.1	-3.26666
13039132	657	0.1	-0.1	-5.41435
13039132	658	0.1	-0.1	-4.54761
13039132	659	0.1	-0.1	-5.82956
13039132	660	0.1	-0.1	4.80724
13039132	661	0.1	-0.1	-2.39354
13039132	662	0.1	-0.1	-3.37435
13039132	663	0.1	-0.1	4.05043
13039132	664	0.1	-0.1	0.934697
13039132	665	0.1	-0.1	-3.97115
13039132	666	0.1	-0.1	-1.12622
13039132	667	0.1	-0.1	1.25148
13039132	668	0.1	-0.1	0.555317
13039132	669	0.1	-0.1	4.84093
13039132	670	0.1	-0.1	1.71762
13039132	671	0.1	-0.1	1.27129
13039132	672	0.1	-0.1	2.66432
13039132	673	0.1	-0.1	2.21123
13039132	674	0.1	-0.1	2.60621
13039132	675	0.1	-0.1	-4.78267
13039132	676	0.1	-0.1	-3.36999
13039132	677	0.1	-0.1	-1.92735
13039132	678	0.1	-0.1	-5.55947
13039132	679	0.1	-0.1	5.27519
13039132	680	0.1	-0.1	1.03997
13039132	681	0.1	-0.1	5.16657
13039132	682	0.1	-0.1	-1.3263
13039132	683	0.1	-0.1	3.93191
13039132	684	0.1	-0.1	2.23596
13039132	685	0.1	-0.1	3.19657
13039132	686	0.1	-0.1	4.78561
13039132	687	0.1	-0.1	4.94867
13039132	688	0.1	-0.1	4.59213
13039132	689	0.1	-0.1	5.21917
13039132	690	0.1	-0.1	4.26
13039132	691	0.1	-0.1	-5.17595
13039132	692	0.1	-0.1	-2.16485
13039132	693	0.1	-0.1	5.46493
13039132	694	0.1	-0.1	3.31751
13039132	695	0.1	-0.1	4.75686
13039132	696	0.1	-0.1	5.15992
13039132	697	0.1	-0.1	5.56005
13039132	698	0.1	-0.1	-2.35434
13039132	699	0.1	-0.1	-5.51107
13039132	700	0.1	-0.1	-0.522497
13039132	701	0.1	-0.1	5.62246
13039132	702	0.1	-0.1	-3.69564
13039132	703	0.1	-0.1	5.16047
13039132	704	0.1	-0.1	0.879228
13039132	705	0.1	-0.1	-1.91609
13039132	706	0.1	-0.1	2.54037
13039132	707	0.1	-0.1	-1.85697
13039132	708	0.1	-0.1	4.55075
13039132	709	0.1	-0.1	5.85217
13039132	710	0.1	-0.1	-0.923208
13039132	711	0.1	-0.1	2.46264
13039132	712	0.1	-0.1	-1.18756
13039132	713	0.1	-0.1	1.13579
13039132	714	0.1	-0.1	3.35053
13039132	715	0.1	-0.1	5.89455
13039132	716	0.1	-0.1	2.45015
13039132	717	0.1	-0.1	0.359402
13039132	718	0.1	-0.1	-4.74602
13039132	719	0.1	-0.1	-4.20945
13039132	720	0.1	-0.1	-3.60073
13039132	721	0.1	-0.1	0.223259
13039132	722	0.1	-0.1	-2.73989
13039132	723	0.1	-0.1	-4.99207
13039132	724	0.1	-0.1	-3.0183
13039132	725	0.1	-0.1	-2.46997
13039132	726	0.1	-0.1	2.35429
13039132	727	0.1	-0.1	0.878683
13039132	728	0.1	-0.1	5.42671
13039132	729	0.1	-0.1	2.92518
13039132	730	0.1	-0.1	-5.33042
13039132	731	0.1	-0.1	4.60997
13039132	732	0.1	-0.1	1.06544
13039132	733	0.1	-0.1	1.19904
13039132	734	0.1	-0.1	2.8787
13039132	735	0.1	-0.1	-4.51404
13039132	736	0.1	-0.1	-1.44449
13039132	737	0.1	-0.1	-5.97232
13039132	738	0.1	-0.1	1.65426
13039132	739	0.1	-0.1	-2.43943
13039132	740	0.1	-0.1	-3.74274
13039132	741	0.1	-0.1	-1.31013
13039132	742	0.1	-0.1	-5.64528
13039132	743	0.1	-0.1	1.2408
13039132	744	0.1	-0.1	5.60042
13039132	745	0.1	-0.1	-5.86561
13039132	746	0.1	-0.1	5.61762
13039132	747	0.1	-0.1	-1.84726
13039132	748	0.1	-0.1	1.08189
13039132	749	0.1	-0.1	3.24319
13039132	750	0.1	-0.1	-3.91759
13039132	751	0.1	-0.1	-0.299837
13039132	752	0.1	-0.1	5.69382
13039132	753	0.1	-0.1	-2.57634
13039132	754	0.1	-0.1	1.46621
13039132	755	0.1	-0.1	1.06184
13039132	756	0.1	-0.1	-1.13547
13039132	757	0.1	-0.1	5.11437
13039132	758	0.1	-0.1	-5.31762
13039132	759	0.1	-0.1	4.02553
13039132	760	0.1	-0.1	-2.18933
13039132	761	0.1	-0.1	-3.70176
13039132	762	0.1	-0.1	0.587213
13039132	763	0.1	-0.1	-1.84102
13039132	764	0.1	-0.1	-2.48651
13039132	765	0.1	-0.1	-2.66157
13039132	766	0.1	-0.1	1.00465
13039132	767	0.1	-0.1	-1.57712
13039132	768	0.1	-0.1	4.41284
13039132	769	0.1	-0.1	0.786942
13039132	770	0.1	-0.1	3.31728
13039132	771	0.1	-0.1	-2.68516
13039132	772	0.1	-0.1	4.34199
13039132	773	0.1	-0.1	5.24903
13039132	774	0.1	-0.1	2.5471
13039132	775	0.1	-0.1	2.90968
13039132	776	0.1	-0.1	5.07994
13039132	777	0.1	-0.1	3.07569
13039132	778	0.1	-0.1	1.31175
13039132	779	0.1	-0.1	-1.71206
13039132	780	0.1	-0.1	1.20662
13039132	781	0.1	-0.1	4.4994
13039132	782	0.1	-0.1	-5.0225
13039132	783	0.1	-0.1	-0.513561
13039132	784	0.1	-0.1	-3.95657
13039132	785	0.1	-0.1	4.93121
13039132	786	0.1	-0.1	0.288782
13039132	787	0.1	-0.1	4.32642
13039132	788	0.1	-0.1	5.33201
13039132	789	0.1	-0.1	3.10439
13039132	790	0.1	-0.1	5.86506
13039132	791	0.1	-0.1	-2.63492
13039132	792	0.1	-0.1	-5.49489
13039132	793	0.1	-0.1	1.62901
13039132	794	0.1	-0.1	3.68491
13039132	795	0.1	-0.1	-4.4408
13039132	796	0.1	-0.1	-2.55191
13039132	797	0.1	-0.1	-1.14663
13039132	798	0.1	-0.1	-1.88802
13039132	799	0.1	-0.1	-3.81265
13039132	800	0.1	-0.1	-2.7549
13039132	801	0.1	-0.1	-1.33581
13039132	802	0.1	-0.1	-4.48374
13039132	803	0.1	-0.1	-5.12402
13039132	804	0.1	-0.1	3.83681
13039132	805	0.1	-0.1	-4.23894
13039132	806	0.1	-0.1	1.62799
13039132	807	0.1	-0.1	-1.98624
13039132	808	0.1	-0.1	-5.31981
13039132	809	0.1	-0.1	5.17831
13039132	810	0.1	-0.1	0.0280046
13039132	811	0.1	-0.1	2.73669
13039132	812	0.1	-0.1	0.687239
13039132	813	0.1	-0.1	0.652594
13039132	814	0.1	-0.1	-0.854413
13039132	815	0.1	-0.1	-5.32997
13039132	816	0.1	-0.1	4.26666
13039132	817	0.1	-0.1	-1.91901
13039132	818	0.1	-0.1	0.13082
13039132	819	0.1	-0.1	-2.95516
13039132	820	0.1	-0.1	5.28234
13039132	821	0.1	-0.1	3.96945
13039132	822	0.1	-0.1	-4.82313
13039132	823	0.1	-0.1	-3.35112
13039132	824	0.1	-0.1	5.23739
13039132	825	0.1	-0.1	-0.0464115
13039132	826	0.1	-0.1	4.62735
13039132	827	0.1	-0.1	5.05995
13039132	828	0.1	-0.1	-2.36371
13039132	829	0.1	-0.1	-1.2251
13039132	830	0.1	-0.1	-1.73549
13039132	831	0.1	-0.1	3.64387
13039132	832	0.1	-0.1	2.96386
13039132	833	0.1	-0.1	5.80305
13039132	834	0.1	-0.1	1.51621
13039132	835	0.1	-0.1	4.17428
13039132	836	0.1	-0.1	-0.996361
13039132	837	0.1	-0.1	0.0730332
13039132	838	0.1	-0.1	-2.04354
13039132	839	0.1	-0.1	-2.05082
13039132	840	0.1	-0.1	-4.28463
13039132	841	0.1	-0.1	0.0815945
13039132	842	0.1	-0.1	0.991782
13039132	843	0.1	-0.1	-4.31421
13039132	844	0.1	-0.1	-0.917717
13039132	845	0.1	-0.1	-5.46201
13039132	846	0.1	-0.1	-3.66403
13039132	847	0.1	-0.1	-2.22974
13039132	848	0.1	-0.1	-3.44764
13039132	849	0.1	-0.1	-0.191104
13039132	850	0.1	-0.1	1.39778
13039132	851	0.1	-0.1	-1.77131
13039132	852	0.1	-0.1	3.223
13039132	853	0.1	-0.1	-0.856546
13039132	854	0.1	-0.1	-2.70904
13039132	855	0.1	-0.1	-4.35887
13039132	856	0.1	-0.1	-5.98554
13039132	857	0.1	-0.1	2.21519
13039132	858	0.1	-0.1	5.16372
13039132	859	0.1	-0.1	-0.210245
13039132	860	0.1	-0.1	-4.08247
13039132	861	0.1	-0.1	3.83235
13039132	862	0.1	-0.1	5.98278
13039132	863	0.1	-0.1	2.80629
13039132	864	0.1	-0.1	-5.6093
13039132	865	0.1	-0.1	1.56371
13039132	866	0.1	-0.1	2.76283
13039132	867	0.1	-0.1	1.15424
13039132	868	0.1	-0.1	-5.14596
13039132	869	0.1	-0.1	-3.68369
13039132	870	0.1	-0.1	-1.03138
13039132	871	0.1	-0.1	4.59333
13039132	872	0.1	-0.1	-4.49515
13039132	873	0.1	-0.1	2.90903
13039132	874	0.1	-0.1	-4.82608
13039132	875	0.1	-0.1	-3.39113
13039132	876	0.1	-0.1	4.79107
13039132	877	0.1	-0.1	1.71461
13039132	878	0.1	-0.1	3.90433
13039132	879	0.1	-0.1	-5.32705
13039132	880	0.1	-0.1	5.71107
13039132	881	0.1	-0.1	-5.24694
13039132	882	0.1	-0.1	5.70312
13039132	883	0.1	-0.1	-0.779981
13039132	884	0.1	-0.1	4.97234
13039132	885	0.1	-0.1	-1.33447
13039132	886	0.1	-0.1	0.892178
13039132	887	0.1	-0.1	2.04964
13039132	888	0.1	-0.1	4.39801
13039132	889	0.1	-0.1	-1.84955
13039132	890	0.1	-0.1	-0.259773
13039132	891	0.1	-0.1	-3.10746
13039132	892	0.1	-0.1	0.683513
13039132	893	0.1	-0.1	-5.01557
13039132	894	0.1	-0.1	-4.5995
13039132	895	0.1	-0.1	-4.51303
13039132	896	0.1	-0.1	0.382859
13039132	897	0.1	-0.1	5.94086
13039132	898	0.1	-0.1	-3.63337
13039132	899	0.1	-0.1	3.98255
13039132	900	0.1	-0.1	-4.97618
13039132	901	0.1	-0.1	2.92408
13039132	902	0.1	-0.1	5.04445
13039132	903	0.1	-0.1	4.42479
13039132	904	0.1	-0.1	1.7952
13039132	905	0.1	-0.1	-5.41011
13039132	906	0.1	-0.1	-4.08167
13039132	907	0.1	-0.1	3.40128
13039132	908	0.1	-0.1	-0.420809
13039132	909	0.1	-0.1	-2.66835
13039132	910	0.1	-0.1	-0.324844
13039132	911	0.1	-0.1	5.74269
13039132	912	0.1	-0.1	0.629689
13039132	913	0.1	-0.1	5.25479
13039132	914	0.1	-0.1	3.67435
13039132	915	0.1	-0.1	-1.34248
13039132	916	0.1	-0.1	-3.18554
13039132	917	0.1	-0.1	3.57573
13039132	918	0.1	-0.1	3.69141
13039132	919	0.1	-0.1	1.80882
13039132	920	0.1	-0.1	0.630415
13039132	921	0.1	-0.1	4.61501
13039132	922	0.1	-0.1	-1.92322
13039132	923	0.1	-0.1	-4.13983
13039132	924	0.1	-0.1	-4.94955
13039132	925	0.1	-0.1	-3.30886
13039132	926	0.1	-0.1	3.82443
13039132	927	0.1	-0.1	-1.02549
13039132	928	0.1	-0.1	3.83449
13039132	929	0.1	-0.1	-3.85339
13039132	930	0.1	-0.1	4.88754
13039132	931	0.1	-0.1	2.61161
13039132	932	0.1	-0.1	4.85203
13039132	933	0.1	-0.1	-0.91355
13039132	934	0.1	-0.1	5.02202
13039132	935	0.1	-0.1	-1.84933
13039132	936	0.1	-0.1	2.02954
13039132	937	0.1	-0.1	-0.756085
13039132	938	0.1	-0.1	-0.0406044
13039132	939	0.1	-0.1	-4.4454
13039132	940	0.1	-0.1	5.76879
13039132	941	0.1	-0.1	2.40975
13039132	942	0.1	-0.1	-3.57799
13039132	943	0.1	-0.1	4.16435
13039132	944	0.1	-0.1	1.17682
13039132	945	0.1	-0.1	1.39661
13039132	946	0.1	-0.1	3.60325
13039132	947	0.1	-0.1	2.17084
13039132	948	0.1	-0.1	4.53867
13039132	949	0.1	-0.1	5.71195
13039132	950	0.1	-0.1	-2.96743
13039132	951	0.1	-0.1	-2.48486
13039132	952	0.1	-0.1	-0.910054
13039132	953	0.1	-0.1	3.97476
13039132	954	0.1	-0.1	-3.97071
13039132	955	0.1	-0.1	-1.88604
13039132	956	0.1	-0.1	-1.59402
13039132	957	0.1	-0.1	5.97726
13039132	958	0.1	-0.1	-2.54445
13039132	959	0.1	-0.1	-5.66807
13039132	960	0.1	-0.1	-1.55322
13039132	961	0.1	-0.1	-4.06762
13039132	962	0.1	-0.1	5.53942
13039132	963	0.1	-0.1	-5.69379
13039132	964	0.1	-0.1	0.676178
13039132	965	0.1	-0.1	3.65899
13039132	966	0.1	-0.1	1.44326
13039132	967	0.1	-0.1	-5.98753
13039132	968	0.1	-0.1	2.9404
13039132	969	0.1	-0.1	-5.12503
13039132	970	0.1	-0.1	3.47791
13039132	971	0.1	-0.1	1.50183
13039132	972	0.1	-0.1	2.51512
13039132	973	0.1	-0.1	4.66052
13039132	974	0.1	-0.1	-1.17779
13039132	975	0.1	-0.1	2.98347
13039132	976	0.1	-0.1	-4.32547
13039132	977	0.1	-0.1	2.85736
13039132	978	0.1	-0.1	-4.46405
13039132	979	0.1	-0.1	3.80428
13039132	980	0.1	-0.1	4.59353
13039132	981	0.1	-0.1	3.87363
13039132	982	0.1	-0.1	-5.36666
13039132	983	0.1	-0.1	-0.256851
13039132	984	0.1	-0.1	0.839325
13039132	985	0.1	-0.1	0.521228
13039132	986	0.1	-0.1	-5.49594
13039132	987	0.1	-0.1	1.87115
13039132	988	0.1	-0.1	-2.07603
13039132	989	0.1	-0.1	2.05468
13039132	990	0.1	-0.1	-0.164766
13039132	991	0.1	-0.1	-1.96461
13039132	992	0.1	-0.1	-0.65103
13039132	993	0.1	-0.1	-3.18993
13039132	994	0.1	-0.1	-3.41975
13039132	995	0.1	-0.1	-4.79209
13039132	996	0.1	-0.1	-0.848598
13039132	997	0.1	-0.1	-5.83647
13039132	998	0.1	-0.1	0.624174
13039132	999	0.1	-0.1	0.392218
13039132	1000	0.1	-0.1	-5.39381
