13039136	1	0.1	-0.1	3.04769
13039136	2	0.1	-0.1	4.01602
13039136	3	0.1	-0.1	-5.17489
13039136	4	0.1	-0.1	4.40019
13039136	5	0.1	-0.1	-3.22117
13039136	6	0.1	-0.1	3.46981
13039136	7	0.1	-0.1	-2.23784
13039136	8	0.1	-0.1	-1.10793
13039136	9	0.1	-0.1	-4.99478
13039136	10	0.1	-0.1	-2.87288
13039136	11	0.1	-0.1	-0.479543
13039136	12	0.1	-0.1	-3.5806
13039136	13	0.1	-0.1	-0.466596
13039136	14	0.1	-0.1	-4.55047
13039136	15	0.1	-0.1	-0.0024001
13039136	16	0.1	-0.1	0.853604
13039136	17	0.1	-0.1	0.335977
13039136	18	0.1	-0.1	-2.86819
13039136	19	0.1	-0.1	5.6072
13039136	20	0.1	-0.1	5.45751
13039136	21	0.1	-0.1	-4.81142
13039136	22	0.1	-0.1	-1.11377
13039136	23	0.1	-0.1	1.8167
13039136	24	0.1	-0.1	0.21404
13039136	25	0.1	-0.1	1.71285
13039136	26	0.1	-0.1	-3.23952
13039136	27	0.1	-0.1	-0.769322
13039136	28	0.1	-0.1	-5.26642
13039136	29	0.1	-0.1	2.7904
13039136	30	0.1	-0.1	0.691527
13039136	31	0.1	-0.1	3.3356
13039136	32	0.1	-0.1	5.98053
13039136	33	0.1	-0.1	-5.2266
13039136	34	0.1	-0.1	0.203653
13039136	35	0.1	-0.1	3.00815
13039136	36	0.1	-0.1	1.0642
13039136	37	0.1	-0.1	5.19807
13039136	38	0.1	-0.1	1.0326
13039136	39	0.1	-0.1	-2.34755
13039136	40	0.1	-0.1	-4.25373
13039136	41	0.1	-0.1	-1.54027
13039136	42	0.1	-0.1	4.93685
13039136	43	0.1	-0.1	-3.45039
13039136	44	0.1	-0.1	1.99124
13039136	45	0.1	-0.1	-0.80285
13039136	46	0.1	-0.1	1.49375
13039136	47	0.1	-0.1	0.692627
13039136	48	0.1	-0.1	3.50849
13039136	49	0.1	-0.1	-5.9009
13039136	50	0.1	-0.1	1.72576
13039136	51	0.1	-0.1	2.30436
13039136	52	0.1	-0.1	1.6181
13039136	53	0.1	-0.1	-4.07492
13039136	54	0.1	-0.1	-4.70733
13039136	55	0.1	-0.1	-4.48052
13039136	56	0.1	-0.1	4.92362
13039136	57	0.1	-0.1	-4.49513
13039136	58	0.1	-0.1	3.74732
13039136	59	0.1	-0.1	-4.84514
13039136	60	0.1	-0.1	1.05459
13039136	61	0.1	-0.1	-1.20062
13039136	62	0.1	-0.1	-2.60924
13039136	63	0.1	-0.1	1.22496
13039136	64	0.1	-0.1	-3.4652
13039136	65	0.1	-0.1	-5.33372
13039136	66	0.1	-0.1	4.01931
13039136	67	0.1	-0.1	5.80981
13039136	68	0.1	-0.1	4.83077
13039136	69	0.1	-0.1	-2.23195
13039136	70	0.1	-0.1	-2.09065
13039136	71	0.1	-0.1	5.67537
13039136	72	0.1	-0.1	5.12436
13039136	73	0.1	-0.1	-4.16886
13039136	74	0.1	-0.1	-2.09276
13039136	75	0.1	-0.1	-3.32187
13039136	76	0.1	-0.1	-5.27027
13039136	77	0.1	-0.1	3.13264
13039136	78	0.1	-0.1	-5.74345
13039136	79	0.1	-0.1	5.71011
13039136	80	0.1	-0.1	-0.769468
13039136	81	0.1	-0.1	1.44963
13039136	82	0.1	-0.1	-5.84702
13039136	83	0.1	-0.1	-5.37855
13039136	84	0.1	-0.1	-1.9934
13039136	85	0.1	-0.1	0.289295
13039136	86	0.1	-0.1	-0.162483
13039136	87	0.1	-0.1	-5.4364
13039136	88	0.1	-0.1	-1.01306
13039136	89	0.1	-0.1	2.44703
13039136	90	0.1	-0.1	-2.97146
13039136	91	0.1	-0.1	-1.76343
13039136	92	0.1	-0.1	-0.123837
13039136	93	0.1	-0.1	-3.47215
13039136	94	0.1	-0.1	1.81676
13039136	95	0.1	-0.1	-4.8082
13039136	96	0.1	-0.1	-2.2761
13039136	97	0.1	-0.1	0.630545
13039136	98	0.1	-0.1	-4.18917
13039136	99	0.1	-0.1	-2.01743
13039136	100	0.1	-0.1	2.10229
13039136	101	0.1	-0.1	-4.18919
13039136	102	0.1	-0.1	3.51003
13039136	103	0.1	-0.1	-5.84172
13039136	104	0.1	-0.1	5.99396
13039136	105	0.1	-0.1	-0.0144629
13039136	106	0.1	-0.1	-5.79778
13039136	107	0.1	-0.1	-4.2717
13039136	108	0.1	-0.1	-5.50561
13039136	109	0.1	-0.1	-2.79881
13039136	110	0.1	-0.1	1.96706
13039136	111	0.1	-0.1	3.64362
13039136	112	0.1	-0.1	-2.58378
13039136	113	0.1	-0.1	1.95333
13039136	114	0.1	-0.1	-5.32582
13039136	115	0.1	-0.1	0.562217
13039136	116	0.1	-0.1	0.857986
13039136	117	0.1	-0.1	0.325248
13039136	118	0.1	-0.1	5.29076
13039136	119	0.1	-0.1	1.20013
13039136	120	0.1	-0.1	0.148528
13039136	121	0.1	-0.1	-0.298421
13039136	122	0.1	-0.1	-3.51886
13039136	123	0.1	-0.1	-5.3324
13039136	124	0.1	-0.1	2.31541
13039136	125	0.1	-0.1	-4.52517
13039136	126	0.1	-0.1	-5.29788
13039136	127	0.1	-0.1	2.94969
13039136	128	0.1	-0.1	3.82249
13039136	129	0.1	-0.1	-1.69955
13039136	130	0.1	-0.1	-5.97832
13039136	131	0.1	-0.1	0.169586
13039136	132	0.1	-0.1	0.367639
13039136	133	0.1	-0.1	-3.37304
13039136	134	0.1	-0.1	-1.07344
13039136	135	0.1	-0.1	-1.4261
13039136	136	0.1	-0.1	1.58726
13039136	137	0.1	-0.1	5.19847
13039136	138	0.1	-0.1	-0.892286
13039136	139	0.1	-0.1	-0.810232
13039136	140	0.1	-0.1	-5.55649
13039136	141	0.1	-0.1	-5.22018
13039136	142	0.1	-0.1	3.24274
13039136	143	0.1	-0.1	2.56362
13039136	144	0.1	-0.1	1.98154
13039136	145	0.1	-0.1	1.13708
13039136	146	0.1	-0.1	2.68764
13039136	147	0.1	-0.1	0.702908
13039136	148	0.1	-0.1	-2.41772
13039136	149	0.1	-0.1	-1.73164
13039136	150	0.1	-0.1	-2.38086
13039136	151	0.1	-0.1	3.31312
13039136	152	0.1	-0.1	0.633557
13039136	153	0.1	-0.1	-4.81611
13039136	154	0.1	-0.1	-3.02972
13039136	155	0.1	-0.1	0.0434905
13039136	156	0.1	-0.1	-3.22374
13039136	157	0.1	-0.1	1.043
13039136	158	0.1	-0.1	2.35141
13039136	159	0.1	-0.1	3.96898
13039136	160	0.1	-0.1	-4.38594
13039136	161	0.1	-0.1	1.03735
13039136	162	0.1	-0.1	2.11958
13039136	163	0.1	-0.1	4.39945
13039136	164	0.1	-0.1	4.78193
13039136	165	0.1	-0.1	-1.01755
13039136	166	0.1	-0.1	-0.883692
13039136	167	0.1	-0.1	-2.7204
13039136	168	0.1	-0.1	4.38758
13039136	169	0.1	-0.1	4.25125
13039136	170	0.1	-0.1	0.589208
13039136	171	0.1	-0.1	0.740262
13039136	172	0.1	-0.1	3.14602
13039136	173	0.1	-0.1	4.76018
13039136	174	0.1	-0.1	4.23927
13039136	175	0.1	-0.1	-1.11885
13039136	176	0.1	-0.1	3.1484
13039136	177	0.1	-0.1	-3.0365
13039136	178	0.1	-0.1	5.78074
13039136	179	0.1	-0.1	-0.466118
13039136	180	0.1	-0.1	-2.98007
13039136	181	0.1	-0.1	1.65477
13039136	182	0.1	-0.1	1.55378
13039136	183	0.1	-0.1	5.17339
13039136	184	0.1	-0.1	5.99975
13039136	185	0.1	-0.1	-3.53084
13039136	186	0.1	-0.1	-2.61033
13039136	187	0.1	-0.1	0.131836
13039136	188	0.1	-0.1	2.03135
13039136	189	0.1	-0.1	-4.99392
13039136	190	0.1	-0.1	-0.150129
13039136	191	0.1	-0.1	1.23657
13039136	192	0.1	-0.1	5.11112
13039136	193	0.1	-0.1	-2.19808
13039136	194	0.1	-0.1	-1.84548
13039136	195	0.1	-0.1	1.09028
13039136	196	0.1	-0.1	3.36391
13039136	197	0.1	-0.1	3.02374
13039136	198	0.1	-0.1	-2.16003
13039136	199	0.1	-0.1	0.274474
13039136	200	0.1	-0.1	0.809006
13039136	201	0.1	-0.1	1.61569
13039136	202	0.1	-0.1	4.31539
13039136	203	0.1	-0.1	0.848532
13039136	204	0.1	-0.1	-4.76003
13039136	205	0.1	-0.1	5.17118
13039136	206	0.1	-0.1	-5.69412
13039136	207	0.1	-0.1	-0.613573
13039136	208	0.1	-0.1	-3.45385
13039136	209	0.1	-0.1	-5.1235
13039136	210	0.1	-0.1	-3.77082
13039136	211	0.1	-0.1	4.38583
13039136	212	0.1	-0.1	-2.2249
13039136	213	0.1	-0.1	5.41255
13039136	214	0.1	-0.1	3.54876
13039136	215	0.1	-0.1	4.30298
13039136	216	0.1	-0.1	1.52577
13039136	217	0.1	-0.1	-5.90173
13039136	218	0.1	-0.1	-1.13729
13039136	219	0.1	-0.1	5.59333
13039136	220	0.1	-0.1	4.77778
13039136	221	0.1	-0.1	5.24685
13039136	222	0.1	-0.1	5.48007
13039136	223	0.1	-0.1	-4.78605
13039136	224	0.1	-0.1	-2.01321
13039136	225	0.1	-0.1	-5.55106
13039136	226	0.1	-0.1	-3.85109
13039136	227	0.1	-0.1	5.33718
13039136	228	0.1	-0.1	-5.28902
13039136	229	0.1	-0.1	4.55864
13039136	230	0.1	-0.1	4.0239
13039136	231	0.1	-0.1	-5.9005
13039136	232	0.1	-0.1	3.75759
13039136	233	0.1	-0.1	-1.91125
13039136	234	0.1	-0.1	4.41495
13039136	235	0.1	-0.1	1.45386
13039136	236	0.1	-0.1	-3.37207
13039136	237	0.1	-0.1	-3.92899
13039136	238	0.1	-0.1	2.4124
13039136	239	0.1	-0.1	0.77373
13039136	240	0.1	-0.1	1.44323
13039136	241	0.1	-0.1	-5.14591
13039136	242	0.1	-0.1	-3.67832
13039136	243	0.1	-0.1	-1.70785
13039136	244	0.1	-0.1	1.83077
13039136	245	0.1	-0.1	1.33721
13039136	246	0.1	-0.1	1.83077
13039136	247	0.1	-0.1	-2.64417
13039136	248	0.1	-0.1	-2.31569
13039136	249	0.1	-0.1	-3.85283
13039136	250	0.1	-0.1	3.48576
13039136	251	0.1	-0.1	2.1068
13039136	252	0.1	-0.1	-2.57427
13039136	253	0.1	-0.1	3.09162
13039136	254	0.1	-0.1	-2.34291
13039136	255	0.1	-0.1	2.52439
13039136	256	0.1	-0.1	3.30741
13039136	257	0.1	-0.1	4.01594
13039136	258	0.1	-0.1	-1.17731
13039136	259	0.1	-0.1	-1.85355
13039136	260	0.1	-0.1	-0.789666
13039136	261	0.1	-0.1	5.51329
13039136	262	0.1	-0.1	-5.86021
13039136	263	0.1	-0.1	-0.458596
13039136	264	0.1	-0.1	-3.47862
13039136	265	0.1	-0.1	-2.41003
13039136	266	0.1	-0.1	5.81837
13039136	267	0.1	-0.1	-2.29707
13039136	268	0.1	-0.1	0.803362
13039136	269	0.1	-0.1	4.99557
13039136	270	0.1	-0.1	2.36325
13039136	271	0.1	-0.1	-2.5738
13039136	272	0.1	-0.1	5.46199
13039136	273	0.1	-0.1	3.98893
13039136	274	0.1	-0.1	-2.03361
13039136	275	0.1	-0.1	-0.187463
13039136	276	0.1	-0.1	-4.02484
13039136	277	0.1	-0.1	-3.64882
13039136	278	0.1	-0.1	4.4579
13039136	279	0.1	-0.1	2.32658
13039136	280	0.1	-0.1	5.60016
13039136	281	0.1	-0.1	2.03456
13039136	282	0.1	-0.1	2.89906
13039136	283	0.1	-0.1	1.22275
13039136	284	0.1	-0.1	0.330114
13039136	285	0.1	-0.1	-1.98177
13039136	286	0.1	-0.1	2.73057
13039136	287	0.1	-0.1	4.45666
13039136	288	0.1	-0.1	-4.52951
13039136	289	0.1	-0.1	3.67773
13039136	290	0.1	-0.1	-5.64969
13039136	291	0.1	-0.1	4.00111
13039136	292	0.1	-0.1	-3.81082
13039136	293	0.1	-0.1	-0.215152
13039136	294	0.1	-0.1	-5.25579
13039136	295	0.1	-0.1	-4.37898
13039136	296	0.1	-0.1	-1.1357
13039136	297	0.1	-0.1	-4.44998
13039136	298	0.1	-0.1	-5.71734
13039136	299	0.1	-0.1	1.54619
13039136	300	0.1	-0.1	3.17166
13039136	301	0.1	-0.1	-1.36495
13039136	302	0.1	-0.1	-1.67227
13039136	303	0.1	-0.1	4.74648
13039136	304	0.1	-0.1	0.397206
13039136	305	0.1	-0.1	2.40131
13039136	306	0.1	-0.1	0.551439
13039136	307	0.1	-0.1	4.64573
13039136	308	0.1	-0.1	-0.36209
13039136	309	0.1	-0.1	-2.06263
13039136	310	0.1	-0.1	4.58216
13039136	311	0.1	-0.1	4.80221
13039136	312	0.1	-0.1	3.77542
13039136	313	0.1	-0.1	3.3719
13039136	314	0.1	-0.1	4.28417
13039136	315	0.1	-0.1	-4.59214
13039136	316	0.1	-0.1	3.26571
13039136	317	0.1	-0.1	2.10573
13039136	318	0.1	-0.1	2.72751
13039136	319	0.1	-0.1	-1.40786
13039136	320	0.1	-0.1	5.5559
13039136	321	0.1	-0.1	2.70816
13039136	322	0.1	-0.1	3.7295
13039136	323	0.1	-0.1	-5.33843
13039136	324	0.1	-0.1	-0.381198
13039136	325	0.1	-0.1	3.21213
13039136	326	0.1	-0.1	-4.21644
13039136	327	0.1	-0.1	-5.54178
13039136	328	0.1	-0.1	-3.5783
13039136	329	0.1	-0.1	-3.4464
13039136	330	0.1	-0.1	0.742168
13039136	331	0.1	-0.1	-3.21772
13039136	332	0.1	-0.1	5.81657
13039136	333	0.1	-0.1	2.44164
13039136	334	0.1	-0.1	-1.63742
13039136	335	0.1	-0.1	5.74117
13039136	336	0.1	-0.1	0.970287
13039136	337	0.1	-0.1	-4.53617
13039136	338	0.1	-0.1	-5.48046
13039136	339	0.1	-0.1	-4.20385
13039136	340	0.1	-0.1	-0.151546
13039136	341	0.1	-0.1	-1.3713
13039136	342	0.1	-0.1	0.489171
13039136	343	0.1	-0.1	0.0593159
13039136	344	0.1	-0.1	-2.49718
13039136	345	0.1	-0.1	-5.87749
13039136	346	0.1	-0.1	4.71473
13039136	347	0.1	-0.1	-0.958867
13039136	348	0.1	-0.1	5.75231
13039136	349	0.1	-0.1	2.72888
13039136	350	0.1	-0.1	-3.76832
13039136	351	0.1	-0.1	5.77099
13039136	352	0.1	-0.1	-4.23496
13039136	353	0.1	-0.1	5.55186
13039136	354	0.1	-0.1	5.46685
13039136	355	0.1	-0.1	2.9675
13039136	356	0.1	-0.1	5.96719
13039136	357	0.1	-0.1	1.3523
13039136	358	0.1	-0.1	4.97011
13039136	359	0.1	-0.1	-4.72743
13039136	360	0.1	-0.1	1.33925
13039136	361	0.1	-0.1	-4.50829
13039136	362	0.1	-0.1	-1.62462
13039136	363	0.1	-0.1	4.81428
13039136	364	0.1	-0.1	-3.88215
13039136	365	0.1	-0.1	-2.63756
13039136	366	0.1	-0.1	-3.9176
13039136	367	0.1	-0.1	1.34792
13039136	368	0.1	-0.1	-5.88909
13039136	369	0.1	-0.1	1.97865
13039136	370	0.1	-0.1	5.78743
13039136	371	0.1	-0.1	3.93723
13039136	372	0.1	-0.1	5.71157
13039136	373	0.1	-0.1	-2.23976
13039136	374	0.1	-0.1	-1.80711
13039136	375	0.1	-0.1	-2.67369
13039136	376	0.1	-0.1	-0.636232
13039136	377	0.1	-0.1	3.19606
13039136	378	0.1	-0.1	2.81663
13039136	379	0.1	-0.1	1.07679
13039136	380	0.1	-0.1	-3.43237
13039136	381	0.1	-0.1	-4.16982
13039136	382	0.1	-0.1	4.54273
13039136	383	0.1	-0.1	-4.39563
13039136	384	0.1	-0.1	-4.11517
13039136	385	0.1	-0.1	-3.57289
13039136	386	0.1	-0.1	3.51081
13039136	387	0.1	-0.1	0.808075
13039136	388	0.1	-0.1	-3.76401
13039136	389	0.1	-0.1	-0.855952
13039136	390	0.1	-0.1	1.50209
13039136	391	0.1	-0.1	-1.65687
13039136	392	0.1	-0.1	-1.40182
13039136	393	0.1	-0.1	0.16714
13039136	394	0.1	-0.1	-2.59745
13039136	395	0.1	-0.1	5.10108
13039136	396	0.1	-0.1	5.60303
13039136	397	0.1	-0.1	2.35223
13039136	398	0.1	-0.1	-1.01432
13039136	399	0.1	-0.1	0.603924
13039136	400	0.1	-0.1	-4.52116
13039136	401	0.1	-0.1	-2.87374
13039136	402	0.1	-0.1	0.49653
13039136	403	0.1	-0.1	-4.35297
13039136	404	0.1	-0.1	3.9794
13039136	405	0.1	-0.1	0.02038
13039136	406	0.1	-0.1	2.05471
13039136	407	0.1	-0.1	1.21988
13039136	408	0.1	-0.1	4.53476
13039136	409	0.1	-0.1	1.1796
13039136	410	0.1	-0.1	0.222291
13039136	411	0.1	-0.1	2.0674
13039136	412	0.1	-0.1	0.771907
13039136	413	0.1	-0.1	3.70695
13039136	414	0.1	-0.1	-0.319729
13039136	415	0.1	-0.1	-3.0048
13039136	416	0.1	-0.1	-1.73923
13039136	417	0.1	-0.1	2.9378
13039136	418	0.1	-0.1	0.341207
13039136	419	0.1	-0.1	0.583719
13039136	420	0.1	-0.1	-1.5883
13039136	421	0.1	-0.1	-1.1983
13039136	422	0.1	-0.1	1.50187
13039136	423	0.1	-0.1	2.64548
13039136	424	0.1	-0.1	1.6095
13039136	425	0.1	-0.1	-1.43336
13039136	426	0.1	-0.1	-3.24907
13039136	427	0.1	-0.1	3.12127
13039136	428	0.1	-0.1	-4.12313
13039136	429	0.1	-0.1	-1.30327
13039136	430	0.1	-0.1	4.62296
13039136	431	0.1	-0.1	1.4458
13039136	432	0.1	-0.1	2.95341
13039136	433	0.1	-0.1	-1.65365
13039136	434	0.1	-0.1	5.37062
13039136	435	0.1	-0.1	1.27524
13039136	436	0.1	-0.1	-1.92342
13039136	437	0.1	-0.1	-1.91032
13039136	438	0.1	-0.1	5.54414
13039136	439	0.1	-0.1	-4.80919
13039136	440	0.1	-0.1	5.23146
13039136	441	0.1	-0.1	5.14453
13039136	442	0.1	-0.1	-4.81483
13039136	443	0.1	-0.1	4.10309
13039136	444	0.1	-0.1	3.51431
13039136	445	0.1	-0.1	-4.02047
13039136	446	0.1	-0.1	2.53517
13039136	447	0.1	-0.1	-2.2109
13039136	448	0.1	-0.1	-1.29924
13039136	449	0.1	-0.1	-3.08018
13039136	450	0.1	-0.1	1.96849
13039136	451	0.1	-0.1	-3.40191
13039136	452	0.1	-0.1	-5.94923
13039136	453	0.1	-0.1	-2.42248
13039136	454	0.1	-0.1	-0.735926
13039136	455	0.1	-0.1	-5.91147
13039136	456	0.1	-0.1	5.90683
13039136	457	0.1	-0.1	-2.01807
13039136	458	0.1	-0.1	5.89884
13039136	459	0.1	-0.1	1.28734
13039136	460	0.1	-0.1	-4.20876
13039136	461	0.1	-0.1	5.61089
13039136	462	0.1	-0.1	4.57735
13039136	463	0.1	-0.1	4.15702
13039136	464	0.1	-0.1	1.26971
13039136	465	0.1	-0.1	-1.21372
13039136	466	0.1	-0.1	-0.553002
13039136	467	0.1	-0.1	5.18331
13039136	468	0.1	-0.1	-3.40589
13039136	469	0.1	-0.1	0.490728
13039136	470	0.1	-0.1	1.62203
13039136	471	0.1	-0.1	3.11216
13039136	472	0.1	-0.1	5.55738
13039136	473	0.1	-0.1	2.04416
13039136	474	0.1	-0.1	1.07908
13039136	475	0.1	-0.1	3.94572
13039136	476	0.1	-0.1	4.31985
13039136	477	0.1	-0.1	-1.10626
13039136	478	0.1	-0.1	1.04497
13039136	479	0.1	-0.1	-3.14507
13039136	480	0.1	-0.1	3.63045
13039136	481	0.1	-0.1	-0.995208
13039136	482	0.1	-0.1	0.560545
13039136	483	0.1	-0.1	-0.028746
13039136	484	0.1	-0.1	-2.30002
13039136	485	0.1	-0.1	4.9742
13039136	486	0.1	-0.1	-1.04951
13039136	487	0.1	-0.1	-2.77062
13039136	488	0.1	-0.1	1.78109
13039136	489	0.1	-0.1	2.55471
13039136	490	0.1	-0.1	4.01949
13039136	491	0.1	-0.1	3.47151
13039136	492	0.1	-0.1	4.2079
13039136	493	0.1	-0.1	5.38182
13039136	494	0.1	-0.1	-0.262855
13039136	495	0.1	-0.1	-4.3756
13039136	496	0.1	-0.1	-1.78025
13039136	497	0.1	-0.1	5.21385
13039136	498	0.1	-0.1	0.647281
13039136	499	0.1	-0.1	0.353959
13039136	500	0.1	-0.1	-4.43946
13039136	501	0.1	-0.1	1.86795
13039136	502	0.1	-0.1	5.54755
13039136	503	0.1	-0.1	-3.11081
13039136	504	0.1	-0.1	-0.443221
13039136	505	0.1	-0.1	5.7895
13039136	506	0.1	-0.1	-1.44841
13039136	507	0.1	-0.1	0.117831
13039136	508	0.1	-0.1	-2.81083
13039136	509	0.1	-0.1	-2.58226
13039136	510	0.1	-0.1	-1.13783
13039136	511	0.1	-0.1	-1.82496
13039136	512	0.1	-0.1	-0.458556
13039136	513	0.1	-0.1	2.11357
13039136	514	0.1	-0.1	5.52592
13039136	515	0.1	-0.1	-2.06755
13039136	516	0.1	-0.1	-0.954523
13039136	517	0.1	-0.1	0.170215
13039136	518	0.1	-0.1	-0.445325
13039136	519	0.1	-0.1	-1.02281
13039136	520	0.1	-0.1	-5.14133
13039136	521	0.1	-0.1	2.30732
13039136	522	0.1	-0.1	-3.86225
13039136	523	0.1	-0.1	-2.04167
13039136	524	0.1	-0.1	-2.84378
13039136	525	0.1	-0.1	5.66949
13039136	526	0.1	-0.1	3.40623
13039136	527	0.1	-0.1	-1.81765
13039136	528	0.1	-0.1	-0.406264
13039136	529	0.1	-0.1	-4.86803
13039136	530	0.1	-0.1	0.0834554
13039136	531	0.1	-0.1	-1.46059
13039136	532	0.1	-0.1	-3.05718
13039136	533	0.1	-0.1	-4.73428
13039136	534	0.1	-0.1	-3.67571
13039136	535	0.1	-0.1	-2.34044
13039136	536	0.1	-0.1	-3.2681
13039136	537	0.1	-0.1	-1.94174
13039136	538	0.1	-0.1	5.44271
13039136	539	0.1	-0.1	2.73222
13039136	540	0.1	-0.1	4.8075
13039136	541	0.1	-0.1	5.19968
13039136	542	0.1	-0.1	2.41477
13039136	543	0.1	-0.1	-4.2187
13039136	544	0.1	-0.1	3.84498
13039136	545	0.1	-0.1	-3.81933
13039136	546	0.1	-0.1	-3.2054
13039136	547	0.1	-0.1	-3.38131
13039136	548	0.1	-0.1	3.15504
13039136	549	0.1	-0.1	-0.148485
13039136	550	0.1	-0.1	2.88279
13039136	551	0.1	-0.1	5.9317
13039136	552	0.1	-0.1	3.72885
13039136	553	0.1	-0.1	4.96654
13039136	554	0.1	-0.1	-5.12302
13039136	555	0.1	-0.1	2.42187
13039136	556	0.1	-0.1	-5.11796
13039136	557	0.1	-0.1	-5.4607
13039136	558	0.1	-0.1	0.797007
13039136	559	0.1	-0.1	-3.18852
13039136	560	0.1	-0.1	2.33364
13039136	561	0.1	-0.1	2.72739
13039136	562	0.1	-0.1	-3.29056
13039136	563	0.1	-0.1	5.18674
13039136	564	0.1	-0.1	2.18551
13039136	565	0.1	-0.1	-5.48491
13039136	566	0.1	-0.1	5.67956
13039136	567	0.1	-0.1	1.27048
13039136	568	0.1	-0.1	-0.945402
13039136	569	0.1	-0.1	-1.32446
13039136	570	0.1	-0.1	-1.64812
13039136	571	0.1	-0.1	2.64838
13039136	572	0.1	-0.1	3.85952
13039136	573	0.1	-0.1	-3.978
13039136	574	0.1	-0.1	-1.96564
13039136	575	0.1	-0.1	-5.947
13039136	576	0.1	-0.1	2.59412
13039136	577	0.1	-0.1	4.66812
13039136	578	0.1	-0.1	-0.812909
13039136	579	0.1	-0.1	2.73409
13039136	580	0.1	-0.1	-1.78172
13039136	581	0.1	-0.1	-3.33605
13039136	582	0.1	-0.1	-1.61612
13039136	583	0.1	-0.1	-2.33917
13039136	584	0.1	-0.1	-3.90011
13039136	585	0.1	-0.1	-3.07451
13039136	586	0.1	-0.1	-4.99015
13039136	587	0.1	-0.1	2.51709
13039136	588	0.1	-0.1	-4.3066
13039136	589	0.1	-0.1	4.04366
13039136	590	0.1	-0.1	-2.69371
13039136	591	0.1	-0.1	2.48975
13039136	592	0.1	-0.1	4.21166
13039136	593	0.1	-0.1	-0.707396
13039136	594	0.1	-0.1	1.99219
13039136	595	0.1	-0.1	1.43544
13039136	596	0.1	-0.1	-3.47257
13039136	597	0.1	-0.1	-0.636348
13039136	598	0.1	-0.1	-4.74884
13039136	599	0.1	-0.1	1.0733
13039136	600	0.1	-0.1	-5.97662
13039136	601	0.1	-0.1	4.98736
13039136	602	0.1	-0.1	-5.10901
13039136	603	0.1	-0.1	-4.99133
13039136	604	0.1	-0.1	1.22285
13039136	605	0.1	-0.1	-1.8897
13039136	606	0.1	-0.1	1.77832
13039136	607	0.1	-0.1	-3.36239
13039136	608	0.1	-0.1	-3.42458
13039136	609	0.1	-0.1	-4.9892
13039136	610	0.1	-0.1	-0.862932
13039136	611	0.1	-0.1	4.77232
13039136	612	0.1	-0.1	3.55085
13039136	613	0.1	-0.1	-1.33121
13039136	614	0.1	-0.1	-5.35451
13039136	615	0.1	-0.1	-4.3072
13039136	616	0.1	-0.1	-0.24034
13039136	617	0.1	-0.1	2.21915
13039136	618	0.1	-0.1	0.495599
13039136	619	0.1	-0.1	0.617337
13039136	620	0.1	-0.1	1.52049
13039136	621	0.1	-0.1	3.66939
13039136	622	0.1	-0.1	-4.34165
13039136	623	0.1	-0.1	-4.37419
13039136	624	0.1	-0.1	-2.56295
13039136	625	0.1	-0.1	-1.29221
13039136	626	0.1	-0.1	-5.11574
13039136	627	0.1	-0.1	4.63661
13039136	628	0.1	-0.1	3.28615
13039136	629	0.1	-0.1	0.891116
13039136	630	0.1	-0.1	-2.59713
13039136	631	0.1	-0.1	-5.47967
13039136	632	0.1	-0.1	-1.08309
13039136	633	0.1	-0.1	3.96661
13039136	634	0.1	-0.1	-5.11049
13039136	635	0.1	-0.1	4.38605
13039136	636	0.1	-0.1	-4.6147
13039136	637	0.1	-0.1	-5.74537
13039136	638	0.1	-0.1	3.97176
13039136	639	0.1	-0.1	-3.01931
13039136	640	0.1	-0.1	-1.10799
13039136	641	0.1	-0.1	3.35416
13039136	642	0.1	-0.1	1.68883
13039136	643	0.1	-0.1	-3.97461
13039136	644	0.1	-0.1	3.79148
13039136	645	0.1	-0.1	0.188346
13039136	646	0.1	-0.1	0.216719
13039136	647	0.1	-0.1	-5.20615
13039136	648	0.1	-0.1	-3.90734
13039136	649	0.1	-0.1	-0.257466
13039136	650	0.1	-0.1	-2.12705
13039136	651	0.1	-0.1	-5.27828
13039136	652	0.1	-0.1	5.04417
13039136	653	0.1	-0.1	-5.71838
13039136	654	0.1	-0.1	-2.38561
13039136	655	0.1	-0.1	-3.04374
13039136	656	0.1	-0.1	4.46361
13039136	657	0.1	-0.1	-2.55399
13039136	658	0.1	-0.1	5.35658
13039136	659	0.1	-0.1	2.09663
13039136	660	0.1	-0.1	0.402934
13039136	661	0.1	-0.1	-3.85858
13039136	662	0.1	-0.1	4.32099
13039136	663	0.1	-0.1	2.99781
13039136	664	0.1	-0.1	4.94084
13039136	665	0.1	-0.1	-5.78582
13039136	666	0.1	-0.1	1.97557
13039136	667	0.1	-0.1	4.11988
13039136	668	0.1	-0.1	2.01688
13039136	669	0.1	-0.1	-3.90359
13039136	670	0.1	-0.1	2.3037
13039136	671	0.1	-0.1	4.2368
13039136	672	0.1	-0.1	-3.55732
13039136	673	0.1	-0.1	-2.56578
13039136	674	0.1	-0.1	5.03021
13039136	675	0.1	-0.1	5.48066
13039136	676	0.1	-0.1	2.24869
13039136	677	0.1	-0.1	-0.203372
13039136	678	0.1	-0.1	-3.43832
13039136	679	0.1	-0.1	-4.48087
13039136	680	0.1	-0.1	3.50396
13039136	681	0.1	-0.1	-1.78649
13039136	682	0.1	-0.1	1.39057
13039136	683	0.1	-0.1	0.989379
13039136	684	0.1	-0.1	0.590472
13039136	685	0.1	-0.1	-1.95473
13039136	686	0.1	-0.1	-0.317487
13039136	687	0.1	-0.1	-0.0744299
13039136	688	0.1	-0.1	-1.64806
13039136	689	0.1	-0.1	-5.61023
13039136	690	0.1	-0.1	4.82681
13039136	691	0.1	-0.1	-5.61415
13039136	692	0.1	-0.1	5.88095
13039136	693	0.1	-0.1	2.70795
13039136	694	0.1	-0.1	-2.26254
13039136	695	0.1	-0.1	-1.98382
13039136	696	0.1	-0.1	3.4684
13039136	697	0.1	-0.1	1.75503
13039136	698	0.1	-0.1	-4.15725
13039136	699	0.1	-0.1	-2.29609
13039136	700	0.1	-0.1	0.187553
13039136	701	0.1	-0.1	1.91616
13039136	702	0.1	-0.1	4.38296
13039136	703	0.1	-0.1	-0.707544
13039136	704	0.1	-0.1	4.50697
13039136	705	0.1	-0.1	-2.66723
13039136	706	0.1	-0.1	-4.16924
13039136	707	0.1	-0.1	5.76281
13039136	708	0.1	-0.1	2.06601
13039136	709	0.1	-0.1	-0.923269
13039136	710	0.1	-0.1	-3.12841
13039136	711	0.1	-0.1	-2.45882
13039136	712	0.1	-0.1	-1.30464
13039136	713	0.1	-0.1	-4.0763
13039136	714	0.1	-0.1	4.96144
13039136	715	0.1	-0.1	-4.11177
13039136	716	0.1	-0.1	-3.94735
13039136	717	0.1	-0.1	2.04992
13039136	718	0.1	-0.1	-0.424036
13039136	719	0.1	-0.1	4.37885
13039136	720	0.1	-0.1	-3.34039
13039136	721	0.1	-0.1	-0.750164
13039136	722	0.1	-0.1	-3.48568
13039136	723	0.1	-0.1	-1.68332
13039136	724	0.1	-0.1	-5.36318
13039136	725	0.1	-0.1	1.68397
13039136	726	0.1	-0.1	3.10019
13039136	727	0.1	-0.1	-0.221604
13039136	728	0.1	-0.1	-0.715561
13039136	729	0.1	-0.1	-4.7053
13039136	730	0.1	-0.1	1.13836
13039136	731	0.1	-0.1	-1.64812
13039136	732	0.1	-0.1	-1.69251
13039136	733	0.1	-0.1	2.68359
13039136	734	0.1	-0.1	0.432487
13039136	735	0.1	-0.1	-3.52347
13039136	736	0.1	-0.1	0.827759
13039136	737	0.1	-0.1	-4.49621
13039136	738	0.1	-0.1	2.86583
13039136	739	0.1	-0.1	-5.36898
13039136	740	0.1	-0.1	4.17173
13039136	741	0.1	-0.1	2.88022
13039136	742	0.1	-0.1	5.60074
13039136	743	0.1	-0.1	5.16855
13039136	744	0.1	-0.1	-1.99963
13039136	745	0.1	-0.1	-2.5133
13039136	746	0.1	-0.1	3.41457
13039136	747	0.1	-0.1	-4.48409
13039136	748	0.1	-0.1	0.887463
13039136	749	0.1	-0.1	4.77453
13039136	750	0.1	-0.1	0.942493
13039136	751	0.1	-0.1	2.41613
13039136	752	0.1	-0.1	1.56483
13039136	753	0.1	-0.1	4.73509
13039136	754	0.1	-0.1	-0.849066
13039136	755	0.1	-0.1	1.06173
13039136	756	0.1	-0.1	-3.36224
13039136	757	0.1	-0.1	2.88695
13039136	758	0.1	-0.1	4.75886
13039136	759	0.1	-0.1	-1.60727
13039136	760	0.1	-0.1	0.126945
13039136	761	0.1	-0.1	1.87083
13039136	762	0.1	-0.1	2.09283
13039136	763	0.1	-0.1	1.81906
13039136	764	0.1	-0.1	-4.0494
13039136	765	0.1	-0.1	-4.74669
13039136	766	0.1	-0.1	-2.06964
13039136	767	0.1	-0.1	1.29143
13039136	768	0.1	-0.1	-4.39155
13039136	769	0.1	-0.1	1.49882
13039136	770	0.1	-0.1	-3.65156
13039136	771	0.1	-0.1	0.831352
13039136	772	0.1	-0.1	2.54513
13039136	773	0.1	-0.1	-0.300647
13039136	774	0.1	-0.1	-1.57825
13039136	775	0.1	-0.1	1.99237
13039136	776	0.1	-0.1	5.72899
13039136	777	0.1	-0.1	1.29995
13039136	778	0.1	-0.1	4.85176
13039136	779	0.1	-0.1	-1.07803
13039136	780	0.1	-0.1	2.47538
13039136	781	0.1	-0.1	-0.242205
13039136	782	0.1	-0.1	3.59525
13039136	783	0.1	-0.1	-2.86287
13039136	784	0.1	-0.1	0.957715
13039136	785	0.1	-0.1	0.132178
13039136	786	0.1	-0.1	-4.68701
13039136	787	0.1	-0.1	0.458445
13039136	788	0.1	-0.1	3.77554
13039136	789	0.1	-0.1	-4.4878
13039136	790	0.1	-0.1	0.294746
13039136	791	0.1	-0.1	-2.21632
13039136	792	0.1	-0.1	-2.5998
13039136	793	0.1	-0.1	4.58872
13039136	794	0.1	-0.1	3.19844
13039136	795	0.1	-0.1	-4.67261
13039136	796	0.1	-0.1	5.4159
13039136	797	0.1	-0.1	-1.40248
13039136	798	0.1	-0.1	0.483117
13039136	799	0.1	-0.1	-2.35823
13039136	800	0.1	-0.1	5.89464
13039136	801	0.1	-0.1	5.99614
13039136	802	0.1	-0.1	0.925785
13039136	803	0.1	-0.1	3.76265
13039136	804	0.1	-0.1	4.46573
13039136	805	0.1	-0.1	1.94716
13039136	806	0.1	-0.1	4.91564
13039136	807	0.1	-0.1	-1.55247
13039136	808	0.1	-0.1	2.76341
13039136	809	0.1	-0.1	3.43766
13039136	810	0.1	-0.1	-0.912292
13039136	811	0.1	-0.1	1.21941
13039136	812	0.1	-0.1	-3.0924
13039136	813	0.1	-0.1	4.71088
13039136	814	0.1	-0.1	-1.2345
13039136	815	0.1	-0.1	0.575573
13039136	816	0.1	-0.1	-1.16982
13039136	817	0.1	-0.1	-0.624384
13039136	818	0.1	-0.1	2.81954
13039136	819	0.1	-0.1	5.02724
13039136	820	0.1	-0.1	0.310612
13039136	821	0.1	-0.1	-0.497227
13039136	822	0.1	-0.1	-5.95026
13039136	823	0.1	-0.1	3.52917
13039136	824	0.1	-0.1	-5.94918
13039136	825	0.1	-0.1	-1.85626
13039136	826	0.1	-0.1	-2.8426
13039136	827	0.1	-0.1	-5.51792
13039136	828	0.1	-0.1	-1.0491
13039136	829	0.1	-0.1	-4.49243
13039136	830	0.1	-0.1	5.95294
13039136	831	0.1	-0.1	0.662993
13039136	832	0.1	-0.1	-3.21302
13039136	833	0.1	-0.1	-2.34655
13039136	834	0.1	-0.1	-5.40107
13039136	835	0.1	-0.1	-4.7357
13039136	836	0.1	-0.1	0.0515393
13039136	837	0.1	-0.1	-3.72481
13039136	838	0.1	-0.1	-3.19579
13039136	839	0.1	-0.1	0.0184057
13039136	840	0.1	-0.1	4.71892
13039136	841	0.1	-0.1	1.45613
13039136	842	0.1	-0.1	3.89416
13039136	843	0.1	-0.1	2.10921
13039136	844	0.1	-0.1	-1.54992
13039136	845	0.1	-0.1	3.00666
13039136	846	0.1	-0.1	-4.9138
13039136	847	0.1	-0.1	-3.9797
13039136	848	0.1	-0.1	-5.53331
13039136	849	0.1	-0.1	-0.132199
13039136	850	0.1	-0.1	-1.82043
13039136	851	0.1	-0.1	-2.08928
13039136	852	0.1	-0.1	-5.90199
13039136	853	0.1	-0.1	2.73896
13039136	854	0.1	-0.1	3.08099
13039136	855	0.1	-0.1	-0.251276
13039136	856	0.1	-0.1	-5.72726
13039136	857	0.1	-0.1	2.35557
13039136	858	0.1	-0.1	-3.91621
13039136	859	0.1	-0.1	3.84764
13039136	860	0.1	-0.1	3.63223
13039136	861	0.1	-0.1	-3.22441
13039136	862	0.1	-0.1	4.94715
13039136	863	0.1	-0.1	-4.93115
13039136	864	0.1	-0.1	5.31717
13039136	865	0.1	-0.1	4.43914
13039136	866	0.1	-0.1	4.94083
13039136	867	0.1	-0.1	2.9143
13039136	868	0.1	-0.1	-5.80037
13039136	869	0.1	-0.1	4.57708
13039136	870	0.1	-0.1	0.918143
13039136	871	0.1	-0.1	4.58737
13039136	872	0.1	-0.1	2.06798
13039136	873	0.1	-0.1	1.72393
13039136	874	0.1	-0.1	-0.395918
13039136	875	0.1	-0.1	-3.92972
13039136	876	0.1	-0.1	4.3404
13039136	877	0.1	-0.1	-2.19747
13039136	878	0.1	-0.1	-2.88668
13039136	879	0.1	-0.1	-3.62982
13039136	880	0.1	-0.1	-4.94195
13039136	881	0.1	-0.1	-0.559955
13039136	882	0.1	-0.1	-0.48331
13039136	883	0.1	-0.1	-4.52047
13039136	884	0.1	-0.1	-5.98036
13039136	885	0.1	-0.1	-3.71637
13039136	886	0.1	-0.1	4.8947
13039136	887	0.1	-0.1	4.97009
13039136	888	0.1	-0.1	-0.513301
13039136	889	0.1	-0.1	4.66156
13039136	890	0.1	-0.1	0.77279
13039136	891	0.1	-0.1	1.82806
13039136	892	0.1	-0.1	2.91388
13039136	893	0.1	-0.1	0.884117
13039136	894	0.1	-0.1	2.11091
13039136	895	0.1	-0.1	-4.61599
13039136	896	0.1	-0.1	-5.50791
13039136	897	0.1	-0.1	-3.20793
13039136	898	0.1	-0.1	-1.9229
13039136	899	0.1	-0.1	-0.706018
13039136	900	0.1	-0.1	3.96213
13039136	901	0.1	-0.1	-3.63557
13039136	902	0.1	-0.1	-1.35947
13039136	903	0.1	-0.1	5.7532
13039136	904	0.1	-0.1	3.34829
13039136	905	0.1	-0.1	-0.569475
13039136	906	0.1	-0.1	1.86621
13039136	907	0.1	-0.1	-2.75947
13039136	908	0.1	-0.1	-4.03553
13039136	909	0.1	-0.1	1.00132
13039136	910	0.1	-0.1	4.73583
13039136	911	0.1	-0.1	4.20457
13039136	912	0.1	-0.1	1.67187
13039136	913	0.1	-0.1	5.37809
13039136	914	0.1	-0.1	-1.54134
13039136	915	0.1	-0.1	3.45247
13039136	916	0.1	-0.1	-2.87536
13039136	917	0.1	-0.1	3.78628
13039136	918	0.1	-0.1	1.11379
13039136	919	0.1	-0.1	1.11002
13039136	920	0.1	-0.1	3.14013
13039136	921	0.1	-0.1	-5.80797
13039136	922	0.1	-0.1	-4.71047
13039136	923	0.1	-0.1	-5.22449
13039136	924	0.1	-0.1	-1.644
13039136	925	0.1	-0.1	2.81389
13039136	926	0.1	-0.1	-5.83866
13039136	927	0.1	-0.1	3.90707
13039136	928	0.1	-0.1	2.87903
13039136	929	0.1	-0.1	-3.70361
13039136	930	0.1	-0.1	-1.91298
13039136	931	0.1	-0.1	5.10409
13039136	932	0.1	-0.1	-3.83588
13039136	933	0.1	-0.1	2.34701
13039136	934	0.1	-0.1	-2.00414
13039136	935	0.1	-0.1	-3.99422
13039136	936	0.1	-0.1	0.0500048
13039136	937	0.1	-0.1	3.68027
13039136	938	0.1	-0.1	-4.09813
13039136	939	0.1	-0.1	1.14226
13039136	940	0.1	-0.1	-1.50565
13039136	941	0.1	-0.1	-0.471413
13039136	942	0.1	-0.1	-5.68137
13039136	943	0.1	-0.1	-2.31043
13039136	944	0.1	-0.1	2.34572
13039136	945	0.1	-0.1	4.81162
13039136	946	0.1	-0.1	-1.58371
13039136	947	0.1	-0.1	-0.44012
13039136	948	0.1	-0.1	3.82353
13039136	949	0.1	-0.1	3.00624
13039136	950	0.1	-0.1	-4.60119
13039136	951	0.1	-0.1	-2.54671
13039136	952	0.1	-0.1	2.94509
13039136	953	0.1	-0.1	2.91217
13039136	954	0.1	-0.1	-1.21839
13039136	955	0.1	-0.1	0.12096
13039136	956	0.1	-0.1	2.31334
13039136	957	0.1	-0.1	4.91166
13039136	958	0.1	-0.1	-2.83029
13039136	959	0.1	-0.1	1.25492
13039136	960	0.1	-0.1	-3.439
13039136	961	0.1	-0.1	1.5109
13039136	962	0.1	-0.1	0.882167
13039136	963	0.1	-0.1	-3.09695
13039136	964	0.1	-0.1	4.18163
13039136	965	0.1	-0.1	1.85848
13039136	966	0.1	-0.1	-0.650622
13039136	967	0.1	-0.1	2.91596
13039136	968	0.1	-0.1	-0.11265
13039136	969	0.1	-0.1	2.55333
13039136	970	0.1	-0.1	5.65309
13039136	971	0.1	-0.1	-0.00861176
13039136	972	0.1	-0.1	2.69063
13039136	973	0.1	-0.1	4.53269
13039136	974	0.1	-0.1	0.799602
13039136	975	0.1	-0.1	3.89585
13039136	976	0.1	-0.1	2.96776
13039136	977	0.1	-0.1	0.288043
13039136	978	0.1	-0.1	-2.42366
13039136	979	0.1	-0.1	-3.51817
13039136	980	0.1	-0.1	-3.10895
13039136	981	0.1	-0.1	-4.99854
13039136	982	0.1	-0.1	-0.53845
13039136	983	0.1	-0.1	1.77622
13039136	984	0.1	-0.1	4.41196
13039136	985	0.1	-0.1	4.01074
13039136	986	0.1	-0.1	-1.76793
13039136	987	0.1	-0.1	0.518544
13039136	988	0.1	-0.1	-5.42721
13039136	989	0.1	-0.1	-0.924985
13039136	990	0.1	-0.1	2.746
13039136	991	0.1	-0.1	-3.36902
13039136	992	0.1	-0.1	-4.59721
13039136	993	0.1	-0.1	5.56159
13039136	994	0.1	-0.1	2.65477
13039136	995	0.1	-0.1	4.21073
13039136	996	0.1	-0.1	5.47321
13039136	997	0.1	-0.1	3.55196
13039136	998	0.1	-0.1	-4.6298
13039136	999	0.1	-0.1	5.48028
13039136	1000	0.1	-0.1	-0.621181
