13049049	1	0.1	-0.1	-3.03798
13049049	2	0.1	-0.1	-0.29385
13049049	3	0.1	-0.1	4.37697
13049049	4	0.1	-0.1	-3.67644
13049049	5	0.1	-0.1	1.62991
13049049	6	0.1	-0.1	-5.17036
13049049	7	0.1	-0.1	3.90424
13049049	8	0.1	-0.1	-1.7972
13049049	9	0.1	-0.1	5.7898
13049049	10	0.1	-0.1	0.982742
13049049	11	0.1	-0.1	-1.74688
13049049	12	0.1	-0.1	4.89784
13049049	13	0.1	-0.1	0.112598
13049049	14	0.1	-0.1	-2.85488
13049049	15	0.1	-0.1	-5.95972
13049049	16	0.1	-0.1	-2.78762
13049049	17	0.1	-0.1	1.26336
13049049	18	0.1	-0.1	-3.67789
13049049	19	0.1	-0.1	-2.07367
13049049	20	0.1	-0.1	2.698
13049049	21	0.1	-0.1	-3.89235
13049049	22	0.1	-0.1	-1.84995
13049049	23	0.1	-0.1	-5.68163
13049049	24	0.1	-0.1	0.821127
13049049	25	0.1	-0.1	-5.11465
13049049	26	0.1	-0.1	2.99559
13049049	27	0.1	-0.1	-0.240896
13049049	28	0.1	-0.1	-3.25535
13049049	29	0.1	-0.1	3.03695
13049049	30	0.1	-0.1	5.13108
13049049	31	0.1	-0.1	-0.625459
13049049	32	0.1	-0.1	4.16772
13049049	33	0.1	-0.1	5.75271
13049049	34	0.1	-0.1	1.56685
13049049	35	0.1	-0.1	1.45815
13049049	36	0.1	-0.1	1.77636
13049049	37	0.1	-0.1	-3.50659
13049049	38	0.1	-0.1	-3.20986
13049049	39	0.1	-0.1	-2.2851
13049049	40	0.1	-0.1	0.903397
13049049	41	0.1	-0.1	-1.22824
13049049	42	0.1	-0.1	4.43172
13049049	43	0.1	-0.1	2.02505
13049049	44	0.1	-0.1	-3.63387
13049049	45	0.1	-0.1	1.38266
13049049	46	0.1	-0.1	3.8569
13049049	47	0.1	-0.1	-5.29999
13049049	48	0.1	-0.1	1.66397
13049049	49	0.1	-0.1	-1.74916
13049049	50	0.1	-0.1	-3.87072
13049049	51	0.1	-0.1	0.35977
13049049	52	0.1	-0.1	-1.88961
13049049	53	0.1	-0.1	-5.05082
13049049	54	0.1	-0.1	-0.487711
13049049	55	0.1	-0.1	4.71884
13049049	56	0.1	-0.1	3.00086
13049049	57	0.1	-0.1	2.94927
13049049	58	0.1	-0.1	5.58049
13049049	59	0.1	-0.1	-1.98668
13049049	60	0.1	-0.1	3.66076
13049049	61	0.1	-0.1	1.71704
13049049	62	0.1	-0.1	2.85752
13049049	63	0.1	-0.1	-1.00258
13049049	64	0.1	-0.1	-5.67867
13049049	65	0.1	-0.1	4.76663
13049049	66	0.1	-0.1	-4.24375
13049049	67	0.1	-0.1	-4.01154
13049049	68	0.1	-0.1	-5.48588
13049049	69	0.1	-0.1	-5.01835
13049049	70	0.1	-0.1	2.15163
13049049	71	0.1	-0.1	0.782932
13049049	72	0.1	-0.1	-2.92739
13049049	73	0.1	-0.1	-0.471897
13049049	74	0.1	-0.1	-3.59667
13049049	75	0.1	-0.1	-2.67868
13049049	76	0.1	-0.1	-1.63389
13049049	77	0.1	-0.1	5.92944
13049049	78	0.1	-0.1	2.27849
13049049	79	0.1	-0.1	2.43423
13049049	80	0.1	-0.1	5.34262
13049049	81	0.1	-0.1	-4.65564
13049049	82	0.1	-0.1	3.31338
13049049	83	0.1	-0.1	1.022
13049049	84	0.1	-0.1	5.61098
13049049	85	0.1	-0.1	0.961593
13049049	86	0.1	-0.1	-3.94603
13049049	87	0.1	-0.1	2.79648
13049049	88	0.1	-0.1	5.67855
13049049	89	0.1	-0.1	-3.36087
13049049	90	0.1	-0.1	1.33457
13049049	91	0.1	-0.1	-4.08339
13049049	92	0.1	-0.1	-5.4588
13049049	93	0.1	-0.1	-4.73174
13049049	94	0.1	-0.1	-3.37376
13049049	95	0.1	-0.1	0.0415921
13049049	96	0.1	-0.1	4.43285
13049049	97	0.1	-0.1	4.17665
13049049	98	0.1	-0.1	-1.97617
13049049	99	0.1	-0.1	-4.23609
13049049	100	0.1	-0.1	-3.36312
13049049	101	0.1	-0.1	0.0770892
13049049	102	0.1	-0.1	-3.40821
13049049	103	0.1	-0.1	-4.90494
13049049	104	0.1	-0.1	-5.7752
13049049	105	0.1	-0.1	4.13645
13049049	106	0.1	-0.1	-1.83836
13049049	107	0.1	-0.1	0.235295
13049049	108	0.1	-0.1	-5.53894
13049049	109	0.1	-0.1	-2.24439
13049049	110	0.1	-0.1	-3.87665
13049049	111	0.1	-0.1	-5.5409
13049049	112	0.1	-0.1	4.56897
13049049	113	0.1	-0.1	-3.37122
13049049	114	0.1	-0.1	5.72556
13049049	115	0.1	-0.1	1.02395
13049049	116	0.1	-0.1	1.22772
13049049	117	0.1	-0.1	-4.50699
13049049	118	0.1	-0.1	0.0666134
13049049	119	0.1	-0.1	-4.29225
13049049	120	0.1	-0.1	-3.3688
13049049	121	0.1	-0.1	1.87087
13049049	122	0.1	-0.1	-1.12001
13049049	123	0.1	-0.1	-3.90971
13049049	124	0.1	-0.1	5.71843
13049049	125	0.1	-0.1	3.29173
13049049	126	0.1	-0.1	-1.41154
13049049	127	0.1	-0.1	-3.75846
13049049	128	0.1	-0.1	-1.91098
13049049	129	0.1	-0.1	2.03956
13049049	130	0.1	-0.1	-1.91116
13049049	131	0.1	-0.1	5.10669
13049049	132	0.1	-0.1	5.03445
13049049	133	0.1	-0.1	2.63001
13049049	134	0.1	-0.1	3.56699
13049049	135	0.1	-0.1	3.46435
13049049	136	0.1	-0.1	-4.48413
13049049	137	0.1	-0.1	-3.9192
13049049	138	0.1	-0.1	-4.13224
13049049	139	0.1	-0.1	-4.27109
13049049	140	0.1	-0.1	2.98469
13049049	141	0.1	-0.1	2.87822
13049049	142	0.1	-0.1	0.787622
13049049	143	0.1	-0.1	-4.6822
13049049	144	0.1	-0.1	-4.42057
13049049	145	0.1	-0.1	-2.44584
13049049	146	0.1	-0.1	-2.42693
13049049	147	0.1	-0.1	5.38356
13049049	148	0.1	-0.1	-0.014645
13049049	149	0.1	-0.1	5.97193
13049049	150	0.1	-0.1	3.9311
13049049	151	0.1	-0.1	-1.68265
13049049	152	0.1	-0.1	-4.55173
13049049	153	0.1	-0.1	2.69165
13049049	154	0.1	-0.1	1.38513
13049049	155	0.1	-0.1	-0.995677
13049049	156	0.1	-0.1	-4.09288
13049049	157	0.1	-0.1	-4.56553
13049049	158	0.1	-0.1	-3.27892
13049049	159	0.1	-0.1	-3.38135
13049049	160	0.1	-0.1	-4.48808
13049049	161	0.1	-0.1	3.08164
13049049	162	0.1	-0.1	0.317117
13049049	163	0.1	-0.1	-3.05367
13049049	164	0.1	-0.1	-3.72823
13049049	165	0.1	-0.1	4.34529
13049049	166	0.1	-0.1	1.77395
13049049	167	0.1	-0.1	0.94409
13049049	168	0.1	-0.1	4.84165
13049049	169	0.1	-0.1	5.13405
13049049	170	0.1	-0.1	-0.0838578
13049049	171	0.1	-0.1	-2.76221
13049049	172	0.1	-0.1	-5.947
13049049	173	0.1	-0.1	2.70219
13049049	174	0.1	-0.1	-0.625449
13049049	175	0.1	-0.1	3.34846
13049049	176	0.1	-0.1	2.63102
13049049	177	0.1	-0.1	0.0301668
13049049	178	0.1	-0.1	3.28359
13049049	179	0.1	-0.1	-3.91726
13049049	180	0.1	-0.1	-5.39522
13049049	181	0.1	-0.1	-2.8458
13049049	182	0.1	-0.1	-5.9172
13049049	183	0.1	-0.1	-3.89362
13049049	184	0.1	-0.1	-0.070875
13049049	185	0.1	-0.1	4.35454
13049049	186	0.1	-0.1	-4.00289
13049049	187	0.1	-0.1	0.634237
13049049	188	0.1	-0.1	-4.8217
13049049	189	0.1	-0.1	4.45696
13049049	190	0.1	-0.1	-4.02054
13049049	191	0.1	-0.1	3.39889
13049049	192	0.1	-0.1	-3.55552
13049049	193	0.1	-0.1	5.39169
13049049	194	0.1	-0.1	-2.30229
13049049	195	0.1	-0.1	-5.2356
13049049	196	0.1	-0.1	1.21496
13049049	197	0.1	-0.1	-2.64739
13049049	198	0.1	-0.1	4.66302
13049049	199	0.1	-0.1	4.6627
13049049	200	0.1	-0.1	-1.85586
13049049	201	0.1	-0.1	0.504837
13049049	202	0.1	-0.1	-0.660534
13049049	203	0.1	-0.1	2.05782
13049049	204	0.1	-0.1	3.49615
13049049	205	0.1	-0.1	-5.82419
13049049	206	0.1	-0.1	4.59412
13049049	207	0.1	-0.1	-2.25603
13049049	208	0.1	-0.1	5.92655
13049049	209	0.1	-0.1	-2.84104
13049049	210	0.1	-0.1	5.37085
13049049	211	0.1	-0.1	-5.92848
13049049	212	0.1	-0.1	-3.13827
13049049	213	0.1	-0.1	-5.55099
13049049	214	0.1	-0.1	1.01884
13049049	215	0.1	-0.1	3.29245
13049049	216	0.1	-0.1	1.99909
13049049	217	0.1	-0.1	3.51456
13049049	218	0.1	-0.1	-4.73296
13049049	219	0.1	-0.1	-3.29435
13049049	220	0.1	-0.1	2.01404
13049049	221	0.1	-0.1	-3.63489
13049049	222	0.1	-0.1	4.85307
13049049	223	0.1	-0.1	4.63333
13049049	224	0.1	-0.1	3.68363
13049049	225	0.1	-0.1	5.74887
13049049	226	0.1	-0.1	-0.843595
13049049	227	0.1	-0.1	5.94009
13049049	228	0.1	-0.1	-3.68905
13049049	229	0.1	-0.1	-4.13995
13049049	230	0.1	-0.1	-1.37995
13049049	231	0.1	-0.1	1.82458
13049049	232	0.1	-0.1	-2.64799
13049049	233	0.1	-0.1	-3.29021
13049049	234	0.1	-0.1	5.4978
13049049	235	0.1	-0.1	1.5173
13049049	236	0.1	-0.1	-3.04666
13049049	237	0.1	-0.1	-4.04434
13049049	238	0.1	-0.1	-4.97101
13049049	239	0.1	-0.1	5.52202
13049049	240	0.1	-0.1	4.76728
13049049	241	0.1	-0.1	-1.71093
13049049	242	0.1	-0.1	-5.99759
13049049	243	0.1	-0.1	-4.49375
13049049	244	0.1	-0.1	-0.0803297
13049049	245	0.1	-0.1	-5.70241
13049049	246	0.1	-0.1	-5.08688
13049049	247	0.1	-0.1	3.19649
13049049	248	0.1	-0.1	1.71953
13049049	249	0.1	-0.1	-1.03006
13049049	250	0.1	-0.1	-4.5492
13049049	251	0.1	-0.1	5.3094
13049049	252	0.1	-0.1	-0.255004
13049049	253	0.1	-0.1	-4.16342
13049049	254	0.1	-0.1	3.61243
13049049	255	0.1	-0.1	3.86741
13049049	256	0.1	-0.1	2.06428
13049049	257	0.1	-0.1	-1.29489
13049049	258	0.1	-0.1	5.72064
13049049	259	0.1	-0.1	1.14063
13049049	260	0.1	-0.1	0.957321
13049049	261	0.1	-0.1	0.365066
13049049	262	0.1	-0.1	5.72616
13049049	263	0.1	-0.1	-2.87418
13049049	264	0.1	-0.1	-2.55127
13049049	265	0.1	-0.1	5.65762
13049049	266	0.1	-0.1	2.90657
13049049	267	0.1	-0.1	-5.90387
13049049	268	0.1	-0.1	4.19036
13049049	269	0.1	-0.1	5.2463
13049049	270	0.1	-0.1	5.12779
13049049	271	0.1	-0.1	4.39842
13049049	272	0.1	-0.1	1.31097
13049049	273	0.1	-0.1	0.989631
13049049	274	0.1	-0.1	2.7939
13049049	275	0.1	-0.1	5.82248
13049049	276	0.1	-0.1	-4.99257
13049049	277	0.1	-0.1	3.78722
13049049	278	0.1	-0.1	-4.03405
13049049	279	0.1	-0.1	-4.27975
13049049	280	0.1	-0.1	-0.000995292
13049049	281	0.1	-0.1	-4.35156
13049049	282	0.1	-0.1	-0.0395603
13049049	283	0.1	-0.1	-1.73642
13049049	284	0.1	-0.1	3.3378
13049049	285	0.1	-0.1	1.26317
13049049	286	0.1	-0.1	3.03024
13049049	287	0.1	-0.1	1.93425
13049049	288	0.1	-0.1	2.84138
13049049	289	0.1	-0.1	-0.868154
13049049	290	0.1	-0.1	-0.635675
13049049	291	0.1	-0.1	-3.76629
13049049	292	0.1	-0.1	1.3665
13049049	293	0.1	-0.1	-5.13083
13049049	294	0.1	-0.1	3.69369
13049049	295	0.1	-0.1	2.90373
13049049	296	0.1	-0.1	3.19004
13049049	297	0.1	-0.1	-3.67166
13049049	298	0.1	-0.1	-1.22877
13049049	299	0.1	-0.1	0.493371
13049049	300	0.1	-0.1	0.94401
13049049	301	0.1	-0.1	-3.44916
13049049	302	0.1	-0.1	2.1922
13049049	303	0.1	-0.1	-1.99648
13049049	304	0.1	-0.1	3.96541
13049049	305	0.1	-0.1	5.82052
13049049	306	0.1	-0.1	-5.30369
13049049	307	0.1	-0.1	1.61726
13049049	308	0.1	-0.1	2.27529
13049049	309	0.1	-0.1	-2.43221
13049049	310	0.1	-0.1	-3.99546
13049049	311	0.1	-0.1	0.708391
13049049	312	0.1	-0.1	2.00267
13049049	313	0.1	-0.1	1.18838
13049049	314	0.1	-0.1	2.64065
13049049	315	0.1	-0.1	3.2819
13049049	316	0.1	-0.1	3.74569
13049049	317	0.1	-0.1	5.58877
13049049	318	0.1	-0.1	5.56082
13049049	319	0.1	-0.1	2.34063
13049049	320	0.1	-0.1	-2.51235
13049049	321	0.1	-0.1	-4.18289
13049049	322	0.1	-0.1	3.39117
13049049	323	0.1	-0.1	-3.33712
13049049	324	0.1	-0.1	5.38633
13049049	325	0.1	-0.1	4.9546
13049049	326	0.1	-0.1	2.23054
13049049	327	0.1	-0.1	1.90998
13049049	328	0.1	-0.1	-1.91888
13049049	329	0.1	-0.1	-0.997676
13049049	330	0.1	-0.1	-4.90219
13049049	331	0.1	-0.1	5.75821
13049049	332	0.1	-0.1	-1.01851
13049049	333	0.1	-0.1	-1.3781
13049049	334	0.1	-0.1	4.98164
13049049	335	0.1	-0.1	-3.50955
13049049	336	0.1	-0.1	-2.75913
13049049	337	0.1	-0.1	3.31988
13049049	338	0.1	-0.1	4.26316
13049049	339	0.1	-0.1	-0.0635139
13049049	340	0.1	-0.1	3.32002
13049049	341	0.1	-0.1	1.06976
13049049	342	0.1	-0.1	0.0923572
13049049	343	0.1	-0.1	-2.58591
13049049	344	0.1	-0.1	1.76133
13049049	345	0.1	-0.1	-5.69645
13049049	346	0.1	-0.1	2.54965
13049049	347	0.1	-0.1	1.19985
13049049	348	0.1	-0.1	4.29913
13049049	349	0.1	-0.1	5.76147
13049049	350	0.1	-0.1	4.60988
13049049	351	0.1	-0.1	0.457566
13049049	352	0.1	-0.1	-0.838938
13049049	353	0.1	-0.1	4.75538
13049049	354	0.1	-0.1	-5.12723
13049049	355	0.1	-0.1	-2.64642
13049049	356	0.1	-0.1	1.20655
13049049	357	0.1	-0.1	-4.55714
13049049	358	0.1	-0.1	-3.57459
13049049	359	0.1	-0.1	5.87325
13049049	360	0.1	-0.1	0.440959
13049049	361	0.1	-0.1	-5.41561
13049049	362	0.1	-0.1	3.72305
13049049	363	0.1	-0.1	-0.273344
13049049	364	0.1	-0.1	-0.375434
13049049	365	0.1	-0.1	-0.340854
13049049	366	0.1	-0.1	2.55294
13049049	367	0.1	-0.1	3.34967
13049049	368	0.1	-0.1	-5.05537
13049049	369	0.1	-0.1	3.98888
13049049	370	0.1	-0.1	0.160386
13049049	371	0.1	-0.1	-4.75455
13049049	372	0.1	-0.1	0.901141
13049049	373	0.1	-0.1	-3.47036
13049049	374	0.1	-0.1	-3.46913
13049049	375	0.1	-0.1	3.22335
13049049	376	0.1	-0.1	-5.06232
13049049	377	0.1	-0.1	5.80877
13049049	378	0.1	-0.1	4.70469
13049049	379	0.1	-0.1	-1.92343
13049049	380	0.1	-0.1	5.85326
13049049	381	0.1	-0.1	-5.91838
13049049	382	0.1	-0.1	3.70064
13049049	383	0.1	-0.1	-4.91664
13049049	384	0.1	-0.1	-2.02174
13049049	385	0.1	-0.1	4.67067
13049049	386	0.1	-0.1	-5.39837
13049049	387	0.1	-0.1	3.82472
13049049	388	0.1	-0.1	4.62762
13049049	389	0.1	-0.1	-0.901522
13049049	390	0.1	-0.1	3.84175
13049049	391	0.1	-0.1	-4.24794
13049049	392	0.1	-0.1	-5.05485
13049049	393	0.1	-0.1	5.75637
13049049	394	0.1	-0.1	-2.26648
13049049	395	0.1	-0.1	-5.20409
13049049	396	0.1	-0.1	-2.3604
13049049	397	0.1	-0.1	5.52613
13049049	398	0.1	-0.1	1.84769
13049049	399	0.1	-0.1	-4.04957
13049049	400	0.1	-0.1	-4.40798
13049049	401	0.1	-0.1	0.628494
13049049	402	0.1	-0.1	2.88654
13049049	403	0.1	-0.1	-0.315514
13049049	404	0.1	-0.1	-2.91089
13049049	405	0.1	-0.1	0.591667
13049049	406	0.1	-0.1	5.23413
13049049	407	0.1	-0.1	0.116068
13049049	408	0.1	-0.1	2.75014
13049049	409	0.1	-0.1	5.7759
13049049	410	0.1	-0.1	0.76256
13049049	411	0.1	-0.1	-4.79906
13049049	412	0.1	-0.1	-3.53706
13049049	413	0.1	-0.1	-5.14948
13049049	414	0.1	-0.1	4.21894
13049049	415	0.1	-0.1	3.38586
13049049	416	0.1	-0.1	-1.88486
13049049	417	0.1	-0.1	3.54361
13049049	418	0.1	-0.1	0.219424
13049049	419	0.1	-0.1	0.357858
13049049	420	0.1	-0.1	5.51465
13049049	421	0.1	-0.1	-5.92575
13049049	422	0.1	-0.1	-5.86759
13049049	423	0.1	-0.1	3.75388
13049049	424	0.1	-0.1	-4.2259
13049049	425	0.1	-0.1	3.18416
13049049	426	0.1	-0.1	-3.67898
13049049	427	0.1	-0.1	0.0363861
13049049	428	0.1	-0.1	-3.19341
13049049	429	0.1	-0.1	-0.497046
13049049	430	0.1	-0.1	-1.70521
13049049	431	0.1	-0.1	3.43589
13049049	432	0.1	-0.1	-4.20305
13049049	433	0.1	-0.1	3.32721
13049049	434	0.1	-0.1	-0.547503
13049049	435	0.1	-0.1	-3.00297
13049049	436	0.1	-0.1	4.96859
13049049	437	0.1	-0.1	-2.89717
13049049	438	0.1	-0.1	-5.27001
13049049	439	0.1	-0.1	-4.28952
13049049	440	0.1	-0.1	1.03112
13049049	441	0.1	-0.1	2.06533
13049049	442	0.1	-0.1	3.33489
13049049	443	0.1	-0.1	2.26714
13049049	444	0.1	-0.1	4.12757
13049049	445	0.1	-0.1	-5.01043
13049049	446	0.1	-0.1	3.42371
13049049	447	0.1	-0.1	-2.27661
13049049	448	0.1	-0.1	3.29082
13049049	449	0.1	-0.1	0.101692
13049049	450	0.1	-0.1	-1.54737
13049049	451	0.1	-0.1	4.46174
13049049	452	0.1	-0.1	-0.780143
13049049	453	0.1	-0.1	-1.32608
13049049	454	0.1	-0.1	4.13763
13049049	455	0.1	-0.1	-5.0006
13049049	456	0.1	-0.1	3.84798
13049049	457	0.1	-0.1	0.319451
13049049	458	0.1	-0.1	1.78161
13049049	459	0.1	-0.1	2.63134
13049049	460	0.1	-0.1	-3.37119
13049049	461	0.1	-0.1	-3.14798
13049049	462	0.1	-0.1	-3.80119
13049049	463	0.1	-0.1	1.8337
13049049	464	0.1	-0.1	0.403623
13049049	465	0.1	-0.1	3.2937
13049049	466	0.1	-0.1	-1.77369
13049049	467	0.1	-0.1	0.731761
13049049	468	0.1	-0.1	0.362061
13049049	469	0.1	-0.1	-4.50977
13049049	470	0.1	-0.1	2.27629
13049049	471	0.1	-0.1	-0.357589
13049049	472	0.1	-0.1	-3.14735
13049049	473	0.1	-0.1	5.35943
13049049	474	0.1	-0.1	-4.02998
13049049	475	0.1	-0.1	4.47317
13049049	476	0.1	-0.1	5.90773
13049049	477	0.1	-0.1	3.59167
13049049	478	0.1	-0.1	-5.85586
13049049	479	0.1	-0.1	-4.67979
13049049	480	0.1	-0.1	-2.94515
13049049	481	0.1	-0.1	2.34473
13049049	482	0.1	-0.1	-3.18547
13049049	483	0.1	-0.1	-0.750389
13049049	484	0.1	-0.1	4.79945
13049049	485	0.1	-0.1	2.58696
13049049	486	0.1	-0.1	3.43988
13049049	487	0.1	-0.1	-2.63168
13049049	488	0.1	-0.1	2.14525
13049049	489	0.1	-0.1	-4.92566
13049049	490	0.1	-0.1	-2.25857
13049049	491	0.1	-0.1	2.75138
13049049	492	0.1	-0.1	0.0718467
13049049	493	0.1	-0.1	0.0980258
13049049	494	0.1	-0.1	-4.87265
13049049	495	0.1	-0.1	0.329768
13049049	496	0.1	-0.1	1.54089
13049049	497	0.1	-0.1	-2.86557
13049049	498	0.1	-0.1	0.0685633
13049049	499	0.1	-0.1	0.739056
13049049	500	0.1	-0.1	0.064078
13049049	501	0.1	-0.1	-2.72456
13049049	502	0.1	-0.1	-1.14312
13049049	503	0.1	-0.1	-5.83628
13049049	504	0.1	-0.1	3.99285
13049049	505	0.1	-0.1	-4.33088
13049049	506	0.1	-0.1	-2.26124
13049049	507	0.1	-0.1	-4.58482
13049049	508	0.1	-0.1	4.303
13049049	509	0.1	-0.1	3.61656
13049049	510	0.1	-0.1	5.86137
13049049	511	0.1	-0.1	-1.82399
13049049	512	0.1	-0.1	2.14633
13049049	513	0.1	-0.1	0.561685
13049049	514	0.1	-0.1	5.01242
13049049	515	0.1	-0.1	5.21175
13049049	516	0.1	-0.1	-2.39064
13049049	517	0.1	-0.1	-3.83884
13049049	518	0.1	-0.1	5.66515
13049049	519	0.1	-0.1	-3.57088
13049049	520	0.1	-0.1	0.25537
13049049	521	0.1	-0.1	5.5639
13049049	522	0.1	-0.1	-2.38873
13049049	523	0.1	-0.1	-5.07262
13049049	524	0.1	-0.1	5.06567
13049049	525	0.1	-0.1	3.67046
13049049	526	0.1	-0.1	5.95274
13049049	527	0.1	-0.1	5.21841
13049049	528	0.1	-0.1	-5.44389
13049049	529	0.1	-0.1	-3.55614
13049049	530	0.1	-0.1	-4.35201
13049049	531	0.1	-0.1	-2.85747
13049049	532	0.1	-0.1	0.392651
13049049	533	0.1	-0.1	-4.00907
13049049	534	0.1	-0.1	-5.68971
13049049	535	0.1	-0.1	-3.18719
13049049	536	0.1	-0.1	-2.74163
13049049	537	0.1	-0.1	3.73907
13049049	538	0.1	-0.1	1.57671
13049049	539	0.1	-0.1	2.91802
13049049	540	0.1	-0.1	-2.41488
13049049	541	0.1	-0.1	2.95809
13049049	542	0.1	-0.1	-1.44984
13049049	543	0.1	-0.1	0.834364
13049049	544	0.1	-0.1	-1.5797
13049049	545	0.1	-0.1	-4.73387
13049049	546	0.1	-0.1	-0.710359
13049049	547	0.1	-0.1	-1.11353
13049049	548	0.1	-0.1	0.418774
13049049	549	0.1	-0.1	-2.99754
13049049	550	0.1	-0.1	4.17062
13049049	551	0.1	-0.1	2.35615
13049049	552	0.1	-0.1	-0.41177
13049049	553	0.1	-0.1	5.98492
13049049	554	0.1	-0.1	4.30186
13049049	555	0.1	-0.1	-1.81728
13049049	556	0.1	-0.1	0.803885
13049049	557	0.1	-0.1	3.4458
13049049	558	0.1	-0.1	-1.54045
13049049	559	0.1	-0.1	1.00587
13049049	560	0.1	-0.1	-5.31154
13049049	561	0.1	-0.1	1.22482
13049049	562	0.1	-0.1	3.64949
13049049	563	0.1	-0.1	-5.75367
13049049	564	0.1	-0.1	3.51267
13049049	565	0.1	-0.1	-3.33311
13049049	566	0.1	-0.1	-0.698624
13049049	567	0.1	-0.1	3.76057
13049049	568	0.1	-0.1	-4.4188
13049049	569	0.1	-0.1	-4.35519
13049049	570	0.1	-0.1	4.97222
13049049	571	0.1	-0.1	-2.64849
13049049	572	0.1	-0.1	4.08931
13049049	573	0.1	-0.1	-5.62882
13049049	574	0.1	-0.1	-4.69094
13049049	575	0.1	-0.1	-5.54601
13049049	576	0.1	-0.1	-5.2019
13049049	577	0.1	-0.1	0.9547
13049049	578	0.1	-0.1	0.448884
13049049	579	0.1	-0.1	-0.509356
13049049	580	0.1	-0.1	-0.964114
13049049	581	0.1	-0.1	5.6513
13049049	582	0.1	-0.1	5.04478
13049049	583	0.1	-0.1	-3.71629
13049049	584	0.1	-0.1	0.0884269
13049049	585	0.1	-0.1	-5.83335
13049049	586	0.1	-0.1	0.845101
13049049	587	0.1	-0.1	2.12195
13049049	588	0.1	-0.1	3.16495
13049049	589	0.1	-0.1	5.87552
13049049	590	0.1	-0.1	3.85043
13049049	591	0.1	-0.1	-1.22367
13049049	592	0.1	-0.1	0.4246
13049049	593	0.1	-0.1	0.995567
13049049	594	0.1	-0.1	0.506886
13049049	595	0.1	-0.1	4.19944
13049049	596	0.1	-0.1	3.65548
13049049	597	0.1	-0.1	-3.1812
13049049	598	0.1	-0.1	-5.44063
13049049	599	0.1	-0.1	4.26213
13049049	600	0.1	-0.1	-4.63995
13049049	601	0.1	-0.1	4.82224
13049049	602	0.1	-0.1	-0.269532
13049049	603	0.1	-0.1	4.59267
13049049	604	0.1	-0.1	5.36861
13049049	605	0.1	-0.1	2.00886
13049049	606	0.1	-0.1	4.09524
13049049	607	0.1	-0.1	1.63492
13049049	608	0.1	-0.1	-0.651205
13049049	609	0.1	-0.1	5.28089
13049049	610	0.1	-0.1	-0.574263
13049049	611	0.1	-0.1	-4.584
13049049	612	0.1	-0.1	1.43689
13049049	613	0.1	-0.1	1.5461
13049049	614	0.1	-0.1	-2.75928
13049049	615	0.1	-0.1	1.94128
13049049	616	0.1	-0.1	-2.30581
13049049	617	0.1	-0.1	3.3119
13049049	618	0.1	-0.1	5.84493
13049049	619	0.1	-0.1	-1.1997
13049049	620	0.1	-0.1	-0.300508
13049049	621	0.1	-0.1	-4.93416
13049049	622	0.1	-0.1	-1.41443
13049049	623	0.1	-0.1	1.84006
13049049	624	0.1	-0.1	-2.34118
13049049	625	0.1	-0.1	1.68229
13049049	626	0.1	-0.1	2.64976
13049049	627	0.1	-0.1	-5.83775
13049049	628	0.1	-0.1	4.34351
13049049	629	0.1	-0.1	2.36638
13049049	630	0.1	-0.1	3.51671
13049049	631	0.1	-0.1	-1.7306
13049049	632	0.1	-0.1	-3.83728
13049049	633	0.1	-0.1	3.92086
13049049	634	0.1	-0.1	2.19636
13049049	635	0.1	-0.1	5.64905
13049049	636	0.1	-0.1	-2.39849
13049049	637	0.1	-0.1	1.8042
13049049	638	0.1	-0.1	-3.37425
13049049	639	0.1	-0.1	-3.56656
13049049	640	0.1	-0.1	-0.93926
13049049	641	0.1	-0.1	1.63103
13049049	642	0.1	-0.1	-3.50297
13049049	643	0.1	-0.1	-5.53482
13049049	644	0.1	-0.1	-1.93248
13049049	645	0.1	-0.1	4.34789
13049049	646	0.1	-0.1	-0.0205232
13049049	647	0.1	-0.1	-5.92645
13049049	648	0.1	-0.1	5.83146
13049049	649	0.1	-0.1	0.498194
13049049	650	0.1	-0.1	-1.05201
13049049	651	0.1	-0.1	-2.67989
13049049	652	0.1	-0.1	-1.49674
13049049	653	0.1	-0.1	-3.75095
13049049	654	0.1	-0.1	-0.0066754
13049049	655	0.1	-0.1	4.32655
13049049	656	0.1	-0.1	-0.477535
13049049	657	0.1	-0.1	2.3205
13049049	658	0.1	-0.1	-5.20464
13049049	659	0.1	-0.1	-2.04991
13049049	660	0.1	-0.1	-1.0409
13049049	661	0.1	-0.1	0.800522
13049049	662	0.1	-0.1	5.60835
13049049	663	0.1	-0.1	5.11849
13049049	664	0.1	-0.1	2.53009
13049049	665	0.1	-0.1	5.88661
13049049	666	0.1	-0.1	5.30202
13049049	667	0.1	-0.1	1.77222
13049049	668	0.1	-0.1	-1.55748
13049049	669	0.1	-0.1	1.3185
13049049	670	0.1	-0.1	-3.17622
13049049	671	0.1	-0.1	1.97874
13049049	672	0.1	-0.1	0.0455018
13049049	673	0.1	-0.1	-3.83247
13049049	674	0.1	-0.1	-5.26578
13049049	675	0.1	-0.1	2.35268
13049049	676	0.1	-0.1	4.87278
13049049	677	0.1	-0.1	3.53306
13049049	678	0.1	-0.1	0.868818
13049049	679	0.1	-0.1	-2.23458
13049049	680	0.1	-0.1	0.342399
13049049	681	0.1	-0.1	-0.152402
13049049	682	0.1	-0.1	-2.83644
13049049	683	0.1	-0.1	-4.61825
13049049	684	0.1	-0.1	3.05836
13049049	685	0.1	-0.1	-1.38069
13049049	686	0.1	-0.1	-5.02197
13049049	687	0.1	-0.1	-3.83878
13049049	688	0.1	-0.1	5.61662
13049049	689	0.1	-0.1	-5.3495
13049049	690	0.1	-0.1	1.83528
13049049	691	0.1	-0.1	3.2473
13049049	692	0.1	-0.1	0.108662
13049049	693	0.1	-0.1	-0.895604
13049049	694	0.1	-0.1	3.758
13049049	695	0.1	-0.1	4.25461
13049049	696	0.1	-0.1	0.384381
13049049	697	0.1	-0.1	0.0404265
13049049	698	0.1	-0.1	-0.226392
13049049	699	0.1	-0.1	2.39326
13049049	700	0.1	-0.1	3.70071
13049049	701	0.1	-0.1	3.41222
13049049	702	0.1	-0.1	-1.78218
13049049	703	0.1	-0.1	-5.20306
13049049	704	0.1	-0.1	3.56275
13049049	705	0.1	-0.1	2.83731
13049049	706	0.1	-0.1	-0.400399
13049049	707	0.1	-0.1	1.40686
13049049	708	0.1	-0.1	-2.2198
13049049	709	0.1	-0.1	2.60697
13049049	710	0.1	-0.1	2.48942
13049049	711	0.1	-0.1	-2.57972
13049049	712	0.1	-0.1	3.3367
13049049	713	0.1	-0.1	5.39767
13049049	714	0.1	-0.1	2.78765
13049049	715	0.1	-0.1	-3.13045
13049049	716	0.1	-0.1	-4.12268
13049049	717	0.1	-0.1	2.02208
13049049	718	0.1	-0.1	-0.857663
13049049	719	0.1	-0.1	-2.09159
13049049	720	0.1	-0.1	-3.13452
13049049	721	0.1	-0.1	4.00531
13049049	722	0.1	-0.1	4.35431
13049049	723	0.1	-0.1	-4.6176
13049049	724	0.1	-0.1	3.42217
13049049	725	0.1	-0.1	3.76356
13049049	726	0.1	-0.1	-5.28673
13049049	727	0.1	-0.1	3.5789
13049049	728	0.1	-0.1	-5.11912
13049049	729	0.1	-0.1	2.43519
13049049	730	0.1	-0.1	-0.111708
13049049	731	0.1	-0.1	-2.58479
13049049	732	0.1	-0.1	-2.83633
13049049	733	0.1	-0.1	-4.24805
13049049	734	0.1	-0.1	-5.01636
13049049	735	0.1	-0.1	-1.36965
13049049	736	0.1	-0.1	4.38992
13049049	737	0.1	-0.1	-0.887838
13049049	738	0.1	-0.1	2.00095
13049049	739	0.1	-0.1	-3.64012
13049049	740	0.1	-0.1	-5.39926
13049049	741	0.1	-0.1	1.68267
13049049	742	0.1	-0.1	-2.03409
13049049	743	0.1	-0.1	-1.9071
13049049	744	0.1	-0.1	3.20738
13049049	745	0.1	-0.1	-3.18767
13049049	746	0.1	-0.1	-5.02422
13049049	747	0.1	-0.1	-1.91677
13049049	748	0.1	-0.1	-1.44301
13049049	749	0.1	-0.1	1.71102
13049049	750	0.1	-0.1	4.70143
13049049	751	0.1	-0.1	4.78776
13049049	752	0.1	-0.1	3.68927
13049049	753	0.1	-0.1	-3.16875
13049049	754	0.1	-0.1	2.49419
13049049	755	0.1	-0.1	-0.25932
13049049	756	0.1	-0.1	3.84292
13049049	757	0.1	-0.1	2.27393
13049049	758	0.1	-0.1	-5.24271
13049049	759	0.1	-0.1	-2.59219
13049049	760	0.1	-0.1	1.34409
13049049	761	0.1	-0.1	4.63521
13049049	762	0.1	-0.1	4.48751
13049049	763	0.1	-0.1	4.81127
13049049	764	0.1	-0.1	4.67092
13049049	765	0.1	-0.1	-4.9518
13049049	766	0.1	-0.1	1.0164
13049049	767	0.1	-0.1	0.795824
13049049	768	0.1	-0.1	4.33157
13049049	769	0.1	-0.1	-4.00232
13049049	770	0.1	-0.1	3.9266
13049049	771	0.1	-0.1	3.39892
13049049	772	0.1	-0.1	5.29415
13049049	773	0.1	-0.1	-4.77743
13049049	774	0.1	-0.1	2.51749
13049049	775	0.1	-0.1	-2.02923
13049049	776	0.1	-0.1	-2.26867
13049049	777	0.1	-0.1	3.33477
13049049	778	0.1	-0.1	3.93119
13049049	779	0.1	-0.1	-0.60919
13049049	780	0.1	-0.1	-5.19491
13049049	781	0.1	-0.1	-4.94319
13049049	782	0.1	-0.1	5.7971
13049049	783	0.1	-0.1	4.70684
13049049	784	0.1	-0.1	-5.90832
13049049	785	0.1	-0.1	-3.23289
13049049	786	0.1	-0.1	5.53892
13049049	787	0.1	-0.1	0.0459883
13049049	788	0.1	-0.1	-5.01858
13049049	789	0.1	-0.1	1.4516
13049049	790	0.1	-0.1	4.12402
13049049	791	0.1	-0.1	-1.80589
13049049	792	0.1	-0.1	1.04921
13049049	793	0.1	-0.1	5.62295
13049049	794	0.1	-0.1	5.536
13049049	795	0.1	-0.1	5.68285
13049049	796	0.1	-0.1	0.0257139
13049049	797	0.1	-0.1	1.23447
13049049	798	0.1	-0.1	-1.19115
13049049	799	0.1	-0.1	-2.42881
13049049	800	0.1	-0.1	1.44149
13049049	801	0.1	-0.1	3.38463
13049049	802	0.1	-0.1	1.37184
13049049	803	0.1	-0.1	3.73534
13049049	804	0.1	-0.1	4.31812
13049049	805	0.1	-0.1	-5.22735
13049049	806	0.1	-0.1	-5.77246
13049049	807	0.1	-0.1	1.54582
13049049	808	0.1	-0.1	4.60101
13049049	809	0.1	-0.1	-1.30274
13049049	810	0.1	-0.1	-1.59282
13049049	811	0.1	-0.1	5.74174
13049049	812	0.1	-0.1	2.67984
13049049	813	0.1	-0.1	5.66549
13049049	814	0.1	-0.1	-2.56311
13049049	815	0.1	-0.1	-2.15465
13049049	816	0.1	-0.1	-5.96104
13049049	817	0.1	-0.1	4.00966
13049049	818	0.1	-0.1	-5.87243
13049049	819	0.1	-0.1	0.119917
13049049	820	0.1	-0.1	5.40935
13049049	821	0.1	-0.1	-1.05442
13049049	822	0.1	-0.1	5.56519
13049049	823	0.1	-0.1	2.26558
13049049	824	0.1	-0.1	5.14441
13049049	825	0.1	-0.1	-3.48539
13049049	826	0.1	-0.1	-3.22155
13049049	827	0.1	-0.1	2.73785
13049049	828	0.1	-0.1	-0.197675
13049049	829	0.1	-0.1	3.46471
13049049	830	0.1	-0.1	1.65277
13049049	831	0.1	-0.1	0.344519
13049049	832	0.1	-0.1	-2.08813
13049049	833	0.1	-0.1	-4.95039
13049049	834	0.1	-0.1	3.71072
13049049	835	0.1	-0.1	2.80918
13049049	836	0.1	-0.1	-4.26165
13049049	837	0.1	-0.1	-2.19146
13049049	838	0.1	-0.1	2.67826
13049049	839	0.1	-0.1	-0.945394
13049049	840	0.1	-0.1	5.38936
13049049	841	0.1	-0.1	-5.17826
13049049	842	0.1	-0.1	-3.24446
13049049	843	0.1	-0.1	4.59273
13049049	844	0.1	-0.1	3.14048
13049049	845	0.1	-0.1	3.58951
13049049	846	0.1	-0.1	5.47703
13049049	847	0.1	-0.1	4.29695
13049049	848	0.1	-0.1	-4.7465
13049049	849	0.1	-0.1	-4.18682
13049049	850	0.1	-0.1	-2.50584
13049049	851	0.1	-0.1	0.698987
13049049	852	0.1	-0.1	5.14117
13049049	853	0.1	-0.1	4.36501
13049049	854	0.1	-0.1	0.618057
13049049	855	0.1	-0.1	-0.727309
13049049	856	0.1	-0.1	-2.97666
13049049	857	0.1	-0.1	-5.31479
13049049	858	0.1	-0.1	-0.572419
13049049	859	0.1	-0.1	-5.1859
13049049	860	0.1	-0.1	2.46365
13049049	861	0.1	-0.1	-0.495028
13049049	862	0.1	-0.1	-1.93779
13049049	863	0.1	-0.1	-5.6476
13049049	864	0.1	-0.1	-1.84895
13049049	865	0.1	-0.1	-5.01346
13049049	866	0.1	-0.1	5.34704
13049049	867	0.1	-0.1	2.74576
13049049	868	0.1	-0.1	-4.95578
13049049	869	0.1	-0.1	0.44691
13049049	870	0.1	-0.1	-0.0760975
13049049	871	0.1	-0.1	-5.21083
13049049	872	0.1	-0.1	-5.02882
13049049	873	0.1	-0.1	-0.102385
13049049	874	0.1	-0.1	-2.34752
13049049	875	0.1	-0.1	-2.74161
13049049	876	0.1	-0.1	-0.296517
13049049	877	0.1	-0.1	-5.71164
13049049	878	0.1	-0.1	1.79903
13049049	879	0.1	-0.1	3.33279
13049049	880	0.1	-0.1	1.9965
13049049	881	0.1	-0.1	-2.93415
13049049	882	0.1	-0.1	5.93553
13049049	883	0.1	-0.1	0.57566
13049049	884	0.1	-0.1	1.05636
13049049	885	0.1	-0.1	3.22354
13049049	886	0.1	-0.1	-0.253753
13049049	887	0.1	-0.1	5.83875
13049049	888	0.1	-0.1	-3.99558
13049049	889	0.1	-0.1	1.83534
13049049	890	0.1	-0.1	-4.83094
13049049	891	0.1	-0.1	-3.15985
13049049	892	0.1	-0.1	-2.83635
13049049	893	0.1	-0.1	-1.4692
13049049	894	0.1	-0.1	3.7924
13049049	895	0.1	-0.1	-5.55305
13049049	896	0.1	-0.1	3.04765
13049049	897	0.1	-0.1	3.75696
13049049	898	0.1	-0.1	-2.08272
13049049	899	0.1	-0.1	3.66751
13049049	900	0.1	-0.1	4.67475
13049049	901	0.1	-0.1	-5.50807
13049049	902	0.1	-0.1	-2.28013
13049049	903	0.1	-0.1	5.7916
13049049	904	0.1	-0.1	0.690661
13049049	905	0.1	-0.1	-1.39532
13049049	906	0.1	-0.1	-3.23531
13049049	907	0.1	-0.1	5.11619
13049049	908	0.1	-0.1	4.63354
13049049	909	0.1	-0.1	-2.15506
13049049	910	0.1	-0.1	2.66255
13049049	911	0.1	-0.1	2.52772
13049049	912	0.1	-0.1	-5.66505
13049049	913	0.1	-0.1	2.6323
13049049	914	0.1	-0.1	-4.1141
13049049	915	0.1	-0.1	1.48868
13049049	916	0.1	-0.1	-4.2405
13049049	917	0.1	-0.1	-3.12903
13049049	918	0.1	-0.1	-3.88975
13049049	919	0.1	-0.1	5.60397
13049049	920	0.1	-0.1	-3.18987
13049049	921	0.1	-0.1	-4.5488
13049049	922	0.1	-0.1	0.759881
13049049	923	0.1	-0.1	0.601647
13049049	924	0.1	-0.1	-2.46616
13049049	925	0.1	-0.1	3.12365
13049049	926	0.1	-0.1	-0.566459
13049049	927	0.1	-0.1	-3.05057
13049049	928	0.1	-0.1	-5.31785
13049049	929	0.1	-0.1	-4.18555
13049049	930	0.1	-0.1	1.32797
13049049	931	0.1	-0.1	-0.812776
13049049	932	0.1	-0.1	-0.165669
13049049	933	0.1	-0.1	-5.25869
13049049	934	0.1	-0.1	-5.57378
13049049	935	0.1	-0.1	1.50488
13049049	936	0.1	-0.1	-2.8759
13049049	937	0.1	-0.1	2.02188
13049049	938	0.1	-0.1	1.10528
13049049	939	0.1	-0.1	0.440754
13049049	940	0.1	-0.1	2.78085
13049049	941	0.1	-0.1	-1.61217
13049049	942	0.1	-0.1	0.352114
13049049	943	0.1	-0.1	-4.04035
13049049	944	0.1	-0.1	5.34189
13049049	945	0.1	-0.1	-1.00645
13049049	946	0.1	-0.1	-1.04751
13049049	947	0.1	-0.1	-0.722547
13049049	948	0.1	-0.1	3.40685
13049049	949	0.1	-0.1	-2.42128
13049049	950	0.1	-0.1	1.95631
13049049	951	0.1	-0.1	-0.827969
13049049	952	0.1	-0.1	0.897631
13049049	953	0.1	-0.1	-1.37393
13049049	954	0.1	-0.1	0.666267
13049049	955	0.1	-0.1	-4.94627
13049049	956	0.1	-0.1	-3.49925
13049049	957	0.1	-0.1	2.31345
13049049	958	0.1	-0.1	-5.1535
13049049	959	0.1	-0.1	4.0507
13049049	960	0.1	-0.1	-2.75591
13049049	961	0.1	-0.1	0.892418
13049049	962	0.1	-0.1	5.63243
13049049	963	0.1	-0.1	2.62722
13049049	964	0.1	-0.1	-0.0556601
13049049	965	0.1	-0.1	0.550085
13049049	966	0.1	-0.1	-4.4212
13049049	967	0.1	-0.1	-2.58101
13049049	968	0.1	-0.1	4.33256
13049049	969	0.1	-0.1	4.59921
13049049	970	0.1	-0.1	-5.82662
13049049	971	0.1	-0.1	-0.517212
13049049	972	0.1	-0.1	4.28086
13049049	973	0.1	-0.1	-3.37453
13049049	974	0.1	-0.1	0.148079
13049049	975	0.1	-0.1	3.51664
13049049	976	0.1	-0.1	3.06968
13049049	977	0.1	-0.1	2.96114
13049049	978	0.1	-0.1	-2.55034
13049049	979	0.1	-0.1	-2.49988
13049049	980	0.1	-0.1	-0.964044
13049049	981	0.1	-0.1	5.27286
13049049	982	0.1	-0.1	0.76744
13049049	983	0.1	-0.1	0.881065
13049049	984	0.1	-0.1	1.91909
13049049	985	0.1	-0.1	-0.200575
13049049	986	0.1	-0.1	2.05832
13049049	987	0.1	-0.1	-2.45077
13049049	988	0.1	-0.1	-5.44686
13049049	989	0.1	-0.1	-2.68885
13049049	990	0.1	-0.1	3.14414
13049049	991	0.1	-0.1	4.32869
13049049	992	0.1	-0.1	4.46726
13049049	993	0.1	-0.1	5.70214
13049049	994	0.1	-0.1	2.43491
13049049	995	0.1	-0.1	1.22846
13049049	996	0.1	-0.1	4.31977
13049049	997	0.1	-0.1	-0.395643
13049049	998	0.1	-0.1	-3.15913
13049049	999	0.1	-0.1	4.45181
13049049	1000	0.1	-0.1	-0.834958
