13040017	1	0.1	-0.1	-1.90165
13040017	2	0.1	-0.1	1.86409
13040017	3	0.1	-0.1	2.41584
13040017	4	0.1	-0.1	-5.34826
13040017	5	0.1	-0.1	2.58632
13040017	6	0.1	-0.1	1.95088
13040017	7	0.1	-0.1	-2.77733
13040017	8	0.1	-0.1	3.2381
13040017	9	0.1	-0.1	-2.25352
13040017	10	0.1	-0.1	-2.96103
13040017	11	0.1	-0.1	0.697912
13040017	12	0.1	-0.1	-4.80285
13040017	13	0.1	-0.1	3.91657
13040017	14	0.1	-0.1	-3.19958
13040017	15	0.1	-0.1	-5.52096
13040017	16	0.1	-0.1	-0.90029
13040017	17	0.1	-0.1	0.583249
13040017	18	0.1	-0.1	2.87587
13040017	19	0.1	-0.1	2.197
13040017	20	0.1	-0.1	-4.26705
13040017	21	0.1	-0.1	-1.43189
13040017	22	0.1	-0.1	-3.60575
13040017	23	0.1	-0.1	-3.3348
13040017	24	0.1	-0.1	1.80434
13040017	25	0.1	-0.1	-3.76064
13040017	26	0.1	-0.1	-1.55076
13040017	27	0.1	-0.1	5.89284
13040017	28	0.1	-0.1	-3.86089
13040017	29	0.1	-0.1	2.02066
13040017	30	0.1	-0.1	1.34185
13040017	31	0.1	-0.1	5.09737
13040017	32	0.1	-0.1	-0.167521
13040017	33	0.1	-0.1	2.73727
13040017	34	0.1	-0.1	4.605
13040017	35	0.1	-0.1	5.59387
13040017	36	0.1	-0.1	-1.19112
13040017	37	0.1	-0.1	-5.14852
13040017	38	0.1	-0.1	-5.53784
13040017	39	0.1	-0.1	2.70848
13040017	40	0.1	-0.1	1.35192
13040017	41	0.1	-0.1	-2.17962
13040017	42	0.1	-0.1	-5.08302
13040017	43	0.1	-0.1	-5.60114
13040017	44	0.1	-0.1	-0.802253
13040017	45	0.1	-0.1	5.2824
13040017	46	0.1	-0.1	0.7234
13040017	47	0.1	-0.1	0.209105
13040017	48	0.1	-0.1	4.36729
13040017	49	0.1	-0.1	-3.08181
13040017	50	0.1	-0.1	2.04652
13040017	51	0.1	-0.1	2.04951
13040017	52	0.1	-0.1	-0.956507
13040017	53	0.1	-0.1	1.22051
13040017	54	0.1	-0.1	-4.7478
13040017	55	0.1	-0.1	5.69325
13040017	56	0.1	-0.1	-5.1913
13040017	57	0.1	-0.1	-5.58893
13040017	58	0.1	-0.1	2.66681
13040017	59	0.1	-0.1	-2.12085
13040017	60	0.1	-0.1	2.14259
13040017	61	0.1	-0.1	4.96119
13040017	62	0.1	-0.1	1.43058
13040017	63	0.1	-0.1	-5.69769
13040017	64	0.1	-0.1	-2.64141
13040017	65	0.1	-0.1	5.00675
13040017	66	0.1	-0.1	3.40503
13040017	67	0.1	-0.1	3.904
13040017	68	0.1	-0.1	1.74188
13040017	69	0.1	-0.1	5.80671
13040017	70	0.1	-0.1	-4.54294
13040017	71	0.1	-0.1	4.82085
13040017	72	0.1	-0.1	1.10073
13040017	73	0.1	-0.1	-5.45046
13040017	74	0.1	-0.1	-0.998664
13040017	75	0.1	-0.1	0.763394
13040017	76	0.1	-0.1	2.97306
13040017	77	0.1	-0.1	-2.10422
13040017	78	0.1	-0.1	-2.70504
13040017	79	0.1	-0.1	4.05608
13040017	80	0.1	-0.1	-2.31688
13040017	81	0.1	-0.1	-1.8159
13040017	82	0.1	-0.1	-0.0341497
13040017	83	0.1	-0.1	1.56084
13040017	84	0.1	-0.1	3.44267
13040017	85	0.1	-0.1	1.58223
13040017	86	0.1	-0.1	-1.72168
13040017	87	0.1	-0.1	-0.143459
13040017	88	0.1	-0.1	2.64418
13040017	89	0.1	-0.1	0.161223
13040017	90	0.1	-0.1	-1.12318
13040017	91	0.1	-0.1	-5.81791
13040017	92	0.1	-0.1	-1.4385
13040017	93	0.1	-0.1	5.6161
13040017	94	0.1	-0.1	-5.11319
13040017	95	0.1	-0.1	5.22303
13040017	96	0.1	-0.1	-2.64192
13040017	97	0.1	-0.1	1.22857
13040017	98	0.1	-0.1	5.17337
13040017	99	0.1	-0.1	-1.37639
13040017	100	0.1	-0.1	-0.724095
13040017	101	0.1	-0.1	-3.98181
13040017	102	0.1	-0.1	0.801966
13040017	103	0.1	-0.1	-5.21603
13040017	104	0.1	-0.1	-5.44017
13040017	105	0.1	-0.1	-1.36472
13040017	106	0.1	-0.1	0.241185
13040017	107	0.1	-0.1	0.381878
13040017	108	0.1	-0.1	4.39985
13040017	109	0.1	-0.1	3.62613
13040017	110	0.1	-0.1	5.2243
13040017	111	0.1	-0.1	3.60401
13040017	112	0.1	-0.1	-0.481505
13040017	113	0.1	-0.1	0.357849
13040017	114	0.1	-0.1	-0.577291
13040017	115	0.1	-0.1	2.94246
13040017	116	0.1	-0.1	3.80016
13040017	117	0.1	-0.1	-5.92758
13040017	118	0.1	-0.1	-3.46133
13040017	119	0.1	-0.1	-0.751838
13040017	120	0.1	-0.1	2.10321
13040017	121	0.1	-0.1	-4.74642
13040017	122	0.1	-0.1	0.841388
13040017	123	0.1	-0.1	3.5256
13040017	124	0.1	-0.1	2.47203
13040017	125	0.1	-0.1	4.88542
13040017	126	0.1	-0.1	-3.18366
13040017	127	0.1	-0.1	4.58495
13040017	128	0.1	-0.1	1.63508
13040017	129	0.1	-0.1	-1.32005
13040017	130	0.1	-0.1	4.44998
13040017	131	0.1	-0.1	4.81031
13040017	132	0.1	-0.1	-0.943166
13040017	133	0.1	-0.1	-4.22318
13040017	134	0.1	-0.1	0.481237
13040017	135	0.1	-0.1	0.889377
13040017	136	0.1	-0.1	5.90715
13040017	137	0.1	-0.1	2.68286
13040017	138	0.1	-0.1	-3.97337
13040017	139	0.1	-0.1	3.39097
13040017	140	0.1	-0.1	-4.82266
13040017	141	0.1	-0.1	1.76587
13040017	142	0.1	-0.1	-1.62834
13040017	143	0.1	-0.1	-4.76643
13040017	144	0.1	-0.1	-4.62595
13040017	145	0.1	-0.1	1.70774
13040017	146	0.1	-0.1	-0.703614
13040017	147	0.1	-0.1	-5.22222
13040017	148	0.1	-0.1	3.75811
13040017	149	0.1	-0.1	-2.28344
13040017	150	0.1	-0.1	5.21293
13040017	151	0.1	-0.1	2.80012
13040017	152	0.1	-0.1	4.55126
13040017	153	0.1	-0.1	2.03363
13040017	154	0.1	-0.1	0.471084
13040017	155	0.1	-0.1	2.41151
13040017	156	0.1	-0.1	-5.6983
13040017	157	0.1	-0.1	5.07554
13040017	158	0.1	-0.1	4.35655
13040017	159	0.1	-0.1	5.64658
13040017	160	0.1	-0.1	-3.69741
13040017	161	0.1	-0.1	0.967658
13040017	162	0.1	-0.1	-3.76155
13040017	163	0.1	-0.1	-0.624847
13040017	164	0.1	-0.1	3.46029
13040017	165	0.1	-0.1	2.21745
13040017	166	0.1	-0.1	-0.222369
13040017	167	0.1	-0.1	0.90322
13040017	168	0.1	-0.1	5.26025
13040017	169	0.1	-0.1	4.88628
13040017	170	0.1	-0.1	-4.60418
13040017	171	0.1	-0.1	-0.964488
13040017	172	0.1	-0.1	-0.405071
13040017	173	0.1	-0.1	-0.209016
13040017	174	0.1	-0.1	-3.20434
13040017	175	0.1	-0.1	5.45831
13040017	176	0.1	-0.1	-0.221429
13040017	177	0.1	-0.1	-0.0891672
13040017	178	0.1	-0.1	-1.43011
13040017	179	0.1	-0.1	3.09213
13040017	180	0.1	-0.1	2.01725
13040017	181	0.1	-0.1	0.857442
13040017	182	0.1	-0.1	0.973059
13040017	183	0.1	-0.1	3.60523
13040017	184	0.1	-0.1	4.80655
13040017	185	0.1	-0.1	-0.898746
13040017	186	0.1	-0.1	-4.93055
13040017	187	0.1	-0.1	-2.74444
13040017	188	0.1	-0.1	-4.2321
13040017	189	0.1	-0.1	5.7275
13040017	190	0.1	-0.1	1.19858
13040017	191	0.1	-0.1	5.8465
13040017	192	0.1	-0.1	-2.642
13040017	193	0.1	-0.1	4.44399
13040017	194	0.1	-0.1	0.514556
13040017	195	0.1	-0.1	-2.34924
13040017	196	0.1	-0.1	3.93506
13040017	197	0.1	-0.1	-3.28617
13040017	198	0.1	-0.1	-0.340653
13040017	199	0.1	-0.1	-0.936795
13040017	200	0.1	-0.1	-3.98531
13040017	201	0.1	-0.1	5.6264
13040017	202	0.1	-0.1	3.73247
13040017	203	0.1	-0.1	-5.40808
13040017	204	0.1	-0.1	2.44935
13040017	205	0.1	-0.1	-4.03692
13040017	206	0.1	-0.1	4.46693
13040017	207	0.1	-0.1	1.06614
13040017	208	0.1	-0.1	2.40137
13040017	209	0.1	-0.1	0.593698
13040017	210	0.1	-0.1	5.04777
13040017	211	0.1	-0.1	-0.396269
13040017	212	0.1	-0.1	-4.30332
13040017	213	0.1	-0.1	3.94197
13040017	214	0.1	-0.1	5.45363
13040017	215	0.1	-0.1	-3.8193
13040017	216	0.1	-0.1	-0.905109
13040017	217	0.1	-0.1	3.63883
13040017	218	0.1	-0.1	-5.16787
13040017	219	0.1	-0.1	-1.88487
13040017	220	0.1	-0.1	3.55549
13040017	221	0.1	-0.1	1.45726
13040017	222	0.1	-0.1	-1.50038
13040017	223	0.1	-0.1	0.702734
13040017	224	0.1	-0.1	-0.742277
13040017	225	0.1	-0.1	1.70241
13040017	226	0.1	-0.1	-1.31399
13040017	227	0.1	-0.1	-5.90937
13040017	228	0.1	-0.1	-0.919641
13040017	229	0.1	-0.1	2.33428
13040017	230	0.1	-0.1	4.00499
13040017	231	0.1	-0.1	3.63076
13040017	232	0.1	-0.1	-5.80819
13040017	233	0.1	-0.1	-3.93002
13040017	234	0.1	-0.1	-1.62713
13040017	235	0.1	-0.1	-3.77028
13040017	236	0.1	-0.1	1.80262
13040017	237	0.1	-0.1	4.8993
13040017	238	0.1	-0.1	-5.16027
13040017	239	0.1	-0.1	-1.19317
13040017	240	0.1	-0.1	-0.311577
13040017	241	0.1	-0.1	-1.51329
13040017	242	0.1	-0.1	3.09341
13040017	243	0.1	-0.1	1.88032
13040017	244	0.1	-0.1	-1.91225
13040017	245	0.1	-0.1	-2.23732
13040017	246	0.1	-0.1	4.49636
13040017	247	0.1	-0.1	0.218644
13040017	248	0.1	-0.1	2.47059
13040017	249	0.1	-0.1	2.58686
13040017	250	0.1	-0.1	0.210056
13040017	251	0.1	-0.1	-1.82772
13040017	252	0.1	-0.1	4.56884
13040017	253	0.1	-0.1	-1.83782
13040017	254	0.1	-0.1	-5.74506
13040017	255	0.1	-0.1	-1.07983
13040017	256	0.1	-0.1	-0.293886
13040017	257	0.1	-0.1	0.115691
13040017	258	0.1	-0.1	-3.34704
13040017	259	0.1	-0.1	3.30498
13040017	260	0.1	-0.1	-5.27935
13040017	261	0.1	-0.1	-1.97591
13040017	262	0.1	-0.1	0.612606
13040017	263	0.1	-0.1	3.23734
13040017	264	0.1	-0.1	5.88465
13040017	265	0.1	-0.1	5.13411
13040017	266	0.1	-0.1	0.263248
13040017	267	0.1	-0.1	-3.3976
13040017	268	0.1	-0.1	-5.68296
13040017	269	0.1	-0.1	-4.79578
13040017	270	0.1	-0.1	-1.03273
13040017	271	0.1	-0.1	-0.171509
13040017	272	0.1	-0.1	-3.25398
13040017	273	0.1	-0.1	-1.06658
13040017	274	0.1	-0.1	5.96142
13040017	275	0.1	-0.1	-0.242542
13040017	276	0.1	-0.1	-3.14844
13040017	277	0.1	-0.1	-4.7181
13040017	278	0.1	-0.1	-1.14605
13040017	279	0.1	-0.1	4.7429
13040017	280	0.1	-0.1	0.667808
13040017	281	0.1	-0.1	-5.97083
13040017	282	0.1	-0.1	-2.67083
13040017	283	0.1	-0.1	-3.39219
13040017	284	0.1	-0.1	3.22217
13040017	285	0.1	-0.1	-2.59203
13040017	286	0.1	-0.1	-2.60346
13040017	287	0.1	-0.1	-1.73571
13040017	288	0.1	-0.1	-4.39508
13040017	289	0.1	-0.1	1.04715
13040017	290	0.1	-0.1	1.62748
13040017	291	0.1	-0.1	-4.43916
13040017	292	0.1	-0.1	-0.691689
13040017	293	0.1	-0.1	4.58704
13040017	294	0.1	-0.1	-0.835944
13040017	295	0.1	-0.1	-5.49822
13040017	296	0.1	-0.1	3.66888
13040017	297	0.1	-0.1	5.47078
13040017	298	0.1	-0.1	-5.87152
13040017	299	0.1	-0.1	-5.29226
13040017	300	0.1	-0.1	3.19206
13040017	301	0.1	-0.1	4.14661
13040017	302	0.1	-0.1	5.25691
13040017	303	0.1	-0.1	2.88314
13040017	304	0.1	-0.1	-1.19288
13040017	305	0.1	-0.1	-3.58669
13040017	306	0.1	-0.1	-4.23144
13040017	307	0.1	-0.1	-2.27794
13040017	308	0.1	-0.1	0.199823
13040017	309	0.1	-0.1	-2.38841
13040017	310	0.1	-0.1	2.97528
13040017	311	0.1	-0.1	1.04332
13040017	312	0.1	-0.1	-0.527784
13040017	313	0.1	-0.1	-0.975986
13040017	314	0.1	-0.1	-5.44202
13040017	315	0.1	-0.1	3.8604
13040017	316	0.1	-0.1	-2.58078
13040017	317	0.1	-0.1	0.74073
13040017	318	0.1	-0.1	2.45991
13040017	319	0.1	-0.1	3.1475
13040017	320	0.1	-0.1	1.52243
13040017	321	0.1	-0.1	-3.9295
13040017	322	0.1	-0.1	4.61985
13040017	323	0.1	-0.1	5.79937
13040017	324	0.1	-0.1	-1.85381
13040017	325	0.1	-0.1	-5.30205
13040017	326	0.1	-0.1	-4.16686
13040017	327	0.1	-0.1	-5.68634
13040017	328	0.1	-0.1	-1.72566
13040017	329	0.1	-0.1	-1.40483
13040017	330	0.1	-0.1	4.5916
13040017	331	0.1	-0.1	-2.92279
13040017	332	0.1	-0.1	-2.04878
13040017	333	0.1	-0.1	-0.392266
13040017	334	0.1	-0.1	3.0866
13040017	335	0.1	-0.1	2.7807
13040017	336	0.1	-0.1	4.97835
13040017	337	0.1	-0.1	-2.90807
13040017	338	0.1	-0.1	-1.15042
13040017	339	0.1	-0.1	-3.45236
13040017	340	0.1	-0.1	3.11048
13040017	341	0.1	-0.1	-1.32206
13040017	342	0.1	-0.1	-2.15353
13040017	343	0.1	-0.1	-4.43796
13040017	344	0.1	-0.1	5.38488
13040017	345	0.1	-0.1	0.121753
13040017	346	0.1	-0.1	-5.4403
13040017	347	0.1	-0.1	4.8078
13040017	348	0.1	-0.1	2.46736
13040017	349	0.1	-0.1	-2.30479
13040017	350	0.1	-0.1	0.0619784
13040017	351	0.1	-0.1	5.75402
13040017	352	0.1	-0.1	-2.52523
13040017	353	0.1	-0.1	-5.94094
13040017	354	0.1	-0.1	-5.36735
13040017	355	0.1	-0.1	-4.40446
13040017	356	0.1	-0.1	-0.462892
13040017	357	0.1	-0.1	-5.95574
13040017	358	0.1	-0.1	-3.33391
13040017	359	0.1	-0.1	1.23426
13040017	360	0.1	-0.1	-2.01403
13040017	361	0.1	-0.1	5.80839
13040017	362	0.1	-0.1	-3.73812
13040017	363	0.1	-0.1	5.98513
13040017	364	0.1	-0.1	3.37487
13040017	365	0.1	-0.1	-5.35883
13040017	366	0.1	-0.1	0.645237
13040017	367	0.1	-0.1	-5.80175
13040017	368	0.1	-0.1	-1.38485
13040017	369	0.1	-0.1	5.64141
13040017	370	0.1	-0.1	0.311126
13040017	371	0.1	-0.1	-2.82184
13040017	372	0.1	-0.1	-0.938443
13040017	373	0.1	-0.1	-4.26228
13040017	374	0.1	-0.1	-0.931355
13040017	375	0.1	-0.1	1.73755
13040017	376	0.1	-0.1	5.1556
13040017	377	0.1	-0.1	-3.75552
13040017	378	0.1	-0.1	-4.24812
13040017	379	0.1	-0.1	-0.161532
13040017	380	0.1	-0.1	1.78452
13040017	381	0.1	-0.1	4.66298
13040017	382	0.1	-0.1	-1.23294
13040017	383	0.1	-0.1	-2.68258
13040017	384	0.1	-0.1	-4.36906
13040017	385	0.1	-0.1	0.761168
13040017	386	0.1	-0.1	0.0813233
13040017	387	0.1	-0.1	4.19311
13040017	388	0.1	-0.1	2.33383
13040017	389	0.1	-0.1	-1.16855
13040017	390	0.1	-0.1	1.36289
13040017	391	0.1	-0.1	-5.69673
13040017	392	0.1	-0.1	5.36644
13040017	393	0.1	-0.1	-3.2158
13040017	394	0.1	-0.1	1.50661
13040017	395	0.1	-0.1	-2.36879
13040017	396	0.1	-0.1	2.59899
13040017	397	0.1	-0.1	-1.05675
13040017	398	0.1	-0.1	-1.4653
13040017	399	0.1	-0.1	-1.90773
13040017	400	0.1	-0.1	4.56011
13040017	401	0.1	-0.1	1.32904
13040017	402	0.1	-0.1	4.9143
13040017	403	0.1	-0.1	-0.301818
13040017	404	0.1	-0.1	-3.12662
13040017	405	0.1	-0.1	2.20393
13040017	406	0.1	-0.1	5.33794
13040017	407	0.1	-0.1	4.91113
13040017	408	0.1	-0.1	3.08468
13040017	409	0.1	-0.1	-3.49904
13040017	410	0.1	-0.1	5.5264
13040017	411	0.1	-0.1	-2.80599
13040017	412	0.1	-0.1	-3.31457
13040017	413	0.1	-0.1	0.491525
13040017	414	0.1	-0.1	2.47475
13040017	415	0.1	-0.1	-2.70205
13040017	416	0.1	-0.1	1.44942
13040017	417	0.1	-0.1	2.52822
13040017	418	0.1	-0.1	1.43967
13040017	419	0.1	-0.1	5.25216
13040017	420	0.1	-0.1	1.39625
13040017	421	0.1	-0.1	0.0968393
13040017	422	0.1	-0.1	-0.984307
13040017	423	0.1	-0.1	3.14789
13040017	424	0.1	-0.1	1.62864
13040017	425	0.1	-0.1	2.31283
13040017	426	0.1	-0.1	1.01157
13040017	427	0.1	-0.1	5.21764
13040017	428	0.1	-0.1	0.739477
13040017	429	0.1	-0.1	3.31408
13040017	430	0.1	-0.1	-4.46608
13040017	431	0.1	-0.1	2.46994
13040017	432	0.1	-0.1	3.57669
13040017	433	0.1	-0.1	5.42499
13040017	434	0.1	-0.1	1.0123
13040017	435	0.1	-0.1	0.129252
13040017	436	0.1	-0.1	-3.31997
13040017	437	0.1	-0.1	1.80797
13040017	438	0.1	-0.1	-2.42123
13040017	439	0.1	-0.1	3.44182
13040017	440	0.1	-0.1	3.5285
13040017	441	0.1	-0.1	-4.48026
13040017	442	0.1	-0.1	-2.46284
13040017	443	0.1	-0.1	5.40374
13040017	444	0.1	-0.1	-4.50475
13040017	445	0.1	-0.1	0.386227
13040017	446	0.1	-0.1	-5.35246
13040017	447	0.1	-0.1	5.40406
13040017	448	0.1	-0.1	2.34884
13040017	449	0.1	-0.1	0.925518
13040017	450	0.1	-0.1	1.7899
13040017	451	0.1	-0.1	-3.50505
13040017	452	0.1	-0.1	-0.986133
13040017	453	0.1	-0.1	-0.352958
13040017	454	0.1	-0.1	-4.09557
13040017	455	0.1	-0.1	0.242207
13040017	456	0.1	-0.1	5.05885
13040017	457	0.1	-0.1	3.79369
13040017	458	0.1	-0.1	1.56163
13040017	459	0.1	-0.1	-4.34275
13040017	460	0.1	-0.1	0.785033
13040017	461	0.1	-0.1	2.46343
13040017	462	0.1	-0.1	-4.05375
13040017	463	0.1	-0.1	-1.65036
13040017	464	0.1	-0.1	-3.68034
13040017	465	0.1	-0.1	1.50767
13040017	466	0.1	-0.1	-2.04665
13040017	467	0.1	-0.1	2.05156
13040017	468	0.1	-0.1	-2.3164
13040017	469	0.1	-0.1	3.12635
13040017	470	0.1	-0.1	-4.77288
13040017	471	0.1	-0.1	-4.99709
13040017	472	0.1	-0.1	1.24893
13040017	473	0.1	-0.1	-3.8624
13040017	474	0.1	-0.1	5.22927
13040017	475	0.1	-0.1	3.3269
13040017	476	0.1	-0.1	-5.55401
13040017	477	0.1	-0.1	-4.94783
13040017	478	0.1	-0.1	-3.53062
13040017	479	0.1	-0.1	2.32698
13040017	480	0.1	-0.1	-0.301767
13040017	481	0.1	-0.1	-0.390031
13040017	482	0.1	-0.1	-1.79286
13040017	483	0.1	-0.1	-0.900004
13040017	484	0.1	-0.1	2.05864
13040017	485	0.1	-0.1	-0.187794
13040017	486	0.1	-0.1	1.02006
13040017	487	0.1	-0.1	-4.44704
13040017	488	0.1	-0.1	0.291535
13040017	489	0.1	-0.1	-2.1038
13040017	490	0.1	-0.1	4.44839
13040017	491	0.1	-0.1	-1.37057
13040017	492	0.1	-0.1	5.8794
13040017	493	0.1	-0.1	0.629475
13040017	494	0.1	-0.1	5.39916
13040017	495	0.1	-0.1	0.465147
13040017	496	0.1	-0.1	4.58587
13040017	497	0.1	-0.1	4.99105
13040017	498	0.1	-0.1	-5.9072
13040017	499	0.1	-0.1	-2.31641
13040017	500	0.1	-0.1	-5.67659
13040017	501	0.1	-0.1	0.954708
13040017	502	0.1	-0.1	-3.71161
13040017	503	0.1	-0.1	-3.61269
13040017	504	0.1	-0.1	-2.93203
13040017	505	0.1	-0.1	-5.06523
13040017	506	0.1	-0.1	0.67602
13040017	507	0.1	-0.1	-2.72426
13040017	508	0.1	-0.1	-3.9582
13040017	509	0.1	-0.1	-2.93868
13040017	510	0.1	-0.1	0.363544
13040017	511	0.1	-0.1	-4.62022
13040017	512	0.1	-0.1	1.82863
13040017	513	0.1	-0.1	-1.15874
13040017	514	0.1	-0.1	-3.64794
13040017	515	0.1	-0.1	-3.62561
13040017	516	0.1	-0.1	-2.96118
13040017	517	0.1	-0.1	-1.45583
13040017	518	0.1	-0.1	-2.83815
13040017	519	0.1	-0.1	0.217378
13040017	520	0.1	-0.1	1.24103
13040017	521	0.1	-0.1	-3.33181
13040017	522	0.1	-0.1	2.59641
13040017	523	0.1	-0.1	4.52137
13040017	524	0.1	-0.1	-1.59552
13040017	525	0.1	-0.1	-5.80508
13040017	526	0.1	-0.1	5.66363
13040017	527	0.1	-0.1	-2.50684
13040017	528	0.1	-0.1	5.48409
13040017	529	0.1	-0.1	-4.40774
13040017	530	0.1	-0.1	2.88343
13040017	531	0.1	-0.1	2.16978
13040017	532	0.1	-0.1	-0.0989064
13040017	533	0.1	-0.1	-2.72162
13040017	534	0.1	-0.1	-2.9409
13040017	535	0.1	-0.1	-3.39609
13040017	536	0.1	-0.1	-0.467635
13040017	537	0.1	-0.1	1.87882
13040017	538	0.1	-0.1	-5.78505
13040017	539	0.1	-0.1	3.784
13040017	540	0.1	-0.1	5.50333
13040017	541	0.1	-0.1	2.39809
13040017	542	0.1	-0.1	-3.77218
13040017	543	0.1	-0.1	-4.0301
13040017	544	0.1	-0.1	1.92527
13040017	545	0.1	-0.1	3.83128
13040017	546	0.1	-0.1	-3.07334
13040017	547	0.1	-0.1	4.09977
13040017	548	0.1	-0.1	5.63375
13040017	549	0.1	-0.1	5.25431
13040017	550	0.1	-0.1	5.51952
13040017	551	0.1	-0.1	-4.62111
13040017	552	0.1	-0.1	-0.0789552
13040017	553	0.1	-0.1	5.60552
13040017	554	0.1	-0.1	4.5263
13040017	555	0.1	-0.1	-4.65879
13040017	556	0.1	-0.1	3.23447
13040017	557	0.1	-0.1	0.538141
13040017	558	0.1	-0.1	-1.82134
13040017	559	0.1	-0.1	2.11739
13040017	560	0.1	-0.1	3.81162
13040017	561	0.1	-0.1	-3.21266
13040017	562	0.1	-0.1	-2.83457
13040017	563	0.1	-0.1	0.0500605
13040017	564	0.1	-0.1	0.0422126
13040017	565	0.1	-0.1	4.85092
13040017	566	0.1	-0.1	-1.76406
13040017	567	0.1	-0.1	-0.310151
13040017	568	0.1	-0.1	-3.80138
13040017	569	0.1	-0.1	3.04729
13040017	570	0.1	-0.1	4.36009
13040017	571	0.1	-0.1	-2.6789
13040017	572	0.1	-0.1	1.6367
13040017	573	0.1	-0.1	-3.53382
13040017	574	0.1	-0.1	-0.814402
13040017	575	0.1	-0.1	-1.48925
13040017	576	0.1	-0.1	-2.56114
13040017	577	0.1	-0.1	-4.00936
13040017	578	0.1	-0.1	-0.652019
13040017	579	0.1	-0.1	-2.17026
13040017	580	0.1	-0.1	-4.47624
13040017	581	0.1	-0.1	-1.25505
13040017	582	0.1	-0.1	1.28414
13040017	583	0.1	-0.1	-3.15195
13040017	584	0.1	-0.1	-1.29119
13040017	585	0.1	-0.1	-1.63852
13040017	586	0.1	-0.1	-3.29651
13040017	587	0.1	-0.1	-3.26957
13040017	588	0.1	-0.1	-3.51569
13040017	589	0.1	-0.1	2.19979
13040017	590	0.1	-0.1	-5.42877
13040017	591	0.1	-0.1	1.76284
13040017	592	0.1	-0.1	-3.66919
13040017	593	0.1	-0.1	2.59218
13040017	594	0.1	-0.1	1.51586
13040017	595	0.1	-0.1	1.063
13040017	596	0.1	-0.1	3.0023
13040017	597	0.1	-0.1	2.83076
13040017	598	0.1	-0.1	-1.60448
13040017	599	0.1	-0.1	-0.506931
13040017	600	0.1	-0.1	4.15449
13040017	601	0.1	-0.1	1.88952
13040017	602	0.1	-0.1	-5.69926
13040017	603	0.1	-0.1	4.56714
13040017	604	0.1	-0.1	4.90109
13040017	605	0.1	-0.1	-3.32008
13040017	606	0.1	-0.1	-3.62333
13040017	607	0.1	-0.1	-0.0952339
13040017	608	0.1	-0.1	3.78633
13040017	609	0.1	-0.1	1.19928
13040017	610	0.1	-0.1	4.52375
13040017	611	0.1	-0.1	-0.899488
13040017	612	0.1	-0.1	1.45646
13040017	613	0.1	-0.1	0.54836
13040017	614	0.1	-0.1	0.517998
13040017	615	0.1	-0.1	2.89335
13040017	616	0.1	-0.1	-5.15014
13040017	617	0.1	-0.1	-2.78822
13040017	618	0.1	-0.1	-4.6856
13040017	619	0.1	-0.1	-4.95027
13040017	620	0.1	-0.1	1.52432
13040017	621	0.1	-0.1	5.86358
13040017	622	0.1	-0.1	-4.9396
13040017	623	0.1	-0.1	-0.896088
13040017	624	0.1	-0.1	-3.64766
13040017	625	0.1	-0.1	-2.45905
13040017	626	0.1	-0.1	-2.48859
13040017	627	0.1	-0.1	-4.19413
13040017	628	0.1	-0.1	4.45399
13040017	629	0.1	-0.1	-4.06949
13040017	630	0.1	-0.1	0.705181
13040017	631	0.1	-0.1	-1.48122
13040017	632	0.1	-0.1	5.38573
13040017	633	0.1	-0.1	1.96077
13040017	634	0.1	-0.1	4.06188
13040017	635	0.1	-0.1	1.1205
13040017	636	0.1	-0.1	-5.70084
13040017	637	0.1	-0.1	1.0605
13040017	638	0.1	-0.1	-4.53265
13040017	639	0.1	-0.1	-4.16392
13040017	640	0.1	-0.1	-2.34678
13040017	641	0.1	-0.1	-4.73297
13040017	642	0.1	-0.1	3.31722
13040017	643	0.1	-0.1	1.69156
13040017	644	0.1	-0.1	5.71123
13040017	645	0.1	-0.1	1.91642
13040017	646	0.1	-0.1	3.57477
13040017	647	0.1	-0.1	-1.83567
13040017	648	0.1	-0.1	-4.5646
13040017	649	0.1	-0.1	-5.47621
13040017	650	0.1	-0.1	5.89826
13040017	651	0.1	-0.1	2.4086
13040017	652	0.1	-0.1	-0.251357
13040017	653	0.1	-0.1	-0.576819
13040017	654	0.1	-0.1	-0.913142
13040017	655	0.1	-0.1	-0.765919
13040017	656	0.1	-0.1	3.88529
13040017	657	0.1	-0.1	0.314904
13040017	658	0.1	-0.1	-2.44547
13040017	659	0.1	-0.1	2.60096
13040017	660	0.1	-0.1	1.73422
13040017	661	0.1	-0.1	3.57444
13040017	662	0.1	-0.1	4.48869
13040017	663	0.1	-0.1	-0.346225
13040017	664	0.1	-0.1	4.29791
13040017	665	0.1	-0.1	-1.04317
13040017	666	0.1	-0.1	4.40649
13040017	667	0.1	-0.1	5.38935
13040017	668	0.1	-0.1	1.5617
13040017	669	0.1	-0.1	4.14441
13040017	670	0.1	-0.1	-4.84322
13040017	671	0.1	-0.1	5.35751
13040017	672	0.1	-0.1	-5.67383
13040017	673	0.1	-0.1	-0.999797
13040017	674	0.1	-0.1	1.61617
13040017	675	0.1	-0.1	3.39934
13040017	676	0.1	-0.1	-5.00449
13040017	677	0.1	-0.1	2.03885
13040017	678	0.1	-0.1	-3.3235
13040017	679	0.1	-0.1	1.86085
13040017	680	0.1	-0.1	-3.10277
13040017	681	0.1	-0.1	0.0614026
13040017	682	0.1	-0.1	1.37058
13040017	683	0.1	-0.1	3.89443
13040017	684	0.1	-0.1	1.12457
13040017	685	0.1	-0.1	1.97003
13040017	686	0.1	-0.1	1.55399
13040017	687	0.1	-0.1	-2.43647
13040017	688	0.1	-0.1	-3.12742
13040017	689	0.1	-0.1	4.45689
13040017	690	0.1	-0.1	-3.86666
13040017	691	0.1	-0.1	1.22477
13040017	692	0.1	-0.1	5.31995
13040017	693	0.1	-0.1	-0.00219437
13040017	694	0.1	-0.1	-2.24526
13040017	695	0.1	-0.1	4.2557
13040017	696	0.1	-0.1	-3.04917
13040017	697	0.1	-0.1	2.76972
13040017	698	0.1	-0.1	5.49481
13040017	699	0.1	-0.1	3.44286
13040017	700	0.1	-0.1	2.15997
13040017	701	0.1	-0.1	4.99904
13040017	702	0.1	-0.1	0.371939
13040017	703	0.1	-0.1	-3.87472
13040017	704	0.1	-0.1	3.4737
13040017	705	0.1	-0.1	1.82418
13040017	706	0.1	-0.1	4.37808
13040017	707	0.1	-0.1	-0.147978
13040017	708	0.1	-0.1	4.56488
13040017	709	0.1	-0.1	1.30259
13040017	710	0.1	-0.1	3.73091
13040017	711	0.1	-0.1	1.57059
13040017	712	0.1	-0.1	-3.37521
13040017	713	0.1	-0.1	-0.468069
13040017	714	0.1	-0.1	-4.57356
13040017	715	0.1	-0.1	1.67455
13040017	716	0.1	-0.1	5.71295
13040017	717	0.1	-0.1	-2.71331
13040017	718	0.1	-0.1	5.65365
13040017	719	0.1	-0.1	0.573038
13040017	720	0.1	-0.1	1.68639
13040017	721	0.1	-0.1	3.99159
13040017	722	0.1	-0.1	-1.25062
13040017	723	0.1	-0.1	5.09895
13040017	724	0.1	-0.1	-5.07217
13040017	725	0.1	-0.1	0.806307
13040017	726	0.1	-0.1	-4.06505
13040017	727	0.1	-0.1	4.83394
13040017	728	0.1	-0.1	-1.79629
13040017	729	0.1	-0.1	-2.82169
13040017	730	0.1	-0.1	1.08854
13040017	731	0.1	-0.1	-2.54371
13040017	732	0.1	-0.1	4.49077
13040017	733	0.1	-0.1	-3.03074
13040017	734	0.1	-0.1	4.74841
13040017	735	0.1	-0.1	3.35555
13040017	736	0.1	-0.1	0.856201
13040017	737	0.1	-0.1	-2.84397
13040017	738	0.1	-0.1	-0.651891
13040017	739	0.1	-0.1	-0.948399
13040017	740	0.1	-0.1	0.54052
13040017	741	0.1	-0.1	3.0309
13040017	742	0.1	-0.1	5.22342
13040017	743	0.1	-0.1	-1.8033
13040017	744	0.1	-0.1	-1.51245
13040017	745	0.1	-0.1	-3.13986
13040017	746	0.1	-0.1	0.0401769
13040017	747	0.1	-0.1	3.16998
13040017	748	0.1	-0.1	3.2215
13040017	749	0.1	-0.1	2.77085
13040017	750	0.1	-0.1	-2.23162
13040017	751	0.1	-0.1	-3.9748
13040017	752	0.1	-0.1	5.1595
13040017	753	0.1	-0.1	-5.01333
13040017	754	0.1	-0.1	1.97006
13040017	755	0.1	-0.1	-2.30543
13040017	756	0.1	-0.1	4.092
13040017	757	0.1	-0.1	5.59915
13040017	758	0.1	-0.1	-0.0704407
13040017	759	0.1	-0.1	-5.16254
13040017	760	0.1	-0.1	3.25
13040017	761	0.1	-0.1	-3.45116
13040017	762	0.1	-0.1	2.17386
13040017	763	0.1	-0.1	2.87921
13040017	764	0.1	-0.1	-1.51175
13040017	765	0.1	-0.1	1.66131
13040017	766	0.1	-0.1	5.04025
13040017	767	0.1	-0.1	5.73307
13040017	768	0.1	-0.1	4.7108
13040017	769	0.1	-0.1	0.118544
13040017	770	0.1	-0.1	-4.49707
13040017	771	0.1	-0.1	1.56754
13040017	772	0.1	-0.1	-4.13343
13040017	773	0.1	-0.1	5.82574
13040017	774	0.1	-0.1	-4.98576
13040017	775	0.1	-0.1	-5.98056
13040017	776	0.1	-0.1	5.4256
13040017	777	0.1	-0.1	-2.48286
13040017	778	0.1	-0.1	-1.72125
13040017	779	0.1	-0.1	0.0282494
13040017	780	0.1	-0.1	-0.581018
13040017	781	0.1	-0.1	5.59717
13040017	782	0.1	-0.1	-4.37911
13040017	783	0.1	-0.1	-1.64069
13040017	784	0.1	-0.1	-4.70816
13040017	785	0.1	-0.1	2.74314
13040017	786	0.1	-0.1	-2.25439
13040017	787	0.1	-0.1	-4.79242
13040017	788	0.1	-0.1	-0.095181
13040017	789	0.1	-0.1	-3.84759
13040017	790	0.1	-0.1	1.91186
13040017	791	0.1	-0.1	-3.48927
13040017	792	0.1	-0.1	2.96687
13040017	793	0.1	-0.1	-0.991223
13040017	794	0.1	-0.1	-5.83961
13040017	795	0.1	-0.1	4.93273
13040017	796	0.1	-0.1	2.55238
13040017	797	0.1	-0.1	-2.35328
13040017	798	0.1	-0.1	-1.32307
13040017	799	0.1	-0.1	-5.81227
13040017	800	0.1	-0.1	-1.4352
13040017	801	0.1	-0.1	-4.54775
13040017	802	0.1	-0.1	0.713422
13040017	803	0.1	-0.1	4.88036
13040017	804	0.1	-0.1	4.1645
13040017	805	0.1	-0.1	2.11188
13040017	806	0.1	-0.1	-1.75241
13040017	807	0.1	-0.1	2.13343
13040017	808	0.1	-0.1	-3.31923
13040017	809	0.1	-0.1	-2.9123
13040017	810	0.1	-0.1	1.44798
13040017	811	0.1	-0.1	-0.923035
13040017	812	0.1	-0.1	4.76977
13040017	813	0.1	-0.1	2.03182
13040017	814	0.1	-0.1	1.31877
13040017	815	0.1	-0.1	-5.36259
13040017	816	0.1	-0.1	-0.425152
13040017	817	0.1	-0.1	5.88827
13040017	818	0.1	-0.1	-0.640592
13040017	819	0.1	-0.1	-4.52899
13040017	820	0.1	-0.1	0.259694
13040017	821	0.1	-0.1	5.40722
13040017	822	0.1	-0.1	2.2122
13040017	823	0.1	-0.1	-2.03838
13040017	824	0.1	-0.1	1.99548
13040017	825	0.1	-0.1	0.897433
13040017	826	0.1	-0.1	-0.466532
13040017	827	0.1	-0.1	5.87449
13040017	828	0.1	-0.1	0.268903
13040017	829	0.1	-0.1	0.189609
13040017	830	0.1	-0.1	-4.84375
13040017	831	0.1	-0.1	4.75664
13040017	832	0.1	-0.1	-5.50131
13040017	833	0.1	-0.1	-2.10488
13040017	834	0.1	-0.1	4.44527
13040017	835	0.1	-0.1	4.11454
13040017	836	0.1	-0.1	0.56898
13040017	837	0.1	-0.1	3.26908
13040017	838	0.1	-0.1	2.21208
13040017	839	0.1	-0.1	-4.90356
13040017	840	0.1	-0.1	2.64032
13040017	841	0.1	-0.1	0.157147
13040017	842	0.1	-0.1	-5.47411
13040017	843	0.1	-0.1	-5.50144
13040017	844	0.1	-0.1	-0.632345
13040017	845	0.1	-0.1	-3.53997
13040017	846	0.1	-0.1	-3.53854
13040017	847	0.1	-0.1	-3.6413
13040017	848	0.1	-0.1	-3.01357
13040017	849	0.1	-0.1	-1.51271
13040017	850	0.1	-0.1	-1.74313
13040017	851	0.1	-0.1	-3.73201
13040017	852	0.1	-0.1	-3.24394
13040017	853	0.1	-0.1	2.4008
13040017	854	0.1	-0.1	-0.721473
13040017	855	0.1	-0.1	-1.82932
13040017	856	0.1	-0.1	5.11474
13040017	857	0.1	-0.1	-1.99273
13040017	858	0.1	-0.1	-4.65137
13040017	859	0.1	-0.1	5.03477
13040017	860	0.1	-0.1	4.86571
13040017	861	0.1	-0.1	-5.18577
13040017	862	0.1	-0.1	-3.84109
13040017	863	0.1	-0.1	3.98523
13040017	864	0.1	-0.1	2.30252
13040017	865	0.1	-0.1	5.43402
13040017	866	0.1	-0.1	-0.385383
13040017	867	0.1	-0.1	-1.68049
13040017	868	0.1	-0.1	-5.21818
13040017	869	0.1	-0.1	1.10661
13040017	870	0.1	-0.1	0.5514
13040017	871	0.1	-0.1	-3.67609
13040017	872	0.1	-0.1	0.144848
13040017	873	0.1	-0.1	-1.63569
13040017	874	0.1	-0.1	1.23819
13040017	875	0.1	-0.1	-0.341519
13040017	876	0.1	-0.1	-2.40354
13040017	877	0.1	-0.1	-2.99924
13040017	878	0.1	-0.1	4.86662
13040017	879	0.1	-0.1	-2.75363
13040017	880	0.1	-0.1	-3.38586
13040017	881	0.1	-0.1	0.0242102
13040017	882	0.1	-0.1	-2.20459
13040017	883	0.1	-0.1	1.64644
13040017	884	0.1	-0.1	-2.87818
13040017	885	0.1	-0.1	1.91572
13040017	886	0.1	-0.1	3.07575
13040017	887	0.1	-0.1	-0.595684
13040017	888	0.1	-0.1	5.59526
13040017	889	0.1	-0.1	-2.76143
13040017	890	0.1	-0.1	0.121894
13040017	891	0.1	-0.1	-5.74402
13040017	892	0.1	-0.1	3.04656
13040017	893	0.1	-0.1	-3.98965
13040017	894	0.1	-0.1	3.20174
13040017	895	0.1	-0.1	-5.84879
13040017	896	0.1	-0.1	5.21237
13040017	897	0.1	-0.1	0.531275
13040017	898	0.1	-0.1	1.05289
13040017	899	0.1	-0.1	-3.74026
13040017	900	0.1	-0.1	4.16939
13040017	901	0.1	-0.1	5.13751
13040017	902	0.1	-0.1	-0.577569
13040017	903	0.1	-0.1	-5.66184
13040017	904	0.1	-0.1	-4.0958
13040017	905	0.1	-0.1	0.953625
13040017	906	0.1	-0.1	-4.30442
13040017	907	0.1	-0.1	3.16557
13040017	908	0.1	-0.1	-3.87629
13040017	909	0.1	-0.1	-4.54255
13040017	910	0.1	-0.1	2.42727
13040017	911	0.1	-0.1	-2.87129
13040017	912	0.1	-0.1	5.95286
13040017	913	0.1	-0.1	-2.25307
13040017	914	0.1	-0.1	-4.1612
13040017	915	0.1	-0.1	2.04491
13040017	916	0.1	-0.1	3.99673
13040017	917	0.1	-0.1	2.75506
13040017	918	0.1	-0.1	-2.01793
13040017	919	0.1	-0.1	-5.9527
13040017	920	0.1	-0.1	-4.36842
13040017	921	0.1	-0.1	-1.27901
13040017	922	0.1	-0.1	2.61266
13040017	923	0.1	-0.1	1.98813
13040017	924	0.1	-0.1	0.896844
13040017	925	0.1	-0.1	0.556733
13040017	926	0.1	-0.1	5.82836
13040017	927	0.1	-0.1	-1.56804
13040017	928	0.1	-0.1	5.25149
13040017	929	0.1	-0.1	3.35747
13040017	930	0.1	-0.1	-4.73731
13040017	931	0.1	-0.1	-5.31417
13040017	932	0.1	-0.1	-4.53087
13040017	933	0.1	-0.1	-5.39167
13040017	934	0.1	-0.1	5.46445
13040017	935	0.1	-0.1	0.415141
13040017	936	0.1	-0.1	3.7498
13040017	937	0.1	-0.1	-4.6795
13040017	938	0.1	-0.1	3.88027
13040017	939	0.1	-0.1	-4.27986
13040017	940	0.1	-0.1	0.0221171
13040017	941	0.1	-0.1	-3.65341
13040017	942	0.1	-0.1	2.05911
13040017	943	0.1	-0.1	0.805683
13040017	944	0.1	-0.1	-0.737618
13040017	945	0.1	-0.1	3.39811
13040017	946	0.1	-0.1	1.37079
13040017	947	0.1	-0.1	3.63951
13040017	948	0.1	-0.1	4.74944
13040017	949	0.1	-0.1	4.92415
13040017	950	0.1	-0.1	4.02974
13040017	951	0.1	-0.1	3.82739
13040017	952	0.1	-0.1	-1.24991
13040017	953	0.1	-0.1	-3.92807
13040017	954	0.1	-0.1	2.91277
13040017	955	0.1	-0.1	-0.985832
13040017	956	0.1	-0.1	4.68341
13040017	957	0.1	-0.1	3.08475
13040017	958	0.1	-0.1	5.56746
13040017	959	0.1	-0.1	1.87056
13040017	960	0.1	-0.1	-4.18068
13040017	961	0.1	-0.1	3.67357
13040017	962	0.1	-0.1	3.44269
13040017	963	0.1	-0.1	-3.52781
13040017	964	0.1	-0.1	5.57784
13040017	965	0.1	-0.1	0.313023
13040017	966	0.1	-0.1	2.06772
13040017	967	0.1	-0.1	-3.29761
13040017	968	0.1	-0.1	-2.08941
13040017	969	0.1	-0.1	1.98983
13040017	970	0.1	-0.1	2.71798
13040017	971	0.1	-0.1	1.07243
13040017	972	0.1	-0.1	5.26468
13040017	973	0.1	-0.1	-0.589674
13040017	974	0.1	-0.1	-0.261911
13040017	975	0.1	-0.1	1.65386
13040017	976	0.1	-0.1	1.97438
13040017	977	0.1	-0.1	-4.99256
13040017	978	0.1	-0.1	3.47314
13040017	979	0.1	-0.1	3.28134
13040017	980	0.1	-0.1	-0.785131
13040017	981	0.1	-0.1	0.964199
13040017	982	0.1	-0.1	-3.12144
13040017	983	0.1	-0.1	-0.00372136
13040017	984	0.1	-0.1	5.23926
13040017	985	0.1	-0.1	-2.23329
13040017	986	0.1	-0.1	-4.82821
13040017	987	0.1	-0.1	-4.04053
13040017	988	0.1	-0.1	2.58716
13040017	989	0.1	-0.1	-0.32934
13040017	990	0.1	-0.1	1.00634
13040017	991	0.1	-0.1	-0.98793
13040017	992	0.1	-0.1	-5.24979
13040017	993	0.1	-0.1	4.46071
13040017	994	0.1	-0.1	-3.81135
13040017	995	0.1	-0.1	2.44375
13040017	996	0.1	-0.1	-3.96392
13040017	997	0.1	-0.1	-1.03653
13040017	998	0.1	-0.1	5.63485
13040017	999	0.1	-0.1	1.20086
13040017	1000	0.1	-0.1	3.07251
