13045029	1	0.1	-0.1	-4.86029
13045029	2	0.1	-0.1	3.59217
13045029	3	0.1	-0.1	1.16979
13045029	4	0.1	-0.1	2.65921
13045029	5	0.1	-0.1	0.813491
13045029	6	0.1	-0.1	2.27322
13045029	7	0.1	-0.1	0.928088
13045029	8	0.1	-0.1	0.362091
13045029	9	0.1	-0.1	-3.27062
13045029	10	0.1	-0.1	-0.880783
13045029	11	0.1	-0.1	4.95263
13045029	12	0.1	-0.1	4.87676
13045029	13	0.1	-0.1	5.63477
13045029	14	0.1	-0.1	-4.70626
13045029	15	0.1	-0.1	-4.20121
13045029	16	0.1	-0.1	2.39275
13045029	17	0.1	-0.1	-3.31991
13045029	18	0.1	-0.1	3.4134
13045029	19	0.1	-0.1	4.27432
13045029	20	0.1	-0.1	-1.86907
13045029	21	0.1	-0.1	-1.80441
13045029	22	0.1	-0.1	1.3326
13045029	23	0.1	-0.1	2.4951
13045029	24	0.1	-0.1	2.08269
13045029	25	0.1	-0.1	-3.19354
13045029	26	0.1	-0.1	5.13449
13045029	27	0.1	-0.1	0.776355
13045029	28	0.1	-0.1	0.0712914
13045029	29	0.1	-0.1	1.72032
13045029	30	0.1	-0.1	-5.60444
13045029	31	0.1	-0.1	4.51708
13045029	32	0.1	-0.1	-0.0713923
13045029	33	0.1	-0.1	-4.36584
13045029	34	0.1	-0.1	-1.06424
13045029	35	0.1	-0.1	4.03427
13045029	36	0.1	-0.1	-1.99505
13045029	37	0.1	-0.1	3.95695
13045029	38	0.1	-0.1	1.75694
13045029	39	0.1	-0.1	-0.815131
13045029	40	0.1	-0.1	-3.26093
13045029	41	0.1	-0.1	3.63147
13045029	42	0.1	-0.1	3.49627
13045029	43	0.1	-0.1	-3.44996
13045029	44	0.1	-0.1	4.98991
13045029	45	0.1	-0.1	-0.473405
13045029	46	0.1	-0.1	3.04793
13045029	47	0.1	-0.1	-3.20733
13045029	48	0.1	-0.1	-4.47627
13045029	49	0.1	-0.1	4.15124
13045029	50	0.1	-0.1	-4.62813
13045029	51	0.1	-0.1	-1.67803
13045029	52	0.1	-0.1	-3.02169
13045029	53	0.1	-0.1	5.75529
13045029	54	0.1	-0.1	5.58444
13045029	55	0.1	-0.1	0.358336
13045029	56	0.1	-0.1	4.82021
13045029	57	0.1	-0.1	-3.13174
13045029	58	0.1	-0.1	-0.21879
13045029	59	0.1	-0.1	-5.42653
13045029	60	0.1	-0.1	4.98372
13045029	61	0.1	-0.1	5.11438
13045029	62	0.1	-0.1	5.82804
13045029	63	0.1	-0.1	-2.3526
13045029	64	0.1	-0.1	-5.50038
13045029	65	0.1	-0.1	1.14419
13045029	66	0.1	-0.1	-4.24149
13045029	67	0.1	-0.1	-0.644532
13045029	68	0.1	-0.1	2.27175
13045029	69	0.1	-0.1	4.50719
13045029	70	0.1	-0.1	3.62407
13045029	71	0.1	-0.1	5.27564
13045029	72	0.1	-0.1	5.04114
13045029	73	0.1	-0.1	5.59776
13045029	74	0.1	-0.1	1.19461
13045029	75	0.1	-0.1	-3.09812
13045029	76	0.1	-0.1	-2.89212
13045029	77	0.1	-0.1	-2.18507
13045029	78	0.1	-0.1	3.72631
13045029	79	0.1	-0.1	-0.462191
13045029	80	0.1	-0.1	4.91677
13045029	81	0.1	-0.1	-3.1667
13045029	82	0.1	-0.1	-1.91012
13045029	83	0.1	-0.1	-2.4733
13045029	84	0.1	-0.1	-1.98863
13045029	85	0.1	-0.1	5.08801
13045029	86	0.1	-0.1	-0.678086
13045029	87	0.1	-0.1	-4.48064
13045029	88	0.1	-0.1	3.48759
13045029	89	0.1	-0.1	5.76729
13045029	90	0.1	-0.1	-3.87581
13045029	91	0.1	-0.1	-4.72182
13045029	92	0.1	-0.1	4.07073
13045029	93	0.1	-0.1	-5.33146
13045029	94	0.1	-0.1	-5.36021
13045029	95	0.1	-0.1	-1.07468
13045029	96	0.1	-0.1	5.51614
13045029	97	0.1	-0.1	0.592471
13045029	98	0.1	-0.1	-5.72715
13045029	99	0.1	-0.1	5.05328
13045029	100	0.1	-0.1	-0.668858
13045029	101	0.1	-0.1	4.52359
13045029	102	0.1	-0.1	2.51278
13045029	103	0.1	-0.1	1.04091
13045029	104	0.1	-0.1	5.81487
13045029	105	0.1	-0.1	0.101567
13045029	106	0.1	-0.1	1.9107
13045029	107	0.1	-0.1	-5.44815
13045029	108	0.1	-0.1	-5.62408
13045029	109	0.1	-0.1	-3.15766
13045029	110	0.1	-0.1	-0.804685
13045029	111	0.1	-0.1	-1.35795
13045029	112	0.1	-0.1	-5.41537
13045029	113	0.1	-0.1	-0.354141
13045029	114	0.1	-0.1	1.90259
13045029	115	0.1	-0.1	3.01724
13045029	116	0.1	-0.1	2.52227
13045029	117	0.1	-0.1	3.76028
13045029	118	0.1	-0.1	-3.75775
13045029	119	0.1	-0.1	5.14581
13045029	120	0.1	-0.1	3.00011
13045029	121	0.1	-0.1	5.45559
13045029	122	0.1	-0.1	2.8318
13045029	123	0.1	-0.1	-5.88049
13045029	124	0.1	-0.1	-5.83529
13045029	125	0.1	-0.1	-3.1572
13045029	126	0.1	-0.1	-4.76421
13045029	127	0.1	-0.1	-3.11845
13045029	128	0.1	-0.1	0.47952
13045029	129	0.1	-0.1	5.39034
13045029	130	0.1	-0.1	-4.56491
13045029	131	0.1	-0.1	-2.32025
13045029	132	0.1	-0.1	4.09706
13045029	133	0.1	-0.1	-3.69182
13045029	134	0.1	-0.1	-3.92302
13045029	135	0.1	-0.1	4.78368
13045029	136	0.1	-0.1	4.65861
13045029	137	0.1	-0.1	-0.718151
13045029	138	0.1	-0.1	3.0593
13045029	139	0.1	-0.1	-0.51227
13045029	140	0.1	-0.1	4.80185
13045029	141	0.1	-0.1	0.985995
13045029	142	0.1	-0.1	-3.80875
13045029	143	0.1	-0.1	0.66982
13045029	144	0.1	-0.1	-4.00775
13045029	145	0.1	-0.1	1.6192
13045029	146	0.1	-0.1	3.61742
13045029	147	0.1	-0.1	-0.732392
13045029	148	0.1	-0.1	-2.17237
13045029	149	0.1	-0.1	-3.01086
13045029	150	0.1	-0.1	2.45556
13045029	151	0.1	-0.1	-5.90184
13045029	152	0.1	-0.1	4.67449
13045029	153	0.1	-0.1	-2.64542
13045029	154	0.1	-0.1	-5.95628
13045029	155	0.1	-0.1	4.50296
13045029	156	0.1	-0.1	-2.23702
13045029	157	0.1	-0.1	-2.84469
13045029	158	0.1	-0.1	-1.95264
13045029	159	0.1	-0.1	3.14861
13045029	160	0.1	-0.1	-1.77018
13045029	161	0.1	-0.1	-5.99374
13045029	162	0.1	-0.1	-3.59715
13045029	163	0.1	-0.1	-2.83703
13045029	164	0.1	-0.1	-1.88121
13045029	165	0.1	-0.1	2.43356
13045029	166	0.1	-0.1	-3.14802
13045029	167	0.1	-0.1	5.78058
13045029	168	0.1	-0.1	-4.3797
13045029	169	0.1	-0.1	1.1379
13045029	170	0.1	-0.1	-5.43553
13045029	171	0.1	-0.1	1.95431
13045029	172	0.1	-0.1	-0.49948
13045029	173	0.1	-0.1	-5.23705
13045029	174	0.1	-0.1	3.34868
13045029	175	0.1	-0.1	4.72197
13045029	176	0.1	-0.1	1.10571
13045029	177	0.1	-0.1	5.26518
13045029	178	0.1	-0.1	-5.58952
13045029	179	0.1	-0.1	-4.24036
13045029	180	0.1	-0.1	-4.21791
13045029	181	0.1	-0.1	-3.80806
13045029	182	0.1	-0.1	2.89987
13045029	183	0.1	-0.1	-5.21708
13045029	184	0.1	-0.1	2.77154
13045029	185	0.1	-0.1	5.14107
13045029	186	0.1	-0.1	0.181292
13045029	187	0.1	-0.1	-3.24161
13045029	188	0.1	-0.1	0.88846
13045029	189	0.1	-0.1	2.98068
13045029	190	0.1	-0.1	4.41314
13045029	191	0.1	-0.1	-2.41092
13045029	192	0.1	-0.1	2.55141
13045029	193	0.1	-0.1	0.843437
13045029	194	0.1	-0.1	-4.56506
13045029	195	0.1	-0.1	-2.30492
13045029	196	0.1	-0.1	-2.04785
13045029	197	0.1	-0.1	-0.815034
13045029	198	0.1	-0.1	-3.12893
13045029	199	0.1	-0.1	5.39561
13045029	200	0.1	-0.1	0.8869
13045029	201	0.1	-0.1	-1.66068
13045029	202	0.1	-0.1	-0.627645
13045029	203	0.1	-0.1	-1.49144
13045029	204	0.1	-0.1	-3.91567
13045029	205	0.1	-0.1	0.85049
13045029	206	0.1	-0.1	1.15624
13045029	207	0.1	-0.1	5.94177
13045029	208	0.1	-0.1	-3.06027
13045029	209	0.1	-0.1	-3.85789
13045029	210	0.1	-0.1	5.68595
13045029	211	0.1	-0.1	-1.7543
13045029	212	0.1	-0.1	-5.11167
13045029	213	0.1	-0.1	-0.182728
13045029	214	0.1	-0.1	4.30858
13045029	215	0.1	-0.1	2.82143
13045029	216	0.1	-0.1	-0.782641
13045029	217	0.1	-0.1	-0.32519
13045029	218	0.1	-0.1	-1.6832
13045029	219	0.1	-0.1	-0.135773
13045029	220	0.1	-0.1	-5.29189
13045029	221	0.1	-0.1	0.79284
13045029	222	0.1	-0.1	5.12522
13045029	223	0.1	-0.1	3.57831
13045029	224	0.1	-0.1	-2.57564
13045029	225	0.1	-0.1	3.24338
13045029	226	0.1	-0.1	-1.43633
13045029	227	0.1	-0.1	5.91961
13045029	228	0.1	-0.1	1.17665
13045029	229	0.1	-0.1	-0.244497
13045029	230	0.1	-0.1	1.37925
13045029	231	0.1	-0.1	1.82236
13045029	232	0.1	-0.1	-0.789179
13045029	233	0.1	-0.1	-5.29778
13045029	234	0.1	-0.1	5.47424
13045029	235	0.1	-0.1	4.38313
13045029	236	0.1	-0.1	3.30969
13045029	237	0.1	-0.1	5.3906
13045029	238	0.1	-0.1	-3.2579
13045029	239	0.1	-0.1	-2.1295
13045029	240	0.1	-0.1	4.82809
13045029	241	0.1	-0.1	4.94597
13045029	242	0.1	-0.1	2.36353
13045029	243	0.1	-0.1	5.57875
13045029	244	0.1	-0.1	-3.49796
13045029	245	0.1	-0.1	-0.443057
13045029	246	0.1	-0.1	-4.51118
13045029	247	0.1	-0.1	3.36553
13045029	248	0.1	-0.1	-3.70842
13045029	249	0.1	-0.1	-0.533813
13045029	250	0.1	-0.1	-5.03598
13045029	251	0.1	-0.1	3.70407
13045029	252	0.1	-0.1	1.80597
13045029	253	0.1	-0.1	-0.796531
13045029	254	0.1	-0.1	-3.52382
13045029	255	0.1	-0.1	-3.4085
13045029	256	0.1	-0.1	-4.68469
13045029	257	0.1	-0.1	4.61229
13045029	258	0.1	-0.1	-4.77578
13045029	259	0.1	-0.1	1.10045
13045029	260	0.1	-0.1	-2.80248
13045029	261	0.1	-0.1	3.60786
13045029	262	0.1	-0.1	-2.92169
13045029	263	0.1	-0.1	-4.077
13045029	264	0.1	-0.1	-0.740278
13045029	265	0.1	-0.1	-4.40818
13045029	266	0.1	-0.1	-2.64866
13045029	267	0.1	-0.1	3.94732
13045029	268	0.1	-0.1	-1.10053
13045029	269	0.1	-0.1	-0.295117
13045029	270	0.1	-0.1	-1.32077
13045029	271	0.1	-0.1	5.24838
13045029	272	0.1	-0.1	0.672707
13045029	273	0.1	-0.1	-2.25384
13045029	274	0.1	-0.1	-1.03329
13045029	275	0.1	-0.1	-1.97404
13045029	276	0.1	-0.1	-4.52207
13045029	277	0.1	-0.1	1.43769
13045029	278	0.1	-0.1	3.29601
13045029	279	0.1	-0.1	-0.213799
13045029	280	0.1	-0.1	-0.120074
13045029	281	0.1	-0.1	1.46923
13045029	282	0.1	-0.1	0.475537
13045029	283	0.1	-0.1	-4.85487
13045029	284	0.1	-0.1	3.56841
13045029	285	0.1	-0.1	1.74021
13045029	286	0.1	-0.1	-4.74959
13045029	287	0.1	-0.1	-3.93043
13045029	288	0.1	-0.1	4.63281
13045029	289	0.1	-0.1	0.897498
13045029	290	0.1	-0.1	1.11638
13045029	291	0.1	-0.1	2.73638
13045029	292	0.1	-0.1	-3.85013
13045029	293	0.1	-0.1	-0.00785354
13045029	294	0.1	-0.1	3.71559
13045029	295	0.1	-0.1	-5.02875
13045029	296	0.1	-0.1	5.94043
13045029	297	0.1	-0.1	-0.223437
13045029	298	0.1	-0.1	3.58765
13045029	299	0.1	-0.1	3.32717
13045029	300	0.1	-0.1	-3.99847
13045029	301	0.1	-0.1	3.83618
13045029	302	0.1	-0.1	-5.93477
13045029	303	0.1	-0.1	5.99002
13045029	304	0.1	-0.1	-4.47081
13045029	305	0.1	-0.1	3.92648
13045029	306	0.1	-0.1	-2.2856
13045029	307	0.1	-0.1	-3.18837
13045029	308	0.1	-0.1	-5.235
13045029	309	0.1	-0.1	3.5781
13045029	310	0.1	-0.1	4.47973
13045029	311	0.1	-0.1	3.79033
13045029	312	0.1	-0.1	4.01465
13045029	313	0.1	-0.1	-0.676404
13045029	314	0.1	-0.1	5.19953
13045029	315	0.1	-0.1	1.3113
13045029	316	0.1	-0.1	-4.4755
13045029	317	0.1	-0.1	0.488013
13045029	318	0.1	-0.1	-2.98532
13045029	319	0.1	-0.1	4.05014
13045029	320	0.1	-0.1	4.47806
13045029	321	0.1	-0.1	0.4998
13045029	322	0.1	-0.1	2.19738
13045029	323	0.1	-0.1	0.073807
13045029	324	0.1	-0.1	-3.77763
13045029	325	0.1	-0.1	-4.57537
13045029	326	0.1	-0.1	4.00271
13045029	327	0.1	-0.1	5.33711
13045029	328	0.1	-0.1	-2.69288
13045029	329	0.1	-0.1	-0.897834
13045029	330	0.1	-0.1	4.80633
13045029	331	0.1	-0.1	-2.37021
13045029	332	0.1	-0.1	-4.20927
13045029	333	0.1	-0.1	-1.21121
13045029	334	0.1	-0.1	-4.663
13045029	335	0.1	-0.1	-1.13805
13045029	336	0.1	-0.1	-2.19125
13045029	337	0.1	-0.1	4.32877
13045029	338	0.1	-0.1	3.5007
13045029	339	0.1	-0.1	-0.0113874
13045029	340	0.1	-0.1	4.49889
13045029	341	0.1	-0.1	-0.0961835
13045029	342	0.1	-0.1	3.68633
13045029	343	0.1	-0.1	-5.304
13045029	344	0.1	-0.1	1.49589
13045029	345	0.1	-0.1	-3.60797
13045029	346	0.1	-0.1	4.44287
13045029	347	0.1	-0.1	-0.144783
13045029	348	0.1	-0.1	-0.523233
13045029	349	0.1	-0.1	-4.69014
13045029	350	0.1	-0.1	-1.72606
13045029	351	0.1	-0.1	-5.97805
13045029	352	0.1	-0.1	-4.14356
13045029	353	0.1	-0.1	-2.70793
13045029	354	0.1	-0.1	5.5449
13045029	355	0.1	-0.1	-2.11446
13045029	356	0.1	-0.1	-3.75078
13045029	357	0.1	-0.1	2.92786
13045029	358	0.1	-0.1	-4.19282
13045029	359	0.1	-0.1	-0.420453
13045029	360	0.1	-0.1	4.61484
13045029	361	0.1	-0.1	0.027937
13045029	362	0.1	-0.1	-5.60108
13045029	363	0.1	-0.1	-5.70345
13045029	364	0.1	-0.1	3.73461
13045029	365	0.1	-0.1	-5.70126
13045029	366	0.1	-0.1	5.62903
13045029	367	0.1	-0.1	-5.69591
13045029	368	0.1	-0.1	-5.03936
13045029	369	0.1	-0.1	4.94726
13045029	370	0.1	-0.1	5.80886
13045029	371	0.1	-0.1	-3.76369
13045029	372	0.1	-0.1	2.25883
13045029	373	0.1	-0.1	-5.6219
13045029	374	0.1	-0.1	2.77539
13045029	375	0.1	-0.1	-3.47012
13045029	376	0.1	-0.1	-4.91266
13045029	377	0.1	-0.1	1.3022
13045029	378	0.1	-0.1	0.79839
13045029	379	0.1	-0.1	2.64639
13045029	380	0.1	-0.1	4.65876
13045029	381	0.1	-0.1	-0.967702
13045029	382	0.1	-0.1	5.7034
13045029	383	0.1	-0.1	0.0235238
13045029	384	0.1	-0.1	4.50781
13045029	385	0.1	-0.1	1.63879
13045029	386	0.1	-0.1	3.06631
13045029	387	0.1	-0.1	-2.1044
13045029	388	0.1	-0.1	-4.40068
13045029	389	0.1	-0.1	-2.93494
13045029	390	0.1	-0.1	-3.97223
13045029	391	0.1	-0.1	-1.565
13045029	392	0.1	-0.1	5.17106
13045029	393	0.1	-0.1	-2.12673
13045029	394	0.1	-0.1	-5.36593
13045029	395	0.1	-0.1	-3.93088
13045029	396	0.1	-0.1	-5.02348
13045029	397	0.1	-0.1	-4.6287
13045029	398	0.1	-0.1	-4.84481
13045029	399	0.1	-0.1	4.35149
13045029	400	0.1	-0.1	0.236116
13045029	401	0.1	-0.1	2.17609
13045029	402	0.1	-0.1	-1.18941
13045029	403	0.1	-0.1	-0.599517
13045029	404	0.1	-0.1	-5.0366
13045029	405	0.1	-0.1	-1.22844
13045029	406	0.1	-0.1	-5.7834
13045029	407	0.1	-0.1	1.41234
13045029	408	0.1	-0.1	0.538281
13045029	409	0.1	-0.1	-2.05869
13045029	410	0.1	-0.1	5.67133
13045029	411	0.1	-0.1	0.0465522
13045029	412	0.1	-0.1	2.78244
13045029	413	0.1	-0.1	-2.839
13045029	414	0.1	-0.1	4.87112
13045029	415	0.1	-0.1	-4.7223
13045029	416	0.1	-0.1	-2.39575
13045029	417	0.1	-0.1	3.77188
13045029	418	0.1	-0.1	4.54751
13045029	419	0.1	-0.1	5.90905
13045029	420	0.1	-0.1	3.2926
13045029	421	0.1	-0.1	-0.476148
13045029	422	0.1	-0.1	-1.6365
13045029	423	0.1	-0.1	5.02827
13045029	424	0.1	-0.1	4.68516
13045029	425	0.1	-0.1	-1.73567
13045029	426	0.1	-0.1	1.69742
13045029	427	0.1	-0.1	-1.835
13045029	428	0.1	-0.1	1.1719
13045029	429	0.1	-0.1	3.00115
13045029	430	0.1	-0.1	-4.51395
13045029	431	0.1	-0.1	-4.13925
13045029	432	0.1	-0.1	-3.09695
13045029	433	0.1	-0.1	3.19978
13045029	434	0.1	-0.1	5.44361
13045029	435	0.1	-0.1	0.507375
13045029	436	0.1	-0.1	4.10582
13045029	437	0.1	-0.1	-1.89961
13045029	438	0.1	-0.1	-2.61635
13045029	439	0.1	-0.1	2.59493
13045029	440	0.1	-0.1	-2.86343
13045029	441	0.1	-0.1	-0.0703736
13045029	442	0.1	-0.1	5.06086
13045029	443	0.1	-0.1	5.50011
13045029	444	0.1	-0.1	0.09965
13045029	445	0.1	-0.1	1.47631
13045029	446	0.1	-0.1	3.56642
13045029	447	0.1	-0.1	1.96285
13045029	448	0.1	-0.1	3.36744
13045029	449	0.1	-0.1	1.26722
13045029	450	0.1	-0.1	5.22956
13045029	451	0.1	-0.1	-1.73212
13045029	452	0.1	-0.1	0.936846
13045029	453	0.1	-0.1	-2.01826
13045029	454	0.1	-0.1	-2.835
13045029	455	0.1	-0.1	0.0405961
13045029	456	0.1	-0.1	-0.378189
13045029	457	0.1	-0.1	1.0255
13045029	458	0.1	-0.1	-0.889835
13045029	459	0.1	-0.1	2.80579
13045029	460	0.1	-0.1	-3.24027
13045029	461	0.1	-0.1	-5.40784
13045029	462	0.1	-0.1	-0.914109
13045029	463	0.1	-0.1	-1.35191
13045029	464	0.1	-0.1	-0.472374
13045029	465	0.1	-0.1	-1.36522
13045029	466	0.1	-0.1	-1.7295
13045029	467	0.1	-0.1	0.300516
13045029	468	0.1	-0.1	3.4712
13045029	469	0.1	-0.1	3.65653
13045029	470	0.1	-0.1	-1.38132
13045029	471	0.1	-0.1	-0.573417
13045029	472	0.1	-0.1	-2.07554
13045029	473	0.1	-0.1	5.36164
13045029	474	0.1	-0.1	-0.315811
13045029	475	0.1	-0.1	-1.94239
13045029	476	0.1	-0.1	2.33796
13045029	477	0.1	-0.1	2.57067
13045029	478	0.1	-0.1	-5.39445
13045029	479	0.1	-0.1	5.88698
13045029	480	0.1	-0.1	0.460695
13045029	481	0.1	-0.1	3.55194
13045029	482	0.1	-0.1	-2.537
13045029	483	0.1	-0.1	4.30061
13045029	484	0.1	-0.1	1.46125
13045029	485	0.1	-0.1	-2.12385
13045029	486	0.1	-0.1	3.28623
13045029	487	0.1	-0.1	-2.40937
13045029	488	0.1	-0.1	3.91099
13045029	489	0.1	-0.1	-0.484344
13045029	490	0.1	-0.1	0.480043
13045029	491	0.1	-0.1	4.2665
13045029	492	0.1	-0.1	1.35694
13045029	493	0.1	-0.1	3.57604
13045029	494	0.1	-0.1	-4.58451
13045029	495	0.1	-0.1	2.56006
13045029	496	0.1	-0.1	-3.03891
13045029	497	0.1	-0.1	4.29441
13045029	498	0.1	-0.1	2.77412
13045029	499	0.1	-0.1	5.46016
13045029	500	0.1	-0.1	2.7945
13045029	501	0.1	-0.1	-3.29688
13045029	502	0.1	-0.1	1.38813
13045029	503	0.1	-0.1	-1.71062
13045029	504	0.1	-0.1	-3.94
13045029	505	0.1	-0.1	-5.08308
13045029	506	0.1	-0.1	-1.33349
13045029	507	0.1	-0.1	-0.0332766
13045029	508	0.1	-0.1	-2.11102
13045029	509	0.1	-0.1	5.24808
13045029	510	0.1	-0.1	5.20581
13045029	511	0.1	-0.1	0.671707
13045029	512	0.1	-0.1	-1.69195
13045029	513	0.1	-0.1	-5.80263
13045029	514	0.1	-0.1	-0.237894
13045029	515	0.1	-0.1	-2.93926
13045029	516	0.1	-0.1	-1.77713
13045029	517	0.1	-0.1	4.91769
13045029	518	0.1	-0.1	3.83025
13045029	519	0.1	-0.1	0.534702
13045029	520	0.1	-0.1	5.52584
13045029	521	0.1	-0.1	1.268
13045029	522	0.1	-0.1	0.477071
13045029	523	0.1	-0.1	-4.59814
13045029	524	0.1	-0.1	3.6408
13045029	525	0.1	-0.1	1.12894
13045029	526	0.1	-0.1	-2.89089
13045029	527	0.1	-0.1	-2.4988
13045029	528	0.1	-0.1	-4.23133
13045029	529	0.1	-0.1	4.61061
13045029	530	0.1	-0.1	0.999846
13045029	531	0.1	-0.1	4.73648
13045029	532	0.1	-0.1	3.64506
13045029	533	0.1	-0.1	0.746052
13045029	534	0.1	-0.1	-0.480004
13045029	535	0.1	-0.1	-1.53702
13045029	536	0.1	-0.1	0.332941
13045029	537	0.1	-0.1	0.463427
13045029	538	0.1	-0.1	1.76313
13045029	539	0.1	-0.1	5.0687
13045029	540	0.1	-0.1	1.3487
13045029	541	0.1	-0.1	-2.48865
13045029	542	0.1	-0.1	1.55896
13045029	543	0.1	-0.1	5.37158
13045029	544	0.1	-0.1	4.14875
13045029	545	0.1	-0.1	5.40206
13045029	546	0.1	-0.1	2.90425
13045029	547	0.1	-0.1	-3.3096
13045029	548	0.1	-0.1	5.89826
13045029	549	0.1	-0.1	3.18302
13045029	550	0.1	-0.1	-5.28053
13045029	551	0.1	-0.1	-3.49468
13045029	552	0.1	-0.1	2.25427
13045029	553	0.1	-0.1	3.75676
13045029	554	0.1	-0.1	3.07677
13045029	555	0.1	-0.1	2.715
13045029	556	0.1	-0.1	5.20947
13045029	557	0.1	-0.1	-4.58886
13045029	558	0.1	-0.1	3.68924
13045029	559	0.1	-0.1	5.96375
13045029	560	0.1	-0.1	-1.4932
13045029	561	0.1	-0.1	5.41083
13045029	562	0.1	-0.1	0.187823
13045029	563	0.1	-0.1	1.90512
13045029	564	0.1	-0.1	4.46959
13045029	565	0.1	-0.1	1.7095
13045029	566	0.1	-0.1	1.95406
13045029	567	0.1	-0.1	1.95241
13045029	568	0.1	-0.1	2.24092
13045029	569	0.1	-0.1	-2.22298
13045029	570	0.1	-0.1	1.41243
13045029	571	0.1	-0.1	3.52816
13045029	572	0.1	-0.1	0.259915
13045029	573	0.1	-0.1	-3.55524
13045029	574	0.1	-0.1	4.7131
13045029	575	0.1	-0.1	3.07323
13045029	576	0.1	-0.1	2.1042
13045029	577	0.1	-0.1	0.774153
13045029	578	0.1	-0.1	-0.788134
13045029	579	0.1	-0.1	-2.63572
13045029	580	0.1	-0.1	-0.788844
13045029	581	0.1	-0.1	3.78915
13045029	582	0.1	-0.1	0.767228
13045029	583	0.1	-0.1	-3.76005
13045029	584	0.1	-0.1	4.61519
13045029	585	0.1	-0.1	2.36105
13045029	586	0.1	-0.1	5.27332
13045029	587	0.1	-0.1	-5.64162
13045029	588	0.1	-0.1	-4.21302
13045029	589	0.1	-0.1	-4.14884
13045029	590	0.1	-0.1	-3.35337
13045029	591	0.1	-0.1	1.42868
13045029	592	0.1	-0.1	-3.14447
13045029	593	0.1	-0.1	-0.407194
13045029	594	0.1	-0.1	-4.637
13045029	595	0.1	-0.1	1.90247
13045029	596	0.1	-0.1	-3.22576
13045029	597	0.1	-0.1	-2.38584
13045029	598	0.1	-0.1	1.03047
13045029	599	0.1	-0.1	-3.296
13045029	600	0.1	-0.1	0.524977
13045029	601	0.1	-0.1	-4.84222
13045029	602	0.1	-0.1	-5.6354
13045029	603	0.1	-0.1	-1.88617
13045029	604	0.1	-0.1	-0.475478
13045029	605	0.1	-0.1	0.854482
13045029	606	0.1	-0.1	1.67949
13045029	607	0.1	-0.1	-4.06467
13045029	608	0.1	-0.1	3.273
13045029	609	0.1	-0.1	4.70834
13045029	610	0.1	-0.1	-3.74922
13045029	611	0.1	-0.1	-4.66177
13045029	612	0.1	-0.1	3.60793
13045029	613	0.1	-0.1	1.67774
13045029	614	0.1	-0.1	-5.43771
13045029	615	0.1	-0.1	4.23578
13045029	616	0.1	-0.1	2.16689
13045029	617	0.1	-0.1	-0.485611
13045029	618	0.1	-0.1	-5.2161
13045029	619	0.1	-0.1	-5.85364
13045029	620	0.1	-0.1	2.32099
13045029	621	0.1	-0.1	-4.22719
13045029	622	0.1	-0.1	5.94591
13045029	623	0.1	-0.1	-0.215153
13045029	624	0.1	-0.1	-5.9531
13045029	625	0.1	-0.1	2.75801
13045029	626	0.1	-0.1	-4.01084
13045029	627	0.1	-0.1	-5.24277
13045029	628	0.1	-0.1	1.79555
13045029	629	0.1	-0.1	5.15368
13045029	630	0.1	-0.1	-1.43643
13045029	631	0.1	-0.1	0.947529
13045029	632	0.1	-0.1	-0.958809
13045029	633	0.1	-0.1	2.99664
13045029	634	0.1	-0.1	4.29922
13045029	635	0.1	-0.1	3.87627
13045029	636	0.1	-0.1	-5.36269
13045029	637	0.1	-0.1	1.07862
13045029	638	0.1	-0.1	-0.0731306
13045029	639	0.1	-0.1	4.93122
13045029	640	0.1	-0.1	-2.8676
13045029	641	0.1	-0.1	-0.557924
13045029	642	0.1	-0.1	1.55004
13045029	643	0.1	-0.1	-1.67453
13045029	644	0.1	-0.1	-1.81663
13045029	645	0.1	-0.1	-1.50614
13045029	646	0.1	-0.1	4.4682
13045029	647	0.1	-0.1	4.19502
13045029	648	0.1	-0.1	0.583568
13045029	649	0.1	-0.1	-1.95393
13045029	650	0.1	-0.1	4.70571
13045029	651	0.1	-0.1	1.59735
13045029	652	0.1	-0.1	3.84713
13045029	653	0.1	-0.1	0.278855
13045029	654	0.1	-0.1	4.28873
13045029	655	0.1	-0.1	0.446851
13045029	656	0.1	-0.1	1.16593
13045029	657	0.1	-0.1	-2.71326
13045029	658	0.1	-0.1	-3.61057
13045029	659	0.1	-0.1	3.44589
13045029	660	0.1	-0.1	-1.13616
13045029	661	0.1	-0.1	-4.72163
13045029	662	0.1	-0.1	4.0277
13045029	663	0.1	-0.1	-1.14114
13045029	664	0.1	-0.1	1.64159
13045029	665	0.1	-0.1	-2.41269
13045029	666	0.1	-0.1	-5.81171
13045029	667	0.1	-0.1	-1.67425
13045029	668	0.1	-0.1	0.388139
13045029	669	0.1	-0.1	-5.98758
13045029	670	0.1	-0.1	-3.12777
13045029	671	0.1	-0.1	-2.32364
13045029	672	0.1	-0.1	2.75944
13045029	673	0.1	-0.1	-0.375726
13045029	674	0.1	-0.1	-5.68204
13045029	675	0.1	-0.1	5.23531
13045029	676	0.1	-0.1	5.68103
13045029	677	0.1	-0.1	4.52117
13045029	678	0.1	-0.1	-1.63061
13045029	679	0.1	-0.1	1.76606
13045029	680	0.1	-0.1	1.01082
13045029	681	0.1	-0.1	-2.28755
13045029	682	0.1	-0.1	-2.6218
13045029	683	0.1	-0.1	-3.02424
13045029	684	0.1	-0.1	-3.67269
13045029	685	0.1	-0.1	-4.81584
13045029	686	0.1	-0.1	3.61781
13045029	687	0.1	-0.1	-3.61459
13045029	688	0.1	-0.1	5.38181
13045029	689	0.1	-0.1	1.47813
13045029	690	0.1	-0.1	-2.36514
13045029	691	0.1	-0.1	2.08034
13045029	692	0.1	-0.1	3.59072
13045029	693	0.1	-0.1	3.7018
13045029	694	0.1	-0.1	0.558448
13045029	695	0.1	-0.1	1.79442
13045029	696	0.1	-0.1	1.84739
13045029	697	0.1	-0.1	-5.38669
13045029	698	0.1	-0.1	2.16053
13045029	699	0.1	-0.1	1.62112
13045029	700	0.1	-0.1	4.09496
13045029	701	0.1	-0.1	-2.02208
13045029	702	0.1	-0.1	-0.112882
13045029	703	0.1	-0.1	-5.32691
13045029	704	0.1	-0.1	2.96176
13045029	705	0.1	-0.1	-0.237199
13045029	706	0.1	-0.1	4.84197
13045029	707	0.1	-0.1	1.39563
13045029	708	0.1	-0.1	-2.93981
13045029	709	0.1	-0.1	-5.00381
13045029	710	0.1	-0.1	4.52291
13045029	711	0.1	-0.1	-0.0948247
13045029	712	0.1	-0.1	-3.81468
13045029	713	0.1	-0.1	-4.75447
13045029	714	0.1	-0.1	5.02345
13045029	715	0.1	-0.1	1.35234
13045029	716	0.1	-0.1	-0.925541
13045029	717	0.1	-0.1	1.74479
13045029	718	0.1	-0.1	5.35082
13045029	719	0.1	-0.1	-1.1767
13045029	720	0.1	-0.1	0.282118
13045029	721	0.1	-0.1	-4.80939
13045029	722	0.1	-0.1	-2.18836
13045029	723	0.1	-0.1	2.21125
13045029	724	0.1	-0.1	-0.917208
13045029	725	0.1	-0.1	3.16087
13045029	726	0.1	-0.1	-1.48976
13045029	727	0.1	-0.1	-0.606984
13045029	728	0.1	-0.1	5.81185
13045029	729	0.1	-0.1	-0.75573
13045029	730	0.1	-0.1	1.16618
13045029	731	0.1	-0.1	-1.21372
13045029	732	0.1	-0.1	-1.1722
13045029	733	0.1	-0.1	4.91303
13045029	734	0.1	-0.1	-2.25183
13045029	735	0.1	-0.1	1.9576
13045029	736	0.1	-0.1	2.65503
13045029	737	0.1	-0.1	0.383832
13045029	738	0.1	-0.1	5.12877
13045029	739	0.1	-0.1	-4.91209
13045029	740	0.1	-0.1	-0.621748
13045029	741	0.1	-0.1	-4.57132
13045029	742	0.1	-0.1	-1.78458
13045029	743	0.1	-0.1	4.86267
13045029	744	0.1	-0.1	-1.22119
13045029	745	0.1	-0.1	5.66721
13045029	746	0.1	-0.1	-0.403742
13045029	747	0.1	-0.1	2.68107
13045029	748	0.1	-0.1	-4.77861
13045029	749	0.1	-0.1	2.67044
13045029	750	0.1	-0.1	-4.91956
13045029	751	0.1	-0.1	-3.24954
13045029	752	0.1	-0.1	5.21499
13045029	753	0.1	-0.1	-5.26912
13045029	754	0.1	-0.1	-2.6938
13045029	755	0.1	-0.1	1.5739
13045029	756	0.1	-0.1	3.01303
13045029	757	0.1	-0.1	0.252769
13045029	758	0.1	-0.1	3.45141
13045029	759	0.1	-0.1	-0.524082
13045029	760	0.1	-0.1	-1.18972
13045029	761	0.1	-0.1	-5.65851
13045029	762	0.1	-0.1	-2.13527
13045029	763	0.1	-0.1	-1.57432
13045029	764	0.1	-0.1	-3.82455
13045029	765	0.1	-0.1	4.78832
13045029	766	0.1	-0.1	3.06082
13045029	767	0.1	-0.1	-5.48107
13045029	768	0.1	-0.1	3.93005
13045029	769	0.1	-0.1	4.00396
13045029	770	0.1	-0.1	-2.84815
13045029	771	0.1	-0.1	4.24493
13045029	772	0.1	-0.1	-2.89565
13045029	773	0.1	-0.1	4.53494
13045029	774	0.1	-0.1	1.53472
13045029	775	0.1	-0.1	2.30791
13045029	776	0.1	-0.1	-0.665222
13045029	777	0.1	-0.1	5.64329
13045029	778	0.1	-0.1	-5.29096
13045029	779	0.1	-0.1	-1.09435
13045029	780	0.1	-0.1	1.23472
13045029	781	0.1	-0.1	1.22222
13045029	782	0.1	-0.1	-0.755659
13045029	783	0.1	-0.1	-3.66348
13045029	784	0.1	-0.1	-3.49229
13045029	785	0.1	-0.1	-4.77613
13045029	786	0.1	-0.1	-1.45569
13045029	787	0.1	-0.1	-5.66379
13045029	788	0.1	-0.1	-3.44779
13045029	789	0.1	-0.1	-2.06268
13045029	790	0.1	-0.1	4.64851
13045029	791	0.1	-0.1	-2.53605
13045029	792	0.1	-0.1	-1.6401
13045029	793	0.1	-0.1	-3.14661
13045029	794	0.1	-0.1	1.91671
13045029	795	0.1	-0.1	3.35126
13045029	796	0.1	-0.1	-4.86659
13045029	797	0.1	-0.1	-5.6154
13045029	798	0.1	-0.1	-2.37523
13045029	799	0.1	-0.1	4.68802
13045029	800	0.1	-0.1	-2.70219
13045029	801	0.1	-0.1	-5.67599
13045029	802	0.1	-0.1	-4.00308
13045029	803	0.1	-0.1	-1.20184
13045029	804	0.1	-0.1	3.48114
13045029	805	0.1	-0.1	-1.81294
13045029	806	0.1	-0.1	-1.04438
13045029	807	0.1	-0.1	-3.12206
13045029	808	0.1	-0.1	-5.28001
13045029	809	0.1	-0.1	3.18048
13045029	810	0.1	-0.1	-5.69401
13045029	811	0.1	-0.1	5.26319
13045029	812	0.1	-0.1	4.48563
13045029	813	0.1	-0.1	4.63008
13045029	814	0.1	-0.1	-2.90306
13045029	815	0.1	-0.1	-1.26628
13045029	816	0.1	-0.1	0.671184
13045029	817	0.1	-0.1	-3.06193
13045029	818	0.1	-0.1	-1.51052
13045029	819	0.1	-0.1	-3.37585
13045029	820	0.1	-0.1	0.706838
13045029	821	0.1	-0.1	4.73737
13045029	822	0.1	-0.1	-1.16796
13045029	823	0.1	-0.1	-3.36909
13045029	824	0.1	-0.1	2.71216
13045029	825	0.1	-0.1	-0.428363
13045029	826	0.1	-0.1	5.60016
13045029	827	0.1	-0.1	-4.48072
13045029	828	0.1	-0.1	4.85288
13045029	829	0.1	-0.1	-3.41967
13045029	830	0.1	-0.1	-5.63388
13045029	831	0.1	-0.1	1.83326
13045029	832	0.1	-0.1	-2.02034
13045029	833	0.1	-0.1	-1.28361
13045029	834	0.1	-0.1	-2.45731
13045029	835	0.1	-0.1	1.01621
13045029	836	0.1	-0.1	0.346488
13045029	837	0.1	-0.1	-0.367588
13045029	838	0.1	-0.1	-1.9711
13045029	839	0.1	-0.1	2.90824
13045029	840	0.1	-0.1	0.415674
13045029	841	0.1	-0.1	-2.00973
13045029	842	0.1	-0.1	-4.30662
13045029	843	0.1	-0.1	1.35394
13045029	844	0.1	-0.1	-5.78946
13045029	845	0.1	-0.1	-2.41631
13045029	846	0.1	-0.1	-3.87803
13045029	847	0.1	-0.1	-4.89571
13045029	848	0.1	-0.1	-3.22447
13045029	849	0.1	-0.1	3.11002
13045029	850	0.1	-0.1	0.730979
13045029	851	0.1	-0.1	-2.76605
13045029	852	0.1	-0.1	-2.03774
13045029	853	0.1	-0.1	1.07327
13045029	854	0.1	-0.1	-1.46529
13045029	855	0.1	-0.1	2.27982
13045029	856	0.1	-0.1	1.32553
13045029	857	0.1	-0.1	3.96256
13045029	858	0.1	-0.1	1.82451
13045029	859	0.1	-0.1	-3.04609
13045029	860	0.1	-0.1	-1.79409
13045029	861	0.1	-0.1	-3.42859
13045029	862	0.1	-0.1	-0.205423
13045029	863	0.1	-0.1	-0.852917
13045029	864	0.1	-0.1	1.32608
13045029	865	0.1	-0.1	4.81917
13045029	866	0.1	-0.1	3.67687
13045029	867	0.1	-0.1	-0.536514
13045029	868	0.1	-0.1	-5.5223
13045029	869	0.1	-0.1	-0.384218
13045029	870	0.1	-0.1	-4.78013
13045029	871	0.1	-0.1	0.673264
13045029	872	0.1	-0.1	-1.80547
13045029	873	0.1	-0.1	1.97998
13045029	874	0.1	-0.1	-4.38366
13045029	875	0.1	-0.1	1.80169
13045029	876	0.1	-0.1	-1.33858
13045029	877	0.1	-0.1	-3.08234
13045029	878	0.1	-0.1	2.05866
13045029	879	0.1	-0.1	0.598534
13045029	880	0.1	-0.1	-3.21829
13045029	881	0.1	-0.1	2.5993
13045029	882	0.1	-0.1	-5.59331
13045029	883	0.1	-0.1	0.737742
13045029	884	0.1	-0.1	-5.05263
13045029	885	0.1	-0.1	-3.58558
13045029	886	0.1	-0.1	3.37951
13045029	887	0.1	-0.1	1.22538
13045029	888	0.1	-0.1	2.12328
13045029	889	0.1	-0.1	-3.09449
13045029	890	0.1	-0.1	5.25436
13045029	891	0.1	-0.1	-0.845503
13045029	892	0.1	-0.1	-1.0255
13045029	893	0.1	-0.1	-2.26099
13045029	894	0.1	-0.1	2.09407
13045029	895	0.1	-0.1	5.11127
13045029	896	0.1	-0.1	3.23714
13045029	897	0.1	-0.1	-3.40585
13045029	898	0.1	-0.1	5.90511
13045029	899	0.1	-0.1	0.799871
13045029	900	0.1	-0.1	0.207575
13045029	901	0.1	-0.1	5.40206
13045029	902	0.1	-0.1	3.30836
13045029	903	0.1	-0.1	4.89096
13045029	904	0.1	-0.1	-0.502754
13045029	905	0.1	-0.1	-4.48655
13045029	906	0.1	-0.1	-4.358
13045029	907	0.1	-0.1	-5.82125
13045029	908	0.1	-0.1	-0.121334
13045029	909	0.1	-0.1	-1.25235
13045029	910	0.1	-0.1	-5.58974
13045029	911	0.1	-0.1	1.94564
13045029	912	0.1	-0.1	-1.81616
13045029	913	0.1	-0.1	-1.36265
13045029	914	0.1	-0.1	3.02781
13045029	915	0.1	-0.1	-5.42541
13045029	916	0.1	-0.1	3.73623
13045029	917	0.1	-0.1	-2.02241
13045029	918	0.1	-0.1	1.93365
13045029	919	0.1	-0.1	-3.40166
13045029	920	0.1	-0.1	2.88447
13045029	921	0.1	-0.1	3.6927
13045029	922	0.1	-0.1	5.07045
13045029	923	0.1	-0.1	0.21164
13045029	924	0.1	-0.1	2.34297
13045029	925	0.1	-0.1	3.82125
13045029	926	0.1	-0.1	5.85315
13045029	927	0.1	-0.1	-2.57428
13045029	928	0.1	-0.1	4.77577
13045029	929	0.1	-0.1	-4.55805
13045029	930	0.1	-0.1	-1.07444
13045029	931	0.1	-0.1	-5.44167
13045029	932	0.1	-0.1	-2.83746
13045029	933	0.1	-0.1	-2.29869
13045029	934	0.1	-0.1	0.792978
13045029	935	0.1	-0.1	-2.92268
13045029	936	0.1	-0.1	5.91137
13045029	937	0.1	-0.1	-2.15566
13045029	938	0.1	-0.1	-1.08559
13045029	939	0.1	-0.1	-0.0702721
13045029	940	0.1	-0.1	2.80637
13045029	941	0.1	-0.1	-3.38041
13045029	942	0.1	-0.1	-2.06306
13045029	943	0.1	-0.1	3.1049
13045029	944	0.1	-0.1	4.03881
13045029	945	0.1	-0.1	5.06002
13045029	946	0.1	-0.1	3.9619
13045029	947	0.1	-0.1	-2.94915
13045029	948	0.1	-0.1	-5.60068
13045029	949	0.1	-0.1	-3.47961
13045029	950	0.1	-0.1	2.94954
13045029	951	0.1	-0.1	-0.356119
13045029	952	0.1	-0.1	-2.01386
13045029	953	0.1	-0.1	-1.52644
13045029	954	0.1	-0.1	-0.262763
13045029	955	0.1	-0.1	-0.27599
13045029	956	0.1	-0.1	1.63083
13045029	957	0.1	-0.1	3.97929
13045029	958	0.1	-0.1	-1.99141
13045029	959	0.1	-0.1	5.45072
13045029	960	0.1	-0.1	4.1691
13045029	961	0.1	-0.1	0.610745
13045029	962	0.1	-0.1	-5.69901
13045029	963	0.1	-0.1	3.39199
13045029	964	0.1	-0.1	-3.07923
13045029	965	0.1	-0.1	-0.0571129
13045029	966	0.1	-0.1	-5.50059
13045029	967	0.1	-0.1	-2.10719
13045029	968	0.1	-0.1	-1.15688
13045029	969	0.1	-0.1	-2.36248
13045029	970	0.1	-0.1	1.84274
13045029	971	0.1	-0.1	1.21998
13045029	972	0.1	-0.1	2.94905
13045029	973	0.1	-0.1	4.15259
13045029	974	0.1	-0.1	-3.26434
13045029	975	0.1	-0.1	-1.22463
13045029	976	0.1	-0.1	2.09313
13045029	977	0.1	-0.1	-3.20548
13045029	978	0.1	-0.1	-4.71907
13045029	979	0.1	-0.1	5.06474
13045029	980	0.1	-0.1	-0.110324
13045029	981	0.1	-0.1	1.52799
13045029	982	0.1	-0.1	-1.44936
13045029	983	0.1	-0.1	-1.22413
13045029	984	0.1	-0.1	4.91874
13045029	985	0.1	-0.1	-4.02624
13045029	986	0.1	-0.1	1.56079
13045029	987	0.1	-0.1	5.7804
13045029	988	0.1	-0.1	2.14443
13045029	989	0.1	-0.1	2.27
13045029	990	0.1	-0.1	5.622
13045029	991	0.1	-0.1	-3.83656
13045029	992	0.1	-0.1	3.55486
13045029	993	0.1	-0.1	2.89564
13045029	994	0.1	-0.1	-0.49761
13045029	995	0.1	-0.1	-4.33207
13045029	996	0.1	-0.1	-1.40113
13045029	997	0.1	-0.1	-0.741536
13045029	998	0.1	-0.1	-4.31935
13045029	999	0.1	-0.1	-2.76646
13045029	1000	0.1	-0.1	5.4118
