13045134	1	0.1	-0.1	1.27482
13045134	2	0.1	-0.1	3.9222
13045134	3	0.1	-0.1	1.89763
13045134	4	0.1	-0.1	1.42271
13045134	5	0.1	-0.1	-5.80279
13045134	6	0.1	-0.1	-4.8152
13045134	7	0.1	-0.1	0.957609
13045134	8	0.1	-0.1	5.95826
13045134	9	0.1	-0.1	1.81068
13045134	10	0.1	-0.1	1.06406
13045134	11	0.1	-0.1	3.13389
13045134	12	0.1	-0.1	3.08244
13045134	13	0.1	-0.1	-4.48301
13045134	14	0.1	-0.1	-0.656947
13045134	15	0.1	-0.1	4.78465
13045134	16	0.1	-0.1	1.30986
13045134	17	0.1	-0.1	-0.364886
13045134	18	0.1	-0.1	-0.643478
13045134	19	0.1	-0.1	5.76834
13045134	20	0.1	-0.1	2.7245
13045134	21	0.1	-0.1	-1.15004
13045134	22	0.1	-0.1	4.22169
13045134	23	0.1	-0.1	-0.475371
13045134	24	0.1	-0.1	2.1388
13045134	25	0.1	-0.1	5.75993
13045134	26	0.1	-0.1	-4.7709
13045134	27	0.1	-0.1	5.10733
13045134	28	0.1	-0.1	0.12674
13045134	29	0.1	-0.1	0.686001
13045134	30	0.1	-0.1	-2.71512
13045134	31	0.1	-0.1	2.58446
13045134	32	0.1	-0.1	2.829
13045134	33	0.1	-0.1	2.02493
13045134	34	0.1	-0.1	1.95912
13045134	35	0.1	-0.1	2.50723
13045134	36	0.1	-0.1	-5.37334
13045134	37	0.1	-0.1	-2.24222
13045134	38	0.1	-0.1	0.198958
13045134	39	0.1	-0.1	3.2596
13045134	40	0.1	-0.1	-0.284826
13045134	41	0.1	-0.1	-5.0064
13045134	42	0.1	-0.1	0.121971
13045134	43	0.1	-0.1	-2.30979
13045134	44	0.1	-0.1	-2.66287
13045134	45	0.1	-0.1	1.2336
13045134	46	0.1	-0.1	0.557668
13045134	47	0.1	-0.1	-1.01855
13045134	48	0.1	-0.1	3.49933
13045134	49	0.1	-0.1	-3.86223
13045134	50	0.1	-0.1	-5.78405
13045134	51	0.1	-0.1	-1.38745
13045134	52	0.1	-0.1	-2.41494
13045134	53	0.1	-0.1	-5.19522
13045134	54	0.1	-0.1	5.75701
13045134	55	0.1	-0.1	2.3071
13045134	56	0.1	-0.1	0.31373
13045134	57	0.1	-0.1	0.70122
13045134	58	0.1	-0.1	-2.48933
13045134	59	0.1	-0.1	4.14068
13045134	60	0.1	-0.1	5.29983
13045134	61	0.1	-0.1	2.49374
13045134	62	0.1	-0.1	-3.27883
13045134	63	0.1	-0.1	-1.31011
13045134	64	0.1	-0.1	3.19068
13045134	65	0.1	-0.1	2.04993
13045134	66	0.1	-0.1	2.44831
13045134	67	0.1	-0.1	-3.81367
13045134	68	0.1	-0.1	1.43051
13045134	69	0.1	-0.1	0.310322
13045134	70	0.1	-0.1	-3.28867
13045134	71	0.1	-0.1	4.54666
13045134	72	0.1	-0.1	3.08306
13045134	73	0.1	-0.1	-0.860247
13045134	74	0.1	-0.1	-2.66608
13045134	75	0.1	-0.1	5.87105
13045134	76	0.1	-0.1	2.86555
13045134	77	0.1	-0.1	0.585223
13045134	78	0.1	-0.1	-1.09711
13045134	79	0.1	-0.1	-2.51877
13045134	80	0.1	-0.1	-4.64655
13045134	81	0.1	-0.1	-0.608668
13045134	82	0.1	-0.1	-3.44477
13045134	83	0.1	-0.1	5.9037
13045134	84	0.1	-0.1	-2.62225
13045134	85	0.1	-0.1	-4.18523
13045134	86	0.1	-0.1	-4.5415
13045134	87	0.1	-0.1	-2.36532
13045134	88	0.1	-0.1	-1.04634
13045134	89	0.1	-0.1	4.07441
13045134	90	0.1	-0.1	-1.04951
13045134	91	0.1	-0.1	1.22714
13045134	92	0.1	-0.1	-3.65073
13045134	93	0.1	-0.1	5.42047
13045134	94	0.1	-0.1	-5.01603
13045134	95	0.1	-0.1	1.92116
13045134	96	0.1	-0.1	4.11643
13045134	97	0.1	-0.1	-3.12608
13045134	98	0.1	-0.1	-1.95378
13045134	99	0.1	-0.1	-1.88961
13045134	100	0.1	-0.1	-1.59886
13045134	101	0.1	-0.1	-0.708478
13045134	102	0.1	-0.1	3.51353
13045134	103	0.1	-0.1	-2.22967
13045134	104	0.1	-0.1	5.84067
13045134	105	0.1	-0.1	-1.33281
13045134	106	0.1	-0.1	-0.25229
13045134	107	0.1	-0.1	1.58391
13045134	108	0.1	-0.1	-1.87126
13045134	109	0.1	-0.1	2.07572
13045134	110	0.1	-0.1	-2.27874
13045134	111	0.1	-0.1	-4.85322
13045134	112	0.1	-0.1	-4.56289
13045134	113	0.1	-0.1	2.92487
13045134	114	0.1	-0.1	0.839832
13045134	115	0.1	-0.1	-2.11324
13045134	116	0.1	-0.1	-1.42703
13045134	117	0.1	-0.1	3.73958
13045134	118	0.1	-0.1	-2.35338
13045134	119	0.1	-0.1	5.51278
13045134	120	0.1	-0.1	-5.73251
13045134	121	0.1	-0.1	5.97228
13045134	122	0.1	-0.1	4.03465
13045134	123	0.1	-0.1	-3.06794
13045134	124	0.1	-0.1	1.89946
13045134	125	0.1	-0.1	-1.08305
13045134	126	0.1	-0.1	-2.83409
13045134	127	0.1	-0.1	-5.57893
13045134	128	0.1	-0.1	3.68999
13045134	129	0.1	-0.1	1.7318
13045134	130	0.1	-0.1	5.43639
13045134	131	0.1	-0.1	2.6858
13045134	132	0.1	-0.1	1.5998
13045134	133	0.1	-0.1	4.72935
13045134	134	0.1	-0.1	-4.48349
13045134	135	0.1	-0.1	-0.145555
13045134	136	0.1	-0.1	-1.75186
13045134	137	0.1	-0.1	2.73192
13045134	138	0.1	-0.1	0.323706
13045134	139	0.1	-0.1	2.81005
13045134	140	0.1	-0.1	-5.18475
13045134	141	0.1	-0.1	2.44886
13045134	142	0.1	-0.1	3.74245
13045134	143	0.1	-0.1	-4.42333
13045134	144	0.1	-0.1	-5.02007
13045134	145	0.1	-0.1	0.130049
13045134	146	0.1	-0.1	-1.58598
13045134	147	0.1	-0.1	-0.0515752
13045134	148	0.1	-0.1	0.815588
13045134	149	0.1	-0.1	0.724995
13045134	150	0.1	-0.1	-2.9201
13045134	151	0.1	-0.1	0.23719
13045134	152	0.1	-0.1	0.603203
13045134	153	0.1	-0.1	0.400885
13045134	154	0.1	-0.1	1.63395
13045134	155	0.1	-0.1	-5.20412
13045134	156	0.1	-0.1	0.390312
13045134	157	0.1	-0.1	-1.42193
13045134	158	0.1	-0.1	-3.53178
13045134	159	0.1	-0.1	-3.31594
13045134	160	0.1	-0.1	1.93719
13045134	161	0.1	-0.1	-5.0329
13045134	162	0.1	-0.1	0.626187
13045134	163	0.1	-0.1	-3.29401
13045134	164	0.1	-0.1	2.63727
13045134	165	0.1	-0.1	3.28915
13045134	166	0.1	-0.1	2.13661
13045134	167	0.1	-0.1	4.8161
13045134	168	0.1	-0.1	-4.19149
13045134	169	0.1	-0.1	2.30214
13045134	170	0.1	-0.1	4.46851
13045134	171	0.1	-0.1	1.87518
13045134	172	0.1	-0.1	3.38004
13045134	173	0.1	-0.1	-2.52844
13045134	174	0.1	-0.1	1.38136
13045134	175	0.1	-0.1	-1.20579
13045134	176	0.1	-0.1	2.07391
13045134	177	0.1	-0.1	-3.29164
13045134	178	0.1	-0.1	-2.62206
13045134	179	0.1	-0.1	-0.863041
13045134	180	0.1	-0.1	3.33802
13045134	181	0.1	-0.1	-2.19716
13045134	182	0.1	-0.1	1.31866
13045134	183	0.1	-0.1	0.992362
13045134	184	0.1	-0.1	-5.82855
13045134	185	0.1	-0.1	-0.654128
13045134	186	0.1	-0.1	-3.40827
13045134	187	0.1	-0.1	2.17441
13045134	188	0.1	-0.1	2.24836
13045134	189	0.1	-0.1	1.67126
13045134	190	0.1	-0.1	0.134794
13045134	191	0.1	-0.1	-4.58584
13045134	192	0.1	-0.1	-0.381209
13045134	193	0.1	-0.1	2.23341
13045134	194	0.1	-0.1	1.14262
13045134	195	0.1	-0.1	-0.292111
13045134	196	0.1	-0.1	-2.36614
13045134	197	0.1	-0.1	0.120058
13045134	198	0.1	-0.1	-1.06208
13045134	199	0.1	-0.1	2.65098
13045134	200	0.1	-0.1	-0.31796
13045134	201	0.1	-0.1	1.75023
13045134	202	0.1	-0.1	2.573
13045134	203	0.1	-0.1	5.00183
13045134	204	0.1	-0.1	-1.12298
13045134	205	0.1	-0.1	-0.871993
13045134	206	0.1	-0.1	4.65474
13045134	207	0.1	-0.1	-4.83229
13045134	208	0.1	-0.1	-2.75596
13045134	209	0.1	-0.1	-0.163397
13045134	210	0.1	-0.1	-1.10564
13045134	211	0.1	-0.1	-3.91185
13045134	212	0.1	-0.1	2.24834
13045134	213	0.1	-0.1	2.04134
13045134	214	0.1	-0.1	-0.756006
13045134	215	0.1	-0.1	-0.739383
13045134	216	0.1	-0.1	0.978817
13045134	217	0.1	-0.1	1.41705
13045134	218	0.1	-0.1	5.7317
13045134	219	0.1	-0.1	5.86745
13045134	220	0.1	-0.1	-4.87694
13045134	221	0.1	-0.1	1.58844
13045134	222	0.1	-0.1	1.06361
13045134	223	0.1	-0.1	-5.52526
13045134	224	0.1	-0.1	-3.58697
13045134	225	0.1	-0.1	5.75724
13045134	226	0.1	-0.1	2.6166
13045134	227	0.1	-0.1	2.80094
13045134	228	0.1	-0.1	1.82381
13045134	229	0.1	-0.1	-0.271074
13045134	230	0.1	-0.1	-2.36277
13045134	231	0.1	-0.1	-0.418852
13045134	232	0.1	-0.1	2.76979
13045134	233	0.1	-0.1	4.06311
13045134	234	0.1	-0.1	0.640429
13045134	235	0.1	-0.1	-3.96832
13045134	236	0.1	-0.1	5.43472
13045134	237	0.1	-0.1	-1.72826
13045134	238	0.1	-0.1	-2.14118
13045134	239	0.1	-0.1	5.65018
13045134	240	0.1	-0.1	1.30675
13045134	241	0.1	-0.1	-3.02514
13045134	242	0.1	-0.1	-5.16782
13045134	243	0.1	-0.1	2.24095
13045134	244	0.1	-0.1	-4.27812
13045134	245	0.1	-0.1	-3.48234
13045134	246	0.1	-0.1	4.07684
13045134	247	0.1	-0.1	1.1779
13045134	248	0.1	-0.1	-0.684784
13045134	249	0.1	-0.1	2.60278
13045134	250	0.1	-0.1	3.09073
13045134	251	0.1	-0.1	1.07896
13045134	252	0.1	-0.1	-1.77166
13045134	253	0.1	-0.1	3.38678
13045134	254	0.1	-0.1	-5.58774
13045134	255	0.1	-0.1	-1.50037
13045134	256	0.1	-0.1	-1.47606
13045134	257	0.1	-0.1	-5.37724
13045134	258	0.1	-0.1	-1.09716
13045134	259	0.1	-0.1	0.291982
13045134	260	0.1	-0.1	3.82592
13045134	261	0.1	-0.1	5.7086
13045134	262	0.1	-0.1	-2.52832
13045134	263	0.1	-0.1	4.31734
13045134	264	0.1	-0.1	0.888442
13045134	265	0.1	-0.1	-3.181
13045134	266	0.1	-0.1	4.24943
13045134	267	0.1	-0.1	-4.87087
13045134	268	0.1	-0.1	3.37306
13045134	269	0.1	-0.1	1.69024
13045134	270	0.1	-0.1	-2.7067
13045134	271	0.1	-0.1	2.21652
13045134	272	0.1	-0.1	5.39024
13045134	273	0.1	-0.1	-1.68247
13045134	274	0.1	-0.1	-2.14394
13045134	275	0.1	-0.1	-0.948614
13045134	276	0.1	-0.1	-3.28843
13045134	277	0.1	-0.1	-2.5532
13045134	278	0.1	-0.1	-2.36667
13045134	279	0.1	-0.1	1.2468
13045134	280	0.1	-0.1	2.06768
13045134	281	0.1	-0.1	1.8785
13045134	282	0.1	-0.1	-5.78495
13045134	283	0.1	-0.1	1.10733
13045134	284	0.1	-0.1	4.4081
13045134	285	0.1	-0.1	4.1337
13045134	286	0.1	-0.1	-5.9397
13045134	287	0.1	-0.1	5.32804
13045134	288	0.1	-0.1	-5.98571
13045134	289	0.1	-0.1	-5.11275
13045134	290	0.1	-0.1	1.4339
13045134	291	0.1	-0.1	-5.6289
13045134	292	0.1	-0.1	-4.40043
13045134	293	0.1	-0.1	-2.74662
13045134	294	0.1	-0.1	-0.886363
13045134	295	0.1	-0.1	1.92232
13045134	296	0.1	-0.1	-4.07872
13045134	297	0.1	-0.1	3.93883
13045134	298	0.1	-0.1	-2.6054
13045134	299	0.1	-0.1	-1.49985
13045134	300	0.1	-0.1	4.10141
13045134	301	0.1	-0.1	2.05847
13045134	302	0.1	-0.1	1.32255
13045134	303	0.1	-0.1	-0.431203
13045134	304	0.1	-0.1	-1.90843
13045134	305	0.1	-0.1	5.33043
13045134	306	0.1	-0.1	-4.91461
13045134	307	0.1	-0.1	-4.63489
13045134	308	0.1	-0.1	-2.7862
13045134	309	0.1	-0.1	0.993913
13045134	310	0.1	-0.1	-2.01952
13045134	311	0.1	-0.1	0.322372
13045134	312	0.1	-0.1	0.799625
13045134	313	0.1	-0.1	-0.684865
13045134	314	0.1	-0.1	-3.6946
13045134	315	0.1	-0.1	2.43555
13045134	316	0.1	-0.1	-3.25976
13045134	317	0.1	-0.1	-0.190472
13045134	318	0.1	-0.1	1.29711
13045134	319	0.1	-0.1	-2.81385
13045134	320	0.1	-0.1	2.90459
13045134	321	0.1	-0.1	-5.70005
13045134	322	0.1	-0.1	2.70265
13045134	323	0.1	-0.1	2.40938
13045134	324	0.1	-0.1	-4.42215
13045134	325	0.1	-0.1	-0.949582
13045134	326	0.1	-0.1	-1.42617
13045134	327	0.1	-0.1	-5.19504
13045134	328	0.1	-0.1	1.52859
13045134	329	0.1	-0.1	-0.00388959
13045134	330	0.1	-0.1	3.89258
13045134	331	0.1	-0.1	-1.39599
13045134	332	0.1	-0.1	5.25649
13045134	333	0.1	-0.1	5.58698
13045134	334	0.1	-0.1	-2.70954
13045134	335	0.1	-0.1	-5.57912
13045134	336	0.1	-0.1	3.98983
13045134	337	0.1	-0.1	-0.589121
13045134	338	0.1	-0.1	4.20851
13045134	339	0.1	-0.1	-5.78024
13045134	340	0.1	-0.1	-4.55222
13045134	341	0.1	-0.1	-0.903272
13045134	342	0.1	-0.1	3.59967
13045134	343	0.1	-0.1	-0.303386
13045134	344	0.1	-0.1	-0.874728
13045134	345	0.1	-0.1	3.72487
13045134	346	0.1	-0.1	-5.09703
13045134	347	0.1	-0.1	-3.80431
13045134	348	0.1	-0.1	5.68496
13045134	349	0.1	-0.1	-1.47212
13045134	350	0.1	-0.1	-3.58954
13045134	351	0.1	-0.1	-3.7578
13045134	352	0.1	-0.1	3.52555
13045134	353	0.1	-0.1	-1.1421
13045134	354	0.1	-0.1	5.89631
13045134	355	0.1	-0.1	0.336392
13045134	356	0.1	-0.1	-3.00334
13045134	357	0.1	-0.1	-5.63802
13045134	358	0.1	-0.1	-4.46416
13045134	359	0.1	-0.1	4.10959
13045134	360	0.1	-0.1	5.70623
13045134	361	0.1	-0.1	-1.85734
13045134	362	0.1	-0.1	4.45366
13045134	363	0.1	-0.1	3.25165
13045134	364	0.1	-0.1	1.57157
13045134	365	0.1	-0.1	1.26438
13045134	366	0.1	-0.1	5.06478
13045134	367	0.1	-0.1	-2.77383
13045134	368	0.1	-0.1	-1.82909
13045134	369	0.1	-0.1	2.10925
13045134	370	0.1	-0.1	0.158973
13045134	371	0.1	-0.1	-0.443383
13045134	372	0.1	-0.1	0.246998
13045134	373	0.1	-0.1	-2.55216
13045134	374	0.1	-0.1	-3.72897
13045134	375	0.1	-0.1	-1.59359
13045134	376	0.1	-0.1	3.90874
13045134	377	0.1	-0.1	2.82379
13045134	378	0.1	-0.1	1.76518
13045134	379	0.1	-0.1	0.821496
13045134	380	0.1	-0.1	2.18939
13045134	381	0.1	-0.1	-1.79336
13045134	382	0.1	-0.1	-1.93032
13045134	383	0.1	-0.1	5.35049
13045134	384	0.1	-0.1	2.91492
13045134	385	0.1	-0.1	5.37752
13045134	386	0.1	-0.1	-2.71549
13045134	387	0.1	-0.1	0.367747
13045134	388	0.1	-0.1	2.67737
13045134	389	0.1	-0.1	0.412244
13045134	390	0.1	-0.1	-1.87082
13045134	391	0.1	-0.1	-5.56228
13045134	392	0.1	-0.1	-4.87583
13045134	393	0.1	-0.1	-0.0780462
13045134	394	0.1	-0.1	-5.76867
13045134	395	0.1	-0.1	-1.32342
13045134	396	0.1	-0.1	-0.415058
13045134	397	0.1	-0.1	2.66696
13045134	398	0.1	-0.1	-4.46188
13045134	399	0.1	-0.1	-2.93146
13045134	400	0.1	-0.1	5.99067
13045134	401	0.1	-0.1	-0.973518
13045134	402	0.1	-0.1	-2.981
13045134	403	0.1	-0.1	-5.66981
13045134	404	0.1	-0.1	3.98483
13045134	405	0.1	-0.1	-2.20037
13045134	406	0.1	-0.1	4.29769
13045134	407	0.1	-0.1	-3.64131
13045134	408	0.1	-0.1	4.47901
13045134	409	0.1	-0.1	1.09722
13045134	410	0.1	-0.1	5.87447
13045134	411	0.1	-0.1	3.0128
13045134	412	0.1	-0.1	3.17445
13045134	413	0.1	-0.1	1.0934
13045134	414	0.1	-0.1	1.33503
13045134	415	0.1	-0.1	2.34085
13045134	416	0.1	-0.1	-0.355928
13045134	417	0.1	-0.1	-2.69306
13045134	418	0.1	-0.1	1.84185
13045134	419	0.1	-0.1	2.73886
13045134	420	0.1	-0.1	-2.37329
13045134	421	0.1	-0.1	-3.74305
13045134	422	0.1	-0.1	-1.09991
13045134	423	0.1	-0.1	4.9413
13045134	424	0.1	-0.1	5.74395
13045134	425	0.1	-0.1	-0.786133
13045134	426	0.1	-0.1	1.03379
13045134	427	0.1	-0.1	-2.21245
13045134	428	0.1	-0.1	2.03751
13045134	429	0.1	-0.1	2.19876
13045134	430	0.1	-0.1	3.84641
13045134	431	0.1	-0.1	0.842247
13045134	432	0.1	-0.1	-3.79751
13045134	433	0.1	-0.1	-2.37232
13045134	434	0.1	-0.1	-2.56947
13045134	435	0.1	-0.1	5.84617
13045134	436	0.1	-0.1	3.07272
13045134	437	0.1	-0.1	-3.12924
13045134	438	0.1	-0.1	-3.88091
13045134	439	0.1	-0.1	-0.432027
13045134	440	0.1	-0.1	-2.44413
13045134	441	0.1	-0.1	-5.66938
13045134	442	0.1	-0.1	4.81635
13045134	443	0.1	-0.1	-2.43781
13045134	444	0.1	-0.1	-1.33463
13045134	445	0.1	-0.1	3.65845
13045134	446	0.1	-0.1	1.12566
13045134	447	0.1	-0.1	3.89683
13045134	448	0.1	-0.1	-1.15557
13045134	449	0.1	-0.1	-1.16986
13045134	450	0.1	-0.1	-1.67161
13045134	451	0.1	-0.1	-2.72792
13045134	452	0.1	-0.1	3.48652
13045134	453	0.1	-0.1	0.477263
13045134	454	0.1	-0.1	0.516041
13045134	455	0.1	-0.1	-5.97463
13045134	456	0.1	-0.1	5.93782
13045134	457	0.1	-0.1	-3.45383
13045134	458	0.1	-0.1	-5.84601
13045134	459	0.1	-0.1	-4.38452
13045134	460	0.1	-0.1	0.371274
13045134	461	0.1	-0.1	-1.30772
13045134	462	0.1	-0.1	-0.31371
13045134	463	0.1	-0.1	-5.48101
13045134	464	0.1	-0.1	3.16635
13045134	465	0.1	-0.1	4.63229
13045134	466	0.1	-0.1	-5.09739
13045134	467	0.1	-0.1	0.853842
13045134	468	0.1	-0.1	0.77795
13045134	469	0.1	-0.1	2.44207
13045134	470	0.1	-0.1	-1.30451
13045134	471	0.1	-0.1	4.30245
13045134	472	0.1	-0.1	4.91033
13045134	473	0.1	-0.1	-4.38335
13045134	474	0.1	-0.1	-2.27868
13045134	475	0.1	-0.1	2.07133
13045134	476	0.1	-0.1	-1.15553
13045134	477	0.1	-0.1	-0.952684
13045134	478	0.1	-0.1	-3.28694
13045134	479	0.1	-0.1	4.26548
13045134	480	0.1	-0.1	-0.348269
13045134	481	0.1	-0.1	5.29432
13045134	482	0.1	-0.1	0.0867801
13045134	483	0.1	-0.1	2.15296
13045134	484	0.1	-0.1	1.90922
13045134	485	0.1	-0.1	-2.84387
13045134	486	0.1	-0.1	-4.77666
13045134	487	0.1	-0.1	-1.70223
13045134	488	0.1	-0.1	0.334692
13045134	489	0.1	-0.1	3.50189
13045134	490	0.1	-0.1	3.39199
13045134	491	0.1	-0.1	5.13499
13045134	492	0.1	-0.1	1.44744
13045134	493	0.1	-0.1	-4.69521
13045134	494	0.1	-0.1	1.99121
13045134	495	0.1	-0.1	-3.03881
13045134	496	0.1	-0.1	-0.144377
13045134	497	0.1	-0.1	-1.74215
13045134	498	0.1	-0.1	5.14989
13045134	499	0.1	-0.1	0.392072
13045134	500	0.1	-0.1	0.366374
13045134	501	0.1	-0.1	2.59396
13045134	502	0.1	-0.1	-2.34695
13045134	503	0.1	-0.1	-3.7434
13045134	504	0.1	-0.1	-1.74739
13045134	505	0.1	-0.1	2.57162
13045134	506	0.1	-0.1	-3.47589
13045134	507	0.1	-0.1	3.99891
13045134	508	0.1	-0.1	-0.013114
13045134	509	0.1	-0.1	5.39792
13045134	510	0.1	-0.1	-4.61524
13045134	511	0.1	-0.1	-5.8089
13045134	512	0.1	-0.1	5.65031
13045134	513	0.1	-0.1	1.2039
13045134	514	0.1	-0.1	4.24643
13045134	515	0.1	-0.1	-2.36408
13045134	516	0.1	-0.1	-4.24529
13045134	517	0.1	-0.1	-5.90346
13045134	518	0.1	-0.1	3.97357
13045134	519	0.1	-0.1	-5.94472
13045134	520	0.1	-0.1	-1.59559
13045134	521	0.1	-0.1	-3.11162
13045134	522	0.1	-0.1	-1.77506
13045134	523	0.1	-0.1	-2.39772
13045134	524	0.1	-0.1	-4.38976
13045134	525	0.1	-0.1	-4.71443
13045134	526	0.1	-0.1	4.22183
13045134	527	0.1	-0.1	5.13814
13045134	528	0.1	-0.1	-5.0186
13045134	529	0.1	-0.1	2.06939
13045134	530	0.1	-0.1	1.59034
13045134	531	0.1	-0.1	3.03195
13045134	532	0.1	-0.1	3.30369
13045134	533	0.1	-0.1	-2.3719
13045134	534	0.1	-0.1	-4.76959
13045134	535	0.1	-0.1	5.81656
13045134	536	0.1	-0.1	-1.26987
13045134	537	0.1	-0.1	-3.16397
13045134	538	0.1	-0.1	-4.59274
13045134	539	0.1	-0.1	5.5576
13045134	540	0.1	-0.1	-2.49058
13045134	541	0.1	-0.1	-5.89297
13045134	542	0.1	-0.1	4.65438
13045134	543	0.1	-0.1	2.07761
13045134	544	0.1	-0.1	-3.31187
13045134	545	0.1	-0.1	4.90031
13045134	546	0.1	-0.1	5.9295
13045134	547	0.1	-0.1	5.24618
13045134	548	0.1	-0.1	4.82427
13045134	549	0.1	-0.1	-1.49628
13045134	550	0.1	-0.1	4.11494
13045134	551	0.1	-0.1	-1.23663
13045134	552	0.1	-0.1	-3.59914
13045134	553	0.1	-0.1	-2.36566
13045134	554	0.1	-0.1	5.23557
13045134	555	0.1	-0.1	-2.76132
13045134	556	0.1	-0.1	3.40276
13045134	557	0.1	-0.1	-0.665799
13045134	558	0.1	-0.1	1.40472
13045134	559	0.1	-0.1	-1.76996
13045134	560	0.1	-0.1	0.522559
13045134	561	0.1	-0.1	3.0479
13045134	562	0.1	-0.1	5.6788
13045134	563	0.1	-0.1	-1.63088
13045134	564	0.1	-0.1	-0.125274
13045134	565	0.1	-0.1	4.58565
13045134	566	0.1	-0.1	-0.204256
13045134	567	0.1	-0.1	2.26534
13045134	568	0.1	-0.1	1.71279
13045134	569	0.1	-0.1	1.31444
13045134	570	0.1	-0.1	0.172546
13045134	571	0.1	-0.1	-2.16691
13045134	572	0.1	-0.1	2.34473
13045134	573	0.1	-0.1	-3.91995
13045134	574	0.1	-0.1	-4.70973
13045134	575	0.1	-0.1	2.53143
13045134	576	0.1	-0.1	4.64604
13045134	577	0.1	-0.1	-1.31402
13045134	578	0.1	-0.1	-1.02618
13045134	579	0.1	-0.1	-0.241345
13045134	580	0.1	-0.1	5.63543
13045134	581	0.1	-0.1	-1.85837
13045134	582	0.1	-0.1	-2.16968
13045134	583	0.1	-0.1	-3.13329
13045134	584	0.1	-0.1	-1.58434
13045134	585	0.1	-0.1	-2.285
13045134	586	0.1	-0.1	-1.20164
13045134	587	0.1	-0.1	5.0393
13045134	588	0.1	-0.1	1.12807
13045134	589	0.1	-0.1	4.29201
13045134	590	0.1	-0.1	2.20523
13045134	591	0.1	-0.1	4.24571
13045134	592	0.1	-0.1	-5.87802
13045134	593	0.1	-0.1	-3.90037
13045134	594	0.1	-0.1	4.17016
13045134	595	0.1	-0.1	5.64392
13045134	596	0.1	-0.1	-3.78926
13045134	597	0.1	-0.1	-0.00138497
13045134	598	0.1	-0.1	-4.41747
13045134	599	0.1	-0.1	3.72038
13045134	600	0.1	-0.1	3.6534
13045134	601	0.1	-0.1	-0.739832
13045134	602	0.1	-0.1	1.40749
13045134	603	0.1	-0.1	0.0440724
13045134	604	0.1	-0.1	-5.39415
13045134	605	0.1	-0.1	-0.251865
13045134	606	0.1	-0.1	2.52323
13045134	607	0.1	-0.1	-1.61489
13045134	608	0.1	-0.1	-1.04493
13045134	609	0.1	-0.1	-3.88393
13045134	610	0.1	-0.1	-3.51428
13045134	611	0.1	-0.1	-2.8783
13045134	612	0.1	-0.1	-4.04043
13045134	613	0.1	-0.1	3.22342
13045134	614	0.1	-0.1	0.205585
13045134	615	0.1	-0.1	5.99552
13045134	616	0.1	-0.1	0.493239
13045134	617	0.1	-0.1	5.84296
13045134	618	0.1	-0.1	2.73868
13045134	619	0.1	-0.1	-5.22714
13045134	620	0.1	-0.1	4.35568
13045134	621	0.1	-0.1	-4.34522
13045134	622	0.1	-0.1	0.431134
13045134	623	0.1	-0.1	3.05831
13045134	624	0.1	-0.1	2.52909
13045134	625	0.1	-0.1	-0.593567
13045134	626	0.1	-0.1	5.88864
13045134	627	0.1	-0.1	0.219281
13045134	628	0.1	-0.1	-3.29691
13045134	629	0.1	-0.1	-0.0833251
13045134	630	0.1	-0.1	-4.02671
13045134	631	0.1	-0.1	-0.622113
13045134	632	0.1	-0.1	3.44986
13045134	633	0.1	-0.1	1.71817
13045134	634	0.1	-0.1	-4.74133
13045134	635	0.1	-0.1	2.18856
13045134	636	0.1	-0.1	3.44635
13045134	637	0.1	-0.1	1.32601
13045134	638	0.1	-0.1	-4.03717
13045134	639	0.1	-0.1	0.47066
13045134	640	0.1	-0.1	0.101642
13045134	641	0.1	-0.1	2.17602
13045134	642	0.1	-0.1	-1.56913
13045134	643	0.1	-0.1	3.93886
13045134	644	0.1	-0.1	-2.34373
13045134	645	0.1	-0.1	-1.85692
13045134	646	0.1	-0.1	5.63003
13045134	647	0.1	-0.1	-5.39853
13045134	648	0.1	-0.1	0.810542
13045134	649	0.1	-0.1	2.7571
13045134	650	0.1	-0.1	3.96273
13045134	651	0.1	-0.1	1.43057
13045134	652	0.1	-0.1	-4.61023
13045134	653	0.1	-0.1	0.771761
13045134	654	0.1	-0.1	0.145542
13045134	655	0.1	-0.1	1.706
13045134	656	0.1	-0.1	5.42329
13045134	657	0.1	-0.1	-3.65415
13045134	658	0.1	-0.1	-4.21271
13045134	659	0.1	-0.1	1.02719
13045134	660	0.1	-0.1	-0.235492
13045134	661	0.1	-0.1	-2.01689
13045134	662	0.1	-0.1	-4.75852
13045134	663	0.1	-0.1	-0.0258126
13045134	664	0.1	-0.1	-1.36786
13045134	665	0.1	-0.1	5.80612
13045134	666	0.1	-0.1	-1.42543
13045134	667	0.1	-0.1	2.77521
13045134	668	0.1	-0.1	4.96799
13045134	669	0.1	-0.1	1.16045
13045134	670	0.1	-0.1	-1.23251
13045134	671	0.1	-0.1	0.437531
13045134	672	0.1	-0.1	4.78727
13045134	673	0.1	-0.1	-4.46312
13045134	674	0.1	-0.1	-5.72738
13045134	675	0.1	-0.1	5.63898
13045134	676	0.1	-0.1	5.85024
13045134	677	0.1	-0.1	0.853087
13045134	678	0.1	-0.1	1.90966
13045134	679	0.1	-0.1	-5.53096
13045134	680	0.1	-0.1	-1.83615
13045134	681	0.1	-0.1	-1.92998
13045134	682	0.1	-0.1	2.15249
13045134	683	0.1	-0.1	0.148039
13045134	684	0.1	-0.1	-0.999261
13045134	685	0.1	-0.1	-1.41234
13045134	686	0.1	-0.1	-4.03274
13045134	687	0.1	-0.1	-4.99863
13045134	688	0.1	-0.1	1.33914
13045134	689	0.1	-0.1	-0.407121
13045134	690	0.1	-0.1	-1.91466
13045134	691	0.1	-0.1	0.546044
13045134	692	0.1	-0.1	2.97072
13045134	693	0.1	-0.1	5.42087
13045134	694	0.1	-0.1	2.96297
13045134	695	0.1	-0.1	5.18972
13045134	696	0.1	-0.1	-2.09717
13045134	697	0.1	-0.1	-2.38889
13045134	698	0.1	-0.1	-0.611943
13045134	699	0.1	-0.1	-1.42355
13045134	700	0.1	-0.1	5.76244
13045134	701	0.1	-0.1	-2.8879
13045134	702	0.1	-0.1	2.43181
13045134	703	0.1	-0.1	-1.21541
13045134	704	0.1	-0.1	2.97056
13045134	705	0.1	-0.1	-3.57934
13045134	706	0.1	-0.1	1.13562
13045134	707	0.1	-0.1	-2.23523
13045134	708	0.1	-0.1	1.10953
13045134	709	0.1	-0.1	-2.68126
13045134	710	0.1	-0.1	-1.50912
13045134	711	0.1	-0.1	-1.48219
13045134	712	0.1	-0.1	0.956119
13045134	713	0.1	-0.1	2.92396
13045134	714	0.1	-0.1	-5.05848
13045134	715	0.1	-0.1	3.78295
13045134	716	0.1	-0.1	2.25456
13045134	717	0.1	-0.1	-2.98516
13045134	718	0.1	-0.1	3.67237
13045134	719	0.1	-0.1	3.42018
13045134	720	0.1	-0.1	-0.580437
13045134	721	0.1	-0.1	-5.2176
13045134	722	0.1	-0.1	3.95353
13045134	723	0.1	-0.1	1.55035
13045134	724	0.1	-0.1	-0.646742
13045134	725	0.1	-0.1	-2.39407
13045134	726	0.1	-0.1	3.22628
13045134	727	0.1	-0.1	2.69882
13045134	728	0.1	-0.1	-1.30368
13045134	729	0.1	-0.1	1.81111
13045134	730	0.1	-0.1	-0.73513
13045134	731	0.1	-0.1	-5.39196
13045134	732	0.1	-0.1	-2.54129
13045134	733	0.1	-0.1	-3.24539
13045134	734	0.1	-0.1	-4.43574
13045134	735	0.1	-0.1	4.91749
13045134	736	0.1	-0.1	-0.905319
13045134	737	0.1	-0.1	3.68279
13045134	738	0.1	-0.1	-1.50445
13045134	739	0.1	-0.1	-5.13527
13045134	740	0.1	-0.1	-3.64344
13045134	741	0.1	-0.1	-3.62264
13045134	742	0.1	-0.1	1.65486
13045134	743	0.1	-0.1	1.61093
13045134	744	0.1	-0.1	3.0999
13045134	745	0.1	-0.1	-0.169634
13045134	746	0.1	-0.1	-2.64129
13045134	747	0.1	-0.1	5.82806
13045134	748	0.1	-0.1	1.61913
13045134	749	0.1	-0.1	-0.797366
13045134	750	0.1	-0.1	-5.00117
13045134	751	0.1	-0.1	5.54723
13045134	752	0.1	-0.1	1.35361
13045134	753	0.1	-0.1	2.18301
13045134	754	0.1	-0.1	0.335163
13045134	755	0.1	-0.1	-1.82085
13045134	756	0.1	-0.1	-0.59479
13045134	757	0.1	-0.1	-1.06323
13045134	758	0.1	-0.1	-4.47324
13045134	759	0.1	-0.1	-4.48743
13045134	760	0.1	-0.1	-4.33716
13045134	761	0.1	-0.1	-3.87932
13045134	762	0.1	-0.1	4.94657
13045134	763	0.1	-0.1	-4.89569
13045134	764	0.1	-0.1	2.22047
13045134	765	0.1	-0.1	-5.26553
13045134	766	0.1	-0.1	-3.93924
13045134	767	0.1	-0.1	-3.37937
13045134	768	0.1	-0.1	-2.66342
13045134	769	0.1	-0.1	5.7461
13045134	770	0.1	-0.1	-2.27634
13045134	771	0.1	-0.1	2.11942
13045134	772	0.1	-0.1	1.56429
13045134	773	0.1	-0.1	-1.51959
13045134	774	0.1	-0.1	4.17266
13045134	775	0.1	-0.1	1.82746
13045134	776	0.1	-0.1	-2.50211
13045134	777	0.1	-0.1	4.52421
13045134	778	0.1	-0.1	-3.41707
13045134	779	0.1	-0.1	-4.34426
13045134	780	0.1	-0.1	-0.473798
13045134	781	0.1	-0.1	4.37945
13045134	782	0.1	-0.1	-5.86445
13045134	783	0.1	-0.1	-1.54651
13045134	784	0.1	-0.1	5.07304
13045134	785	0.1	-0.1	-0.92711
13045134	786	0.1	-0.1	3.33096
13045134	787	0.1	-0.1	0.243018
13045134	788	0.1	-0.1	-5.5072
13045134	789	0.1	-0.1	1.3642
13045134	790	0.1	-0.1	5.19474
13045134	791	0.1	-0.1	-1.26459
13045134	792	0.1	-0.1	1.13413
13045134	793	0.1	-0.1	-2.89224
13045134	794	0.1	-0.1	-1.34368
13045134	795	0.1	-0.1	4.156
13045134	796	0.1	-0.1	-0.139062
13045134	797	0.1	-0.1	-1.54426
13045134	798	0.1	-0.1	-1.21966
13045134	799	0.1	-0.1	-4.08339
13045134	800	0.1	-0.1	4.2726
13045134	801	0.1	-0.1	-2.7215
13045134	802	0.1	-0.1	-5.10621
13045134	803	0.1	-0.1	4.79773
13045134	804	0.1	-0.1	2.60579
13045134	805	0.1	-0.1	3.4152
13045134	806	0.1	-0.1	-0.592961
13045134	807	0.1	-0.1	-4.28122
13045134	808	0.1	-0.1	0.75859
13045134	809	0.1	-0.1	-4.93384
13045134	810	0.1	-0.1	-2.16559
13045134	811	0.1	-0.1	-4.90488
13045134	812	0.1	-0.1	-1.66727
13045134	813	0.1	-0.1	-1.84999
13045134	814	0.1	-0.1	-2.33977
13045134	815	0.1	-0.1	-4.99353
13045134	816	0.1	-0.1	-2.78537
13045134	817	0.1	-0.1	-1.83411
13045134	818	0.1	-0.1	-1.10521
13045134	819	0.1	-0.1	1.91371
13045134	820	0.1	-0.1	2.98712
13045134	821	0.1	-0.1	-3.76861
13045134	822	0.1	-0.1	-5.21901
13045134	823	0.1	-0.1	0.495101
13045134	824	0.1	-0.1	2.0067
13045134	825	0.1	-0.1	5.04923
13045134	826	0.1	-0.1	3.84968
13045134	827	0.1	-0.1	1.82956
13045134	828	0.1	-0.1	-0.178417
13045134	829	0.1	-0.1	5.80871
13045134	830	0.1	-0.1	5.71461
13045134	831	0.1	-0.1	-4.5168
13045134	832	0.1	-0.1	-5.30911
13045134	833	0.1	-0.1	-3.86013
13045134	834	0.1	-0.1	4.62192
13045134	835	0.1	-0.1	-2.50462
13045134	836	0.1	-0.1	5.42936
13045134	837	0.1	-0.1	-3.02883
13045134	838	0.1	-0.1	-1.46551
13045134	839	0.1	-0.1	3.42241
13045134	840	0.1	-0.1	0.455176
13045134	841	0.1	-0.1	5.93513
13045134	842	0.1	-0.1	-4.79479
13045134	843	0.1	-0.1	-4.38859
13045134	844	0.1	-0.1	1.25945
13045134	845	0.1	-0.1	-1.31872
13045134	846	0.1	-0.1	-0.595135
13045134	847	0.1	-0.1	-2.9707
13045134	848	0.1	-0.1	2.35137
13045134	849	0.1	-0.1	-3.78465
13045134	850	0.1	-0.1	3.44678
13045134	851	0.1	-0.1	-3.33305
13045134	852	0.1	-0.1	-2.80737
13045134	853	0.1	-0.1	3.72088
13045134	854	0.1	-0.1	-1.33293
13045134	855	0.1	-0.1	-1.02492
13045134	856	0.1	-0.1	4.58487
13045134	857	0.1	-0.1	-1.30947
13045134	858	0.1	-0.1	2.54667
13045134	859	0.1	-0.1	-4.92234
13045134	860	0.1	-0.1	-0.134281
13045134	861	0.1	-0.1	-4.3263
13045134	862	0.1	-0.1	4.0842
13045134	863	0.1	-0.1	5.45428
13045134	864	0.1	-0.1	1.36134
13045134	865	0.1	-0.1	0.0947857
13045134	866	0.1	-0.1	-4.74178
13045134	867	0.1	-0.1	-2.98933
13045134	868	0.1	-0.1	-0.144241
13045134	869	0.1	-0.1	-4.52246
13045134	870	0.1	-0.1	0.575998
13045134	871	0.1	-0.1	-1.52824
13045134	872	0.1	-0.1	-5.34594
13045134	873	0.1	-0.1	5.37087
13045134	874	0.1	-0.1	1.86645
13045134	875	0.1	-0.1	1.22808
13045134	876	0.1	-0.1	-2.42726
13045134	877	0.1	-0.1	-5.76732
13045134	878	0.1	-0.1	-5.01767
13045134	879	0.1	-0.1	5.64902
13045134	880	0.1	-0.1	-3.28195
13045134	881	0.1	-0.1	2.25237
13045134	882	0.1	-0.1	-3.93147
13045134	883	0.1	-0.1	2.57014
13045134	884	0.1	-0.1	3.99401
13045134	885	0.1	-0.1	3.09027
13045134	886	0.1	-0.1	-4.19664
13045134	887	0.1	-0.1	4.93073
13045134	888	0.1	-0.1	-4.94531
13045134	889	0.1	-0.1	-5.10274
13045134	890	0.1	-0.1	-1.2227
13045134	891	0.1	-0.1	-2.01807
13045134	892	0.1	-0.1	4.87169
13045134	893	0.1	-0.1	1.70807
13045134	894	0.1	-0.1	1.44481
13045134	895	0.1	-0.1	5.08599
13045134	896	0.1	-0.1	-2.65971
13045134	897	0.1	-0.1	-3.03661
13045134	898	0.1	-0.1	-5.14517
13045134	899	0.1	-0.1	-5.15344
13045134	900	0.1	-0.1	0.991751
13045134	901	0.1	-0.1	-3.50261
13045134	902	0.1	-0.1	-1.95363
13045134	903	0.1	-0.1	-2.22897
13045134	904	0.1	-0.1	0.331394
13045134	905	0.1	-0.1	-5.93605
13045134	906	0.1	-0.1	-5.44887
13045134	907	0.1	-0.1	-3.66124
13045134	908	0.1	-0.1	0.511746
13045134	909	0.1	-0.1	-0.949349
13045134	910	0.1	-0.1	-1.35801
13045134	911	0.1	-0.1	-5.07578
13045134	912	0.1	-0.1	0.48533
13045134	913	0.1	-0.1	3.26285
13045134	914	0.1	-0.1	-4.35463
13045134	915	0.1	-0.1	-1.044
13045134	916	0.1	-0.1	-5.97148
13045134	917	0.1	-0.1	-0.396192
13045134	918	0.1	-0.1	-4.604
13045134	919	0.1	-0.1	-4.87945
13045134	920	0.1	-0.1	-1.03375
13045134	921	0.1	-0.1	4.07342
13045134	922	0.1	-0.1	-2.2572
13045134	923	0.1	-0.1	0.873736
13045134	924	0.1	-0.1	1.81601
13045134	925	0.1	-0.1	-4.18575
13045134	926	0.1	-0.1	0.114564
13045134	927	0.1	-0.1	-5.25922
13045134	928	0.1	-0.1	-5.65576
13045134	929	0.1	-0.1	-4.45821
13045134	930	0.1	-0.1	-0.957257
13045134	931	0.1	-0.1	-3.95824
13045134	932	0.1	-0.1	-2.82698
13045134	933	0.1	-0.1	-3.15169
13045134	934	0.1	-0.1	-4.56474
13045134	935	0.1	-0.1	0.300158
13045134	936	0.1	-0.1	3.44219
13045134	937	0.1	-0.1	1.73292
13045134	938	0.1	-0.1	0.436194
13045134	939	0.1	-0.1	-3.49249
13045134	940	0.1	-0.1	-5.43083
13045134	941	0.1	-0.1	4.29596
13045134	942	0.1	-0.1	-1.5501
13045134	943	0.1	-0.1	-3.42808
13045134	944	0.1	-0.1	-0.705613
13045134	945	0.1	-0.1	4.56132
13045134	946	0.1	-0.1	4.54538
13045134	947	0.1	-0.1	0.0170039
13045134	948	0.1	-0.1	-2.76826
13045134	949	0.1	-0.1	-4.48496
13045134	950	0.1	-0.1	-1.90483
13045134	951	0.1	-0.1	5.22125
13045134	952	0.1	-0.1	3.42857
13045134	953	0.1	-0.1	-5.51889
13045134	954	0.1	-0.1	1.29697
13045134	955	0.1	-0.1	-4.69634
13045134	956	0.1	-0.1	1.9605
13045134	957	0.1	-0.1	-0.79069
13045134	958	0.1	-0.1	1.09954
13045134	959	0.1	-0.1	1.7369
13045134	960	0.1	-0.1	3.01229
13045134	961	0.1	-0.1	0.878514
13045134	962	0.1	-0.1	-5.67493
13045134	963	0.1	-0.1	1.09561
13045134	964	0.1	-0.1	-4.87044
13045134	965	0.1	-0.1	3.67176
13045134	966	0.1	-0.1	1.63449
13045134	967	0.1	-0.1	-3.79699
13045134	968	0.1	-0.1	-2.50127
13045134	969	0.1	-0.1	-4.50448
13045134	970	0.1	-0.1	2.08392
13045134	971	0.1	-0.1	-5.41374
13045134	972	0.1	-0.1	-3.412
13045134	973	0.1	-0.1	4.14132
13045134	974	0.1	-0.1	3.54991
13045134	975	0.1	-0.1	-0.0426061
13045134	976	0.1	-0.1	-1.13847
13045134	977	0.1	-0.1	1.68945
13045134	978	0.1	-0.1	3.56309
13045134	979	0.1	-0.1	2.05273
13045134	980	0.1	-0.1	1.9167
13045134	981	0.1	-0.1	-3.05421
13045134	982	0.1	-0.1	-0.394799
13045134	983	0.1	-0.1	1.48718
13045134	984	0.1	-0.1	-3.70312
13045134	985	0.1	-0.1	3.66558
13045134	986	0.1	-0.1	5.74812
13045134	987	0.1	-0.1	-5.99937
13045134	988	0.1	-0.1	3.7671
13045134	989	0.1	-0.1	-2.47294
13045134	990	0.1	-0.1	-2.55617
13045134	991	0.1	-0.1	-2.63821
13045134	992	0.1	-0.1	-4.8799
13045134	993	0.1	-0.1	-5.69196
13045134	994	0.1	-0.1	-1.90348
13045134	995	0.1	-0.1	5.15131
13045134	996	0.1	-0.1	1.71649
13045134	997	0.1	-0.1	-1.65647
13045134	998	0.1	-0.1	-2.06286
13045134	999	0.1	-0.1	3.5677
13045134	1000	0.1	-0.1	-0.75288
