13045005	1	0.1	-0.1	4.37563
13045005	2	0.1	-0.1	3.36719
13045005	3	0.1	-0.1	1.36771
13045005	4	0.1	-0.1	1.46476
13045005	5	0.1	-0.1	3.33845
13045005	6	0.1	-0.1	5.16334
13045005	7	0.1	-0.1	0.937897
13045005	8	0.1	-0.1	-3.96767
13045005	9	0.1	-0.1	1.29533
13045005	10	0.1	-0.1	-5.12333
13045005	11	0.1	-0.1	-4.50858
13045005	12	0.1	-0.1	-5.74315
13045005	13	0.1	-0.1	3.52983
13045005	14	0.1	-0.1	1.73916
13045005	15	0.1	-0.1	-0.943321
13045005	16	0.1	-0.1	1.16414
13045005	17	0.1	-0.1	-4.8643
13045005	18	0.1	-0.1	-4.02942
13045005	19	0.1	-0.1	2.95678
13045005	20	0.1	-0.1	5.75282
13045005	21	0.1	-0.1	-3.04753
13045005	22	0.1	-0.1	3.9878
13045005	23	0.1	-0.1	-3.18413
13045005	24	0.1	-0.1	4.04719
13045005	25	0.1	-0.1	-3.91476
13045005	26	0.1	-0.1	-1.21663
13045005	27	0.1	-0.1	-2.0139
13045005	28	0.1	-0.1	-4.00509
13045005	29	0.1	-0.1	5.76569
13045005	30	0.1	-0.1	5.25465
13045005	31	0.1	-0.1	-4.54951
13045005	32	0.1	-0.1	-3.19099
13045005	33	0.1	-0.1	-4.03581
13045005	34	0.1	-0.1	5.33296
13045005	35	0.1	-0.1	3.53583
13045005	36	0.1	-0.1	-3.25259
13045005	37	0.1	-0.1	4.45127
13045005	38	0.1	-0.1	-5.59168
13045005	39	0.1	-0.1	-4.92942
13045005	40	0.1	-0.1	1.84971
13045005	41	0.1	-0.1	-2.89133
13045005	42	0.1	-0.1	-5.63813
13045005	43	0.1	-0.1	5.90159
13045005	44	0.1	-0.1	-0.1924
13045005	45	0.1	-0.1	2.25796
13045005	46	0.1	-0.1	2.43229
13045005	47	0.1	-0.1	0.216625
13045005	48	0.1	-0.1	2.6948
13045005	49	0.1	-0.1	0.256963
13045005	50	0.1	-0.1	3.88943
13045005	51	0.1	-0.1	0.471992
13045005	52	0.1	-0.1	-5.82092
13045005	53	0.1	-0.1	-1.02295
13045005	54	0.1	-0.1	2.21749
13045005	55	0.1	-0.1	-0.254528
13045005	56	0.1	-0.1	1.53486
13045005	57	0.1	-0.1	-5.52384
13045005	58	0.1	-0.1	-0.535141
13045005	59	0.1	-0.1	5.78532
13045005	60	0.1	-0.1	-1.94981
13045005	61	0.1	-0.1	-2.79405
13045005	62	0.1	-0.1	3.75521
13045005	63	0.1	-0.1	-1.78319
13045005	64	0.1	-0.1	-4.56785
13045005	65	0.1	-0.1	-3.52567
13045005	66	0.1	-0.1	5.4507
13045005	67	0.1	-0.1	5.2388
13045005	68	0.1	-0.1	-3.95427
13045005	69	0.1	-0.1	0.0631509
13045005	70	0.1	-0.1	5.7582
13045005	71	0.1	-0.1	-3.08051
13045005	72	0.1	-0.1	-3.86419
13045005	73	0.1	-0.1	-4.13187
13045005	74	0.1	-0.1	3.39155
13045005	75	0.1	-0.1	1.61861
13045005	76	0.1	-0.1	-0.7084
13045005	77	0.1	-0.1	4.40369
13045005	78	0.1	-0.1	3.7305
13045005	79	0.1	-0.1	-2.05242
13045005	80	0.1	-0.1	-5.73056
13045005	81	0.1	-0.1	-4.58541
13045005	82	0.1	-0.1	1.97569
13045005	83	0.1	-0.1	5.49748
13045005	84	0.1	-0.1	3.15397
13045005	85	0.1	-0.1	1.57187
13045005	86	0.1	-0.1	5.36906
13045005	87	0.1	-0.1	3.62238
13045005	88	0.1	-0.1	1.24288
13045005	89	0.1	-0.1	3.697
13045005	90	0.1	-0.1	-5.97834
13045005	91	0.1	-0.1	3.07049
13045005	92	0.1	-0.1	-5.55288
13045005	93	0.1	-0.1	1.97256
13045005	94	0.1	-0.1	-5.66943
13045005	95	0.1	-0.1	-3.1033
13045005	96	0.1	-0.1	5.96221
13045005	97	0.1	-0.1	-3.24489
13045005	98	0.1	-0.1	1.72655
13045005	99	0.1	-0.1	2.34093
13045005	100	0.1	-0.1	2.53025
13045005	101	0.1	-0.1	-1.86337
13045005	102	0.1	-0.1	-1.42548
13045005	103	0.1	-0.1	3.45723
13045005	104	0.1	-0.1	3.47262
13045005	105	0.1	-0.1	-5.17636
13045005	106	0.1	-0.1	-4.89943
13045005	107	0.1	-0.1	-4.90292
13045005	108	0.1	-0.1	1.51115
13045005	109	0.1	-0.1	2.53722
13045005	110	0.1	-0.1	-2.95837
13045005	111	0.1	-0.1	0.00859347
13045005	112	0.1	-0.1	-2.01608
13045005	113	0.1	-0.1	-2.28768
13045005	114	0.1	-0.1	2.57937
13045005	115	0.1	-0.1	-1.29488
13045005	116	0.1	-0.1	0.145143
13045005	117	0.1	-0.1	4.28295
13045005	118	0.1	-0.1	-5.22457
13045005	119	0.1	-0.1	5.88278
13045005	120	0.1	-0.1	4.84309
13045005	121	0.1	-0.1	1.05605
13045005	122	0.1	-0.1	-4.05776
13045005	123	0.1	-0.1	1.70051
13045005	124	0.1	-0.1	0.996393
13045005	125	0.1	-0.1	4.56984
13045005	126	0.1	-0.1	-0.906227
13045005	127	0.1	-0.1	2.48182
13045005	128	0.1	-0.1	4.00155
13045005	129	0.1	-0.1	-4.9149
13045005	130	0.1	-0.1	1.33563
13045005	131	0.1	-0.1	-5.11202
13045005	132	0.1	-0.1	5.5244
13045005	133	0.1	-0.1	-1.06261
13045005	134	0.1	-0.1	-0.520655
13045005	135	0.1	-0.1	-3.23519
13045005	136	0.1	-0.1	0.762054
13045005	137	0.1	-0.1	4.09471
13045005	138	0.1	-0.1	4.02436
13045005	139	0.1	-0.1	-3.05799
13045005	140	0.1	-0.1	-3.9448
13045005	141	0.1	-0.1	-1.53973
13045005	142	0.1	-0.1	4.67109
13045005	143	0.1	-0.1	4.3768
13045005	144	0.1	-0.1	-0.560215
13045005	145	0.1	-0.1	-0.0635657
13045005	146	0.1	-0.1	-1.00529
13045005	147	0.1	-0.1	2.05044
13045005	148	0.1	-0.1	2.52053
13045005	149	0.1	-0.1	0.960772
13045005	150	0.1	-0.1	-0.5231
13045005	151	0.1	-0.1	-4.46708
13045005	152	0.1	-0.1	-3.62684
13045005	153	0.1	-0.1	5.17969
13045005	154	0.1	-0.1	-3.22944
13045005	155	0.1	-0.1	5.60205
13045005	156	0.1	-0.1	2.28963
13045005	157	0.1	-0.1	-3.39306
13045005	158	0.1	-0.1	2.32623
13045005	159	0.1	-0.1	-2.80965
13045005	160	0.1	-0.1	-3.97695
13045005	161	0.1	-0.1	3.24417
13045005	162	0.1	-0.1	-2.60642
13045005	163	0.1	-0.1	-0.378587
13045005	164	0.1	-0.1	-1.55812
13045005	165	0.1	-0.1	1.78031
13045005	166	0.1	-0.1	-3.5118
13045005	167	0.1	-0.1	-4.39474
13045005	168	0.1	-0.1	-3.1409
13045005	169	0.1	-0.1	3.84678
13045005	170	0.1	-0.1	5.49715
13045005	171	0.1	-0.1	-5.63502
13045005	172	0.1	-0.1	-2.7879
13045005	173	0.1	-0.1	-0.262107
13045005	174	0.1	-0.1	2.86291
13045005	175	0.1	-0.1	3.02511
13045005	176	0.1	-0.1	-5.96458
13045005	177	0.1	-0.1	-4.03542
13045005	178	0.1	-0.1	-0.545713
13045005	179	0.1	-0.1	-2.30613
13045005	180	0.1	-0.1	-0.328136
13045005	181	0.1	-0.1	3.46623
13045005	182	0.1	-0.1	-4.00919
13045005	183	0.1	-0.1	-2.71156
13045005	184	0.1	-0.1	-0.934904
13045005	185	0.1	-0.1	-4.21911
13045005	186	0.1	-0.1	-1.11939
13045005	187	0.1	-0.1	-5.60167
13045005	188	0.1	-0.1	-1.19516
13045005	189	0.1	-0.1	-0.228518
13045005	190	0.1	-0.1	-2.67951
13045005	191	0.1	-0.1	5.1366
13045005	192	0.1	-0.1	-0.0240639
13045005	193	0.1	-0.1	-4.42611
13045005	194	0.1	-0.1	-5.70554
13045005	195	0.1	-0.1	-4.23216
13045005	196	0.1	-0.1	0.39555
13045005	197	0.1	-0.1	2.29102
13045005	198	0.1	-0.1	5.34705
13045005	199	0.1	-0.1	0.656787
13045005	200	0.1	-0.1	0.116268
13045005	201	0.1	-0.1	-2.66551
13045005	202	0.1	-0.1	-3.90786
13045005	203	0.1	-0.1	-3.93548
13045005	204	0.1	-0.1	-2.24857
13045005	205	0.1	-0.1	4.97904
13045005	206	0.1	-0.1	3.38356
13045005	207	0.1	-0.1	-2.13538
13045005	208	0.1	-0.1	-5.53171
13045005	209	0.1	-0.1	0.73
13045005	210	0.1	-0.1	2.02482
13045005	211	0.1	-0.1	4.36951
13045005	212	0.1	-0.1	0.611628
13045005	213	0.1	-0.1	-2.88603
13045005	214	0.1	-0.1	1.83101
13045005	215	0.1	-0.1	1.91214
13045005	216	0.1	-0.1	-3.6421
13045005	217	0.1	-0.1	4.29216
13045005	218	0.1	-0.1	3.65728
13045005	219	0.1	-0.1	5.73644
13045005	220	0.1	-0.1	-2.90527
13045005	221	0.1	-0.1	0.0406256
13045005	222	0.1	-0.1	-0.393921
13045005	223	0.1	-0.1	-4.11486
13045005	224	0.1	-0.1	0.0742613
13045005	225	0.1	-0.1	-4.51029
13045005	226	0.1	-0.1	0.267585
13045005	227	0.1	-0.1	0.802432
13045005	228	0.1	-0.1	1.52918
13045005	229	0.1	-0.1	5.42874
13045005	230	0.1	-0.1	0.44569
13045005	231	0.1	-0.1	5.3723
13045005	232	0.1	-0.1	-3.07198
13045005	233	0.1	-0.1	-3.56803
13045005	234	0.1	-0.1	-5.87954
13045005	235	0.1	-0.1	-3.27359
13045005	236	0.1	-0.1	-3.66236
13045005	237	0.1	-0.1	3.06808
13045005	238	0.1	-0.1	-5.68257
13045005	239	0.1	-0.1	0.121874
13045005	240	0.1	-0.1	-1.66862
13045005	241	0.1	-0.1	4.29727
13045005	242	0.1	-0.1	2.64569
13045005	243	0.1	-0.1	-5.89565
13045005	244	0.1	-0.1	-2.71431
13045005	245	0.1	-0.1	1.23599
13045005	246	0.1	-0.1	-2.96603
13045005	247	0.1	-0.1	-4.56262
13045005	248	0.1	-0.1	4.12657
13045005	249	0.1	-0.1	3.3976
13045005	250	0.1	-0.1	-3.87839
13045005	251	0.1	-0.1	-5.24254
13045005	252	0.1	-0.1	-0.809527
13045005	253	0.1	-0.1	-2.94069
13045005	254	0.1	-0.1	-5.42297
13045005	255	0.1	-0.1	1.33445
13045005	256	0.1	-0.1	-1.85812
13045005	257	0.1	-0.1	0.897815
13045005	258	0.1	-0.1	-1.73817
13045005	259	0.1	-0.1	-4.52618
13045005	260	0.1	-0.1	-5.34215
13045005	261	0.1	-0.1	0.665257
13045005	262	0.1	-0.1	-5.8383
13045005	263	0.1	-0.1	0.774188
13045005	264	0.1	-0.1	-4.27617
13045005	265	0.1	-0.1	-1.32017
13045005	266	0.1	-0.1	-3.14215
13045005	267	0.1	-0.1	1.94797
13045005	268	0.1	-0.1	-1.147
13045005	269	0.1	-0.1	3.2327
13045005	270	0.1	-0.1	-1.37461
13045005	271	0.1	-0.1	1.42545
13045005	272	0.1	-0.1	-2.537
13045005	273	0.1	-0.1	-2.39119
13045005	274	0.1	-0.1	-3.9818
13045005	275	0.1	-0.1	-0.284518
13045005	276	0.1	-0.1	1.2459
13045005	277	0.1	-0.1	-5.49486
13045005	278	0.1	-0.1	-0.752237
13045005	279	0.1	-0.1	-2.76265
13045005	280	0.1	-0.1	2.36655
13045005	281	0.1	-0.1	1.40295
13045005	282	0.1	-0.1	1.24215
13045005	283	0.1	-0.1	2.48578
13045005	284	0.1	-0.1	1.37289
13045005	285	0.1	-0.1	4.82864
13045005	286	0.1	-0.1	-1.90413
13045005	287	0.1	-0.1	5.18465
13045005	288	0.1	-0.1	-4.53372
13045005	289	0.1	-0.1	4.25196
13045005	290	0.1	-0.1	-4.19568
13045005	291	0.1	-0.1	-3.60601
13045005	292	0.1	-0.1	-5.28852
13045005	293	0.1	-0.1	-3.48728
13045005	294	0.1	-0.1	-3.39703
13045005	295	0.1	-0.1	0.0851094
13045005	296	0.1	-0.1	3.98996
13045005	297	0.1	-0.1	0.130653
13045005	298	0.1	-0.1	-0.176111
13045005	299	0.1	-0.1	-4.89756
13045005	300	0.1	-0.1	2.8572
13045005	301	0.1	-0.1	-4.9613
13045005	302	0.1	-0.1	1.89396
13045005	303	0.1	-0.1	-2.33174
13045005	304	0.1	-0.1	5.09444
13045005	305	0.1	-0.1	-4.55395
13045005	306	0.1	-0.1	-2.14757
13045005	307	0.1	-0.1	2.69051
13045005	308	0.1	-0.1	4.88847
13045005	309	0.1	-0.1	2.16114
13045005	310	0.1	-0.1	-3.94699
13045005	311	0.1	-0.1	-2.83357
13045005	312	0.1	-0.1	1.82574
13045005	313	0.1	-0.1	-3.78632
13045005	314	0.1	-0.1	3.23194
13045005	315	0.1	-0.1	-3.51897
13045005	316	0.1	-0.1	-5.38742
13045005	317	0.1	-0.1	1.46097
13045005	318	0.1	-0.1	-3.8394
13045005	319	0.1	-0.1	-5.64664
13045005	320	0.1	-0.1	-3.0046
13045005	321	0.1	-0.1	-2.09324
13045005	322	0.1	-0.1	1.98794
13045005	323	0.1	-0.1	-0.790609
13045005	324	0.1	-0.1	1.70046
13045005	325	0.1	-0.1	-3.20144
13045005	326	0.1	-0.1	2.26638
13045005	327	0.1	-0.1	3.91837
13045005	328	0.1	-0.1	2.60446
13045005	329	0.1	-0.1	1.57982
13045005	330	0.1	-0.1	3.17314
13045005	331	0.1	-0.1	4.53121
13045005	332	0.1	-0.1	-5.32006
13045005	333	0.1	-0.1	-3.52334
13045005	334	0.1	-0.1	-0.718161
13045005	335	0.1	-0.1	2.80528
13045005	336	0.1	-0.1	-1.56492
13045005	337	0.1	-0.1	-1.4368
13045005	338	0.1	-0.1	-0.727415
13045005	339	0.1	-0.1	0.467695
13045005	340	0.1	-0.1	0.942537
13045005	341	0.1	-0.1	-3.28022
13045005	342	0.1	-0.1	3.99091
13045005	343	0.1	-0.1	-4.0332
13045005	344	0.1	-0.1	2.2455
13045005	345	0.1	-0.1	-4.98759
13045005	346	0.1	-0.1	-2.44632
13045005	347	0.1	-0.1	-3.83142
13045005	348	0.1	-0.1	-3.38855
13045005	349	0.1	-0.1	-0.877901
13045005	350	0.1	-0.1	0.920156
13045005	351	0.1	-0.1	4.33003
13045005	352	0.1	-0.1	-5.20913
13045005	353	0.1	-0.1	5.72488
13045005	354	0.1	-0.1	-0.466519
13045005	355	0.1	-0.1	2.93459
13045005	356	0.1	-0.1	2.8487
13045005	357	0.1	-0.1	2.11701
13045005	358	0.1	-0.1	2.03863
13045005	359	0.1	-0.1	1.72881
13045005	360	0.1	-0.1	3.50181
13045005	361	0.1	-0.1	-4.63068
13045005	362	0.1	-0.1	3.90643
13045005	363	0.1	-0.1	-0.049588
13045005	364	0.1	-0.1	-3.4562
13045005	365	0.1	-0.1	2.62994
13045005	366	0.1	-0.1	3.77383
13045005	367	0.1	-0.1	0.773355
13045005	368	0.1	-0.1	-4.80008
13045005	369	0.1	-0.1	3.81814
13045005	370	0.1	-0.1	4.20859
13045005	371	0.1	-0.1	5.72566
13045005	372	0.1	-0.1	3.50436
13045005	373	0.1	-0.1	-0.186947
13045005	374	0.1	-0.1	3.60732
13045005	375	0.1	-0.1	0.200674
13045005	376	0.1	-0.1	3.52266
13045005	377	0.1	-0.1	5.86282
13045005	378	0.1	-0.1	-0.814117
13045005	379	0.1	-0.1	-2.32584
13045005	380	0.1	-0.1	1.88228
13045005	381	0.1	-0.1	2.65078
13045005	382	0.1	-0.1	3.27314
13045005	383	0.1	-0.1	-1.49586
13045005	384	0.1	-0.1	-3.98807
13045005	385	0.1	-0.1	2.99896
13045005	386	0.1	-0.1	-1.49449
13045005	387	0.1	-0.1	4.06216
13045005	388	0.1	-0.1	3.96681
13045005	389	0.1	-0.1	-0.246767
13045005	390	0.1	-0.1	-3.59947
13045005	391	0.1	-0.1	-5.05959
13045005	392	0.1	-0.1	-1.18863
13045005	393	0.1	-0.1	3.05468
13045005	394	0.1	-0.1	-3.34607
13045005	395	0.1	-0.1	5.93694
13045005	396	0.1	-0.1	-2.91625
13045005	397	0.1	-0.1	-2.86472
13045005	398	0.1	-0.1	1.00483
13045005	399	0.1	-0.1	-3.28089
13045005	400	0.1	-0.1	1.75901
13045005	401	0.1	-0.1	3.88203
13045005	402	0.1	-0.1	1.78288
13045005	403	0.1	-0.1	-2.81048
13045005	404	0.1	-0.1	5.98857
13045005	405	0.1	-0.1	5.16985
13045005	406	0.1	-0.1	-1.59741
13045005	407	0.1	-0.1	-1.899
13045005	408	0.1	-0.1	1.38817
13045005	409	0.1	-0.1	-2.46649
13045005	410	0.1	-0.1	3.78945
13045005	411	0.1	-0.1	-0.376567
13045005	412	0.1	-0.1	0.536336
13045005	413	0.1	-0.1	0.0286057
13045005	414	0.1	-0.1	0.594841
13045005	415	0.1	-0.1	-3.70925
13045005	416	0.1	-0.1	-0.92736
13045005	417	0.1	-0.1	3.75643
13045005	418	0.1	-0.1	-4.14295
13045005	419	0.1	-0.1	5.48157
13045005	420	0.1	-0.1	-5.32696
13045005	421	0.1	-0.1	4.6293
13045005	422	0.1	-0.1	3.51063
13045005	423	0.1	-0.1	3.35652
13045005	424	0.1	-0.1	-4.29396
13045005	425	0.1	-0.1	0.637709
13045005	426	0.1	-0.1	3.37915
13045005	427	0.1	-0.1	-5.49528
13045005	428	0.1	-0.1	3.94858
13045005	429	0.1	-0.1	-3.98975
13045005	430	0.1	-0.1	-5.27456
13045005	431	0.1	-0.1	4.39431
13045005	432	0.1	-0.1	2.21355
13045005	433	0.1	-0.1	1.97911
13045005	434	0.1	-0.1	-3.00815
13045005	435	0.1	-0.1	3.80401
13045005	436	0.1	-0.1	-4.5572
13045005	437	0.1	-0.1	3.35284
13045005	438	0.1	-0.1	-3.17107
13045005	439	0.1	-0.1	1.41256
13045005	440	0.1	-0.1	-5.39189
13045005	441	0.1	-0.1	-5.03123
13045005	442	0.1	-0.1	2.34901
13045005	443	0.1	-0.1	0.0975538
13045005	444	0.1	-0.1	-1.59166
13045005	445	0.1	-0.1	1.06344
13045005	446	0.1	-0.1	5.95438
13045005	447	0.1	-0.1	-2.48846
13045005	448	0.1	-0.1	-1.8662
13045005	449	0.1	-0.1	-4.51767
13045005	450	0.1	-0.1	0.432238
13045005	451	0.1	-0.1	-2.98616
13045005	452	0.1	-0.1	2.70254
13045005	453	0.1	-0.1	4.4155
13045005	454	0.1	-0.1	0.312728
13045005	455	0.1	-0.1	5.86793
13045005	456	0.1	-0.1	1.95502
13045005	457	0.1	-0.1	4.29255
13045005	458	0.1	-0.1	-5.49023
13045005	459	0.1	-0.1	3.46014
13045005	460	0.1	-0.1	-4.0832
13045005	461	0.1	-0.1	3.88705
13045005	462	0.1	-0.1	3.16262
13045005	463	0.1	-0.1	4.72278
13045005	464	0.1	-0.1	-4.59456
13045005	465	0.1	-0.1	2.41132
13045005	466	0.1	-0.1	2.00003
13045005	467	0.1	-0.1	0.614334
13045005	468	0.1	-0.1	0.903667
13045005	469	0.1	-0.1	-0.0117434
13045005	470	0.1	-0.1	4.69222
13045005	471	0.1	-0.1	5.44571
13045005	472	0.1	-0.1	2.88315
13045005	473	0.1	-0.1	1.27441
13045005	474	0.1	-0.1	-5.30384
13045005	475	0.1	-0.1	3.80108
13045005	476	0.1	-0.1	-5.29668
13045005	477	0.1	-0.1	-3.03577
13045005	478	0.1	-0.1	-3.88686
13045005	479	0.1	-0.1	-3.06464
13045005	480	0.1	-0.1	-0.430058
13045005	481	0.1	-0.1	0.0715765
13045005	482	0.1	-0.1	2.27723
13045005	483	0.1	-0.1	3.30541
13045005	484	0.1	-0.1	-1.16862
13045005	485	0.1	-0.1	5.47741
13045005	486	0.1	-0.1	0.943342
13045005	487	0.1	-0.1	-0.555006
13045005	488	0.1	-0.1	-0.0845561
13045005	489	0.1	-0.1	4.93516
13045005	490	0.1	-0.1	-2.23483
13045005	491	0.1	-0.1	5.79687
13045005	492	0.1	-0.1	-0.863631
13045005	493	0.1	-0.1	-0.556223
13045005	494	0.1	-0.1	-2.35486
13045005	495	0.1	-0.1	0.337536
13045005	496	0.1	-0.1	0.35982
13045005	497	0.1	-0.1	1.34974
13045005	498	0.1	-0.1	4.58332
13045005	499	0.1	-0.1	-1.99757
13045005	500	0.1	-0.1	2.39825
13045005	501	0.1	-0.1	-5.35264
13045005	502	0.1	-0.1	-4.90118
13045005	503	0.1	-0.1	-4.74575
13045005	504	0.1	-0.1	-3.69206
13045005	505	0.1	-0.1	-3.27117
13045005	506	0.1	-0.1	-2.68329
13045005	507	0.1	-0.1	-0.222033
13045005	508	0.1	-0.1	-4.38309
13045005	509	0.1	-0.1	4.12195
13045005	510	0.1	-0.1	3.11493
13045005	511	0.1	-0.1	-3.72314
13045005	512	0.1	-0.1	5.69637
13045005	513	0.1	-0.1	-1.51886
13045005	514	0.1	-0.1	3.93779
13045005	515	0.1	-0.1	4.47208
13045005	516	0.1	-0.1	-1.91141
13045005	517	0.1	-0.1	-2.67873
13045005	518	0.1	-0.1	-5.73293
13045005	519	0.1	-0.1	-4.02287
13045005	520	0.1	-0.1	2.69049
13045005	521	0.1	-0.1	-3.9255
13045005	522	0.1	-0.1	2.10039
13045005	523	0.1	-0.1	-2.52518
13045005	524	0.1	-0.1	-5.22463
13045005	525	0.1	-0.1	-0.924446
13045005	526	0.1	-0.1	4.98397
13045005	527	0.1	-0.1	2.13139
13045005	528	0.1	-0.1	-1.46779
13045005	529	0.1	-0.1	1.43485
13045005	530	0.1	-0.1	4.61588
13045005	531	0.1	-0.1	-2.10943
13045005	532	0.1	-0.1	2.15084
13045005	533	0.1	-0.1	-1.14336
13045005	534	0.1	-0.1	2.78539
13045005	535	0.1	-0.1	3.22872
13045005	536	0.1	-0.1	-2.77394
13045005	537	0.1	-0.1	-2.55401
13045005	538	0.1	-0.1	-2.03246
13045005	539	0.1	-0.1	-0.727028
13045005	540	0.1	-0.1	-1.31235
13045005	541	0.1	-0.1	0.871153
13045005	542	0.1	-0.1	4.78265
13045005	543	0.1	-0.1	-3.58167
13045005	544	0.1	-0.1	3.23807
13045005	545	0.1	-0.1	0.599159
13045005	546	0.1	-0.1	4.59588
13045005	547	0.1	-0.1	1.81323
13045005	548	0.1	-0.1	-2.52408
13045005	549	0.1	-0.1	-1.02896
13045005	550	0.1	-0.1	-5.79807
13045005	551	0.1	-0.1	3.24826
13045005	552	0.1	-0.1	2.21882
13045005	553	0.1	-0.1	-0.603973
13045005	554	0.1	-0.1	3.03227
13045005	555	0.1	-0.1	-0.887191
13045005	556	0.1	-0.1	-1.49325
13045005	557	0.1	-0.1	-0.183888
13045005	558	0.1	-0.1	-3.14047
13045005	559	0.1	-0.1	-1.01411
13045005	560	0.1	-0.1	4.3681
13045005	561	0.1	-0.1	-5.60336
13045005	562	0.1	-0.1	-3.25059
13045005	563	0.1	-0.1	-3.30685
13045005	564	0.1	-0.1	-2.25204
13045005	565	0.1	-0.1	-0.269301
13045005	566	0.1	-0.1	-0.346433
13045005	567	0.1	-0.1	2.38629
13045005	568	0.1	-0.1	3.91753
13045005	569	0.1	-0.1	3.20149
13045005	570	0.1	-0.1	0.819899
13045005	571	0.1	-0.1	1.93203
13045005	572	0.1	-0.1	0.878082
13045005	573	0.1	-0.1	-5.80343
13045005	574	0.1	-0.1	-3.3515
13045005	575	0.1	-0.1	0.503568
13045005	576	0.1	-0.1	3.58173
13045005	577	0.1	-0.1	-4.30792
13045005	578	0.1	-0.1	1.79843
13045005	579	0.1	-0.1	1.82653
13045005	580	0.1	-0.1	4.47131
13045005	581	0.1	-0.1	-4.16612
13045005	582	0.1	-0.1	2.16581
13045005	583	0.1	-0.1	5.61762
13045005	584	0.1	-0.1	-1.30056
13045005	585	0.1	-0.1	-0.454288
13045005	586	0.1	-0.1	-1.26693
13045005	587	0.1	-0.1	2.33136
13045005	588	0.1	-0.1	-5.11592
13045005	589	0.1	-0.1	4.65916
13045005	590	0.1	-0.1	5.91152
13045005	591	0.1	-0.1	-1.35926
13045005	592	0.1	-0.1	1.88957
13045005	593	0.1	-0.1	-4.72618
13045005	594	0.1	-0.1	2.51237
13045005	595	0.1	-0.1	5.70752
13045005	596	0.1	-0.1	-2.23429
13045005	597	0.1	-0.1	5.55841
13045005	598	0.1	-0.1	-5.8512
13045005	599	0.1	-0.1	4.09381
13045005	600	0.1	-0.1	5.19522
13045005	601	0.1	-0.1	-0.985168
13045005	602	0.1	-0.1	0.352432
13045005	603	0.1	-0.1	5.22777
13045005	604	0.1	-0.1	5.10118
13045005	605	0.1	-0.1	-5.69054
13045005	606	0.1	-0.1	-1.68767
13045005	607	0.1	-0.1	1.13436
13045005	608	0.1	-0.1	-4.77995
13045005	609	0.1	-0.1	-1.23199
13045005	610	0.1	-0.1	4.58611
13045005	611	0.1	-0.1	-1.83474
13045005	612	0.1	-0.1	-4.22493
13045005	613	0.1	-0.1	-3.19612
13045005	614	0.1	-0.1	5.40723
13045005	615	0.1	-0.1	3.48853
13045005	616	0.1	-0.1	4.43674
13045005	617	0.1	-0.1	-4.46072
13045005	618	0.1	-0.1	-5.41539
13045005	619	0.1	-0.1	-4.76139
13045005	620	0.1	-0.1	-3.97078
13045005	621	0.1	-0.1	-3.65841
13045005	622	0.1	-0.1	3.62852
13045005	623	0.1	-0.1	-0.727949
13045005	624	0.1	-0.1	0.159657
13045005	625	0.1	-0.1	5.17249
13045005	626	0.1	-0.1	-0.867213
13045005	627	0.1	-0.1	5.74609
13045005	628	0.1	-0.1	0.833844
13045005	629	0.1	-0.1	-2.55365
13045005	630	0.1	-0.1	4.31196
13045005	631	0.1	-0.1	-2.64937
13045005	632	0.1	-0.1	-0.94813
13045005	633	0.1	-0.1	-1.52567
13045005	634	0.1	-0.1	5.62138
13045005	635	0.1	-0.1	0.0528642
13045005	636	0.1	-0.1	1.48721
13045005	637	0.1	-0.1	-5.36829
13045005	638	0.1	-0.1	-5.27757
13045005	639	0.1	-0.1	-4.21349
13045005	640	0.1	-0.1	-3.57845
13045005	641	0.1	-0.1	-5.35449
13045005	642	0.1	-0.1	1.52268
13045005	643	0.1	-0.1	2.65486
13045005	644	0.1	-0.1	-3.13211
13045005	645	0.1	-0.1	-0.353163
13045005	646	0.1	-0.1	-0.544609
13045005	647	0.1	-0.1	2.67307
13045005	648	0.1	-0.1	-0.792383
13045005	649	0.1	-0.1	-2.77341
13045005	650	0.1	-0.1	4.40395
13045005	651	0.1	-0.1	5.43798
13045005	652	0.1	-0.1	-4.90155
13045005	653	0.1	-0.1	1.43223
13045005	654	0.1	-0.1	1.48858
13045005	655	0.1	-0.1	4.9724
13045005	656	0.1	-0.1	5.95857
13045005	657	0.1	-0.1	3.79634
13045005	658	0.1	-0.1	3.86338
13045005	659	0.1	-0.1	-0.201204
13045005	660	0.1	-0.1	-5.40841
13045005	661	0.1	-0.1	-2.03777
13045005	662	0.1	-0.1	4.49828
13045005	663	0.1	-0.1	-2.71949
13045005	664	0.1	-0.1	5.60156
13045005	665	0.1	-0.1	-4.39819
13045005	666	0.1	-0.1	0.615126
13045005	667	0.1	-0.1	2.75704
13045005	668	0.1	-0.1	-4.65914
13045005	669	0.1	-0.1	3.52533
13045005	670	0.1	-0.1	1.36468
13045005	671	0.1	-0.1	3.49711
13045005	672	0.1	-0.1	-0.989304
13045005	673	0.1	-0.1	-4.78822
13045005	674	0.1	-0.1	3.3062
13045005	675	0.1	-0.1	5.8653
13045005	676	0.1	-0.1	3.19316
13045005	677	0.1	-0.1	5.2148
13045005	678	0.1	-0.1	-5.2713
13045005	679	0.1	-0.1	-2.94137
13045005	680	0.1	-0.1	0.303655
13045005	681	0.1	-0.1	4.79643
13045005	682	0.1	-0.1	0.56458
13045005	683	0.1	-0.1	2.44719
13045005	684	0.1	-0.1	3.6037
13045005	685	0.1	-0.1	3.3906
13045005	686	0.1	-0.1	5.51389
13045005	687	0.1	-0.1	-3.74464
13045005	688	0.1	-0.1	1.05924
13045005	689	0.1	-0.1	-0.0270667
13045005	690	0.1	-0.1	0.0327352
13045005	691	0.1	-0.1	-5.38683
13045005	692	0.1	-0.1	5.03904
13045005	693	0.1	-0.1	-5.92752
13045005	694	0.1	-0.1	-4.60244
13045005	695	0.1	-0.1	-0.44918
13045005	696	0.1	-0.1	-5.1587
13045005	697	0.1	-0.1	-0.711067
13045005	698	0.1	-0.1	-0.795502
13045005	699	0.1	-0.1	-3.93796
13045005	700	0.1	-0.1	-2.02067
13045005	701	0.1	-0.1	-3.4688
13045005	702	0.1	-0.1	-1.8812
13045005	703	0.1	-0.1	2.25361
13045005	704	0.1	-0.1	-5.72487
13045005	705	0.1	-0.1	-0.644474
13045005	706	0.1	-0.1	-2.67203
13045005	707	0.1	-0.1	-2.35076
13045005	708	0.1	-0.1	-2.67309
13045005	709	0.1	-0.1	-3.29344
13045005	710	0.1	-0.1	-2.41036
13045005	711	0.1	-0.1	-0.503437
13045005	712	0.1	-0.1	5.88289
13045005	713	0.1	-0.1	4.75731
13045005	714	0.1	-0.1	-3.94468
13045005	715	0.1	-0.1	0.765971
13045005	716	0.1	-0.1	-4.72252
13045005	717	0.1	-0.1	0.368849
13045005	718	0.1	-0.1	-5.37806
13045005	719	0.1	-0.1	-5.52804
13045005	720	0.1	-0.1	0.588766
13045005	721	0.1	-0.1	-5.2676
13045005	722	0.1	-0.1	3.45595
13045005	723	0.1	-0.1	-5.13057
13045005	724	0.1	-0.1	-2.47911
13045005	725	0.1	-0.1	0.373805
13045005	726	0.1	-0.1	-1.33711
13045005	727	0.1	-0.1	-0.122595
13045005	728	0.1	-0.1	1.91126
13045005	729	0.1	-0.1	-3.05243
13045005	730	0.1	-0.1	-1.9341
13045005	731	0.1	-0.1	-3.43621
13045005	732	0.1	-0.1	-5.23972
13045005	733	0.1	-0.1	-4.96555
13045005	734	0.1	-0.1	-2.85482
13045005	735	0.1	-0.1	1.40004
13045005	736	0.1	-0.1	-1.24496
13045005	737	0.1	-0.1	1.3959
13045005	738	0.1	-0.1	0.210223
13045005	739	0.1	-0.1	-4.07252
13045005	740	0.1	-0.1	-5.83389
13045005	741	0.1	-0.1	2.86854
13045005	742	0.1	-0.1	1.2606
13045005	743	0.1	-0.1	4.66661
13045005	744	0.1	-0.1	4.40235
13045005	745	0.1	-0.1	3.30763
13045005	746	0.1	-0.1	-2.36927
13045005	747	0.1	-0.1	3.14405
13045005	748	0.1	-0.1	5.92105
13045005	749	0.1	-0.1	3.91996
13045005	750	0.1	-0.1	1.06297
13045005	751	0.1	-0.1	4.56853
13045005	752	0.1	-0.1	-5.90258
13045005	753	0.1	-0.1	-0.0722209
13045005	754	0.1	-0.1	2.36515
13045005	755	0.1	-0.1	-3.89393
13045005	756	0.1	-0.1	0.0843533
13045005	757	0.1	-0.1	-0.946405
13045005	758	0.1	-0.1	5.25993
13045005	759	0.1	-0.1	0.510301
13045005	760	0.1	-0.1	4.81577
13045005	761	0.1	-0.1	0.524737
13045005	762	0.1	-0.1	4.8858
13045005	763	0.1	-0.1	-0.0298862
13045005	764	0.1	-0.1	-3.03175
13045005	765	0.1	-0.1	-5.68242
13045005	766	0.1	-0.1	1.2286
13045005	767	0.1	-0.1	4.59714
13045005	768	0.1	-0.1	4.43913
13045005	769	0.1	-0.1	5.64112
13045005	770	0.1	-0.1	1.91589
13045005	771	0.1	-0.1	-2.80367
13045005	772	0.1	-0.1	-1.43613
13045005	773	0.1	-0.1	-1.16768
13045005	774	0.1	-0.1	-4.94986
13045005	775	0.1	-0.1	-5.28949
13045005	776	0.1	-0.1	0.0163412
13045005	777	0.1	-0.1	-3.26701
13045005	778	0.1	-0.1	-0.176957
13045005	779	0.1	-0.1	1.2253
13045005	780	0.1	-0.1	0.910747
13045005	781	0.1	-0.1	4.18638
13045005	782	0.1	-0.1	5.69362
13045005	783	0.1	-0.1	-5.71631
13045005	784	0.1	-0.1	-0.343603
13045005	785	0.1	-0.1	3.49949
13045005	786	0.1	-0.1	3.39891
13045005	787	0.1	-0.1	-2.81494
13045005	788	0.1	-0.1	-4.52329
13045005	789	0.1	-0.1	-3.14214
13045005	790	0.1	-0.1	-0.507776
13045005	791	0.1	-0.1	-2.27878
13045005	792	0.1	-0.1	-3.20787
13045005	793	0.1	-0.1	3.55801
13045005	794	0.1	-0.1	-3.99162
13045005	795	0.1	-0.1	-3.57379
13045005	796	0.1	-0.1	0.604977
13045005	797	0.1	-0.1	1.37862
13045005	798	0.1	-0.1	-3.42157
13045005	799	0.1	-0.1	-2.82517
13045005	800	0.1	-0.1	-2.14202
13045005	801	0.1	-0.1	2.96811
13045005	802	0.1	-0.1	3.24578
13045005	803	0.1	-0.1	3.67641
13045005	804	0.1	-0.1	-1.65003
13045005	805	0.1	-0.1	4.59481
13045005	806	0.1	-0.1	-0.492623
13045005	807	0.1	-0.1	-3.71239
13045005	808	0.1	-0.1	4.14189
13045005	809	0.1	-0.1	-5.76921
13045005	810	0.1	-0.1	5.74054
13045005	811	0.1	-0.1	5.57332
13045005	812	0.1	-0.1	2.99172
13045005	813	0.1	-0.1	-3.10235
13045005	814	0.1	-0.1	5.664
13045005	815	0.1	-0.1	0.615985
13045005	816	0.1	-0.1	2.86194
13045005	817	0.1	-0.1	5.96739
13045005	818	0.1	-0.1	0.766409
13045005	819	0.1	-0.1	5.3997
13045005	820	0.1	-0.1	1.44918
13045005	821	0.1	-0.1	4.71117
13045005	822	0.1	-0.1	-3.05064
13045005	823	0.1	-0.1	0.220384
13045005	824	0.1	-0.1	-0.524169
13045005	825	0.1	-0.1	-2.1496
13045005	826	0.1	-0.1	-1.04161
13045005	827	0.1	-0.1	2.00152
13045005	828	0.1	-0.1	-5.2085
13045005	829	0.1	-0.1	3.00293
13045005	830	0.1	-0.1	-2.21586
13045005	831	0.1	-0.1	2.26659
13045005	832	0.1	-0.1	-2.31839
13045005	833	0.1	-0.1	-1.01372
13045005	834	0.1	-0.1	-4.1475
13045005	835	0.1	-0.1	0.8392
13045005	836	0.1	-0.1	2.32013
13045005	837	0.1	-0.1	0.761067
13045005	838	0.1	-0.1	-1.60269
13045005	839	0.1	-0.1	-0.329432
13045005	840	0.1	-0.1	-5.10763
13045005	841	0.1	-0.1	5.50866
13045005	842	0.1	-0.1	2.19192
13045005	843	0.1	-0.1	-2.62467
13045005	844	0.1	-0.1	-5.93381
13045005	845	0.1	-0.1	4.01248
13045005	846	0.1	-0.1	2.66905
13045005	847	0.1	-0.1	0.703714
13045005	848	0.1	-0.1	3.58377
13045005	849	0.1	-0.1	5.42455
13045005	850	0.1	-0.1	-3.55784
13045005	851	0.1	-0.1	3.06205
13045005	852	0.1	-0.1	3.52847
13045005	853	0.1	-0.1	-1.65286
13045005	854	0.1	-0.1	-4.61962
13045005	855	0.1	-0.1	-4.99107
13045005	856	0.1	-0.1	-2.35291
13045005	857	0.1	-0.1	-5.23292
13045005	858	0.1	-0.1	0.480665
13045005	859	0.1	-0.1	-4.51502
13045005	860	0.1	-0.1	0.157717
13045005	861	0.1	-0.1	-5.10092
13045005	862	0.1	-0.1	1.51249
13045005	863	0.1	-0.1	-3.0865
13045005	864	0.1	-0.1	0.125577
13045005	865	0.1	-0.1	3.91188
13045005	866	0.1	-0.1	-1.09058
13045005	867	0.1	-0.1	1.56959
13045005	868	0.1	-0.1	-1.15777
13045005	869	0.1	-0.1	2.73895
13045005	870	0.1	-0.1	4.62174
13045005	871	0.1	-0.1	3.72889
13045005	872	0.1	-0.1	-3.50882
13045005	873	0.1	-0.1	4.88192
13045005	874	0.1	-0.1	-1.85117
13045005	875	0.1	-0.1	4.36547
13045005	876	0.1	-0.1	-1.96369
13045005	877	0.1	-0.1	-1.0499
13045005	878	0.1	-0.1	-4.64792
13045005	879	0.1	-0.1	1.19398
13045005	880	0.1	-0.1	2.58045
13045005	881	0.1	-0.1	2.78782
13045005	882	0.1	-0.1	-4.22545
13045005	883	0.1	-0.1	-3.05689
13045005	884	0.1	-0.1	1.3715
13045005	885	0.1	-0.1	2.15285
13045005	886	0.1	-0.1	4.26077
13045005	887	0.1	-0.1	4.92657
13045005	888	0.1	-0.1	0.115717
13045005	889	0.1	-0.1	-5.78214
13045005	890	0.1	-0.1	-0.539186
13045005	891	0.1	-0.1	-1.84028
13045005	892	0.1	-0.1	-1.0924
13045005	893	0.1	-0.1	0.838041
13045005	894	0.1	-0.1	-3.47822
13045005	895	0.1	-0.1	0.0768016
13045005	896	0.1	-0.1	-5.69504
13045005	897	0.1	-0.1	-5.05229
13045005	898	0.1	-0.1	3.70535
13045005	899	0.1	-0.1	-1.47231
13045005	900	0.1	-0.1	-5.05834
13045005	901	0.1	-0.1	2.88119
13045005	902	0.1	-0.1	1.3047
13045005	903	0.1	-0.1	-5.21261
13045005	904	0.1	-0.1	-0.262469
13045005	905	0.1	-0.1	1.78164
13045005	906	0.1	-0.1	1.23684
13045005	907	0.1	-0.1	-0.444974
13045005	908	0.1	-0.1	-2.14167
13045005	909	0.1	-0.1	-3.48631
13045005	910	0.1	-0.1	-4.758
13045005	911	0.1	-0.1	4.54386
13045005	912	0.1	-0.1	4.0643
13045005	913	0.1	-0.1	-4.89913
13045005	914	0.1	-0.1	-5.60739
13045005	915	0.1	-0.1	0.359013
13045005	916	0.1	-0.1	-4.00978
13045005	917	0.1	-0.1	2.05708
13045005	918	0.1	-0.1	-3.33332
13045005	919	0.1	-0.1	-3.79758
13045005	920	0.1	-0.1	5.36422
13045005	921	0.1	-0.1	-1.04534
13045005	922	0.1	-0.1	3.87854
13045005	923	0.1	-0.1	2.75683
13045005	924	0.1	-0.1	0.627546
13045005	925	0.1	-0.1	-0.670287
13045005	926	0.1	-0.1	3.0746
13045005	927	0.1	-0.1	0.333454
13045005	928	0.1	-0.1	-5.51502
13045005	929	0.1	-0.1	4.54753
13045005	930	0.1	-0.1	2.65456
13045005	931	0.1	-0.1	-3.04582
13045005	932	0.1	-0.1	-1.04662
13045005	933	0.1	-0.1	4.92523
13045005	934	0.1	-0.1	-1.11951
13045005	935	0.1	-0.1	-4.44957
13045005	936	0.1	-0.1	1.33502
13045005	937	0.1	-0.1	-0.017243
13045005	938	0.1	-0.1	3.9812
13045005	939	0.1	-0.1	-5.2299
13045005	940	0.1	-0.1	5.62618
13045005	941	0.1	-0.1	4.98399
13045005	942	0.1	-0.1	-2.102
13045005	943	0.1	-0.1	0.153437
13045005	944	0.1	-0.1	5.03036
13045005	945	0.1	-0.1	5.8152
13045005	946	0.1	-0.1	-5.2078
13045005	947	0.1	-0.1	-4.87424
13045005	948	0.1	-0.1	3.04195
13045005	949	0.1	-0.1	-5.09985
13045005	950	0.1	-0.1	-1.90608
13045005	951	0.1	-0.1	2.45315
13045005	952	0.1	-0.1	5.75005
13045005	953	0.1	-0.1	-2.25947
13045005	954	0.1	-0.1	5.30267
13045005	955	0.1	-0.1	0.77149
13045005	956	0.1	-0.1	-2.79662
13045005	957	0.1	-0.1	0.0481996
13045005	958	0.1	-0.1	-2.14531
13045005	959	0.1	-0.1	3.49015
13045005	960	0.1	-0.1	-5.03291
13045005	961	0.1	-0.1	-5.15484
13045005	962	0.1	-0.1	1.37764
13045005	963	0.1	-0.1	5.79936
13045005	964	0.1	-0.1	0.565068
13045005	965	0.1	-0.1	-4.99447
13045005	966	0.1	-0.1	-3.40747
13045005	967	0.1	-0.1	4.94025
13045005	968	0.1	-0.1	3.50553
13045005	969	0.1	-0.1	4.35721
13045005	970	0.1	-0.1	4.5919
13045005	971	0.1	-0.1	-0.313994
13045005	972	0.1	-0.1	0.081562
13045005	973	0.1	-0.1	-4.59016
13045005	974	0.1	-0.1	-2.76037
13045005	975	0.1	-0.1	-5.86008
13045005	976	0.1	-0.1	-0.485473
13045005	977	0.1	-0.1	-5.95058
13045005	978	0.1	-0.1	-0.28891
13045005	979	0.1	-0.1	-4.9589
13045005	980	0.1	-0.1	-1.55199
13045005	981	0.1	-0.1	-5.78479
13045005	982	0.1	-0.1	-5.21479
13045005	983	0.1	-0.1	-1.1424
13045005	984	0.1	-0.1	2.58689
13045005	985	0.1	-0.1	-3.51025
13045005	986	0.1	-0.1	-3.37411
13045005	987	0.1	-0.1	2.20337
13045005	988	0.1	-0.1	-2.02065
13045005	989	0.1	-0.1	-3.58884
13045005	990	0.1	-0.1	0.763158
13045005	991	0.1	-0.1	-3.97072
13045005	992	0.1	-0.1	-5.35683
13045005	993	0.1	-0.1	3.46991
13045005	994	0.1	-0.1	2.71449
13045005	995	0.1	-0.1	-0.188947
13045005	996	0.1	-0.1	2.75005
13045005	997	0.1	-0.1	1.96131
13045005	998	0.1	-0.1	3.36252
13045005	999	0.1	-0.1	-2.74644
13045005	1000	0.1	-0.1	4.21997
