13048015	1	0.1	-0.1	-2.55724
13048015	2	0.1	-0.1	-0.924616
13048015	3	0.1	-0.1	-0.873158
13048015	4	0.1	-0.1	3.40692
13048015	5	0.1	-0.1	-4.19648
13048015	6	0.1	-0.1	0.45485
13048015	7	0.1	-0.1	5.32238
13048015	8	0.1	-0.1	4.97772
13048015	9	0.1	-0.1	1.30138
13048015	10	0.1	-0.1	1.40746
13048015	11	0.1	-0.1	3.53405
13048015	12	0.1	-0.1	0.661504
13048015	13	0.1	-0.1	-0.795126
13048015	14	0.1	-0.1	-0.589547
13048015	15	0.1	-0.1	-2.13363
13048015	16	0.1	-0.1	1.78146
13048015	17	0.1	-0.1	0.158914
13048015	18	0.1	-0.1	-1.13119
13048015	19	0.1	-0.1	-3.87087
13048015	20	0.1	-0.1	5.23043
13048015	21	0.1	-0.1	-4.82236
13048015	22	0.1	-0.1	3.77812
13048015	23	0.1	-0.1	-0.554508
13048015	24	0.1	-0.1	4.56491
13048015	25	0.1	-0.1	-4.32667
13048015	26	0.1	-0.1	2.96064
13048015	27	0.1	-0.1	-2.12769
13048015	28	0.1	-0.1	-5.62482
13048015	29	0.1	-0.1	3.69872
13048015	30	0.1	-0.1	2.36696
13048015	31	0.1	-0.1	-0.625937
13048015	32	0.1	-0.1	-0.0902784
13048015	33	0.1	-0.1	-3.13792
13048015	34	0.1	-0.1	-0.0620618
13048015	35	0.1	-0.1	-0.260448
13048015	36	0.1	-0.1	3.5069
13048015	37	0.1	-0.1	5.2113
13048015	38	0.1	-0.1	1.68718
13048015	39	0.1	-0.1	-4.19203
13048015	40	0.1	-0.1	4.52699
13048015	41	0.1	-0.1	1.48583
13048015	42	0.1	-0.1	0.296479
13048015	43	0.1	-0.1	-0.013671
13048015	44	0.1	-0.1	3.02825
13048015	45	0.1	-0.1	0.114971
13048015	46	0.1	-0.1	3.67821
13048015	47	0.1	-0.1	0.549598
13048015	48	0.1	-0.1	-5.34945
13048015	49	0.1	-0.1	-1.90629
13048015	50	0.1	-0.1	-4.27126
13048015	51	0.1	-0.1	-1.59546
13048015	52	0.1	-0.1	-1.9684
13048015	53	0.1	-0.1	-5.83389
13048015	54	0.1	-0.1	-2.46491
13048015	55	0.1	-0.1	-4.54819
13048015	56	0.1	-0.1	-4.48184
13048015	57	0.1	-0.1	-2.76756
13048015	58	0.1	-0.1	-0.193471
13048015	59	0.1	-0.1	0.796324
13048015	60	0.1	-0.1	-3.62644
13048015	61	0.1	-0.1	2.44889
13048015	62	0.1	-0.1	2.6055
13048015	63	0.1	-0.1	0.445504
13048015	64	0.1	-0.1	-1.27367
13048015	65	0.1	-0.1	-5.86462
13048015	66	0.1	-0.1	4.82178
13048015	67	0.1	-0.1	5.13698
13048015	68	0.1	-0.1	0.572134
13048015	69	0.1	-0.1	3.78176
13048015	70	0.1	-0.1	2.06814
13048015	71	0.1	-0.1	0.620753
13048015	72	0.1	-0.1	5.41684
13048015	73	0.1	-0.1	1.58862
13048015	74	0.1	-0.1	-0.69784
13048015	75	0.1	-0.1	2.77793
13048015	76	0.1	-0.1	2.27842
13048015	77	0.1	-0.1	4.86018
13048015	78	0.1	-0.1	-0.188033
13048015	79	0.1	-0.1	5.41266
13048015	80	0.1	-0.1	-5.11141
13048015	81	0.1	-0.1	-4.65723
13048015	82	0.1	-0.1	-3.25592
13048015	83	0.1	-0.1	-5.31215
13048015	84	0.1	-0.1	-3.0221
13048015	85	0.1	-0.1	-4.95494
13048015	86	0.1	-0.1	-4.56027
13048015	87	0.1	-0.1	1.46234
13048015	88	0.1	-0.1	5.94723
13048015	89	0.1	-0.1	-3.73952
13048015	90	0.1	-0.1	-2.6263
13048015	91	0.1	-0.1	-4.29302
13048015	92	0.1	-0.1	-5.34885
13048015	93	0.1	-0.1	-3.04289
13048015	94	0.1	-0.1	-5.70666
13048015	95	0.1	-0.1	3.85176
13048015	96	0.1	-0.1	-2.65396
13048015	97	0.1	-0.1	-0.304733
13048015	98	0.1	-0.1	0.0246164
13048015	99	0.1	-0.1	2.50015
13048015	100	0.1	-0.1	1.40946
13048015	101	0.1	-0.1	-1.44111
13048015	102	0.1	-0.1	-4.88415
13048015	103	0.1	-0.1	2.04989
13048015	104	0.1	-0.1	-4.9317
13048015	105	0.1	-0.1	-0.215715
13048015	106	0.1	-0.1	0.262754
13048015	107	0.1	-0.1	5.66996
13048015	108	0.1	-0.1	-4.62669
13048015	109	0.1	-0.1	-4.61711
13048015	110	0.1	-0.1	2.70983
13048015	111	0.1	-0.1	-0.932404
13048015	112	0.1	-0.1	3.83196
13048015	113	0.1	-0.1	-0.675066
13048015	114	0.1	-0.1	-4.73181
13048015	115	0.1	-0.1	-4.80642
13048015	116	0.1	-0.1	5.12483
13048015	117	0.1	-0.1	3.47229
13048015	118	0.1	-0.1	1.18631
13048015	119	0.1	-0.1	-3.14265
13048015	120	0.1	-0.1	-5.83493
13048015	121	0.1	-0.1	4.49002
13048015	122	0.1	-0.1	-2.82641
13048015	123	0.1	-0.1	-0.0239433
13048015	124	0.1	-0.1	-3.60596
13048015	125	0.1	-0.1	4.10982
13048015	126	0.1	-0.1	1.22711
13048015	127	0.1	-0.1	4.70975
13048015	128	0.1	-0.1	0.509719
13048015	129	0.1	-0.1	3.28736
13048015	130	0.1	-0.1	3.42275
13048015	131	0.1	-0.1	3.19601
13048015	132	0.1	-0.1	-4.94295
13048015	133	0.1	-0.1	5.5968
13048015	134	0.1	-0.1	-3.46794
13048015	135	0.1	-0.1	-0.988728
13048015	136	0.1	-0.1	2.21206
13048015	137	0.1	-0.1	-1.49197
13048015	138	0.1	-0.1	1.11263
13048015	139	0.1	-0.1	3.09956
13048015	140	0.1	-0.1	3.98019
13048015	141	0.1	-0.1	-2.98828
13048015	142	0.1	-0.1	-4.12817
13048015	143	0.1	-0.1	3.51947
13048015	144	0.1	-0.1	3.8286
13048015	145	0.1	-0.1	-1.63396
13048015	146	0.1	-0.1	2.95851
13048015	147	0.1	-0.1	2.95475
13048015	148	0.1	-0.1	0.796582
13048015	149	0.1	-0.1	-0.489433
13048015	150	0.1	-0.1	-1.99142
13048015	151	0.1	-0.1	2.85293
13048015	152	0.1	-0.1	0.27473
13048015	153	0.1	-0.1	3.15489
13048015	154	0.1	-0.1	3.17804
13048015	155	0.1	-0.1	-5.23226
13048015	156	0.1	-0.1	3.24355
13048015	157	0.1	-0.1	-3.28151
13048015	158	0.1	-0.1	4.8096
13048015	159	0.1	-0.1	-2.99939
13048015	160	0.1	-0.1	-3.68365
13048015	161	0.1	-0.1	3.07961
13048015	162	0.1	-0.1	-4.89506
13048015	163	0.1	-0.1	0.974744
13048015	164	0.1	-0.1	5.79553
13048015	165	0.1	-0.1	4.01734
13048015	166	0.1	-0.1	0.961341
13048015	167	0.1	-0.1	-2.16092
13048015	168	0.1	-0.1	-4.91866
13048015	169	0.1	-0.1	5.75345
13048015	170	0.1	-0.1	-0.486619
13048015	171	0.1	-0.1	-2.27992
13048015	172	0.1	-0.1	4.4362
13048015	173	0.1	-0.1	-5.52806
13048015	174	0.1	-0.1	3.74092
13048015	175	0.1	-0.1	-5.3983
13048015	176	0.1	-0.1	3.99677
13048015	177	0.1	-0.1	5.78379
13048015	178	0.1	-0.1	1.01254
13048015	179	0.1	-0.1	-2.1246
13048015	180	0.1	-0.1	-4.27876
13048015	181	0.1	-0.1	1.84496
13048015	182	0.1	-0.1	2.2409
13048015	183	0.1	-0.1	2.11082
13048015	184	0.1	-0.1	2.48805
13048015	185	0.1	-0.1	-2.15735
13048015	186	0.1	-0.1	4.59155
13048015	187	0.1	-0.1	-4.58996
13048015	188	0.1	-0.1	-3.22094
13048015	189	0.1	-0.1	-4.15708
13048015	190	0.1	-0.1	-2.75792
13048015	191	0.1	-0.1	-4.62904
13048015	192	0.1	-0.1	-4.11991
13048015	193	0.1	-0.1	4.96262
13048015	194	0.1	-0.1	4.42153
13048015	195	0.1	-0.1	0.944635
13048015	196	0.1	-0.1	-0.106848
13048015	197	0.1	-0.1	-3.72443
13048015	198	0.1	-0.1	5.18375
13048015	199	0.1	-0.1	-5.82121
13048015	200	0.1	-0.1	-2.33282
13048015	201	0.1	-0.1	1.30031
13048015	202	0.1	-0.1	1.36318
13048015	203	0.1	-0.1	-1.91433
13048015	204	0.1	-0.1	2.02217
13048015	205	0.1	-0.1	-3.48064
13048015	206	0.1	-0.1	3.68775
13048015	207	0.1	-0.1	-4.62503
13048015	208	0.1	-0.1	-5.38503
13048015	209	0.1	-0.1	1.94488
13048015	210	0.1	-0.1	3.50903
13048015	211	0.1	-0.1	2.94936
13048015	212	0.1	-0.1	0.647409
13048015	213	0.1	-0.1	4.80495
13048015	214	0.1	-0.1	5.82191
13048015	215	0.1	-0.1	4.12294
13048015	216	0.1	-0.1	-1.62666
13048015	217	0.1	-0.1	-0.330185
13048015	218	0.1	-0.1	-1.46923
13048015	219	0.1	-0.1	-0.29568
13048015	220	0.1	-0.1	1.8789
13048015	221	0.1	-0.1	-1.78971
13048015	222	0.1	-0.1	-2.01266
13048015	223	0.1	-0.1	-3.43895
13048015	224	0.1	-0.1	-0.0619173
13048015	225	0.1	-0.1	-4.11981
13048015	226	0.1	-0.1	4.22369
13048015	227	0.1	-0.1	3.88177
13048015	228	0.1	-0.1	4.49516
13048015	229	0.1	-0.1	-1.24613
13048015	230	0.1	-0.1	3.85402
13048015	231	0.1	-0.1	4.24722
13048015	232	0.1	-0.1	-3.89699
13048015	233	0.1	-0.1	2.3523
13048015	234	0.1	-0.1	-2.26616
13048015	235	0.1	-0.1	4.23658
13048015	236	0.1	-0.1	5.95383
13048015	237	0.1	-0.1	4.60215
13048015	238	0.1	-0.1	0.44941
13048015	239	0.1	-0.1	3.19493
13048015	240	0.1	-0.1	-3.26732
13048015	241	0.1	-0.1	0.00449247
13048015	242	0.1	-0.1	-5.30454
13048015	243	0.1	-0.1	-4.15496
13048015	244	0.1	-0.1	4.7863
13048015	245	0.1	-0.1	-1.46227
13048015	246	0.1	-0.1	3.76799
13048015	247	0.1	-0.1	2.23144
13048015	248	0.1	-0.1	-5.52595
13048015	249	0.1	-0.1	3.43515
13048015	250	0.1	-0.1	-4.6149
13048015	251	0.1	-0.1	1.50548
13048015	252	0.1	-0.1	1.21317
13048015	253	0.1	-0.1	-0.170787
13048015	254	0.1	-0.1	2.13501
13048015	255	0.1	-0.1	4.577
13048015	256	0.1	-0.1	-1.63211
13048015	257	0.1	-0.1	-5.12928
13048015	258	0.1	-0.1	3.87077
13048015	259	0.1	-0.1	-4.93126
13048015	260	0.1	-0.1	-1.76249
13048015	261	0.1	-0.1	5.2746
13048015	262	0.1	-0.1	1.95689
13048015	263	0.1	-0.1	-1.55011
13048015	264	0.1	-0.1	-1.20606
13048015	265	0.1	-0.1	1.64782
13048015	266	0.1	-0.1	1.50727
13048015	267	0.1	-0.1	-0.570437
13048015	268	0.1	-0.1	1.39344
13048015	269	0.1	-0.1	3.88377
13048015	270	0.1	-0.1	2.31043
13048015	271	0.1	-0.1	1.75968
13048015	272	0.1	-0.1	-0.388832
13048015	273	0.1	-0.1	-4.96077
13048015	274	0.1	-0.1	3.93829
13048015	275	0.1	-0.1	5.23738
13048015	276	0.1	-0.1	1.58835
13048015	277	0.1	-0.1	0.504161
13048015	278	0.1	-0.1	1.08608
13048015	279	0.1	-0.1	-3.69434
13048015	280	0.1	-0.1	-4.11502
13048015	281	0.1	-0.1	4.7861
13048015	282	0.1	-0.1	0.162209
13048015	283	0.1	-0.1	0.383469
13048015	284	0.1	-0.1	1.8769
13048015	285	0.1	-0.1	4.5287
13048015	286	0.1	-0.1	4.38661
13048015	287	0.1	-0.1	-0.498969
13048015	288	0.1	-0.1	-2.40455
13048015	289	0.1	-0.1	-1.7469
13048015	290	0.1	-0.1	2.70707
13048015	291	0.1	-0.1	4.41884
13048015	292	0.1	-0.1	-0.55916
13048015	293	0.1	-0.1	-4.02707
13048015	294	0.1	-0.1	-4.69119
13048015	295	0.1	-0.1	-0.87908
13048015	296	0.1	-0.1	-5.54631
13048015	297	0.1	-0.1	3.32538
13048015	298	0.1	-0.1	1.21656
13048015	299	0.1	-0.1	4.37929
13048015	300	0.1	-0.1	2.79102
13048015	301	0.1	-0.1	-3.68086
13048015	302	0.1	-0.1	3.54897
13048015	303	0.1	-0.1	4.12417
13048015	304	0.1	-0.1	-2.68926
13048015	305	0.1	-0.1	1.45662
13048015	306	0.1	-0.1	2.27515
13048015	307	0.1	-0.1	0.0251838
13048015	308	0.1	-0.1	3.84033
13048015	309	0.1	-0.1	4.78211
13048015	310	0.1	-0.1	-3.99426
13048015	311	0.1	-0.1	-0.43841
13048015	312	0.1	-0.1	5.57296
13048015	313	0.1	-0.1	-5.31842
13048015	314	0.1	-0.1	3.27301
13048015	315	0.1	-0.1	5.16729
13048015	316	0.1	-0.1	-4.73926
13048015	317	0.1	-0.1	4.05949
13048015	318	0.1	-0.1	2.97385
13048015	319	0.1	-0.1	0.377464
13048015	320	0.1	-0.1	2.3584
13048015	321	0.1	-0.1	0.967632
13048015	322	0.1	-0.1	-1.10761
13048015	323	0.1	-0.1	3.73234
13048015	324	0.1	-0.1	-3.27422
13048015	325	0.1	-0.1	-3.81317
13048015	326	0.1	-0.1	-2.71073
13048015	327	0.1	-0.1	3.08093
13048015	328	0.1	-0.1	4.40876
13048015	329	0.1	-0.1	-3.83137
13048015	330	0.1	-0.1	-5.48244
13048015	331	0.1	-0.1	-4.80424
13048015	332	0.1	-0.1	2.76399
13048015	333	0.1	-0.1	-4.71736
13048015	334	0.1	-0.1	2.21778
13048015	335	0.1	-0.1	-0.273962
13048015	336	0.1	-0.1	-2.14831
13048015	337	0.1	-0.1	4.03375
13048015	338	0.1	-0.1	-2.44991
13048015	339	0.1	-0.1	-1.78181
13048015	340	0.1	-0.1	1.30925
13048015	341	0.1	-0.1	-0.625181
13048015	342	0.1	-0.1	-3.13471
13048015	343	0.1	-0.1	-5.72807
13048015	344	0.1	-0.1	-3.08255
13048015	345	0.1	-0.1	-5.8994
13048015	346	0.1	-0.1	4.81216
13048015	347	0.1	-0.1	3.40366
13048015	348	0.1	-0.1	1.17757
13048015	349	0.1	-0.1	-1.51523
13048015	350	0.1	-0.1	3.39878
13048015	351	0.1	-0.1	1.47277
13048015	352	0.1	-0.1	-2.01272
13048015	353	0.1	-0.1	4.59365
13048015	354	0.1	-0.1	-5.75201
13048015	355	0.1	-0.1	2.54461
13048015	356	0.1	-0.1	3.3268
13048015	357	0.1	-0.1	-2.13079
13048015	358	0.1	-0.1	-4.24427
13048015	359	0.1	-0.1	-2.56704
13048015	360	0.1	-0.1	0.953676
13048015	361	0.1	-0.1	-2.17212
13048015	362	0.1	-0.1	-0.901844
13048015	363	0.1	-0.1	5.08203
13048015	364	0.1	-0.1	-1.44
13048015	365	0.1	-0.1	-1.89923
13048015	366	0.1	-0.1	4.99567
13048015	367	0.1	-0.1	4.89293
13048015	368	0.1	-0.1	-4.04382
13048015	369	0.1	-0.1	0.170951
13048015	370	0.1	-0.1	-1.74854
13048015	371	0.1	-0.1	1.47732
13048015	372	0.1	-0.1	-1.37467
13048015	373	0.1	-0.1	4.96102
13048015	374	0.1	-0.1	0.373715
13048015	375	0.1	-0.1	5.67135
13048015	376	0.1	-0.1	4.4416
13048015	377	0.1	-0.1	-3.25729
13048015	378	0.1	-0.1	-0.307169
13048015	379	0.1	-0.1	3.41899
13048015	380	0.1	-0.1	0.789451
13048015	381	0.1	-0.1	-5.65337
13048015	382	0.1	-0.1	-3.60312
13048015	383	0.1	-0.1	0.0719182
13048015	384	0.1	-0.1	5.56693
13048015	385	0.1	-0.1	3.51025
13048015	386	0.1	-0.1	-3.51132
13048015	387	0.1	-0.1	1.81143
13048015	388	0.1	-0.1	2.86906
13048015	389	0.1	-0.1	-0.253488
13048015	390	0.1	-0.1	-4.65204
13048015	391	0.1	-0.1	-3.70555
13048015	392	0.1	-0.1	-1.72698
13048015	393	0.1	-0.1	1.29066
13048015	394	0.1	-0.1	0.399581
13048015	395	0.1	-0.1	0.371263
13048015	396	0.1	-0.1	1.16855
13048015	397	0.1	-0.1	2.82643
13048015	398	0.1	-0.1	0.139959
13048015	399	0.1	-0.1	5.02786
13048015	400	0.1	-0.1	1.00617
13048015	401	0.1	-0.1	0.388938
13048015	402	0.1	-0.1	4.92308
13048015	403	0.1	-0.1	4.77515
13048015	404	0.1	-0.1	5.0749
13048015	405	0.1	-0.1	-3.57745
13048015	406	0.1	-0.1	1.57007
13048015	407	0.1	-0.1	-1.90463
13048015	408	0.1	-0.1	-5.41769
13048015	409	0.1	-0.1	-0.463283
13048015	410	0.1	-0.1	1.64991
13048015	411	0.1	-0.1	-0.285208
13048015	412	0.1	-0.1	-3.64576
13048015	413	0.1	-0.1	2.47276
13048015	414	0.1	-0.1	0.712358
13048015	415	0.1	-0.1	-0.291727
13048015	416	0.1	-0.1	-2.74976
13048015	417	0.1	-0.1	-0.193799
13048015	418	0.1	-0.1	3.60266
13048015	419	0.1	-0.1	-0.407203
13048015	420	0.1	-0.1	-3.30126
13048015	421	0.1	-0.1	0.0662505
13048015	422	0.1	-0.1	-4.40004
13048015	423	0.1	-0.1	0.109736
13048015	424	0.1	-0.1	-5.1899
13048015	425	0.1	-0.1	-4.96538
13048015	426	0.1	-0.1	-5.36408
13048015	427	0.1	-0.1	-0.760936
13048015	428	0.1	-0.1	5.62304
13048015	429	0.1	-0.1	-1.65214
13048015	430	0.1	-0.1	3.46814
13048015	431	0.1	-0.1	-1.94245
13048015	432	0.1	-0.1	5.72294
13048015	433	0.1	-0.1	3.93584
13048015	434	0.1	-0.1	0.293069
13048015	435	0.1	-0.1	-1.1888
13048015	436	0.1	-0.1	-2.36282
13048015	437	0.1	-0.1	0.170434
13048015	438	0.1	-0.1	-2.01706
13048015	439	0.1	-0.1	5.90583
13048015	440	0.1	-0.1	3.39838
13048015	441	0.1	-0.1	1.04761
13048015	442	0.1	-0.1	5.40431
13048015	443	0.1	-0.1	5.23169
13048015	444	0.1	-0.1	2.47959
13048015	445	0.1	-0.1	-4.46656
13048015	446	0.1	-0.1	-0.796783
13048015	447	0.1	-0.1	-2.32646
13048015	448	0.1	-0.1	0.230062
13048015	449	0.1	-0.1	-0.835877
13048015	450	0.1	-0.1	-3.37411
13048015	451	0.1	-0.1	-1.25156
13048015	452	0.1	-0.1	5.95623
13048015	453	0.1	-0.1	-1.41808
13048015	454	0.1	-0.1	0.681862
13048015	455	0.1	-0.1	5.60913
13048015	456	0.1	-0.1	-5.04911
13048015	457	0.1	-0.1	5.76694
13048015	458	0.1	-0.1	-1.11239
13048015	459	0.1	-0.1	3.17779
13048015	460	0.1	-0.1	-0.259061
13048015	461	0.1	-0.1	3.1574
13048015	462	0.1	-0.1	-0.143703
13048015	463	0.1	-0.1	-0.0286974
13048015	464	0.1	-0.1	-2.22045
13048015	465	0.1	-0.1	-2.27637
13048015	466	0.1	-0.1	0.0619988
13048015	467	0.1	-0.1	-4.95878
13048015	468	0.1	-0.1	-5.77758
13048015	469	0.1	-0.1	-4.9832
13048015	470	0.1	-0.1	-2.27414
13048015	471	0.1	-0.1	4.61095
13048015	472	0.1	-0.1	5.88219
13048015	473	0.1	-0.1	-3.94354
13048015	474	0.1	-0.1	3.99954
13048015	475	0.1	-0.1	2.21757
13048015	476	0.1	-0.1	1.04996
13048015	477	0.1	-0.1	4.87748
13048015	478	0.1	-0.1	-0.607181
13048015	479	0.1	-0.1	0.473168
13048015	480	0.1	-0.1	-2.36219
13048015	481	0.1	-0.1	-3.38123
13048015	482	0.1	-0.1	-3.14491
13048015	483	0.1	-0.1	1.30103
13048015	484	0.1	-0.1	0.832438
13048015	485	0.1	-0.1	1.54381
13048015	486	0.1	-0.1	5.15615
13048015	487	0.1	-0.1	0.181198
13048015	488	0.1	-0.1	3.79396
13048015	489	0.1	-0.1	-0.138797
13048015	490	0.1	-0.1	-0.630104
13048015	491	0.1	-0.1	-2.58202
13048015	492	0.1	-0.1	-5.11436
13048015	493	0.1	-0.1	-2.01811
13048015	494	0.1	-0.1	-4.69053
13048015	495	0.1	-0.1	1.58337
13048015	496	0.1	-0.1	-2.44716
13048015	497	0.1	-0.1	5.51989
13048015	498	0.1	-0.1	-2.16117
13048015	499	0.1	-0.1	1.59147
13048015	500	0.1	-0.1	4.30783
13048015	501	0.1	-0.1	5.30911
13048015	502	0.1	-0.1	1.16061
13048015	503	0.1	-0.1	-5.05235
13048015	504	0.1	-0.1	4.03072
13048015	505	0.1	-0.1	-1.35063
13048015	506	0.1	-0.1	5.51306
13048015	507	0.1	-0.1	2.31411
13048015	508	0.1	-0.1	-4.28678
13048015	509	0.1	-0.1	-1.46608
13048015	510	0.1	-0.1	-3.30894
13048015	511	0.1	-0.1	0.13294
13048015	512	0.1	-0.1	1.24754
13048015	513	0.1	-0.1	1.16923
13048015	514	0.1	-0.1	4.80914
13048015	515	0.1	-0.1	2.53848
13048015	516	0.1	-0.1	-0.30601
13048015	517	0.1	-0.1	3.57753
13048015	518	0.1	-0.1	3.32565
13048015	519	0.1	-0.1	-1.41125
13048015	520	0.1	-0.1	1.08815
13048015	521	0.1	-0.1	-4.59464
13048015	522	0.1	-0.1	1.15278
13048015	523	0.1	-0.1	3.43152
13048015	524	0.1	-0.1	4.4692
13048015	525	0.1	-0.1	-1.93646
13048015	526	0.1	-0.1	4.787
13048015	527	0.1	-0.1	-3.26116
13048015	528	0.1	-0.1	-1.91426
13048015	529	0.1	-0.1	-4.92941
13048015	530	0.1	-0.1	2.16561
13048015	531	0.1	-0.1	5.75941
13048015	532	0.1	-0.1	0.00442965
13048015	533	0.1	-0.1	4.40212
13048015	534	0.1	-0.1	4.61557
13048015	535	0.1	-0.1	3.85543
13048015	536	0.1	-0.1	-3.97302
13048015	537	0.1	-0.1	0.833233
13048015	538	0.1	-0.1	4.55745
13048015	539	0.1	-0.1	0.112693
13048015	540	0.1	-0.1	-0.344853
13048015	541	0.1	-0.1	0.972944
13048015	542	0.1	-0.1	4.31055
13048015	543	0.1	-0.1	1.29084
13048015	544	0.1	-0.1	-3.94788
13048015	545	0.1	-0.1	5.27724
13048015	546	0.1	-0.1	3.88129
13048015	547	0.1	-0.1	0.577102
13048015	548	0.1	-0.1	0.695067
13048015	549	0.1	-0.1	-5.551
13048015	550	0.1	-0.1	4.31853
13048015	551	0.1	-0.1	2.66132
13048015	552	0.1	-0.1	-4.58249
13048015	553	0.1	-0.1	1.47998
13048015	554	0.1	-0.1	-3.10816
13048015	555	0.1	-0.1	3.99855
13048015	556	0.1	-0.1	-3.82719
13048015	557	0.1	-0.1	-1.15903
13048015	558	0.1	-0.1	-4.34378
13048015	559	0.1	-0.1	-0.718655
13048015	560	0.1	-0.1	-4.98747
13048015	561	0.1	-0.1	-2.62733
13048015	562	0.1	-0.1	1.45824
13048015	563	0.1	-0.1	-3.60288
13048015	564	0.1	-0.1	-2.04643
13048015	565	0.1	-0.1	-5.16253
13048015	566	0.1	-0.1	-5.19469
13048015	567	0.1	-0.1	-1.18337
13048015	568	0.1	-0.1	-1.02864
13048015	569	0.1	-0.1	-3.41718
13048015	570	0.1	-0.1	-3.01569
13048015	571	0.1	-0.1	-0.300126
13048015	572	0.1	-0.1	1.30574
13048015	573	0.1	-0.1	-1.09393
13048015	574	0.1	-0.1	-2.50875
13048015	575	0.1	-0.1	0.663998
13048015	576	0.1	-0.1	-1.88143
13048015	577	0.1	-0.1	2.95146
13048015	578	0.1	-0.1	4.58546
13048015	579	0.1	-0.1	5.36104
13048015	580	0.1	-0.1	2.8854
13048015	581	0.1	-0.1	3.45543
13048015	582	0.1	-0.1	2.00792
13048015	583	0.1	-0.1	4.02272
13048015	584	0.1	-0.1	3.71683
13048015	585	0.1	-0.1	-0.787042
13048015	586	0.1	-0.1	5.5448
13048015	587	0.1	-0.1	-5.40762
13048015	588	0.1	-0.1	-5.54794
13048015	589	0.1	-0.1	5.67528
13048015	590	0.1	-0.1	3.78978
13048015	591	0.1	-0.1	3.40703
13048015	592	0.1	-0.1	3.79697
13048015	593	0.1	-0.1	2.29974
13048015	594	0.1	-0.1	-1.37522
13048015	595	0.1	-0.1	-1.9498
13048015	596	0.1	-0.1	-2.27905
13048015	597	0.1	-0.1	4.96354
13048015	598	0.1	-0.1	3.38
13048015	599	0.1	-0.1	3.10026
13048015	600	0.1	-0.1	-0.0697203
13048015	601	0.1	-0.1	1.31189
13048015	602	0.1	-0.1	-3.60282
13048015	603	0.1	-0.1	2.9348
13048015	604	0.1	-0.1	-4.85344
13048015	605	0.1	-0.1	-3.12036
13048015	606	0.1	-0.1	5.1159
13048015	607	0.1	-0.1	-4.13954
13048015	608	0.1	-0.1	-3.36439
13048015	609	0.1	-0.1	-2.80238
13048015	610	0.1	-0.1	-3.59033
13048015	611	0.1	-0.1	-1.39788
13048015	612	0.1	-0.1	-1.86655
13048015	613	0.1	-0.1	4.78228
13048015	614	0.1	-0.1	-5.59201
13048015	615	0.1	-0.1	-4.57932
13048015	616	0.1	-0.1	5.74841
13048015	617	0.1	-0.1	3.25641
13048015	618	0.1	-0.1	-0.876763
13048015	619	0.1	-0.1	3.09525
13048015	620	0.1	-0.1	2.1574
13048015	621	0.1	-0.1	-0.926917
13048015	622	0.1	-0.1	0.685713
13048015	623	0.1	-0.1	-2.95817
13048015	624	0.1	-0.1	-5.33237
13048015	625	0.1	-0.1	3.25543
13048015	626	0.1	-0.1	-3.45739
13048015	627	0.1	-0.1	-4.85303
13048015	628	0.1	-0.1	3.143
13048015	629	0.1	-0.1	4.99058
13048015	630	0.1	-0.1	0.48718
13048015	631	0.1	-0.1	-1.73926
13048015	632	0.1	-0.1	-5.89908
13048015	633	0.1	-0.1	-3.74589
13048015	634	0.1	-0.1	-0.837015
13048015	635	0.1	-0.1	2.09265
13048015	636	0.1	-0.1	3.54788
13048015	637	0.1	-0.1	-2.76284
13048015	638	0.1	-0.1	0.0408669
13048015	639	0.1	-0.1	2.00564
13048015	640	0.1	-0.1	-2.96627
13048015	641	0.1	-0.1	-2.37795
13048015	642	0.1	-0.1	-3.60653
13048015	643	0.1	-0.1	-5.80685
13048015	644	0.1	-0.1	4.51772
13048015	645	0.1	-0.1	-1.45869
13048015	646	0.1	-0.1	-0.165503
13048015	647	0.1	-0.1	1.34887
13048015	648	0.1	-0.1	-1.7964
13048015	649	0.1	-0.1	4.4008
13048015	650	0.1	-0.1	-5.16853
13048015	651	0.1	-0.1	-2.72682
13048015	652	0.1	-0.1	4.82458
13048015	653	0.1	-0.1	-2.15102
13048015	654	0.1	-0.1	2.10258
13048015	655	0.1	-0.1	5.0429
13048015	656	0.1	-0.1	-4.98939
13048015	657	0.1	-0.1	-0.818459
13048015	658	0.1	-0.1	3.40689
13048015	659	0.1	-0.1	-4.8863
13048015	660	0.1	-0.1	1.25505
13048015	661	0.1	-0.1	3.57507
13048015	662	0.1	-0.1	-0.957376
13048015	663	0.1	-0.1	2.56805
13048015	664	0.1	-0.1	0.801313
13048015	665	0.1	-0.1	2.66462
13048015	666	0.1	-0.1	4.4426
13048015	667	0.1	-0.1	-2.83541
13048015	668	0.1	-0.1	4.51308
13048015	669	0.1	-0.1	5.00006
13048015	670	0.1	-0.1	3.13236
13048015	671	0.1	-0.1	0.451404
13048015	672	0.1	-0.1	-2.54012
13048015	673	0.1	-0.1	-0.778537
13048015	674	0.1	-0.1	-3.38057
13048015	675	0.1	-0.1	-1.49758
13048015	676	0.1	-0.1	5.19378
13048015	677	0.1	-0.1	2.27842
13048015	678	0.1	-0.1	0.514776
13048015	679	0.1	-0.1	3.167
13048015	680	0.1	-0.1	5.53384
13048015	681	0.1	-0.1	1.12802
13048015	682	0.1	-0.1	3.58152
13048015	683	0.1	-0.1	-4.35086
13048015	684	0.1	-0.1	1.72303
13048015	685	0.1	-0.1	-1.96382
13048015	686	0.1	-0.1	1.4815
13048015	687	0.1	-0.1	-3.01248
13048015	688	0.1	-0.1	4.44583
13048015	689	0.1	-0.1	4.44958
13048015	690	0.1	-0.1	-4.15297
13048015	691	0.1	-0.1	4.14324
13048015	692	0.1	-0.1	-1.02549
13048015	693	0.1	-0.1	-4.4478
13048015	694	0.1	-0.1	2.92383
13048015	695	0.1	-0.1	-3.66155
13048015	696	0.1	-0.1	3.8281
13048015	697	0.1	-0.1	-3.28035
13048015	698	0.1	-0.1	5.47997
13048015	699	0.1	-0.1	4.11719
13048015	700	0.1	-0.1	2.7947
13048015	701	0.1	-0.1	-5.41146
13048015	702	0.1	-0.1	-4.00603
13048015	703	0.1	-0.1	-1.00112
13048015	704	0.1	-0.1	-1.82274
13048015	705	0.1	-0.1	4.00508
13048015	706	0.1	-0.1	1.74465
13048015	707	0.1	-0.1	-4.23805
13048015	708	0.1	-0.1	5.19814
13048015	709	0.1	-0.1	-5.49004
13048015	710	0.1	-0.1	-4.24736
13048015	711	0.1	-0.1	4.63684
13048015	712	0.1	-0.1	-2.43792
13048015	713	0.1	-0.1	4.26152
13048015	714	0.1	-0.1	-0.134591
13048015	715	0.1	-0.1	-5.37541
13048015	716	0.1	-0.1	4.13121
13048015	717	0.1	-0.1	3.39973
13048015	718	0.1	-0.1	4.95736
13048015	719	0.1	-0.1	-3.90405
13048015	720	0.1	-0.1	3.05134
13048015	721	0.1	-0.1	5.3303
13048015	722	0.1	-0.1	-0.905372
13048015	723	0.1	-0.1	1.74634
13048015	724	0.1	-0.1	-2.78747
13048015	725	0.1	-0.1	1.98961
13048015	726	0.1	-0.1	-5.71128
13048015	727	0.1	-0.1	2.11965
13048015	728	0.1	-0.1	-2.93196
13048015	729	0.1	-0.1	-1.14178
13048015	730	0.1	-0.1	-3.80967
13048015	731	0.1	-0.1	1.00581
13048015	732	0.1	-0.1	-0.625881
13048015	733	0.1	-0.1	-3.61887
13048015	734	0.1	-0.1	-1.85991
13048015	735	0.1	-0.1	-1.11284
13048015	736	0.1	-0.1	3.64347
13048015	737	0.1	-0.1	2.07103
13048015	738	0.1	-0.1	-4.71095
13048015	739	0.1	-0.1	-5.11141
13048015	740	0.1	-0.1	-5.04666
13048015	741	0.1	-0.1	-2.01289
13048015	742	0.1	-0.1	-1.13588
13048015	743	0.1	-0.1	3.7084
13048015	744	0.1	-0.1	3.6684
13048015	745	0.1	-0.1	-5.20758
13048015	746	0.1	-0.1	-4.69818
13048015	747	0.1	-0.1	5.92565
13048015	748	0.1	-0.1	0.608889
13048015	749	0.1	-0.1	-3.33066
13048015	750	0.1	-0.1	0.307579
13048015	751	0.1	-0.1	2.08556
13048015	752	0.1	-0.1	-1.23231
13048015	753	0.1	-0.1	-5.8218
13048015	754	0.1	-0.1	4.13179
13048015	755	0.1	-0.1	2.12467
13048015	756	0.1	-0.1	1.50022
13048015	757	0.1	-0.1	0.169363
13048015	758	0.1	-0.1	0.601168
13048015	759	0.1	-0.1	1.96957
13048015	760	0.1	-0.1	4.34443
13048015	761	0.1	-0.1	0.146625
13048015	762	0.1	-0.1	0.387776
13048015	763	0.1	-0.1	-1.93632
13048015	764	0.1	-0.1	-2.01011
13048015	765	0.1	-0.1	4.95835
13048015	766	0.1	-0.1	1.46004
13048015	767	0.1	-0.1	0.711027
13048015	768	0.1	-0.1	5.84912
13048015	769	0.1	-0.1	5.38389
13048015	770	0.1	-0.1	-0.521663
13048015	771	0.1	-0.1	4.14042
13048015	772	0.1	-0.1	-3.19954
13048015	773	0.1	-0.1	2.86326
13048015	774	0.1	-0.1	0.460766
13048015	775	0.1	-0.1	-1.88828
13048015	776	0.1	-0.1	4.15029
13048015	777	0.1	-0.1	3.82319
13048015	778	0.1	-0.1	-3.104
13048015	779	0.1	-0.1	4.33987
13048015	780	0.1	-0.1	3.4559
13048015	781	0.1	-0.1	-0.545771
13048015	782	0.1	-0.1	5.21143
13048015	783	0.1	-0.1	-3.60216
13048015	784	0.1	-0.1	0.567135
13048015	785	0.1	-0.1	1.75291
13048015	786	0.1	-0.1	-0.818655
13048015	787	0.1	-0.1	-0.667566
13048015	788	0.1	-0.1	5.44232
13048015	789	0.1	-0.1	3.60917
13048015	790	0.1	-0.1	1.63138
13048015	791	0.1	-0.1	-4.10599
13048015	792	0.1	-0.1	4.10472
13048015	793	0.1	-0.1	1.02299
13048015	794	0.1	-0.1	-2.52294
13048015	795	0.1	-0.1	-3.48029
13048015	796	0.1	-0.1	-2.70146
13048015	797	0.1	-0.1	2.74697
13048015	798	0.1	-0.1	5.95531
13048015	799	0.1	-0.1	-4.38229
13048015	800	0.1	-0.1	-5.49443
13048015	801	0.1	-0.1	-1.39033
13048015	802	0.1	-0.1	3.057
13048015	803	0.1	-0.1	-0.0579519
13048015	804	0.1	-0.1	-3.27069
13048015	805	0.1	-0.1	4.7162
13048015	806	0.1	-0.1	-1.45862
13048015	807	0.1	-0.1	-3.13401
13048015	808	0.1	-0.1	4.36979
13048015	809	0.1	-0.1	2.32185
13048015	810	0.1	-0.1	-4.51662
13048015	811	0.1	-0.1	-1.00742
13048015	812	0.1	-0.1	-5.84929
13048015	813	0.1	-0.1	-5.69973
13048015	814	0.1	-0.1	5.46293
13048015	815	0.1	-0.1	-0.161702
13048015	816	0.1	-0.1	-0.294966
13048015	817	0.1	-0.1	4.70304
13048015	818	0.1	-0.1	-0.772096
13048015	819	0.1	-0.1	2.64628
13048015	820	0.1	-0.1	3.87254
13048015	821	0.1	-0.1	5.41838
13048015	822	0.1	-0.1	5.64834
13048015	823	0.1	-0.1	-4.05166
13048015	824	0.1	-0.1	-0.721893
13048015	825	0.1	-0.1	1.08079
13048015	826	0.1	-0.1	5.3986
13048015	827	0.1	-0.1	3.02181
13048015	828	0.1	-0.1	-3.6765
13048015	829	0.1	-0.1	-5.16221
13048015	830	0.1	-0.1	-4.10661
13048015	831	0.1	-0.1	1.64996
13048015	832	0.1	-0.1	-3.57782
13048015	833	0.1	-0.1	1.01062
13048015	834	0.1	-0.1	5.13026
13048015	835	0.1	-0.1	0.411955
13048015	836	0.1	-0.1	-3.21959
13048015	837	0.1	-0.1	4.20653
13048015	838	0.1	-0.1	-1.70178
13048015	839	0.1	-0.1	-1.41043
13048015	840	0.1	-0.1	-5.34954
13048015	841	0.1	-0.1	3.84774
13048015	842	0.1	-0.1	-3.74931
13048015	843	0.1	-0.1	-4.53247
13048015	844	0.1	-0.1	-0.782741
13048015	845	0.1	-0.1	-3.00057
13048015	846	0.1	-0.1	-1.11975
13048015	847	0.1	-0.1	-1.41514
13048015	848	0.1	-0.1	-2.55914
13048015	849	0.1	-0.1	1.98847
13048015	850	0.1	-0.1	0.658776
13048015	851	0.1	-0.1	-3.23495
13048015	852	0.1	-0.1	3.99871
13048015	853	0.1	-0.1	-4.95992
13048015	854	0.1	-0.1	2.80395
13048015	855	0.1	-0.1	3.08347
13048015	856	0.1	-0.1	5.74034
13048015	857	0.1	-0.1	-0.00351177
13048015	858	0.1	-0.1	2.60484
13048015	859	0.1	-0.1	2.7122
13048015	860	0.1	-0.1	2.41414
13048015	861	0.1	-0.1	-5.30931
13048015	862	0.1	-0.1	-4.41273
13048015	863	0.1	-0.1	5.19515
13048015	864	0.1	-0.1	-2.00073
13048015	865	0.1	-0.1	3.61031
13048015	866	0.1	-0.1	-3.83982
13048015	867	0.1	-0.1	0.21113
13048015	868	0.1	-0.1	-2.45353
13048015	869	0.1	-0.1	0.0580569
13048015	870	0.1	-0.1	5.70822
13048015	871	0.1	-0.1	2.00692
13048015	872	0.1	-0.1	-5.03521
13048015	873	0.1	-0.1	0.0994165
13048015	874	0.1	-0.1	-2.55488
13048015	875	0.1	-0.1	2.85609
13048015	876	0.1	-0.1	5.27897
13048015	877	0.1	-0.1	0.909409
13048015	878	0.1	-0.1	5.27655
13048015	879	0.1	-0.1	-4.39612
13048015	880	0.1	-0.1	-4.0405
13048015	881	0.1	-0.1	-3.77356
13048015	882	0.1	-0.1	5.59902
13048015	883	0.1	-0.1	-1.69506
13048015	884	0.1	-0.1	4.56379
13048015	885	0.1	-0.1	-3.77573
13048015	886	0.1	-0.1	-2.80792
13048015	887	0.1	-0.1	3.83232
13048015	888	0.1	-0.1	0.237329
13048015	889	0.1	-0.1	-2.70613
13048015	890	0.1	-0.1	0.411459
13048015	891	0.1	-0.1	-5.0004
13048015	892	0.1	-0.1	5.40078
13048015	893	0.1	-0.1	-1.61028
13048015	894	0.1	-0.1	3.90148
13048015	895	0.1	-0.1	2.91075
13048015	896	0.1	-0.1	-4.84698
13048015	897	0.1	-0.1	2.50796
13048015	898	0.1	-0.1	2.48664
13048015	899	0.1	-0.1	2.05384
13048015	900	0.1	-0.1	0.774788
13048015	901	0.1	-0.1	2.85338
13048015	902	0.1	-0.1	2.73427
13048015	903	0.1	-0.1	1.01957
13048015	904	0.1	-0.1	5.17572
13048015	905	0.1	-0.1	-4.78194
13048015	906	0.1	-0.1	3.48015
13048015	907	0.1	-0.1	-1.75223
13048015	908	0.1	-0.1	-4.73565
13048015	909	0.1	-0.1	-4.55459
13048015	910	0.1	-0.1	5.06719
13048015	911	0.1	-0.1	1.08544
13048015	912	0.1	-0.1	0.287456
13048015	913	0.1	-0.1	-0.353648
13048015	914	0.1	-0.1	-0.927342
13048015	915	0.1	-0.1	5.97587
13048015	916	0.1	-0.1	1.8091
13048015	917	0.1	-0.1	-2.44528
13048015	918	0.1	-0.1	4.97829
13048015	919	0.1	-0.1	-4.17416
13048015	920	0.1	-0.1	-5.43322
13048015	921	0.1	-0.1	-4.47268
13048015	922	0.1	-0.1	4.11745
13048015	923	0.1	-0.1	0.450064
13048015	924	0.1	-0.1	-4.97618
13048015	925	0.1	-0.1	-4.68266
13048015	926	0.1	-0.1	-0.715804
13048015	927	0.1	-0.1	-5.81644
13048015	928	0.1	-0.1	-3.01705
13048015	929	0.1	-0.1	2.11863
13048015	930	0.1	-0.1	0.888256
13048015	931	0.1	-0.1	-1.748
13048015	932	0.1	-0.1	0.0470954
13048015	933	0.1	-0.1	-3.46826
13048015	934	0.1	-0.1	-4.16152
13048015	935	0.1	-0.1	-5.7156
13048015	936	0.1	-0.1	-5.02502
13048015	937	0.1	-0.1	-4.33118
13048015	938	0.1	-0.1	-0.542782
13048015	939	0.1	-0.1	2.44167
13048015	940	0.1	-0.1	4.17515
13048015	941	0.1	-0.1	-0.90724
13048015	942	0.1	-0.1	3.0545
13048015	943	0.1	-0.1	-1.08888
13048015	944	0.1	-0.1	-1.17175
13048015	945	0.1	-0.1	-4.70359
13048015	946	0.1	-0.1	-2.99396
13048015	947	0.1	-0.1	-2.38001
13048015	948	0.1	-0.1	-2.64961
13048015	949	0.1	-0.1	2.16591
13048015	950	0.1	-0.1	0.232169
13048015	951	0.1	-0.1	-3.45795
13048015	952	0.1	-0.1	-4.0488
13048015	953	0.1	-0.1	3.57434
13048015	954	0.1	-0.1	-0.301997
13048015	955	0.1	-0.1	-3.40671
13048015	956	0.1	-0.1	1.23437
13048015	957	0.1	-0.1	2.66246
13048015	958	0.1	-0.1	0.871341
13048015	959	0.1	-0.1	3.85717
13048015	960	0.1	-0.1	-1.82944
13048015	961	0.1	-0.1	0.706344
13048015	962	0.1	-0.1	1.31683
13048015	963	0.1	-0.1	-4.35078
13048015	964	0.1	-0.1	3.41345
13048015	965	0.1	-0.1	3.41453
13048015	966	0.1	-0.1	1.25738
13048015	967	0.1	-0.1	4.42635
13048015	968	0.1	-0.1	-5.4401
13048015	969	0.1	-0.1	-5.92128
13048015	970	0.1	-0.1	-1.60615
13048015	971	0.1	-0.1	1.96421
13048015	972	0.1	-0.1	-2.62646
13048015	973	0.1	-0.1	3.57453
13048015	974	0.1	-0.1	-5.74292
13048015	975	0.1	-0.1	0.927972
13048015	976	0.1	-0.1	-3.27937
13048015	977	0.1	-0.1	-5.02263
13048015	978	0.1	-0.1	4.90434
13048015	979	0.1	-0.1	4.33066
13048015	980	0.1	-0.1	-0.05472
13048015	981	0.1	-0.1	-2.20359
13048015	982	0.1	-0.1	0.437309
13048015	983	0.1	-0.1	-1.55146
13048015	984	0.1	-0.1	3.10256
13048015	985	0.1	-0.1	-3.95494
13048015	986	0.1	-0.1	4.08351
13048015	987	0.1	-0.1	0.573394
13048015	988	0.1	-0.1	5.49573
13048015	989	0.1	-0.1	3.47252
13048015	990	0.1	-0.1	-3.02392
13048015	991	0.1	-0.1	1.03688
13048015	992	0.1	-0.1	1.63064
13048015	993	0.1	-0.1	-0.846949
13048015	994	0.1	-0.1	-1.4524
13048015	995	0.1	-0.1	3.85396
13048015	996	0.1	-0.1	0.509855
13048015	997	0.1	-0.1	-2.50979
13048015	998	0.1	-0.1	-5.32967
13048015	999	0.1	-0.1	3.6959
13048015	1000	0.1	-0.1	-2.20878
