13041008	1	0.1	-0.1	1.06939
13041008	2	0.1	-0.1	4.56015
13041008	3	0.1	-0.1	2.32493
13041008	4	0.1	-0.1	-5.20145
13041008	5	0.1	-0.1	-3.89342
13041008	6	0.1	-0.1	5.78025
13041008	7	0.1	-0.1	-0.302072
13041008	8	0.1	-0.1	-2.71612
13041008	9	0.1	-0.1	-4.30137
13041008	10	0.1	-0.1	-2.64754
13041008	11	0.1	-0.1	1.95039
13041008	12	0.1	-0.1	-4.92363
13041008	13	0.1	-0.1	0.583428
13041008	14	0.1	-0.1	-4.72304
13041008	15	0.1	-0.1	-1.29075
13041008	16	0.1	-0.1	-3.5093
13041008	17	0.1	-0.1	2.39768
13041008	18	0.1	-0.1	4.91877
13041008	19	0.1	-0.1	-4.57718
13041008	20	0.1	-0.1	-3.79986
13041008	21	0.1	-0.1	-1.30537
13041008	22	0.1	-0.1	1.71604
13041008	23	0.1	-0.1	-0.621997
13041008	24	0.1	-0.1	-0.450937
13041008	25	0.1	-0.1	-0.289503
13041008	26	0.1	-0.1	-0.523956
13041008	27	0.1	-0.1	0.154722
13041008	28	0.1	-0.1	1.42353
13041008	29	0.1	-0.1	-5.08856
13041008	30	0.1	-0.1	4.88571
13041008	31	0.1	-0.1	0.521059
13041008	32	0.1	-0.1	-3.24224
13041008	33	0.1	-0.1	-3.98929
13041008	34	0.1	-0.1	-2.5541
13041008	35	0.1	-0.1	2.09886
13041008	36	0.1	-0.1	-4.74469
13041008	37	0.1	-0.1	-3.94167
13041008	38	0.1	-0.1	-0.135548
13041008	39	0.1	-0.1	-2.25195
13041008	40	0.1	-0.1	4.44581
13041008	41	0.1	-0.1	-4.69518
13041008	42	0.1	-0.1	2.86089
13041008	43	0.1	-0.1	-3.9324
13041008	44	0.1	-0.1	1.69461
13041008	45	0.1	-0.1	3.98809
13041008	46	0.1	-0.1	-0.572807
13041008	47	0.1	-0.1	4.24258
13041008	48	0.1	-0.1	-0.799703
13041008	49	0.1	-0.1	-1.36665
13041008	50	0.1	-0.1	2.78318
13041008	51	0.1	-0.1	-5.77549
13041008	52	0.1	-0.1	-0.456716
13041008	53	0.1	-0.1	1.1676
13041008	54	0.1	-0.1	0.591907
13041008	55	0.1	-0.1	0.877714
13041008	56	0.1	-0.1	0.302491
13041008	57	0.1	-0.1	4.19144
13041008	58	0.1	-0.1	-3.77552
13041008	59	0.1	-0.1	4.22632
13041008	60	0.1	-0.1	-2.16973
13041008	61	0.1	-0.1	2.68453
13041008	62	0.1	-0.1	-5.11844
13041008	63	0.1	-0.1	5.08974
13041008	64	0.1	-0.1	2.24648
13041008	65	0.1	-0.1	-5.21723
13041008	66	0.1	-0.1	5.38136
13041008	67	0.1	-0.1	4.39244
13041008	68	0.1	-0.1	3.60116
13041008	69	0.1	-0.1	4.50693
13041008	70	0.1	-0.1	-1.61148
13041008	71	0.1	-0.1	-5.50906
13041008	72	0.1	-0.1	1.31841
13041008	73	0.1	-0.1	5.05889
13041008	74	0.1	-0.1	-4.11618
13041008	75	0.1	-0.1	-1.84092
13041008	76	0.1	-0.1	-3.47823
13041008	77	0.1	-0.1	-1.14171
13041008	78	0.1	-0.1	2.41787
13041008	79	0.1	-0.1	-4.37985
13041008	80	0.1	-0.1	-1.42974
13041008	81	0.1	-0.1	-4.65684
13041008	82	0.1	-0.1	-1.37619
13041008	83	0.1	-0.1	1.07472
13041008	84	0.1	-0.1	3.36374
13041008	85	0.1	-0.1	-5.88967
13041008	86	0.1	-0.1	5.25121
13041008	87	0.1	-0.1	-3.28859
13041008	88	0.1	-0.1	-0.685729
13041008	89	0.1	-0.1	1.37332
13041008	90	0.1	-0.1	4.93797
13041008	91	0.1	-0.1	-5.22807
13041008	92	0.1	-0.1	-4.70841
13041008	93	0.1	-0.1	-5.36267
13041008	94	0.1	-0.1	4.66364
13041008	95	0.1	-0.1	1.10671
13041008	96	0.1	-0.1	3.01656
13041008	97	0.1	-0.1	2.20276
13041008	98	0.1	-0.1	-1.42531
13041008	99	0.1	-0.1	-1.79791
13041008	100	0.1	-0.1	0.805189
13041008	101	0.1	-0.1	0.708452
13041008	102	0.1	-0.1	-5.01287
13041008	103	0.1	-0.1	-2.54097
13041008	104	0.1	-0.1	-2.12816
13041008	105	0.1	-0.1	-3.39122
13041008	106	0.1	-0.1	-2.52457
13041008	107	0.1	-0.1	-0.828498
13041008	108	0.1	-0.1	-0.851833
13041008	109	0.1	-0.1	-3.28029
13041008	110	0.1	-0.1	-4.74662
13041008	111	0.1	-0.1	-0.904289
13041008	112	0.1	-0.1	-1.95832
13041008	113	0.1	-0.1	0.498199
13041008	114	0.1	-0.1	1.64526
13041008	115	0.1	-0.1	-0.444147
13041008	116	0.1	-0.1	1.34196
13041008	117	0.1	-0.1	5.31054
13041008	118	0.1	-0.1	-1.43031
13041008	119	0.1	-0.1	-1.67358
13041008	120	0.1	-0.1	5.3031
13041008	121	0.1	-0.1	1.75096
13041008	122	0.1	-0.1	3.28301
13041008	123	0.1	-0.1	-1.14996
13041008	124	0.1	-0.1	-4.31701
13041008	125	0.1	-0.1	4.54845
13041008	126	0.1	-0.1	4.33134
13041008	127	0.1	-0.1	4.2527
13041008	128	0.1	-0.1	-2.5881
13041008	129	0.1	-0.1	4.61177
13041008	130	0.1	-0.1	4.58666
13041008	131	0.1	-0.1	-5.81851
13041008	132	0.1	-0.1	3.21514
13041008	133	0.1	-0.1	4.15278
13041008	134	0.1	-0.1	-4.74714
13041008	135	0.1	-0.1	-3.86453
13041008	136	0.1	-0.1	-1.06133
13041008	137	0.1	-0.1	2.66058
13041008	138	0.1	-0.1	5.36985
13041008	139	0.1	-0.1	-2.85665
13041008	140	0.1	-0.1	1.86254
13041008	141	0.1	-0.1	-0.56156
13041008	142	0.1	-0.1	5.21289
13041008	143	0.1	-0.1	-3.18178
13041008	144	0.1	-0.1	1.91414
13041008	145	0.1	-0.1	-4.23191
13041008	146	0.1	-0.1	2.34649
13041008	147	0.1	-0.1	-3.10558
13041008	148	0.1	-0.1	5.63931
13041008	149	0.1	-0.1	-5.47861
13041008	150	0.1	-0.1	0.292532
13041008	151	0.1	-0.1	-0.781725
13041008	152	0.1	-0.1	-1.26718
13041008	153	0.1	-0.1	0.860027
13041008	154	0.1	-0.1	-3.24504
13041008	155	0.1	-0.1	-5.40589
13041008	156	0.1	-0.1	0.166299
13041008	157	0.1	-0.1	-1.70661
13041008	158	0.1	-0.1	-4.67929
13041008	159	0.1	-0.1	-5.59339
13041008	160	0.1	-0.1	-0.126594
13041008	161	0.1	-0.1	0.2779
13041008	162	0.1	-0.1	-4.34737
13041008	163	0.1	-0.1	-4.04586
13041008	164	0.1	-0.1	-1.43244
13041008	165	0.1	-0.1	-0.668328
13041008	166	0.1	-0.1	1.17796
13041008	167	0.1	-0.1	5.05707
13041008	168	0.1	-0.1	1.43689
13041008	169	0.1	-0.1	-5.81231
13041008	170	0.1	-0.1	4.06336
13041008	171	0.1	-0.1	3.78688
13041008	172	0.1	-0.1	-1.46838
13041008	173	0.1	-0.1	2.61159
13041008	174	0.1	-0.1	4.82943
13041008	175	0.1	-0.1	-4.09253
13041008	176	0.1	-0.1	5.21988
13041008	177	0.1	-0.1	-3.31132
13041008	178	0.1	-0.1	-2.13254
13041008	179	0.1	-0.1	0.783804
13041008	180	0.1	-0.1	-3.04229
13041008	181	0.1	-0.1	0.874496
13041008	182	0.1	-0.1	-3.44848
13041008	183	0.1	-0.1	3.95277
13041008	184	0.1	-0.1	-3.14474
13041008	185	0.1	-0.1	-4.58418
13041008	186	0.1	-0.1	5.6038
13041008	187	0.1	-0.1	3.44661
13041008	188	0.1	-0.1	-5.12148
13041008	189	0.1	-0.1	3.21484
13041008	190	0.1	-0.1	0.110498
13041008	191	0.1	-0.1	-0.805754
13041008	192	0.1	-0.1	-2.85433
13041008	193	0.1	-0.1	-0.938087
13041008	194	0.1	-0.1	0.167967
13041008	195	0.1	-0.1	-5.45262
13041008	196	0.1	-0.1	1.24433
13041008	197	0.1	-0.1	4.44361
13041008	198	0.1	-0.1	-2.81181
13041008	199	0.1	-0.1	-0.829761
13041008	200	0.1	-0.1	-2.97039
13041008	201	0.1	-0.1	-4.14918
13041008	202	0.1	-0.1	3.13134
13041008	203	0.1	-0.1	-3.78121
13041008	204	0.1	-0.1	-5.06428
13041008	205	0.1	-0.1	-1.44324
13041008	206	0.1	-0.1	-4.01848
13041008	207	0.1	-0.1	1.43985
13041008	208	0.1	-0.1	-1.08329
13041008	209	0.1	-0.1	-3.472
13041008	210	0.1	-0.1	0.474652
13041008	211	0.1	-0.1	-0.0183466
13041008	212	0.1	-0.1	1.01029
13041008	213	0.1	-0.1	5.63564
13041008	214	0.1	-0.1	4.70295
13041008	215	0.1	-0.1	1.35492
13041008	216	0.1	-0.1	-3.95667
13041008	217	0.1	-0.1	-4.96283
13041008	218	0.1	-0.1	-5.047
13041008	219	0.1	-0.1	-3.08799
13041008	220	0.1	-0.1	1.02872
13041008	221	0.1	-0.1	-0.305865
13041008	222	0.1	-0.1	-0.0623966
13041008	223	0.1	-0.1	-5.27592
13041008	224	0.1	-0.1	0.180113
13041008	225	0.1	-0.1	-5.48727
13041008	226	0.1	-0.1	1.17254
13041008	227	0.1	-0.1	3.64477
13041008	228	0.1	-0.1	-5.32406
13041008	229	0.1	-0.1	-4.38818
13041008	230	0.1	-0.1	-5.91281
13041008	231	0.1	-0.1	0.602851
13041008	232	0.1	-0.1	-2.36632
13041008	233	0.1	-0.1	5.17478
13041008	234	0.1	-0.1	-5.19206
13041008	235	0.1	-0.1	-3.7809
13041008	236	0.1	-0.1	-4.19445
13041008	237	0.1	-0.1	1.86816
13041008	238	0.1	-0.1	0.0637326
13041008	239	0.1	-0.1	3.35021
13041008	240	0.1	-0.1	-0.779294
13041008	241	0.1	-0.1	3.57466
13041008	242	0.1	-0.1	3.15382
13041008	243	0.1	-0.1	2.09181
13041008	244	0.1	-0.1	-1.6406
13041008	245	0.1	-0.1	-5.87569
13041008	246	0.1	-0.1	0.00860754
13041008	247	0.1	-0.1	1.28516
13041008	248	0.1	-0.1	-2.71247
13041008	249	0.1	-0.1	0.228368
13041008	250	0.1	-0.1	-3.23674
13041008	251	0.1	-0.1	-5.05852
13041008	252	0.1	-0.1	-4.7182
13041008	253	0.1	-0.1	-2.48942
13041008	254	0.1	-0.1	-5.02818
13041008	255	0.1	-0.1	-1.15397
13041008	256	0.1	-0.1	-1.1623
13041008	257	0.1	-0.1	-2.86815
13041008	258	0.1	-0.1	-2.11236
13041008	259	0.1	-0.1	-1.76456
13041008	260	0.1	-0.1	1.97355
13041008	261	0.1	-0.1	-4.46742
13041008	262	0.1	-0.1	-4.34075
13041008	263	0.1	-0.1	-0.0751774
13041008	264	0.1	-0.1	4.60424
13041008	265	0.1	-0.1	-1.84972
13041008	266	0.1	-0.1	4.84805
13041008	267	0.1	-0.1	-1.70783
13041008	268	0.1	-0.1	-0.6297
13041008	269	0.1	-0.1	-0.147778
13041008	270	0.1	-0.1	-5.45767
13041008	271	0.1	-0.1	-0.136794
13041008	272	0.1	-0.1	2.80744
13041008	273	0.1	-0.1	4.71566
13041008	274	0.1	-0.1	2.67802
13041008	275	0.1	-0.1	3.97466
13041008	276	0.1	-0.1	0.618954
13041008	277	0.1	-0.1	-4.47737
13041008	278	0.1	-0.1	-4.38026
13041008	279	0.1	-0.1	-5.19509
13041008	280	0.1	-0.1	-0.125469
13041008	281	0.1	-0.1	3.03162
13041008	282	0.1	-0.1	-5.43573
13041008	283	0.1	-0.1	-5.36044
13041008	284	0.1	-0.1	-5.35462
13041008	285	0.1	-0.1	-2.5025
13041008	286	0.1	-0.1	0.0168472
13041008	287	0.1	-0.1	0.765779
13041008	288	0.1	-0.1	5.03729
13041008	289	0.1	-0.1	1.60755
13041008	290	0.1	-0.1	-4.90316
13041008	291	0.1	-0.1	-4.80017
13041008	292	0.1	-0.1	-4.96366
13041008	293	0.1	-0.1	0.997653
13041008	294	0.1	-0.1	-4.33631
13041008	295	0.1	-0.1	-3.31385
13041008	296	0.1	-0.1	-0.949188
13041008	297	0.1	-0.1	0.525515
13041008	298	0.1	-0.1	-0.640662
13041008	299	0.1	-0.1	-5.62911
13041008	300	0.1	-0.1	-0.3317
13041008	301	0.1	-0.1	4.62773
13041008	302	0.1	-0.1	-0.125184
13041008	303	0.1	-0.1	2.16655
13041008	304	0.1	-0.1	4.95974
13041008	305	0.1	-0.1	-0.0612564
13041008	306	0.1	-0.1	-5.31714
13041008	307	0.1	-0.1	1.64055
13041008	308	0.1	-0.1	-3.18265
13041008	309	0.1	-0.1	-1.67649
13041008	310	0.1	-0.1	-0.180232
13041008	311	0.1	-0.1	-3.90974
13041008	312	0.1	-0.1	4.97355
13041008	313	0.1	-0.1	0.855492
13041008	314	0.1	-0.1	3.70889
13041008	315	0.1	-0.1	-3.12776
13041008	316	0.1	-0.1	1.99658
13041008	317	0.1	-0.1	0.742564
13041008	318	0.1	-0.1	0.100821
13041008	319	0.1	-0.1	3.15173
13041008	320	0.1	-0.1	5.66864
13041008	321	0.1	-0.1	2.39591
13041008	322	0.1	-0.1	0.401262
13041008	323	0.1	-0.1	0.428244
13041008	324	0.1	-0.1	-1.5473
13041008	325	0.1	-0.1	-5.23129
13041008	326	0.1	-0.1	0.0336258
13041008	327	0.1	-0.1	-3.18191
13041008	328	0.1	-0.1	-3.21688
13041008	329	0.1	-0.1	1.45285
13041008	330	0.1	-0.1	5.27193
13041008	331	0.1	-0.1	3.28096
13041008	332	0.1	-0.1	-5.78233
13041008	333	0.1	-0.1	4.65077
13041008	334	0.1	-0.1	-0.208627
13041008	335	0.1	-0.1	-3.91003
13041008	336	0.1	-0.1	-2.93383
13041008	337	0.1	-0.1	-4.93243
13041008	338	0.1	-0.1	4.93494
13041008	339	0.1	-0.1	-4.84374
13041008	340	0.1	-0.1	-3.77704
13041008	341	0.1	-0.1	2.38496
13041008	342	0.1	-0.1	1.13668
13041008	343	0.1	-0.1	3.92734
13041008	344	0.1	-0.1	-2.74281
13041008	345	0.1	-0.1	3.84534
13041008	346	0.1	-0.1	-4.55917
13041008	347	0.1	-0.1	2.79315
13041008	348	0.1	-0.1	1.99106
13041008	349	0.1	-0.1	-2.12143
13041008	350	0.1	-0.1	-3.38212
13041008	351	0.1	-0.1	-1.53714
13041008	352	0.1	-0.1	-3.22676
13041008	353	0.1	-0.1	-0.740755
13041008	354	0.1	-0.1	5.22085
13041008	355	0.1	-0.1	-5.48286
13041008	356	0.1	-0.1	-0.100911
13041008	357	0.1	-0.1	-0.775629
13041008	358	0.1	-0.1	-4.98206
13041008	359	0.1	-0.1	-0.367835
13041008	360	0.1	-0.1	-2.73172
13041008	361	0.1	-0.1	0.547132
13041008	362	0.1	-0.1	-2.2342
13041008	363	0.1	-0.1	2.18214
13041008	364	0.1	-0.1	-2.18324
13041008	365	0.1	-0.1	2.68808
13041008	366	0.1	-0.1	-2.61817
13041008	367	0.1	-0.1	-3.81984
13041008	368	0.1	-0.1	-2.98333
13041008	369	0.1	-0.1	0.240398
13041008	370	0.1	-0.1	-4.90987
13041008	371	0.1	-0.1	-4.82868
13041008	372	0.1	-0.1	0.196192
13041008	373	0.1	-0.1	1.96367
13041008	374	0.1	-0.1	-4.82148
13041008	375	0.1	-0.1	-0.0332462
13041008	376	0.1	-0.1	-5.88646
13041008	377	0.1	-0.1	-3.77415
13041008	378	0.1	-0.1	-1.64385
13041008	379	0.1	-0.1	-0.624727
13041008	380	0.1	-0.1	-4.40785
13041008	381	0.1	-0.1	-5.25747
13041008	382	0.1	-0.1	-3.33559
13041008	383	0.1	-0.1	-4.15993
13041008	384	0.1	-0.1	-1.18048
13041008	385	0.1	-0.1	3.71765
13041008	386	0.1	-0.1	3.84155
13041008	387	0.1	-0.1	-3.71077
13041008	388	0.1	-0.1	3.62303
13041008	389	0.1	-0.1	1.14778
13041008	390	0.1	-0.1	-2.92766
13041008	391	0.1	-0.1	-0.0070205
13041008	392	0.1	-0.1	2.95444
13041008	393	0.1	-0.1	-1.41619
13041008	394	0.1	-0.1	5.1037
13041008	395	0.1	-0.1	4.40624
13041008	396	0.1	-0.1	0.146511
13041008	397	0.1	-0.1	0.62601
13041008	398	0.1	-0.1	1.8646
13041008	399	0.1	-0.1	0.57678
13041008	400	0.1	-0.1	5.97327
13041008	401	0.1	-0.1	3.14593
13041008	402	0.1	-0.1	1.63868
13041008	403	0.1	-0.1	-1.93374
13041008	404	0.1	-0.1	1.33079
13041008	405	0.1	-0.1	-4.9662
13041008	406	0.1	-0.1	2.10905
13041008	407	0.1	-0.1	-2.53328
13041008	408	0.1	-0.1	-5.57485
13041008	409	0.1	-0.1	-2.69414
13041008	410	0.1	-0.1	-0.957166
13041008	411	0.1	-0.1	-3.37551
13041008	412	0.1	-0.1	1.86718
13041008	413	0.1	-0.1	0.336316
13041008	414	0.1	-0.1	4.51255
13041008	415	0.1	-0.1	-0.319808
13041008	416	0.1	-0.1	3.80585
13041008	417	0.1	-0.1	4.7621
13041008	418	0.1	-0.1	4.9605
13041008	419	0.1	-0.1	-1.5352
13041008	420	0.1	-0.1	-4.26516
13041008	421	0.1	-0.1	-2.06892
13041008	422	0.1	-0.1	1.49515
13041008	423	0.1	-0.1	-1.57168
13041008	424	0.1	-0.1	2.65531
13041008	425	0.1	-0.1	-2.48519
13041008	426	0.1	-0.1	2.12111
13041008	427	0.1	-0.1	-1.88904
13041008	428	0.1	-0.1	-1.41615
13041008	429	0.1	-0.1	-2.01782
13041008	430	0.1	-0.1	-2.11613
13041008	431	0.1	-0.1	2.46064
13041008	432	0.1	-0.1	-0.445828
13041008	433	0.1	-0.1	-0.999454
13041008	434	0.1	-0.1	4.29674
13041008	435	0.1	-0.1	-0.304799
13041008	436	0.1	-0.1	-5.22068
13041008	437	0.1	-0.1	-4.27021
13041008	438	0.1	-0.1	-0.716975
13041008	439	0.1	-0.1	-2.51874
13041008	440	0.1	-0.1	3.51945
13041008	441	0.1	-0.1	4.78584
13041008	442	0.1	-0.1	5.03923
13041008	443	0.1	-0.1	-1.65129
13041008	444	0.1	-0.1	-2.7785
13041008	445	0.1	-0.1	-2.90996
13041008	446	0.1	-0.1	-1.00602
13041008	447	0.1	-0.1	2.02548
13041008	448	0.1	-0.1	-5.91144
13041008	449	0.1	-0.1	-1.06672
13041008	450	0.1	-0.1	3.76212
13041008	451	0.1	-0.1	-0.327322
13041008	452	0.1	-0.1	-3.61839
13041008	453	0.1	-0.1	0.20653
13041008	454	0.1	-0.1	-1.77635
13041008	455	0.1	-0.1	0.0211185
13041008	456	0.1	-0.1	-0.386891
13041008	457	0.1	-0.1	-1.60891
13041008	458	0.1	-0.1	-5.82916
13041008	459	0.1	-0.1	1.428
13041008	460	0.1	-0.1	-1.7223
13041008	461	0.1	-0.1	4.38279
13041008	462	0.1	-0.1	-1.55072
13041008	463	0.1	-0.1	-4.79987
13041008	464	0.1	-0.1	-3.88677
13041008	465	0.1	-0.1	-3.04263
13041008	466	0.1	-0.1	3.28659
13041008	467	0.1	-0.1	-2.04878
13041008	468	0.1	-0.1	3.91547
13041008	469	0.1	-0.1	4.25193
13041008	470	0.1	-0.1	5.97509
13041008	471	0.1	-0.1	-3.36392
13041008	472	0.1	-0.1	4.7154
13041008	473	0.1	-0.1	-3.63838
13041008	474	0.1	-0.1	-2.80028
13041008	475	0.1	-0.1	4.7858
13041008	476	0.1	-0.1	-0.852208
13041008	477	0.1	-0.1	0.778685
13041008	478	0.1	-0.1	5.76473
13041008	479	0.1	-0.1	-1.02063
13041008	480	0.1	-0.1	0.92113
13041008	481	0.1	-0.1	-2.34386
13041008	482	0.1	-0.1	3.90036
13041008	483	0.1	-0.1	4.17261
13041008	484	0.1	-0.1	3.53092
13041008	485	0.1	-0.1	4.98751
13041008	486	0.1	-0.1	1.93589
13041008	487	0.1	-0.1	-1.95717
13041008	488	0.1	-0.1	5.73297
13041008	489	0.1	-0.1	3.03409
13041008	490	0.1	-0.1	-5.82208
13041008	491	0.1	-0.1	1.02421
13041008	492	0.1	-0.1	2.46964
13041008	493	0.1	-0.1	3.1821
13041008	494	0.1	-0.1	-5.16572
13041008	495	0.1	-0.1	-5.71092
13041008	496	0.1	-0.1	-1.79782
13041008	497	0.1	-0.1	4.95652
13041008	498	0.1	-0.1	3.58059
13041008	499	0.1	-0.1	-0.0436766
13041008	500	0.1	-0.1	-5.11649
13041008	501	0.1	-0.1	0.553004
13041008	502	0.1	-0.1	5.37878
13041008	503	0.1	-0.1	-4.78898
13041008	504	0.1	-0.1	-5.57963
13041008	505	0.1	-0.1	-3.78229
13041008	506	0.1	-0.1	2.02221
13041008	507	0.1	-0.1	-0.0426929
13041008	508	0.1	-0.1	-1.3064
13041008	509	0.1	-0.1	5.47249
13041008	510	0.1	-0.1	-1.22909
13041008	511	0.1	-0.1	5.63934
13041008	512	0.1	-0.1	-0.728907
13041008	513	0.1	-0.1	-4.34234
13041008	514	0.1	-0.1	3.04316
13041008	515	0.1	-0.1	-0.142531
13041008	516	0.1	-0.1	1.67444
13041008	517	0.1	-0.1	2.28382
13041008	518	0.1	-0.1	-1.59891
13041008	519	0.1	-0.1	-4.43527
13041008	520	0.1	-0.1	5.10067
13041008	521	0.1	-0.1	-4.68698
13041008	522	0.1	-0.1	2.56701
13041008	523	0.1	-0.1	-2.56161
13041008	524	0.1	-0.1	-0.680053
13041008	525	0.1	-0.1	2.50866
13041008	526	0.1	-0.1	3.5548
13041008	527	0.1	-0.1	4.59145
13041008	528	0.1	-0.1	4.22124
13041008	529	0.1	-0.1	-4.09451
13041008	530	0.1	-0.1	-4.84839
13041008	531	0.1	-0.1	4.18295
13041008	532	0.1	-0.1	-5.72457
13041008	533	0.1	-0.1	1.02331
13041008	534	0.1	-0.1	4.42522
13041008	535	0.1	-0.1	4.54947
13041008	536	0.1	-0.1	-3.86512
13041008	537	0.1	-0.1	-5.90583
13041008	538	0.1	-0.1	-0.528838
13041008	539	0.1	-0.1	5.94283
13041008	540	0.1	-0.1	2.61739
13041008	541	0.1	-0.1	1.45172
13041008	542	0.1	-0.1	-0.150067
13041008	543	0.1	-0.1	2.98912
13041008	544	0.1	-0.1	-5.60604
13041008	545	0.1	-0.1	0.922678
13041008	546	0.1	-0.1	4.61697
13041008	547	0.1	-0.1	-0.444096
13041008	548	0.1	-0.1	5.31619
13041008	549	0.1	-0.1	2.61496
13041008	550	0.1	-0.1	3.19348
13041008	551	0.1	-0.1	-2.18441
13041008	552	0.1	-0.1	-1.28929
13041008	553	0.1	-0.1	-3.7409
13041008	554	0.1	-0.1	-4.12258
13041008	555	0.1	-0.1	0.210784
13041008	556	0.1	-0.1	-0.168952
13041008	557	0.1	-0.1	3.0832
13041008	558	0.1	-0.1	-0.605381
13041008	559	0.1	-0.1	2.72646
13041008	560	0.1	-0.1	-1.13552
13041008	561	0.1	-0.1	1.58453
13041008	562	0.1	-0.1	1.29879
13041008	563	0.1	-0.1	-3.48843
13041008	564	0.1	-0.1	4.432
13041008	565	0.1	-0.1	-1.52192
13041008	566	0.1	-0.1	-1.59602
13041008	567	0.1	-0.1	-4.84458
13041008	568	0.1	-0.1	-2.09367
13041008	569	0.1	-0.1	-3.23699
13041008	570	0.1	-0.1	4.44455
13041008	571	0.1	-0.1	-2.32224
13041008	572	0.1	-0.1	5.28686
13041008	573	0.1	-0.1	2.73764
13041008	574	0.1	-0.1	5.7909
13041008	575	0.1	-0.1	-1.30938
13041008	576	0.1	-0.1	-1.00302
13041008	577	0.1	-0.1	-0.783201
13041008	578	0.1	-0.1	3.58704
13041008	579	0.1	-0.1	-5.50908
13041008	580	0.1	-0.1	-0.838596
13041008	581	0.1	-0.1	1.83281
13041008	582	0.1	-0.1	-5.79521
13041008	583	0.1	-0.1	3.08748
13041008	584	0.1	-0.1	-3.48207
13041008	585	0.1	-0.1	-1.53083
13041008	586	0.1	-0.1	-3.92244
13041008	587	0.1	-0.1	1.05933
13041008	588	0.1	-0.1	-1.87334
13041008	589	0.1	-0.1	2.49134
13041008	590	0.1	-0.1	-2.06736
13041008	591	0.1	-0.1	4.4505
13041008	592	0.1	-0.1	3.76589
13041008	593	0.1	-0.1	3.2408
13041008	594	0.1	-0.1	-1.15461
13041008	595	0.1	-0.1	-5.7016
13041008	596	0.1	-0.1	-4.90983
13041008	597	0.1	-0.1	-5.50142
13041008	598	0.1	-0.1	3.1588
13041008	599	0.1	-0.1	1.85521
13041008	600	0.1	-0.1	5.04418
13041008	601	0.1	-0.1	-2.41755
13041008	602	0.1	-0.1	1.15636
13041008	603	0.1	-0.1	5.86294
13041008	604	0.1	-0.1	-4.34706
13041008	605	0.1	-0.1	-5.82499
13041008	606	0.1	-0.1	-5.07984
13041008	607	0.1	-0.1	4.49011
13041008	608	0.1	-0.1	1.04403
13041008	609	0.1	-0.1	-4.36805
13041008	610	0.1	-0.1	0.653352
13041008	611	0.1	-0.1	-4.79325
13041008	612	0.1	-0.1	2.05321
13041008	613	0.1	-0.1	-3.90767
13041008	614	0.1	-0.1	4.92957
13041008	615	0.1	-0.1	-4.45832
13041008	616	0.1	-0.1	2.0522
13041008	617	0.1	-0.1	2.3831
13041008	618	0.1	-0.1	1.29541
13041008	619	0.1	-0.1	-5.17041
13041008	620	0.1	-0.1	-3.4889
13041008	621	0.1	-0.1	-3.793
13041008	622	0.1	-0.1	1.2669
13041008	623	0.1	-0.1	-0.454787
13041008	624	0.1	-0.1	5.4368
13041008	625	0.1	-0.1	5.83755
13041008	626	0.1	-0.1	1.25744
13041008	627	0.1	-0.1	2.77811
13041008	628	0.1	-0.1	-5.85818
13041008	629	0.1	-0.1	3.12132
13041008	630	0.1	-0.1	-4.9372
13041008	631	0.1	-0.1	1.17939
13041008	632	0.1	-0.1	4.63721
13041008	633	0.1	-0.1	0.922835
13041008	634	0.1	-0.1	1.30538
13041008	635	0.1	-0.1	3.86561
13041008	636	0.1	-0.1	-2.94575
13041008	637	0.1	-0.1	4.84066
13041008	638	0.1	-0.1	-1.62607
13041008	639	0.1	-0.1	1.77047
13041008	640	0.1	-0.1	1.9412
13041008	641	0.1	-0.1	2.44369
13041008	642	0.1	-0.1	4.48137
13041008	643	0.1	-0.1	5.7812
13041008	644	0.1	-0.1	3.3057
13041008	645	0.1	-0.1	-1.32174
13041008	646	0.1	-0.1	-2.9668
13041008	647	0.1	-0.1	-1.65955
13041008	648	0.1	-0.1	-3.27721
13041008	649	0.1	-0.1	5.54912
13041008	650	0.1	-0.1	-1.39781
13041008	651	0.1	-0.1	-4.93517
13041008	652	0.1	-0.1	-5.71989
13041008	653	0.1	-0.1	3.88826
13041008	654	0.1	-0.1	-1.042
13041008	655	0.1	-0.1	5.33706
13041008	656	0.1	-0.1	-5.6295
13041008	657	0.1	-0.1	3.18417
13041008	658	0.1	-0.1	-3.84995
13041008	659	0.1	-0.1	-4.39101
13041008	660	0.1	-0.1	1.53327
13041008	661	0.1	-0.1	3.22421
13041008	662	0.1	-0.1	-2.91102
13041008	663	0.1	-0.1	0.476413
13041008	664	0.1	-0.1	1.95407
13041008	665	0.1	-0.1	2.27489
13041008	666	0.1	-0.1	3.32496
13041008	667	0.1	-0.1	-3.14999
13041008	668	0.1	-0.1	-0.738498
13041008	669	0.1	-0.1	-5.98046
13041008	670	0.1	-0.1	-5.24989
13041008	671	0.1	-0.1	-4.79927
13041008	672	0.1	-0.1	5.93347
13041008	673	0.1	-0.1	5.41049
13041008	674	0.1	-0.1	-1.6787
13041008	675	0.1	-0.1	-2.72039
13041008	676	0.1	-0.1	4.10685
13041008	677	0.1	-0.1	2.07569
13041008	678	0.1	-0.1	-0.978516
13041008	679	0.1	-0.1	0.669105
13041008	680	0.1	-0.1	4.57472
13041008	681	0.1	-0.1	-3.8789
13041008	682	0.1	-0.1	-4.76207
13041008	683	0.1	-0.1	-2.76149
13041008	684	0.1	-0.1	-3.08792
13041008	685	0.1	-0.1	-0.457686
13041008	686	0.1	-0.1	-0.369373
13041008	687	0.1	-0.1	0.385461
13041008	688	0.1	-0.1	3.35186
13041008	689	0.1	-0.1	0.813259
13041008	690	0.1	-0.1	4.73679
13041008	691	0.1	-0.1	-3.23933
13041008	692	0.1	-0.1	-3.10546
13041008	693	0.1	-0.1	-2.76053
13041008	694	0.1	-0.1	3.85737
13041008	695	0.1	-0.1	-4.6438
13041008	696	0.1	-0.1	1.55991
13041008	697	0.1	-0.1	-4.36755
13041008	698	0.1	-0.1	1.58767
13041008	699	0.1	-0.1	-2.01644
13041008	700	0.1	-0.1	1.10831
13041008	701	0.1	-0.1	-2.38964
13041008	702	0.1	-0.1	2.59439
13041008	703	0.1	-0.1	5.00636
13041008	704	0.1	-0.1	2.60614
13041008	705	0.1	-0.1	-0.227987
13041008	706	0.1	-0.1	5.96003
13041008	707	0.1	-0.1	0.82134
13041008	708	0.1	-0.1	0.804037
13041008	709	0.1	-0.1	-0.277235
13041008	710	0.1	-0.1	3.51205
13041008	711	0.1	-0.1	3.49188
13041008	712	0.1	-0.1	1.54417
13041008	713	0.1	-0.1	5.32867
13041008	714	0.1	-0.1	3.86286
13041008	715	0.1	-0.1	5.97214
13041008	716	0.1	-0.1	-0.44465
13041008	717	0.1	-0.1	0.560428
13041008	718	0.1	-0.1	-0.237401
13041008	719	0.1	-0.1	-5.15103
13041008	720	0.1	-0.1	0.37911
13041008	721	0.1	-0.1	0.684785
13041008	722	0.1	-0.1	-1.94758
13041008	723	0.1	-0.1	-1.59785
13041008	724	0.1	-0.1	-5.30339
13041008	725	0.1	-0.1	5.43897
13041008	726	0.1	-0.1	5.30976
13041008	727	0.1	-0.1	-1.35239
13041008	728	0.1	-0.1	-0.0514753
13041008	729	0.1	-0.1	-5.93573
13041008	730	0.1	-0.1	1.04741
13041008	731	0.1	-0.1	0.133747
13041008	732	0.1	-0.1	-2.55418
13041008	733	0.1	-0.1	5.85917
13041008	734	0.1	-0.1	-0.0960206
13041008	735	0.1	-0.1	-1.28854
13041008	736	0.1	-0.1	-1.57751
13041008	737	0.1	-0.1	-5.1937
13041008	738	0.1	-0.1	3.41993
13041008	739	0.1	-0.1	-0.905092
13041008	740	0.1	-0.1	0.373693
13041008	741	0.1	-0.1	-3.26844
13041008	742	0.1	-0.1	-3.24922
13041008	743	0.1	-0.1	3.42706
13041008	744	0.1	-0.1	3.49092
13041008	745	0.1	-0.1	-0.226914
13041008	746	0.1	-0.1	-5.75433
13041008	747	0.1	-0.1	-1.81546
13041008	748	0.1	-0.1	-5.67226
13041008	749	0.1	-0.1	3.21581
13041008	750	0.1	-0.1	3.06811
13041008	751	0.1	-0.1	-2.89585
13041008	752	0.1	-0.1	-5.91775
13041008	753	0.1	-0.1	2.55486
13041008	754	0.1	-0.1	0.864277
13041008	755	0.1	-0.1	2.60577
13041008	756	0.1	-0.1	-2.48824
13041008	757	0.1	-0.1	5.21797
13041008	758	0.1	-0.1	2.27563
13041008	759	0.1	-0.1	-3.02519
13041008	760	0.1	-0.1	-4.48026
13041008	761	0.1	-0.1	4.85522
13041008	762	0.1	-0.1	0.191226
13041008	763	0.1	-0.1	5.69096
13041008	764	0.1	-0.1	-2.89606
13041008	765	0.1	-0.1	-1.35568
13041008	766	0.1	-0.1	-4.28653
13041008	767	0.1	-0.1	2.19755
13041008	768	0.1	-0.1	-2.40877
13041008	769	0.1	-0.1	2.23364
13041008	770	0.1	-0.1	2.38204
13041008	771	0.1	-0.1	0.941787
13041008	772	0.1	-0.1	2.00353
13041008	773	0.1	-0.1	-0.446218
13041008	774	0.1	-0.1	-5.53221
13041008	775	0.1	-0.1	4.69892
13041008	776	0.1	-0.1	-0.726331
13041008	777	0.1	-0.1	0.461792
13041008	778	0.1	-0.1	-2.81858
13041008	779	0.1	-0.1	2.01378
13041008	780	0.1	-0.1	2.38761
13041008	781	0.1	-0.1	4.86929
13041008	782	0.1	-0.1	3.38844
13041008	783	0.1	-0.1	1.31314
13041008	784	0.1	-0.1	-0.656095
13041008	785	0.1	-0.1	2.02011
13041008	786	0.1	-0.1	-1.29812
13041008	787	0.1	-0.1	5.53281
13041008	788	0.1	-0.1	5.52444
13041008	789	0.1	-0.1	2.04791
13041008	790	0.1	-0.1	-4.56469
13041008	791	0.1	-0.1	-0.257468
13041008	792	0.1	-0.1	-3.70922
13041008	793	0.1	-0.1	-3.26436
13041008	794	0.1	-0.1	4.20776
13041008	795	0.1	-0.1	-3.76001
13041008	796	0.1	-0.1	-3.52571
13041008	797	0.1	-0.1	-0.156419
13041008	798	0.1	-0.1	-5.5084
13041008	799	0.1	-0.1	2.46237
13041008	800	0.1	-0.1	0.665153
13041008	801	0.1	-0.1	-2.38365
13041008	802	0.1	-0.1	-1.33749
13041008	803	0.1	-0.1	2.26257
13041008	804	0.1	-0.1	-4.9808
13041008	805	0.1	-0.1	-2.05328
13041008	806	0.1	-0.1	-1.39892
13041008	807	0.1	-0.1	0.38025
13041008	808	0.1	-0.1	0.537592
13041008	809	0.1	-0.1	-1.75806
13041008	810	0.1	-0.1	-0.0306469
13041008	811	0.1	-0.1	-5.1708
13041008	812	0.1	-0.1	-2.99519
13041008	813	0.1	-0.1	-1.6606
13041008	814	0.1	-0.1	-1.19106
13041008	815	0.1	-0.1	-4.49506
13041008	816	0.1	-0.1	-5.60983
13041008	817	0.1	-0.1	3.22729
13041008	818	0.1	-0.1	-1.16375
13041008	819	0.1	-0.1	-0.000837355
13041008	820	0.1	-0.1	-3.7149
13041008	821	0.1	-0.1	-3.34297
13041008	822	0.1	-0.1	-3.22675
13041008	823	0.1	-0.1	5.74377
13041008	824	0.1	-0.1	-3.33321
13041008	825	0.1	-0.1	-3.24144
13041008	826	0.1	-0.1	0.958636
13041008	827	0.1	-0.1	5.00387
13041008	828	0.1	-0.1	-0.197297
13041008	829	0.1	-0.1	4.58507
13041008	830	0.1	-0.1	-3.47214
13041008	831	0.1	-0.1	-5.35549
13041008	832	0.1	-0.1	-5.2577
13041008	833	0.1	-0.1	3.34606
13041008	834	0.1	-0.1	-2.84915
13041008	835	0.1	-0.1	-0.0163912
13041008	836	0.1	-0.1	4.80228
13041008	837	0.1	-0.1	-3.81097
13041008	838	0.1	-0.1	-3.91383
13041008	839	0.1	-0.1	5.76692
13041008	840	0.1	-0.1	-2.88234
13041008	841	0.1	-0.1	-4.30859
13041008	842	0.1	-0.1	4.03663
13041008	843	0.1	-0.1	5.88921
13041008	844	0.1	-0.1	-0.363213
13041008	845	0.1	-0.1	3.32022
13041008	846	0.1	-0.1	3.86464
13041008	847	0.1	-0.1	2.26329
13041008	848	0.1	-0.1	-1.14101
13041008	849	0.1	-0.1	4.87498
13041008	850	0.1	-0.1	-5.72535
13041008	851	0.1	-0.1	-5.1736
13041008	852	0.1	-0.1	-1.39532
13041008	853	0.1	-0.1	5.3009
13041008	854	0.1	-0.1	5.31903
13041008	855	0.1	-0.1	-0.130322
13041008	856	0.1	-0.1	1.47919
13041008	857	0.1	-0.1	5.92313
13041008	858	0.1	-0.1	1.2229
13041008	859	0.1	-0.1	-3.69625
13041008	860	0.1	-0.1	-4.64086
13041008	861	0.1	-0.1	1.23325
13041008	862	0.1	-0.1	-1.31616
13041008	863	0.1	-0.1	1.07798
13041008	864	0.1	-0.1	-5.62749
13041008	865	0.1	-0.1	-2.37346
13041008	866	0.1	-0.1	-5.35814
13041008	867	0.1	-0.1	3.3707
13041008	868	0.1	-0.1	-2.05052
13041008	869	0.1	-0.1	2.00653
13041008	870	0.1	-0.1	2.88391
13041008	871	0.1	-0.1	-0.872943
13041008	872	0.1	-0.1	1.09906
13041008	873	0.1	-0.1	-2.62586
13041008	874	0.1	-0.1	4.23596
13041008	875	0.1	-0.1	1.72506
13041008	876	0.1	-0.1	1.07596
13041008	877	0.1	-0.1	0.057004
13041008	878	0.1	-0.1	-1.43159
13041008	879	0.1	-0.1	-3.55903
13041008	880	0.1	-0.1	-3.41757
13041008	881	0.1	-0.1	4.94348
13041008	882	0.1	-0.1	0.0195613
13041008	883	0.1	-0.1	0.473412
13041008	884	0.1	-0.1	0.0710767
13041008	885	0.1	-0.1	1.19084
13041008	886	0.1	-0.1	-4.01943
13041008	887	0.1	-0.1	3.69784
13041008	888	0.1	-0.1	4.0406
13041008	889	0.1	-0.1	-3.58932
13041008	890	0.1	-0.1	-0.479982
13041008	891	0.1	-0.1	-3.2952
13041008	892	0.1	-0.1	3.96894
13041008	893	0.1	-0.1	-0.00299029
13041008	894	0.1	-0.1	1.82602
13041008	895	0.1	-0.1	2.25281
13041008	896	0.1	-0.1	2.34986
13041008	897	0.1	-0.1	-1.3273
13041008	898	0.1	-0.1	-3.77476
13041008	899	0.1	-0.1	3.66188
13041008	900	0.1	-0.1	-3.60736
13041008	901	0.1	-0.1	-1.1896
13041008	902	0.1	-0.1	3.4842
13041008	903	0.1	-0.1	4.21882
13041008	904	0.1	-0.1	5.50086
13041008	905	0.1	-0.1	1.45128
13041008	906	0.1	-0.1	3.82861
13041008	907	0.1	-0.1	2.18074
13041008	908	0.1	-0.1	-0.829133
13041008	909	0.1	-0.1	5.98119
13041008	910	0.1	-0.1	-2.49269
13041008	911	0.1	-0.1	3.75419
13041008	912	0.1	-0.1	-5.12501
13041008	913	0.1	-0.1	2.13002
13041008	914	0.1	-0.1	-2.01611
13041008	915	0.1	-0.1	5.60085
13041008	916	0.1	-0.1	0.299499
13041008	917	0.1	-0.1	1.3235
13041008	918	0.1	-0.1	-2.413
13041008	919	0.1	-0.1	3.96656
13041008	920	0.1	-0.1	3.10802
13041008	921	0.1	-0.1	0.757078
13041008	922	0.1	-0.1	-2.83412
13041008	923	0.1	-0.1	1.11887
13041008	924	0.1	-0.1	2.18349
13041008	925	0.1	-0.1	-1.44003
13041008	926	0.1	-0.1	0.258678
13041008	927	0.1	-0.1	1.33791
13041008	928	0.1	-0.1	-3.41038
13041008	929	0.1	-0.1	2.83017
13041008	930	0.1	-0.1	-1.75987
13041008	931	0.1	-0.1	-5.89862
13041008	932	0.1	-0.1	2.1539
13041008	933	0.1	-0.1	-5.64599
13041008	934	0.1	-0.1	5.45236
13041008	935	0.1	-0.1	-0.982621
13041008	936	0.1	-0.1	0.260394
13041008	937	0.1	-0.1	-1.92193
13041008	938	0.1	-0.1	-0.0455909
13041008	939	0.1	-0.1	-0.430278
13041008	940	0.1	-0.1	5.77324
13041008	941	0.1	-0.1	-5.25565
13041008	942	0.1	-0.1	3.19229
13041008	943	0.1	-0.1	3.03937
13041008	944	0.1	-0.1	1.1799
13041008	945	0.1	-0.1	5.76779
13041008	946	0.1	-0.1	4.13889
13041008	947	0.1	-0.1	-0.594424
13041008	948	0.1	-0.1	1.78191
13041008	949	0.1	-0.1	-1.16922
13041008	950	0.1	-0.1	-1.7725
13041008	951	0.1	-0.1	4.97704
13041008	952	0.1	-0.1	5.71511
13041008	953	0.1	-0.1	-1.73574
13041008	954	0.1	-0.1	-2.93957
13041008	955	0.1	-0.1	0.43512
13041008	956	0.1	-0.1	-4.42221
13041008	957	0.1	-0.1	-0.475639
13041008	958	0.1	-0.1	-3.24689
13041008	959	0.1	-0.1	4.15824
13041008	960	0.1	-0.1	1.69389
13041008	961	0.1	-0.1	-4.73965
13041008	962	0.1	-0.1	-5.36659
13041008	963	0.1	-0.1	4.00764
13041008	964	0.1	-0.1	-3.50233
13041008	965	0.1	-0.1	4.08063
13041008	966	0.1	-0.1	4.98095
13041008	967	0.1	-0.1	3.70264
13041008	968	0.1	-0.1	-3.86091
13041008	969	0.1	-0.1	1.97571
13041008	970	0.1	-0.1	-5.1009
13041008	971	0.1	-0.1	-1.91037
13041008	972	0.1	-0.1	-0.315783
13041008	973	0.1	-0.1	-4.25905
13041008	974	0.1	-0.1	-1.15703
13041008	975	0.1	-0.1	-0.976785
13041008	976	0.1	-0.1	-2.60964
13041008	977	0.1	-0.1	0.352092
13041008	978	0.1	-0.1	-2.77498
13041008	979	0.1	-0.1	-1.92248
13041008	980	0.1	-0.1	-0.274162
13041008	981	0.1	-0.1	4.93358
13041008	982	0.1	-0.1	5.01984
13041008	983	0.1	-0.1	-2.60522
13041008	984	0.1	-0.1	-2.32364
13041008	985	0.1	-0.1	-5.22612
13041008	986	0.1	-0.1	-2.58103
13041008	987	0.1	-0.1	3.68071
13041008	988	0.1	-0.1	-0.826936
13041008	989	0.1	-0.1	0.541836
13041008	990	0.1	-0.1	0.730053
13041008	991	0.1	-0.1	5.39878
13041008	992	0.1	-0.1	-3.86866
13041008	993	0.1	-0.1	-0.825798
13041008	994	0.1	-0.1	5.70719
13041008	995	0.1	-0.1	0.739003
13041008	996	0.1	-0.1	3.87785
13041008	997	0.1	-0.1	-5.62164
13041008	998	0.1	-0.1	5.19522
13041008	999	0.1	-0.1	4.48234
13041008	1000	0.1	-0.1	5.26768
