13048016	1	0.1	-0.1	0.302794
13048016	2	0.1	-0.1	4.64794
13048016	3	0.1	-0.1	-0.953745
13048016	4	0.1	-0.1	4.58749
13048016	5	0.1	-0.1	-3.25136
13048016	6	0.1	-0.1	-2.04825
13048016	7	0.1	-0.1	-4.31431
13048016	8	0.1	-0.1	-2.1621
13048016	9	0.1	-0.1	3.9543
13048016	10	0.1	-0.1	-0.405359
13048016	11	0.1	-0.1	-4.68025
13048016	12	0.1	-0.1	-5.63969
13048016	13	0.1	-0.1	5.94433
13048016	14	0.1	-0.1	-4.50574
13048016	15	0.1	-0.1	-0.202841
13048016	16	0.1	-0.1	1.25504
13048016	17	0.1	-0.1	-3.56998
13048016	18	0.1	-0.1	5.06361
13048016	19	0.1	-0.1	-5.75309
13048016	20	0.1	-0.1	-5.74036
13048016	21	0.1	-0.1	5.77297
13048016	22	0.1	-0.1	-3.23915
13048016	23	0.1	-0.1	-4.84801
13048016	24	0.1	-0.1	2.09529
13048016	25	0.1	-0.1	-5.53783
13048016	26	0.1	-0.1	-5.89889
13048016	27	0.1	-0.1	4.63833
13048016	28	0.1	-0.1	3.65819
13048016	29	0.1	-0.1	4.53771
13048016	30	0.1	-0.1	-2.03997
13048016	31	0.1	-0.1	4.10438
13048016	32	0.1	-0.1	4.30341
13048016	33	0.1	-0.1	4.35246
13048016	34	0.1	-0.1	-3.13415
13048016	35	0.1	-0.1	4.23932
13048016	36	0.1	-0.1	-4.86571
13048016	37	0.1	-0.1	-5.7507
13048016	38	0.1	-0.1	-0.762804
13048016	39	0.1	-0.1	-4.03514
13048016	40	0.1	-0.1	5.24857
13048016	41	0.1	-0.1	-1.93196
13048016	42	0.1	-0.1	-2.84713
13048016	43	0.1	-0.1	-3.48115
13048016	44	0.1	-0.1	-2.85281
13048016	45	0.1	-0.1	2.3998
13048016	46	0.1	-0.1	-4.58508
13048016	47	0.1	-0.1	3.46026
13048016	48	0.1	-0.1	5.9883
13048016	49	0.1	-0.1	-1.16022
13048016	50	0.1	-0.1	-5.50012
13048016	51	0.1	-0.1	5.23076
13048016	52	0.1	-0.1	-2.12407
13048016	53	0.1	-0.1	-2.04102
13048016	54	0.1	-0.1	-1.5497
13048016	55	0.1	-0.1	0.0631906
13048016	56	0.1	-0.1	-1.07361
13048016	57	0.1	-0.1	2.88459
13048016	58	0.1	-0.1	3.62286
13048016	59	0.1	-0.1	4.72373
13048016	60	0.1	-0.1	3.23999
13048016	61	0.1	-0.1	-1.18031
13048016	62	0.1	-0.1	-2.11766
13048016	63	0.1	-0.1	5.36016
13048016	64	0.1	-0.1	3.79061
13048016	65	0.1	-0.1	-1.02335
13048016	66	0.1	-0.1	1.99689
13048016	67	0.1	-0.1	-1.77593
13048016	68	0.1	-0.1	0.83489
13048016	69	0.1	-0.1	0.853844
13048016	70	0.1	-0.1	-0.234627
13048016	71	0.1	-0.1	-5.56908
13048016	72	0.1	-0.1	2.62973
13048016	73	0.1	-0.1	4.06461
13048016	74	0.1	-0.1	-5.19137
13048016	75	0.1	-0.1	2.36066
13048016	76	0.1	-0.1	4.50997
13048016	77	0.1	-0.1	4.50694
13048016	78	0.1	-0.1	2.77407
13048016	79	0.1	-0.1	-3.3734
13048016	80	0.1	-0.1	-5.58539
13048016	81	0.1	-0.1	-0.994564
13048016	82	0.1	-0.1	4.88089
13048016	83	0.1	-0.1	-3.18758
13048016	84	0.1	-0.1	1.68282
13048016	85	0.1	-0.1	-4.03106
13048016	86	0.1	-0.1	-0.334991
13048016	87	0.1	-0.1	1.45595
13048016	88	0.1	-0.1	2.54907
13048016	89	0.1	-0.1	1.81494
13048016	90	0.1	-0.1	1.66375
13048016	91	0.1	-0.1	5.61188
13048016	92	0.1	-0.1	2.73458
13048016	93	0.1	-0.1	-4.60723
13048016	94	0.1	-0.1	-0.571299
13048016	95	0.1	-0.1	1.40386
13048016	96	0.1	-0.1	-5.00838
13048016	97	0.1	-0.1	-1.75936
13048016	98	0.1	-0.1	1.79346
13048016	99	0.1	-0.1	-0.884525
13048016	100	0.1	-0.1	5.83753
13048016	101	0.1	-0.1	3.97444
13048016	102	0.1	-0.1	0.348247
13048016	103	0.1	-0.1	0.649063
13048016	104	0.1	-0.1	-0.40217
13048016	105	0.1	-0.1	-5.81076
13048016	106	0.1	-0.1	-5.64431
13048016	107	0.1	-0.1	-3.37968
13048016	108	0.1	-0.1	-3.75166
13048016	109	0.1	-0.1	-4.27947
13048016	110	0.1	-0.1	-0.572998
13048016	111	0.1	-0.1	-2.99464
13048016	112	0.1	-0.1	1.79908
13048016	113	0.1	-0.1	-2.14937
13048016	114	0.1	-0.1	-4.32743
13048016	115	0.1	-0.1	4.68597
13048016	116	0.1	-0.1	-2.45443
13048016	117	0.1	-0.1	2.6
13048016	118	0.1	-0.1	-1.60564
13048016	119	0.1	-0.1	5.64013
13048016	120	0.1	-0.1	3.71064
13048016	121	0.1	-0.1	2.93625
13048016	122	0.1	-0.1	4.96267
13048016	123	0.1	-0.1	-5.64994
13048016	124	0.1	-0.1	2.08828
13048016	125	0.1	-0.1	4.64776
13048016	126	0.1	-0.1	5.7141
13048016	127	0.1	-0.1	-5.8025
13048016	128	0.1	-0.1	-0.234162
13048016	129	0.1	-0.1	2.23661
13048016	130	0.1	-0.1	2.22195
13048016	131	0.1	-0.1	-2.80279
13048016	132	0.1	-0.1	4.9163
13048016	133	0.1	-0.1	5.87469
13048016	134	0.1	-0.1	3.99945
13048016	135	0.1	-0.1	-4.89099
13048016	136	0.1	-0.1	1.45728
13048016	137	0.1	-0.1	-1.01386
13048016	138	0.1	-0.1	-2.27263
13048016	139	0.1	-0.1	-5.03047
13048016	140	0.1	-0.1	4.3584
13048016	141	0.1	-0.1	4.13763
13048016	142	0.1	-0.1	5.84202
13048016	143	0.1	-0.1	-5.73724
13048016	144	0.1	-0.1	1.26194
13048016	145	0.1	-0.1	3.13123
13048016	146	0.1	-0.1	4.27511
13048016	147	0.1	-0.1	-3.75255
13048016	148	0.1	-0.1	-3.76368
13048016	149	0.1	-0.1	2.6583
13048016	150	0.1	-0.1	5.22683
13048016	151	0.1	-0.1	2.47362
13048016	152	0.1	-0.1	4.17785
13048016	153	0.1	-0.1	-1.42861
13048016	154	0.1	-0.1	-2.67074
13048016	155	0.1	-0.1	1.35562
13048016	156	0.1	-0.1	0.713117
13048016	157	0.1	-0.1	1.34661
13048016	158	0.1	-0.1	-0.766862
13048016	159	0.1	-0.1	-5.00295
13048016	160	0.1	-0.1	4.83123
13048016	161	0.1	-0.1	0.521634
13048016	162	0.1	-0.1	-0.7439
13048016	163	0.1	-0.1	-1.32919
13048016	164	0.1	-0.1	-4.04808
13048016	165	0.1	-0.1	-5.89276
13048016	166	0.1	-0.1	-2.80137
13048016	167	0.1	-0.1	-2.0325
13048016	168	0.1	-0.1	-5.94203
13048016	169	0.1	-0.1	-4.50535
13048016	170	0.1	-0.1	-3.61261
13048016	171	0.1	-0.1	-5.77257
13048016	172	0.1	-0.1	1.65278
13048016	173	0.1	-0.1	-1.70136
13048016	174	0.1	-0.1	1.29269
13048016	175	0.1	-0.1	-1.80722
13048016	176	0.1	-0.1	-3.30748
13048016	177	0.1	-0.1	-1.64448
13048016	178	0.1	-0.1	-3.84685
13048016	179	0.1	-0.1	5.43843
13048016	180	0.1	-0.1	4.61758
13048016	181	0.1	-0.1	-5.28252
13048016	182	0.1	-0.1	1.26816
13048016	183	0.1	-0.1	-4.95553
13048016	184	0.1	-0.1	-4.0528
13048016	185	0.1	-0.1	-1.37402
13048016	186	0.1	-0.1	3.44509
13048016	187	0.1	-0.1	0.144728
13048016	188	0.1	-0.1	-5.1493
13048016	189	0.1	-0.1	2.63781
13048016	190	0.1	-0.1	3.67226
13048016	191	0.1	-0.1	4.24031
13048016	192	0.1	-0.1	1.98125
13048016	193	0.1	-0.1	4.96913
13048016	194	0.1	-0.1	-3.58828
13048016	195	0.1	-0.1	-1.53813
13048016	196	0.1	-0.1	5.46281
13048016	197	0.1	-0.1	-4.95878
13048016	198	0.1	-0.1	3.86396
13048016	199	0.1	-0.1	2.71882
13048016	200	0.1	-0.1	1.34087
13048016	201	0.1	-0.1	2.85406
13048016	202	0.1	-0.1	1.06184
13048016	203	0.1	-0.1	-1.63071
13048016	204	0.1	-0.1	1.00775
13048016	205	0.1	-0.1	-4.68273
13048016	206	0.1	-0.1	1.23657
13048016	207	0.1	-0.1	3.82315
13048016	208	0.1	-0.1	1.84528
13048016	209	0.1	-0.1	-3.29387
13048016	210	0.1	-0.1	-3.98629
13048016	211	0.1	-0.1	-0.255401
13048016	212	0.1	-0.1	5.15548
13048016	213	0.1	-0.1	-2.29721
13048016	214	0.1	-0.1	1.1139
13048016	215	0.1	-0.1	-1.53556
13048016	216	0.1	-0.1	3.04485
13048016	217	0.1	-0.1	5.56862
13048016	218	0.1	-0.1	2.82769
13048016	219	0.1	-0.1	-2.06592
13048016	220	0.1	-0.1	3.50178
13048016	221	0.1	-0.1	2.68077
13048016	222	0.1	-0.1	0.814552
13048016	223	0.1	-0.1	-3.66678
13048016	224	0.1	-0.1	0.227676
13048016	225	0.1	-0.1	4.11063
13048016	226	0.1	-0.1	0.763993
13048016	227	0.1	-0.1	0.208264
13048016	228	0.1	-0.1	-2.83296
13048016	229	0.1	-0.1	-5.87885
13048016	230	0.1	-0.1	5.82992
13048016	231	0.1	-0.1	1.57656
13048016	232	0.1	-0.1	2.73852
13048016	233	0.1	-0.1	4.10477
13048016	234	0.1	-0.1	-0.523742
13048016	235	0.1	-0.1	4.38682
13048016	236	0.1	-0.1	-2.16894
13048016	237	0.1	-0.1	-0.0599406
13048016	238	0.1	-0.1	0.571366
13048016	239	0.1	-0.1	-1.86093
13048016	240	0.1	-0.1	-0.00914125
13048016	241	0.1	-0.1	4.31355
13048016	242	0.1	-0.1	-2.54201
13048016	243	0.1	-0.1	-3.6136
13048016	244	0.1	-0.1	-4.78128
13048016	245	0.1	-0.1	0.717977
13048016	246	0.1	-0.1	-1.30107
13048016	247	0.1	-0.1	4.92201
13048016	248	0.1	-0.1	0.0140079
13048016	249	0.1	-0.1	-5.2464
13048016	250	0.1	-0.1	-4.53484
13048016	251	0.1	-0.1	-3.62228
13048016	252	0.1	-0.1	-3.57695
13048016	253	0.1	-0.1	1.93563
13048016	254	0.1	-0.1	-1.90806
13048016	255	0.1	-0.1	0.675387
13048016	256	0.1	-0.1	-5.68506
13048016	257	0.1	-0.1	3.84687
13048016	258	0.1	-0.1	-3.34858
13048016	259	0.1	-0.1	5.02558
13048016	260	0.1	-0.1	1.73305
13048016	261	0.1	-0.1	3.8119
13048016	262	0.1	-0.1	-4.12381
13048016	263	0.1	-0.1	-0.478018
13048016	264	0.1	-0.1	2.56111
13048016	265	0.1	-0.1	3.85112
13048016	266	0.1	-0.1	-5.04862
13048016	267	0.1	-0.1	2.75922
13048016	268	0.1	-0.1	1.64184
13048016	269	0.1	-0.1	-4.00428
13048016	270	0.1	-0.1	-5.79193
13048016	271	0.1	-0.1	5.39812
13048016	272	0.1	-0.1	3.82099
13048016	273	0.1	-0.1	0.258014
13048016	274	0.1	-0.1	-4.67346
13048016	275	0.1	-0.1	-0.209639
13048016	276	0.1	-0.1	3.51
13048016	277	0.1	-0.1	5.35492
13048016	278	0.1	-0.1	-1.15266
13048016	279	0.1	-0.1	2.94182
13048016	280	0.1	-0.1	-0.552999
13048016	281	0.1	-0.1	2.82287
13048016	282	0.1	-0.1	0.197032
13048016	283	0.1	-0.1	-0.224102
13048016	284	0.1	-0.1	3.84509
13048016	285	0.1	-0.1	-2.14977
13048016	286	0.1	-0.1	1.05348
13048016	287	0.1	-0.1	-1.29284
13048016	288	0.1	-0.1	-5.88644
13048016	289	0.1	-0.1	-3.2878
13048016	290	0.1	-0.1	-5.9276
13048016	291	0.1	-0.1	-3.1544
13048016	292	0.1	-0.1	-5.20815
13048016	293	0.1	-0.1	0.578042
13048016	294	0.1	-0.1	-1.34942
13048016	295	0.1	-0.1	-0.296179
13048016	296	0.1	-0.1	-3.06993
13048016	297	0.1	-0.1	-0.028518
13048016	298	0.1	-0.1	1.76742
13048016	299	0.1	-0.1	-1.91518
13048016	300	0.1	-0.1	-1.55929
13048016	301	0.1	-0.1	-2.97389
13048016	302	0.1	-0.1	5.24709
13048016	303	0.1	-0.1	1.26652
13048016	304	0.1	-0.1	-4.3295
13048016	305	0.1	-0.1	-2.20625
13048016	306	0.1	-0.1	-0.184978
13048016	307	0.1	-0.1	2.90361
13048016	308	0.1	-0.1	4.86163
13048016	309	0.1	-0.1	-1.63601
13048016	310	0.1	-0.1	5.05891
13048016	311	0.1	-0.1	3.54646
13048016	312	0.1	-0.1	-1.81343
13048016	313	0.1	-0.1	-1.35395
13048016	314	0.1	-0.1	1.41125
13048016	315	0.1	-0.1	-4.79318
13048016	316	0.1	-0.1	-2.05386
13048016	317	0.1	-0.1	2.77558
13048016	318	0.1	-0.1	1.211
13048016	319	0.1	-0.1	0.0777466
13048016	320	0.1	-0.1	-3.96995
13048016	321	0.1	-0.1	1.91763
13048016	322	0.1	-0.1	-2.58568
13048016	323	0.1	-0.1	1.66498
13048016	324	0.1	-0.1	2.79968
13048016	325	0.1	-0.1	1.42588
13048016	326	0.1	-0.1	2.72045
13048016	327	0.1	-0.1	3.08088
13048016	328	0.1	-0.1	1.52331
13048016	329	0.1	-0.1	0.983259
13048016	330	0.1	-0.1	4.50846
13048016	331	0.1	-0.1	0.98488
13048016	332	0.1	-0.1	1.84395
13048016	333	0.1	-0.1	-3.68765
13048016	334	0.1	-0.1	0.235284
13048016	335	0.1	-0.1	-2.04051
13048016	336	0.1	-0.1	-4.19003
13048016	337	0.1	-0.1	-5.05336
13048016	338	0.1	-0.1	3.04473
13048016	339	0.1	-0.1	2.56428
13048016	340	0.1	-0.1	2.99455
13048016	341	0.1	-0.1	3.21683
13048016	342	0.1	-0.1	0.303151
13048016	343	0.1	-0.1	-5.29599
13048016	344	0.1	-0.1	-2.90053
13048016	345	0.1	-0.1	-0.443802
13048016	346	0.1	-0.1	0.947167
13048016	347	0.1	-0.1	-5.08401
13048016	348	0.1	-0.1	0.138842
13048016	349	0.1	-0.1	4.20278
13048016	350	0.1	-0.1	-4.14779
13048016	351	0.1	-0.1	5.23471
13048016	352	0.1	-0.1	1.35113
13048016	353	0.1	-0.1	-1.00576
13048016	354	0.1	-0.1	-3.92013
13048016	355	0.1	-0.1	-0.695157
13048016	356	0.1	-0.1	1.57395
13048016	357	0.1	-0.1	-4.29085
13048016	358	0.1	-0.1	-2.3414
13048016	359	0.1	-0.1	1.82607
13048016	360	0.1	-0.1	0.200508
13048016	361	0.1	-0.1	-1.77639
13048016	362	0.1	-0.1	-0.688284
13048016	363	0.1	-0.1	1.08035
13048016	364	0.1	-0.1	-5.57957
13048016	365	0.1	-0.1	-5.51853
13048016	366	0.1	-0.1	4.65445
13048016	367	0.1	-0.1	-2.787
13048016	368	0.1	-0.1	1.01478
13048016	369	0.1	-0.1	4.27967
13048016	370	0.1	-0.1	-0.0367438
13048016	371	0.1	-0.1	0.945154
13048016	372	0.1	-0.1	-3.42657
13048016	373	0.1	-0.1	1.97919
13048016	374	0.1	-0.1	-2.56786
13048016	375	0.1	-0.1	5.0102
13048016	376	0.1	-0.1	0.331825
13048016	377	0.1	-0.1	4.07876
13048016	378	0.1	-0.1	3.06338
13048016	379	0.1	-0.1	4.15571
13048016	380	0.1	-0.1	-2.32711
13048016	381	0.1	-0.1	-5.55218
13048016	382	0.1	-0.1	0.55571
13048016	383	0.1	-0.1	-0.377644
13048016	384	0.1	-0.1	1.59097
13048016	385	0.1	-0.1	-1.32857
13048016	386	0.1	-0.1	0.762437
13048016	387	0.1	-0.1	-0.886484
13048016	388	0.1	-0.1	-2.79983
13048016	389	0.1	-0.1	-1.0122
13048016	390	0.1	-0.1	-5.21207
13048016	391	0.1	-0.1	-3.0934
13048016	392	0.1	-0.1	3.54552
13048016	393	0.1	-0.1	-3.09515
13048016	394	0.1	-0.1	-0.265437
13048016	395	0.1	-0.1	-4.20634
13048016	396	0.1	-0.1	1.4237
13048016	397	0.1	-0.1	3.28787
13048016	398	0.1	-0.1	5.55122
13048016	399	0.1	-0.1	-0.376985
13048016	400	0.1	-0.1	-1.86468
13048016	401	0.1	-0.1	-3.99773
13048016	402	0.1	-0.1	-4.19178
13048016	403	0.1	-0.1	-1.82706
13048016	404	0.1	-0.1	-2.04379
13048016	405	0.1	-0.1	1.40874
13048016	406	0.1	-0.1	0.431733
13048016	407	0.1	-0.1	-0.847295
13048016	408	0.1	-0.1	-1.36017
13048016	409	0.1	-0.1	2.80151
13048016	410	0.1	-0.1	-2.51817
13048016	411	0.1	-0.1	2.15086
13048016	412	0.1	-0.1	-2.32482
13048016	413	0.1	-0.1	-4.24093
13048016	414	0.1	-0.1	0.549064
13048016	415	0.1	-0.1	-2.47805
13048016	416	0.1	-0.1	-3.03432
13048016	417	0.1	-0.1	2.67013
13048016	418	0.1	-0.1	2.83486
13048016	419	0.1	-0.1	-1.35854
13048016	420	0.1	-0.1	1.50012
13048016	421	0.1	-0.1	-5.2717
13048016	422	0.1	-0.1	3.29335
13048016	423	0.1	-0.1	-3.38331
13048016	424	0.1	-0.1	0.0140576
13048016	425	0.1	-0.1	-0.0164071
13048016	426	0.1	-0.1	5.34968
13048016	427	0.1	-0.1	-2.18543
13048016	428	0.1	-0.1	0.0244741
13048016	429	0.1	-0.1	3.15112
13048016	430	0.1	-0.1	1.65381
13048016	431	0.1	-0.1	3.85916
13048016	432	0.1	-0.1	-2.29254
13048016	433	0.1	-0.1	3.58122
13048016	434	0.1	-0.1	4.55078
13048016	435	0.1	-0.1	-2.85729
13048016	436	0.1	-0.1	-0.537881
13048016	437	0.1	-0.1	-4.17331
13048016	438	0.1	-0.1	-5.75833
13048016	439	0.1	-0.1	-5.10178
13048016	440	0.1	-0.1	3.34913
13048016	441	0.1	-0.1	0.34058
13048016	442	0.1	-0.1	5.92302
13048016	443	0.1	-0.1	1.46112
13048016	444	0.1	-0.1	-2.90665
13048016	445	0.1	-0.1	3.20305
13048016	446	0.1	-0.1	5.8241
13048016	447	0.1	-0.1	-4.58711
13048016	448	0.1	-0.1	0.892222
13048016	449	0.1	-0.1	3.38731
13048016	450	0.1	-0.1	-2.17339
13048016	451	0.1	-0.1	2.61732
13048016	452	0.1	-0.1	2.31755
13048016	453	0.1	-0.1	3.11139
13048016	454	0.1	-0.1	3.34116
13048016	455	0.1	-0.1	2.60367
13048016	456	0.1	-0.1	0.641796
13048016	457	0.1	-0.1	0.550368
13048016	458	0.1	-0.1	-3.13306
13048016	459	0.1	-0.1	1.45308
13048016	460	0.1	-0.1	2.59903
13048016	461	0.1	-0.1	-3.13912
13048016	462	0.1	-0.1	-1.85448
13048016	463	0.1	-0.1	-1.35224
13048016	464	0.1	-0.1	-0.653747
13048016	465	0.1	-0.1	5.9868
13048016	466	0.1	-0.1	5.64348
13048016	467	0.1	-0.1	5.98834
13048016	468	0.1	-0.1	2.31299
13048016	469	0.1	-0.1	4.48539
13048016	470	0.1	-0.1	-4.11554
13048016	471	0.1	-0.1	-5.183
13048016	472	0.1	-0.1	4.46565
13048016	473	0.1	-0.1	1.43928
13048016	474	0.1	-0.1	2.92218
13048016	475	0.1	-0.1	-2.97633
13048016	476	0.1	-0.1	4.07722
13048016	477	0.1	-0.1	-3.5388
13048016	478	0.1	-0.1	-3.05178
13048016	479	0.1	-0.1	-2.61173
13048016	480	0.1	-0.1	-5.09019
13048016	481	0.1	-0.1	-4.81584
13048016	482	0.1	-0.1	-2.45059
13048016	483	0.1	-0.1	5.73291
13048016	484	0.1	-0.1	-1.56417
13048016	485	0.1	-0.1	-1.7937
13048016	486	0.1	-0.1	2.4334
13048016	487	0.1	-0.1	-2.89266
13048016	488	0.1	-0.1	-4.12478
13048016	489	0.1	-0.1	-3.95495
13048016	490	0.1	-0.1	-0.448167
13048016	491	0.1	-0.1	-5.20038
13048016	492	0.1	-0.1	2.70538
13048016	493	0.1	-0.1	-3.5789
13048016	494	0.1	-0.1	-2.23134
13048016	495	0.1	-0.1	-4.84754
13048016	496	0.1	-0.1	-1.40401
13048016	497	0.1	-0.1	4.22174
13048016	498	0.1	-0.1	-0.887066
13048016	499	0.1	-0.1	2.06827
13048016	500	0.1	-0.1	-3.45087
13048016	501	0.1	-0.1	4.08737
13048016	502	0.1	-0.1	1.12287
13048016	503	0.1	-0.1	-4.72137
13048016	504	0.1	-0.1	2.61897
13048016	505	0.1	-0.1	1.5306
13048016	506	0.1	-0.1	-4.76463
13048016	507	0.1	-0.1	1.94498
13048016	508	0.1	-0.1	1.79776
13048016	509	0.1	-0.1	0.896082
13048016	510	0.1	-0.1	-4.43699
13048016	511	0.1	-0.1	2.26862
13048016	512	0.1	-0.1	-0.632167
13048016	513	0.1	-0.1	-4.15006
13048016	514	0.1	-0.1	3.83133
13048016	515	0.1	-0.1	-5.78552
13048016	516	0.1	-0.1	-5.07324
13048016	517	0.1	-0.1	3.6082
13048016	518	0.1	-0.1	1.53708
13048016	519	0.1	-0.1	4.69792
13048016	520	0.1	-0.1	-5.95184
13048016	521	0.1	-0.1	0.703798
13048016	522	0.1	-0.1	4.44414
13048016	523	0.1	-0.1	-4.92932
13048016	524	0.1	-0.1	3.61399
13048016	525	0.1	-0.1	4.12791
13048016	526	0.1	-0.1	-2.47774
13048016	527	0.1	-0.1	-0.711998
13048016	528	0.1	-0.1	-1.57038
13048016	529	0.1	-0.1	0.321275
13048016	530	0.1	-0.1	1.5714
13048016	531	0.1	-0.1	4.7786
13048016	532	0.1	-0.1	0.0215179
13048016	533	0.1	-0.1	4.64895
13048016	534	0.1	-0.1	5.8165
13048016	535	0.1	-0.1	-1.42031
13048016	536	0.1	-0.1	0.538187
13048016	537	0.1	-0.1	0.810566
13048016	538	0.1	-0.1	4.00729
13048016	539	0.1	-0.1	-2.35787
13048016	540	0.1	-0.1	-2.73464
13048016	541	0.1	-0.1	-4.37406
13048016	542	0.1	-0.1	-5.24175
13048016	543	0.1	-0.1	4.64544
13048016	544	0.1	-0.1	0.226156
13048016	545	0.1	-0.1	-0.274246
13048016	546	0.1	-0.1	-5.15699
13048016	547	0.1	-0.1	1.69817
13048016	548	0.1	-0.1	2.20154
13048016	549	0.1	-0.1	2.57271
13048016	550	0.1	-0.1	4.67198
13048016	551	0.1	-0.1	-2.87626
13048016	552	0.1	-0.1	-3.30402
13048016	553	0.1	-0.1	-5.47079
13048016	554	0.1	-0.1	4.75633
13048016	555	0.1	-0.1	-5.08722
13048016	556	0.1	-0.1	5.75564
13048016	557	0.1	-0.1	-2.18102
13048016	558	0.1	-0.1	2.51871
13048016	559	0.1	-0.1	2.33985
13048016	560	0.1	-0.1	-2.41708
13048016	561	0.1	-0.1	2.31253
13048016	562	0.1	-0.1	-0.980211
13048016	563	0.1	-0.1	-1.77317
13048016	564	0.1	-0.1	1.47291
13048016	565	0.1	-0.1	-3.50489
13048016	566	0.1	-0.1	-0.19873
13048016	567	0.1	-0.1	4.42699
13048016	568	0.1	-0.1	2.76086
13048016	569	0.1	-0.1	-5.52362
13048016	570	0.1	-0.1	-1.59608
13048016	571	0.1	-0.1	5.77538
13048016	572	0.1	-0.1	5.8098
13048016	573	0.1	-0.1	-2.66334
13048016	574	0.1	-0.1	-3.11699
13048016	575	0.1	-0.1	5.61487
13048016	576	0.1	-0.1	-1.75309
13048016	577	0.1	-0.1	3.84694
13048016	578	0.1	-0.1	-3.32919
13048016	579	0.1	-0.1	3.3073
13048016	580	0.1	-0.1	5.11868
13048016	581	0.1	-0.1	-2.95827
13048016	582	0.1	-0.1	4.83845
13048016	583	0.1	-0.1	5.43759
13048016	584	0.1	-0.1	-3.51582
13048016	585	0.1	-0.1	4.87514
13048016	586	0.1	-0.1	3.00958
13048016	587	0.1	-0.1	5.32458
13048016	588	0.1	-0.1	1.05598
13048016	589	0.1	-0.1	-3.07032
13048016	590	0.1	-0.1	-3.19276
13048016	591	0.1	-0.1	-2.56788
13048016	592	0.1	-0.1	-5.55724
13048016	593	0.1	-0.1	1.57872
13048016	594	0.1	-0.1	2.01409
13048016	595	0.1	-0.1	-2.84446
13048016	596	0.1	-0.1	4.19761
13048016	597	0.1	-0.1	0.848829
13048016	598	0.1	-0.1	2.04692
13048016	599	0.1	-0.1	1.45903
13048016	600	0.1	-0.1	1.45236
13048016	601	0.1	-0.1	-5.05236
13048016	602	0.1	-0.1	-3.27727
13048016	603	0.1	-0.1	-1.06704
13048016	604	0.1	-0.1	-3.14879
13048016	605	0.1	-0.1	-5.11904
13048016	606	0.1	-0.1	-5.61058
13048016	607	0.1	-0.1	2.69326
13048016	608	0.1	-0.1	-0.424602
13048016	609	0.1	-0.1	-2.03126
13048016	610	0.1	-0.1	2.16489
13048016	611	0.1	-0.1	0.649101
13048016	612	0.1	-0.1	4.37526
13048016	613	0.1	-0.1	-2.86134
13048016	614	0.1	-0.1	4.70004
13048016	615	0.1	-0.1	1.05389
13048016	616	0.1	-0.1	5.10178
13048016	617	0.1	-0.1	-4.38734
13048016	618	0.1	-0.1	3.36424
13048016	619	0.1	-0.1	-3.99607
13048016	620	0.1	-0.1	5.08191
13048016	621	0.1	-0.1	4.94783
13048016	622	0.1	-0.1	5.51907
13048016	623	0.1	-0.1	-1.54885
13048016	624	0.1	-0.1	-1.3915
13048016	625	0.1	-0.1	-2.20399
13048016	626	0.1	-0.1	-2.71014
13048016	627	0.1	-0.1	-2.95791
13048016	628	0.1	-0.1	1.47681
13048016	629	0.1	-0.1	-4.00456
13048016	630	0.1	-0.1	-0.304677
13048016	631	0.1	-0.1	4.99404
13048016	632	0.1	-0.1	-2.94552
13048016	633	0.1	-0.1	4.82691
13048016	634	0.1	-0.1	-0.82959
13048016	635	0.1	-0.1	-0.00780625
13048016	636	0.1	-0.1	-2.29539
13048016	637	0.1	-0.1	-3.15174
13048016	638	0.1	-0.1	2.87987
13048016	639	0.1	-0.1	-3.97234
13048016	640	0.1	-0.1	-3.78096
13048016	641	0.1	-0.1	0.144612
13048016	642	0.1	-0.1	2.57481
13048016	643	0.1	-0.1	-4.94255
13048016	644	0.1	-0.1	-4.09579
13048016	645	0.1	-0.1	-0.221745
13048016	646	0.1	-0.1	-0.354922
13048016	647	0.1	-0.1	2.99031
13048016	648	0.1	-0.1	1.24062
13048016	649	0.1	-0.1	-2.28164
13048016	650	0.1	-0.1	5.51785
13048016	651	0.1	-0.1	0.0418935
13048016	652	0.1	-0.1	4.92305
13048016	653	0.1	-0.1	3.95441
13048016	654	0.1	-0.1	0.433496
13048016	655	0.1	-0.1	-4.48586
13048016	656	0.1	-0.1	3.11017
13048016	657	0.1	-0.1	1.86305
13048016	658	0.1	-0.1	1.25793
13048016	659	0.1	-0.1	-3.51119
13048016	660	0.1	-0.1	-2.70901
13048016	661	0.1	-0.1	-2.72718
13048016	662	0.1	-0.1	-1.81492
13048016	663	0.1	-0.1	5.58766
13048016	664	0.1	-0.1	-2.95839
13048016	665	0.1	-0.1	1.72286
13048016	666	0.1	-0.1	0.646635
13048016	667	0.1	-0.1	2.76288
13048016	668	0.1	-0.1	-2.99119
13048016	669	0.1	-0.1	0.158367
13048016	670	0.1	-0.1	-2.50029
13048016	671	0.1	-0.1	2.93286
13048016	672	0.1	-0.1	-3.22391
13048016	673	0.1	-0.1	0.214637
13048016	674	0.1	-0.1	4.71491
13048016	675	0.1	-0.1	-3.61846
13048016	676	0.1	-0.1	-4.33501
13048016	677	0.1	-0.1	-3.17586
13048016	678	0.1	-0.1	-0.0765909
13048016	679	0.1	-0.1	1.12669
13048016	680	0.1	-0.1	3.65993
13048016	681	0.1	-0.1	5.58514
13048016	682	0.1	-0.1	3.29258
13048016	683	0.1	-0.1	4.43797
13048016	684	0.1	-0.1	-5.40891
13048016	685	0.1	-0.1	-2.27343
13048016	686	0.1	-0.1	3.42934
13048016	687	0.1	-0.1	-3.32013
13048016	688	0.1	-0.1	-1.42844
13048016	689	0.1	-0.1	0.819942
13048016	690	0.1	-0.1	-4.05651
13048016	691	0.1	-0.1	-4.84871
13048016	692	0.1	-0.1	3.4174
13048016	693	0.1	-0.1	4.41819
13048016	694	0.1	-0.1	-5.61226
13048016	695	0.1	-0.1	5.8826
13048016	696	0.1	-0.1	3.90938
13048016	697	0.1	-0.1	-3.401
13048016	698	0.1	-0.1	-2.76665
13048016	699	0.1	-0.1	2.50558
13048016	700	0.1	-0.1	-4.66227
13048016	701	0.1	-0.1	-0.940189
13048016	702	0.1	-0.1	0.998202
13048016	703	0.1	-0.1	-0.336457
13048016	704	0.1	-0.1	5.39935
13048016	705	0.1	-0.1	3.87233
13048016	706	0.1	-0.1	2.25731
13048016	707	0.1	-0.1	0.562833
13048016	708	0.1	-0.1	3.65112
13048016	709	0.1	-0.1	-0.0612491
13048016	710	0.1	-0.1	1.96334
13048016	711	0.1	-0.1	-3.3896
13048016	712	0.1	-0.1	1.99801
13048016	713	0.1	-0.1	-4.55861
13048016	714	0.1	-0.1	-0.623997
13048016	715	0.1	-0.1	-5.69551
13048016	716	0.1	-0.1	-5.24665
13048016	717	0.1	-0.1	-4.05893
13048016	718	0.1	-0.1	1.04855
13048016	719	0.1	-0.1	0.745131
13048016	720	0.1	-0.1	-1.1339
13048016	721	0.1	-0.1	-4.379
13048016	722	0.1	-0.1	-5.75919
13048016	723	0.1	-0.1	2.81836
13048016	724	0.1	-0.1	1.898
13048016	725	0.1	-0.1	-0.455736
13048016	726	0.1	-0.1	-2.51457
13048016	727	0.1	-0.1	-3.3684
13048016	728	0.1	-0.1	5.92308
13048016	729	0.1	-0.1	2.04719
13048016	730	0.1	-0.1	-1.0898
13048016	731	0.1	-0.1	2.22396
13048016	732	0.1	-0.1	0.776974
13048016	733	0.1	-0.1	0.523284
13048016	734	0.1	-0.1	-3.9247
13048016	735	0.1	-0.1	-3.0735
13048016	736	0.1	-0.1	1.62483
13048016	737	0.1	-0.1	1.84131
13048016	738	0.1	-0.1	-2.07314
13048016	739	0.1	-0.1	5.08385
13048016	740	0.1	-0.1	-3.86681
13048016	741	0.1	-0.1	-5.75642
13048016	742	0.1	-0.1	1.35111
13048016	743	0.1	-0.1	-4.60912
13048016	744	0.1	-0.1	-5.75273
13048016	745	0.1	-0.1	5.50654
13048016	746	0.1	-0.1	-1.70145
13048016	747	0.1	-0.1	5.70291
13048016	748	0.1	-0.1	2.39483
13048016	749	0.1	-0.1	5.6976
13048016	750	0.1	-0.1	-4.46689
13048016	751	0.1	-0.1	4.46471
13048016	752	0.1	-0.1	-3.68392
13048016	753	0.1	-0.1	-3.78515
13048016	754	0.1	-0.1	-4.03576
13048016	755	0.1	-0.1	-2.21182
13048016	756	0.1	-0.1	2.31425
13048016	757	0.1	-0.1	1.0425
13048016	758	0.1	-0.1	0.418967
13048016	759	0.1	-0.1	4.03746
13048016	760	0.1	-0.1	-3.31204
13048016	761	0.1	-0.1	0.310157
13048016	762	0.1	-0.1	-0.862065
13048016	763	0.1	-0.1	-1.04966
13048016	764	0.1	-0.1	0.753469
13048016	765	0.1	-0.1	4.98038
13048016	766	0.1	-0.1	-2.39073
13048016	767	0.1	-0.1	-1.76901
13048016	768	0.1	-0.1	-5.52043
13048016	769	0.1	-0.1	3.74782
13048016	770	0.1	-0.1	1.71368
13048016	771	0.1	-0.1	2.91538
13048016	772	0.1	-0.1	-5.7554
13048016	773	0.1	-0.1	3.31634
13048016	774	0.1	-0.1	4.95233
13048016	775	0.1	-0.1	-4.25091
13048016	776	0.1	-0.1	-0.344709
13048016	777	0.1	-0.1	-4.07593
13048016	778	0.1	-0.1	2.56822
13048016	779	0.1	-0.1	5.61144
13048016	780	0.1	-0.1	4.25832
13048016	781	0.1	-0.1	-1.44737
13048016	782	0.1	-0.1	3.57314
13048016	783	0.1	-0.1	-4.66175
13048016	784	0.1	-0.1	-1.90585
13048016	785	0.1	-0.1	-1.82506
13048016	786	0.1	-0.1	-0.283957
13048016	787	0.1	-0.1	2.228
13048016	788	0.1	-0.1	-1.34521
13048016	789	0.1	-0.1	-2.57667
13048016	790	0.1	-0.1	-1.46452
13048016	791	0.1	-0.1	-5.11939
13048016	792	0.1	-0.1	1.29146
13048016	793	0.1	-0.1	0.767179
13048016	794	0.1	-0.1	4.63368
13048016	795	0.1	-0.1	3.39627
13048016	796	0.1	-0.1	-4.08699
13048016	797	0.1	-0.1	-4.16357
13048016	798	0.1	-0.1	1.6389
13048016	799	0.1	-0.1	-0.258523
13048016	800	0.1	-0.1	-5.64025
13048016	801	0.1	-0.1	-0.910287
13048016	802	0.1	-0.1	4.83486
13048016	803	0.1	-0.1	-5.48525
13048016	804	0.1	-0.1	-4.34269
13048016	805	0.1	-0.1	-4.90401
13048016	806	0.1	-0.1	0.17748
13048016	807	0.1	-0.1	-4.64406
13048016	808	0.1	-0.1	4.07996
13048016	809	0.1	-0.1	0.753873
13048016	810	0.1	-0.1	4.92213
13048016	811	0.1	-0.1	4.88116
13048016	812	0.1	-0.1	1.49577
13048016	813	0.1	-0.1	4.64765
13048016	814	0.1	-0.1	4.16741
13048016	815	0.1	-0.1	3.28649
13048016	816	0.1	-0.1	0.822679
13048016	817	0.1	-0.1	-3.84815
13048016	818	0.1	-0.1	-2.42792
13048016	819	0.1	-0.1	3.68399
13048016	820	0.1	-0.1	-1.76045
13048016	821	0.1	-0.1	5.10725
13048016	822	0.1	-0.1	1.65311
13048016	823	0.1	-0.1	-4.56016
13048016	824	0.1	-0.1	-4.36804
13048016	825	0.1	-0.1	2.62562
13048016	826	0.1	-0.1	5.49594
13048016	827	0.1	-0.1	1.65324
13048016	828	0.1	-0.1	-1.73292
13048016	829	0.1	-0.1	-0.393927
13048016	830	0.1	-0.1	0.93157
13048016	831	0.1	-0.1	5.7618
13048016	832	0.1	-0.1	-1.3983
13048016	833	0.1	-0.1	-2.47188
13048016	834	0.1	-0.1	-1.81084
13048016	835	0.1	-0.1	1.859
13048016	836	0.1	-0.1	-1.46812
13048016	837	0.1	-0.1	5.19745
13048016	838	0.1	-0.1	-4.12709
13048016	839	0.1	-0.1	2.192
13048016	840	0.1	-0.1	3.71002
13048016	841	0.1	-0.1	-3.50927
13048016	842	0.1	-0.1	2.00208
13048016	843	0.1	-0.1	1.13655
13048016	844	0.1	-0.1	2.41573
13048016	845	0.1	-0.1	1.09322
13048016	846	0.1	-0.1	4.64823
13048016	847	0.1	-0.1	-0.134921
13048016	848	0.1	-0.1	1.12423
13048016	849	0.1	-0.1	2.70873
13048016	850	0.1	-0.1	-3.63752
13048016	851	0.1	-0.1	-4.91287
13048016	852	0.1	-0.1	-2.08072
13048016	853	0.1	-0.1	-1.19483
13048016	854	0.1	-0.1	1.53893
13048016	855	0.1	-0.1	-2.10159
13048016	856	0.1	-0.1	-1.78132
13048016	857	0.1	-0.1	1.46791
13048016	858	0.1	-0.1	-0.725072
13048016	859	0.1	-0.1	4.9376
13048016	860	0.1	-0.1	2.97992
13048016	861	0.1	-0.1	3.29116
13048016	862	0.1	-0.1	1.78343
13048016	863	0.1	-0.1	1.94041
13048016	864	0.1	-0.1	1.46999
13048016	865	0.1	-0.1	-3.71609
13048016	866	0.1	-0.1	2.54424
13048016	867	0.1	-0.1	-1.04763
13048016	868	0.1	-0.1	0.726192
13048016	869	0.1	-0.1	-3.3032
13048016	870	0.1	-0.1	5.02431
13048016	871	0.1	-0.1	-5.71598
13048016	872	0.1	-0.1	-2.0008
13048016	873	0.1	-0.1	-1.7227
13048016	874	0.1	-0.1	-5.53369
13048016	875	0.1	-0.1	5.45655
13048016	876	0.1	-0.1	1.43907
13048016	877	0.1	-0.1	0.436481
13048016	878	0.1	-0.1	1.8009
13048016	879	0.1	-0.1	4.16557
13048016	880	0.1	-0.1	0.633004
13048016	881	0.1	-0.1	0.151146
13048016	882	0.1	-0.1	5.55092
13048016	883	0.1	-0.1	0.0631479
13048016	884	0.1	-0.1	4.13424
13048016	885	0.1	-0.1	-3.51942
13048016	886	0.1	-0.1	-3.68273
13048016	887	0.1	-0.1	-1.05305
13048016	888	0.1	-0.1	0.507501
13048016	889	0.1	-0.1	3.27554
13048016	890	0.1	-0.1	-5.37088
13048016	891	0.1	-0.1	0.369183
13048016	892	0.1	-0.1	-5.53615
13048016	893	0.1	-0.1	3.64204
13048016	894	0.1	-0.1	-3.51574
13048016	895	0.1	-0.1	-3.1659
13048016	896	0.1	-0.1	2.63539
13048016	897	0.1	-0.1	-4.54413
13048016	898	0.1	-0.1	3.00847
13048016	899	0.1	-0.1	4.23076
13048016	900	0.1	-0.1	2.59903
13048016	901	0.1	-0.1	4.94286
13048016	902	0.1	-0.1	-0.0823402
13048016	903	0.1	-0.1	-5.36888
13048016	904	0.1	-0.1	2.55548
13048016	905	0.1	-0.1	2.52962
13048016	906	0.1	-0.1	4.77267
13048016	907	0.1	-0.1	4.63691
13048016	908	0.1	-0.1	-2.54684
13048016	909	0.1	-0.1	2.74506
13048016	910	0.1	-0.1	4.20086
13048016	911	0.1	-0.1	2.80746
13048016	912	0.1	-0.1	0.633457
13048016	913	0.1	-0.1	5.55555
13048016	914	0.1	-0.1	5.13801
13048016	915	0.1	-0.1	-2.56119
13048016	916	0.1	-0.1	-0.113439
13048016	917	0.1	-0.1	3.16654
13048016	918	0.1	-0.1	1.29325
13048016	919	0.1	-0.1	-4.0473
13048016	920	0.1	-0.1	0.172353
13048016	921	0.1	-0.1	5.11859
13048016	922	0.1	-0.1	-2.24284
13048016	923	0.1	-0.1	3.759
13048016	924	0.1	-0.1	4.13522
13048016	925	0.1	-0.1	2.19026
13048016	926	0.1	-0.1	4.28054
13048016	927	0.1	-0.1	5.42249
13048016	928	0.1	-0.1	2.03619
13048016	929	0.1	-0.1	5.15833
13048016	930	0.1	-0.1	-5.85097
13048016	931	0.1	-0.1	5.42178
13048016	932	0.1	-0.1	0.67601
13048016	933	0.1	-0.1	-2.14373
13048016	934	0.1	-0.1	3.39188
13048016	935	0.1	-0.1	-3.13254
13048016	936	0.1	-0.1	-5.08207
13048016	937	0.1	-0.1	1.02415
13048016	938	0.1	-0.1	-3.35806
13048016	939	0.1	-0.1	4.64018
13048016	940	0.1	-0.1	-4.83344
13048016	941	0.1	-0.1	-4.15047
13048016	942	0.1	-0.1	-0.422452
13048016	943	0.1	-0.1	-5.47905
13048016	944	0.1	-0.1	5.16003
13048016	945	0.1	-0.1	1.56514
13048016	946	0.1	-0.1	-2.04036
13048016	947	0.1	-0.1	3.78174
13048016	948	0.1	-0.1	5.32397
13048016	949	0.1	-0.1	-3.65042
13048016	950	0.1	-0.1	0.549459
13048016	951	0.1	-0.1	0.229663
13048016	952	0.1	-0.1	1.3267
13048016	953	0.1	-0.1	0.297722
13048016	954	0.1	-0.1	-0.581572
13048016	955	0.1	-0.1	-3.54552
13048016	956	0.1	-0.1	1.60128
13048016	957	0.1	-0.1	-0.242798
13048016	958	0.1	-0.1	-3.96074
13048016	959	0.1	-0.1	-5.83372
13048016	960	0.1	-0.1	-2.23404
13048016	961	0.1	-0.1	5.26348
13048016	962	0.1	-0.1	5.41919
13048016	963	0.1	-0.1	2.26466
13048016	964	0.1	-0.1	-4.21687
13048016	965	0.1	-0.1	3.09203
13048016	966	0.1	-0.1	2.82265
13048016	967	0.1	-0.1	3.14312
13048016	968	0.1	-0.1	-0.353145
13048016	969	0.1	-0.1	-1.29853
13048016	970	0.1	-0.1	-4.35743
13048016	971	0.1	-0.1	-3.41098
13048016	972	0.1	-0.1	1.56477
13048016	973	0.1	-0.1	5.30986
13048016	974	0.1	-0.1	-3.57268
13048016	975	0.1	-0.1	-3.75008
13048016	976	0.1	-0.1	-4.72429
13048016	977	0.1	-0.1	-5.66751
13048016	978	0.1	-0.1	1.76846
13048016	979	0.1	-0.1	-4.10227
13048016	980	0.1	-0.1	-0.209802
13048016	981	0.1	-0.1	3.126
13048016	982	0.1	-0.1	3.53823
13048016	983	0.1	-0.1	-2.25238
13048016	984	0.1	-0.1	-1.66554
13048016	985	0.1	-0.1	5.68007
13048016	986	0.1	-0.1	-4.05812
13048016	987	0.1	-0.1	4.8962
13048016	988	0.1	-0.1	1.83338
13048016	989	0.1	-0.1	-4.30301
13048016	990	0.1	-0.1	0.497018
13048016	991	0.1	-0.1	2.05595
13048016	992	0.1	-0.1	-4.17852
13048016	993	0.1	-0.1	2.06496
13048016	994	0.1	-0.1	4.29996
13048016	995	0.1	-0.1	-5.59332
13048016	996	0.1	-0.1	1.14089
13048016	997	0.1	-0.1	1.10367
13048016	998	0.1	-0.1	2.57258
13048016	999	0.1	-0.1	5.41931
13048016	1000	0.1	-0.1	-5.09346
