13041110	1	0.1	-0.1	-5.13347
13041110	2	0.1	-0.1	-2.82273
13041110	3	0.1	-0.1	1.06721
13041110	4	0.1	-0.1	4.0175
13041110	5	0.1	-0.1	-0.225337
13041110	6	0.1	-0.1	-4.80316
13041110	7	0.1	-0.1	-3.76656
13041110	8	0.1	-0.1	4.38362
13041110	9	0.1	-0.1	-0.482769
13041110	10	0.1	-0.1	-3.28137
13041110	11	0.1	-0.1	-3.02234
13041110	12	0.1	-0.1	1.76351
13041110	13	0.1	-0.1	-2.52779
13041110	14	0.1	-0.1	5.42005
13041110	15	0.1	-0.1	2.09632
13041110	16	0.1	-0.1	3.24895
13041110	17	0.1	-0.1	-1.75586
13041110	18	0.1	-0.1	-2.11619
13041110	19	0.1	-0.1	-1.35815
13041110	20	0.1	-0.1	2.26898
13041110	21	0.1	-0.1	-1.94424
13041110	22	0.1	-0.1	-4.83754
13041110	23	0.1	-0.1	3.95337
13041110	24	0.1	-0.1	-4.59846
13041110	25	0.1	-0.1	-5.61795
13041110	26	0.1	-0.1	4.27103
13041110	27	0.1	-0.1	0.303845
13041110	28	0.1	-0.1	-3.8952
13041110	29	0.1	-0.1	2.92313
13041110	30	0.1	-0.1	0.0500465
13041110	31	0.1	-0.1	-4.0444
13041110	32	0.1	-0.1	-5.14565
13041110	33	0.1	-0.1	-4.21243
13041110	34	0.1	-0.1	-4.47032
13041110	35	0.1	-0.1	4.6378
13041110	36	0.1	-0.1	-0.523104
13041110	37	0.1	-0.1	4.33632
13041110	38	0.1	-0.1	1.97131
13041110	39	0.1	-0.1	0.310178
13041110	40	0.1	-0.1	3.38544
13041110	41	0.1	-0.1	3.32515
13041110	42	0.1	-0.1	1.23303
13041110	43	0.1	-0.1	-5.14906
13041110	44	0.1	-0.1	2.26211
13041110	45	0.1	-0.1	-4.36954
13041110	46	0.1	-0.1	3.15368
13041110	47	0.1	-0.1	2.03596
13041110	48	0.1	-0.1	5.65753
13041110	49	0.1	-0.1	-4.11012
13041110	50	0.1	-0.1	0.348432
13041110	51	0.1	-0.1	4.5694
13041110	52	0.1	-0.1	3.40286
13041110	53	0.1	-0.1	-4.80972
13041110	54	0.1	-0.1	5.01664
13041110	55	0.1	-0.1	0.0622103
13041110	56	0.1	-0.1	-5.98473
13041110	57	0.1	-0.1	5.72587
13041110	58	0.1	-0.1	0.682666
13041110	59	0.1	-0.1	5.96368
13041110	60	0.1	-0.1	-0.0391001
13041110	61	0.1	-0.1	0.0282811
13041110	62	0.1	-0.1	-1.43781
13041110	63	0.1	-0.1	3.11273
13041110	64	0.1	-0.1	-1.29593
13041110	65	0.1	-0.1	5.68317
13041110	66	0.1	-0.1	1.40367
13041110	67	0.1	-0.1	-2.6058
13041110	68	0.1	-0.1	1.3257
13041110	69	0.1	-0.1	-0.249038
13041110	70	0.1	-0.1	-2.56155
13041110	71	0.1	-0.1	0.255201
13041110	72	0.1	-0.1	-2.55588
13041110	73	0.1	-0.1	-3.19107
13041110	74	0.1	-0.1	2.19057
13041110	75	0.1	-0.1	2.49505
13041110	76	0.1	-0.1	4.03689
13041110	77	0.1	-0.1	-2.4539
13041110	78	0.1	-0.1	0.829897
13041110	79	0.1	-0.1	-5.41793
13041110	80	0.1	-0.1	0.221715
13041110	81	0.1	-0.1	3.89289
13041110	82	0.1	-0.1	1.32396
13041110	83	0.1	-0.1	-3.86494
13041110	84	0.1	-0.1	2.18517
13041110	85	0.1	-0.1	-2.8268
13041110	86	0.1	-0.1	4.91921
13041110	87	0.1	-0.1	-4.88415
13041110	88	0.1	-0.1	-3.4685
13041110	89	0.1	-0.1	-4.1977
13041110	90	0.1	-0.1	1.19701
13041110	91	0.1	-0.1	-4.38296
13041110	92	0.1	-0.1	3.82966
13041110	93	0.1	-0.1	-3.40213
13041110	94	0.1	-0.1	4.81254
13041110	95	0.1	-0.1	-2.05411
13041110	96	0.1	-0.1	2.44275
13041110	97	0.1	-0.1	3.89629
13041110	98	0.1	-0.1	5.09242
13041110	99	0.1	-0.1	-3.66231
13041110	100	0.1	-0.1	-5.0093
13041110	101	0.1	-0.1	3.9349
13041110	102	0.1	-0.1	3.682
13041110	103	0.1	-0.1	-4.47755
13041110	104	0.1	-0.1	4.55843
13041110	105	0.1	-0.1	-2.7317
13041110	106	0.1	-0.1	-5.79812
13041110	107	0.1	-0.1	-1.33555
13041110	108	0.1	-0.1	-3.91369
13041110	109	0.1	-0.1	-4.90075
13041110	110	0.1	-0.1	2.53766
13041110	111	0.1	-0.1	4.64398
13041110	112	0.1	-0.1	5.57531
13041110	113	0.1	-0.1	4.04552
13041110	114	0.1	-0.1	3.81992
13041110	115	0.1	-0.1	-5.1571
13041110	116	0.1	-0.1	-4.26731
13041110	117	0.1	-0.1	-2.05143
13041110	118	0.1	-0.1	5.37981
13041110	119	0.1	-0.1	-3.81321
13041110	120	0.1	-0.1	-5.57497
13041110	121	0.1	-0.1	3.98087
13041110	122	0.1	-0.1	-2.65383
13041110	123	0.1	-0.1	0.68795
13041110	124	0.1	-0.1	-3.07716
13041110	125	0.1	-0.1	-1.49388
13041110	126	0.1	-0.1	-3.81531
13041110	127	0.1	-0.1	3.11116
13041110	128	0.1	-0.1	0.512825
13041110	129	0.1	-0.1	2.4981
13041110	130	0.1	-0.1	-0.875424
13041110	131	0.1	-0.1	0.163772
13041110	132	0.1	-0.1	0.919257
13041110	133	0.1	-0.1	-1.05857
13041110	134	0.1	-0.1	-5.15556
13041110	135	0.1	-0.1	-2.49126
13041110	136	0.1	-0.1	1.93411
13041110	137	0.1	-0.1	3.40222
13041110	138	0.1	-0.1	-5.89716
13041110	139	0.1	-0.1	-4.31481
13041110	140	0.1	-0.1	2.9665
13041110	141	0.1	-0.1	4.46063
13041110	142	0.1	-0.1	-2.2388
13041110	143	0.1	-0.1	3.23609
13041110	144	0.1	-0.1	1.837
13041110	145	0.1	-0.1	4.34966
13041110	146	0.1	-0.1	-1.60501
13041110	147	0.1	-0.1	4.19251
13041110	148	0.1	-0.1	-2.45587
13041110	149	0.1	-0.1	-5.61467
13041110	150	0.1	-0.1	5.13577
13041110	151	0.1	-0.1	-4.52533
13041110	152	0.1	-0.1	-3.25363
13041110	153	0.1	-0.1	3.19363
13041110	154	0.1	-0.1	-1.25699
13041110	155	0.1	-0.1	-5.78569
13041110	156	0.1	-0.1	-4.07096
13041110	157	0.1	-0.1	-1.09132
13041110	158	0.1	-0.1	4.91483
13041110	159	0.1	-0.1	2.29349
13041110	160	0.1	-0.1	-0.985796
13041110	161	0.1	-0.1	1.29994
13041110	162	0.1	-0.1	-2.84466
13041110	163	0.1	-0.1	-0.272905
13041110	164	0.1	-0.1	-0.510503
13041110	165	0.1	-0.1	0.768706
13041110	166	0.1	-0.1	-3.03553
13041110	167	0.1	-0.1	-1.37163
13041110	168	0.1	-0.1	-0.113406
13041110	169	0.1	-0.1	1.09774
13041110	170	0.1	-0.1	-2.51529
13041110	171	0.1	-0.1	4.15949
13041110	172	0.1	-0.1	-1.84502
13041110	173	0.1	-0.1	-5.18184
13041110	174	0.1	-0.1	0.307514
13041110	175	0.1	-0.1	-5.08684
13041110	176	0.1	-0.1	-4.89036
13041110	177	0.1	-0.1	-1.44793
13041110	178	0.1	-0.1	1.16656
13041110	179	0.1	-0.1	2.44799
13041110	180	0.1	-0.1	5.83765
13041110	181	0.1	-0.1	2.55437
13041110	182	0.1	-0.1	-4.86762
13041110	183	0.1	-0.1	-5.62079
13041110	184	0.1	-0.1	2.59711
13041110	185	0.1	-0.1	4.86574
13041110	186	0.1	-0.1	-0.857019
13041110	187	0.1	-0.1	-5.12146
13041110	188	0.1	-0.1	-1.82508
13041110	189	0.1	-0.1	0.915762
13041110	190	0.1	-0.1	4.18985
13041110	191	0.1	-0.1	-2.15065
13041110	192	0.1	-0.1	-5.76008
13041110	193	0.1	-0.1	2.41647
13041110	194	0.1	-0.1	2.05743
13041110	195	0.1	-0.1	1.49942
13041110	196	0.1	-0.1	5.71248
13041110	197	0.1	-0.1	-3.99777
13041110	198	0.1	-0.1	5.78591
13041110	199	0.1	-0.1	2.14622
13041110	200	0.1	-0.1	4.46326
13041110	201	0.1	-0.1	3.16192
13041110	202	0.1	-0.1	3.27531
13041110	203	0.1	-0.1	-2.84748
13041110	204	0.1	-0.1	4.60737
13041110	205	0.1	-0.1	4.98447
13041110	206	0.1	-0.1	4.99202
13041110	207	0.1	-0.1	-0.78685
13041110	208	0.1	-0.1	4.64484
13041110	209	0.1	-0.1	0.988534
13041110	210	0.1	-0.1	-2.52663
13041110	211	0.1	-0.1	0.329664
13041110	212	0.1	-0.1	-4.14878
13041110	213	0.1	-0.1	5.85621
13041110	214	0.1	-0.1	-2.64319
13041110	215	0.1	-0.1	-5.49307
13041110	216	0.1	-0.1	0.146088
13041110	217	0.1	-0.1	0.419813
13041110	218	0.1	-0.1	-1.14741
13041110	219	0.1	-0.1	-1.55327
13041110	220	0.1	-0.1	1.88306
13041110	221	0.1	-0.1	-3.55671
13041110	222	0.1	-0.1	-2.41638
13041110	223	0.1	-0.1	-1.82255
13041110	224	0.1	-0.1	-4.35208
13041110	225	0.1	-0.1	0.31327
13041110	226	0.1	-0.1	0.919283
13041110	227	0.1	-0.1	-3.1752
13041110	228	0.1	-0.1	4.78746
13041110	229	0.1	-0.1	3.17389
13041110	230	0.1	-0.1	-0.671538
13041110	231	0.1	-0.1	5.71041
13041110	232	0.1	-0.1	-1.0488
13041110	233	0.1	-0.1	1.92647
13041110	234	0.1	-0.1	2.77173
13041110	235	0.1	-0.1	-5.49746
13041110	236	0.1	-0.1	2.49964
13041110	237	0.1	-0.1	3.00338
13041110	238	0.1	-0.1	-5.53342
13041110	239	0.1	-0.1	-4.20026
13041110	240	0.1	-0.1	-2.39392
13041110	241	0.1	-0.1	-0.278802
13041110	242	0.1	-0.1	2.62192
13041110	243	0.1	-0.1	4.867
13041110	244	0.1	-0.1	1.63826
13041110	245	0.1	-0.1	4.50374
13041110	246	0.1	-0.1	2.9277
13041110	247	0.1	-0.1	-1.12197
13041110	248	0.1	-0.1	-2.51809
13041110	249	0.1	-0.1	0.0944778
13041110	250	0.1	-0.1	1.791
13041110	251	0.1	-0.1	3.23041
13041110	252	0.1	-0.1	-1.99053
13041110	253	0.1	-0.1	-5.24681
13041110	254	0.1	-0.1	-5.54848
13041110	255	0.1	-0.1	-0.478176
13041110	256	0.1	-0.1	3.5453
13041110	257	0.1	-0.1	0.353919
13041110	258	0.1	-0.1	2.09994
13041110	259	0.1	-0.1	5.37794
13041110	260	0.1	-0.1	-3.12166
13041110	261	0.1	-0.1	2.28118
13041110	262	0.1	-0.1	5.02061
13041110	263	0.1	-0.1	1.74441
13041110	264	0.1	-0.1	5.89135
13041110	265	0.1	-0.1	-4.32437
13041110	266	0.1	-0.1	-0.107728
13041110	267	0.1	-0.1	3.68333
13041110	268	0.1	-0.1	1.49958
13041110	269	0.1	-0.1	5.05446
13041110	270	0.1	-0.1	0.332158
13041110	271	0.1	-0.1	-0.554095
13041110	272	0.1	-0.1	-0.330756
13041110	273	0.1	-0.1	1.90454
13041110	274	0.1	-0.1	2.57034
13041110	275	0.1	-0.1	-1.95942
13041110	276	0.1	-0.1	3.06687
13041110	277	0.1	-0.1	-2.86108
13041110	278	0.1	-0.1	5.21368
13041110	279	0.1	-0.1	-3.65696
13041110	280	0.1	-0.1	0.906055
13041110	281	0.1	-0.1	4.25042
13041110	282	0.1	-0.1	3.81981
13041110	283	0.1	-0.1	3.24462
13041110	284	0.1	-0.1	-1.92391
13041110	285	0.1	-0.1	-2.51767
13041110	286	0.1	-0.1	-2.25179
13041110	287	0.1	-0.1	-3.65512
13041110	288	0.1	-0.1	-2.85666
13041110	289	0.1	-0.1	1.27468
13041110	290	0.1	-0.1	-0.578174
13041110	291	0.1	-0.1	5.78564
13041110	292	0.1	-0.1	0.0731291
13041110	293	0.1	-0.1	-2.36796
13041110	294	0.1	-0.1	3.8565
13041110	295	0.1	-0.1	-4.82905
13041110	296	0.1	-0.1	-1.25909
13041110	297	0.1	-0.1	2.34829
13041110	298	0.1	-0.1	-4.18859
13041110	299	0.1	-0.1	1.68003
13041110	300	0.1	-0.1	-0.418438
13041110	301	0.1	-0.1	1.19148
13041110	302	0.1	-0.1	-2.31
13041110	303	0.1	-0.1	3.62391
13041110	304	0.1	-0.1	-2.7739
13041110	305	0.1	-0.1	3.05818
13041110	306	0.1	-0.1	-0.152726
13041110	307	0.1	-0.1	0.918444
13041110	308	0.1	-0.1	-1.46836
13041110	309	0.1	-0.1	-4.25432
13041110	310	0.1	-0.1	-0.511784
13041110	311	0.1	-0.1	4.34249
13041110	312	0.1	-0.1	4.40069
13041110	313	0.1	-0.1	3.65456
13041110	314	0.1	-0.1	3.36016
13041110	315	0.1	-0.1	2.97624
13041110	316	0.1	-0.1	0.673156
13041110	317	0.1	-0.1	1.67698
13041110	318	0.1	-0.1	2.49492
13041110	319	0.1	-0.1	-0.750595
13041110	320	0.1	-0.1	0.703957
13041110	321	0.1	-0.1	-3.89555
13041110	322	0.1	-0.1	-0.425034
13041110	323	0.1	-0.1	0.0485664
13041110	324	0.1	-0.1	4.78767
13041110	325	0.1	-0.1	-5.63336
13041110	326	0.1	-0.1	5.41041
13041110	327	0.1	-0.1	4.87656
13041110	328	0.1	-0.1	3.39507
13041110	329	0.1	-0.1	-4.27578
13041110	330	0.1	-0.1	-3.00176
13041110	331	0.1	-0.1	0.904488
13041110	332	0.1	-0.1	0.0838642
13041110	333	0.1	-0.1	-3.30373
13041110	334	0.1	-0.1	4.75198
13041110	335	0.1	-0.1	3.26962
13041110	336	0.1	-0.1	-3.8802
13041110	337	0.1	-0.1	0.514137
13041110	338	0.1	-0.1	0.562039
13041110	339	0.1	-0.1	-5.23074
13041110	340	0.1	-0.1	0.847054
13041110	341	0.1	-0.1	-1.44748
13041110	342	0.1	-0.1	-4.64807
13041110	343	0.1	-0.1	0.566436
13041110	344	0.1	-0.1	-1.59241
13041110	345	0.1	-0.1	1.6189
13041110	346	0.1	-0.1	-4.1518
13041110	347	0.1	-0.1	0.466056
13041110	348	0.1	-0.1	-0.253546
13041110	349	0.1	-0.1	-1.80137
13041110	350	0.1	-0.1	0.306649
13041110	351	0.1	-0.1	1.85814
13041110	352	0.1	-0.1	-5.00934
13041110	353	0.1	-0.1	1.43749
13041110	354	0.1	-0.1	4.56751
13041110	355	0.1	-0.1	1.56906
13041110	356	0.1	-0.1	-1.65551
13041110	357	0.1	-0.1	1.18903
13041110	358	0.1	-0.1	-0.346844
13041110	359	0.1	-0.1	3.48498
13041110	360	0.1	-0.1	-1.26165
13041110	361	0.1	-0.1	-4.89919
13041110	362	0.1	-0.1	-4.12649
13041110	363	0.1	-0.1	-2.39713
13041110	364	0.1	-0.1	2.72108
13041110	365	0.1	-0.1	2.76665
13041110	366	0.1	-0.1	-4.22019
13041110	367	0.1	-0.1	-1.17019
13041110	368	0.1	-0.1	-4.56527
13041110	369	0.1	-0.1	3.46005
13041110	370	0.1	-0.1	-1.10044
13041110	371	0.1	-0.1	-2.29218
13041110	372	0.1	-0.1	-3.31334
13041110	373	0.1	-0.1	-0.556045
13041110	374	0.1	-0.1	0.358917
13041110	375	0.1	-0.1	3.19919
13041110	376	0.1	-0.1	-2.92443
13041110	377	0.1	-0.1	-1.31916
13041110	378	0.1	-0.1	-1.45152
13041110	379	0.1	-0.1	1.85832
13041110	380	0.1	-0.1	-4.2457
13041110	381	0.1	-0.1	-2.72851
13041110	382	0.1	-0.1	2.66439
13041110	383	0.1	-0.1	-1.57897
13041110	384	0.1	-0.1	-2.66535
13041110	385	0.1	-0.1	5.42668
13041110	386	0.1	-0.1	-1.66289
13041110	387	0.1	-0.1	4.254
13041110	388	0.1	-0.1	5.69161
13041110	389	0.1	-0.1	-2.87748
13041110	390	0.1	-0.1	5.97124
13041110	391	0.1	-0.1	4.74766
13041110	392	0.1	-0.1	-2.61389
13041110	393	0.1	-0.1	-1.65054
13041110	394	0.1	-0.1	4.49837
13041110	395	0.1	-0.1	-1.00157
13041110	396	0.1	-0.1	-2.82693
13041110	397	0.1	-0.1	2.13729
13041110	398	0.1	-0.1	3.52381
13041110	399	0.1	-0.1	-1.26954
13041110	400	0.1	-0.1	-1.8197
13041110	401	0.1	-0.1	-3.81635
13041110	402	0.1	-0.1	4.93623
13041110	403	0.1	-0.1	-4.90178
13041110	404	0.1	-0.1	5.48424
13041110	405	0.1	-0.1	5.6899
13041110	406	0.1	-0.1	4.65849
13041110	407	0.1	-0.1	-4.40998
13041110	408	0.1	-0.1	2.59896
13041110	409	0.1	-0.1	-2.73434
13041110	410	0.1	-0.1	-2.97383
13041110	411	0.1	-0.1	0.0218523
13041110	412	0.1	-0.1	-5.63142
13041110	413	0.1	-0.1	-4.29917
13041110	414	0.1	-0.1	2.49566
13041110	415	0.1	-0.1	3.67508
13041110	416	0.1	-0.1	2.65413
13041110	417	0.1	-0.1	0.525343
13041110	418	0.1	-0.1	-4.4807
13041110	419	0.1	-0.1	5.75257
13041110	420	0.1	-0.1	-0.78659
13041110	421	0.1	-0.1	2.09805
13041110	422	0.1	-0.1	-3.46329
13041110	423	0.1	-0.1	3.72291
13041110	424	0.1	-0.1	5.64215
13041110	425	0.1	-0.1	-2.62763
13041110	426	0.1	-0.1	-4.57223
13041110	427	0.1	-0.1	3.61613
13041110	428	0.1	-0.1	-1.23661
13041110	429	0.1	-0.1	-3.6151
13041110	430	0.1	-0.1	-3.55771
13041110	431	0.1	-0.1	-3.75206
13041110	432	0.1	-0.1	5.74262
13041110	433	0.1	-0.1	-1.43662
13041110	434	0.1	-0.1	-0.167196
13041110	435	0.1	-0.1	3.69069
13041110	436	0.1	-0.1	4.02883
13041110	437	0.1	-0.1	-4.19773
13041110	438	0.1	-0.1	-0.897028
13041110	439	0.1	-0.1	3.54877
13041110	440	0.1	-0.1	-4.09713
13041110	441	0.1	-0.1	-4.37486
13041110	442	0.1	-0.1	1.60305
13041110	443	0.1	-0.1	1.59246
13041110	444	0.1	-0.1	-5.96976
13041110	445	0.1	-0.1	1.58506
13041110	446	0.1	-0.1	-3.16054
13041110	447	0.1	-0.1	4.74538
13041110	448	0.1	-0.1	2.89433
13041110	449	0.1	-0.1	-0.176541
13041110	450	0.1	-0.1	-5.45347
13041110	451	0.1	-0.1	5.80158
13041110	452	0.1	-0.1	-2.03509
13041110	453	0.1	-0.1	-1.52527
13041110	454	0.1	-0.1	-2.53906
13041110	455	0.1	-0.1	-2.43056
13041110	456	0.1	-0.1	2.68832
13041110	457	0.1	-0.1	-3.07153
13041110	458	0.1	-0.1	5.37333
13041110	459	0.1	-0.1	3.6585
13041110	460	0.1	-0.1	-3.42774
13041110	461	0.1	-0.1	5.77539
13041110	462	0.1	-0.1	-4.82074
13041110	463	0.1	-0.1	-0.219574
13041110	464	0.1	-0.1	-0.230236
13041110	465	0.1	-0.1	-0.183472
13041110	466	0.1	-0.1	2.21073
13041110	467	0.1	-0.1	4.68822
13041110	468	0.1	-0.1	3.21484
13041110	469	0.1	-0.1	-1.75249
13041110	470	0.1	-0.1	-3.7825
13041110	471	0.1	-0.1	-0.562035
13041110	472	0.1	-0.1	-0.276263
13041110	473	0.1	-0.1	-0.116531
13041110	474	0.1	-0.1	-4.65012
13041110	475	0.1	-0.1	1.35075
13041110	476	0.1	-0.1	-5.82243
13041110	477	0.1	-0.1	-3.98248
13041110	478	0.1	-0.1	-0.22512
13041110	479	0.1	-0.1	-2.16398
13041110	480	0.1	-0.1	5.61232
13041110	481	0.1	-0.1	-2.45753
13041110	482	0.1	-0.1	-3.69449
13041110	483	0.1	-0.1	0.661258
13041110	484	0.1	-0.1	2.09649
13041110	485	0.1	-0.1	4.86198
13041110	486	0.1	-0.1	-2.96451
13041110	487	0.1	-0.1	-1.29327
13041110	488	0.1	-0.1	-0.0132528
13041110	489	0.1	-0.1	-2.76905
13041110	490	0.1	-0.1	0.327144
13041110	491	0.1	-0.1	-0.292661
13041110	492	0.1	-0.1	-0.75992
13041110	493	0.1	-0.1	-2.11372
13041110	494	0.1	-0.1	0.263019
13041110	495	0.1	-0.1	2.4979
13041110	496	0.1	-0.1	-0.693487
13041110	497	0.1	-0.1	2.34998
13041110	498	0.1	-0.1	-1.63337
13041110	499	0.1	-0.1	-1.40801
13041110	500	0.1	-0.1	-3.10356
13041110	501	0.1	-0.1	3.75698
13041110	502	0.1	-0.1	1.30594
13041110	503	0.1	-0.1	-5.74428
13041110	504	0.1	-0.1	0.238997
13041110	505	0.1	-0.1	4.68946
13041110	506	0.1	-0.1	1.15612
13041110	507	0.1	-0.1	-0.519943
13041110	508	0.1	-0.1	5.56008
13041110	509	0.1	-0.1	1.95467
13041110	510	0.1	-0.1	-2.71344
13041110	511	0.1	-0.1	4.87117
13041110	512	0.1	-0.1	-2.19744
13041110	513	0.1	-0.1	-4.97016
13041110	514	0.1	-0.1	3.68029
13041110	515	0.1	-0.1	-3.53608
13041110	516	0.1	-0.1	-2.56968
13041110	517	0.1	-0.1	-2.73483
13041110	518	0.1	-0.1	-1.64354
13041110	519	0.1	-0.1	-5.60615
13041110	520	0.1	-0.1	1.61348
13041110	521	0.1	-0.1	-5.65748
13041110	522	0.1	-0.1	4.90448
13041110	523	0.1	-0.1	1.96523
13041110	524	0.1	-0.1	-0.766522
13041110	525	0.1	-0.1	5.88481
13041110	526	0.1	-0.1	2.31679
13041110	527	0.1	-0.1	1.68808
13041110	528	0.1	-0.1	2.70271
13041110	529	0.1	-0.1	-3.01698
13041110	530	0.1	-0.1	2.11113
13041110	531	0.1	-0.1	-3.56587
13041110	532	0.1	-0.1	3.28456
13041110	533	0.1	-0.1	-2.11081
13041110	534	0.1	-0.1	2.97192
13041110	535	0.1	-0.1	4.18226
13041110	536	0.1	-0.1	-5.99105
13041110	537	0.1	-0.1	-5.79321
13041110	538	0.1	-0.1	-4.74449
13041110	539	0.1	-0.1	-2.62922
13041110	540	0.1	-0.1	5.28202
13041110	541	0.1	-0.1	2.78663
13041110	542	0.1	-0.1	-0.231058
13041110	543	0.1	-0.1	3.7876
13041110	544	0.1	-0.1	2.16004
13041110	545	0.1	-0.1	-4.63641
13041110	546	0.1	-0.1	-4.23933
13041110	547	0.1	-0.1	1.77516
13041110	548	0.1	-0.1	-1.81003
13041110	549	0.1	-0.1	-4.59188
13041110	550	0.1	-0.1	0.475451
13041110	551	0.1	-0.1	2.52984
13041110	552	0.1	-0.1	2.15392
13041110	553	0.1	-0.1	-3.32061
13041110	554	0.1	-0.1	-5.67333
13041110	555	0.1	-0.1	-0.586847
13041110	556	0.1	-0.1	0.7837
13041110	557	0.1	-0.1	3.97301
13041110	558	0.1	-0.1	3.02181
13041110	559	0.1	-0.1	5.52301
13041110	560	0.1	-0.1	5.57804
13041110	561	0.1	-0.1	4.99522
13041110	562	0.1	-0.1	-2.97196
13041110	563	0.1	-0.1	4.13303
13041110	564	0.1	-0.1	5.7612
13041110	565	0.1	-0.1	0.970933
13041110	566	0.1	-0.1	-5.27643
13041110	567	0.1	-0.1	-4.63349
13041110	568	0.1	-0.1	-4.06797
13041110	569	0.1	-0.1	3.34764
13041110	570	0.1	-0.1	5.71925
13041110	571	0.1	-0.1	-4.82171
13041110	572	0.1	-0.1	-4.355
13041110	573	0.1	-0.1	4.91081
13041110	574	0.1	-0.1	-3.1679
13041110	575	0.1	-0.1	-3.28062
13041110	576	0.1	-0.1	5.65946
13041110	577	0.1	-0.1	4.77211
13041110	578	0.1	-0.1	4.34644
13041110	579	0.1	-0.1	-4.03408
13041110	580	0.1	-0.1	5.79887
13041110	581	0.1	-0.1	0.230524
13041110	582	0.1	-0.1	-2.97327
13041110	583	0.1	-0.1	-0.177556
13041110	584	0.1	-0.1	3.19757
13041110	585	0.1	-0.1	2.97442
13041110	586	0.1	-0.1	0.85578
13041110	587	0.1	-0.1	-5.40507
13041110	588	0.1	-0.1	-4.37738
13041110	589	0.1	-0.1	-1.18158
13041110	590	0.1	-0.1	3.42174
13041110	591	0.1	-0.1	3.01894
13041110	592	0.1	-0.1	-0.322679
13041110	593	0.1	-0.1	0.224318
13041110	594	0.1	-0.1	-2.3975
13041110	595	0.1	-0.1	4.56188
13041110	596	0.1	-0.1	1.1166
13041110	597	0.1	-0.1	-4.13402
13041110	598	0.1	-0.1	-1.17822
13041110	599	0.1	-0.1	-4.59986
13041110	600	0.1	-0.1	-2.65024
13041110	601	0.1	-0.1	1.20539
13041110	602	0.1	-0.1	-2.65493
13041110	603	0.1	-0.1	-5.51971
13041110	604	0.1	-0.1	4.8826
13041110	605	0.1	-0.1	5.17982
13041110	606	0.1	-0.1	-2.86852
13041110	607	0.1	-0.1	1.84938
13041110	608	0.1	-0.1	-5.97355
13041110	609	0.1	-0.1	-5.05308
13041110	610	0.1	-0.1	-2.46754
13041110	611	0.1	-0.1	2.5979
13041110	612	0.1	-0.1	1.67114
13041110	613	0.1	-0.1	-0.179594
13041110	614	0.1	-0.1	5.69364
13041110	615	0.1	-0.1	-2.77352
13041110	616	0.1	-0.1	1.46946
13041110	617	0.1	-0.1	2.73105
13041110	618	0.1	-0.1	-1.06575
13041110	619	0.1	-0.1	5.36756
13041110	620	0.1	-0.1	5.95663
13041110	621	0.1	-0.1	5.30061
13041110	622	0.1	-0.1	-1.54312
13041110	623	0.1	-0.1	1.84954
13041110	624	0.1	-0.1	0.521237
13041110	625	0.1	-0.1	-1.39304
13041110	626	0.1	-0.1	5.29983
13041110	627	0.1	-0.1	-2.70052
13041110	628	0.1	-0.1	4.38694
13041110	629	0.1	-0.1	-0.726296
13041110	630	0.1	-0.1	-0.778782
13041110	631	0.1	-0.1	0.841905
13041110	632	0.1	-0.1	-2.75172
13041110	633	0.1	-0.1	3.45006
13041110	634	0.1	-0.1	-5.30867
13041110	635	0.1	-0.1	1.28212
13041110	636	0.1	-0.1	4.83758
13041110	637	0.1	-0.1	2.60057
13041110	638	0.1	-0.1	-3.86632
13041110	639	0.1	-0.1	-0.985629
13041110	640	0.1	-0.1	-3.58735
13041110	641	0.1	-0.1	2.99629
13041110	642	0.1	-0.1	1.32436
13041110	643	0.1	-0.1	-2.28559
13041110	644	0.1	-0.1	-0.370975
13041110	645	0.1	-0.1	0.328183
13041110	646	0.1	-0.1	-5.23356
13041110	647	0.1	-0.1	4.41586
13041110	648	0.1	-0.1	2.6112
13041110	649	0.1	-0.1	2.68792
13041110	650	0.1	-0.1	0.84092
13041110	651	0.1	-0.1	0.552512
13041110	652	0.1	-0.1	-1.6894
13041110	653	0.1	-0.1	0.744143
13041110	654	0.1	-0.1	5.73524
13041110	655	0.1	-0.1	2.90049
13041110	656	0.1	-0.1	5.42633
13041110	657	0.1	-0.1	2.86425
13041110	658	0.1	-0.1	-3.50644
13041110	659	0.1	-0.1	2.18556
13041110	660	0.1	-0.1	-3.51979
13041110	661	0.1	-0.1	1.92706
13041110	662	0.1	-0.1	4.24766
13041110	663	0.1	-0.1	-2.09259
13041110	664	0.1	-0.1	2.52602
13041110	665	0.1	-0.1	-1.9386
13041110	666	0.1	-0.1	0.287054
13041110	667	0.1	-0.1	-2.9774
13041110	668	0.1	-0.1	-2.63028
13041110	669	0.1	-0.1	5.24424
13041110	670	0.1	-0.1	-3.70186
13041110	671	0.1	-0.1	1.98291
13041110	672	0.1	-0.1	-1.73632
13041110	673	0.1	-0.1	-2.12014
13041110	674	0.1	-0.1	-4.46919
13041110	675	0.1	-0.1	1.40996
13041110	676	0.1	-0.1	-0.0704869
13041110	677	0.1	-0.1	-3.37298
13041110	678	0.1	-0.1	-3.67937
13041110	679	0.1	-0.1	4.35327
13041110	680	0.1	-0.1	-2.10193
13041110	681	0.1	-0.1	0.340386
13041110	682	0.1	-0.1	-5.35741
13041110	683	0.1	-0.1	4.61327
13041110	684	0.1	-0.1	-0.935344
13041110	685	0.1	-0.1	5.75248
13041110	686	0.1	-0.1	-4.57263
13041110	687	0.1	-0.1	-3.5122
13041110	688	0.1	-0.1	4.39152
13041110	689	0.1	-0.1	-5.21767
13041110	690	0.1	-0.1	-5.4299
13041110	691	0.1	-0.1	-2.09292
13041110	692	0.1	-0.1	-3.71691
13041110	693	0.1	-0.1	-3.9047
13041110	694	0.1	-0.1	-0.393106
13041110	695	0.1	-0.1	4.93212
13041110	696	0.1	-0.1	2.87301
13041110	697	0.1	-0.1	1.61712
13041110	698	0.1	-0.1	-4.90944
13041110	699	0.1	-0.1	-0.635454
13041110	700	0.1	-0.1	-2.36705
13041110	701	0.1	-0.1	0.86967
13041110	702	0.1	-0.1	1.77216
13041110	703	0.1	-0.1	3.38062
13041110	704	0.1	-0.1	1.51182
13041110	705	0.1	-0.1	4.8888
13041110	706	0.1	-0.1	-1.20895
13041110	707	0.1	-0.1	-3.06622
13041110	708	0.1	-0.1	4.6355
13041110	709	0.1	-0.1	-5.50137
13041110	710	0.1	-0.1	-2.29891
13041110	711	0.1	-0.1	-2.93665
13041110	712	0.1	-0.1	1.97034
13041110	713	0.1	-0.1	-1.52994
13041110	714	0.1	-0.1	5.13606
13041110	715	0.1	-0.1	-4.79568
13041110	716	0.1	-0.1	-1.24466
13041110	717	0.1	-0.1	3.81532
13041110	718	0.1	-0.1	-5.48963
13041110	719	0.1	-0.1	-1.13533
13041110	720	0.1	-0.1	-0.437234
13041110	721	0.1	-0.1	3.77419
13041110	722	0.1	-0.1	-2.68516
13041110	723	0.1	-0.1	4.9474
13041110	724	0.1	-0.1	-3.82413
13041110	725	0.1	-0.1	2.45178
13041110	726	0.1	-0.1	-4.73549
13041110	727	0.1	-0.1	4.58253
13041110	728	0.1	-0.1	-1.0833
13041110	729	0.1	-0.1	2.20588
13041110	730	0.1	-0.1	0.436312
13041110	731	0.1	-0.1	4.45985
13041110	732	0.1	-0.1	5.71895
13041110	733	0.1	-0.1	1.77072
13041110	734	0.1	-0.1	-3.51314
13041110	735	0.1	-0.1	3.73374
13041110	736	0.1	-0.1	-2.29983
13041110	737	0.1	-0.1	1.98972
13041110	738	0.1	-0.1	-2.15508
13041110	739	0.1	-0.1	-0.658781
13041110	740	0.1	-0.1	5.91263
13041110	741	0.1	-0.1	-4.45731
13041110	742	0.1	-0.1	2.16892
13041110	743	0.1	-0.1	-2.46715
13041110	744	0.1	-0.1	5.94368
13041110	745	0.1	-0.1	-2.90449
13041110	746	0.1	-0.1	1.91264
13041110	747	0.1	-0.1	1.30184
13041110	748	0.1	-0.1	-1.69888
13041110	749	0.1	-0.1	0.49447
13041110	750	0.1	-0.1	-2.78635
13041110	751	0.1	-0.1	-5.11415
13041110	752	0.1	-0.1	3.79393
13041110	753	0.1	-0.1	2.70278
13041110	754	0.1	-0.1	2.47864
13041110	755	0.1	-0.1	5.57443
13041110	756	0.1	-0.1	0.977646
13041110	757	0.1	-0.1	0.696749
13041110	758	0.1	-0.1	-4.24027
13041110	759	0.1	-0.1	4.85424
13041110	760	0.1	-0.1	3.24747
13041110	761	0.1	-0.1	-1.13603
13041110	762	0.1	-0.1	-2.87482
13041110	763	0.1	-0.1	-1.05603
13041110	764	0.1	-0.1	5.10831
13041110	765	0.1	-0.1	4.74737
13041110	766	0.1	-0.1	4.96853
13041110	767	0.1	-0.1	2.14278
13041110	768	0.1	-0.1	0.982175
13041110	769	0.1	-0.1	-0.932912
13041110	770	0.1	-0.1	3.46415
13041110	771	0.1	-0.1	-0.485299
13041110	772	0.1	-0.1	2.8489
13041110	773	0.1	-0.1	-3.57908
13041110	774	0.1	-0.1	-0.140666
13041110	775	0.1	-0.1	2.80605
13041110	776	0.1	-0.1	-4.34369
13041110	777	0.1	-0.1	-1.94688
13041110	778	0.1	-0.1	-3.51857
13041110	779	0.1	-0.1	3.80917
13041110	780	0.1	-0.1	-4.41016
13041110	781	0.1	-0.1	-3.71375
13041110	782	0.1	-0.1	-1.83703
13041110	783	0.1	-0.1	0.18538
13041110	784	0.1	-0.1	4.10913
13041110	785	0.1	-0.1	-3.70346
13041110	786	0.1	-0.1	0.110834
13041110	787	0.1	-0.1	-1.52894
13041110	788	0.1	-0.1	-3.35656
13041110	789	0.1	-0.1	-0.746601
13041110	790	0.1	-0.1	5.99762
13041110	791	0.1	-0.1	2.51171
13041110	792	0.1	-0.1	0.676869
13041110	793	0.1	-0.1	1.84071
13041110	794	0.1	-0.1	-4.42906
13041110	795	0.1	-0.1	0.808064
13041110	796	0.1	-0.1	-0.963435
13041110	797	0.1	-0.1	-4.25563
13041110	798	0.1	-0.1	-1.45727
13041110	799	0.1	-0.1	0.856056
13041110	800	0.1	-0.1	-4.30977
13041110	801	0.1	-0.1	-2.66481
13041110	802	0.1	-0.1	-2.06504
13041110	803	0.1	-0.1	-2.36467
13041110	804	0.1	-0.1	-2.28196
13041110	805	0.1	-0.1	4.9379
13041110	806	0.1	-0.1	5.62322
13041110	807	0.1	-0.1	-3.10959
13041110	808	0.1	-0.1	2.08088
13041110	809	0.1	-0.1	5.81262
13041110	810	0.1	-0.1	5.81394
13041110	811	0.1	-0.1	-1.74789
13041110	812	0.1	-0.1	2.96106
13041110	813	0.1	-0.1	-1.4738
13041110	814	0.1	-0.1	-1.44978
13041110	815	0.1	-0.1	-2.66942
13041110	816	0.1	-0.1	2.08993
13041110	817	0.1	-0.1	-4.09832
13041110	818	0.1	-0.1	2.7773
13041110	819	0.1	-0.1	0.471105
13041110	820	0.1	-0.1	-2.82259
13041110	821	0.1	-0.1	0.925837
13041110	822	0.1	-0.1	-0.904678
13041110	823	0.1	-0.1	2.37446
13041110	824	0.1	-0.1	3.61593
13041110	825	0.1	-0.1	3.24007
13041110	826	0.1	-0.1	4.71355
13041110	827	0.1	-0.1	-4.37196
13041110	828	0.1	-0.1	-0.101624
13041110	829	0.1	-0.1	4.19421
13041110	830	0.1	-0.1	-4.34155
13041110	831	0.1	-0.1	2.57058
13041110	832	0.1	-0.1	2.44488
13041110	833	0.1	-0.1	-4.33197
13041110	834	0.1	-0.1	0.987089
13041110	835	0.1	-0.1	3.43651
13041110	836	0.1	-0.1	-5.04657
13041110	837	0.1	-0.1	-0.179405
13041110	838	0.1	-0.1	2.18265
13041110	839	0.1	-0.1	4.49755
13041110	840	0.1	-0.1	-1.84047
13041110	841	0.1	-0.1	4.09398
13041110	842	0.1	-0.1	-2.38061
13041110	843	0.1	-0.1	5.12408
13041110	844	0.1	-0.1	5.91419
13041110	845	0.1	-0.1	4.92103
13041110	846	0.1	-0.1	-3.86328
13041110	847	0.1	-0.1	1.44712
13041110	848	0.1	-0.1	0.704365
13041110	849	0.1	-0.1	0.0754309
13041110	850	0.1	-0.1	5.37716
13041110	851	0.1	-0.1	2.734
13041110	852	0.1	-0.1	-1.94908
13041110	853	0.1	-0.1	-0.493906
13041110	854	0.1	-0.1	3.5393
13041110	855	0.1	-0.1	3.57492
13041110	856	0.1	-0.1	-5.48488
13041110	857	0.1	-0.1	4.22638
13041110	858	0.1	-0.1	-4.83827
13041110	859	0.1	-0.1	-4.77421
13041110	860	0.1	-0.1	1.83651
13041110	861	0.1	-0.1	-1.6448
13041110	862	0.1	-0.1	-2.40678
13041110	863	0.1	-0.1	1.46969
13041110	864	0.1	-0.1	-2.00903
13041110	865	0.1	-0.1	1.24257
13041110	866	0.1	-0.1	-2.22002
13041110	867	0.1	-0.1	1.55864
13041110	868	0.1	-0.1	3.58808
13041110	869	0.1	-0.1	5.03174
13041110	870	0.1	-0.1	-1.57735
13041110	871	0.1	-0.1	-4.07595
13041110	872	0.1	-0.1	-0.379596
13041110	873	0.1	-0.1	-3.09911
13041110	874	0.1	-0.1	4.37816
13041110	875	0.1	-0.1	-1.21741
13041110	876	0.1	-0.1	-5.53603
13041110	877	0.1	-0.1	4.36731
13041110	878	0.1	-0.1	-3.79467
13041110	879	0.1	-0.1	-4.29052
13041110	880	0.1	-0.1	4.11015
13041110	881	0.1	-0.1	5.40513
13041110	882	0.1	-0.1	-2.58226
13041110	883	0.1	-0.1	-2.53068
13041110	884	0.1	-0.1	-0.543638
13041110	885	0.1	-0.1	5.0837
13041110	886	0.1	-0.1	-3.65461
13041110	887	0.1	-0.1	1.5711
13041110	888	0.1	-0.1	3.03865
13041110	889	0.1	-0.1	-2.23026
13041110	890	0.1	-0.1	-4.79259
13041110	891	0.1	-0.1	-5.60096
13041110	892	0.1	-0.1	-0.516333
13041110	893	0.1	-0.1	1.5509
13041110	894	0.1	-0.1	-0.741266
13041110	895	0.1	-0.1	-5.59044
13041110	896	0.1	-0.1	0.39001
13041110	897	0.1	-0.1	5.62524
13041110	898	0.1	-0.1	4.95949
13041110	899	0.1	-0.1	-2.19368
13041110	900	0.1	-0.1	2.36449
13041110	901	0.1	-0.1	1.50987
13041110	902	0.1	-0.1	1.61939
13041110	903	0.1	-0.1	3.09957
13041110	904	0.1	-0.1	-2.79337
13041110	905	0.1	-0.1	2.69354
13041110	906	0.1	-0.1	-2.1771
13041110	907	0.1	-0.1	-5.356
13041110	908	0.1	-0.1	0.603244
13041110	909	0.1	-0.1	5.36405
13041110	910	0.1	-0.1	4.42062
13041110	911	0.1	-0.1	-4.23626
13041110	912	0.1	-0.1	2.51606
13041110	913	0.1	-0.1	-5.14891
13041110	914	0.1	-0.1	0.718069
13041110	915	0.1	-0.1	0.250406
13041110	916	0.1	-0.1	3.12985
13041110	917	0.1	-0.1	5.04966
13041110	918	0.1	-0.1	3.60995
13041110	919	0.1	-0.1	5.85499
13041110	920	0.1	-0.1	0.492775
13041110	921	0.1	-0.1	-1.12638
13041110	922	0.1	-0.1	5.16109
13041110	923	0.1	-0.1	0.511145
13041110	924	0.1	-0.1	1.97886
13041110	925	0.1	-0.1	4.19248
13041110	926	0.1	-0.1	-3.04661
13041110	927	0.1	-0.1	-3.58743
13041110	928	0.1	-0.1	4.22538
13041110	929	0.1	-0.1	1.09699
13041110	930	0.1	-0.1	-2.93659
13041110	931	0.1	-0.1	-2.41251
13041110	932	0.1	-0.1	2.35972
13041110	933	0.1	-0.1	1.75216
13041110	934	0.1	-0.1	-3.53184
13041110	935	0.1	-0.1	1.87405
13041110	936	0.1	-0.1	2.38081
13041110	937	0.1	-0.1	4.37903
13041110	938	0.1	-0.1	0.776798
13041110	939	0.1	-0.1	-2.69901
13041110	940	0.1	-0.1	-4.54154
13041110	941	0.1	-0.1	5.09653
13041110	942	0.1	-0.1	5.87006
13041110	943	0.1	-0.1	-5.05996
13041110	944	0.1	-0.1	0.95106
13041110	945	0.1	-0.1	-5.86912
13041110	946	0.1	-0.1	-5.59152
13041110	947	0.1	-0.1	1.2184
13041110	948	0.1	-0.1	-2.4093
13041110	949	0.1	-0.1	-3.71137
13041110	950	0.1	-0.1	0.877445
13041110	951	0.1	-0.1	-3.90689
13041110	952	0.1	-0.1	-1.90687
13041110	953	0.1	-0.1	0.121018
13041110	954	0.1	-0.1	-1.75448
13041110	955	0.1	-0.1	1.96703
13041110	956	0.1	-0.1	1.00313
13041110	957	0.1	-0.1	-0.164194
13041110	958	0.1	-0.1	-2.54558
13041110	959	0.1	-0.1	-5.5415
13041110	960	0.1	-0.1	-5.57915
13041110	961	0.1	-0.1	-4.95486
13041110	962	0.1	-0.1	-5.62075
13041110	963	0.1	-0.1	3.16202
13041110	964	0.1	-0.1	-1.35431
13041110	965	0.1	-0.1	0.384765
13041110	966	0.1	-0.1	4.09944
13041110	967	0.1	-0.1	1.08816
13041110	968	0.1	-0.1	-0.555888
13041110	969	0.1	-0.1	5.16784
13041110	970	0.1	-0.1	-4.57141
13041110	971	0.1	-0.1	-4.37913
13041110	972	0.1	-0.1	1.68852
13041110	973	0.1	-0.1	4.5834
13041110	974	0.1	-0.1	3.71278
13041110	975	0.1	-0.1	-2.80474
13041110	976	0.1	-0.1	-1.83387
13041110	977	0.1	-0.1	-5.29771
13041110	978	0.1	-0.1	3.5881
13041110	979	0.1	-0.1	-0.913321
13041110	980	0.1	-0.1	0.750969
13041110	981	0.1	-0.1	5.3043
13041110	982	0.1	-0.1	3.95567
13041110	983	0.1	-0.1	-3.47363
13041110	984	0.1	-0.1	2.43396
13041110	985	0.1	-0.1	4.27651
13041110	986	0.1	-0.1	-5.57443
13041110	987	0.1	-0.1	0.283589
13041110	988	0.1	-0.1	4.68285
13041110	989	0.1	-0.1	-1.55529
13041110	990	0.1	-0.1	4.93008
13041110	991	0.1	-0.1	-5.67717
13041110	992	0.1	-0.1	2.56962
13041110	993	0.1	-0.1	0.596098
13041110	994	0.1	-0.1	-4.02542
13041110	995	0.1	-0.1	-2.45361
13041110	996	0.1	-0.1	0.568549
13041110	997	0.1	-0.1	-1.43325
13041110	998	0.1	-0.1	-0.647602
13041110	999	0.1	-0.1	3.88184
13041110	1000	0.1	-0.1	-4.9537
