13041101	1	0.1	-0.1	-0.481874
13041101	2	0.1	-0.1	5.42515
13041101	3	0.1	-0.1	3.88923
13041101	4	0.1	-0.1	-5.34586
13041101	5	0.1	-0.1	-4.82435
13041101	6	0.1	-0.1	3.20532
13041101	7	0.1	-0.1	-2.45066
13041101	8	0.1	-0.1	2.84448
13041101	9	0.1	-0.1	5.52504
13041101	10	0.1	-0.1	-3.39237
13041101	11	0.1	-0.1	-3.5199
13041101	12	0.1	-0.1	-0.085087
13041101	13	0.1	-0.1	-4.69121
13041101	14	0.1	-0.1	0.296617
13041101	15	0.1	-0.1	3.65374
13041101	16	0.1	-0.1	-4.6936
13041101	17	0.1	-0.1	0.0249624
13041101	18	0.1	-0.1	-0.669501
13041101	19	0.1	-0.1	-4.71412
13041101	20	0.1	-0.1	0.861558
13041101	21	0.1	-0.1	4.5688
13041101	22	0.1	-0.1	-0.967065
13041101	23	0.1	-0.1	-2.48868
13041101	24	0.1	-0.1	2.83629
13041101	25	0.1	-0.1	-4.19875
13041101	26	0.1	-0.1	2.94391
13041101	27	0.1	-0.1	-5.06033
13041101	28	0.1	-0.1	-1.85531
13041101	29	0.1	-0.1	4.78644
13041101	30	0.1	-0.1	5.92515
13041101	31	0.1	-0.1	-5.39547
13041101	32	0.1	-0.1	1.63378
13041101	33	0.1	-0.1	1.95171
13041101	34	0.1	-0.1	4.67165
13041101	35	0.1	-0.1	0.996962
13041101	36	0.1	-0.1	-2.98351
13041101	37	0.1	-0.1	-4.17524
13041101	38	0.1	-0.1	-2.58503
13041101	39	0.1	-0.1	3.69311
13041101	40	0.1	-0.1	0.622294
13041101	41	0.1	-0.1	3.35915
13041101	42	0.1	-0.1	-5.07981
13041101	43	0.1	-0.1	2.15574
13041101	44	0.1	-0.1	2.55963
13041101	45	0.1	-0.1	-2.2349
13041101	46	0.1	-0.1	-2.10235
13041101	47	0.1	-0.1	-0.571867
13041101	48	0.1	-0.1	-3.13569
13041101	49	0.1	-0.1	1.48818
13041101	50	0.1	-0.1	0.181706
13041101	51	0.1	-0.1	5.06897
13041101	52	0.1	-0.1	-5.5143
13041101	53	0.1	-0.1	-3.71001
13041101	54	0.1	-0.1	-0.810445
13041101	55	0.1	-0.1	-3.2354
13041101	56	0.1	-0.1	-2.64299
13041101	57	0.1	-0.1	2.96274
13041101	58	0.1	-0.1	0.31445
13041101	59	0.1	-0.1	-4.20779
13041101	60	0.1	-0.1	0.9199
13041101	61	0.1	-0.1	-3.71672
13041101	62	0.1	-0.1	-3.94247
13041101	63	0.1	-0.1	-2.01894
13041101	64	0.1	-0.1	-2.48295
13041101	65	0.1	-0.1	5.42234
13041101	66	0.1	-0.1	-3.63137
13041101	67	0.1	-0.1	-0.331041
13041101	68	0.1	-0.1	-4.51954
13041101	69	0.1	-0.1	-4.88361
13041101	70	0.1	-0.1	5.08698
13041101	71	0.1	-0.1	2.89313
13041101	72	0.1	-0.1	-0.690454
13041101	73	0.1	-0.1	-0.780559
13041101	74	0.1	-0.1	-0.0126796
13041101	75	0.1	-0.1	1.5506
13041101	76	0.1	-0.1	0.507637
13041101	77	0.1	-0.1	2.20129
13041101	78	0.1	-0.1	3.02898
13041101	79	0.1	-0.1	5.24019
13041101	80	0.1	-0.1	3.99765
13041101	81	0.1	-0.1	3.78439
13041101	82	0.1	-0.1	-0.592603
13041101	83	0.1	-0.1	-4.21241
13041101	84	0.1	-0.1	-3.02917
13041101	85	0.1	-0.1	0.675157
13041101	86	0.1	-0.1	-0.312273
13041101	87	0.1	-0.1	1.55207
13041101	88	0.1	-0.1	-4.76637
13041101	89	0.1	-0.1	4.08897
13041101	90	0.1	-0.1	-5.08379
13041101	91	0.1	-0.1	2.4802
13041101	92	0.1	-0.1	5.13877
13041101	93	0.1	-0.1	-4.34999
13041101	94	0.1	-0.1	0.656398
13041101	95	0.1	-0.1	3.30879
13041101	96	0.1	-0.1	0.673902
13041101	97	0.1	-0.1	-1.64665
13041101	98	0.1	-0.1	-1.46819
13041101	99	0.1	-0.1	2.208
13041101	100	0.1	-0.1	4.27578
13041101	101	0.1	-0.1	-2.12318
13041101	102	0.1	-0.1	-0.581313
13041101	103	0.1	-0.1	0.931707
13041101	104	0.1	-0.1	-3.75893
13041101	105	0.1	-0.1	-0.712566
13041101	106	0.1	-0.1	2.34084
13041101	107	0.1	-0.1	-0.727714
13041101	108	0.1	-0.1	-1.78392
13041101	109	0.1	-0.1	-1.82746
13041101	110	0.1	-0.1	3.13697
13041101	111	0.1	-0.1	-1.84903
13041101	112	0.1	-0.1	-0.597305
13041101	113	0.1	-0.1	-5.56228
13041101	114	0.1	-0.1	-3.51221
13041101	115	0.1	-0.1	5.25866
13041101	116	0.1	-0.1	-0.899021
13041101	117	0.1	-0.1	0.336963
13041101	118	0.1	-0.1	3.09401
13041101	119	0.1	-0.1	-3.43728
13041101	120	0.1	-0.1	-0.668085
13041101	121	0.1	-0.1	-1.70376
13041101	122	0.1	-0.1	4.41807
13041101	123	0.1	-0.1	-3.06475
13041101	124	0.1	-0.1	-5.19196
13041101	125	0.1	-0.1	2.86991
13041101	126	0.1	-0.1	1.86615
13041101	127	0.1	-0.1	5.98815
13041101	128	0.1	-0.1	-5.39528
13041101	129	0.1	-0.1	2.30413
13041101	130	0.1	-0.1	5.01647
13041101	131	0.1	-0.1	5.10549
13041101	132	0.1	-0.1	-5.61102
13041101	133	0.1	-0.1	1.76149
13041101	134	0.1	-0.1	-4.21622
13041101	135	0.1	-0.1	-4.14747
13041101	136	0.1	-0.1	-4.46197
13041101	137	0.1	-0.1	3.59431
13041101	138	0.1	-0.1	5.27333
13041101	139	0.1	-0.1	5.99492
13041101	140	0.1	-0.1	1.92885
13041101	141	0.1	-0.1	-1.04235
13041101	142	0.1	-0.1	-2.73618
13041101	143	0.1	-0.1	-2.78216
13041101	144	0.1	-0.1	5.36093
13041101	145	0.1	-0.1	4.16163
13041101	146	0.1	-0.1	-1.1764
13041101	147	0.1	-0.1	5.17595
13041101	148	0.1	-0.1	1.52102
13041101	149	0.1	-0.1	1.28674
13041101	150	0.1	-0.1	-5.53973
13041101	151	0.1	-0.1	3.54802
13041101	152	0.1	-0.1	4.25193
13041101	153	0.1	-0.1	2.64787
13041101	154	0.1	-0.1	-5.65596
13041101	155	0.1	-0.1	4.39408
13041101	156	0.1	-0.1	1.80603
13041101	157	0.1	-0.1	1.49063
13041101	158	0.1	-0.1	-3.83057
13041101	159	0.1	-0.1	-2.39561
13041101	160	0.1	-0.1	-5.38203
13041101	161	0.1	-0.1	0.97635
13041101	162	0.1	-0.1	-4.50141
13041101	163	0.1	-0.1	0.772135
13041101	164	0.1	-0.1	-2.06495
13041101	165	0.1	-0.1	-2.00309
13041101	166	0.1	-0.1	5.03953
13041101	167	0.1	-0.1	1.78889
13041101	168	0.1	-0.1	-3.49249
13041101	169	0.1	-0.1	1.33112
13041101	170	0.1	-0.1	-3.95145
13041101	171	0.1	-0.1	4.51655
13041101	172	0.1	-0.1	1.37603
13041101	173	0.1	-0.1	1.91836
13041101	174	0.1	-0.1	0.0866972
13041101	175	0.1	-0.1	-4.35916
13041101	176	0.1	-0.1	-2.61089
13041101	177	0.1	-0.1	4.29794
13041101	178	0.1	-0.1	4.55639
13041101	179	0.1	-0.1	0.186258
13041101	180	0.1	-0.1	5.54528
13041101	181	0.1	-0.1	-5.48172
13041101	182	0.1	-0.1	-5.88991
13041101	183	0.1	-0.1	-3.33998
13041101	184	0.1	-0.1	5.77001
13041101	185	0.1	-0.1	0.14531
13041101	186	0.1	-0.1	-5.70754
13041101	187	0.1	-0.1	-3.70535
13041101	188	0.1	-0.1	-3.46042
13041101	189	0.1	-0.1	-1.63567
13041101	190	0.1	-0.1	-5.13219
13041101	191	0.1	-0.1	-2.70295
13041101	192	0.1	-0.1	-0.430411
13041101	193	0.1	-0.1	3.20522
13041101	194	0.1	-0.1	-1.28191
13041101	195	0.1	-0.1	-3.50187
13041101	196	0.1	-0.1	5.60969
13041101	197	0.1	-0.1	-0.691524
13041101	198	0.1	-0.1	2.05822
13041101	199	0.1	-0.1	-1.86239
13041101	200	0.1	-0.1	0.429632
13041101	201	0.1	-0.1	-4.82137
13041101	202	0.1	-0.1	-0.63788
13041101	203	0.1	-0.1	3.21412
13041101	204	0.1	-0.1	-1.96076
13041101	205	0.1	-0.1	-1.42025
13041101	206	0.1	-0.1	-3.73423
13041101	207	0.1	-0.1	5.78071
13041101	208	0.1	-0.1	1.37284
13041101	209	0.1	-0.1	2.32898
13041101	210	0.1	-0.1	3.53387
13041101	211	0.1	-0.1	-4.82659
13041101	212	0.1	-0.1	2.80774
13041101	213	0.1	-0.1	-5.63186
13041101	214	0.1	-0.1	-0.046575
13041101	215	0.1	-0.1	-4.63393
13041101	216	0.1	-0.1	0.492203
13041101	217	0.1	-0.1	4.17948
13041101	218	0.1	-0.1	-0.0263198
13041101	219	0.1	-0.1	-3.52862
13041101	220	0.1	-0.1	-1.49557
13041101	221	0.1	-0.1	4.8833
13041101	222	0.1	-0.1	-4.0207
13041101	223	0.1	-0.1	-3.17317
13041101	224	0.1	-0.1	0.50154
13041101	225	0.1	-0.1	0.928805
13041101	226	0.1	-0.1	5.22579
13041101	227	0.1	-0.1	-3.9975
13041101	228	0.1	-0.1	-0.963089
13041101	229	0.1	-0.1	-2.60744
13041101	230	0.1	-0.1	5.53072
13041101	231	0.1	-0.1	-3.6664
13041101	232	0.1	-0.1	2.6411
13041101	233	0.1	-0.1	0.503845
13041101	234	0.1	-0.1	-4.8813
13041101	235	0.1	-0.1	0.417727
13041101	236	0.1	-0.1	0.564291
13041101	237	0.1	-0.1	4.30581
13041101	238	0.1	-0.1	-4.86379
13041101	239	0.1	-0.1	5.85166
13041101	240	0.1	-0.1	4.48985
13041101	241	0.1	-0.1	-4.97655
13041101	242	0.1	-0.1	-4.88387
13041101	243	0.1	-0.1	2.8385
13041101	244	0.1	-0.1	-3.53677
13041101	245	0.1	-0.1	-4.9538
13041101	246	0.1	-0.1	-3.29471
13041101	247	0.1	-0.1	1.95151
13041101	248	0.1	-0.1	-4.68506
13041101	249	0.1	-0.1	0.510757
13041101	250	0.1	-0.1	-0.211628
13041101	251	0.1	-0.1	-1.35911
13041101	252	0.1	-0.1	-0.346296
13041101	253	0.1	-0.1	-0.179955
13041101	254	0.1	-0.1	1.31685
13041101	255	0.1	-0.1	3.96891
13041101	256	0.1	-0.1	-0.167887
13041101	257	0.1	-0.1	4.00556
13041101	258	0.1	-0.1	1.98062
13041101	259	0.1	-0.1	-1.04022
13041101	260	0.1	-0.1	-2.62463
13041101	261	0.1	-0.1	5.17762
13041101	262	0.1	-0.1	-5.55946
13041101	263	0.1	-0.1	1.96137
13041101	264	0.1	-0.1	-2.27603
13041101	265	0.1	-0.1	5.69413
13041101	266	0.1	-0.1	5.64795
13041101	267	0.1	-0.1	-2.45606
13041101	268	0.1	-0.1	-5.36958
13041101	269	0.1	-0.1	4.04732
13041101	270	0.1	-0.1	4.51783
13041101	271	0.1	-0.1	5.81402
13041101	272	0.1	-0.1	1.25521
13041101	273	0.1	-0.1	0.756858
13041101	274	0.1	-0.1	0.411638
13041101	275	0.1	-0.1	-3.09273
13041101	276	0.1	-0.1	-2.55439
13041101	277	0.1	-0.1	0.0851161
13041101	278	0.1	-0.1	5.26377
13041101	279	0.1	-0.1	5.87987
13041101	280	0.1	-0.1	-3.21306
13041101	281	0.1	-0.1	-0.312798
13041101	282	0.1	-0.1	-4.83893
13041101	283	0.1	-0.1	0.42934
13041101	284	0.1	-0.1	-4.74368
13041101	285	0.1	-0.1	2.81378
13041101	286	0.1	-0.1	5.62113
13041101	287	0.1	-0.1	5.94791
13041101	288	0.1	-0.1	-3.97469
13041101	289	0.1	-0.1	-2.8841
13041101	290	0.1	-0.1	-3.37734
13041101	291	0.1	-0.1	-0.737928
13041101	292	0.1	-0.1	-1.26063
13041101	293	0.1	-0.1	4.63234
13041101	294	0.1	-0.1	-3.9686
13041101	295	0.1	-0.1	-3.95942
13041101	296	0.1	-0.1	3.12328
13041101	297	0.1	-0.1	3.82397
13041101	298	0.1	-0.1	-2.99067
13041101	299	0.1	-0.1	1.62031
13041101	300	0.1	-0.1	-3.57265
13041101	301	0.1	-0.1	-5.4878
13041101	302	0.1	-0.1	-2.06592
13041101	303	0.1	-0.1	5.10013
13041101	304	0.1	-0.1	0.171505
13041101	305	0.1	-0.1	3.69717
13041101	306	0.1	-0.1	5.46755
13041101	307	0.1	-0.1	-0.127558
13041101	308	0.1	-0.1	3.15749
13041101	309	0.1	-0.1	-4.18324
13041101	310	0.1	-0.1	-4.94971
13041101	311	0.1	-0.1	-4.26816
13041101	312	0.1	-0.1	-2.82571
13041101	313	0.1	-0.1	1.63726
13041101	314	0.1	-0.1	-3.11922
13041101	315	0.1	-0.1	-1.56698
13041101	316	0.1	-0.1	-3.99946
13041101	317	0.1	-0.1	0.867368
13041101	318	0.1	-0.1	-0.966633
13041101	319	0.1	-0.1	5.84959
13041101	320	0.1	-0.1	-2.10015
13041101	321	0.1	-0.1	5.10973
13041101	322	0.1	-0.1	2.17226
13041101	323	0.1	-0.1	5.76353
13041101	324	0.1	-0.1	4.72297
13041101	325	0.1	-0.1	2.77229
13041101	326	0.1	-0.1	5.4808
13041101	327	0.1	-0.1	-2.86832
13041101	328	0.1	-0.1	-4.46816
13041101	329	0.1	-0.1	-1.71079
13041101	330	0.1	-0.1	-5.74031
13041101	331	0.1	-0.1	3.8156
13041101	332	0.1	-0.1	5.31453
13041101	333	0.1	-0.1	4.48705
13041101	334	0.1	-0.1	4.66869
13041101	335	0.1	-0.1	-2.88316
13041101	336	0.1	-0.1	-3.63825
13041101	337	0.1	-0.1	4.17385
13041101	338	0.1	-0.1	2.92634
13041101	339	0.1	-0.1	1.7304
13041101	340	0.1	-0.1	-2.65772
13041101	341	0.1	-0.1	2.61282
13041101	342	0.1	-0.1	-3.58723
13041101	343	0.1	-0.1	-0.380532
13041101	344	0.1	-0.1	2.32521
13041101	345	0.1	-0.1	2.88481
13041101	346	0.1	-0.1	-4.17325
13041101	347	0.1	-0.1	-2.2628
13041101	348	0.1	-0.1	0.163361
13041101	349	0.1	-0.1	-0.347241
13041101	350	0.1	-0.1	1.13533
13041101	351	0.1	-0.1	-5.54037
13041101	352	0.1	-0.1	3.48392
13041101	353	0.1	-0.1	2.56101
13041101	354	0.1	-0.1	4.57155
13041101	355	0.1	-0.1	1.82558
13041101	356	0.1	-0.1	3.7105
13041101	357	0.1	-0.1	5.04149
13041101	358	0.1	-0.1	2.10483
13041101	359	0.1	-0.1	2.41024
13041101	360	0.1	-0.1	-3.12303
13041101	361	0.1	-0.1	-4.98278
13041101	362	0.1	-0.1	0.948927
13041101	363	0.1	-0.1	-0.978018
13041101	364	0.1	-0.1	4.02852
13041101	365	0.1	-0.1	-3.15859
13041101	366	0.1	-0.1	-5.35948
13041101	367	0.1	-0.1	5.3707
13041101	368	0.1	-0.1	4.44124
13041101	369	0.1	-0.1	3.96943
13041101	370	0.1	-0.1	5.89143
13041101	371	0.1	-0.1	-1.98943
13041101	372	0.1	-0.1	0.5799
13041101	373	0.1	-0.1	-3.27022
13041101	374	0.1	-0.1	-1.25026
13041101	375	0.1	-0.1	2.37592
13041101	376	0.1	-0.1	-2.43259
13041101	377	0.1	-0.1	1.45179
13041101	378	0.1	-0.1	4.96181
13041101	379	0.1	-0.1	-2.05789
13041101	380	0.1	-0.1	-1.22568
13041101	381	0.1	-0.1	-4.56722
13041101	382	0.1	-0.1	4.47466
13041101	383	0.1	-0.1	4.329
13041101	384	0.1	-0.1	-5.12435
13041101	385	0.1	-0.1	3.94292
13041101	386	0.1	-0.1	-2.79791
13041101	387	0.1	-0.1	1.49501
13041101	388	0.1	-0.1	1.6434
13041101	389	0.1	-0.1	-3.74469
13041101	390	0.1	-0.1	0.45312
13041101	391	0.1	-0.1	5.81791
13041101	392	0.1	-0.1	0.524805
13041101	393	0.1	-0.1	4.73557
13041101	394	0.1	-0.1	2.0657
13041101	395	0.1	-0.1	-5.74149
13041101	396	0.1	-0.1	4.25658
13041101	397	0.1	-0.1	-3.73184
13041101	398	0.1	-0.1	-3.81054
13041101	399	0.1	-0.1	4.23021
13041101	400	0.1	-0.1	-2.0111
13041101	401	0.1	-0.1	-4.3653
13041101	402	0.1	-0.1	3.15867
13041101	403	0.1	-0.1	4.62465
13041101	404	0.1	-0.1	-0.116753
13041101	405	0.1	-0.1	-3.64973
13041101	406	0.1	-0.1	-5.05546
13041101	407	0.1	-0.1	-1.52047
13041101	408	0.1	-0.1	4.18561
13041101	409	0.1	-0.1	-0.390534
13041101	410	0.1	-0.1	-0.299628
13041101	411	0.1	-0.1	0.61121
13041101	412	0.1	-0.1	4.14511
13041101	413	0.1	-0.1	5.54102
13041101	414	0.1	-0.1	4.6823
13041101	415	0.1	-0.1	5.30299
13041101	416	0.1	-0.1	4.8405
13041101	417	0.1	-0.1	-0.133997
13041101	418	0.1	-0.1	-0.0219628
13041101	419	0.1	-0.1	-1.19301
13041101	420	0.1	-0.1	-0.799734
13041101	421	0.1	-0.1	5.75889
13041101	422	0.1	-0.1	-0.960957
13041101	423	0.1	-0.1	-2.16874
13041101	424	0.1	-0.1	5.05401
13041101	425	0.1	-0.1	1.14402
13041101	426	0.1	-0.1	2.91323
13041101	427	0.1	-0.1	-1.04347
13041101	428	0.1	-0.1	-2.23721
13041101	429	0.1	-0.1	-3.3485
13041101	430	0.1	-0.1	2.27673
13041101	431	0.1	-0.1	-5.16566
13041101	432	0.1	-0.1	-1.66191
13041101	433	0.1	-0.1	-2.91792
13041101	434	0.1	-0.1	1.3137
13041101	435	0.1	-0.1	-3.12535
13041101	436	0.1	-0.1	3.05109
13041101	437	0.1	-0.1	-5.91895
13041101	438	0.1	-0.1	-4.93419
13041101	439	0.1	-0.1	-4.38675
13041101	440	0.1	-0.1	-2.50411
13041101	441	0.1	-0.1	-2.18962
13041101	442	0.1	-0.1	-3.82305
13041101	443	0.1	-0.1	4.22236
13041101	444	0.1	-0.1	5.90845
13041101	445	0.1	-0.1	4.87124
13041101	446	0.1	-0.1	-5.08724
13041101	447	0.1	-0.1	-5.48076
13041101	448	0.1	-0.1	1.20247
13041101	449	0.1	-0.1	5.89561
13041101	450	0.1	-0.1	-5.09747
13041101	451	0.1	-0.1	-1.60153
13041101	452	0.1	-0.1	-3.79717
13041101	453	0.1	-0.1	-5.95585
13041101	454	0.1	-0.1	-3.21892
13041101	455	0.1	-0.1	-1.72633
13041101	456	0.1	-0.1	2.0744
13041101	457	0.1	-0.1	-0.74205
13041101	458	0.1	-0.1	-1.95895
13041101	459	0.1	-0.1	5.881
13041101	460	0.1	-0.1	-0.989717
13041101	461	0.1	-0.1	-4.48207
13041101	462	0.1	-0.1	4.54612
13041101	463	0.1	-0.1	-1.61103
13041101	464	0.1	-0.1	-0.983348
13041101	465	0.1	-0.1	3.1183
13041101	466	0.1	-0.1	-0.984321
13041101	467	0.1	-0.1	2.78073
13041101	468	0.1	-0.1	-0.659182
13041101	469	0.1	-0.1	3.50437
13041101	470	0.1	-0.1	4.41411
13041101	471	0.1	-0.1	-5.18883
13041101	472	0.1	-0.1	1.06417
13041101	473	0.1	-0.1	-3.01665
13041101	474	0.1	-0.1	4.11029
13041101	475	0.1	-0.1	0.548541
13041101	476	0.1	-0.1	-4.22021
13041101	477	0.1	-0.1	-0.370151
13041101	478	0.1	-0.1	0.441499
13041101	479	0.1	-0.1	0.699279
13041101	480	0.1	-0.1	1.3689
13041101	481	0.1	-0.1	-5.02903
13041101	482	0.1	-0.1	0.0572469
13041101	483	0.1	-0.1	-0.903006
13041101	484	0.1	-0.1	-1.07206
13041101	485	0.1	-0.1	-2.70869
13041101	486	0.1	-0.1	4.79087
13041101	487	0.1	-0.1	-1.91544
13041101	488	0.1	-0.1	2.88674
13041101	489	0.1	-0.1	2.12678
13041101	490	0.1	-0.1	2.44849
13041101	491	0.1	-0.1	-1.98248
13041101	492	0.1	-0.1	-5.65399
13041101	493	0.1	-0.1	1.01588
13041101	494	0.1	-0.1	3.36601
13041101	495	0.1	-0.1	4.58847
13041101	496	0.1	-0.1	-2.49754
13041101	497	0.1	-0.1	-2.22078
13041101	498	0.1	-0.1	-1.18134
13041101	499	0.1	-0.1	-2.4315
13041101	500	0.1	-0.1	4.9123
13041101	501	0.1	-0.1	1.42295
13041101	502	0.1	-0.1	-2.05513
13041101	503	0.1	-0.1	4.39766
13041101	504	0.1	-0.1	-1.07569
13041101	505	0.1	-0.1	-3.72803
13041101	506	0.1	-0.1	0.215224
13041101	507	0.1	-0.1	-3.31122
13041101	508	0.1	-0.1	-1.96743
13041101	509	0.1	-0.1	5.8151
13041101	510	0.1	-0.1	5.2176
13041101	511	0.1	-0.1	-5.39749
13041101	512	0.1	-0.1	-1.36637
13041101	513	0.1	-0.1	5.32124
13041101	514	0.1	-0.1	-2.13096
13041101	515	0.1	-0.1	1.86409
13041101	516	0.1	-0.1	-5.47318
13041101	517	0.1	-0.1	1.72794
13041101	518	0.1	-0.1	-5.1882
13041101	519	0.1	-0.1	0.942105
13041101	520	0.1	-0.1	1.90903
13041101	521	0.1	-0.1	-1.02076
13041101	522	0.1	-0.1	0.913893
13041101	523	0.1	-0.1	-1.89883
13041101	524	0.1	-0.1	-1.24678
13041101	525	0.1	-0.1	-3.5459
13041101	526	0.1	-0.1	5.80114
13041101	527	0.1	-0.1	5.51488
13041101	528	0.1	-0.1	-4.30365
13041101	529	0.1	-0.1	-5.10785
13041101	530	0.1	-0.1	-2.36249
13041101	531	0.1	-0.1	-1.48945
13041101	532	0.1	-0.1	1.53521
13041101	533	0.1	-0.1	-5.64596
13041101	534	0.1	-0.1	-2.71859
13041101	535	0.1	-0.1	3.22534
13041101	536	0.1	-0.1	-5.07266
13041101	537	0.1	-0.1	2.04845
13041101	538	0.1	-0.1	-4.71507
13041101	539	0.1	-0.1	-1.57256
13041101	540	0.1	-0.1	-2.28289
13041101	541	0.1	-0.1	-4.52833
13041101	542	0.1	-0.1	-4.37301
13041101	543	0.1	-0.1	1.8193
13041101	544	0.1	-0.1	-3.10424
13041101	545	0.1	-0.1	4.02049
13041101	546	0.1	-0.1	3.00589
13041101	547	0.1	-0.1	-5.49433
13041101	548	0.1	-0.1	-3.89413
13041101	549	0.1	-0.1	3.99084
13041101	550	0.1	-0.1	-4.76515
13041101	551	0.1	-0.1	-0.168852
13041101	552	0.1	-0.1	5.29491
13041101	553	0.1	-0.1	-3.72803
13041101	554	0.1	-0.1	-4.70741
13041101	555	0.1	-0.1	5.06707
13041101	556	0.1	-0.1	4.46133
13041101	557	0.1	-0.1	2.43072
13041101	558	0.1	-0.1	1.98819
13041101	559	0.1	-0.1	3.9274
13041101	560	0.1	-0.1	3.29695
13041101	561	0.1	-0.1	0.31207
13041101	562	0.1	-0.1	-4.11499
13041101	563	0.1	-0.1	-2.01987
13041101	564	0.1	-0.1	0.00744321
13041101	565	0.1	-0.1	4.57324
13041101	566	0.1	-0.1	-2.17171
13041101	567	0.1	-0.1	-3.35833
13041101	568	0.1	-0.1	4.09739
13041101	569	0.1	-0.1	4.07174
13041101	570	0.1	-0.1	-4.16184
13041101	571	0.1	-0.1	2.96749
13041101	572	0.1	-0.1	-1.70383
13041101	573	0.1	-0.1	0.737654
13041101	574	0.1	-0.1	-3.68631
13041101	575	0.1	-0.1	0.489723
13041101	576	0.1	-0.1	2.52181
13041101	577	0.1	-0.1	5.1774
13041101	578	0.1	-0.1	5.86148
13041101	579	0.1	-0.1	-3.42013
13041101	580	0.1	-0.1	0.0171821
13041101	581	0.1	-0.1	5.87074
13041101	582	0.1	-0.1	0.869611
13041101	583	0.1	-0.1	-0.602644
13041101	584	0.1	-0.1	0.282494
13041101	585	0.1	-0.1	1.04964
13041101	586	0.1	-0.1	-2.92822
13041101	587	0.1	-0.1	-2.16662
13041101	588	0.1	-0.1	0.912282
13041101	589	0.1	-0.1	-5.91843
13041101	590	0.1	-0.1	-2.49802
13041101	591	0.1	-0.1	-2.56494
13041101	592	0.1	-0.1	5.13721
13041101	593	0.1	-0.1	5.13639
13041101	594	0.1	-0.1	1.75303
13041101	595	0.1	-0.1	2.2682
13041101	596	0.1	-0.1	-3.65734
13041101	597	0.1	-0.1	-0.292584
13041101	598	0.1	-0.1	-0.043096
13041101	599	0.1	-0.1	-5.37265
13041101	600	0.1	-0.1	-5.57398
13041101	601	0.1	-0.1	-3.55874
13041101	602	0.1	-0.1	3.697
13041101	603	0.1	-0.1	-2.03194
13041101	604	0.1	-0.1	-3.92747
13041101	605	0.1	-0.1	-5.54188
13041101	606	0.1	-0.1	-3.43412
13041101	607	0.1	-0.1	3.62488
13041101	608	0.1	-0.1	0.101176
13041101	609	0.1	-0.1	-0.270809
13041101	610	0.1	-0.1	5.79937
13041101	611	0.1	-0.1	4.52835
13041101	612	0.1	-0.1	-2.25132
13041101	613	0.1	-0.1	0.687069
13041101	614	0.1	-0.1	4.16765
13041101	615	0.1	-0.1	-2.91064
13041101	616	0.1	-0.1	-1.36244
13041101	617	0.1	-0.1	-3.0823
13041101	618	0.1	-0.1	5.48161
13041101	619	0.1	-0.1	1.46492
13041101	620	0.1	-0.1	1.18729
13041101	621	0.1	-0.1	-5.14434
13041101	622	0.1	-0.1	4.94096
13041101	623	0.1	-0.1	2.71379
13041101	624	0.1	-0.1	5.08985
13041101	625	0.1	-0.1	5.34373
13041101	626	0.1	-0.1	3.92074
13041101	627	0.1	-0.1	-1.48837
13041101	628	0.1	-0.1	1.02778
13041101	629	0.1	-0.1	-4.01878
13041101	630	0.1	-0.1	5.84514
13041101	631	0.1	-0.1	-2.66156
13041101	632	0.1	-0.1	-2.32092
13041101	633	0.1	-0.1	1.87685
13041101	634	0.1	-0.1	4.63847
13041101	635	0.1	-0.1	-5.71738
13041101	636	0.1	-0.1	4.03495
13041101	637	0.1	-0.1	3.52152
13041101	638	0.1	-0.1	0.921905
13041101	639	0.1	-0.1	2.31021
13041101	640	0.1	-0.1	-2.12554
13041101	641	0.1	-0.1	-2.37635
13041101	642	0.1	-0.1	-3.79043
13041101	643	0.1	-0.1	-1.98179
13041101	644	0.1	-0.1	3.64019
13041101	645	0.1	-0.1	-5.46939
13041101	646	0.1	-0.1	5.09305
13041101	647	0.1	-0.1	5.68544
13041101	648	0.1	-0.1	2.43843
13041101	649	0.1	-0.1	-3.56459
13041101	650	0.1	-0.1	4.73361
13041101	651	0.1	-0.1	2.49668
13041101	652	0.1	-0.1	-3.55262
13041101	653	0.1	-0.1	0.0499911
13041101	654	0.1	-0.1	1.35442
13041101	655	0.1	-0.1	-4.98767
13041101	656	0.1	-0.1	-4.54805
13041101	657	0.1	-0.1	-5.13932
13041101	658	0.1	-0.1	-4.81991
13041101	659	0.1	-0.1	1.761
13041101	660	0.1	-0.1	1.53819
13041101	661	0.1	-0.1	4.07702
13041101	662	0.1	-0.1	0.140804
13041101	663	0.1	-0.1	4.52088
13041101	664	0.1	-0.1	0.248525
13041101	665	0.1	-0.1	4.82059
13041101	666	0.1	-0.1	-2.56858
13041101	667	0.1	-0.1	0.728965
13041101	668	0.1	-0.1	-4.81328
13041101	669	0.1	-0.1	1.21155
13041101	670	0.1	-0.1	2.98644
13041101	671	0.1	-0.1	-4.54067
13041101	672	0.1	-0.1	-1.38661
13041101	673	0.1	-0.1	5.85179
13041101	674	0.1	-0.1	-2.83795
13041101	675	0.1	-0.1	-3.42846
13041101	676	0.1	-0.1	-1.8716
13041101	677	0.1	-0.1	-5.68436
13041101	678	0.1	-0.1	-3.69836
13041101	679	0.1	-0.1	-5.49496
13041101	680	0.1	-0.1	-1.6875
13041101	681	0.1	-0.1	4.33888
13041101	682	0.1	-0.1	-4.31069
13041101	683	0.1	-0.1	-3.94015
13041101	684	0.1	-0.1	1.49862
13041101	685	0.1	-0.1	-1.2309
13041101	686	0.1	-0.1	-1.5284
13041101	687	0.1	-0.1	1.1146
13041101	688	0.1	-0.1	-1.87511
13041101	689	0.1	-0.1	-0.0737651
13041101	690	0.1	-0.1	1.58051
13041101	691	0.1	-0.1	4.7473
13041101	692	0.1	-0.1	-5.62184
13041101	693	0.1	-0.1	0.56089
13041101	694	0.1	-0.1	-5.38742
13041101	695	0.1	-0.1	-3.67372
13041101	696	0.1	-0.1	0.0274269
13041101	697	0.1	-0.1	4.31559
13041101	698	0.1	-0.1	1.05674
13041101	699	0.1	-0.1	4.14355
13041101	700	0.1	-0.1	4.73087
13041101	701	0.1	-0.1	-0.231311
13041101	702	0.1	-0.1	2.35262
13041101	703	0.1	-0.1	-4.97871
13041101	704	0.1	-0.1	5.84871
13041101	705	0.1	-0.1	-2.36816
13041101	706	0.1	-0.1	-5.07879
13041101	707	0.1	-0.1	-3.46792
13041101	708	0.1	-0.1	-0.978318
13041101	709	0.1	-0.1	5.30162
13041101	710	0.1	-0.1	-4.74945
13041101	711	0.1	-0.1	0.293322
13041101	712	0.1	-0.1	5.8179
13041101	713	0.1	-0.1	-0.0281414
13041101	714	0.1	-0.1	-1.97111
13041101	715	0.1	-0.1	-5.10772
13041101	716	0.1	-0.1	-0.274354
13041101	717	0.1	-0.1	-0.627343
13041101	718	0.1	-0.1	-1.87834
13041101	719	0.1	-0.1	4.6569
13041101	720	0.1	-0.1	3.95595
13041101	721	0.1	-0.1	-4.13558
13041101	722	0.1	-0.1	3.49864
13041101	723	0.1	-0.1	-5.82334
13041101	724	0.1	-0.1	3.82795
13041101	725	0.1	-0.1	2.55634
13041101	726	0.1	-0.1	-3.09137
13041101	727	0.1	-0.1	-4.05045
13041101	728	0.1	-0.1	-1.33975
13041101	729	0.1	-0.1	-1.64882
13041101	730	0.1	-0.1	3.61105
13041101	731	0.1	-0.1	-5.2913
13041101	732	0.1	-0.1	-4.4355
13041101	733	0.1	-0.1	5.75267
13041101	734	0.1	-0.1	5.43245
13041101	735	0.1	-0.1	-4.73956
13041101	736	0.1	-0.1	-3.41394
13041101	737	0.1	-0.1	2.24668
13041101	738	0.1	-0.1	4.70065
13041101	739	0.1	-0.1	-5.27043
13041101	740	0.1	-0.1	0.295428
13041101	741	0.1	-0.1	-2.52094
13041101	742	0.1	-0.1	-5.11057
13041101	743	0.1	-0.1	3.76739
13041101	744	0.1	-0.1	-2.14291
13041101	745	0.1	-0.1	1.61041
13041101	746	0.1	-0.1	-1.53999
13041101	747	0.1	-0.1	2.637
13041101	748	0.1	-0.1	-4.40112
13041101	749	0.1	-0.1	2.21497
13041101	750	0.1	-0.1	1.87654
13041101	751	0.1	-0.1	1.50643
13041101	752	0.1	-0.1	-5.5533
13041101	753	0.1	-0.1	-5.0198
13041101	754	0.1	-0.1	4.28224
13041101	755	0.1	-0.1	2.77373
13041101	756	0.1	-0.1	-3.74586
13041101	757	0.1	-0.1	4.27494
13041101	758	0.1	-0.1	-4.52436
13041101	759	0.1	-0.1	4.49019
13041101	760	0.1	-0.1	-1.26291
13041101	761	0.1	-0.1	0.397105
13041101	762	0.1	-0.1	-5.33902
13041101	763	0.1	-0.1	-0.823168
13041101	764	0.1	-0.1	-5.28399
13041101	765	0.1	-0.1	5.46902
13041101	766	0.1	-0.1	-2.24997
13041101	767	0.1	-0.1	5.53111
13041101	768	0.1	-0.1	-5.48326
13041101	769	0.1	-0.1	0.0695846
13041101	770	0.1	-0.1	0.416309
13041101	771	0.1	-0.1	-3.46036
13041101	772	0.1	-0.1	1.32498
13041101	773	0.1	-0.1	4.31119
13041101	774	0.1	-0.1	-1.22197
13041101	775	0.1	-0.1	-1.29627
13041101	776	0.1	-0.1	3.72276
13041101	777	0.1	-0.1	2.35601
13041101	778	0.1	-0.1	-4.66164
13041101	779	0.1	-0.1	-2.7157
13041101	780	0.1	-0.1	-1.00964
13041101	781	0.1	-0.1	2.80233
13041101	782	0.1	-0.1	-1.91391
13041101	783	0.1	-0.1	-5.39424
13041101	784	0.1	-0.1	-0.427949
13041101	785	0.1	-0.1	-1.33637
13041101	786	0.1	-0.1	-2.76159
13041101	787	0.1	-0.1	0.617189
13041101	788	0.1	-0.1	-4.56801
13041101	789	0.1	-0.1	2.21238
13041101	790	0.1	-0.1	-2.81963
13041101	791	0.1	-0.1	0.356152
13041101	792	0.1	-0.1	-0.320934
13041101	793	0.1	-0.1	4.14768
13041101	794	0.1	-0.1	-5.22716
13041101	795	0.1	-0.1	-0.252577
13041101	796	0.1	-0.1	2.0844
13041101	797	0.1	-0.1	-3.12766
13041101	798	0.1	-0.1	-5.40862
13041101	799	0.1	-0.1	3.20536
13041101	800	0.1	-0.1	-0.42881
13041101	801	0.1	-0.1	2.49197
13041101	802	0.1	-0.1	1.04015
13041101	803	0.1	-0.1	-5.29164
13041101	804	0.1	-0.1	-5.49817
13041101	805	0.1	-0.1	5.87473
13041101	806	0.1	-0.1	2.01975
13041101	807	0.1	-0.1	-4.18274
13041101	808	0.1	-0.1	-1.01636
13041101	809	0.1	-0.1	-4.74359
13041101	810	0.1	-0.1	2.44587
13041101	811	0.1	-0.1	-4.39359
13041101	812	0.1	-0.1	-5.91078
13041101	813	0.1	-0.1	-4.54873
13041101	814	0.1	-0.1	0.464092
13041101	815	0.1	-0.1	2.77238
13041101	816	0.1	-0.1	-3.6466
13041101	817	0.1	-0.1	-2.90503
13041101	818	0.1	-0.1	-0.786985
13041101	819	0.1	-0.1	5.00098
13041101	820	0.1	-0.1	0.432593
13041101	821	0.1	-0.1	3.4561
13041101	822	0.1	-0.1	5.84964
13041101	823	0.1	-0.1	-0.131904
13041101	824	0.1	-0.1	1.13673
13041101	825	0.1	-0.1	-0.417335
13041101	826	0.1	-0.1	4.24282
13041101	827	0.1	-0.1	2.10467
13041101	828	0.1	-0.1	-0.275727
13041101	829	0.1	-0.1	4.93118
13041101	830	0.1	-0.1	1.86729
13041101	831	0.1	-0.1	4.72563
13041101	832	0.1	-0.1	0.027339
13041101	833	0.1	-0.1	-5.05327
13041101	834	0.1	-0.1	-2.28054
13041101	835	0.1	-0.1	2.26132
13041101	836	0.1	-0.1	1.94172
13041101	837	0.1	-0.1	4.53081
13041101	838	0.1	-0.1	4.66665
13041101	839	0.1	-0.1	0.778917
13041101	840	0.1	-0.1	-5.39295
13041101	841	0.1	-0.1	3.91086
13041101	842	0.1	-0.1	0.665611
13041101	843	0.1	-0.1	2.56447
13041101	844	0.1	-0.1	-3.38562
13041101	845	0.1	-0.1	-5.03149
13041101	846	0.1	-0.1	-5.86607
13041101	847	0.1	-0.1	0.328694
13041101	848	0.1	-0.1	-1.87138
13041101	849	0.1	-0.1	4.76388
13041101	850	0.1	-0.1	0.477542
13041101	851	0.1	-0.1	-5.4095
13041101	852	0.1	-0.1	5.962
13041101	853	0.1	-0.1	-1.31939
13041101	854	0.1	-0.1	3.65576
13041101	855	0.1	-0.1	3.4775
13041101	856	0.1	-0.1	-2.04436
13041101	857	0.1	-0.1	-3.59608
13041101	858	0.1	-0.1	5.10886
13041101	859	0.1	-0.1	-5.3978
13041101	860	0.1	-0.1	-3.48461
13041101	861	0.1	-0.1	-4.52448
13041101	862	0.1	-0.1	-5.0196
13041101	863	0.1	-0.1	5.71947
13041101	864	0.1	-0.1	0.273481
13041101	865	0.1	-0.1	4.73114
13041101	866	0.1	-0.1	-4.32042
13041101	867	0.1	-0.1	-1.73458
13041101	868	0.1	-0.1	-4.59619
13041101	869	0.1	-0.1	1.36345
13041101	870	0.1	-0.1	3.69389
13041101	871	0.1	-0.1	-1.59853
13041101	872	0.1	-0.1	-1.95182
13041101	873	0.1	-0.1	-2.35997
13041101	874	0.1	-0.1	-2.87118
13041101	875	0.1	-0.1	0.0937982
13041101	876	0.1	-0.1	0.690502
13041101	877	0.1	-0.1	-3.39134
13041101	878	0.1	-0.1	-4.67297
13041101	879	0.1	-0.1	4.82743
13041101	880	0.1	-0.1	-5.52491
13041101	881	0.1	-0.1	-0.888723
13041101	882	0.1	-0.1	-1.46446
13041101	883	0.1	-0.1	5.81722
13041101	884	0.1	-0.1	3.0247
13041101	885	0.1	-0.1	0.111992
13041101	886	0.1	-0.1	1.93015
13041101	887	0.1	-0.1	4.51247
13041101	888	0.1	-0.1	-0.0371316
13041101	889	0.1	-0.1	0.774659
13041101	890	0.1	-0.1	-2.94957
13041101	891	0.1	-0.1	2.20504
13041101	892	0.1	-0.1	4.62725
13041101	893	0.1	-0.1	-3.73248
13041101	894	0.1	-0.1	-4.10659
13041101	895	0.1	-0.1	4.46122
13041101	896	0.1	-0.1	-2.83169
13041101	897	0.1	-0.1	-3.23376
13041101	898	0.1	-0.1	-4.22024
13041101	899	0.1	-0.1	-3.89946
13041101	900	0.1	-0.1	4.15468
13041101	901	0.1	-0.1	-5.61538
13041101	902	0.1	-0.1	2.85819
13041101	903	0.1	-0.1	-2.37449
13041101	904	0.1	-0.1	-5.22731
13041101	905	0.1	-0.1	2.19326
13041101	906	0.1	-0.1	2.63125
13041101	907	0.1	-0.1	-0.296441
13041101	908	0.1	-0.1	-3.3934
13041101	909	0.1	-0.1	5.91851
13041101	910	0.1	-0.1	-3.23896
13041101	911	0.1	-0.1	1.40867
13041101	912	0.1	-0.1	-5.85803
13041101	913	0.1	-0.1	0.261621
13041101	914	0.1	-0.1	4.9873
13041101	915	0.1	-0.1	-1.77647
13041101	916	0.1	-0.1	-0.0709302
13041101	917	0.1	-0.1	-1.08972
13041101	918	0.1	-0.1	5.17676
13041101	919	0.1	-0.1	2.48819
13041101	920	0.1	-0.1	2.68108
13041101	921	0.1	-0.1	3.2632
13041101	922	0.1	-0.1	0.333432
13041101	923	0.1	-0.1	4.84548
13041101	924	0.1	-0.1	-5.10219
13041101	925	0.1	-0.1	-1.99479
13041101	926	0.1	-0.1	1.59016
13041101	927	0.1	-0.1	2.93302
13041101	928	0.1	-0.1	-5.24891
13041101	929	0.1	-0.1	1.49448
13041101	930	0.1	-0.1	-0.584638
13041101	931	0.1	-0.1	-3.36315
13041101	932	0.1	-0.1	-0.967687
13041101	933	0.1	-0.1	-5.30889
13041101	934	0.1	-0.1	-0.359412
13041101	935	0.1	-0.1	4.17029
13041101	936	0.1	-0.1	-4.28765
13041101	937	0.1	-0.1	-5.00977
13041101	938	0.1	-0.1	-5.80369
13041101	939	0.1	-0.1	4.61436
13041101	940	0.1	-0.1	-0.397217
13041101	941	0.1	-0.1	-0.849647
13041101	942	0.1	-0.1	5.99366
13041101	943	0.1	-0.1	3.38173
13041101	944	0.1	-0.1	-5.13537
13041101	945	0.1	-0.1	-2.80859
13041101	946	0.1	-0.1	5.85083
13041101	947	0.1	-0.1	4.30496
13041101	948	0.1	-0.1	4.95255
13041101	949	0.1	-0.1	-4.45229
13041101	950	0.1	-0.1	1.95593
13041101	951	0.1	-0.1	3.89683
13041101	952	0.1	-0.1	2.48826
13041101	953	0.1	-0.1	-4.51432
13041101	954	0.1	-0.1	-4.57311
13041101	955	0.1	-0.1	1.09837
13041101	956	0.1	-0.1	2.7414
13041101	957	0.1	-0.1	0.904048
13041101	958	0.1	-0.1	0.304432
13041101	959	0.1	-0.1	0.81696
13041101	960	0.1	-0.1	1.0008
13041101	961	0.1	-0.1	2.34778
13041101	962	0.1	-0.1	-0.556503
13041101	963	0.1	-0.1	1.78163
13041101	964	0.1	-0.1	3.58698
13041101	965	0.1	-0.1	-2.43633
13041101	966	0.1	-0.1	-2.11481
13041101	967	0.1	-0.1	-5.69444
13041101	968	0.1	-0.1	-1.30823
13041101	969	0.1	-0.1	3.87456
13041101	970	0.1	-0.1	1.55673
13041101	971	0.1	-0.1	-2.00547
13041101	972	0.1	-0.1	1.40501
13041101	973	0.1	-0.1	-4.38074
13041101	974	0.1	-0.1	-3.40529
13041101	975	0.1	-0.1	-3.77049
13041101	976	0.1	-0.1	3.73199
13041101	977	0.1	-0.1	1.0612
13041101	978	0.1	-0.1	-5.66183
13041101	979	0.1	-0.1	4.88466
13041101	980	0.1	-0.1	-3.80218
13041101	981	0.1	-0.1	3.66228
13041101	982	0.1	-0.1	-0.898443
13041101	983	0.1	-0.1	3.76565
13041101	984	0.1	-0.1	-4.95477
13041101	985	0.1	-0.1	3.01179
13041101	986	0.1	-0.1	-0.722521
13041101	987	0.1	-0.1	2.43349
13041101	988	0.1	-0.1	3.8969
13041101	989	0.1	-0.1	-5.3771
13041101	990	0.1	-0.1	2.29243
13041101	991	0.1	-0.1	2.71689
13041101	992	0.1	-0.1	0.521873
13041101	993	0.1	-0.1	3.36004
13041101	994	0.1	-0.1	-2.60502
13041101	995	0.1	-0.1	1.37663
13041101	996	0.1	-0.1	2.01339
13041101	997	0.1	-0.1	5.14863
13041101	998	0.1	-0.1	-1.74967
13041101	999	0.1	-0.1	0.927104
13041101	1000	0.1	-0.1	4.74011
