13049072	1	0.1	-0.1	-5.26466
13049072	2	0.1	-0.1	-5.18222
13049072	3	0.1	-0.1	1.31627
13049072	4	0.1	-0.1	2.43472
13049072	5	0.1	-0.1	0.108997
13049072	6	0.1	-0.1	-4.77275
13049072	7	0.1	-0.1	-1.23503
13049072	8	0.1	-0.1	-0.196824
13049072	9	0.1	-0.1	-0.273035
13049072	10	0.1	-0.1	-0.881946
13049072	11	0.1	-0.1	-5.02598
13049072	12	0.1	-0.1	-0.348261
13049072	13	0.1	-0.1	2.68094
13049072	14	0.1	-0.1	-2.38747
13049072	15	0.1	-0.1	0.635623
13049072	16	0.1	-0.1	2.8431
13049072	17	0.1	-0.1	-2.66886
13049072	18	0.1	-0.1	2.80171
13049072	19	0.1	-0.1	-2.24764
13049072	20	0.1	-0.1	-4.06149
13049072	21	0.1	-0.1	-2.24734
13049072	22	0.1	-0.1	-0.711467
13049072	23	0.1	-0.1	-0.310671
13049072	24	0.1	-0.1	5.86284
13049072	25	0.1	-0.1	-5.545
13049072	26	0.1	-0.1	2.05171
13049072	27	0.1	-0.1	5.3684
13049072	28	0.1	-0.1	-4.93197
13049072	29	0.1	-0.1	-4.48313
13049072	30	0.1	-0.1	4.07321
13049072	31	0.1	-0.1	4.08926
13049072	32	0.1	-0.1	-2.55887
13049072	33	0.1	-0.1	1.31022
13049072	34	0.1	-0.1	0.525528
13049072	35	0.1	-0.1	4.30291
13049072	36	0.1	-0.1	2.50613
13049072	37	0.1	-0.1	4.24099
13049072	38	0.1	-0.1	-0.0227816
13049072	39	0.1	-0.1	-4.12879
13049072	40	0.1	-0.1	-1.91235
13049072	41	0.1	-0.1	2.57955
13049072	42	0.1	-0.1	-3.67416
13049072	43	0.1	-0.1	-5.53608
13049072	44	0.1	-0.1	-3.13521
13049072	45	0.1	-0.1	3.12716
13049072	46	0.1	-0.1	3.82722
13049072	47	0.1	-0.1	2.4908
13049072	48	0.1	-0.1	2.81707
13049072	49	0.1	-0.1	-3.05297
13049072	50	0.1	-0.1	4.72956
13049072	51	0.1	-0.1	1.53806
13049072	52	0.1	-0.1	-4.10074
13049072	53	0.1	-0.1	2.33826
13049072	54	0.1	-0.1	1.52331
13049072	55	0.1	-0.1	-3.63473
13049072	56	0.1	-0.1	-5.89183
13049072	57	0.1	-0.1	-3.94264
13049072	58	0.1	-0.1	1.54866
13049072	59	0.1	-0.1	-3.13447
13049072	60	0.1	-0.1	0.659865
13049072	61	0.1	-0.1	-5.33519
13049072	62	0.1	-0.1	-2.5424
13049072	63	0.1	-0.1	-1.78295
13049072	64	0.1	-0.1	-5.91391
13049072	65	0.1	-0.1	1.93195
13049072	66	0.1	-0.1	4.67423
13049072	67	0.1	-0.1	1.2769
13049072	68	0.1	-0.1	3.48958
13049072	69	0.1	-0.1	-4.42855
13049072	70	0.1	-0.1	-2.81863
13049072	71	0.1	-0.1	4.84521
13049072	72	0.1	-0.1	-3.14982
13049072	73	0.1	-0.1	-2.47276
13049072	74	0.1	-0.1	0.836247
13049072	75	0.1	-0.1	3.65376
13049072	76	0.1	-0.1	2.30372
13049072	77	0.1	-0.1	0.71973
13049072	78	0.1	-0.1	3.88732
13049072	79	0.1	-0.1	-0.386305
13049072	80	0.1	-0.1	-4.2772
13049072	81	0.1	-0.1	-5.84442
13049072	82	0.1	-0.1	-1.14774
13049072	83	0.1	-0.1	-5.07323
13049072	84	0.1	-0.1	3.415
13049072	85	0.1	-0.1	-4.00739
13049072	86	0.1	-0.1	0.846209
13049072	87	0.1	-0.1	-3.27937
13049072	88	0.1	-0.1	-2.051
13049072	89	0.1	-0.1	-0.318102
13049072	90	0.1	-0.1	-3.36782
13049072	91	0.1	-0.1	1.01116
13049072	92	0.1	-0.1	-2.70903
13049072	93	0.1	-0.1	3.28808
13049072	94	0.1	-0.1	-1.36287
13049072	95	0.1	-0.1	-4.01005
13049072	96	0.1	-0.1	-3.65753
13049072	97	0.1	-0.1	0.5464
13049072	98	0.1	-0.1	0.652246
13049072	99	0.1	-0.1	-4.5088
13049072	100	0.1	-0.1	-3.41993
13049072	101	0.1	-0.1	4.17552
13049072	102	0.1	-0.1	0.375738
13049072	103	0.1	-0.1	-1.87399
13049072	104	0.1	-0.1	-4.19398
13049072	105	0.1	-0.1	2.20967
13049072	106	0.1	-0.1	4.35026
13049072	107	0.1	-0.1	-5.35641
13049072	108	0.1	-0.1	-0.132517
13049072	109	0.1	-0.1	4.40718
13049072	110	0.1	-0.1	-5.73144
13049072	111	0.1	-0.1	-5.29964
13049072	112	0.1	-0.1	-2.12182
13049072	113	0.1	-0.1	-5.27435
13049072	114	0.1	-0.1	-0.724029
13049072	115	0.1	-0.1	-4.28974
13049072	116	0.1	-0.1	-2.31924
13049072	117	0.1	-0.1	2.68468
13049072	118	0.1	-0.1	-0.904755
13049072	119	0.1	-0.1	5.46485
13049072	120	0.1	-0.1	-0.734458
13049072	121	0.1	-0.1	0.13943
13049072	122	0.1	-0.1	4.62949
13049072	123	0.1	-0.1	-1.97482
13049072	124	0.1	-0.1	-3.00363
13049072	125	0.1	-0.1	-1.77662
13049072	126	0.1	-0.1	-3.00066
13049072	127	0.1	-0.1	0.386782
13049072	128	0.1	-0.1	0.838865
13049072	129	0.1	-0.1	0.556095
13049072	130	0.1	-0.1	-5.51708
13049072	131	0.1	-0.1	0.507724
13049072	132	0.1	-0.1	-1.98308
13049072	133	0.1	-0.1	5.74915
13049072	134	0.1	-0.1	2.00489
13049072	135	0.1	-0.1	-1.52824
13049072	136	0.1	-0.1	2.81403
13049072	137	0.1	-0.1	-3.79613
13049072	138	0.1	-0.1	0.392847
13049072	139	0.1	-0.1	-1.67554
13049072	140	0.1	-0.1	-0.69196
13049072	141	0.1	-0.1	4.85568
13049072	142	0.1	-0.1	2.37769
13049072	143	0.1	-0.1	1.63971
13049072	144	0.1	-0.1	-0.521953
13049072	145	0.1	-0.1	3.29357
13049072	146	0.1	-0.1	-5.11271
13049072	147	0.1	-0.1	1.52855
13049072	148	0.1	-0.1	-5.64822
13049072	149	0.1	-0.1	-0.0434361
13049072	150	0.1	-0.1	-1.37057
13049072	151	0.1	-0.1	2.09265
13049072	152	0.1	-0.1	2.71701
13049072	153	0.1	-0.1	-5.13582
13049072	154	0.1	-0.1	-5.78352
13049072	155	0.1	-0.1	2.41908
13049072	156	0.1	-0.1	5.47729
13049072	157	0.1	-0.1	-5.04913
13049072	158	0.1	-0.1	4.46175
13049072	159	0.1	-0.1	2.86706
13049072	160	0.1	-0.1	-5.1567
13049072	161	0.1	-0.1	-5.04226
13049072	162	0.1	-0.1	4.80196
13049072	163	0.1	-0.1	1.31739
13049072	164	0.1	-0.1	-2.59167
13049072	165	0.1	-0.1	-0.0362403
13049072	166	0.1	-0.1	3.55901
13049072	167	0.1	-0.1	-3.48359
13049072	168	0.1	-0.1	-3.61052
13049072	169	0.1	-0.1	0.60852
13049072	170	0.1	-0.1	5.56939
13049072	171	0.1	-0.1	3.26104
13049072	172	0.1	-0.1	-3.63415
13049072	173	0.1	-0.1	1.03423
13049072	174	0.1	-0.1	5.24397
13049072	175	0.1	-0.1	5.86415
13049072	176	0.1	-0.1	-0.563006
13049072	177	0.1	-0.1	-0.00906845
13049072	178	0.1	-0.1	2.08946
13049072	179	0.1	-0.1	2.77289
13049072	180	0.1	-0.1	-4.27759
13049072	181	0.1	-0.1	4.20092
13049072	182	0.1	-0.1	0.13222
13049072	183	0.1	-0.1	-1.86836
13049072	184	0.1	-0.1	-1.25799
13049072	185	0.1	-0.1	3.33721
13049072	186	0.1	-0.1	1.72293
13049072	187	0.1	-0.1	0.913638
13049072	188	0.1	-0.1	5.85899
13049072	189	0.1	-0.1	2.56712
13049072	190	0.1	-0.1	3.70239
13049072	191	0.1	-0.1	-3.43028
13049072	192	0.1	-0.1	0.138228
13049072	193	0.1	-0.1	2.80424
13049072	194	0.1	-0.1	-3.14074
13049072	195	0.1	-0.1	3.11367
13049072	196	0.1	-0.1	1.23373
13049072	197	0.1	-0.1	0.388522
13049072	198	0.1	-0.1	-0.113697
13049072	199	0.1	-0.1	-1.09926
13049072	200	0.1	-0.1	-1.84575
13049072	201	0.1	-0.1	-3.88503
13049072	202	0.1	-0.1	-5.23627
13049072	203	0.1	-0.1	-1.42051
13049072	204	0.1	-0.1	-2.58853
13049072	205	0.1	-0.1	-5.92814
13049072	206	0.1	-0.1	2.59624
13049072	207	0.1	-0.1	1.18133
13049072	208	0.1	-0.1	-3.38937
13049072	209	0.1	-0.1	5.23483
13049072	210	0.1	-0.1	-4.53394
13049072	211	0.1	-0.1	1.02419
13049072	212	0.1	-0.1	2.65713
13049072	213	0.1	-0.1	4.79945
13049072	214	0.1	-0.1	-0.709433
13049072	215	0.1	-0.1	0.317383
13049072	216	0.1	-0.1	1.63267
13049072	217	0.1	-0.1	-4.52749
13049072	218	0.1	-0.1	-0.784167
13049072	219	0.1	-0.1	2.99934
13049072	220	0.1	-0.1	1.34468
13049072	221	0.1	-0.1	2.05207
13049072	222	0.1	-0.1	2.01904
13049072	223	0.1	-0.1	3.48
13049072	224	0.1	-0.1	2.14667
13049072	225	0.1	-0.1	-2.98074
13049072	226	0.1	-0.1	-1.13008
13049072	227	0.1	-0.1	1.75656
13049072	228	0.1	-0.1	-1.31455
13049072	229	0.1	-0.1	-3.98786
13049072	230	0.1	-0.1	-1.16432
13049072	231	0.1	-0.1	-1.79463
13049072	232	0.1	-0.1	1.06509
13049072	233	0.1	-0.1	-2.01672
13049072	234	0.1	-0.1	-3.59962
13049072	235	0.1	-0.1	3.6894
13049072	236	0.1	-0.1	-2.57712
13049072	237	0.1	-0.1	-0.0575913
13049072	238	0.1	-0.1	3.28686
13049072	239	0.1	-0.1	-3.81992
13049072	240	0.1	-0.1	-0.687919
13049072	241	0.1	-0.1	-3.93929
13049072	242	0.1	-0.1	-5.04775
13049072	243	0.1	-0.1	1.34
13049072	244	0.1	-0.1	-3.75642
13049072	245	0.1	-0.1	-1.83579
13049072	246	0.1	-0.1	-0.0256891
13049072	247	0.1	-0.1	-3.56614
13049072	248	0.1	-0.1	4.83467
13049072	249	0.1	-0.1	0.529596
13049072	250	0.1	-0.1	3.56051
13049072	251	0.1	-0.1	-5.68624
13049072	252	0.1	-0.1	1.78296
13049072	253	0.1	-0.1	-3.89071
13049072	254	0.1	-0.1	-2.93645
13049072	255	0.1	-0.1	-0.820182
13049072	256	0.1	-0.1	-2.8963
13049072	257	0.1	-0.1	-1.2729
13049072	258	0.1	-0.1	3.1217
13049072	259	0.1	-0.1	-1.62203
13049072	260	0.1	-0.1	-0.204319
13049072	261	0.1	-0.1	-5.18599
13049072	262	0.1	-0.1	5.04805
13049072	263	0.1	-0.1	1.59737
13049072	264	0.1	-0.1	2.6644
13049072	265	0.1	-0.1	1.97396
13049072	266	0.1	-0.1	1.55978
13049072	267	0.1	-0.1	4.72405
13049072	268	0.1	-0.1	5.97392
13049072	269	0.1	-0.1	2.06921
13049072	270	0.1	-0.1	-4.61165
13049072	271	0.1	-0.1	4.06264
13049072	272	0.1	-0.1	-4.32909
13049072	273	0.1	-0.1	-1.11924
13049072	274	0.1	-0.1	5.54927
13049072	275	0.1	-0.1	5.86167
13049072	276	0.1	-0.1	3.866
13049072	277	0.1	-0.1	5.10434
13049072	278	0.1	-0.1	2.92655
13049072	279	0.1	-0.1	-2.31857
13049072	280	0.1	-0.1	3.32123
13049072	281	0.1	-0.1	-1.34962
13049072	282	0.1	-0.1	-1.49444
13049072	283	0.1	-0.1	-3.20516
13049072	284	0.1	-0.1	-1.34801
13049072	285	0.1	-0.1	4.33345
13049072	286	0.1	-0.1	-1.04751
13049072	287	0.1	-0.1	-2.03998
13049072	288	0.1	-0.1	-3.54146
13049072	289	0.1	-0.1	1.9905
13049072	290	0.1	-0.1	3.47485
13049072	291	0.1	-0.1	-0.163717
13049072	292	0.1	-0.1	-3.63522
13049072	293	0.1	-0.1	-3.29927
13049072	294	0.1	-0.1	-5.81218
13049072	295	0.1	-0.1	3.22064
13049072	296	0.1	-0.1	0.785025
13049072	297	0.1	-0.1	-2.25005
13049072	298	0.1	-0.1	2.01889
13049072	299	0.1	-0.1	-2.74743
13049072	300	0.1	-0.1	0.017916
13049072	301	0.1	-0.1	-4.67825
13049072	302	0.1	-0.1	1.74401
13049072	303	0.1	-0.1	1.66004
13049072	304	0.1	-0.1	-1.89423
13049072	305	0.1	-0.1	-1.15733
13049072	306	0.1	-0.1	-4.96926
13049072	307	0.1	-0.1	4.47628
13049072	308	0.1	-0.1	-5.3914
13049072	309	0.1	-0.1	-5.70974
13049072	310	0.1	-0.1	0.661142
13049072	311	0.1	-0.1	-4.67097
13049072	312	0.1	-0.1	4.02519
13049072	313	0.1	-0.1	-2.38567
13049072	314	0.1	-0.1	-3.63156
13049072	315	0.1	-0.1	3.74074
13049072	316	0.1	-0.1	-5.32259
13049072	317	0.1	-0.1	2.55682
13049072	318	0.1	-0.1	-0.963603
13049072	319	0.1	-0.1	-5.92103
13049072	320	0.1	-0.1	-4.38905
13049072	321	0.1	-0.1	3.90982
13049072	322	0.1	-0.1	0.198707
13049072	323	0.1	-0.1	-1.16922
13049072	324	0.1	-0.1	4.65092
13049072	325	0.1	-0.1	-3.72468
13049072	326	0.1	-0.1	-0.139741
13049072	327	0.1	-0.1	-3.62271
13049072	328	0.1	-0.1	-4.27522
13049072	329	0.1	-0.1	2.32151
13049072	330	0.1	-0.1	4.24361
13049072	331	0.1	-0.1	1.83787
13049072	332	0.1	-0.1	4.87925
13049072	333	0.1	-0.1	4.92531
13049072	334	0.1	-0.1	3.73192
13049072	335	0.1	-0.1	-0.859932
13049072	336	0.1	-0.1	3.91624
13049072	337	0.1	-0.1	1.88694
13049072	338	0.1	-0.1	0.677312
13049072	339	0.1	-0.1	-3.64567
13049072	340	0.1	-0.1	-2.97281
13049072	341	0.1	-0.1	-4.64973
13049072	342	0.1	-0.1	-5.82377
13049072	343	0.1	-0.1	-2.46489
13049072	344	0.1	-0.1	-0.218854
13049072	345	0.1	-0.1	-1.35658
13049072	346	0.1	-0.1	4.32856
13049072	347	0.1	-0.1	5.97405
13049072	348	0.1	-0.1	-0.228203
13049072	349	0.1	-0.1	0.337686
13049072	350	0.1	-0.1	4.40603
13049072	351	0.1	-0.1	4.00798
13049072	352	0.1	-0.1	-2.74033
13049072	353	0.1	-0.1	-0.946528
13049072	354	0.1	-0.1	-1.72046
13049072	355	0.1	-0.1	5.83795
13049072	356	0.1	-0.1	-4.7351
13049072	357	0.1	-0.1	5.54096
13049072	358	0.1	-0.1	4.30435
13049072	359	0.1	-0.1	5.21208
13049072	360	0.1	-0.1	-4.98746
13049072	361	0.1	-0.1	-1.15841
13049072	362	0.1	-0.1	-1.55185
13049072	363	0.1	-0.1	3.8911
13049072	364	0.1	-0.1	-2.23714
13049072	365	0.1	-0.1	-0.630004
13049072	366	0.1	-0.1	-0.709255
13049072	367	0.1	-0.1	3.0649
13049072	368	0.1	-0.1	1.28041
13049072	369	0.1	-0.1	2.99273
13049072	370	0.1	-0.1	-0.580429
13049072	371	0.1	-0.1	2.90217
13049072	372	0.1	-0.1	-1.33455
13049072	373	0.1	-0.1	-0.185518
13049072	374	0.1	-0.1	-1.00383
13049072	375	0.1	-0.1	3.54915
13049072	376	0.1	-0.1	-5.46361
13049072	377	0.1	-0.1	1.04501
13049072	378	0.1	-0.1	5.67431
13049072	379	0.1	-0.1	0.852784
13049072	380	0.1	-0.1	-0.079327
13049072	381	0.1	-0.1	2.83424
13049072	382	0.1	-0.1	2.30672
13049072	383	0.1	-0.1	5.25223
13049072	384	0.1	-0.1	5.36123
13049072	385	0.1	-0.1	-2.42022
13049072	386	0.1	-0.1	-4.1997
13049072	387	0.1	-0.1	-5.93351
13049072	388	0.1	-0.1	-1.09263
13049072	389	0.1	-0.1	1.09595
13049072	390	0.1	-0.1	-1.6042
13049072	391	0.1	-0.1	4.37735
13049072	392	0.1	-0.1	-2.81922
13049072	393	0.1	-0.1	5.20686
13049072	394	0.1	-0.1	-0.700307
13049072	395	0.1	-0.1	-1.86354
13049072	396	0.1	-0.1	4.38996
13049072	397	0.1	-0.1	-0.84107
13049072	398	0.1	-0.1	5.1282
13049072	399	0.1	-0.1	5.05906
13049072	400	0.1	-0.1	-3.89118
13049072	401	0.1	-0.1	1.41702
13049072	402	0.1	-0.1	-5.90183
13049072	403	0.1	-0.1	5.23644
13049072	404	0.1	-0.1	-3.13315
13049072	405	0.1	-0.1	-4.69099
13049072	406	0.1	-0.1	-5.10132
13049072	407	0.1	-0.1	5.69028
13049072	408	0.1	-0.1	-4.83413
13049072	409	0.1	-0.1	-0.535108
13049072	410	0.1	-0.1	-0.33141
13049072	411	0.1	-0.1	3.57513
13049072	412	0.1	-0.1	3.269
13049072	413	0.1	-0.1	0.83212
13049072	414	0.1	-0.1	-0.809864
13049072	415	0.1	-0.1	3.97912
13049072	416	0.1	-0.1	-3.51299
13049072	417	0.1	-0.1	-4.52406
13049072	418	0.1	-0.1	2.78818
13049072	419	0.1	-0.1	0.413132
13049072	420	0.1	-0.1	0.7395
13049072	421	0.1	-0.1	-5.03914
13049072	422	0.1	-0.1	5.31257
13049072	423	0.1	-0.1	2.95383
13049072	424	0.1	-0.1	0.770397
13049072	425	0.1	-0.1	-2.35133
13049072	426	0.1	-0.1	1.54915
13049072	427	0.1	-0.1	-3.17844
13049072	428	0.1	-0.1	-3.17531
13049072	429	0.1	-0.1	-3.13209
13049072	430	0.1	-0.1	-0.170174
13049072	431	0.1	-0.1	2.49035
13049072	432	0.1	-0.1	4.00633
13049072	433	0.1	-0.1	1.9533
13049072	434	0.1	-0.1	-1.75908
13049072	435	0.1	-0.1	-4.29155
13049072	436	0.1	-0.1	1.52291
13049072	437	0.1	-0.1	5.25318
13049072	438	0.1	-0.1	-5.63233
13049072	439	0.1	-0.1	3.38142
13049072	440	0.1	-0.1	3.34567
13049072	441	0.1	-0.1	-4.66993
13049072	442	0.1	-0.1	3.65493
13049072	443	0.1	-0.1	-3.71246
13049072	444	0.1	-0.1	2.55254
13049072	445	0.1	-0.1	-0.800405
13049072	446	0.1	-0.1	4.45762
13049072	447	0.1	-0.1	2.47243
13049072	448	0.1	-0.1	1.5117
13049072	449	0.1	-0.1	3.64864
13049072	450	0.1	-0.1	-1.03047
13049072	451	0.1	-0.1	-4.79354
13049072	452	0.1	-0.1	4.44268
13049072	453	0.1	-0.1	-5.74978
13049072	454	0.1	-0.1	-2.72225
13049072	455	0.1	-0.1	-1.54979
13049072	456	0.1	-0.1	2.94439
13049072	457	0.1	-0.1	-3.42846
13049072	458	0.1	-0.1	-3.08215
13049072	459	0.1	-0.1	3.47416
13049072	460	0.1	-0.1	2.44718
13049072	461	0.1	-0.1	5.25779
13049072	462	0.1	-0.1	-5.02164
13049072	463	0.1	-0.1	3.08598
13049072	464	0.1	-0.1	-5.59548
13049072	465	0.1	-0.1	3.52002
13049072	466	0.1	-0.1	1.67496
13049072	467	0.1	-0.1	4.6251
13049072	468	0.1	-0.1	-1.18115
13049072	469	0.1	-0.1	-5.41272
13049072	470	0.1	-0.1	-2.7618
13049072	471	0.1	-0.1	-0.57879
13049072	472	0.1	-0.1	2.57828
13049072	473	0.1	-0.1	-2.41995
13049072	474	0.1	-0.1	-4.01334
13049072	475	0.1	-0.1	-4.07587
13049072	476	0.1	-0.1	2.67539
13049072	477	0.1	-0.1	-2.94139
13049072	478	0.1	-0.1	-3.81256
13049072	479	0.1	-0.1	-0.289364
13049072	480	0.1	-0.1	1.04462
13049072	481	0.1	-0.1	5.08834
13049072	482	0.1	-0.1	4.81792
13049072	483	0.1	-0.1	-0.564834
13049072	484	0.1	-0.1	-5.90445
13049072	485	0.1	-0.1	-5.50539
13049072	486	0.1	-0.1	-1.5678
13049072	487	0.1	-0.1	-2.53841
13049072	488	0.1	-0.1	1.34353
13049072	489	0.1	-0.1	-4.24453
13049072	490	0.1	-0.1	0.154763
13049072	491	0.1	-0.1	5.88013
13049072	492	0.1	-0.1	5.74677
13049072	493	0.1	-0.1	-0.373633
13049072	494	0.1	-0.1	0.702365
13049072	495	0.1	-0.1	3.2812
13049072	496	0.1	-0.1	-1.83106
13049072	497	0.1	-0.1	-4.9783
13049072	498	0.1	-0.1	-2.53793
13049072	499	0.1	-0.1	3.60615
13049072	500	0.1	-0.1	4.46653
13049072	501	0.1	-0.1	-3.48371
13049072	502	0.1	-0.1	-3.30708
13049072	503	0.1	-0.1	0.453217
13049072	504	0.1	-0.1	0.920064
13049072	505	0.1	-0.1	-2.74863
13049072	506	0.1	-0.1	3.79641
13049072	507	0.1	-0.1	-2.65645
13049072	508	0.1	-0.1	-4.97149
13049072	509	0.1	-0.1	4.00863
13049072	510	0.1	-0.1	5.0796
13049072	511	0.1	-0.1	2.97478
13049072	512	0.1	-0.1	-2.27014
13049072	513	0.1	-0.1	-2.0892
13049072	514	0.1	-0.1	4.40754
13049072	515	0.1	-0.1	5.87119
13049072	516	0.1	-0.1	-0.488439
13049072	517	0.1	-0.1	4.11382
13049072	518	0.1	-0.1	0.0955637
13049072	519	0.1	-0.1	-4.68188
13049072	520	0.1	-0.1	-3.91087
13049072	521	0.1	-0.1	1.71434
13049072	522	0.1	-0.1	-3.41533
13049072	523	0.1	-0.1	-1.06411
13049072	524	0.1	-0.1	4.51523
13049072	525	0.1	-0.1	1.45131
13049072	526	0.1	-0.1	0.765354
13049072	527	0.1	-0.1	4.35961
13049072	528	0.1	-0.1	4.03174
13049072	529	0.1	-0.1	3.69286
13049072	530	0.1	-0.1	1.87164
13049072	531	0.1	-0.1	-0.341321
13049072	532	0.1	-0.1	1.15098
13049072	533	0.1	-0.1	-1.63835
13049072	534	0.1	-0.1	-0.541477
13049072	535	0.1	-0.1	-4.53248
13049072	536	0.1	-0.1	-0.452388
13049072	537	0.1	-0.1	0.0132266
13049072	538	0.1	-0.1	-2.53095
13049072	539	0.1	-0.1	4.1204
13049072	540	0.1	-0.1	-5.4929
13049072	541	0.1	-0.1	2.55483
13049072	542	0.1	-0.1	-5.20724
13049072	543	0.1	-0.1	4.68462
13049072	544	0.1	-0.1	1.22375
13049072	545	0.1	-0.1	2.54577
13049072	546	0.1	-0.1	5.46262
13049072	547	0.1	-0.1	4.35043
13049072	548	0.1	-0.1	3.85625
13049072	549	0.1	-0.1	3.75048
13049072	550	0.1	-0.1	-1.87635
13049072	551	0.1	-0.1	4.94432
13049072	552	0.1	-0.1	-1.55115
13049072	553	0.1	-0.1	-1.88672
13049072	554	0.1	-0.1	-1.77449
13049072	555	0.1	-0.1	-2.98775
13049072	556	0.1	-0.1	-0.931831
13049072	557	0.1	-0.1	5.19169
13049072	558	0.1	-0.1	-5.85943
13049072	559	0.1	-0.1	3.98548
13049072	560	0.1	-0.1	-2.44439
13049072	561	0.1	-0.1	-4.24147
13049072	562	0.1	-0.1	-4.37938
13049072	563	0.1	-0.1	0.495523
13049072	564	0.1	-0.1	5.28804
13049072	565	0.1	-0.1	2.25595
13049072	566	0.1	-0.1	-5.81376
13049072	567	0.1	-0.1	-1.67241
13049072	568	0.1	-0.1	4.26731
13049072	569	0.1	-0.1	2.83749
13049072	570	0.1	-0.1	-3.53196
13049072	571	0.1	-0.1	4.08498
13049072	572	0.1	-0.1	-1.86382
13049072	573	0.1	-0.1	3.55206
13049072	574	0.1	-0.1	-5.04557
13049072	575	0.1	-0.1	-4.07204
13049072	576	0.1	-0.1	3.34752
13049072	577	0.1	-0.1	5.64619
13049072	578	0.1	-0.1	-0.228609
13049072	579	0.1	-0.1	-5.88142
13049072	580	0.1	-0.1	5.9458
13049072	581	0.1	-0.1	2.39807
13049072	582	0.1	-0.1	-0.958189
13049072	583	0.1	-0.1	-0.308561
13049072	584	0.1	-0.1	2.40137
13049072	585	0.1	-0.1	-0.911041
13049072	586	0.1	-0.1	-4.66444
13049072	587	0.1	-0.1	4.10616
13049072	588	0.1	-0.1	-0.84751
13049072	589	0.1	-0.1	5.58157
13049072	590	0.1	-0.1	5.77419
13049072	591	0.1	-0.1	-5.86898
13049072	592	0.1	-0.1	4.91418
13049072	593	0.1	-0.1	-5.35338
13049072	594	0.1	-0.1	-0.0559918
13049072	595	0.1	-0.1	5.46404
13049072	596	0.1	-0.1	3.94386
13049072	597	0.1	-0.1	-4.67892
13049072	598	0.1	-0.1	5.53705
13049072	599	0.1	-0.1	-3.74371
13049072	600	0.1	-0.1	4.53666
13049072	601	0.1	-0.1	2.53798
13049072	602	0.1	-0.1	-1.63625
13049072	603	0.1	-0.1	5.93216
13049072	604	0.1	-0.1	-4.30624
13049072	605	0.1	-0.1	0.188895
13049072	606	0.1	-0.1	3.12179
13049072	607	0.1	-0.1	-3.89014
13049072	608	0.1	-0.1	-1.76053
13049072	609	0.1	-0.1	-3.86985
13049072	610	0.1	-0.1	5.10254
13049072	611	0.1	-0.1	-4.04359
13049072	612	0.1	-0.1	-2.0207
13049072	613	0.1	-0.1	-1.02158
13049072	614	0.1	-0.1	-4.14875
13049072	615	0.1	-0.1	1.64673
13049072	616	0.1	-0.1	-3.49214
13049072	617	0.1	-0.1	-1.59252
13049072	618	0.1	-0.1	-4.76971
13049072	619	0.1	-0.1	-2.3202
13049072	620	0.1	-0.1	2.79138
13049072	621	0.1	-0.1	2.48732
13049072	622	0.1	-0.1	-2.08881
13049072	623	0.1	-0.1	-2.25824
13049072	624	0.1	-0.1	4.70277
13049072	625	0.1	-0.1	-1.78616
13049072	626	0.1	-0.1	-2.55551
13049072	627	0.1	-0.1	3.00106
13049072	628	0.1	-0.1	-1.92931
13049072	629	0.1	-0.1	0.769725
13049072	630	0.1	-0.1	3.05784
13049072	631	0.1	-0.1	3.24751
13049072	632	0.1	-0.1	-5.9678
13049072	633	0.1	-0.1	4.4156
13049072	634	0.1	-0.1	-2.29526
13049072	635	0.1	-0.1	-1.83457
13049072	636	0.1	-0.1	3.58358
13049072	637	0.1	-0.1	-4.42524
13049072	638	0.1	-0.1	3.87355
13049072	639	0.1	-0.1	5.69162
13049072	640	0.1	-0.1	-4.25347
13049072	641	0.1	-0.1	-2.17962
13049072	642	0.1	-0.1	-3.49975
13049072	643	0.1	-0.1	2.13899
13049072	644	0.1	-0.1	2.63622
13049072	645	0.1	-0.1	5.84331
13049072	646	0.1	-0.1	3.34706
13049072	647	0.1	-0.1	5.97389
13049072	648	0.1	-0.1	-1.83127
13049072	649	0.1	-0.1	1.84821
13049072	650	0.1	-0.1	-4.89913
13049072	651	0.1	-0.1	2.49216
13049072	652	0.1	-0.1	0.357712
13049072	653	0.1	-0.1	1.41741
13049072	654	0.1	-0.1	1.69538
13049072	655	0.1	-0.1	-4.342
13049072	656	0.1	-0.1	-2.38271
13049072	657	0.1	-0.1	-5.16166
13049072	658	0.1	-0.1	4.21853
13049072	659	0.1	-0.1	4.88448
13049072	660	0.1	-0.1	4.7282
13049072	661	0.1	-0.1	0.0771156
13049072	662	0.1	-0.1	-4.36607
13049072	663	0.1	-0.1	3.21718
13049072	664	0.1	-0.1	1.20804
13049072	665	0.1	-0.1	-1.94543
13049072	666	0.1	-0.1	-2.07829
13049072	667	0.1	-0.1	-5.66424
13049072	668	0.1	-0.1	-4.42916
13049072	669	0.1	-0.1	-3.31713
13049072	670	0.1	-0.1	4.1094
13049072	671	0.1	-0.1	-4.54948
13049072	672	0.1	-0.1	2.19458
13049072	673	0.1	-0.1	-0.700837
13049072	674	0.1	-0.1	2.16652
13049072	675	0.1	-0.1	2.22232
13049072	676	0.1	-0.1	-1.77412
13049072	677	0.1	-0.1	2.13712
13049072	678	0.1	-0.1	-5.97958
13049072	679	0.1	-0.1	5.83763
13049072	680	0.1	-0.1	-5.55588
13049072	681	0.1	-0.1	-3.33875
13049072	682	0.1	-0.1	5.02122
13049072	683	0.1	-0.1	1.83081
13049072	684	0.1	-0.1	4.47583
13049072	685	0.1	-0.1	-0.413871
13049072	686	0.1	-0.1	-3.13881
13049072	687	0.1	-0.1	-5.13278
13049072	688	0.1	-0.1	4.07875
13049072	689	0.1	-0.1	5.97908
13049072	690	0.1	-0.1	-5.13989
13049072	691	0.1	-0.1	-2.65938
13049072	692	0.1	-0.1	-3.92951
13049072	693	0.1	-0.1	-4.76687
13049072	694	0.1	-0.1	-5.10578
13049072	695	0.1	-0.1	0.704642
13049072	696	0.1	-0.1	1.96636
13049072	697	0.1	-0.1	-0.462504
13049072	698	0.1	-0.1	1.33999
13049072	699	0.1	-0.1	5.05781
13049072	700	0.1	-0.1	-4.86959
13049072	701	0.1	-0.1	3.76246
13049072	702	0.1	-0.1	-3.44564
13049072	703	0.1	-0.1	-1.31451
13049072	704	0.1	-0.1	-1.57043
13049072	705	0.1	-0.1	0.682203
13049072	706	0.1	-0.1	3.20186
13049072	707	0.1	-0.1	-0.237877
13049072	708	0.1	-0.1	1.21194
13049072	709	0.1	-0.1	-0.262526
13049072	710	0.1	-0.1	0.295932
13049072	711	0.1	-0.1	3.63424
13049072	712	0.1	-0.1	-0.944926
13049072	713	0.1	-0.1	0.911685
13049072	714	0.1	-0.1	0.0623118
13049072	715	0.1	-0.1	-3.09543
13049072	716	0.1	-0.1	-2.82657
13049072	717	0.1	-0.1	1.94042
13049072	718	0.1	-0.1	-2.05549
13049072	719	0.1	-0.1	5.06535
13049072	720	0.1	-0.1	3.59675
13049072	721	0.1	-0.1	5.92914
13049072	722	0.1	-0.1	-4.4115
13049072	723	0.1	-0.1	1.78883
13049072	724	0.1	-0.1	1.73558
13049072	725	0.1	-0.1	-2.92836
13049072	726	0.1	-0.1	-2.38308
13049072	727	0.1	-0.1	-0.664497
13049072	728	0.1	-0.1	-3.07193
13049072	729	0.1	-0.1	3.0572
13049072	730	0.1	-0.1	-2.31055
13049072	731	0.1	-0.1	-5.22233
13049072	732	0.1	-0.1	2.85058
13049072	733	0.1	-0.1	5.92976
13049072	734	0.1	-0.1	1.19025
13049072	735	0.1	-0.1	5.42524
13049072	736	0.1	-0.1	-4.65176
13049072	737	0.1	-0.1	-1.8705
13049072	738	0.1	-0.1	4.38175
13049072	739	0.1	-0.1	4.71182
13049072	740	0.1	-0.1	1.05963
13049072	741	0.1	-0.1	-2.55155
13049072	742	0.1	-0.1	-5.26052
13049072	743	0.1	-0.1	-3.88332
13049072	744	0.1	-0.1	3.5244
13049072	745	0.1	-0.1	-0.442507
13049072	746	0.1	-0.1	2.73374
13049072	747	0.1	-0.1	-1.83002
13049072	748	0.1	-0.1	-1.90016
13049072	749	0.1	-0.1	-5.03177
13049072	750	0.1	-0.1	0.970731
13049072	751	0.1	-0.1	-2.05601
13049072	752	0.1	-0.1	-3.59074
13049072	753	0.1	-0.1	1.46181
13049072	754	0.1	-0.1	5.95759
13049072	755	0.1	-0.1	5.71459
13049072	756	0.1	-0.1	-1.05747
13049072	757	0.1	-0.1	0.467526
13049072	758	0.1	-0.1	3.65864
13049072	759	0.1	-0.1	-5.72005
13049072	760	0.1	-0.1	3.72325
13049072	761	0.1	-0.1	5.50145
13049072	762	0.1	-0.1	2.43013
13049072	763	0.1	-0.1	-4.09745
13049072	764	0.1	-0.1	1.97205
13049072	765	0.1	-0.1	-0.39699
13049072	766	0.1	-0.1	-1.05563
13049072	767	0.1	-0.1	1.98694
13049072	768	0.1	-0.1	-0.411975
13049072	769	0.1	-0.1	1.81734
13049072	770	0.1	-0.1	1.65394
13049072	771	0.1	-0.1	1.93561
13049072	772	0.1	-0.1	1.53058
13049072	773	0.1	-0.1	4.33923
13049072	774	0.1	-0.1	0.286887
13049072	775	0.1	-0.1	-1.43057
13049072	776	0.1	-0.1	-1.90558
13049072	777	0.1	-0.1	-2.32027
13049072	778	0.1	-0.1	-4.56263
13049072	779	0.1	-0.1	2.98574
13049072	780	0.1	-0.1	-4.12164
13049072	781	0.1	-0.1	0.0931515
13049072	782	0.1	-0.1	-4.48574
13049072	783	0.1	-0.1	-0.791996
13049072	784	0.1	-0.1	4.43557
13049072	785	0.1	-0.1	5.21039
13049072	786	0.1	-0.1	1.81955
13049072	787	0.1	-0.1	-0.784177
13049072	788	0.1	-0.1	3.76892
13049072	789	0.1	-0.1	2.52232
13049072	790	0.1	-0.1	-2.13631
13049072	791	0.1	-0.1	0.633081
13049072	792	0.1	-0.1	-4.02715
13049072	793	0.1	-0.1	2.41663
13049072	794	0.1	-0.1	-1.73376
13049072	795	0.1	-0.1	0.840071
13049072	796	0.1	-0.1	1.57223
13049072	797	0.1	-0.1	2.30448
13049072	798	0.1	-0.1	5.22928
13049072	799	0.1	-0.1	4.19337
13049072	800	0.1	-0.1	1.95794
13049072	801	0.1	-0.1	5.2395
13049072	802	0.1	-0.1	4.88523
13049072	803	0.1	-0.1	0.61232
13049072	804	0.1	-0.1	-5.88576
13049072	805	0.1	-0.1	0.158152
13049072	806	0.1	-0.1	-1.76307
13049072	807	0.1	-0.1	-4.6866
13049072	808	0.1	-0.1	4.34114
13049072	809	0.1	-0.1	-1.91941
13049072	810	0.1	-0.1	-2.08851
13049072	811	0.1	-0.1	5.90647
13049072	812	0.1	-0.1	3.12903
13049072	813	0.1	-0.1	4.63793
13049072	814	0.1	-0.1	-4.21299
13049072	815	0.1	-0.1	4.50753
13049072	816	0.1	-0.1	4.39755
13049072	817	0.1	-0.1	-5.15767
13049072	818	0.1	-0.1	-0.91262
13049072	819	0.1	-0.1	-5.18575
13049072	820	0.1	-0.1	-4.95351
13049072	821	0.1	-0.1	-4.00455
13049072	822	0.1	-0.1	-2.59084
13049072	823	0.1	-0.1	4.3464
13049072	824	0.1	-0.1	3.4815
13049072	825	0.1	-0.1	0.462994
13049072	826	0.1	-0.1	-1.4425
13049072	827	0.1	-0.1	5.1588
13049072	828	0.1	-0.1	-2.51861
13049072	829	0.1	-0.1	-4.52628
13049072	830	0.1	-0.1	3.22724
13049072	831	0.1	-0.1	-1.08218
13049072	832	0.1	-0.1	2.03241
13049072	833	0.1	-0.1	-4.97985
13049072	834	0.1	-0.1	-1.85563
13049072	835	0.1	-0.1	-1.82967
13049072	836	0.1	-0.1	-4.85065
13049072	837	0.1	-0.1	-0.865505
13049072	838	0.1	-0.1	1.45639
13049072	839	0.1	-0.1	-0.673778
13049072	840	0.1	-0.1	-4.5686
13049072	841	0.1	-0.1	3.46578
13049072	842	0.1	-0.1	1.24177
13049072	843	0.1	-0.1	4.10915
13049072	844	0.1	-0.1	0.453673
13049072	845	0.1	-0.1	5.77168
13049072	846	0.1	-0.1	5.18611
13049072	847	0.1	-0.1	2.02055
13049072	848	0.1	-0.1	2.435
13049072	849	0.1	-0.1	4.04255
13049072	850	0.1	-0.1	3.81438
13049072	851	0.1	-0.1	3.67173
13049072	852	0.1	-0.1	0.804165
13049072	853	0.1	-0.1	-2.67694
13049072	854	0.1	-0.1	4.83281
13049072	855	0.1	-0.1	5.36206
13049072	856	0.1	-0.1	2.08012
13049072	857	0.1	-0.1	1.0078
13049072	858	0.1	-0.1	-1.69508
13049072	859	0.1	-0.1	3.23623
13049072	860	0.1	-0.1	-0.739609
13049072	861	0.1	-0.1	0.090971
13049072	862	0.1	-0.1	1.18156
13049072	863	0.1	-0.1	-2.37602
13049072	864	0.1	-0.1	-2.48691
13049072	865	0.1	-0.1	1.27462
13049072	866	0.1	-0.1	1.40288
13049072	867	0.1	-0.1	0.419549
13049072	868	0.1	-0.1	0.364668
13049072	869	0.1	-0.1	-1.92631
13049072	870	0.1	-0.1	-1.15729
13049072	871	0.1	-0.1	1.5704
13049072	872	0.1	-0.1	4.66268
13049072	873	0.1	-0.1	-5.24284
13049072	874	0.1	-0.1	-5.66496
13049072	875	0.1	-0.1	-1.41299
13049072	876	0.1	-0.1	-0.149368
13049072	877	0.1	-0.1	-5.85986
13049072	878	0.1	-0.1	-5.96492
13049072	879	0.1	-0.1	0.948635
13049072	880	0.1	-0.1	3.73466
13049072	881	0.1	-0.1	-4.09062
13049072	882	0.1	-0.1	-4.86334
13049072	883	0.1	-0.1	3.03652
13049072	884	0.1	-0.1	4.09309
13049072	885	0.1	-0.1	2.10184
13049072	886	0.1	-0.1	1.15729
13049072	887	0.1	-0.1	3.03905
13049072	888	0.1	-0.1	-0.31755
13049072	889	0.1	-0.1	2.89185
13049072	890	0.1	-0.1	-1.48042
13049072	891	0.1	-0.1	-3.2326
13049072	892	0.1	-0.1	1.87297
13049072	893	0.1	-0.1	0.225917
13049072	894	0.1	-0.1	4.77285
13049072	895	0.1	-0.1	3.23046
13049072	896	0.1	-0.1	1.40345
13049072	897	0.1	-0.1	2.47399
13049072	898	0.1	-0.1	3.62621
13049072	899	0.1	-0.1	5.36499
13049072	900	0.1	-0.1	-0.41886
13049072	901	0.1	-0.1	-2.04645
13049072	902	0.1	-0.1	3.65579
13049072	903	0.1	-0.1	-2.98275
13049072	904	0.1	-0.1	1.10261
13049072	905	0.1	-0.1	3.97593
13049072	906	0.1	-0.1	2.8343
13049072	907	0.1	-0.1	3.72
13049072	908	0.1	-0.1	-5.13336
13049072	909	0.1	-0.1	3.03838
13049072	910	0.1	-0.1	1.21468
13049072	911	0.1	-0.1	0.529339
13049072	912	0.1	-0.1	-0.811561
13049072	913	0.1	-0.1	-2.8441
13049072	914	0.1	-0.1	2.31086
13049072	915	0.1	-0.1	5.56061
13049072	916	0.1	-0.1	3.85847
13049072	917	0.1	-0.1	-3.7837
13049072	918	0.1	-0.1	5.56054
13049072	919	0.1	-0.1	-2.15317
13049072	920	0.1	-0.1	4.59951
13049072	921	0.1	-0.1	1.09237
13049072	922	0.1	-0.1	-1.75173
13049072	923	0.1	-0.1	0.958544
13049072	924	0.1	-0.1	-0.555216
13049072	925	0.1	-0.1	4.62004
13049072	926	0.1	-0.1	-4.50127
13049072	927	0.1	-0.1	4.70818
13049072	928	0.1	-0.1	1.55539
13049072	929	0.1	-0.1	-5.69615
13049072	930	0.1	-0.1	2.25224
13049072	931	0.1	-0.1	5.35958
13049072	932	0.1	-0.1	0.90793
13049072	933	0.1	-0.1	-1.6049
13049072	934	0.1	-0.1	4.51793
13049072	935	0.1	-0.1	4.60549
13049072	936	0.1	-0.1	-4.30031
13049072	937	0.1	-0.1	3.41977
13049072	938	0.1	-0.1	2.76049
13049072	939	0.1	-0.1	-4.13283
13049072	940	0.1	-0.1	1.04413
13049072	941	0.1	-0.1	-2.87794
13049072	942	0.1	-0.1	-2.43393
13049072	943	0.1	-0.1	0.0678327
13049072	944	0.1	-0.1	5.94203
13049072	945	0.1	-0.1	0.626569
13049072	946	0.1	-0.1	3.48394
13049072	947	0.1	-0.1	-1.46823
13049072	948	0.1	-0.1	4.71243
13049072	949	0.1	-0.1	4.05552
13049072	950	0.1	-0.1	0.722744
13049072	951	0.1	-0.1	2.13241
13049072	952	0.1	-0.1	-1.63776
13049072	953	0.1	-0.1	-2.91347
13049072	954	0.1	-0.1	5.87098
13049072	955	0.1	-0.1	5.20557
13049072	956	0.1	-0.1	5.80547
13049072	957	0.1	-0.1	-4.64392
13049072	958	0.1	-0.1	-1.86654
13049072	959	0.1	-0.1	2.25803
13049072	960	0.1	-0.1	0.27329
13049072	961	0.1	-0.1	2.11708
13049072	962	0.1	-0.1	-3.59174
13049072	963	0.1	-0.1	4.448
13049072	964	0.1	-0.1	-4.11393
13049072	965	0.1	-0.1	5.21237
13049072	966	0.1	-0.1	5.85306
13049072	967	0.1	-0.1	2.86736
13049072	968	0.1	-0.1	4.52559
13049072	969	0.1	-0.1	1.1207
13049072	970	0.1	-0.1	-0.0501422
13049072	971	0.1	-0.1	-3.50764
13049072	972	0.1	-0.1	0.732164
13049072	973	0.1	-0.1	-5.49057
13049072	974	0.1	-0.1	5.06613
13049072	975	0.1	-0.1	2.14146
13049072	976	0.1	-0.1	-4.56393
13049072	977	0.1	-0.1	-1.40434
13049072	978	0.1	-0.1	-3.45965
13049072	979	0.1	-0.1	2.20622
13049072	980	0.1	-0.1	1.83688
13049072	981	0.1	-0.1	1.38435
13049072	982	0.1	-0.1	2.00793
13049072	983	0.1	-0.1	-2.19344
13049072	984	0.1	-0.1	1.45495
13049072	985	0.1	-0.1	-2.44015
13049072	986	0.1	-0.1	1.77021
13049072	987	0.1	-0.1	-5.99941
13049072	988	0.1	-0.1	-5.87148
13049072	989	0.1	-0.1	-1.23921
13049072	990	0.1	-0.1	-0.860926
13049072	991	0.1	-0.1	1.1407
13049072	992	0.1	-0.1	-4.95507
13049072	993	0.1	-0.1	0.0886975
13049072	994	0.1	-0.1	0.0938159
13049072	995	0.1	-0.1	-2.44166
13049072	996	0.1	-0.1	0.493827
13049072	997	0.1	-0.1	5.53201
13049072	998	0.1	-0.1	0.23423
13049072	999	0.1	-0.1	4.60975
13049072	1000	0.1	-0.1	-0.0599339
