13044121	1	0.1	-0.1	-1.61054
13044121	2	0.1	-0.1	-5.30698
13044121	3	0.1	-0.1	-1.86987
13044121	4	0.1	-0.1	5.62975
13044121	5	0.1	-0.1	2.71428
13044121	6	0.1	-0.1	-3.6298
13044121	7	0.1	-0.1	-3.91931
13044121	8	0.1	-0.1	3.29945
13044121	9	0.1	-0.1	-5.41135
13044121	10	0.1	-0.1	-1.43865
13044121	11	0.1	-0.1	5.5001
13044121	12	0.1	-0.1	-5.04302
13044121	13	0.1	-0.1	-1.35996
13044121	14	0.1	-0.1	0.979216
13044121	15	0.1	-0.1	-5.34993
13044121	16	0.1	-0.1	-0.589421
13044121	17	0.1	-0.1	2.11801
13044121	18	0.1	-0.1	1.54343
13044121	19	0.1	-0.1	-0.497382
13044121	20	0.1	-0.1	-4.37462
13044121	21	0.1	-0.1	3.44243
13044121	22	0.1	-0.1	4.87143
13044121	23	0.1	-0.1	1.6728
13044121	24	0.1	-0.1	5.115
13044121	25	0.1	-0.1	-5.11436
13044121	26	0.1	-0.1	-0.386861
13044121	27	0.1	-0.1	5.14592
13044121	28	0.1	-0.1	0.171893
13044121	29	0.1	-0.1	-3.01859
13044121	30	0.1	-0.1	-4.11377
13044121	31	0.1	-0.1	-3.23319
13044121	32	0.1	-0.1	4.69439
13044121	33	0.1	-0.1	4.41247
13044121	34	0.1	-0.1	3.09341
13044121	35	0.1	-0.1	2.10078
13044121	36	0.1	-0.1	-0.925248
13044121	37	0.1	-0.1	-5.70849
13044121	38	0.1	-0.1	5.72226
13044121	39	0.1	-0.1	-5.3085
13044121	40	0.1	-0.1	-0.829681
13044121	41	0.1	-0.1	-2.79938
13044121	42	0.1	-0.1	-4.533
13044121	43	0.1	-0.1	5.1096
13044121	44	0.1	-0.1	0.087973
13044121	45	0.1	-0.1	-2.31541
13044121	46	0.1	-0.1	-3.17162
13044121	47	0.1	-0.1	-4.11809
13044121	48	0.1	-0.1	3.36384
13044121	49	0.1	-0.1	3.15182
13044121	50	0.1	-0.1	5.53563
13044121	51	0.1	-0.1	5.46935
13044121	52	0.1	-0.1	-4.59633
13044121	53	0.1	-0.1	-5.96564
13044121	54	0.1	-0.1	2.78261
13044121	55	0.1	-0.1	5.30948
13044121	56	0.1	-0.1	-4.78278
13044121	57	0.1	-0.1	-3.93799
13044121	58	0.1	-0.1	3.84643
13044121	59	0.1	-0.1	-4.39327
13044121	60	0.1	-0.1	-2.8961
13044121	61	0.1	-0.1	-0.275709
13044121	62	0.1	-0.1	0.40383
13044121	63	0.1	-0.1	5.50868
13044121	64	0.1	-0.1	-0.503369
13044121	65	0.1	-0.1	4.39304
13044121	66	0.1	-0.1	2.87578
13044121	67	0.1	-0.1	-5.623
13044121	68	0.1	-0.1	5.45122
13044121	69	0.1	-0.1	-2.76093
13044121	70	0.1	-0.1	1.17318
13044121	71	0.1	-0.1	1.38303
13044121	72	0.1	-0.1	-4.67337
13044121	73	0.1	-0.1	2.68661
13044121	74	0.1	-0.1	-2.74268
13044121	75	0.1	-0.1	-4.69984
13044121	76	0.1	-0.1	-4.15321
13044121	77	0.1	-0.1	3.26376
13044121	78	0.1	-0.1	0.971309
13044121	79	0.1	-0.1	-2.88599
13044121	80	0.1	-0.1	-1.52031
13044121	81	0.1	-0.1	-3.12628
13044121	82	0.1	-0.1	2.7537
13044121	83	0.1	-0.1	0.00426996
13044121	84	0.1	-0.1	-3.27573
13044121	85	0.1	-0.1	-2.29072
13044121	86	0.1	-0.1	-5.6631
13044121	87	0.1	-0.1	-2.55141
13044121	88	0.1	-0.1	4.88694
13044121	89	0.1	-0.1	1.21631
13044121	90	0.1	-0.1	0.807359
13044121	91	0.1	-0.1	0.701126
13044121	92	0.1	-0.1	0.387209
13044121	93	0.1	-0.1	-1.91077
13044121	94	0.1	-0.1	2.44766
13044121	95	0.1	-0.1	0.735343
13044121	96	0.1	-0.1	2.81244
13044121	97	0.1	-0.1	-3.53085
13044121	98	0.1	-0.1	4.90634
13044121	99	0.1	-0.1	0.832709
13044121	100	0.1	-0.1	0.224652
13044121	101	0.1	-0.1	-1.86056
13044121	102	0.1	-0.1	3.89283
13044121	103	0.1	-0.1	0.0936313
13044121	104	0.1	-0.1	5.42361
13044121	105	0.1	-0.1	-5.06677
13044121	106	0.1	-0.1	5.47167
13044121	107	0.1	-0.1	-3.2139
13044121	108	0.1	-0.1	3.60016
13044121	109	0.1	-0.1	-4.71065
13044121	110	0.1	-0.1	5.85974
13044121	111	0.1	-0.1	4.8881
13044121	112	0.1	-0.1	0.157659
13044121	113	0.1	-0.1	-5.00309
13044121	114	0.1	-0.1	-0.168544
13044121	115	0.1	-0.1	-1.73898
13044121	116	0.1	-0.1	-1.79741
13044121	117	0.1	-0.1	-3.15113
13044121	118	0.1	-0.1	-2.01713
13044121	119	0.1	-0.1	4.71801
13044121	120	0.1	-0.1	-1.74313
13044121	121	0.1	-0.1	-1.16402
13044121	122	0.1	-0.1	-1.45905
13044121	123	0.1	-0.1	3.54311
13044121	124	0.1	-0.1	-4.70706
13044121	125	0.1	-0.1	3.24914
13044121	126	0.1	-0.1	-4.42698
13044121	127	0.1	-0.1	2.83986
13044121	128	0.1	-0.1	0.878214
13044121	129	0.1	-0.1	-5.23489
13044121	130	0.1	-0.1	-1.35827
13044121	131	0.1	-0.1	-2.0424
13044121	132	0.1	-0.1	-2.30073
13044121	133	0.1	-0.1	4.0735
13044121	134	0.1	-0.1	3.64754
13044121	135	0.1	-0.1	2.92872
13044121	136	0.1	-0.1	-4.01675
13044121	137	0.1	-0.1	1.7945
13044121	138	0.1	-0.1	-1.92161
13044121	139	0.1	-0.1	-1.63572
13044121	140	0.1	-0.1	-2.07421
13044121	141	0.1	-0.1	-5.49739
13044121	142	0.1	-0.1	-0.429151
13044121	143	0.1	-0.1	0.644029
13044121	144	0.1	-0.1	-3.86924
13044121	145	0.1	-0.1	4.82942
13044121	146	0.1	-0.1	3.8297
13044121	147	0.1	-0.1	4.96103
13044121	148	0.1	-0.1	-2.89698
13044121	149	0.1	-0.1	-3.34901
13044121	150	0.1	-0.1	4.86634
13044121	151	0.1	-0.1	1.72061
13044121	152	0.1	-0.1	0.519553
13044121	153	0.1	-0.1	-3.93891
13044121	154	0.1	-0.1	-1.10807
13044121	155	0.1	-0.1	4.50162
13044121	156	0.1	-0.1	-2.82403
13044121	157	0.1	-0.1	-3.54816
13044121	158	0.1	-0.1	-5.93435
13044121	159	0.1	-0.1	5.92581
13044121	160	0.1	-0.1	0.793506
13044121	161	0.1	-0.1	3.47685
13044121	162	0.1	-0.1	-3.00967
13044121	163	0.1	-0.1	-0.474924
13044121	164	0.1	-0.1	0.428723
13044121	165	0.1	-0.1	-5.03233
13044121	166	0.1	-0.1	-0.695042
13044121	167	0.1	-0.1	-4.3548
13044121	168	0.1	-0.1	2.88471
13044121	169	0.1	-0.1	1.63581
13044121	170	0.1	-0.1	-0.168171
13044121	171	0.1	-0.1	0.852034
13044121	172	0.1	-0.1	-0.295322
13044121	173	0.1	-0.1	-4.2254
13044121	174	0.1	-0.1	3.27717
13044121	175	0.1	-0.1	4.30012
13044121	176	0.1	-0.1	3.54262
13044121	177	0.1	-0.1	3.84486
13044121	178	0.1	-0.1	-1.04835
13044121	179	0.1	-0.1	0.475695
13044121	180	0.1	-0.1	-0.365635
13044121	181	0.1	-0.1	4.95844
13044121	182	0.1	-0.1	-1.56505
13044121	183	0.1	-0.1	-2.3651
13044121	184	0.1	-0.1	0.161148
13044121	185	0.1	-0.1	-3.94181
13044121	186	0.1	-0.1	-4.36461
13044121	187	0.1	-0.1	3.10392
13044121	188	0.1	-0.1	-2.20629
13044121	189	0.1	-0.1	2.63268
13044121	190	0.1	-0.1	-4.68962
13044121	191	0.1	-0.1	1.07125
13044121	192	0.1	-0.1	-0.516973
13044121	193	0.1	-0.1	2.39272
13044121	194	0.1	-0.1	-0.354679
13044121	195	0.1	-0.1	2.92965
13044121	196	0.1	-0.1	3.18086
13044121	197	0.1	-0.1	-3.16403
13044121	198	0.1	-0.1	-3.2661
13044121	199	0.1	-0.1	-0.689445
13044121	200	0.1	-0.1	2.94559
13044121	201	0.1	-0.1	1.93682
13044121	202	0.1	-0.1	-3.77873
13044121	203	0.1	-0.1	0.0201455
13044121	204	0.1	-0.1	5.83999
13044121	205	0.1	-0.1	0.775378
13044121	206	0.1	-0.1	4.19642
13044121	207	0.1	-0.1	-0.543311
13044121	208	0.1	-0.1	-2.86757
13044121	209	0.1	-0.1	-4.52879
13044121	210	0.1	-0.1	-2.83326
13044121	211	0.1	-0.1	0.52118
13044121	212	0.1	-0.1	-3.33274
13044121	213	0.1	-0.1	-4.00861
13044121	214	0.1	-0.1	2.00211
13044121	215	0.1	-0.1	-0.637918
13044121	216	0.1	-0.1	3.33919
13044121	217	0.1	-0.1	5.94417
13044121	218	0.1	-0.1	-0.15743
13044121	219	0.1	-0.1	4.39043
13044121	220	0.1	-0.1	-1.07706
13044121	221	0.1	-0.1	-3.02819
13044121	222	0.1	-0.1	3.99244
13044121	223	0.1	-0.1	4.45227
13044121	224	0.1	-0.1	-0.0634325
13044121	225	0.1	-0.1	5.35198
13044121	226	0.1	-0.1	3.56959
13044121	227	0.1	-0.1	3.15078
13044121	228	0.1	-0.1	5.90226
13044121	229	0.1	-0.1	0.552919
13044121	230	0.1	-0.1	-1.09542
13044121	231	0.1	-0.1	3.06686
13044121	232	0.1	-0.1	3.48427
13044121	233	0.1	-0.1	2.07094
13044121	234	0.1	-0.1	-5.3232
13044121	235	0.1	-0.1	-2.34217
13044121	236	0.1	-0.1	-1.35549
13044121	237	0.1	-0.1	1.91781
13044121	238	0.1	-0.1	0.587509
13044121	239	0.1	-0.1	-4.64198
13044121	240	0.1	-0.1	5.31516
13044121	241	0.1	-0.1	4.08377
13044121	242	0.1	-0.1	-0.181949
13044121	243	0.1	-0.1	3.51232
13044121	244	0.1	-0.1	0.226697
13044121	245	0.1	-0.1	-4.88621
13044121	246	0.1	-0.1	-4.87189
13044121	247	0.1	-0.1	-0.957511
13044121	248	0.1	-0.1	1.29948
13044121	249	0.1	-0.1	-5.13555
13044121	250	0.1	-0.1	0.326233
13044121	251	0.1	-0.1	2.18715
13044121	252	0.1	-0.1	0.854352
13044121	253	0.1	-0.1	5.4555
13044121	254	0.1	-0.1	2.51259
13044121	255	0.1	-0.1	-3.58658
13044121	256	0.1	-0.1	2.13006
13044121	257	0.1	-0.1	3.49209
13044121	258	0.1	-0.1	3.96292
13044121	259	0.1	-0.1	-1.14658
13044121	260	0.1	-0.1	0.0250227
13044121	261	0.1	-0.1	5.13182
13044121	262	0.1	-0.1	5.73801
13044121	263	0.1	-0.1	3.02211
13044121	264	0.1	-0.1	-5.77725
13044121	265	0.1	-0.1	1.49567
13044121	266	0.1	-0.1	4.6653
13044121	267	0.1	-0.1	0.566191
13044121	268	0.1	-0.1	2.90068
13044121	269	0.1	-0.1	-3.22896
13044121	270	0.1	-0.1	2.61466
13044121	271	0.1	-0.1	-4.58889
13044121	272	0.1	-0.1	5.33929
13044121	273	0.1	-0.1	-1.70464
13044121	274	0.1	-0.1	0.407535
13044121	275	0.1	-0.1	5.56776
13044121	276	0.1	-0.1	-1.2421
13044121	277	0.1	-0.1	-1.92897
13044121	278	0.1	-0.1	2.49032
13044121	279	0.1	-0.1	4.33667
13044121	280	0.1	-0.1	-0.77146
13044121	281	0.1	-0.1	-2.94925
13044121	282	0.1	-0.1	-0.926161
13044121	283	0.1	-0.1	0.49812
13044121	284	0.1	-0.1	5.05948
13044121	285	0.1	-0.1	-4.73827
13044121	286	0.1	-0.1	-5.94152
13044121	287	0.1	-0.1	2.51033
13044121	288	0.1	-0.1	-1.77
13044121	289	0.1	-0.1	-0.713911
13044121	290	0.1	-0.1	2.54012
13044121	291	0.1	-0.1	3.99477
13044121	292	0.1	-0.1	-4.97166
13044121	293	0.1	-0.1	2.17251
13044121	294	0.1	-0.1	-3.64633
13044121	295	0.1	-0.1	0.749153
13044121	296	0.1	-0.1	4.55164
13044121	297	0.1	-0.1	-5.33929
13044121	298	0.1	-0.1	-3.19681
13044121	299	0.1	-0.1	-2.73432
13044121	300	0.1	-0.1	0.373018
13044121	301	0.1	-0.1	0.380934
13044121	302	0.1	-0.1	-3.91566
13044121	303	0.1	-0.1	2.89666
13044121	304	0.1	-0.1	-4.50278
13044121	305	0.1	-0.1	3.58207
13044121	306	0.1	-0.1	-5.47841
13044121	307	0.1	-0.1	3.16852
13044121	308	0.1	-0.1	5.14469
13044121	309	0.1	-0.1	2.10154
13044121	310	0.1	-0.1	-3.23406
13044121	311	0.1	-0.1	-4.49885
13044121	312	0.1	-0.1	3.15373
13044121	313	0.1	-0.1	-0.977395
13044121	314	0.1	-0.1	2.2
13044121	315	0.1	-0.1	2.19272
13044121	316	0.1	-0.1	-2.33794
13044121	317	0.1	-0.1	0.95818
13044121	318	0.1	-0.1	1.29253
13044121	319	0.1	-0.1	-1.2486
13044121	320	0.1	-0.1	2.06452
13044121	321	0.1	-0.1	-1.811
13044121	322	0.1	-0.1	-4.53855
13044121	323	0.1	-0.1	3.71985
13044121	324	0.1	-0.1	-1.87083
13044121	325	0.1	-0.1	4.54767
13044121	326	0.1	-0.1	4.4034
13044121	327	0.1	-0.1	-4.87272
13044121	328	0.1	-0.1	2.15343
13044121	329	0.1	-0.1	4.01993
13044121	330	0.1	-0.1	0.893959
13044121	331	0.1	-0.1	2.1549
13044121	332	0.1	-0.1	3.56759
13044121	333	0.1	-0.1	-2.54271
13044121	334	0.1	-0.1	-3.11977
13044121	335	0.1	-0.1	-1.92238
13044121	336	0.1	-0.1	0.998147
13044121	337	0.1	-0.1	-3.38703
13044121	338	0.1	-0.1	0.397463
13044121	339	0.1	-0.1	5.02452
13044121	340	0.1	-0.1	1.79924
13044121	341	0.1	-0.1	1.99159
13044121	342	0.1	-0.1	5.22768
13044121	343	0.1	-0.1	0.839836
13044121	344	0.1	-0.1	-3.97556
13044121	345	0.1	-0.1	2.03909
13044121	346	0.1	-0.1	-2.09937
13044121	347	0.1	-0.1	-5.69125
13044121	348	0.1	-0.1	-1.01674
13044121	349	0.1	-0.1	4.88071
13044121	350	0.1	-0.1	-2.52405
13044121	351	0.1	-0.1	1.1836
13044121	352	0.1	-0.1	-3.42187
13044121	353	0.1	-0.1	-0.639795
13044121	354	0.1	-0.1	-1.09419
13044121	355	0.1	-0.1	-5.13693
13044121	356	0.1	-0.1	-5.24143
13044121	357	0.1	-0.1	3.0829
13044121	358	0.1	-0.1	2.6782
13044121	359	0.1	-0.1	-3.5767
13044121	360	0.1	-0.1	-3.98264
13044121	361	0.1	-0.1	-0.198757
13044121	362	0.1	-0.1	3.73862
13044121	363	0.1	-0.1	3.76931
13044121	364	0.1	-0.1	-4.84502
13044121	365	0.1	-0.1	-1.59872
13044121	366	0.1	-0.1	-2.56659
13044121	367	0.1	-0.1	3.64927
13044121	368	0.1	-0.1	4.43082
13044121	369	0.1	-0.1	0.981431
13044121	370	0.1	-0.1	-4.35672
13044121	371	0.1	-0.1	0.339712
13044121	372	0.1	-0.1	-0.515834
13044121	373	0.1	-0.1	-4.219
13044121	374	0.1	-0.1	1.46618
13044121	375	0.1	-0.1	-1.17287
13044121	376	0.1	-0.1	-1.37406
13044121	377	0.1	-0.1	3.96506
13044121	378	0.1	-0.1	-4.89535
13044121	379	0.1	-0.1	2.76299
13044121	380	0.1	-0.1	0.482459
13044121	381	0.1	-0.1	1.94382
13044121	382	0.1	-0.1	-3.6633
13044121	383	0.1	-0.1	-3.2467
13044121	384	0.1	-0.1	-2.9545
13044121	385	0.1	-0.1	1.83991
13044121	386	0.1	-0.1	4.41944
13044121	387	0.1	-0.1	-5.93572
13044121	388	0.1	-0.1	1.76244
13044121	389	0.1	-0.1	-0.0552707
13044121	390	0.1	-0.1	5.42744
13044121	391	0.1	-0.1	1.27824
13044121	392	0.1	-0.1	5.64984
13044121	393	0.1	-0.1	-2.69442
13044121	394	0.1	-0.1	-5.51004
13044121	395	0.1	-0.1	-4.4963
13044121	396	0.1	-0.1	0.430503
13044121	397	0.1	-0.1	1.95082
13044121	398	0.1	-0.1	-3.64103
13044121	399	0.1	-0.1	3.49747
13044121	400	0.1	-0.1	-2.80659
13044121	401	0.1	-0.1	-0.174269
13044121	402	0.1	-0.1	2.04255
13044121	403	0.1	-0.1	4.87202
13044121	404	0.1	-0.1	-4.28772
13044121	405	0.1	-0.1	-3.04928
13044121	406	0.1	-0.1	4.27944
13044121	407	0.1	-0.1	-3.68484
13044121	408	0.1	-0.1	1.44774
13044121	409	0.1	-0.1	5.57027
13044121	410	0.1	-0.1	-2.40378
13044121	411	0.1	-0.1	0.450036
13044121	412	0.1	-0.1	-2.05364
13044121	413	0.1	-0.1	1.38855
13044121	414	0.1	-0.1	-3.04712
13044121	415	0.1	-0.1	-3.42846
13044121	416	0.1	-0.1	-1.82627
13044121	417	0.1	-0.1	-3.20548
13044121	418	0.1	-0.1	3.76636
13044121	419	0.1	-0.1	1.51336
13044121	420	0.1	-0.1	3.15404
13044121	421	0.1	-0.1	-3.96629
13044121	422	0.1	-0.1	-0.223675
13044121	423	0.1	-0.1	5.34935
13044121	424	0.1	-0.1	2.15804
13044121	425	0.1	-0.1	0.289601
13044121	426	0.1	-0.1	-3.6237
13044121	427	0.1	-0.1	3.25173
13044121	428	0.1	-0.1	-4.0981
13044121	429	0.1	-0.1	5.9181
13044121	430	0.1	-0.1	-2.15404
13044121	431	0.1	-0.1	-0.993335
13044121	432	0.1	-0.1	-0.301879
13044121	433	0.1	-0.1	-4.41215
13044121	434	0.1	-0.1	-5.27315
13044121	435	0.1	-0.1	4.96798
13044121	436	0.1	-0.1	-0.14889
13044121	437	0.1	-0.1	0.668597
13044121	438	0.1	-0.1	1.01769
13044121	439	0.1	-0.1	3.85003
13044121	440	0.1	-0.1	0.477238
13044121	441	0.1	-0.1	5.1138
13044121	442	0.1	-0.1	0.560322
13044121	443	0.1	-0.1	-4.7481
13044121	444	0.1	-0.1	-2.37742
13044121	445	0.1	-0.1	1.56166
13044121	446	0.1	-0.1	1.62476
13044121	447	0.1	-0.1	-0.214092
13044121	448	0.1	-0.1	1.99762
13044121	449	0.1	-0.1	5.31008
13044121	450	0.1	-0.1	0.783699
13044121	451	0.1	-0.1	-0.537963
13044121	452	0.1	-0.1	-4.39555
13044121	453	0.1	-0.1	3.49135
13044121	454	0.1	-0.1	-3.14043
13044121	455	0.1	-0.1	-4.06875
13044121	456	0.1	-0.1	3.0369
13044121	457	0.1	-0.1	-0.512541
13044121	458	0.1	-0.1	-1.51627
13044121	459	0.1	-0.1	-4.17996
13044121	460	0.1	-0.1	-1.57217
13044121	461	0.1	-0.1	4.11982
13044121	462	0.1	-0.1	2.16554
13044121	463	0.1	-0.1	-5.23057
13044121	464	0.1	-0.1	1.79174
13044121	465	0.1	-0.1	-3.79989
13044121	466	0.1	-0.1	-0.189389
13044121	467	0.1	-0.1	0.752952
13044121	468	0.1	-0.1	-2.72661
13044121	469	0.1	-0.1	5.97728
13044121	470	0.1	-0.1	-0.941915
13044121	471	0.1	-0.1	-5.20606
13044121	472	0.1	-0.1	3.23636
13044121	473	0.1	-0.1	4.52775
13044121	474	0.1	-0.1	1.18765
13044121	475	0.1	-0.1	0.47761
13044121	476	0.1	-0.1	-2.4987
13044121	477	0.1	-0.1	2.7009
13044121	478	0.1	-0.1	4.24176
13044121	479	0.1	-0.1	1.74958
13044121	480	0.1	-0.1	0.165072
13044121	481	0.1	-0.1	-1.81501
13044121	482	0.1	-0.1	-3.53148
13044121	483	0.1	-0.1	1.59774
13044121	484	0.1	-0.1	-5.70944
13044121	485	0.1	-0.1	1.49844
13044121	486	0.1	-0.1	-5.66714
13044121	487	0.1	-0.1	1.28076
13044121	488	0.1	-0.1	-3.58076
13044121	489	0.1	-0.1	1.57553
13044121	490	0.1	-0.1	-0.418299
13044121	491	0.1	-0.1	5.51482
13044121	492	0.1	-0.1	-1.91491
13044121	493	0.1	-0.1	2.38083
13044121	494	0.1	-0.1	4.84679
13044121	495	0.1	-0.1	-2.3371
13044121	496	0.1	-0.1	5.80271
13044121	497	0.1	-0.1	1.05207
13044121	498	0.1	-0.1	2.45866
13044121	499	0.1	-0.1	-0.505967
13044121	500	0.1	-0.1	-4.92575
13044121	501	0.1	-0.1	1.03605
13044121	502	0.1	-0.1	-2.25983
13044121	503	0.1	-0.1	-0.605264
13044121	504	0.1	-0.1	-4.59602
13044121	505	0.1	-0.1	-4.73685
13044121	506	0.1	-0.1	-5.15301
13044121	507	0.1	-0.1	1.14021
13044121	508	0.1	-0.1	-1.63126
13044121	509	0.1	-0.1	0.9208
13044121	510	0.1	-0.1	-0.925714
13044121	511	0.1	-0.1	1.11738
13044121	512	0.1	-0.1	-2.90516
13044121	513	0.1	-0.1	-5.98918
13044121	514	0.1	-0.1	-3.78532
13044121	515	0.1	-0.1	-1.06277
13044121	516	0.1	-0.1	-4.01717
13044121	517	0.1	-0.1	-4.86468
13044121	518	0.1	-0.1	2.1182
13044121	519	0.1	-0.1	-0.129306
13044121	520	0.1	-0.1	-3.13486
13044121	521	0.1	-0.1	-0.78864
13044121	522	0.1	-0.1	5.02898
13044121	523	0.1	-0.1	-1.24375
13044121	524	0.1	-0.1	-3.85149
13044121	525	0.1	-0.1	5.14657
13044121	526	0.1	-0.1	5.41463
13044121	527	0.1	-0.1	-2.54137
13044121	528	0.1	-0.1	-5.36797
13044121	529	0.1	-0.1	3.3829
13044121	530	0.1	-0.1	3.26763
13044121	531	0.1	-0.1	-3.29234
13044121	532	0.1	-0.1	0.3768
13044121	533	0.1	-0.1	-2.3245
13044121	534	0.1	-0.1	1.31235
13044121	535	0.1	-0.1	-4.53828
13044121	536	0.1	-0.1	-2.2689
13044121	537	0.1	-0.1	-4.32839
13044121	538	0.1	-0.1	0.0814508
13044121	539	0.1	-0.1	-3.61898
13044121	540	0.1	-0.1	5.04114
13044121	541	0.1	-0.1	-1.13494
13044121	542	0.1	-0.1	-1.8848
13044121	543	0.1	-0.1	-4.61585
13044121	544	0.1	-0.1	-5.18517
13044121	545	0.1	-0.1	-2.59869
13044121	546	0.1	-0.1	-4.3349
13044121	547	0.1	-0.1	2.69509
13044121	548	0.1	-0.1	-2.88717
13044121	549	0.1	-0.1	-0.0165731
13044121	550	0.1	-0.1	0.730953
13044121	551	0.1	-0.1	-3.62366
13044121	552	0.1	-0.1	3.49231
13044121	553	0.1	-0.1	2.16838
13044121	554	0.1	-0.1	3.26163
13044121	555	0.1	-0.1	-4.00072
13044121	556	0.1	-0.1	4.05769
13044121	557	0.1	-0.1	1.96638
13044121	558	0.1	-0.1	-1.75542
13044121	559	0.1	-0.1	-2.33505
13044121	560	0.1	-0.1	-0.941304
13044121	561	0.1	-0.1	-2.54255
13044121	562	0.1	-0.1	4.76729
13044121	563	0.1	-0.1	-3.20946
13044121	564	0.1	-0.1	0.401181
13044121	565	0.1	-0.1	4.52051
13044121	566	0.1	-0.1	1.17345
13044121	567	0.1	-0.1	-4.83335
13044121	568	0.1	-0.1	-1.28621
13044121	569	0.1	-0.1	-1.06463
13044121	570	0.1	-0.1	2.41018
13044121	571	0.1	-0.1	-0.973845
13044121	572	0.1	-0.1	0.902354
13044121	573	0.1	-0.1	4.22086
13044121	574	0.1	-0.1	-1.2549
13044121	575	0.1	-0.1	4.90513
13044121	576	0.1	-0.1	4.2038
13044121	577	0.1	-0.1	-4.99957
13044121	578	0.1	-0.1	-4.50451
13044121	579	0.1	-0.1	3.52746
13044121	580	0.1	-0.1	-0.68008
13044121	581	0.1	-0.1	1.20701
13044121	582	0.1	-0.1	1.55689
13044121	583	0.1	-0.1	0.992822
13044121	584	0.1	-0.1	-5.87641
13044121	585	0.1	-0.1	-1.3778
13044121	586	0.1	-0.1	-0.435789
13044121	587	0.1	-0.1	3.09704
13044121	588	0.1	-0.1	1.33306
13044121	589	0.1	-0.1	-5.88994
13044121	590	0.1	-0.1	-1.28288
13044121	591	0.1	-0.1	5.44532
13044121	592	0.1	-0.1	-0.63562
13044121	593	0.1	-0.1	2.98479
13044121	594	0.1	-0.1	-3.27322
13044121	595	0.1	-0.1	4.6118
13044121	596	0.1	-0.1	3.95395
13044121	597	0.1	-0.1	4.59237
13044121	598	0.1	-0.1	3.08898
13044121	599	0.1	-0.1	-0.748634
13044121	600	0.1	-0.1	1.07173
13044121	601	0.1	-0.1	0.0969459
13044121	602	0.1	-0.1	-3.48638
13044121	603	0.1	-0.1	-1.82471
13044121	604	0.1	-0.1	4.57711
13044121	605	0.1	-0.1	-3.45038
13044121	606	0.1	-0.1	1.54414
13044121	607	0.1	-0.1	3.59399
13044121	608	0.1	-0.1	-4.34497
13044121	609	0.1	-0.1	-0.981842
13044121	610	0.1	-0.1	-1.77862
13044121	611	0.1	-0.1	-3.281
13044121	612	0.1	-0.1	4.77588
13044121	613	0.1	-0.1	1.95517
13044121	614	0.1	-0.1	-1.39601
13044121	615	0.1	-0.1	3.79304
13044121	616	0.1	-0.1	3.09662
13044121	617	0.1	-0.1	-5.40673
13044121	618	0.1	-0.1	0.294898
13044121	619	0.1	-0.1	1.2668
13044121	620	0.1	-0.1	-2.03105
13044121	621	0.1	-0.1	0.86668
13044121	622	0.1	-0.1	-5.646
13044121	623	0.1	-0.1	-2.50376
13044121	624	0.1	-0.1	-2.05973
13044121	625	0.1	-0.1	-1.54613
13044121	626	0.1	-0.1	2.14635
13044121	627	0.1	-0.1	5.93466
13044121	628	0.1	-0.1	-4.48964
13044121	629	0.1	-0.1	4.57546
13044121	630	0.1	-0.1	-3.70145
13044121	631	0.1	-0.1	2.623
13044121	632	0.1	-0.1	2.68335
13044121	633	0.1	-0.1	4.73746
13044121	634	0.1	-0.1	-2.6268
13044121	635	0.1	-0.1	-2.14371
13044121	636	0.1	-0.1	-5.27914
13044121	637	0.1	-0.1	2.05265
13044121	638	0.1	-0.1	-1.87091
13044121	639	0.1	-0.1	2.79109
13044121	640	0.1	-0.1	-1.1138
13044121	641	0.1	-0.1	0.776449
13044121	642	0.1	-0.1	1.273
13044121	643	0.1	-0.1	3.84356
13044121	644	0.1	-0.1	-5.33665
13044121	645	0.1	-0.1	5.64863
13044121	646	0.1	-0.1	0.78916
13044121	647	0.1	-0.1	1.93488
13044121	648	0.1	-0.1	0.308037
13044121	649	0.1	-0.1	-2.20222
13044121	650	0.1	-0.1	3.07175
13044121	651	0.1	-0.1	-1.12954
13044121	652	0.1	-0.1	-3.60392
13044121	653	0.1	-0.1	-2.12197
13044121	654	0.1	-0.1	3.94772
13044121	655	0.1	-0.1	-0.862186
13044121	656	0.1	-0.1	1.7583
13044121	657	0.1	-0.1	-3.59727
13044121	658	0.1	-0.1	1.23894
13044121	659	0.1	-0.1	-2.82758
13044121	660	0.1	-0.1	-5.21747
13044121	661	0.1	-0.1	-4.73896
13044121	662	0.1	-0.1	-1.15426
13044121	663	0.1	-0.1	-3.175
13044121	664	0.1	-0.1	3.23178
13044121	665	0.1	-0.1	-0.548247
13044121	666	0.1	-0.1	-2.2291
13044121	667	0.1	-0.1	4.36467
13044121	668	0.1	-0.1	5.2438
13044121	669	0.1	-0.1	-2.41931
13044121	670	0.1	-0.1	5.03487
13044121	671	0.1	-0.1	-1.58644
13044121	672	0.1	-0.1	-0.175503
13044121	673	0.1	-0.1	3.62469
13044121	674	0.1	-0.1	5.22729
13044121	675	0.1	-0.1	-3.6963
13044121	676	0.1	-0.1	4.31345
13044121	677	0.1	-0.1	-5.86506
13044121	678	0.1	-0.1	1.75159
13044121	679	0.1	-0.1	4.35265
13044121	680	0.1	-0.1	0.434015
13044121	681	0.1	-0.1	1.66069
13044121	682	0.1	-0.1	5.77913
13044121	683	0.1	-0.1	-3.96238
13044121	684	0.1	-0.1	-5.00638
13044121	685	0.1	-0.1	-5.79507
13044121	686	0.1	-0.1	-1.19626
13044121	687	0.1	-0.1	-0.768467
13044121	688	0.1	-0.1	1.18481
13044121	689	0.1	-0.1	-4.75934
13044121	690	0.1	-0.1	-3.15597
13044121	691	0.1	-0.1	-5.50954
13044121	692	0.1	-0.1	-5.25478
13044121	693	0.1	-0.1	-1.33041
13044121	694	0.1	-0.1	-3.307
13044121	695	0.1	-0.1	-5.12374
13044121	696	0.1	-0.1	-1.51534
13044121	697	0.1	-0.1	0.880699
13044121	698	0.1	-0.1	-2.05965
13044121	699	0.1	-0.1	2.04938
13044121	700	0.1	-0.1	4.07399
13044121	701	0.1	-0.1	-2.1029
13044121	702	0.1	-0.1	4.97914
13044121	703	0.1	-0.1	3.26139
13044121	704	0.1	-0.1	0.758375
13044121	705	0.1	-0.1	0.125417
13044121	706	0.1	-0.1	2.92586
13044121	707	0.1	-0.1	3.7137
13044121	708	0.1	-0.1	4.80156
13044121	709	0.1	-0.1	4.6967
13044121	710	0.1	-0.1	-4.14839
13044121	711	0.1	-0.1	-4.80597
13044121	712	0.1	-0.1	3.46996
13044121	713	0.1	-0.1	1.81517
13044121	714	0.1	-0.1	-1.28544
13044121	715	0.1	-0.1	3.53145
13044121	716	0.1	-0.1	-3.50257
13044121	717	0.1	-0.1	1.28482
13044121	718	0.1	-0.1	-4.16323
13044121	719	0.1	-0.1	4.33729
13044121	720	0.1	-0.1	4.0628
13044121	721	0.1	-0.1	-3.17072
13044121	722	0.1	-0.1	-5.99457
13044121	723	0.1	-0.1	1.32707
13044121	724	0.1	-0.1	-0.576444
13044121	725	0.1	-0.1	-0.453488
13044121	726	0.1	-0.1	0.555878
13044121	727	0.1	-0.1	-0.392519
13044121	728	0.1	-0.1	-4.50561
13044121	729	0.1	-0.1	2.27738
13044121	730	0.1	-0.1	-5.16516
13044121	731	0.1	-0.1	-5.18176
13044121	732	0.1	-0.1	1.53705
13044121	733	0.1	-0.1	2.05105
13044121	734	0.1	-0.1	5.21747
13044121	735	0.1	-0.1	-5.61855
13044121	736	0.1	-0.1	-1.47793
13044121	737	0.1	-0.1	-5.09213
13044121	738	0.1	-0.1	-0.530174
13044121	739	0.1	-0.1	1.61227
13044121	740	0.1	-0.1	-1.45675
13044121	741	0.1	-0.1	-2.57513
13044121	742	0.1	-0.1	3.48691
13044121	743	0.1	-0.1	5.6016
13044121	744	0.1	-0.1	4.4583
13044121	745	0.1	-0.1	-4.1561
13044121	746	0.1	-0.1	4.3352
13044121	747	0.1	-0.1	-2.42546
13044121	748	0.1	-0.1	3.16931
13044121	749	0.1	-0.1	4.35653
13044121	750	0.1	-0.1	3.30506
13044121	751	0.1	-0.1	-5.56798
13044121	752	0.1	-0.1	4.18837
13044121	753	0.1	-0.1	3.95464
13044121	754	0.1	-0.1	-0.325218
13044121	755	0.1	-0.1	-0.936717
13044121	756	0.1	-0.1	2.27249
13044121	757	0.1	-0.1	0.909473
13044121	758	0.1	-0.1	-5.8842
13044121	759	0.1	-0.1	2.69087
13044121	760	0.1	-0.1	-1.59027
13044121	761	0.1	-0.1	-1.73384
13044121	762	0.1	-0.1	-3.54387
13044121	763	0.1	-0.1	0.033891
13044121	764	0.1	-0.1	-3.98467
13044121	765	0.1	-0.1	-2.57571
13044121	766	0.1	-0.1	2.26978
13044121	767	0.1	-0.1	2.16397
13044121	768	0.1	-0.1	-4.28112
13044121	769	0.1	-0.1	-3.56022
13044121	770	0.1	-0.1	-1.40916
13044121	771	0.1	-0.1	-1.93265
13044121	772	0.1	-0.1	-5.08131
13044121	773	0.1	-0.1	-5.45501
13044121	774	0.1	-0.1	-1.22696
13044121	775	0.1	-0.1	-5.74417
13044121	776	0.1	-0.1	-2.92353
13044121	777	0.1	-0.1	1.90116
13044121	778	0.1	-0.1	-0.767236
13044121	779	0.1	-0.1	2.63346
13044121	780	0.1	-0.1	2.57884
13044121	781	0.1	-0.1	-2.10075
13044121	782	0.1	-0.1	4.57875
13044121	783	0.1	-0.1	-2.47812
13044121	784	0.1	-0.1	-1.37965
13044121	785	0.1	-0.1	-2.42613
13044121	786	0.1	-0.1	5.80867
13044121	787	0.1	-0.1	-5.39048
13044121	788	0.1	-0.1	5.34575
13044121	789	0.1	-0.1	-5.63963
13044121	790	0.1	-0.1	5.12628
13044121	791	0.1	-0.1	-5.10654
13044121	792	0.1	-0.1	1.59977
13044121	793	0.1	-0.1	-0.823726
13044121	794	0.1	-0.1	-5.38396
13044121	795	0.1	-0.1	-4.18845
13044121	796	0.1	-0.1	5.11312
13044121	797	0.1	-0.1	2.83096
13044121	798	0.1	-0.1	-2.04965
13044121	799	0.1	-0.1	-2.9502
13044121	800	0.1	-0.1	3.03496
13044121	801	0.1	-0.1	-0.531525
13044121	802	0.1	-0.1	-1.64773
13044121	803	0.1	-0.1	-3.5966
13044121	804	0.1	-0.1	2.12794
13044121	805	0.1	-0.1	0.470212
13044121	806	0.1	-0.1	-4.79299
13044121	807	0.1	-0.1	-2.01066
13044121	808	0.1	-0.1	-0.827317
13044121	809	0.1	-0.1	-0.0699304
13044121	810	0.1	-0.1	-4.32536
13044121	811	0.1	-0.1	3.95927
13044121	812	0.1	-0.1	5.20498
13044121	813	0.1	-0.1	-4.38251
13044121	814	0.1	-0.1	-1.78988
13044121	815	0.1	-0.1	4.70198
13044121	816	0.1	-0.1	5.73998
13044121	817	0.1	-0.1	5.47729
13044121	818	0.1	-0.1	-0.617194
13044121	819	0.1	-0.1	0.244321
13044121	820	0.1	-0.1	3.82135
13044121	821	0.1	-0.1	-0.156627
13044121	822	0.1	-0.1	3.55123
13044121	823	0.1	-0.1	4.0277
13044121	824	0.1	-0.1	-2.58665
13044121	825	0.1	-0.1	-1.07033
13044121	826	0.1	-0.1	-5.87622
13044121	827	0.1	-0.1	-1.36474
13044121	828	0.1	-0.1	-4.17638
13044121	829	0.1	-0.1	-5.99924
13044121	830	0.1	-0.1	-0.766785
13044121	831	0.1	-0.1	3.38297
13044121	832	0.1	-0.1	4.43552
13044121	833	0.1	-0.1	-4.01064
13044121	834	0.1	-0.1	-0.703737
13044121	835	0.1	-0.1	5.35518
13044121	836	0.1	-0.1	2.43257
13044121	837	0.1	-0.1	3.93785
13044121	838	0.1	-0.1	2.84942
13044121	839	0.1	-0.1	3.23852
13044121	840	0.1	-0.1	-3.78479
13044121	841	0.1	-0.1	-4.00084
13044121	842	0.1	-0.1	5.02657
13044121	843	0.1	-0.1	-3.47912
13044121	844	0.1	-0.1	5.57288
13044121	845	0.1	-0.1	2.34077
13044121	846	0.1	-0.1	-4.87527
13044121	847	0.1	-0.1	5.67272
13044121	848	0.1	-0.1	-5.86969
13044121	849	0.1	-0.1	-2.82132
13044121	850	0.1	-0.1	-2.99427
13044121	851	0.1	-0.1	-2.67072
13044121	852	0.1	-0.1	4.36668
13044121	853	0.1	-0.1	-3.10742
13044121	854	0.1	-0.1	5.90376
13044121	855	0.1	-0.1	3.33486
13044121	856	0.1	-0.1	-1.81578
13044121	857	0.1	-0.1	-5.00294
13044121	858	0.1	-0.1	-5.56058
13044121	859	0.1	-0.1	-4.70652
13044121	860	0.1	-0.1	5.02167
13044121	861	0.1	-0.1	1.65027
13044121	862	0.1	-0.1	2.20561
13044121	863	0.1	-0.1	4.76526
13044121	864	0.1	-0.1	2.48164
13044121	865	0.1	-0.1	0.139553
13044121	866	0.1	-0.1	1.20996
13044121	867	0.1	-0.1	-5.34754
13044121	868	0.1	-0.1	3.65314
13044121	869	0.1	-0.1	1.98181
13044121	870	0.1	-0.1	-5.4115
13044121	871	0.1	-0.1	3.26433
13044121	872	0.1	-0.1	3.57703
13044121	873	0.1	-0.1	4.43703
13044121	874	0.1	-0.1	0.256552
13044121	875	0.1	-0.1	-4.85812
13044121	876	0.1	-0.1	-2.77923
13044121	877	0.1	-0.1	5.59573
13044121	878	0.1	-0.1	-1.42555
13044121	879	0.1	-0.1	1.2701
13044121	880	0.1	-0.1	-5.61896
13044121	881	0.1	-0.1	3.83089
13044121	882	0.1	-0.1	2.40044
13044121	883	0.1	-0.1	4.24038
13044121	884	0.1	-0.1	-2.2559
13044121	885	0.1	-0.1	-5.2488
13044121	886	0.1	-0.1	-2.68402
13044121	887	0.1	-0.1	-3.67867
13044121	888	0.1	-0.1	-2.82124
13044121	889	0.1	-0.1	4.17778
13044121	890	0.1	-0.1	-2.19943
13044121	891	0.1	-0.1	-1.92762
13044121	892	0.1	-0.1	-4.06229
13044121	893	0.1	-0.1	0.314472
13044121	894	0.1	-0.1	2.8651
13044121	895	0.1	-0.1	3.60093
13044121	896	0.1	-0.1	5.3634
13044121	897	0.1	-0.1	5.51958
13044121	898	0.1	-0.1	2.48077
13044121	899	0.1	-0.1	0.324222
13044121	900	0.1	-0.1	0.970069
13044121	901	0.1	-0.1	2.74228
13044121	902	0.1	-0.1	-4.52814
13044121	903	0.1	-0.1	5.84032
13044121	904	0.1	-0.1	-0.193017
13044121	905	0.1	-0.1	-1.27181
13044121	906	0.1	-0.1	-0.774045
13044121	907	0.1	-0.1	0.911649
13044121	908	0.1	-0.1	4.19443
13044121	909	0.1	-0.1	4.59209
13044121	910	0.1	-0.1	5.80495
13044121	911	0.1	-0.1	-5.80214
13044121	912	0.1	-0.1	-4.56401
13044121	913	0.1	-0.1	3.54183
13044121	914	0.1	-0.1	3.8647
13044121	915	0.1	-0.1	3.93049
13044121	916	0.1	-0.1	0.586358
13044121	917	0.1	-0.1	-0.596918
13044121	918	0.1	-0.1	-1.77023
13044121	919	0.1	-0.1	-0.673481
13044121	920	0.1	-0.1	5.06684
13044121	921	0.1	-0.1	-4.66302
13044121	922	0.1	-0.1	1.16742
13044121	923	0.1	-0.1	1.1644
13044121	924	0.1	-0.1	-0.144007
13044121	925	0.1	-0.1	-5.85358
13044121	926	0.1	-0.1	-4.20317
13044121	927	0.1	-0.1	-0.574064
13044121	928	0.1	-0.1	-0.822207
13044121	929	0.1	-0.1	-1.90704
13044121	930	0.1	-0.1	1.29644
13044121	931	0.1	-0.1	1.83132
13044121	932	0.1	-0.1	-2.20561
13044121	933	0.1	-0.1	1.94099
13044121	934	0.1	-0.1	5.97097
13044121	935	0.1	-0.1	4.90997
13044121	936	0.1	-0.1	5.94338
13044121	937	0.1	-0.1	-0.294317
13044121	938	0.1	-0.1	3.01194
13044121	939	0.1	-0.1	-0.223211
13044121	940	0.1	-0.1	3.27689
13044121	941	0.1	-0.1	-1.47387
13044121	942	0.1	-0.1	3.97327
13044121	943	0.1	-0.1	-4.57652
13044121	944	0.1	-0.1	-5.61058
13044121	945	0.1	-0.1	4.13786
13044121	946	0.1	-0.1	-0.659213
13044121	947	0.1	-0.1	5.96397
13044121	948	0.1	-0.1	-5.0079
13044121	949	0.1	-0.1	-1.01418
13044121	950	0.1	-0.1	-0.682293
13044121	951	0.1	-0.1	0.771011
13044121	952	0.1	-0.1	1.61594
13044121	953	0.1	-0.1	3.80061
13044121	954	0.1	-0.1	-3.57229
13044121	955	0.1	-0.1	-0.478777
13044121	956	0.1	-0.1	0.500534
13044121	957	0.1	-0.1	-0.889732
13044121	958	0.1	-0.1	-0.585286
13044121	959	0.1	-0.1	0.0393032
13044121	960	0.1	-0.1	4.03155
13044121	961	0.1	-0.1	-5.08146
13044121	962	0.1	-0.1	2.70785
13044121	963	0.1	-0.1	-1.78803
13044121	964	0.1	-0.1	4.32814
13044121	965	0.1	-0.1	-4.41818
13044121	966	0.1	-0.1	-0.179907
13044121	967	0.1	-0.1	-5.30036
13044121	968	0.1	-0.1	3.88191
13044121	969	0.1	-0.1	-4.61139
13044121	970	0.1	-0.1	5.81097
13044121	971	0.1	-0.1	1.66377
13044121	972	0.1	-0.1	-1.4557
13044121	973	0.1	-0.1	-5.52694
13044121	974	0.1	-0.1	5.99864
13044121	975	0.1	-0.1	-4.87939
13044121	976	0.1	-0.1	-3.66275
13044121	977	0.1	-0.1	-1.54954
13044121	978	0.1	-0.1	-4.4655
13044121	979	0.1	-0.1	5.31932
13044121	980	0.1	-0.1	2.14231
13044121	981	0.1	-0.1	2.08167
13044121	982	0.1	-0.1	-5.77083
13044121	983	0.1	-0.1	-0.0616465
13044121	984	0.1	-0.1	1.8243
13044121	985	0.1	-0.1	2.21818
13044121	986	0.1	-0.1	5.28475
13044121	987	0.1	-0.1	0.178864
13044121	988	0.1	-0.1	-0.60276
13044121	989	0.1	-0.1	-2.04164
13044121	990	0.1	-0.1	3.22339
13044121	991	0.1	-0.1	-1.45924
13044121	992	0.1	-0.1	4.3144
13044121	993	0.1	-0.1	3.79002
13044121	994	0.1	-0.1	-4.52137
13044121	995	0.1	-0.1	-0.474834
13044121	996	0.1	-0.1	-2.42697
13044121	997	0.1	-0.1	2.35734
13044121	998	0.1	-0.1	3.69446
13044121	999	0.1	-0.1	-0.680658
13044121	1000	0.1	-0.1	-4.4031
