13044118	1	0.1	-0.1	-4.47826
13044118	2	0.1	-0.1	-3.18844
13044118	3	0.1	-0.1	2.87797
13044118	4	0.1	-0.1	4.31357
13044118	5	0.1	-0.1	3.65423
13044118	6	0.1	-0.1	3.08282
13044118	7	0.1	-0.1	-5.40836
13044118	8	0.1	-0.1	-2.04506
13044118	9	0.1	-0.1	-4.12025
13044118	10	0.1	-0.1	1.08142
13044118	11	0.1	-0.1	-5.69001
13044118	12	0.1	-0.1	-0.0194378
13044118	13	0.1	-0.1	-0.0800251
13044118	14	0.1	-0.1	4.81087
13044118	15	0.1	-0.1	0.277677
13044118	16	0.1	-0.1	2.39445
13044118	17	0.1	-0.1	1.28849
13044118	18	0.1	-0.1	5.44686
13044118	19	0.1	-0.1	1.26957
13044118	20	0.1	-0.1	-5.61622
13044118	21	0.1	-0.1	3.2964
13044118	22	0.1	-0.1	-5.09842
13044118	23	0.1	-0.1	3.18984
13044118	24	0.1	-0.1	4.6711
13044118	25	0.1	-0.1	-5.76902
13044118	26	0.1	-0.1	-4.74254
13044118	27	0.1	-0.1	-2.58695
13044118	28	0.1	-0.1	0.612124
13044118	29	0.1	-0.1	5.27233
13044118	30	0.1	-0.1	2.75147
13044118	31	0.1	-0.1	1.83218
13044118	32	0.1	-0.1	4.98109
13044118	33	0.1	-0.1	-0.236872
13044118	34	0.1	-0.1	-0.406307
13044118	35	0.1	-0.1	3.01791
13044118	36	0.1	-0.1	1.30896
13044118	37	0.1	-0.1	-2.56762
13044118	38	0.1	-0.1	3.00446
13044118	39	0.1	-0.1	3.44784
13044118	40	0.1	-0.1	-1.02008
13044118	41	0.1	-0.1	1.30447
13044118	42	0.1	-0.1	-4.17724
13044118	43	0.1	-0.1	-1.79312
13044118	44	0.1	-0.1	-5.85725
13044118	45	0.1	-0.1	3.74133
13044118	46	0.1	-0.1	-5.26701
13044118	47	0.1	-0.1	-1.00101
13044118	48	0.1	-0.1	-4.73414
13044118	49	0.1	-0.1	-0.164951
13044118	50	0.1	-0.1	1.75173
13044118	51	0.1	-0.1	-5.23803
13044118	52	0.1	-0.1	1.60497
13044118	53	0.1	-0.1	0.0501021
13044118	54	0.1	-0.1	-2.22556
13044118	55	0.1	-0.1	-1.37006
13044118	56	0.1	-0.1	4.12258
13044118	57	0.1	-0.1	0.566388
13044118	58	0.1	-0.1	-0.0775318
13044118	59	0.1	-0.1	-4.26713
13044118	60	0.1	-0.1	1.55182
13044118	61	0.1	-0.1	-2.69483
13044118	62	0.1	-0.1	-4.38032
13044118	63	0.1	-0.1	0.961758
13044118	64	0.1	-0.1	-0.642585
13044118	65	0.1	-0.1	2.90398
13044118	66	0.1	-0.1	-2.91911
13044118	67	0.1	-0.1	-1.32059
13044118	68	0.1	-0.1	-2.23887
13044118	69	0.1	-0.1	5.79041
13044118	70	0.1	-0.1	-2.38811
13044118	71	0.1	-0.1	3.2243
13044118	72	0.1	-0.1	5.07264
13044118	73	0.1	-0.1	4.22798
13044118	74	0.1	-0.1	0.908645
13044118	75	0.1	-0.1	-1.10168
13044118	76	0.1	-0.1	-5.84098
13044118	77	0.1	-0.1	-5.65955
13044118	78	0.1	-0.1	-4.57825
13044118	79	0.1	-0.1	-0.456387
13044118	80	0.1	-0.1	-1.61209
13044118	81	0.1	-0.1	0.42836
13044118	82	0.1	-0.1	-4.96886
13044118	83	0.1	-0.1	5.04151
13044118	84	0.1	-0.1	-3.86306
13044118	85	0.1	-0.1	5.61432
13044118	86	0.1	-0.1	3.10732
13044118	87	0.1	-0.1	-1.59662
13044118	88	0.1	-0.1	1.39105
13044118	89	0.1	-0.1	3.03272
13044118	90	0.1	-0.1	1.46596
13044118	91	0.1	-0.1	-1.46801
13044118	92	0.1	-0.1	-4.59361
13044118	93	0.1	-0.1	-4.37667
13044118	94	0.1	-0.1	-2.61345
13044118	95	0.1	-0.1	-5.32004
13044118	96	0.1	-0.1	1.14712
13044118	97	0.1	-0.1	-2.55659
13044118	98	0.1	-0.1	5.77519
13044118	99	0.1	-0.1	-5.07094
13044118	100	0.1	-0.1	-4.37248
13044118	101	0.1	-0.1	-2.15227
13044118	102	0.1	-0.1	-3.71244
13044118	103	0.1	-0.1	-2.11211
13044118	104	0.1	-0.1	-4.30771
13044118	105	0.1	-0.1	3.22083
13044118	106	0.1	-0.1	4.46468
13044118	107	0.1	-0.1	5.68592
13044118	108	0.1	-0.1	-4.50272
13044118	109	0.1	-0.1	-5.05917
13044118	110	0.1	-0.1	3.9086
13044118	111	0.1	-0.1	-5.19722
13044118	112	0.1	-0.1	-2.31469
13044118	113	0.1	-0.1	-0.220239
13044118	114	0.1	-0.1	0.57171
13044118	115	0.1	-0.1	1.2198
13044118	116	0.1	-0.1	5.26882
13044118	117	0.1	-0.1	3.29202
13044118	118	0.1	-0.1	-5.35586
13044118	119	0.1	-0.1	1.8608
13044118	120	0.1	-0.1	5.74668
13044118	121	0.1	-0.1	2.10114
13044118	122	0.1	-0.1	3.1782
13044118	123	0.1	-0.1	5.19434
13044118	124	0.1	-0.1	-1.15566
13044118	125	0.1	-0.1	-0.040713
13044118	126	0.1	-0.1	4.41154
13044118	127	0.1	-0.1	5.48211
13044118	128	0.1	-0.1	3.30795
13044118	129	0.1	-0.1	3.84997
13044118	130	0.1	-0.1	1.58183
13044118	131	0.1	-0.1	-1.13818
13044118	132	0.1	-0.1	5.53572
13044118	133	0.1	-0.1	-0.174292
13044118	134	0.1	-0.1	-0.42139
13044118	135	0.1	-0.1	-2.42657
13044118	136	0.1	-0.1	-0.237772
13044118	137	0.1	-0.1	0.30225
13044118	138	0.1	-0.1	-5.99326
13044118	139	0.1	-0.1	0.00537263
13044118	140	0.1	-0.1	5.81108
13044118	141	0.1	-0.1	-2.52234
13044118	142	0.1	-0.1	-1.18707
13044118	143	0.1	-0.1	2.04328
13044118	144	0.1	-0.1	0.428343
13044118	145	0.1	-0.1	3.5021
13044118	146	0.1	-0.1	4.64714
13044118	147	0.1	-0.1	-2.87153
13044118	148	0.1	-0.1	-1.8542
13044118	149	0.1	-0.1	-4.18504
13044118	150	0.1	-0.1	-1.91789
13044118	151	0.1	-0.1	3.1705
13044118	152	0.1	-0.1	3.52837
13044118	153	0.1	-0.1	1.20378
13044118	154	0.1	-0.1	1.94355
13044118	155	0.1	-0.1	-3.68498
13044118	156	0.1	-0.1	-1.31031
13044118	157	0.1	-0.1	-1.3425
13044118	158	0.1	-0.1	1.78164
13044118	159	0.1	-0.1	2.12253
13044118	160	0.1	-0.1	-5.60185
13044118	161	0.1	-0.1	3.15952
13044118	162	0.1	-0.1	3.34438
13044118	163	0.1	-0.1	-3.70379
13044118	164	0.1	-0.1	3.58422
13044118	165	0.1	-0.1	-5.45358
13044118	166	0.1	-0.1	-5.90029
13044118	167	0.1	-0.1	1.87435
13044118	168	0.1	-0.1	3.08385
13044118	169	0.1	-0.1	0.625547
13044118	170	0.1	-0.1	0.0449081
13044118	171	0.1	-0.1	1.01887
13044118	172	0.1	-0.1	2.0603
13044118	173	0.1	-0.1	0.477491
13044118	174	0.1	-0.1	-3.16906
13044118	175	0.1	-0.1	-1.88422
13044118	176	0.1	-0.1	4.13362
13044118	177	0.1	-0.1	-2.6516
13044118	178	0.1	-0.1	5.36101
13044118	179	0.1	-0.1	-2.68151
13044118	180	0.1	-0.1	5.94437
13044118	181	0.1	-0.1	5.12564
13044118	182	0.1	-0.1	-2.04631
13044118	183	0.1	-0.1	-0.979884
13044118	184	0.1	-0.1	-3.55406
13044118	185	0.1	-0.1	-3.55499
13044118	186	0.1	-0.1	5.97198
13044118	187	0.1	-0.1	-4.05533
13044118	188	0.1	-0.1	3.92282
13044118	189	0.1	-0.1	-4.39699
13044118	190	0.1	-0.1	-5.40878
13044118	191	0.1	-0.1	-3.76374
13044118	192	0.1	-0.1	-5.14985
13044118	193	0.1	-0.1	-5.59845
13044118	194	0.1	-0.1	1.03437
13044118	195	0.1	-0.1	3.31462
13044118	196	0.1	-0.1	-5.2853
13044118	197	0.1	-0.1	-0.705009
13044118	198	0.1	-0.1	4.34139
13044118	199	0.1	-0.1	4.75107
13044118	200	0.1	-0.1	4.50421
13044118	201	0.1	-0.1	-3.43498
13044118	202	0.1	-0.1	-5.80857
13044118	203	0.1	-0.1	-4.81393
13044118	204	0.1	-0.1	-1.55066
13044118	205	0.1	-0.1	1.63249
13044118	206	0.1	-0.1	-2.76811
13044118	207	0.1	-0.1	-4.22339
13044118	208	0.1	-0.1	4.99278
13044118	209	0.1	-0.1	-2.67419
13044118	210	0.1	-0.1	0.520734
13044118	211	0.1	-0.1	3.25405
13044118	212	0.1	-0.1	1.10838
13044118	213	0.1	-0.1	1.88017
13044118	214	0.1	-0.1	-5.41337
13044118	215	0.1	-0.1	-3.51961
13044118	216	0.1	-0.1	-5.73519
13044118	217	0.1	-0.1	3.88211
13044118	218	0.1	-0.1	-1.93825
13044118	219	0.1	-0.1	3.29948
13044118	220	0.1	-0.1	0.792902
13044118	221	0.1	-0.1	2.06034
13044118	222	0.1	-0.1	-3.53308
13044118	223	0.1	-0.1	4.96252
13044118	224	0.1	-0.1	-3.32248
13044118	225	0.1	-0.1	-3.03628
13044118	226	0.1	-0.1	-0.398019
13044118	227	0.1	-0.1	3.68591
13044118	228	0.1	-0.1	2.21165
13044118	229	0.1	-0.1	4.95995
13044118	230	0.1	-0.1	1.9798
13044118	231	0.1	-0.1	3.00148
13044118	232	0.1	-0.1	-5.47059
13044118	233	0.1	-0.1	-0.557272
13044118	234	0.1	-0.1	-5.98816
13044118	235	0.1	-0.1	0.356961
13044118	236	0.1	-0.1	-4.27754
13044118	237	0.1	-0.1	5.15452
13044118	238	0.1	-0.1	-4.72722
13044118	239	0.1	-0.1	-3.04319
13044118	240	0.1	-0.1	5.18046
13044118	241	0.1	-0.1	-1.08784
13044118	242	0.1	-0.1	-2.62339
13044118	243	0.1	-0.1	2.81526
13044118	244	0.1	-0.1	-1.91803
13044118	245	0.1	-0.1	-3.30436
13044118	246	0.1	-0.1	4.716
13044118	247	0.1	-0.1	-1.16085
13044118	248	0.1	-0.1	1.10773
13044118	249	0.1	-0.1	0.20739
13044118	250	0.1	-0.1	5.04015
13044118	251	0.1	-0.1	5.08639
13044118	252	0.1	-0.1	-4.93217
13044118	253	0.1	-0.1	5.05922
13044118	254	0.1	-0.1	-5.9834
13044118	255	0.1	-0.1	-3.06262
13044118	256	0.1	-0.1	3.04655
13044118	257	0.1	-0.1	3.16116
13044118	258	0.1	-0.1	-3.30367
13044118	259	0.1	-0.1	-4.44903
13044118	260	0.1	-0.1	-5.42511
13044118	261	0.1	-0.1	2.53352
13044118	262	0.1	-0.1	2.54931
13044118	263	0.1	-0.1	4.28497
13044118	264	0.1	-0.1	3.53189
13044118	265	0.1	-0.1	2.93211
13044118	266	0.1	-0.1	0.991839
13044118	267	0.1	-0.1	5.59937
13044118	268	0.1	-0.1	-0.0686392
13044118	269	0.1	-0.1	-0.182829
13044118	270	0.1	-0.1	5.72581
13044118	271	0.1	-0.1	-4.17213
13044118	272	0.1	-0.1	3.63521
13044118	273	0.1	-0.1	1.93962
13044118	274	0.1	-0.1	-1.8733
13044118	275	0.1	-0.1	-2.37992
13044118	276	0.1	-0.1	4.65779
13044118	277	0.1	-0.1	5.96908
13044118	278	0.1	-0.1	-5.01155
13044118	279	0.1	-0.1	-0.0203756
13044118	280	0.1	-0.1	3.64117
13044118	281	0.1	-0.1	-3.27211
13044118	282	0.1	-0.1	-1.58054
13044118	283	0.1	-0.1	3.1431
13044118	284	0.1	-0.1	-2.21336
13044118	285	0.1	-0.1	4.74249
13044118	286	0.1	-0.1	4.67041
13044118	287	0.1	-0.1	3.9336
13044118	288	0.1	-0.1	2.82892
13044118	289	0.1	-0.1	4.28038
13044118	290	0.1	-0.1	3.85993
13044118	291	0.1	-0.1	-2.55939
13044118	292	0.1	-0.1	-2.96748
13044118	293	0.1	-0.1	-3.91787
13044118	294	0.1	-0.1	3.57843
13044118	295	0.1	-0.1	1.84344
13044118	296	0.1	-0.1	-0.23371
13044118	297	0.1	-0.1	-0.482473
13044118	298	0.1	-0.1	-2.19481
13044118	299	0.1	-0.1	5.77101
13044118	300	0.1	-0.1	-3.15074
13044118	301	0.1	-0.1	3.49076
13044118	302	0.1	-0.1	-5.05945
13044118	303	0.1	-0.1	-0.603072
13044118	304	0.1	-0.1	1.01407
13044118	305	0.1	-0.1	5.04144
13044118	306	0.1	-0.1	-4.45973
13044118	307	0.1	-0.1	1.72553
13044118	308	0.1	-0.1	-5.47439
13044118	309	0.1	-0.1	-5.14146
13044118	310	0.1	-0.1	-0.163867
13044118	311	0.1	-0.1	2.70374
13044118	312	0.1	-0.1	0.811145
13044118	313	0.1	-0.1	-3.13661
13044118	314	0.1	-0.1	-1.79049
13044118	315	0.1	-0.1	2.4388
13044118	316	0.1	-0.1	-4.47653
13044118	317	0.1	-0.1	-5.5583
13044118	318	0.1	-0.1	4.62164
13044118	319	0.1	-0.1	2.69521
13044118	320	0.1	-0.1	-2.64748
13044118	321	0.1	-0.1	2.56945
13044118	322	0.1	-0.1	-5.98656
13044118	323	0.1	-0.1	-5.74675
13044118	324	0.1	-0.1	5.72215
13044118	325	0.1	-0.1	-1.40627
13044118	326	0.1	-0.1	-0.197637
13044118	327	0.1	-0.1	-1.05782
13044118	328	0.1	-0.1	3.21858
13044118	329	0.1	-0.1	-3.71182
13044118	330	0.1	-0.1	-2.25286
13044118	331	0.1	-0.1	2.89057
13044118	332	0.1	-0.1	-2.06238
13044118	333	0.1	-0.1	-1.14713
13044118	334	0.1	-0.1	1.26527
13044118	335	0.1	-0.1	3.84795
13044118	336	0.1	-0.1	-2.22634
13044118	337	0.1	-0.1	5.18121
13044118	338	0.1	-0.1	2.67601
13044118	339	0.1	-0.1	2.52561
13044118	340	0.1	-0.1	3.98419
13044118	341	0.1	-0.1	0.998871
13044118	342	0.1	-0.1	2.41385
13044118	343	0.1	-0.1	-3.46631
13044118	344	0.1	-0.1	-0.375053
13044118	345	0.1	-0.1	-5.6932
13044118	346	0.1	-0.1	5.49448
13044118	347	0.1	-0.1	2.50016
13044118	348	0.1	-0.1	5.69287
13044118	349	0.1	-0.1	4.15932
13044118	350	0.1	-0.1	-2.50016
13044118	351	0.1	-0.1	4.18787
13044118	352	0.1	-0.1	3.94619
13044118	353	0.1	-0.1	-5.27649
13044118	354	0.1	-0.1	-5.76231
13044118	355	0.1	-0.1	4.83223
13044118	356	0.1	-0.1	1.24098
13044118	357	0.1	-0.1	-3.28433
13044118	358	0.1	-0.1	0.384176
13044118	359	0.1	-0.1	4.41719
13044118	360	0.1	-0.1	2.53443
13044118	361	0.1	-0.1	-5.57529
13044118	362	0.1	-0.1	-1.10152
13044118	363	0.1	-0.1	5.5103
13044118	364	0.1	-0.1	-3.13777
13044118	365	0.1	-0.1	-3.3354
13044118	366	0.1	-0.1	2.68342
13044118	367	0.1	-0.1	0.578827
13044118	368	0.1	-0.1	0.48333
13044118	369	0.1	-0.1	-2.96916
13044118	370	0.1	-0.1	-5.50182
13044118	371	0.1	-0.1	4.7752
13044118	372	0.1	-0.1	5.81478
13044118	373	0.1	-0.1	-3.32189
13044118	374	0.1	-0.1	-0.606411
13044118	375	0.1	-0.1	-0.774584
13044118	376	0.1	-0.1	-5.85789
13044118	377	0.1	-0.1	-0.443136
13044118	378	0.1	-0.1	-3.92151
13044118	379	0.1	-0.1	-5.91954
13044118	380	0.1	-0.1	2.74872
13044118	381	0.1	-0.1	-5.01098
13044118	382	0.1	-0.1	5.27245
13044118	383	0.1	-0.1	2.60102
13044118	384	0.1	-0.1	-1.93764
13044118	385	0.1	-0.1	5.49266
13044118	386	0.1	-0.1	5.04318
13044118	387	0.1	-0.1	-5.14701
13044118	388	0.1	-0.1	1.5734
13044118	389	0.1	-0.1	2.16993
13044118	390	0.1	-0.1	0.00510679
13044118	391	0.1	-0.1	-5.19998
13044118	392	0.1	-0.1	-4.44884
13044118	393	0.1	-0.1	0.681378
13044118	394	0.1	-0.1	-2.68447
13044118	395	0.1	-0.1	-5.09074
13044118	396	0.1	-0.1	0.0759941
13044118	397	0.1	-0.1	3.49366
13044118	398	0.1	-0.1	-3.56141
13044118	399	0.1	-0.1	-4.62729
13044118	400	0.1	-0.1	0.917665
13044118	401	0.1	-0.1	5.02211
13044118	402	0.1	-0.1	2.81281
13044118	403	0.1	-0.1	-5.9898
13044118	404	0.1	-0.1	-5.34099
13044118	405	0.1	-0.1	1.67839
13044118	406	0.1	-0.1	-5.4034
13044118	407	0.1	-0.1	4.17405
13044118	408	0.1	-0.1	-5.06031
13044118	409	0.1	-0.1	-2.17462
13044118	410	0.1	-0.1	3.82477
13044118	411	0.1	-0.1	-3.58082
13044118	412	0.1	-0.1	3.07659
13044118	413	0.1	-0.1	0.0530795
13044118	414	0.1	-0.1	1.18372
13044118	415	0.1	-0.1	2.25332
13044118	416	0.1	-0.1	-4.99348
13044118	417	0.1	-0.1	1.33951
13044118	418	0.1	-0.1	-0.109432
13044118	419	0.1	-0.1	-5.23164
13044118	420	0.1	-0.1	4.52834
13044118	421	0.1	-0.1	2.1749
13044118	422	0.1	-0.1	-5.36537
13044118	423	0.1	-0.1	3.47567
13044118	424	0.1	-0.1	-3.01394
13044118	425	0.1	-0.1	3.80621
13044118	426	0.1	-0.1	1.31983
13044118	427	0.1	-0.1	-2.81058
13044118	428	0.1	-0.1	-1.70267
13044118	429	0.1	-0.1	3.43588
13044118	430	0.1	-0.1	-0.883142
13044118	431	0.1	-0.1	-4.97644
13044118	432	0.1	-0.1	0.780425
13044118	433	0.1	-0.1	-1.07979
13044118	434	0.1	-0.1	0.555792
13044118	435	0.1	-0.1	5.2537
13044118	436	0.1	-0.1	1.59719
13044118	437	0.1	-0.1	0.0858063
13044118	438	0.1	-0.1	5.75646
13044118	439	0.1	-0.1	2.64623
13044118	440	0.1	-0.1	-0.374614
13044118	441	0.1	-0.1	2.03011
13044118	442	0.1	-0.1	-5.88414
13044118	443	0.1	-0.1	4.75846
13044118	444	0.1	-0.1	0.895539
13044118	445	0.1	-0.1	5.80597
13044118	446	0.1	-0.1	-0.527527
13044118	447	0.1	-0.1	-1.22806
13044118	448	0.1	-0.1	-4.74215
13044118	449	0.1	-0.1	-0.754526
13044118	450	0.1	-0.1	2.96547
13044118	451	0.1	-0.1	1.31391
13044118	452	0.1	-0.1	2.40672
13044118	453	0.1	-0.1	-1.9308
13044118	454	0.1	-0.1	2.63062
13044118	455	0.1	-0.1	-1.16221
13044118	456	0.1	-0.1	3.57808
13044118	457	0.1	-0.1	-5.94976
13044118	458	0.1	-0.1	4.34408
13044118	459	0.1	-0.1	4.5748
13044118	460	0.1	-0.1	-2.1632
13044118	461	0.1	-0.1	-5.05208
13044118	462	0.1	-0.1	-0.726723
13044118	463	0.1	-0.1	-2.81846
13044118	464	0.1	-0.1	-3.66373
13044118	465	0.1	-0.1	1.74882
13044118	466	0.1	-0.1	0.0722426
13044118	467	0.1	-0.1	2.83169
13044118	468	0.1	-0.1	-5.81295
13044118	469	0.1	-0.1	-2.58813
13044118	470	0.1	-0.1	3.3467
13044118	471	0.1	-0.1	4.22248
13044118	472	0.1	-0.1	-5.31304
13044118	473	0.1	-0.1	3.37605
13044118	474	0.1	-0.1	-2.61245
13044118	475	0.1	-0.1	-0.422309
13044118	476	0.1	-0.1	0.48114
13044118	477	0.1	-0.1	0.56438
13044118	478	0.1	-0.1	-1.45673
13044118	479	0.1	-0.1	-0.356543
13044118	480	0.1	-0.1	-4.81522
13044118	481	0.1	-0.1	1.18337
13044118	482	0.1	-0.1	-0.296659
13044118	483	0.1	-0.1	-1.84281
13044118	484	0.1	-0.1	2.25807
13044118	485	0.1	-0.1	0.505697
13044118	486	0.1	-0.1	-3.75474
13044118	487	0.1	-0.1	-2.57683
13044118	488	0.1	-0.1	-0.491974
13044118	489	0.1	-0.1	5.62747
13044118	490	0.1	-0.1	4.87444
13044118	491	0.1	-0.1	0.269312
13044118	492	0.1	-0.1	1.88296
13044118	493	0.1	-0.1	-3.46573
13044118	494	0.1	-0.1	-1.48367
13044118	495	0.1	-0.1	-3.96441
13044118	496	0.1	-0.1	-5.80192
13044118	497	0.1	-0.1	-4.50597
13044118	498	0.1	-0.1	0.700925
13044118	499	0.1	-0.1	0.535702
13044118	500	0.1	-0.1	-1.84478
13044118	501	0.1	-0.1	-0.899391
13044118	502	0.1	-0.1	3.11752
13044118	503	0.1	-0.1	-3.6416
13044118	504	0.1	-0.1	-5.0276
13044118	505	0.1	-0.1	-3.79611
13044118	506	0.1	-0.1	2.85999
13044118	507	0.1	-0.1	3.37117
13044118	508	0.1	-0.1	4.12357
13044118	509	0.1	-0.1	3.10489
13044118	510	0.1	-0.1	-5.23375
13044118	511	0.1	-0.1	4.95294
13044118	512	0.1	-0.1	5.34262
13044118	513	0.1	-0.1	-4.30162
13044118	514	0.1	-0.1	-4.21167
13044118	515	0.1	-0.1	-0.307461
13044118	516	0.1	-0.1	-4.62422
13044118	517	0.1	-0.1	4.55396
13044118	518	0.1	-0.1	2.66982
13044118	519	0.1	-0.1	4.94906
13044118	520	0.1	-0.1	-4.74026
13044118	521	0.1	-0.1	-0.524496
13044118	522	0.1	-0.1	-4.92841
13044118	523	0.1	-0.1	0.336178
13044118	524	0.1	-0.1	5.42819
13044118	525	0.1	-0.1	4.92212
13044118	526	0.1	-0.1	-5.82175
13044118	527	0.1	-0.1	4.53031
13044118	528	0.1	-0.1	-0.406742
13044118	529	0.1	-0.1	-1.91766
13044118	530	0.1	-0.1	-0.16397
13044118	531	0.1	-0.1	-1.28997
13044118	532	0.1	-0.1	-4.69487
13044118	533	0.1	-0.1	-0.365912
13044118	534	0.1	-0.1	-2.92281
13044118	535	0.1	-0.1	-3.34876
13044118	536	0.1	-0.1	-5.7614
13044118	537	0.1	-0.1	4.65702
13044118	538	0.1	-0.1	-3.37173
13044118	539	0.1	-0.1	1.22864
13044118	540	0.1	-0.1	2.90403
13044118	541	0.1	-0.1	0.35327
13044118	542	0.1	-0.1	-3.01092
13044118	543	0.1	-0.1	3.2396
13044118	544	0.1	-0.1	5.07393
13044118	545	0.1	-0.1	-4.45328
13044118	546	0.1	-0.1	4.17572
13044118	547	0.1	-0.1	-2.83668
13044118	548	0.1	-0.1	-4.95676
13044118	549	0.1	-0.1	0.230222
13044118	550	0.1	-0.1	-3.02523
13044118	551	0.1	-0.1	-5.71542
13044118	552	0.1	-0.1	-2.30926
13044118	553	0.1	-0.1	-5.62208
13044118	554	0.1	-0.1	2.95678
13044118	555	0.1	-0.1	0.0560527
13044118	556	0.1	-0.1	4.99662
13044118	557	0.1	-0.1	-3.15304
13044118	558	0.1	-0.1	5.33722
13044118	559	0.1	-0.1	4.14208
13044118	560	0.1	-0.1	1.59084
13044118	561	0.1	-0.1	2.62346
13044118	562	0.1	-0.1	-4.81701
13044118	563	0.1	-0.1	-0.0462811
13044118	564	0.1	-0.1	5.58023
13044118	565	0.1	-0.1	-2.47343
13044118	566	0.1	-0.1	-3.69663
13044118	567	0.1	-0.1	0.790917
13044118	568	0.1	-0.1	3.01741
13044118	569	0.1	-0.1	2.6139
13044118	570	0.1	-0.1	1.14068
13044118	571	0.1	-0.1	2.06248
13044118	572	0.1	-0.1	-2.71743
13044118	573	0.1	-0.1	-2.44603
13044118	574	0.1	-0.1	5.10885
13044118	575	0.1	-0.1	2.58978
13044118	576	0.1	-0.1	0.395868
13044118	577	0.1	-0.1	-5.29044
13044118	578	0.1	-0.1	3.79235
13044118	579	0.1	-0.1	4.24922
13044118	580	0.1	-0.1	4.80264
13044118	581	0.1	-0.1	0.605702
13044118	582	0.1	-0.1	1.79652
13044118	583	0.1	-0.1	1.43447
13044118	584	0.1	-0.1	-3.12496
13044118	585	0.1	-0.1	2.36934
13044118	586	0.1	-0.1	5.70518
13044118	587	0.1	-0.1	0.480656
13044118	588	0.1	-0.1	5.37434
13044118	589	0.1	-0.1	-0.591389
13044118	590	0.1	-0.1	1.00064
13044118	591	0.1	-0.1	1.09461
13044118	592	0.1	-0.1	0.391974
13044118	593	0.1	-0.1	-2.85951
13044118	594	0.1	-0.1	1.06501
13044118	595	0.1	-0.1	0.00273224
13044118	596	0.1	-0.1	-5.95921
13044118	597	0.1	-0.1	0.12816
13044118	598	0.1	-0.1	3.80712
13044118	599	0.1	-0.1	5.69486
13044118	600	0.1	-0.1	1.54903
13044118	601	0.1	-0.1	-1.07722
13044118	602	0.1	-0.1	1.34857
13044118	603	0.1	-0.1	-3.42741
13044118	604	0.1	-0.1	4.8668
13044118	605	0.1	-0.1	-3.87975
13044118	606	0.1	-0.1	-3.71056
13044118	607	0.1	-0.1	3.23231
13044118	608	0.1	-0.1	0.168881
13044118	609	0.1	-0.1	0.829223
13044118	610	0.1	-0.1	-0.694526
13044118	611	0.1	-0.1	5.37536
13044118	612	0.1	-0.1	-4.47719
13044118	613	0.1	-0.1	3.56911
13044118	614	0.1	-0.1	3.44389
13044118	615	0.1	-0.1	-0.819799
13044118	616	0.1	-0.1	-4.36061
13044118	617	0.1	-0.1	-1.0887
13044118	618	0.1	-0.1	-5.92668
13044118	619	0.1	-0.1	3.70263
13044118	620	0.1	-0.1	-4.80337
13044118	621	0.1	-0.1	1.67292
13044118	622	0.1	-0.1	0.405826
13044118	623	0.1	-0.1	-3.24393
13044118	624	0.1	-0.1	0.957714
13044118	625	0.1	-0.1	-1.75838
13044118	626	0.1	-0.1	5.68192
13044118	627	0.1	-0.1	-4.08391
13044118	628	0.1	-0.1	0.4379
13044118	629	0.1	-0.1	0.619301
13044118	630	0.1	-0.1	-0.524154
13044118	631	0.1	-0.1	4.80845
13044118	632	0.1	-0.1	-1.43859
13044118	633	0.1	-0.1	3.17988
13044118	634	0.1	-0.1	-2.20327
13044118	635	0.1	-0.1	-2.8519
13044118	636	0.1	-0.1	2.32164
13044118	637	0.1	-0.1	4.64872
13044118	638	0.1	-0.1	5.25951
13044118	639	0.1	-0.1	-5.1655
13044118	640	0.1	-0.1	0.372754
13044118	641	0.1	-0.1	3.442
13044118	642	0.1	-0.1	4.46704
13044118	643	0.1	-0.1	-3.04635
13044118	644	0.1	-0.1	4.62789
13044118	645	0.1	-0.1	-1.15354
13044118	646	0.1	-0.1	-2.67628
13044118	647	0.1	-0.1	4.09411
13044118	648	0.1	-0.1	3.91316
13044118	649	0.1	-0.1	-0.644503
13044118	650	0.1	-0.1	-1.89325
13044118	651	0.1	-0.1	0.619376
13044118	652	0.1	-0.1	-1.8588
13044118	653	0.1	-0.1	5.80722
13044118	654	0.1	-0.1	-5.38049
13044118	655	0.1	-0.1	1.24665
13044118	656	0.1	-0.1	-3.28406
13044118	657	0.1	-0.1	2.96532
13044118	658	0.1	-0.1	-2.70479
13044118	659	0.1	-0.1	1.40346
13044118	660	0.1	-0.1	2.88423
13044118	661	0.1	-0.1	1.1045
13044118	662	0.1	-0.1	3.12707
13044118	663	0.1	-0.1	4.69834
13044118	664	0.1	-0.1	-5.90579
13044118	665	0.1	-0.1	-0.944046
13044118	666	0.1	-0.1	-5.44027
13044118	667	0.1	-0.1	0.235053
13044118	668	0.1	-0.1	2.06235
13044118	669	0.1	-0.1	5.29368
13044118	670	0.1	-0.1	-3.79271
13044118	671	0.1	-0.1	2.91808
13044118	672	0.1	-0.1	2.38113
13044118	673	0.1	-0.1	1.81375
13044118	674	0.1	-0.1	3.3789
13044118	675	0.1	-0.1	-1.68096
13044118	676	0.1	-0.1	-2.0528
13044118	677	0.1	-0.1	1.37051
13044118	678	0.1	-0.1	4.86767
13044118	679	0.1	-0.1	5.72275
13044118	680	0.1	-0.1	-2.76644
13044118	681	0.1	-0.1	-3.4985
13044118	682	0.1	-0.1	-3.96194
13044118	683	0.1	-0.1	1.95855
13044118	684	0.1	-0.1	-1.99403
13044118	685	0.1	-0.1	1.17334
13044118	686	0.1	-0.1	-2.98272
13044118	687	0.1	-0.1	-0.0954109
13044118	688	0.1	-0.1	-0.383069
13044118	689	0.1	-0.1	-1.57132
13044118	690	0.1	-0.1	2.23255
13044118	691	0.1	-0.1	-5.8646
13044118	692	0.1	-0.1	0.995431
13044118	693	0.1	-0.1	-3.70973
13044118	694	0.1	-0.1	2.49056
13044118	695	0.1	-0.1	3.21478
13044118	696	0.1	-0.1	-0.499084
13044118	697	0.1	-0.1	4.68342
13044118	698	0.1	-0.1	5.49031
13044118	699	0.1	-0.1	-2.18084
13044118	700	0.1	-0.1	-4.24018
13044118	701	0.1	-0.1	5.40466
13044118	702	0.1	-0.1	3.20422
13044118	703	0.1	-0.1	-1.94154
13044118	704	0.1	-0.1	5.82726
13044118	705	0.1	-0.1	2.53189
13044118	706	0.1	-0.1	-5.59653
13044118	707	0.1	-0.1	-1.89119
13044118	708	0.1	-0.1	-1.91732
13044118	709	0.1	-0.1	-2.34442
13044118	710	0.1	-0.1	-5.38137
13044118	711	0.1	-0.1	-4.62403
13044118	712	0.1	-0.1	4.3273
13044118	713	0.1	-0.1	-5.9473
13044118	714	0.1	-0.1	1.61834
13044118	715	0.1	-0.1	-2.90843
13044118	716	0.1	-0.1	1.03416
13044118	717	0.1	-0.1	1.45357
13044118	718	0.1	-0.1	-3.65139
13044118	719	0.1	-0.1	-3.28591
13044118	720	0.1	-0.1	1.12705
13044118	721	0.1	-0.1	-2.02474
13044118	722	0.1	-0.1	-4.98658
13044118	723	0.1	-0.1	5.58135
13044118	724	0.1	-0.1	0.00683128
13044118	725	0.1	-0.1	-4.33351
13044118	726	0.1	-0.1	-4.98344
13044118	727	0.1	-0.1	3.7805
13044118	728	0.1	-0.1	5.20309
13044118	729	0.1	-0.1	-1.48867
13044118	730	0.1	-0.1	-5.61928
13044118	731	0.1	-0.1	5.69821
13044118	732	0.1	-0.1	0.620516
13044118	733	0.1	-0.1	0.989031
13044118	734	0.1	-0.1	3.74425
13044118	735	0.1	-0.1	-2.36955
13044118	736	0.1	-0.1	3.13404
13044118	737	0.1	-0.1	-4.14697
13044118	738	0.1	-0.1	-5.71571
13044118	739	0.1	-0.1	3.2157
13044118	740	0.1	-0.1	-4.22287
13044118	741	0.1	-0.1	-1.65014
13044118	742	0.1	-0.1	3.4651
13044118	743	0.1	-0.1	-4.79385
13044118	744	0.1	-0.1	-2.82196
13044118	745	0.1	-0.1	-4.69814
13044118	746	0.1	-0.1	3.6437
13044118	747	0.1	-0.1	4.93992
13044118	748	0.1	-0.1	1.57098
13044118	749	0.1	-0.1	5.00175
13044118	750	0.1	-0.1	-3.55654
13044118	751	0.1	-0.1	0.57997
13044118	752	0.1	-0.1	-5.7312
13044118	753	0.1	-0.1	2.15429
13044118	754	0.1	-0.1	2.56794
13044118	755	0.1	-0.1	-2.60531
13044118	756	0.1	-0.1	4.18223
13044118	757	0.1	-0.1	-5.29224
13044118	758	0.1	-0.1	0.645793
13044118	759	0.1	-0.1	-1.52536
13044118	760	0.1	-0.1	5.38016
13044118	761	0.1	-0.1	-4.65107
13044118	762	0.1	-0.1	-5.59778
13044118	763	0.1	-0.1	-1.16792
13044118	764	0.1	-0.1	-3.1832
13044118	765	0.1	-0.1	-5.09845
13044118	766	0.1	-0.1	0.130394
13044118	767	0.1	-0.1	2.57216
13044118	768	0.1	-0.1	-5.68549
13044118	769	0.1	-0.1	2.84891
13044118	770	0.1	-0.1	1.41159
13044118	771	0.1	-0.1	5.91394
13044118	772	0.1	-0.1	2.32746
13044118	773	0.1	-0.1	-3.66519
13044118	774	0.1	-0.1	1.89724
13044118	775	0.1	-0.1	-3.63918
13044118	776	0.1	-0.1	4.83501
13044118	777	0.1	-0.1	0.816151
13044118	778	0.1	-0.1	-2.9293
13044118	779	0.1	-0.1	3.00345
13044118	780	0.1	-0.1	2.36213
13044118	781	0.1	-0.1	-1.01161
13044118	782	0.1	-0.1	-3.25898
13044118	783	0.1	-0.1	0.723337
13044118	784	0.1	-0.1	-1.7221
13044118	785	0.1	-0.1	5.39508
13044118	786	0.1	-0.1	5.72318
13044118	787	0.1	-0.1	-2.118
13044118	788	0.1	-0.1	4.36834
13044118	789	0.1	-0.1	-0.660256
13044118	790	0.1	-0.1	1.36629
13044118	791	0.1	-0.1	5.28643
13044118	792	0.1	-0.1	4.62062
13044118	793	0.1	-0.1	2.67715
13044118	794	0.1	-0.1	1.13403
13044118	795	0.1	-0.1	2.35052
13044118	796	0.1	-0.1	1.88738
13044118	797	0.1	-0.1	-3.67106
13044118	798	0.1	-0.1	-0.335837
13044118	799	0.1	-0.1	-5.49062
13044118	800	0.1	-0.1	2.07618
13044118	801	0.1	-0.1	2.0568
13044118	802	0.1	-0.1	-3.78244
13044118	803	0.1	-0.1	5.37164
13044118	804	0.1	-0.1	-5.59643
13044118	805	0.1	-0.1	5.59826
13044118	806	0.1	-0.1	-4.80105
13044118	807	0.1	-0.1	3.28953
13044118	808	0.1	-0.1	3.93188
13044118	809	0.1	-0.1	4.88091
13044118	810	0.1	-0.1	0.0375196
13044118	811	0.1	-0.1	3.43201
13044118	812	0.1	-0.1	-4.93649
13044118	813	0.1	-0.1	5.67191
13044118	814	0.1	-0.1	0.360417
13044118	815	0.1	-0.1	-4.03128
13044118	816	0.1	-0.1	-5.75337
13044118	817	0.1	-0.1	2.68565
13044118	818	0.1	-0.1	-3.69184
13044118	819	0.1	-0.1	-1.17053
13044118	820	0.1	-0.1	-5.47092
13044118	821	0.1	-0.1	4.83475
13044118	822	0.1	-0.1	-1.85923
13044118	823	0.1	-0.1	1.90091
13044118	824	0.1	-0.1	5.36189
13044118	825	0.1	-0.1	1.01585
13044118	826	0.1	-0.1	-5.21373
13044118	827	0.1	-0.1	4.18084
13044118	828	0.1	-0.1	4.61565
13044118	829	0.1	-0.1	2.1134
13044118	830	0.1	-0.1	1.91063
13044118	831	0.1	-0.1	-4.19011
13044118	832	0.1	-0.1	-5.06005
13044118	833	0.1	-0.1	2.97779
13044118	834	0.1	-0.1	-3.29458
13044118	835	0.1	-0.1	-0.599375
13044118	836	0.1	-0.1	-4.20933
13044118	837	0.1	-0.1	3.87476
13044118	838	0.1	-0.1	5.55564
13044118	839	0.1	-0.1	5.43238
13044118	840	0.1	-0.1	5.56994
13044118	841	0.1	-0.1	5.99786
13044118	842	0.1	-0.1	1.35364
13044118	843	0.1	-0.1	-4.5712
13044118	844	0.1	-0.1	-3.07629
13044118	845	0.1	-0.1	3.93237
13044118	846	0.1	-0.1	0.00582097
13044118	847	0.1	-0.1	-0.0618603
13044118	848	0.1	-0.1	5.83669
13044118	849	0.1	-0.1	-0.0195273
13044118	850	0.1	-0.1	4.1633
13044118	851	0.1	-0.1	5.31984
13044118	852	0.1	-0.1	3.07248
13044118	853	0.1	-0.1	1.90764
13044118	854	0.1	-0.1	-4.80315
13044118	855	0.1	-0.1	-0.654546
13044118	856	0.1	-0.1	-1.30128
13044118	857	0.1	-0.1	5.58209
13044118	858	0.1	-0.1	5.85914
13044118	859	0.1	-0.1	-0.813522
13044118	860	0.1	-0.1	2.98701
13044118	861	0.1	-0.1	-3.18899
13044118	862	0.1	-0.1	-4.27281
13044118	863	0.1	-0.1	4.57197
13044118	864	0.1	-0.1	2.30011
13044118	865	0.1	-0.1	-0.727152
13044118	866	0.1	-0.1	-5.74929
13044118	867	0.1	-0.1	-0.189627
13044118	868	0.1	-0.1	4.75707
13044118	869	0.1	-0.1	-5.4901
13044118	870	0.1	-0.1	2.51432
13044118	871	0.1	-0.1	2.92653
13044118	872	0.1	-0.1	-2.19466
13044118	873	0.1	-0.1	5.81965
13044118	874	0.1	-0.1	-4.89456
13044118	875	0.1	-0.1	5.56269
13044118	876	0.1	-0.1	0.390574
13044118	877	0.1	-0.1	-3.90492
13044118	878	0.1	-0.1	4.77077
13044118	879	0.1	-0.1	-2.65877
13044118	880	0.1	-0.1	-3.49287
13044118	881	0.1	-0.1	-1.50703
13044118	882	0.1	-0.1	-3.6034
13044118	883	0.1	-0.1	-5.94319
13044118	884	0.1	-0.1	-1.98554
13044118	885	0.1	-0.1	-3.70008
13044118	886	0.1	-0.1	-0.235175
13044118	887	0.1	-0.1	-5.66386
13044118	888	0.1	-0.1	3.99429
13044118	889	0.1	-0.1	1.63229
13044118	890	0.1	-0.1	4.80321
13044118	891	0.1	-0.1	-5.20334
13044118	892	0.1	-0.1	3.29889
13044118	893	0.1	-0.1	-4.47789
13044118	894	0.1	-0.1	-3.99524
13044118	895	0.1	-0.1	-5.32348
13044118	896	0.1	-0.1	3.47492
13044118	897	0.1	-0.1	-5.47314
13044118	898	0.1	-0.1	-3.83188
13044118	899	0.1	-0.1	0.365165
13044118	900	0.1	-0.1	5.03887
13044118	901	0.1	-0.1	0.196187
13044118	902	0.1	-0.1	0.598131
13044118	903	0.1	-0.1	1.84323
13044118	904	0.1	-0.1	-5.02758
13044118	905	0.1	-0.1	5.98695
13044118	906	0.1	-0.1	1.84955
13044118	907	0.1	-0.1	4.11379
13044118	908	0.1	-0.1	0.110811
13044118	909	0.1	-0.1	3.9828
13044118	910	0.1	-0.1	5.89788
13044118	911	0.1	-0.1	-1.41157
13044118	912	0.1	-0.1	5.85799
13044118	913	0.1	-0.1	-5.32049
13044118	914	0.1	-0.1	3.00446
13044118	915	0.1	-0.1	-1.47676
13044118	916	0.1	-0.1	2.36967
13044118	917	0.1	-0.1	-3.82188
13044118	918	0.1	-0.1	2.51016
13044118	919	0.1	-0.1	1.45949
13044118	920	0.1	-0.1	5.23439
13044118	921	0.1	-0.1	2.01996
13044118	922	0.1	-0.1	-4.70587
13044118	923	0.1	-0.1	-5.04959
13044118	924	0.1	-0.1	-2.14668
13044118	925	0.1	-0.1	2.03416
13044118	926	0.1	-0.1	4.87464
13044118	927	0.1	-0.1	5.17757
13044118	928	0.1	-0.1	-4.28417
13044118	929	0.1	-0.1	-2.12847
13044118	930	0.1	-0.1	4.91174
13044118	931	0.1	-0.1	3.27961
13044118	932	0.1	-0.1	5.425
13044118	933	0.1	-0.1	5.28697
13044118	934	0.1	-0.1	-3.50879
13044118	935	0.1	-0.1	5.41649
13044118	936	0.1	-0.1	-1.57297
13044118	937	0.1	-0.1	0.432966
13044118	938	0.1	-0.1	-1.10508
13044118	939	0.1	-0.1	-0.730311
13044118	940	0.1	-0.1	-2.67125
13044118	941	0.1	-0.1	-5.52487
13044118	942	0.1	-0.1	-2.92077
13044118	943	0.1	-0.1	-4.62933
13044118	944	0.1	-0.1	3.98587
13044118	945	0.1	-0.1	5.698
13044118	946	0.1	-0.1	-3.0487
13044118	947	0.1	-0.1	4.16128
13044118	948	0.1	-0.1	4.56616
13044118	949	0.1	-0.1	-4.77674
13044118	950	0.1	-0.1	-4.71607
13044118	951	0.1	-0.1	-4.6659
13044118	952	0.1	-0.1	-0.86274
13044118	953	0.1	-0.1	-2.39719
13044118	954	0.1	-0.1	3.58643
13044118	955	0.1	-0.1	1.40616
13044118	956	0.1	-0.1	-4.95037
13044118	957	0.1	-0.1	-2.60493
13044118	958	0.1	-0.1	-4.68857
13044118	959	0.1	-0.1	1.55337
13044118	960	0.1	-0.1	2.56362
13044118	961	0.1	-0.1	-1.57466
13044118	962	0.1	-0.1	4.40681
13044118	963	0.1	-0.1	-3.96926
13044118	964	0.1	-0.1	2.95007
13044118	965	0.1	-0.1	5.67172
13044118	966	0.1	-0.1	-3.86988
13044118	967	0.1	-0.1	2.0668
13044118	968	0.1	-0.1	-5.06885
13044118	969	0.1	-0.1	-1.37718
13044118	970	0.1	-0.1	5.50506
13044118	971	0.1	-0.1	3.93575
13044118	972	0.1	-0.1	1.06852
13044118	973	0.1	-0.1	3.24871
13044118	974	0.1	-0.1	-3.98085
13044118	975	0.1	-0.1	3.11629
13044118	976	0.1	-0.1	3.21548
13044118	977	0.1	-0.1	5.33573
13044118	978	0.1	-0.1	-0.884882
13044118	979	0.1	-0.1	1.88404
13044118	980	0.1	-0.1	2.87629
13044118	981	0.1	-0.1	-0.901433
13044118	982	0.1	-0.1	4.77105
13044118	983	0.1	-0.1	-5.29262
13044118	984	0.1	-0.1	5.49747
13044118	985	0.1	-0.1	1.35233
13044118	986	0.1	-0.1	0.934043
13044118	987	0.1	-0.1	-2.42453
13044118	988	0.1	-0.1	3.05663
13044118	989	0.1	-0.1	4.73373
13044118	990	0.1	-0.1	-2.34022
13044118	991	0.1	-0.1	-0.0167564
13044118	992	0.1	-0.1	5.13721
13044118	993	0.1	-0.1	-0.724538
13044118	994	0.1	-0.1	2.79885
13044118	995	0.1	-0.1	-3.67902
13044118	996	0.1	-0.1	-5.25666
13044118	997	0.1	-0.1	-0.485193
13044118	998	0.1	-0.1	0.597843
13044118	999	0.1	-0.1	5.50657
13044118	1000	0.1	-0.1	-2.43714
