13042026	1	0.1	-0.1	-4.21295
13042026	2	0.1	-0.1	4.23563
13042026	3	0.1	-0.1	-2.70849
13042026	4	0.1	-0.1	4.20382
13042026	5	0.1	-0.1	2.11998
13042026	6	0.1	-0.1	-5.04974
13042026	7	0.1	-0.1	2.78248
13042026	8	0.1	-0.1	2.38083
13042026	9	0.1	-0.1	2.27804
13042026	10	0.1	-0.1	-1.67217
13042026	11	0.1	-0.1	4.73116
13042026	12	0.1	-0.1	-1.15365
13042026	13	0.1	-0.1	1.02907
13042026	14	0.1	-0.1	2.0135
13042026	15	0.1	-0.1	-0.693889
13042026	16	0.1	-0.1	0.866694
13042026	17	0.1	-0.1	5.70941
13042026	18	0.1	-0.1	-1.95269
13042026	19	0.1	-0.1	3.90148
13042026	20	0.1	-0.1	-4.41602
13042026	21	0.1	-0.1	-0.315242
13042026	22	0.1	-0.1	0.8644
13042026	23	0.1	-0.1	5.26802
13042026	24	0.1	-0.1	2.35811
13042026	25	0.1	-0.1	0.089384
13042026	26	0.1	-0.1	0.0838042
13042026	27	0.1	-0.1	-4.2368
13042026	28	0.1	-0.1	1.44329
13042026	29	0.1	-0.1	-5.63539
13042026	30	0.1	-0.1	0.638419
13042026	31	0.1	-0.1	2.08584
13042026	32	0.1	-0.1	3.57004
13042026	33	0.1	-0.1	0.677582
13042026	34	0.1	-0.1	-1.58403
13042026	35	0.1	-0.1	3.83716
13042026	36	0.1	-0.1	-0.63179
13042026	37	0.1	-0.1	5.54091
13042026	38	0.1	-0.1	0.68138
13042026	39	0.1	-0.1	-4.86329
13042026	40	0.1	-0.1	-2.67249
13042026	41	0.1	-0.1	-5.57963
13042026	42	0.1	-0.1	0.749329
13042026	43	0.1	-0.1	1.09062
13042026	44	0.1	-0.1	-5.12522
13042026	45	0.1	-0.1	1.9389
13042026	46	0.1	-0.1	3.40555
13042026	47	0.1	-0.1	-0.539743
13042026	48	0.1	-0.1	0.651055
13042026	49	0.1	-0.1	3.62836
13042026	50	0.1	-0.1	2.6906
13042026	51	0.1	-0.1	-3.23863
13042026	52	0.1	-0.1	-0.7254
13042026	53	0.1	-0.1	-0.812869
13042026	54	0.1	-0.1	2.0031
13042026	55	0.1	-0.1	4.12967
13042026	56	0.1	-0.1	2.02756
13042026	57	0.1	-0.1	5.15423
13042026	58	0.1	-0.1	-0.121397
13042026	59	0.1	-0.1	-1.29033
13042026	60	0.1	-0.1	4.84611
13042026	61	0.1	-0.1	-0.250272
13042026	62	0.1	-0.1	0.973634
13042026	63	0.1	-0.1	0.877523
13042026	64	0.1	-0.1	0.870213
13042026	65	0.1	-0.1	4.05822
13042026	66	0.1	-0.1	-4.1177
13042026	67	0.1	-0.1	-4.39765
13042026	68	0.1	-0.1	-4.37847
13042026	69	0.1	-0.1	-2.93087
13042026	70	0.1	-0.1	1.46633
13042026	71	0.1	-0.1	3.07641
13042026	72	0.1	-0.1	2.36877
13042026	73	0.1	-0.1	-1.92098
13042026	74	0.1	-0.1	-0.368727
13042026	75	0.1	-0.1	-0.625893
13042026	76	0.1	-0.1	0.527583
13042026	77	0.1	-0.1	-5.76708
13042026	78	0.1	-0.1	-3.0773
13042026	79	0.1	-0.1	-1.75652
13042026	80	0.1	-0.1	0.0473253
13042026	81	0.1	-0.1	1.95826
13042026	82	0.1	-0.1	-2.54166
13042026	83	0.1	-0.1	-0.00825716
13042026	84	0.1	-0.1	-4.28363
13042026	85	0.1	-0.1	3.33505
13042026	86	0.1	-0.1	-3.94929
13042026	87	0.1	-0.1	-0.864778
13042026	88	0.1	-0.1	4.16865
13042026	89	0.1	-0.1	-2.0972
13042026	90	0.1	-0.1	-3.63821
13042026	91	0.1	-0.1	-2.51838
13042026	92	0.1	-0.1	-2.28136
13042026	93	0.1	-0.1	3.13245
13042026	94	0.1	-0.1	3.39138
13042026	95	0.1	-0.1	1.05867
13042026	96	0.1	-0.1	2.61174
13042026	97	0.1	-0.1	-4.89942
13042026	98	0.1	-0.1	-3.81925
13042026	99	0.1	-0.1	1.20649
13042026	100	0.1	-0.1	2.84271
13042026	101	0.1	-0.1	2.29691
13042026	102	0.1	-0.1	-2.38231
13042026	103	0.1	-0.1	-0.97667
13042026	104	0.1	-0.1	0.206747
13042026	105	0.1	-0.1	-0.640943
13042026	106	0.1	-0.1	-5.71128
13042026	107	0.1	-0.1	3.904
13042026	108	0.1	-0.1	0.161344
13042026	109	0.1	-0.1	-3.50044
13042026	110	0.1	-0.1	0.82031
13042026	111	0.1	-0.1	-1.91452
13042026	112	0.1	-0.1	3.11073
13042026	113	0.1	-0.1	4.51412
13042026	114	0.1	-0.1	-4.03729
13042026	115	0.1	-0.1	-4.14318
13042026	116	0.1	-0.1	-2.17524
13042026	117	0.1	-0.1	4.84938
13042026	118	0.1	-0.1	-1.41043
13042026	119	0.1	-0.1	5.62269
13042026	120	0.1	-0.1	2.33165
13042026	121	0.1	-0.1	-5.49271
13042026	122	0.1	-0.1	-0.296791
13042026	123	0.1	-0.1	0.449507
13042026	124	0.1	-0.1	-5.50696
13042026	125	0.1	-0.1	-3.75089
13042026	126	0.1	-0.1	5.99172
13042026	127	0.1	-0.1	-0.540993
13042026	128	0.1	-0.1	-5.19333
13042026	129	0.1	-0.1	0.497887
13042026	130	0.1	-0.1	-4.45369
13042026	131	0.1	-0.1	-5.91561
13042026	132	0.1	-0.1	4.22668
13042026	133	0.1	-0.1	-5.56111
13042026	134	0.1	-0.1	-0.675561
13042026	135	0.1	-0.1	0.401303
13042026	136	0.1	-0.1	0.102599
13042026	137	0.1	-0.1	-4.97419
13042026	138	0.1	-0.1	2.83415
13042026	139	0.1	-0.1	3.45696
13042026	140	0.1	-0.1	2.17567
13042026	141	0.1	-0.1	-3.25713
13042026	142	0.1	-0.1	0.708717
13042026	143	0.1	-0.1	0.512216
13042026	144	0.1	-0.1	2.96013
13042026	145	0.1	-0.1	-4.23428
13042026	146	0.1	-0.1	1.13566
13042026	147	0.1	-0.1	0.13246
13042026	148	0.1	-0.1	1.7204
13042026	149	0.1	-0.1	4.16736
13042026	150	0.1	-0.1	-3.49281
13042026	151	0.1	-0.1	1.8483
13042026	152	0.1	-0.1	-4.58589
13042026	153	0.1	-0.1	-5.42802
13042026	154	0.1	-0.1	-2.20614
13042026	155	0.1	-0.1	5.34187
13042026	156	0.1	-0.1	5.91059
13042026	157	0.1	-0.1	-2.53137
13042026	158	0.1	-0.1	-2.11478
13042026	159	0.1	-0.1	-5.80596
13042026	160	0.1	-0.1	-0.22417
13042026	161	0.1	-0.1	4.43395
13042026	162	0.1	-0.1	-0.213126
13042026	163	0.1	-0.1	5.85744
13042026	164	0.1	-0.1	-5.11915
13042026	165	0.1	-0.1	-2.94702
13042026	166	0.1	-0.1	-4.25477
13042026	167	0.1	-0.1	3.86064
13042026	168	0.1	-0.1	0.511599
13042026	169	0.1	-0.1	3.96978
13042026	170	0.1	-0.1	-5.89425
13042026	171	0.1	-0.1	-3.1302
13042026	172	0.1	-0.1	0.0980588
13042026	173	0.1	-0.1	-2.63055
13042026	174	0.1	-0.1	4.86914
13042026	175	0.1	-0.1	-4.32599
13042026	176	0.1	-0.1	-1.35089
13042026	177	0.1	-0.1	3.20215
13042026	178	0.1	-0.1	5.99849
13042026	179	0.1	-0.1	5.69821
13042026	180	0.1	-0.1	-5.02479
13042026	181	0.1	-0.1	4.29145
13042026	182	0.1	-0.1	-4.98206
13042026	183	0.1	-0.1	0.434736
13042026	184	0.1	-0.1	-0.933559
13042026	185	0.1	-0.1	-3.26833
13042026	186	0.1	-0.1	4.22954
13042026	187	0.1	-0.1	-3.07382
13042026	188	0.1	-0.1	-2.85034
13042026	189	0.1	-0.1	0.745637
13042026	190	0.1	-0.1	-1.1471
13042026	191	0.1	-0.1	-5.51413
13042026	192	0.1	-0.1	3.87458
13042026	193	0.1	-0.1	-4.7491
13042026	194	0.1	-0.1	2.83763
13042026	195	0.1	-0.1	0.451116
13042026	196	0.1	-0.1	-3.83338
13042026	197	0.1	-0.1	1.06524
13042026	198	0.1	-0.1	2.62885
13042026	199	0.1	-0.1	-1.98178
13042026	200	0.1	-0.1	-0.660759
13042026	201	0.1	-0.1	4.22853
13042026	202	0.1	-0.1	-1.9276
13042026	203	0.1	-0.1	-2.91448
13042026	204	0.1	-0.1	-3.71378
13042026	205	0.1	-0.1	-3.45842
13042026	206	0.1	-0.1	-3.6971
13042026	207	0.1	-0.1	-5.30893
13042026	208	0.1	-0.1	4.54582
13042026	209	0.1	-0.1	3.25263
13042026	210	0.1	-0.1	-5.01902
13042026	211	0.1	-0.1	5.82252
13042026	212	0.1	-0.1	-1.69069
13042026	213	0.1	-0.1	-3.15494
13042026	214	0.1	-0.1	-3.98527
13042026	215	0.1	-0.1	-0.661565
13042026	216	0.1	-0.1	-3.06662
13042026	217	0.1	-0.1	0.468846
13042026	218	0.1	-0.1	-4.77644
13042026	219	0.1	-0.1	-0.233551
13042026	220	0.1	-0.1	3.89539
13042026	221	0.1	-0.1	-4.55471
13042026	222	0.1	-0.1	-4.3405
13042026	223	0.1	-0.1	-1.54031
13042026	224	0.1	-0.1	3.9952
13042026	225	0.1	-0.1	3.89728
13042026	226	0.1	-0.1	3.73283
13042026	227	0.1	-0.1	-4.88701
13042026	228	0.1	-0.1	5.3258
13042026	229	0.1	-0.1	-4.10882
13042026	230	0.1	-0.1	-4.51783
13042026	231	0.1	-0.1	-0.451102
13042026	232	0.1	-0.1	4.26001
13042026	233	0.1	-0.1	-5.43732
13042026	234	0.1	-0.1	-1.29433
13042026	235	0.1	-0.1	4.932
13042026	236	0.1	-0.1	-3.1125
13042026	237	0.1	-0.1	-2.54022
13042026	238	0.1	-0.1	5.62631
13042026	239	0.1	-0.1	-0.969111
13042026	240	0.1	-0.1	0.540397
13042026	241	0.1	-0.1	-0.572347
13042026	242	0.1	-0.1	-1.2701
13042026	243	0.1	-0.1	-5.06859
13042026	244	0.1	-0.1	-3.03414
13042026	245	0.1	-0.1	-2.52827
13042026	246	0.1	-0.1	-3.10571
13042026	247	0.1	-0.1	1.16608
13042026	248	0.1	-0.1	-4.17303
13042026	249	0.1	-0.1	-2.08168
13042026	250	0.1	-0.1	3.59468
13042026	251	0.1	-0.1	3.00289
13042026	252	0.1	-0.1	4.5352
13042026	253	0.1	-0.1	2.97434
13042026	254	0.1	-0.1	-0.375191
13042026	255	0.1	-0.1	5.4621
13042026	256	0.1	-0.1	2.40355
13042026	257	0.1	-0.1	-2.4194
13042026	258	0.1	-0.1	0.302951
13042026	259	0.1	-0.1	4.76788
13042026	260	0.1	-0.1	3.81589
13042026	261	0.1	-0.1	3.4086
13042026	262	0.1	-0.1	-1.20851
13042026	263	0.1	-0.1	2.52851
13042026	264	0.1	-0.1	-3.75151
13042026	265	0.1	-0.1	5.64696
13042026	266	0.1	-0.1	1.16943
13042026	267	0.1	-0.1	3.67837
13042026	268	0.1	-0.1	4.79223
13042026	269	0.1	-0.1	-2.7648
13042026	270	0.1	-0.1	0.307504
13042026	271	0.1	-0.1	-1.03168
13042026	272	0.1	-0.1	-3.83853
13042026	273	0.1	-0.1	5.1467
13042026	274	0.1	-0.1	0.879335
13042026	275	0.1	-0.1	1.11603
13042026	276	0.1	-0.1	1.18038
13042026	277	0.1	-0.1	-2.80136
13042026	278	0.1	-0.1	-3.48763
13042026	279	0.1	-0.1	5.31633
13042026	280	0.1	-0.1	5.32632
13042026	281	0.1	-0.1	-0.83144
13042026	282	0.1	-0.1	-4.91788
13042026	283	0.1	-0.1	-4.24669
13042026	284	0.1	-0.1	2.80174
13042026	285	0.1	-0.1	3.6659
13042026	286	0.1	-0.1	3.91782
13042026	287	0.1	-0.1	2.29202
13042026	288	0.1	-0.1	-2.42078
13042026	289	0.1	-0.1	1.33514
13042026	290	0.1	-0.1	3.04982
13042026	291	0.1	-0.1	0.187622
13042026	292	0.1	-0.1	2.06905
13042026	293	0.1	-0.1	-3.5846
13042026	294	0.1	-0.1	-5.83652
13042026	295	0.1	-0.1	3.93394
13042026	296	0.1	-0.1	-1.73401
13042026	297	0.1	-0.1	0.668633
13042026	298	0.1	-0.1	4.63508
13042026	299	0.1	-0.1	-4.42899
13042026	300	0.1	-0.1	-5.84546
13042026	301	0.1	-0.1	1.27914
13042026	302	0.1	-0.1	-4.14986
13042026	303	0.1	-0.1	-0.261466
13042026	304	0.1	-0.1	1.76099
13042026	305	0.1	-0.1	-0.781992
13042026	306	0.1	-0.1	0.011707
13042026	307	0.1	-0.1	-0.12157
13042026	308	0.1	-0.1	4.62456
13042026	309	0.1	-0.1	-5.31901
13042026	310	0.1	-0.1	-5.12078
13042026	311	0.1	-0.1	0.261704
13042026	312	0.1	-0.1	-4.68843
13042026	313	0.1	-0.1	1.84244
13042026	314	0.1	-0.1	-2.0395
13042026	315	0.1	-0.1	4.60273
13042026	316	0.1	-0.1	-5.20129
13042026	317	0.1	-0.1	-4.91855
13042026	318	0.1	-0.1	1.22888
13042026	319	0.1	-0.1	4.14671
13042026	320	0.1	-0.1	2.6262
13042026	321	0.1	-0.1	0.417535
13042026	322	0.1	-0.1	3.55438
13042026	323	0.1	-0.1	2.56884
13042026	324	0.1	-0.1	0.384825
13042026	325	0.1	-0.1	-5.33516
13042026	326	0.1	-0.1	1.47591
13042026	327	0.1	-0.1	-3.26471
13042026	328	0.1	-0.1	-1.90258
13042026	329	0.1	-0.1	-2.38227
13042026	330	0.1	-0.1	1.73013
13042026	331	0.1	-0.1	3.72838
13042026	332	0.1	-0.1	-2.28988
13042026	333	0.1	-0.1	4.26577
13042026	334	0.1	-0.1	3.20107
13042026	335	0.1	-0.1	-2.1146
13042026	336	0.1	-0.1	1.75771
13042026	337	0.1	-0.1	-0.837645
13042026	338	0.1	-0.1	-1.56878
13042026	339	0.1	-0.1	3.02651
13042026	340	0.1	-0.1	4.38395
13042026	341	0.1	-0.1	4.53815
13042026	342	0.1	-0.1	3.7783
13042026	343	0.1	-0.1	3.3498
13042026	344	0.1	-0.1	4.51072
13042026	345	0.1	-0.1	-3.11853
13042026	346	0.1	-0.1	-1.49311
13042026	347	0.1	-0.1	-0.163808
13042026	348	0.1	-0.1	-0.3848
13042026	349	0.1	-0.1	-4.11098
13042026	350	0.1	-0.1	-2.63711
13042026	351	0.1	-0.1	5.53557
13042026	352	0.1	-0.1	5.41112
13042026	353	0.1	-0.1	-3.10523
13042026	354	0.1	-0.1	-0.68706
13042026	355	0.1	-0.1	-5.73695
13042026	356	0.1	-0.1	-5.14184
13042026	357	0.1	-0.1	2.35256
13042026	358	0.1	-0.1	-2.24108
13042026	359	0.1	-0.1	-3.56598
13042026	360	0.1	-0.1	1.18175
13042026	361	0.1	-0.1	-0.233139
13042026	362	0.1	-0.1	-5.58239
13042026	363	0.1	-0.1	4.64675
13042026	364	0.1	-0.1	4.2765
13042026	365	0.1	-0.1	-2.43081
13042026	366	0.1	-0.1	2.76182
13042026	367	0.1	-0.1	-0.988438
13042026	368	0.1	-0.1	2.33673
13042026	369	0.1	-0.1	1.46025
13042026	370	0.1	-0.1	-3.98388
13042026	371	0.1	-0.1	-5.12963
13042026	372	0.1	-0.1	5.23187
13042026	373	0.1	-0.1	-0.34127
13042026	374	0.1	-0.1	-0.522776
13042026	375	0.1	-0.1	0.171832
13042026	376	0.1	-0.1	-2.80952
13042026	377	0.1	-0.1	-5.83431
13042026	378	0.1	-0.1	4.95066
13042026	379	0.1	-0.1	-2.75622
13042026	380	0.1	-0.1	5.87776
13042026	381	0.1	-0.1	-5.8936
13042026	382	0.1	-0.1	0.571815
13042026	383	0.1	-0.1	-0.990185
13042026	384	0.1	-0.1	-0.351721
13042026	385	0.1	-0.1	-5.07262
13042026	386	0.1	-0.1	0.908659
13042026	387	0.1	-0.1	2.41522
13042026	388	0.1	-0.1	3.96514
13042026	389	0.1	-0.1	3.57498
13042026	390	0.1	-0.1	4.38857
13042026	391	0.1	-0.1	4.52127
13042026	392	0.1	-0.1	-3.30814
13042026	393	0.1	-0.1	-5.95885
13042026	394	0.1	-0.1	-2.26274
13042026	395	0.1	-0.1	-2.92381
13042026	396	0.1	-0.1	-1.50798
13042026	397	0.1	-0.1	1.22399
13042026	398	0.1	-0.1	-2.44513
13042026	399	0.1	-0.1	-5.40174
13042026	400	0.1	-0.1	3.46323
13042026	401	0.1	-0.1	2.40558
13042026	402	0.1	-0.1	-4.40418
13042026	403	0.1	-0.1	-1.67019
13042026	404	0.1	-0.1	-4.08182
13042026	405	0.1	-0.1	-2.65345
13042026	406	0.1	-0.1	4.30012
13042026	407	0.1	-0.1	-4.86688
13042026	408	0.1	-0.1	3.48928
13042026	409	0.1	-0.1	-0.608938
13042026	410	0.1	-0.1	1.64049
13042026	411	0.1	-0.1	-5.11617
13042026	412	0.1	-0.1	5.34522
13042026	413	0.1	-0.1	4.19995
13042026	414	0.1	-0.1	1.91948
13042026	415	0.1	-0.1	3.24412
13042026	416	0.1	-0.1	4.08396
13042026	417	0.1	-0.1	2.13351
13042026	418	0.1	-0.1	3.15264
13042026	419	0.1	-0.1	-0.175427
13042026	420	0.1	-0.1	-2.75631
13042026	421	0.1	-0.1	3.58018
13042026	422	0.1	-0.1	2.96205
13042026	423	0.1	-0.1	5.58626
13042026	424	0.1	-0.1	-5.39748
13042026	425	0.1	-0.1	-5.30036
13042026	426	0.1	-0.1	-5.38634
13042026	427	0.1	-0.1	4.0031
13042026	428	0.1	-0.1	-3.63041
13042026	429	0.1	-0.1	-3.0828
13042026	430	0.1	-0.1	-1.07916
13042026	431	0.1	-0.1	-1.25796
13042026	432	0.1	-0.1	4.73581
13042026	433	0.1	-0.1	1.60387
13042026	434	0.1	-0.1	-1.60422
13042026	435	0.1	-0.1	1.67774
13042026	436	0.1	-0.1	1.20495
13042026	437	0.1	-0.1	2.97596
13042026	438	0.1	-0.1	-3.30617
13042026	439	0.1	-0.1	-0.35889
13042026	440	0.1	-0.1	-5.04854
13042026	441	0.1	-0.1	0.133311
13042026	442	0.1	-0.1	0.0360071
13042026	443	0.1	-0.1	2.77226
13042026	444	0.1	-0.1	-2.45546
13042026	445	0.1	-0.1	-4.86537
13042026	446	0.1	-0.1	2.52358
13042026	447	0.1	-0.1	-1.45183
13042026	448	0.1	-0.1	-2.34351
13042026	449	0.1	-0.1	4.84546
13042026	450	0.1	-0.1	5.63798
13042026	451	0.1	-0.1	-1.84597
13042026	452	0.1	-0.1	-5.72074
13042026	453	0.1	-0.1	3.05397
13042026	454	0.1	-0.1	-4.4349
13042026	455	0.1	-0.1	-3.17888
13042026	456	0.1	-0.1	-2.63591
13042026	457	0.1	-0.1	-1.31585
13042026	458	0.1	-0.1	3.99429
13042026	459	0.1	-0.1	0.773765
13042026	460	0.1	-0.1	-3.15776
13042026	461	0.1	-0.1	-1.06652
13042026	462	0.1	-0.1	-3.48725
13042026	463	0.1	-0.1	-0.439706
13042026	464	0.1	-0.1	5.96748
13042026	465	0.1	-0.1	-3.82846
13042026	466	0.1	-0.1	-1.43215
13042026	467	0.1	-0.1	-1.75353
13042026	468	0.1	-0.1	5.32254
13042026	469	0.1	-0.1	-4.71294
13042026	470	0.1	-0.1	-4.20445
13042026	471	0.1	-0.1	0.466561
13042026	472	0.1	-0.1	-4.8782
13042026	473	0.1	-0.1	2.73054
13042026	474	0.1	-0.1	4.38423
13042026	475	0.1	-0.1	-5.77597
13042026	476	0.1	-0.1	5.03048
13042026	477	0.1	-0.1	-0.577499
13042026	478	0.1	-0.1	-0.754413
13042026	479	0.1	-0.1	1.00239
13042026	480	0.1	-0.1	-1.78012
13042026	481	0.1	-0.1	5.67789
13042026	482	0.1	-0.1	-3.45242
13042026	483	0.1	-0.1	-1.76896
13042026	484	0.1	-0.1	1.12147
13042026	485	0.1	-0.1	-2.84222
13042026	486	0.1	-0.1	-0.415769
13042026	487	0.1	-0.1	-1.12192
13042026	488	0.1	-0.1	-5.36669
13042026	489	0.1	-0.1	-5.42882
13042026	490	0.1	-0.1	5.53327
13042026	491	0.1	-0.1	4.18683
13042026	492	0.1	-0.1	2.49198
13042026	493	0.1	-0.1	-2.29389
13042026	494	0.1	-0.1	1.81554
13042026	495	0.1	-0.1	2.63563
13042026	496	0.1	-0.1	1.55388
13042026	497	0.1	-0.1	3.42581
13042026	498	0.1	-0.1	5.47318
13042026	499	0.1	-0.1	2.80099
13042026	500	0.1	-0.1	2.85943
13042026	501	0.1	-0.1	-2.05481
13042026	502	0.1	-0.1	-3.74158
13042026	503	0.1	-0.1	5.31276
13042026	504	0.1	-0.1	3.73837
13042026	505	0.1	-0.1	-2.37992
13042026	506	0.1	-0.1	-0.908966
13042026	507	0.1	-0.1	-2.64718
13042026	508	0.1	-0.1	3.62211
13042026	509	0.1	-0.1	3.92048
13042026	510	0.1	-0.1	-3.06558
13042026	511	0.1	-0.1	4.52379
13042026	512	0.1	-0.1	-0.134156
13042026	513	0.1	-0.1	3.88856
13042026	514	0.1	-0.1	-3.0725
13042026	515	0.1	-0.1	-5.60958
13042026	516	0.1	-0.1	-3.19347
13042026	517	0.1	-0.1	4.56747
13042026	518	0.1	-0.1	-2.0617
13042026	519	0.1	-0.1	-3.35199
13042026	520	0.1	-0.1	-5.65329
13042026	521	0.1	-0.1	-4.01197
13042026	522	0.1	-0.1	2.12438
13042026	523	0.1	-0.1	-5.14737
13042026	524	0.1	-0.1	-1.61409
13042026	525	0.1	-0.1	-0.123265
13042026	526	0.1	-0.1	-3.97892
13042026	527	0.1	-0.1	5.47272
13042026	528	0.1	-0.1	-4.02518
13042026	529	0.1	-0.1	-3.5142
13042026	530	0.1	-0.1	-0.216705
13042026	531	0.1	-0.1	-2.56687
13042026	532	0.1	-0.1	-0.43695
13042026	533	0.1	-0.1	-4.63093
13042026	534	0.1	-0.1	3.37245
13042026	535	0.1	-0.1	2.14273
13042026	536	0.1	-0.1	-1.11348
13042026	537	0.1	-0.1	5.71502
13042026	538	0.1	-0.1	5.96138
13042026	539	0.1	-0.1	-4.65994
13042026	540	0.1	-0.1	-1.24449
13042026	541	0.1	-0.1	5.4861
13042026	542	0.1	-0.1	-1.37523
13042026	543	0.1	-0.1	-0.516398
13042026	544	0.1	-0.1	0.0707345
13042026	545	0.1	-0.1	-3.58411
13042026	546	0.1	-0.1	2.34702
13042026	547	0.1	-0.1	-2.18627
13042026	548	0.1	-0.1	-1.1163
13042026	549	0.1	-0.1	-2.46792
13042026	550	0.1	-0.1	-3.48343
13042026	551	0.1	-0.1	-0.0988161
13042026	552	0.1	-0.1	-4.59099
13042026	553	0.1	-0.1	-2.07062
13042026	554	0.1	-0.1	-2.54473
13042026	555	0.1	-0.1	3.04952
13042026	556	0.1	-0.1	-1.65771
13042026	557	0.1	-0.1	5.40853
13042026	558	0.1	-0.1	-3.52977
13042026	559	0.1	-0.1	4.39772
13042026	560	0.1	-0.1	-2.7901
13042026	561	0.1	-0.1	3.71395
13042026	562	0.1	-0.1	-3.40717
13042026	563	0.1	-0.1	-2.16671
13042026	564	0.1	-0.1	5.72567
13042026	565	0.1	-0.1	-2.22097
13042026	566	0.1	-0.1	5.17167
13042026	567	0.1	-0.1	4.30586
13042026	568	0.1	-0.1	-3.43381
13042026	569	0.1	-0.1	-0.690962
13042026	570	0.1	-0.1	3.24692
13042026	571	0.1	-0.1	2.29277
13042026	572	0.1	-0.1	-1.81883
13042026	573	0.1	-0.1	1.45412
13042026	574	0.1	-0.1	-1.71566
13042026	575	0.1	-0.1	5.61987
13042026	576	0.1	-0.1	-0.1095
13042026	577	0.1	-0.1	-3.01794
13042026	578	0.1	-0.1	-2.97847
13042026	579	0.1	-0.1	5.62981
13042026	580	0.1	-0.1	-1.8109
13042026	581	0.1	-0.1	-3.24434
13042026	582	0.1	-0.1	-3.04951
13042026	583	0.1	-0.1	-4.60747
13042026	584	0.1	-0.1	-5.42191
13042026	585	0.1	-0.1	2.83547
13042026	586	0.1	-0.1	-0.621561
13042026	587	0.1	-0.1	0.64978
13042026	588	0.1	-0.1	-1.24037
13042026	589	0.1	-0.1	3.3447
13042026	590	0.1	-0.1	-2.60417
13042026	591	0.1	-0.1	-2.03595
13042026	592	0.1	-0.1	-4.99848
13042026	593	0.1	-0.1	-2.2102
13042026	594	0.1	-0.1	3.48208
13042026	595	0.1	-0.1	1.24991
13042026	596	0.1	-0.1	3.88986
13042026	597	0.1	-0.1	5.20713
13042026	598	0.1	-0.1	-3.64465
13042026	599	0.1	-0.1	4.20192
13042026	600	0.1	-0.1	2.648
13042026	601	0.1	-0.1	3.39895
13042026	602	0.1	-0.1	-4.4336
13042026	603	0.1	-0.1	5.02761
13042026	604	0.1	-0.1	-5.30521
13042026	605	0.1	-0.1	4.14734
13042026	606	0.1	-0.1	2.45305
13042026	607	0.1	-0.1	2.78983
13042026	608	0.1	-0.1	-0.0275051
13042026	609	0.1	-0.1	2.22272
13042026	610	0.1	-0.1	0.435415
13042026	611	0.1	-0.1	-0.278193
13042026	612	0.1	-0.1	5.66675
13042026	613	0.1	-0.1	1.99381
13042026	614	0.1	-0.1	4.79909
13042026	615	0.1	-0.1	-4.69881
13042026	616	0.1	-0.1	4.23807
13042026	617	0.1	-0.1	-4.46305
13042026	618	0.1	-0.1	-5.37583
13042026	619	0.1	-0.1	-3.46207
13042026	620	0.1	-0.1	0.789243
13042026	621	0.1	-0.1	-1.31692
13042026	622	0.1	-0.1	1.66441
13042026	623	0.1	-0.1	-0.504856
13042026	624	0.1	-0.1	1.59679
13042026	625	0.1	-0.1	0.086097
13042026	626	0.1	-0.1	-1.16459
13042026	627	0.1	-0.1	5.641
13042026	628	0.1	-0.1	4.8499
13042026	629	0.1	-0.1	-2.46537
13042026	630	0.1	-0.1	-1.42952
13042026	631	0.1	-0.1	-2.37199
13042026	632	0.1	-0.1	1.05848
13042026	633	0.1	-0.1	0.478067
13042026	634	0.1	-0.1	-3.46401
13042026	635	0.1	-0.1	-5.1262
13042026	636	0.1	-0.1	-3.81366
13042026	637	0.1	-0.1	-2.82457
13042026	638	0.1	-0.1	-2.13808
13042026	639	0.1	-0.1	1.96419
13042026	640	0.1	-0.1	3.77003
13042026	641	0.1	-0.1	-1.35691
13042026	642	0.1	-0.1	-3.53811
13042026	643	0.1	-0.1	0.618083
13042026	644	0.1	-0.1	-3.15644
13042026	645	0.1	-0.1	-5.52578
13042026	646	0.1	-0.1	4.67133
13042026	647	0.1	-0.1	1.97282
13042026	648	0.1	-0.1	1.09846
13042026	649	0.1	-0.1	3.14605
13042026	650	0.1	-0.1	5.22186
13042026	651	0.1	-0.1	1.39072
13042026	652	0.1	-0.1	1.19237
13042026	653	0.1	-0.1	1.15458
13042026	654	0.1	-0.1	-1.92503
13042026	655	0.1	-0.1	-0.984124
13042026	656	0.1	-0.1	1.23592
13042026	657	0.1	-0.1	-3.4313
13042026	658	0.1	-0.1	-0.540334
13042026	659	0.1	-0.1	-5.85979
13042026	660	0.1	-0.1	-0.520787
13042026	661	0.1	-0.1	0.145748
13042026	662	0.1	-0.1	1.43492
13042026	663	0.1	-0.1	5.91474
13042026	664	0.1	-0.1	3.04049
13042026	665	0.1	-0.1	0.329262
13042026	666	0.1	-0.1	-5.3579
13042026	667	0.1	-0.1	5.19069
13042026	668	0.1	-0.1	-5.80327
13042026	669	0.1	-0.1	-4.71392
13042026	670	0.1	-0.1	-2.82629
13042026	671	0.1	-0.1	1.59792
13042026	672	0.1	-0.1	-2.37906
13042026	673	0.1	-0.1	-2.31492
13042026	674	0.1	-0.1	2.74255
13042026	675	0.1	-0.1	3.00983
13042026	676	0.1	-0.1	2.97593
13042026	677	0.1	-0.1	1.11406
13042026	678	0.1	-0.1	1.5737
13042026	679	0.1	-0.1	-4.63448
13042026	680	0.1	-0.1	2.56579
13042026	681	0.1	-0.1	2.51907
13042026	682	0.1	-0.1	4.55471
13042026	683	0.1	-0.1	-1.86464
13042026	684	0.1	-0.1	-0.879132
13042026	685	0.1	-0.1	1.48574
13042026	686	0.1	-0.1	1.29673
13042026	687	0.1	-0.1	1.05657
13042026	688	0.1	-0.1	-0.528512
13042026	689	0.1	-0.1	2.97327
13042026	690	0.1	-0.1	5.72915
13042026	691	0.1	-0.1	5.943
13042026	692	0.1	-0.1	1.9534
13042026	693	0.1	-0.1	2.04945
13042026	694	0.1	-0.1	-1.34401
13042026	695	0.1	-0.1	-2.22085
13042026	696	0.1	-0.1	4.00042
13042026	697	0.1	-0.1	5.25419
13042026	698	0.1	-0.1	-2.36771
13042026	699	0.1	-0.1	-4.17942
13042026	700	0.1	-0.1	-0.913356
13042026	701	0.1	-0.1	-3.70224
13042026	702	0.1	-0.1	-3.98502
13042026	703	0.1	-0.1	5.79761
13042026	704	0.1	-0.1	-0.473999
13042026	705	0.1	-0.1	1.13504
13042026	706	0.1	-0.1	2.03705
13042026	707	0.1	-0.1	0.00673247
13042026	708	0.1	-0.1	5.7775
13042026	709	0.1	-0.1	-3.73757
13042026	710	0.1	-0.1	1.26751
13042026	711	0.1	-0.1	4.70924
13042026	712	0.1	-0.1	-4.89084
13042026	713	0.1	-0.1	-0.687439
13042026	714	0.1	-0.1	-5.3447
13042026	715	0.1	-0.1	3.96757
13042026	716	0.1	-0.1	-2.73677
13042026	717	0.1	-0.1	-5.98686
13042026	718	0.1	-0.1	-1.74485
13042026	719	0.1	-0.1	2.49105
13042026	720	0.1	-0.1	5.07353
13042026	721	0.1	-0.1	-2.66138
13042026	722	0.1	-0.1	5.49902
13042026	723	0.1	-0.1	-0.14964
13042026	724	0.1	-0.1	-5.31163
13042026	725	0.1	-0.1	-1.46767
13042026	726	0.1	-0.1	-4.95527
13042026	727	0.1	-0.1	1.85621
13042026	728	0.1	-0.1	-2.36938
13042026	729	0.1	-0.1	1.27384
13042026	730	0.1	-0.1	3.56688
13042026	731	0.1	-0.1	-1.72596
13042026	732	0.1	-0.1	-5.14947
13042026	733	0.1	-0.1	-2.15299
13042026	734	0.1	-0.1	-1.53614
13042026	735	0.1	-0.1	5.97267
13042026	736	0.1	-0.1	3.86861
13042026	737	0.1	-0.1	-1.86938
13042026	738	0.1	-0.1	0.323785
13042026	739	0.1	-0.1	-5.82597
13042026	740	0.1	-0.1	-5.91334
13042026	741	0.1	-0.1	-0.0257579
13042026	742	0.1	-0.1	1.49273
13042026	743	0.1	-0.1	4.38096
13042026	744	0.1	-0.1	4.77142
13042026	745	0.1	-0.1	-4.04546
13042026	746	0.1	-0.1	-1.15688
13042026	747	0.1	-0.1	-0.925147
13042026	748	0.1	-0.1	4.13447
13042026	749	0.1	-0.1	5.54568
13042026	750	0.1	-0.1	-1.80533
13042026	751	0.1	-0.1	2.98968
13042026	752	0.1	-0.1	4.96663
13042026	753	0.1	-0.1	5.64141
13042026	754	0.1	-0.1	0.752798
13042026	755	0.1	-0.1	4.08256
13042026	756	0.1	-0.1	-0.162322
13042026	757	0.1	-0.1	-2.05375
13042026	758	0.1	-0.1	0.228447
13042026	759	0.1	-0.1	-2.62998
13042026	760	0.1	-0.1	5.4852
13042026	761	0.1	-0.1	4.85629
13042026	762	0.1	-0.1	3.63518
13042026	763	0.1	-0.1	5.38824
13042026	764	0.1	-0.1	3.64099
13042026	765	0.1	-0.1	4.71439
13042026	766	0.1	-0.1	5.48079
13042026	767	0.1	-0.1	-5.70059
13042026	768	0.1	-0.1	0.341966
13042026	769	0.1	-0.1	-5.75701
13042026	770	0.1	-0.1	2.40259
13042026	771	0.1	-0.1	-0.64618
13042026	772	0.1	-0.1	-4.58545
13042026	773	0.1	-0.1	-4.00017
13042026	774	0.1	-0.1	-0.692233
13042026	775	0.1	-0.1	-4.15659
13042026	776	0.1	-0.1	-4.27433
13042026	777	0.1	-0.1	3.58432
13042026	778	0.1	-0.1	-5.82293
13042026	779	0.1	-0.1	-4.79122
13042026	780	0.1	-0.1	-5.3532
13042026	781	0.1	-0.1	-1.67795
13042026	782	0.1	-0.1	-4.8193
13042026	783	0.1	-0.1	-2.97141
13042026	784	0.1	-0.1	2.24416
13042026	785	0.1	-0.1	0.432993
13042026	786	0.1	-0.1	-3.6742
13042026	787	0.1	-0.1	-3.50301
13042026	788	0.1	-0.1	-1.25792
13042026	789	0.1	-0.1	5.54369
13042026	790	0.1	-0.1	-2.65848
13042026	791	0.1	-0.1	-1.54557
13042026	792	0.1	-0.1	1.23366
13042026	793	0.1	-0.1	-5.25638
13042026	794	0.1	-0.1	1.44184
13042026	795	0.1	-0.1	-3.91787
13042026	796	0.1	-0.1	1.70734
13042026	797	0.1	-0.1	5.07026
13042026	798	0.1	-0.1	2.03818
13042026	799	0.1	-0.1	1.71923
13042026	800	0.1	-0.1	-5.39175
13042026	801	0.1	-0.1	-4.24516
13042026	802	0.1	-0.1	5.46211
13042026	803	0.1	-0.1	4.61219
13042026	804	0.1	-0.1	-0.0798486
13042026	805	0.1	-0.1	4.0505
13042026	806	0.1	-0.1	3.84333
13042026	807	0.1	-0.1	2.57381
13042026	808	0.1	-0.1	-4.57696
13042026	809	0.1	-0.1	-0.954118
13042026	810	0.1	-0.1	-2.22208
13042026	811	0.1	-0.1	5.84813
13042026	812	0.1	-0.1	-2.54187
13042026	813	0.1	-0.1	-1.96448
13042026	814	0.1	-0.1	5.58451
13042026	815	0.1	-0.1	-4.26122
13042026	816	0.1	-0.1	2.36273
13042026	817	0.1	-0.1	-4.30736
13042026	818	0.1	-0.1	1.88527
13042026	819	0.1	-0.1	-0.963183
13042026	820	0.1	-0.1	-5.45752
13042026	821	0.1	-0.1	2.56413
13042026	822	0.1	-0.1	-2.17867
13042026	823	0.1	-0.1	-2.04534
13042026	824	0.1	-0.1	5.58987
13042026	825	0.1	-0.1	-5.52205
13042026	826	0.1	-0.1	5.87532
13042026	827	0.1	-0.1	-1.134
13042026	828	0.1	-0.1	-0.788774
13042026	829	0.1	-0.1	-2.14231
13042026	830	0.1	-0.1	-5.50778
13042026	831	0.1	-0.1	2.04361
13042026	832	0.1	-0.1	4.18878
13042026	833	0.1	-0.1	0.804058
13042026	834	0.1	-0.1	5.1919
13042026	835	0.1	-0.1	-2.16831
13042026	836	0.1	-0.1	-0.385167
13042026	837	0.1	-0.1	-5.05393
13042026	838	0.1	-0.1	1.03945
13042026	839	0.1	-0.1	-4.41996
13042026	840	0.1	-0.1	-5.33068
13042026	841	0.1	-0.1	5.58251
13042026	842	0.1	-0.1	5.61301
13042026	843	0.1	-0.1	-5.73443
13042026	844	0.1	-0.1	-5.74263
13042026	845	0.1	-0.1	-0.502438
13042026	846	0.1	-0.1	3.7786
13042026	847	0.1	-0.1	1.73791
13042026	848	0.1	-0.1	-0.50964
13042026	849	0.1	-0.1	0.194348
13042026	850	0.1	-0.1	1.04766
13042026	851	0.1	-0.1	-1.86751
13042026	852	0.1	-0.1	0.0691442
13042026	853	0.1	-0.1	2.55387
13042026	854	0.1	-0.1	-3.13693
13042026	855	0.1	-0.1	1.13457
13042026	856	0.1	-0.1	-4.44493
13042026	857	0.1	-0.1	-3.38789
13042026	858	0.1	-0.1	-1.58862
13042026	859	0.1	-0.1	-1.53381
13042026	860	0.1	-0.1	-4.34152
13042026	861	0.1	-0.1	3.84591
13042026	862	0.1	-0.1	4.13881
13042026	863	0.1	-0.1	-0.837267
13042026	864	0.1	-0.1	-2.03129
13042026	865	0.1	-0.1	2.11658
13042026	866	0.1	-0.1	-3.64088
13042026	867	0.1	-0.1	-3.04643
13042026	868	0.1	-0.1	-0.920835
13042026	869	0.1	-0.1	-0.636475
13042026	870	0.1	-0.1	0.881869
13042026	871	0.1	-0.1	-0.510357
13042026	872	0.1	-0.1	5.09322
13042026	873	0.1	-0.1	2.63361
13042026	874	0.1	-0.1	0.544006
13042026	875	0.1	-0.1	5.82569
13042026	876	0.1	-0.1	0.497455
13042026	877	0.1	-0.1	-3.92462
13042026	878	0.1	-0.1	2.23677
13042026	879	0.1	-0.1	-1.45003
13042026	880	0.1	-0.1	-2.05453
13042026	881	0.1	-0.1	-2.61809
13042026	882	0.1	-0.1	-5.52026
13042026	883	0.1	-0.1	-0.28204
13042026	884	0.1	-0.1	1.11741
13042026	885	0.1	-0.1	0.421652
13042026	886	0.1	-0.1	-3.85786
13042026	887	0.1	-0.1	5.80813
13042026	888	0.1	-0.1	-3.31939
13042026	889	0.1	-0.1	2.60652
13042026	890	0.1	-0.1	3.28694
13042026	891	0.1	-0.1	-0.00415524
13042026	892	0.1	-0.1	-1.71051
13042026	893	0.1	-0.1	-1.48804
13042026	894	0.1	-0.1	4.2485
13042026	895	0.1	-0.1	5.3447
13042026	896	0.1	-0.1	4.39445
13042026	897	0.1	-0.1	4.79825
13042026	898	0.1	-0.1	0.815181
13042026	899	0.1	-0.1	-3.7524
13042026	900	0.1	-0.1	-1.81423
13042026	901	0.1	-0.1	-3.02866
13042026	902	0.1	-0.1	5.30742
13042026	903	0.1	-0.1	0.426144
13042026	904	0.1	-0.1	1.38093
13042026	905	0.1	-0.1	5.46015
13042026	906	0.1	-0.1	3.85201
13042026	907	0.1	-0.1	4.26771
13042026	908	0.1	-0.1	2.28815
13042026	909	0.1	-0.1	0.6757
13042026	910	0.1	-0.1	-5.48252
13042026	911	0.1	-0.1	-2.6655
13042026	912	0.1	-0.1	-0.358954
13042026	913	0.1	-0.1	-1.53594
13042026	914	0.1	-0.1	1.14158
13042026	915	0.1	-0.1	-0.140029
13042026	916	0.1	-0.1	1.42913
13042026	917	0.1	-0.1	-2.373
13042026	918	0.1	-0.1	0.0591185
13042026	919	0.1	-0.1	0.15281
13042026	920	0.1	-0.1	2.78978
13042026	921	0.1	-0.1	5.83032
13042026	922	0.1	-0.1	2.53199
13042026	923	0.1	-0.1	-1.45865
13042026	924	0.1	-0.1	4.18063
13042026	925	0.1	-0.1	2.58157
13042026	926	0.1	-0.1	1.64543
13042026	927	0.1	-0.1	3.96213
13042026	928	0.1	-0.1	-2.34082
13042026	929	0.1	-0.1	-0.67253
13042026	930	0.1	-0.1	1.75744
13042026	931	0.1	-0.1	-3.28873
13042026	932	0.1	-0.1	-1.58113
13042026	933	0.1	-0.1	-1.83872
13042026	934	0.1	-0.1	-5.24526
13042026	935	0.1	-0.1	-1.50414
13042026	936	0.1	-0.1	0.285766
13042026	937	0.1	-0.1	3.13998
13042026	938	0.1	-0.1	-2.86364
13042026	939	0.1	-0.1	-5.74662
13042026	940	0.1	-0.1	-5.31549
13042026	941	0.1	-0.1	-1.45648
13042026	942	0.1	-0.1	2.0241
13042026	943	0.1	-0.1	-4.04567
13042026	944	0.1	-0.1	5.98303
13042026	945	0.1	-0.1	5.90607
13042026	946	0.1	-0.1	4.53082
13042026	947	0.1	-0.1	-1.24849
13042026	948	0.1	-0.1	2.78869
13042026	949	0.1	-0.1	5.95324
13042026	950	0.1	-0.1	1.9496
13042026	951	0.1	-0.1	-4.26939
13042026	952	0.1	-0.1	-2.82443
13042026	953	0.1	-0.1	2.4282
13042026	954	0.1	-0.1	0.0899339
13042026	955	0.1	-0.1	-2.32411
13042026	956	0.1	-0.1	-0.870643
13042026	957	0.1	-0.1	1.43822
13042026	958	0.1	-0.1	5.18853
13042026	959	0.1	-0.1	-4.76135
13042026	960	0.1	-0.1	-0.77796
13042026	961	0.1	-0.1	-3.69915
13042026	962	0.1	-0.1	-2.19368
13042026	963	0.1	-0.1	2.38052
13042026	964	0.1	-0.1	5.1796
13042026	965	0.1	-0.1	-3.494
13042026	966	0.1	-0.1	5.29273
13042026	967	0.1	-0.1	-0.445635
13042026	968	0.1	-0.1	1.85324
13042026	969	0.1	-0.1	-4.01529
13042026	970	0.1	-0.1	-2.76605
13042026	971	0.1	-0.1	-5.88833
13042026	972	0.1	-0.1	1.53007
13042026	973	0.1	-0.1	2.09077
13042026	974	0.1	-0.1	-4.84539
13042026	975	0.1	-0.1	-3.40919
13042026	976	0.1	-0.1	3.75746
13042026	977	0.1	-0.1	5.41628
13042026	978	0.1	-0.1	-4.48243
13042026	979	0.1	-0.1	1.3066
13042026	980	0.1	-0.1	-1.03021
13042026	981	0.1	-0.1	3.86287
13042026	982	0.1	-0.1	-2.38385
13042026	983	0.1	-0.1	-1.54629
13042026	984	0.1	-0.1	-1.65648
13042026	985	0.1	-0.1	-0.301282
13042026	986	0.1	-0.1	-2.6191
13042026	987	0.1	-0.1	-2.89451
13042026	988	0.1	-0.1	-4.49847
13042026	989	0.1	-0.1	4.11289
13042026	990	0.1	-0.1	-3.15173
13042026	991	0.1	-0.1	4.25152
13042026	992	0.1	-0.1	-0.626284
13042026	993	0.1	-0.1	-1.42969
13042026	994	0.1	-0.1	-4.09123
13042026	995	0.1	-0.1	-5.62003
13042026	996	0.1	-0.1	3.08989
13042026	997	0.1	-0.1	3.42051
13042026	998	0.1	-0.1	-2.54113
13042026	999	0.1	-0.1	-3.17259
13042026	1000	0.1	-0.1	4.57058
