13045164	1	0.1	-0.1	-1.49759
13045164	2	0.1	-0.1	5.49972
13045164	3	0.1	-0.1	-4.51934
13045164	4	0.1	-0.1	-5.93746
13045164	5	0.1	-0.1	5.29115
13045164	6	0.1	-0.1	0.780199
13045164	7	0.1	-0.1	5.01418
13045164	8	0.1	-0.1	-0.390185
13045164	9	0.1	-0.1	0.978749
13045164	10	0.1	-0.1	3.77303
13045164	11	0.1	-0.1	2.99727
13045164	12	0.1	-0.1	4.89674
13045164	13	0.1	-0.1	-0.2071
13045164	14	0.1	-0.1	4.57014
13045164	15	0.1	-0.1	1.95569
13045164	16	0.1	-0.1	3.07469
13045164	17	0.1	-0.1	-1.7565
13045164	18	0.1	-0.1	-0.113325
13045164	19	0.1	-0.1	-2.20989
13045164	20	0.1	-0.1	-3.87324
13045164	21	0.1	-0.1	3.82257
13045164	22	0.1	-0.1	-1.62698
13045164	23	0.1	-0.1	-0.416106
13045164	24	0.1	-0.1	-5.88348
13045164	25	0.1	-0.1	5.92827
13045164	26	0.1	-0.1	-4.5761
13045164	27	0.1	-0.1	-4.96422
13045164	28	0.1	-0.1	1.84288
13045164	29	0.1	-0.1	5.61393
13045164	30	0.1	-0.1	-2.91661
13045164	31	0.1	-0.1	-4.04423
13045164	32	0.1	-0.1	-5.48633
13045164	33	0.1	-0.1	-3.71005
13045164	34	0.1	-0.1	4.84539
13045164	35	0.1	-0.1	-4.38406
13045164	36	0.1	-0.1	1.39997
13045164	37	0.1	-0.1	0.18559
13045164	38	0.1	-0.1	3.8064
13045164	39	0.1	-0.1	-3.02203
13045164	40	0.1	-0.1	4.21506
13045164	41	0.1	-0.1	5.82038
13045164	42	0.1	-0.1	2.8091
13045164	43	0.1	-0.1	-0.808294
13045164	44	0.1	-0.1	5.44091
13045164	45	0.1	-0.1	3.25066
13045164	46	0.1	-0.1	-3.26001
13045164	47	0.1	-0.1	3.80668
13045164	48	0.1	-0.1	0.836656
13045164	49	0.1	-0.1	-2.12924
13045164	50	0.1	-0.1	2.37112
13045164	51	0.1	-0.1	1.70028
13045164	52	0.1	-0.1	-4.48386
13045164	53	0.1	-0.1	1.14788
13045164	54	0.1	-0.1	1.46145
13045164	55	0.1	-0.1	-1.89409
13045164	56	0.1	-0.1	-4.13429
13045164	57	0.1	-0.1	5.19068
13045164	58	0.1	-0.1	3.18778
13045164	59	0.1	-0.1	-0.349921
13045164	60	0.1	-0.1	2.41317
13045164	61	0.1	-0.1	-0.990542
13045164	62	0.1	-0.1	1.87541
13045164	63	0.1	-0.1	0.82146
13045164	64	0.1	-0.1	0.995817
13045164	65	0.1	-0.1	1.15411
13045164	66	0.1	-0.1	4.03368
13045164	67	0.1	-0.1	4.47259
13045164	68	0.1	-0.1	2.53569
13045164	69	0.1	-0.1	-1.61785
13045164	70	0.1	-0.1	-0.324458
13045164	71	0.1	-0.1	-1.72996
13045164	72	0.1	-0.1	-0.53395
13045164	73	0.1	-0.1	-5.10131
13045164	74	0.1	-0.1	-3.48517
13045164	75	0.1	-0.1	1.56366
13045164	76	0.1	-0.1	-1.24534
13045164	77	0.1	-0.1	-5.62229
13045164	78	0.1	-0.1	-5.6484
13045164	79	0.1	-0.1	-4.58881
13045164	80	0.1	-0.1	-1.02156
13045164	81	0.1	-0.1	-1.41462
13045164	82	0.1	-0.1	1.11035
13045164	83	0.1	-0.1	-3.52481
13045164	84	0.1	-0.1	-1.90311
13045164	85	0.1	-0.1	1.86385
13045164	86	0.1	-0.1	-3.0266
13045164	87	0.1	-0.1	2.13126
13045164	88	0.1	-0.1	-2.12208
13045164	89	0.1	-0.1	3.91431
13045164	90	0.1	-0.1	-1.26142
13045164	91	0.1	-0.1	4.42725
13045164	92	0.1	-0.1	2.62796
13045164	93	0.1	-0.1	4.34128
13045164	94	0.1	-0.1	5.35167
13045164	95	0.1	-0.1	4.22026
13045164	96	0.1	-0.1	-2.11654
13045164	97	0.1	-0.1	1.83161
13045164	98	0.1	-0.1	-0.934233
13045164	99	0.1	-0.1	4.70339
13045164	100	0.1	-0.1	-2.46389
13045164	101	0.1	-0.1	3.85979
13045164	102	0.1	-0.1	5.89632
13045164	103	0.1	-0.1	-3.20232
13045164	104	0.1	-0.1	-2.27164
13045164	105	0.1	-0.1	1.41383
13045164	106	0.1	-0.1	-2.9455
13045164	107	0.1	-0.1	-4.24906
13045164	108	0.1	-0.1	-5.9261
13045164	109	0.1	-0.1	-3.22278
13045164	110	0.1	-0.1	-5.45333
13045164	111	0.1	-0.1	-0.762499
13045164	112	0.1	-0.1	-0.964569
13045164	113	0.1	-0.1	2.3801
13045164	114	0.1	-0.1	4.48752
13045164	115	0.1	-0.1	4.90238
13045164	116	0.1	-0.1	-1.10265
13045164	117	0.1	-0.1	-0.755014
13045164	118	0.1	-0.1	2.27361
13045164	119	0.1	-0.1	5.04129
13045164	120	0.1	-0.1	-0.707326
13045164	121	0.1	-0.1	1.93777
13045164	122	0.1	-0.1	2.37698
13045164	123	0.1	-0.1	4.00928
13045164	124	0.1	-0.1	-1.54008
13045164	125	0.1	-0.1	-4.26604
13045164	126	0.1	-0.1	-3.15252
13045164	127	0.1	-0.1	-1.63675
13045164	128	0.1	-0.1	-1.84526
13045164	129	0.1	-0.1	-0.865437
13045164	130	0.1	-0.1	2.66953
13045164	131	0.1	-0.1	3.67584
13045164	132	0.1	-0.1	3.07465
13045164	133	0.1	-0.1	-2.87367
13045164	134	0.1	-0.1	0.375765
13045164	135	0.1	-0.1	4.70926
13045164	136	0.1	-0.1	1.55902
13045164	137	0.1	-0.1	3.43315
13045164	138	0.1	-0.1	3.25136
13045164	139	0.1	-0.1	5.60953
13045164	140	0.1	-0.1	0.749166
13045164	141	0.1	-0.1	2.78835
13045164	142	0.1	-0.1	0.868351
13045164	143	0.1	-0.1	-0.407148
13045164	144	0.1	-0.1	-4.31123
13045164	145	0.1	-0.1	-3.05035
13045164	146	0.1	-0.1	-0.962027
13045164	147	0.1	-0.1	-5.6557
13045164	148	0.1	-0.1	0.667023
13045164	149	0.1	-0.1	1.91102
13045164	150	0.1	-0.1	5.07626
13045164	151	0.1	-0.1	1.09762
13045164	152	0.1	-0.1	-2.42554
13045164	153	0.1	-0.1	-3.3485
13045164	154	0.1	-0.1	3.55247
13045164	155	0.1	-0.1	5.37153
13045164	156	0.1	-0.1	4.6351
13045164	157	0.1	-0.1	-3.82201
13045164	158	0.1	-0.1	1.59012
13045164	159	0.1	-0.1	4.52874
13045164	160	0.1	-0.1	-3.29614
13045164	161	0.1	-0.1	-5.98768
13045164	162	0.1	-0.1	-4.00749
13045164	163	0.1	-0.1	-4.8204
13045164	164	0.1	-0.1	5.00045
13045164	165	0.1	-0.1	-1.12686
13045164	166	0.1	-0.1	-3.02915
13045164	167	0.1	-0.1	-1.63489
13045164	168	0.1	-0.1	3.94742
13045164	169	0.1	-0.1	0.102648
13045164	170	0.1	-0.1	5.18444
13045164	171	0.1	-0.1	2.43169
13045164	172	0.1	-0.1	0.647051
13045164	173	0.1	-0.1	5.02655
13045164	174	0.1	-0.1	5.52608
13045164	175	0.1	-0.1	-4.27332
13045164	176	0.1	-0.1	-2.67192
13045164	177	0.1	-0.1	3.62888
13045164	178	0.1	-0.1	-5.10221
13045164	179	0.1	-0.1	-2.92945
13045164	180	0.1	-0.1	-2.73912
13045164	181	0.1	-0.1	0.592134
13045164	182	0.1	-0.1	1.77425
13045164	183	0.1	-0.1	-2.07946
13045164	184	0.1	-0.1	0.789769
13045164	185	0.1	-0.1	0.697608
13045164	186	0.1	-0.1	-1.16595
13045164	187	0.1	-0.1	2.88024
13045164	188	0.1	-0.1	5.7812
13045164	189	0.1	-0.1	-1.36838
13045164	190	0.1	-0.1	0.624167
13045164	191	0.1	-0.1	2.67996
13045164	192	0.1	-0.1	0.943915
13045164	193	0.1	-0.1	-4.985
13045164	194	0.1	-0.1	-0.645295
13045164	195	0.1	-0.1	-2.70852
13045164	196	0.1	-0.1	0.360514
13045164	197	0.1	-0.1	-5.73682
13045164	198	0.1	-0.1	5.77574
13045164	199	0.1	-0.1	5.56943
13045164	200	0.1	-0.1	-0.0743797
13045164	201	0.1	-0.1	-3.3677
13045164	202	0.1	-0.1	-2.08701
13045164	203	0.1	-0.1	-2.07616
13045164	204	0.1	-0.1	-1.58965
13045164	205	0.1	-0.1	2.63964
13045164	206	0.1	-0.1	-4.06122
13045164	207	0.1	-0.1	4.41587
13045164	208	0.1	-0.1	-3.76844
13045164	209	0.1	-0.1	2.73868
13045164	210	0.1	-0.1	2.97122
13045164	211	0.1	-0.1	2.0229
13045164	212	0.1	-0.1	-0.799875
13045164	213	0.1	-0.1	4.94161
13045164	214	0.1	-0.1	0.523116
13045164	215	0.1	-0.1	-3.48622
13045164	216	0.1	-0.1	4.78221
13045164	217	0.1	-0.1	-3.65001
13045164	218	0.1	-0.1	-4.61721
13045164	219	0.1	-0.1	-4.65646
13045164	220	0.1	-0.1	-0.256113
13045164	221	0.1	-0.1	-3.57299
13045164	222	0.1	-0.1	2.78469
13045164	223	0.1	-0.1	-5.66309
13045164	224	0.1	-0.1	-3.72653
13045164	225	0.1	-0.1	4.60573
13045164	226	0.1	-0.1	-5.4681
13045164	227	0.1	-0.1	5.61274
13045164	228	0.1	-0.1	-4.3571
13045164	229	0.1	-0.1	-0.725156
13045164	230	0.1	-0.1	1.12869
13045164	231	0.1	-0.1	1.43179
13045164	232	0.1	-0.1	-4.92584
13045164	233	0.1	-0.1	-2.9176
13045164	234	0.1	-0.1	4.44435
13045164	235	0.1	-0.1	-1.31599
13045164	236	0.1	-0.1	-5.5907
13045164	237	0.1	-0.1	2.61938
13045164	238	0.1	-0.1	-4.39559
13045164	239	0.1	-0.1	-5.39208
13045164	240	0.1	-0.1	-0.626476
13045164	241	0.1	-0.1	3.02336
13045164	242	0.1	-0.1	0.0872615
13045164	243	0.1	-0.1	5.60776
13045164	244	0.1	-0.1	5.31372
13045164	245	0.1	-0.1	-3.64639
13045164	246	0.1	-0.1	-3.71461
13045164	247	0.1	-0.1	-4.32951
13045164	248	0.1	-0.1	-3.50021
13045164	249	0.1	-0.1	1.30506
13045164	250	0.1	-0.1	5.07954
13045164	251	0.1	-0.1	-5.98756
13045164	252	0.1	-0.1	-5.74295
13045164	253	0.1	-0.1	-2.32985
13045164	254	0.1	-0.1	0.995161
13045164	255	0.1	-0.1	-4.92835
13045164	256	0.1	-0.1	-5.73318
13045164	257	0.1	-0.1	-5.97392
13045164	258	0.1	-0.1	-4.53714
13045164	259	0.1	-0.1	0.0841165
13045164	260	0.1	-0.1	-0.825304
13045164	261	0.1	-0.1	4.94069
13045164	262	0.1	-0.1	4.71497
13045164	263	0.1	-0.1	-1.46445
13045164	264	0.1	-0.1	-0.701517
13045164	265	0.1	-0.1	-1.02415
13045164	266	0.1	-0.1	-3.21393
13045164	267	0.1	-0.1	5.78914
13045164	268	0.1	-0.1	0.699938
13045164	269	0.1	-0.1	5.82321
13045164	270	0.1	-0.1	2.47251
13045164	271	0.1	-0.1	0.113717
13045164	272	0.1	-0.1	1.46394
13045164	273	0.1	-0.1	-4.65775
13045164	274	0.1	-0.1	5.25682
13045164	275	0.1	-0.1	1.03919
13045164	276	0.1	-0.1	-1.16289
13045164	277	0.1	-0.1	5.21485
13045164	278	0.1	-0.1	0.147629
13045164	279	0.1	-0.1	3.04591
13045164	280	0.1	-0.1	2.9645
13045164	281	0.1	-0.1	5.1851
13045164	282	0.1	-0.1	2.67965
13045164	283	0.1	-0.1	-0.986115
13045164	284	0.1	-0.1	4.69466
13045164	285	0.1	-0.1	4.95875
13045164	286	0.1	-0.1	-3.39919
13045164	287	0.1	-0.1	0.0741589
13045164	288	0.1	-0.1	-1.90349
13045164	289	0.1	-0.1	1.75701
13045164	290	0.1	-0.1	-1.84793
13045164	291	0.1	-0.1	-0.122965
13045164	292	0.1	-0.1	-3.11132
13045164	293	0.1	-0.1	-0.503069
13045164	294	0.1	-0.1	-5.65287
13045164	295	0.1	-0.1	3.81039
13045164	296	0.1	-0.1	4.88963
13045164	297	0.1	-0.1	4.38773
13045164	298	0.1	-0.1	-3.50783
13045164	299	0.1	-0.1	4.18468
13045164	300	0.1	-0.1	-0.280774
13045164	301	0.1	-0.1	-4.44125
13045164	302	0.1	-0.1	-4.91404
13045164	303	0.1	-0.1	2.08935
13045164	304	0.1	-0.1	-1.43189
13045164	305	0.1	-0.1	0.89338
13045164	306	0.1	-0.1	-0.568048
13045164	307	0.1	-0.1	2.94774
13045164	308	0.1	-0.1	-2.88694
13045164	309	0.1	-0.1	0.436475
13045164	310	0.1	-0.1	0.0566037
13045164	311	0.1	-0.1	-0.875876
13045164	312	0.1	-0.1	-3.23543
13045164	313	0.1	-0.1	1.12673
13045164	314	0.1	-0.1	5.06242
13045164	315	0.1	-0.1	-3.40354
13045164	316	0.1	-0.1	-0.591332
13045164	317	0.1	-0.1	5.19513
13045164	318	0.1	-0.1	2.25742
13045164	319	0.1	-0.1	-2.45129
13045164	320	0.1	-0.1	-2.80722
13045164	321	0.1	-0.1	-0.876017
13045164	322	0.1	-0.1	4.89932
13045164	323	0.1	-0.1	0.193359
13045164	324	0.1	-0.1	0.389343
13045164	325	0.1	-0.1	0.241524
13045164	326	0.1	-0.1	-0.081333
13045164	327	0.1	-0.1	0.396434
13045164	328	0.1	-0.1	1.84861
13045164	329	0.1	-0.1	0.32114
13045164	330	0.1	-0.1	-5.02145
13045164	331	0.1	-0.1	-4.90311
13045164	332	0.1	-0.1	3.76382
13045164	333	0.1	-0.1	3.63353
13045164	334	0.1	-0.1	0.359469
13045164	335	0.1	-0.1	-1.11563
13045164	336	0.1	-0.1	0.313905
13045164	337	0.1	-0.1	0.0237762
13045164	338	0.1	-0.1	5.15745
13045164	339	0.1	-0.1	0.333586
13045164	340	0.1	-0.1	-3.9669
13045164	341	0.1	-0.1	0.31528
13045164	342	0.1	-0.1	0.898613
13045164	343	0.1	-0.1	-2.43641
13045164	344	0.1	-0.1	2.97378
13045164	345	0.1	-0.1	4.00355
13045164	346	0.1	-0.1	-4.68538
13045164	347	0.1	-0.1	3.10053
13045164	348	0.1	-0.1	5.07023
13045164	349	0.1	-0.1	-0.944747
13045164	350	0.1	-0.1	-3.83796
13045164	351	0.1	-0.1	-1.46396
13045164	352	0.1	-0.1	1.5669
13045164	353	0.1	-0.1	-2.34054
13045164	354	0.1	-0.1	5.80118
13045164	355	0.1	-0.1	-4.23053
13045164	356	0.1	-0.1	-0.0614289
13045164	357	0.1	-0.1	2.13694
13045164	358	0.1	-0.1	3.06668
13045164	359	0.1	-0.1	1.74854
13045164	360	0.1	-0.1	0.451002
13045164	361	0.1	-0.1	-1.71126
13045164	362	0.1	-0.1	-2.09994
13045164	363	0.1	-0.1	3.40117
13045164	364	0.1	-0.1	-0.719079
13045164	365	0.1	-0.1	4.36964
13045164	366	0.1	-0.1	-3.09388
13045164	367	0.1	-0.1	3.06357
13045164	368	0.1	-0.1	0.743846
13045164	369	0.1	-0.1	-1.2954
13045164	370	0.1	-0.1	-4.59801
13045164	371	0.1	-0.1	-5.27173
13045164	372	0.1	-0.1	-0.722893
13045164	373	0.1	-0.1	4.5552
13045164	374	0.1	-0.1	-3.0894
13045164	375	0.1	-0.1	-3.66867
13045164	376	0.1	-0.1	-2.65444
13045164	377	0.1	-0.1	-4.39039
13045164	378	0.1	-0.1	4.26177
13045164	379	0.1	-0.1	-1.40127
13045164	380	0.1	-0.1	-3.12489
13045164	381	0.1	-0.1	1.32774
13045164	382	0.1	-0.1	1.14482
13045164	383	0.1	-0.1	0.0871794
13045164	384	0.1	-0.1	-3.17971
13045164	385	0.1	-0.1	-0.0325745
13045164	386	0.1	-0.1	-0.939168
13045164	387	0.1	-0.1	-2.38626
13045164	388	0.1	-0.1	0.702217
13045164	389	0.1	-0.1	4.89794
13045164	390	0.1	-0.1	-2.16768
13045164	391	0.1	-0.1	0.758458
13045164	392	0.1	-0.1	0.00415763
13045164	393	0.1	-0.1	0.502608
13045164	394	0.1	-0.1	3.28231
13045164	395	0.1	-0.1	-4.83112
13045164	396	0.1	-0.1	-0.498691
13045164	397	0.1	-0.1	-2.50436
13045164	398	0.1	-0.1	-0.95353
13045164	399	0.1	-0.1	-5.10074
13045164	400	0.1	-0.1	0.287599
13045164	401	0.1	-0.1	-2.39274
13045164	402	0.1	-0.1	5.78157
13045164	403	0.1	-0.1	-3.85988
13045164	404	0.1	-0.1	-5.48882
13045164	405	0.1	-0.1	-2.71654
13045164	406	0.1	-0.1	0.270204
13045164	407	0.1	-0.1	-5.92078
13045164	408	0.1	-0.1	5.3212
13045164	409	0.1	-0.1	4.8801
13045164	410	0.1	-0.1	3.55512
13045164	411	0.1	-0.1	5.49865
13045164	412	0.1	-0.1	-2.26938
13045164	413	0.1	-0.1	-3.44329
13045164	414	0.1	-0.1	3.44356
13045164	415	0.1	-0.1	-4.23322
13045164	416	0.1	-0.1	-3.08775
13045164	417	0.1	-0.1	2.26942
13045164	418	0.1	-0.1	0.987674
13045164	419	0.1	-0.1	-2.53964
13045164	420	0.1	-0.1	-3.08967
13045164	421	0.1	-0.1	-4.45833
13045164	422	0.1	-0.1	-3.77704
13045164	423	0.1	-0.1	2.10193
13045164	424	0.1	-0.1	-1.22192
13045164	425	0.1	-0.1	2.17347
13045164	426	0.1	-0.1	-4.66457
13045164	427	0.1	-0.1	4.55811
13045164	428	0.1	-0.1	0.781588
13045164	429	0.1	-0.1	5.99146
13045164	430	0.1	-0.1	-0.553215
13045164	431	0.1	-0.1	1.09518
13045164	432	0.1	-0.1	0.995271
13045164	433	0.1	-0.1	2.5429
13045164	434	0.1	-0.1	-2.19147
13045164	435	0.1	-0.1	2.98299
13045164	436	0.1	-0.1	5.78423
13045164	437	0.1	-0.1	3.5241
13045164	438	0.1	-0.1	5.51657
13045164	439	0.1	-0.1	-1.75091
13045164	440	0.1	-0.1	-3.41085
13045164	441	0.1	-0.1	0.755498
13045164	442	0.1	-0.1	-4.90738
13045164	443	0.1	-0.1	5.67326
13045164	444	0.1	-0.1	5.9284
13045164	445	0.1	-0.1	0.337963
13045164	446	0.1	-0.1	-2.17944
13045164	447	0.1	-0.1	-2.88652
13045164	448	0.1	-0.1	5.99406
13045164	449	0.1	-0.1	1.32039
13045164	450	0.1	-0.1	-5.02324
13045164	451	0.1	-0.1	5.56433
13045164	452	0.1	-0.1	2.92602
13045164	453	0.1	-0.1	-5.89503
13045164	454	0.1	-0.1	4.35282
13045164	455	0.1	-0.1	5.34032
13045164	456	0.1	-0.1	-0.024738
13045164	457	0.1	-0.1	-1.32498
13045164	458	0.1	-0.1	2.27342
13045164	459	0.1	-0.1	5.89386
13045164	460	0.1	-0.1	-1.28351
13045164	461	0.1	-0.1	-0.451614
13045164	462	0.1	-0.1	0.828973
13045164	463	0.1	-0.1	0.526586
13045164	464	0.1	-0.1	-5.65703
13045164	465	0.1	-0.1	-0.898451
13045164	466	0.1	-0.1	4.31695
13045164	467	0.1	-0.1	3.38618
13045164	468	0.1	-0.1	-2.25369
13045164	469	0.1	-0.1	1.52376
13045164	470	0.1	-0.1	3.42523
13045164	471	0.1	-0.1	-5.8506
13045164	472	0.1	-0.1	4.78072
13045164	473	0.1	-0.1	-4.6791
13045164	474	0.1	-0.1	-1.79282
13045164	475	0.1	-0.1	3.19862
13045164	476	0.1	-0.1	1.72062
13045164	477	0.1	-0.1	3.62497
13045164	478	0.1	-0.1	-3.96154
13045164	479	0.1	-0.1	-5.54287
13045164	480	0.1	-0.1	4.06924
13045164	481	0.1	-0.1	-0.458553
13045164	482	0.1	-0.1	4.70253
13045164	483	0.1	-0.1	-1.07375
13045164	484	0.1	-0.1	1.43664
13045164	485	0.1	-0.1	0.0675645
13045164	486	0.1	-0.1	-5.10271
13045164	487	0.1	-0.1	-0.762012
13045164	488	0.1	-0.1	2.89701
13045164	489	0.1	-0.1	-5.21917
13045164	490	0.1	-0.1	3.21321
13045164	491	0.1	-0.1	-3.88139
13045164	492	0.1	-0.1	-3.16129
13045164	493	0.1	-0.1	-3.90086
13045164	494	0.1	-0.1	-0.0275276
13045164	495	0.1	-0.1	3.23335
13045164	496	0.1	-0.1	5.25657
13045164	497	0.1	-0.1	-5.43818
13045164	498	0.1	-0.1	2.95671
13045164	499	0.1	-0.1	0.78167
13045164	500	0.1	-0.1	4.33284
13045164	501	0.1	-0.1	-1.18954
13045164	502	0.1	-0.1	5.85301
13045164	503	0.1	-0.1	-1.25557
13045164	504	0.1	-0.1	-4.53517
13045164	505	0.1	-0.1	1.26386
13045164	506	0.1	-0.1	1.17046
13045164	507	0.1	-0.1	5.19299
13045164	508	0.1	-0.1	-2.73405
13045164	509	0.1	-0.1	-4.66306
13045164	510	0.1	-0.1	0.469495
13045164	511	0.1	-0.1	1.22653
13045164	512	0.1	-0.1	2.42083
13045164	513	0.1	-0.1	2.00585
13045164	514	0.1	-0.1	-2.35301
13045164	515	0.1	-0.1	1.13384
13045164	516	0.1	-0.1	1.05056
13045164	517	0.1	-0.1	3.71789
13045164	518	0.1	-0.1	-1.22555
13045164	519	0.1	-0.1	-1.74418
13045164	520	0.1	-0.1	-5.23018
13045164	521	0.1	-0.1	4.71606
13045164	522	0.1	-0.1	-0.941432
13045164	523	0.1	-0.1	-5.79825
13045164	524	0.1	-0.1	5.1568
13045164	525	0.1	-0.1	-4.02861
13045164	526	0.1	-0.1	5.35313
13045164	527	0.1	-0.1	-4.6759
13045164	528	0.1	-0.1	4.84945
13045164	529	0.1	-0.1	-5.17259
13045164	530	0.1	-0.1	4.54746
13045164	531	0.1	-0.1	0.71317
13045164	532	0.1	-0.1	1.30439
13045164	533	0.1	-0.1	3.10068
13045164	534	0.1	-0.1	2.21209
13045164	535	0.1	-0.1	-5.06411
13045164	536	0.1	-0.1	1.63013
13045164	537	0.1	-0.1	3.65765
13045164	538	0.1	-0.1	-4.90401
13045164	539	0.1	-0.1	4.09019
13045164	540	0.1	-0.1	1.47424
13045164	541	0.1	-0.1	-1.2735
13045164	542	0.1	-0.1	-1.29135
13045164	543	0.1	-0.1	-0.312
13045164	544	0.1	-0.1	3.72427
13045164	545	0.1	-0.1	5.68688
13045164	546	0.1	-0.1	0.978485
13045164	547	0.1	-0.1	0.911932
13045164	548	0.1	-0.1	5.36738
13045164	549	0.1	-0.1	-5.96364
13045164	550	0.1	-0.1	2.00908
13045164	551	0.1	-0.1	-5.66505
13045164	552	0.1	-0.1	3.63953
13045164	553	0.1	-0.1	-4.14462
13045164	554	0.1	-0.1	4.36266
13045164	555	0.1	-0.1	-5.83191
13045164	556	0.1	-0.1	1.67483
13045164	557	0.1	-0.1	4.94378
13045164	558	0.1	-0.1	4.33114
13045164	559	0.1	-0.1	-1.04086
13045164	560	0.1	-0.1	2.26309
13045164	561	0.1	-0.1	-4.44863
13045164	562	0.1	-0.1	-0.0648027
13045164	563	0.1	-0.1	3.82563
13045164	564	0.1	-0.1	-0.334454
13045164	565	0.1	-0.1	-5.18937
13045164	566	0.1	-0.1	1.43719
13045164	567	0.1	-0.1	2.43773
13045164	568	0.1	-0.1	5.36018
13045164	569	0.1	-0.1	3.68045
13045164	570	0.1	-0.1	2.46181
13045164	571	0.1	-0.1	-0.555119
13045164	572	0.1	-0.1	0.646406
13045164	573	0.1	-0.1	2.4442
13045164	574	0.1	-0.1	3.97922
13045164	575	0.1	-0.1	4.46094
13045164	576	0.1	-0.1	-5.60094
13045164	577	0.1	-0.1	-1.57595
13045164	578	0.1	-0.1	0.360757
13045164	579	0.1	-0.1	-4.86795
13045164	580	0.1	-0.1	-4.30893
13045164	581	0.1	-0.1	-3.26036
13045164	582	0.1	-0.1	-2.69814
13045164	583	0.1	-0.1	3.09417
13045164	584	0.1	-0.1	-4.33119
13045164	585	0.1	-0.1	-3.21589
13045164	586	0.1	-0.1	-5.14596
13045164	587	0.1	-0.1	3.30258
13045164	588	0.1	-0.1	1.03795
13045164	589	0.1	-0.1	1.63211
13045164	590	0.1	-0.1	-3.92974
13045164	591	0.1	-0.1	4.37751
13045164	592	0.1	-0.1	5.93199
13045164	593	0.1	-0.1	-5.7042
13045164	594	0.1	-0.1	5.06387
13045164	595	0.1	-0.1	4.40022
13045164	596	0.1	-0.1	1.54569
13045164	597	0.1	-0.1	-0.0801231
13045164	598	0.1	-0.1	1.61688
13045164	599	0.1	-0.1	4.76991
13045164	600	0.1	-0.1	-2.29053
13045164	601	0.1	-0.1	0.512626
13045164	602	0.1	-0.1	-2.78889
13045164	603	0.1	-0.1	0.813376
13045164	604	0.1	-0.1	-3.97766
13045164	605	0.1	-0.1	0.834293
13045164	606	0.1	-0.1	3.6313
13045164	607	0.1	-0.1	5.1015
13045164	608	0.1	-0.1	1.24662
13045164	609	0.1	-0.1	-0.81307
13045164	610	0.1	-0.1	-3.9386
13045164	611	0.1	-0.1	-2.28502
13045164	612	0.1	-0.1	-0.0805568
13045164	613	0.1	-0.1	-3.10136
13045164	614	0.1	-0.1	2.83871
13045164	615	0.1	-0.1	-1.92864
13045164	616	0.1	-0.1	-5.33794
13045164	617	0.1	-0.1	-0.383783
13045164	618	0.1	-0.1	-2.24081
13045164	619	0.1	-0.1	2.66288
13045164	620	0.1	-0.1	2.88039
13045164	621	0.1	-0.1	-4.58387
13045164	622	0.1	-0.1	3.95923
13045164	623	0.1	-0.1	3.42067
13045164	624	0.1	-0.1	-4.66559
13045164	625	0.1	-0.1	-0.870247
13045164	626	0.1	-0.1	5.75241
13045164	627	0.1	-0.1	3.84463
13045164	628	0.1	-0.1	2.83348
13045164	629	0.1	-0.1	-5.69374
13045164	630	0.1	-0.1	2.39469
13045164	631	0.1	-0.1	2.3156
13045164	632	0.1	-0.1	-5.06282
13045164	633	0.1	-0.1	-1.54979
13045164	634	0.1	-0.1	5.58864
13045164	635	0.1	-0.1	1.46058
13045164	636	0.1	-0.1	2.92831
13045164	637	0.1	-0.1	3.32973
13045164	638	0.1	-0.1	5.2048
13045164	639	0.1	-0.1	-5.91696
13045164	640	0.1	-0.1	-3.55738
13045164	641	0.1	-0.1	0.602365
13045164	642	0.1	-0.1	-1.77955
13045164	643	0.1	-0.1	4.01851
13045164	644	0.1	-0.1	-4.07319
13045164	645	0.1	-0.1	3.26377
13045164	646	0.1	-0.1	-4.22776
13045164	647	0.1	-0.1	-3.69242
13045164	648	0.1	-0.1	3.66837
13045164	649	0.1	-0.1	3.73274
13045164	650	0.1	-0.1	-4.65156
13045164	651	0.1	-0.1	-4.79828
13045164	652	0.1	-0.1	0.566318
13045164	653	0.1	-0.1	2.40592
13045164	654	0.1	-0.1	5.70278
13045164	655	0.1	-0.1	-1.1727
13045164	656	0.1	-0.1	-0.243376
13045164	657	0.1	-0.1	2.15524
13045164	658	0.1	-0.1	-4.26161
13045164	659	0.1	-0.1	1.42598
13045164	660	0.1	-0.1	-5.29815
13045164	661	0.1	-0.1	5.35752
13045164	662	0.1	-0.1	-5.73967
13045164	663	0.1	-0.1	0.689941
13045164	664	0.1	-0.1	-3.01247
13045164	665	0.1	-0.1	-5.45349
13045164	666	0.1	-0.1	-0.772981
13045164	667	0.1	-0.1	5.1311
13045164	668	0.1	-0.1	3.46457
13045164	669	0.1	-0.1	2.91546
13045164	670	0.1	-0.1	-4.00651
13045164	671	0.1	-0.1	2.46413
13045164	672	0.1	-0.1	3.39785
13045164	673	0.1	-0.1	3.90168
13045164	674	0.1	-0.1	4.47856
13045164	675	0.1	-0.1	0.828913
13045164	676	0.1	-0.1	-4.61785
13045164	677	0.1	-0.1	-2.87616
13045164	678	0.1	-0.1	-3.16945
13045164	679	0.1	-0.1	3.85542
13045164	680	0.1	-0.1	3.68711
13045164	681	0.1	-0.1	0.933586
13045164	682	0.1	-0.1	0.18374
13045164	683	0.1	-0.1	5.37887
13045164	684	0.1	-0.1	2.84422
13045164	685	0.1	-0.1	-1.08677
13045164	686	0.1	-0.1	-2.61152
13045164	687	0.1	-0.1	5.47474
13045164	688	0.1	-0.1	-1.94879
13045164	689	0.1	-0.1	1.79651
13045164	690	0.1	-0.1	-2.1749
13045164	691	0.1	-0.1	-4.97577
13045164	692	0.1	-0.1	3.80077
13045164	693	0.1	-0.1	-0.409432
13045164	694	0.1	-0.1	-3.53721
13045164	695	0.1	-0.1	-5.8441
13045164	696	0.1	-0.1	5.73807
13045164	697	0.1	-0.1	1.63728
13045164	698	0.1	-0.1	-3.56095
13045164	699	0.1	-0.1	-3.13906
13045164	700	0.1	-0.1	-0.0925889
13045164	701	0.1	-0.1	4.91053
13045164	702	0.1	-0.1	-2.43827
13045164	703	0.1	-0.1	-4.98459
13045164	704	0.1	-0.1	1.37884
13045164	705	0.1	-0.1	-3.74827
13045164	706	0.1	-0.1	0.652306
13045164	707	0.1	-0.1	-5.79131
13045164	708	0.1	-0.1	-1.27484
13045164	709	0.1	-0.1	5.07174
13045164	710	0.1	-0.1	2.31887
13045164	711	0.1	-0.1	-5.25762
13045164	712	0.1	-0.1	-3.67229
13045164	713	0.1	-0.1	4.41949
13045164	714	0.1	-0.1	0.0314399
13045164	715	0.1	-0.1	-1.24206
13045164	716	0.1	-0.1	3.84781
13045164	717	0.1	-0.1	3.63018
13045164	718	0.1	-0.1	4.20334
13045164	719	0.1	-0.1	3.59626
13045164	720	0.1	-0.1	2.63401
13045164	721	0.1	-0.1	1.40295
13045164	722	0.1	-0.1	-0.0851088
13045164	723	0.1	-0.1	2.03052
13045164	724	0.1	-0.1	3.69954
13045164	725	0.1	-0.1	0.133722
13045164	726	0.1	-0.1	-3.8463
13045164	727	0.1	-0.1	-5.03161
13045164	728	0.1	-0.1	-1.90284
13045164	729	0.1	-0.1	-5.31181
13045164	730	0.1	-0.1	1.02836
13045164	731	0.1	-0.1	-1.77718
13045164	732	0.1	-0.1	5.99793
13045164	733	0.1	-0.1	-4.30246
13045164	734	0.1	-0.1	0.730313
13045164	735	0.1	-0.1	-4.86638
13045164	736	0.1	-0.1	0.675482
13045164	737	0.1	-0.1	1.62567
13045164	738	0.1	-0.1	-4.02644
13045164	739	0.1	-0.1	-4.83339
13045164	740	0.1	-0.1	-1.42177
13045164	741	0.1	-0.1	1.50091
13045164	742	0.1	-0.1	4.39949
13045164	743	0.1	-0.1	-1.62806
13045164	744	0.1	-0.1	3.02462
13045164	745	0.1	-0.1	-5.37054
13045164	746	0.1	-0.1	4.26859
13045164	747	0.1	-0.1	-1.27577
13045164	748	0.1	-0.1	-0.745128
13045164	749	0.1	-0.1	-4.58417
13045164	750	0.1	-0.1	2.82438
13045164	751	0.1	-0.1	1.76892
13045164	752	0.1	-0.1	-1.02516
13045164	753	0.1	-0.1	-5.25553
13045164	754	0.1	-0.1	4.12287
13045164	755	0.1	-0.1	4.5768
13045164	756	0.1	-0.1	-1.02438
13045164	757	0.1	-0.1	-1.36128
13045164	758	0.1	-0.1	-2.83411
13045164	759	0.1	-0.1	4.36654
13045164	760	0.1	-0.1	4.30065
13045164	761	0.1	-0.1	4.47511
13045164	762	0.1	-0.1	-4.37736
13045164	763	0.1	-0.1	3.5306
13045164	764	0.1	-0.1	-5.42377
13045164	765	0.1	-0.1	-3.98155
13045164	766	0.1	-0.1	-4.5561
13045164	767	0.1	-0.1	-5.7775
13045164	768	0.1	-0.1	-3.05305
13045164	769	0.1	-0.1	-5.08745
13045164	770	0.1	-0.1	2.86277
13045164	771	0.1	-0.1	-3.54123
13045164	772	0.1	-0.1	3.75289
13045164	773	0.1	-0.1	5.38143
13045164	774	0.1	-0.1	2.84721
13045164	775	0.1	-0.1	1.48584
13045164	776	0.1	-0.1	-4.03826
13045164	777	0.1	-0.1	-0.678373
13045164	778	0.1	-0.1	-2.16488
13045164	779	0.1	-0.1	-4.06788
13045164	780	0.1	-0.1	1.65026
13045164	781	0.1	-0.1	-1.114
13045164	782	0.1	-0.1	2.18966
13045164	783	0.1	-0.1	5.7002
13045164	784	0.1	-0.1	4.78758
13045164	785	0.1	-0.1	-5.01505
13045164	786	0.1	-0.1	-0.564062
13045164	787	0.1	-0.1	-5.95666
13045164	788	0.1	-0.1	1.53134
13045164	789	0.1	-0.1	5.21767
13045164	790	0.1	-0.1	2.99735
13045164	791	0.1	-0.1	5.91014
13045164	792	0.1	-0.1	-0.491728
13045164	793	0.1	-0.1	-5.8758
13045164	794	0.1	-0.1	5.27388
13045164	795	0.1	-0.1	4.83139
13045164	796	0.1	-0.1	-3.62477
13045164	797	0.1	-0.1	-0.377121
13045164	798	0.1	-0.1	3.48779
13045164	799	0.1	-0.1	0.971192
13045164	800	0.1	-0.1	5.80923
13045164	801	0.1	-0.1	-2.42908
13045164	802	0.1	-0.1	2.72784
13045164	803	0.1	-0.1	3.07613
13045164	804	0.1	-0.1	5.83113
13045164	805	0.1	-0.1	3.00179
13045164	806	0.1	-0.1	5.98487
13045164	807	0.1	-0.1	5.979
13045164	808	0.1	-0.1	-3.88752
13045164	809	0.1	-0.1	1.55879
13045164	810	0.1	-0.1	0.0466035
13045164	811	0.1	-0.1	4.42261
13045164	812	0.1	-0.1	0.126829
13045164	813	0.1	-0.1	2.13486
13045164	814	0.1	-0.1	-5.65264
13045164	815	0.1	-0.1	-3.48591
13045164	816	0.1	-0.1	-0.717773
13045164	817	0.1	-0.1	-0.183207
13045164	818	0.1	-0.1	-3.91547
13045164	819	0.1	-0.1	-4.30576
13045164	820	0.1	-0.1	-4.09302
13045164	821	0.1	-0.1	-2.25994
13045164	822	0.1	-0.1	-0.300212
13045164	823	0.1	-0.1	-4.30397
13045164	824	0.1	-0.1	-4.0881
13045164	825	0.1	-0.1	4.57227
13045164	826	0.1	-0.1	-1.87899
13045164	827	0.1	-0.1	-0.0880304
13045164	828	0.1	-0.1	5.45858
13045164	829	0.1	-0.1	-4.12287
13045164	830	0.1	-0.1	5.53735
13045164	831	0.1	-0.1	-4.03735
13045164	832	0.1	-0.1	-3.01346
13045164	833	0.1	-0.1	-2.18006
13045164	834	0.1	-0.1	0.915069
13045164	835	0.1	-0.1	2.45339
13045164	836	0.1	-0.1	3.24077
13045164	837	0.1	-0.1	-2.43111
13045164	838	0.1	-0.1	2.1779
13045164	839	0.1	-0.1	5.89459
13045164	840	0.1	-0.1	-0.460974
13045164	841	0.1	-0.1	-1.52203
13045164	842	0.1	-0.1	1.77495
13045164	843	0.1	-0.1	-3.38258
13045164	844	0.1	-0.1	-1.71118
13045164	845	0.1	-0.1	5.92656
13045164	846	0.1	-0.1	2.50573
13045164	847	0.1	-0.1	1.12859
13045164	848	0.1	-0.1	-1.51932
13045164	849	0.1	-0.1	2.62349
13045164	850	0.1	-0.1	-1.53962
13045164	851	0.1	-0.1	0.364875
13045164	852	0.1	-0.1	-4.74582
13045164	853	0.1	-0.1	4.07751
13045164	854	0.1	-0.1	-1.95671
13045164	855	0.1	-0.1	0.88162
13045164	856	0.1	-0.1	-2.87825
13045164	857	0.1	-0.1	-3.65865
13045164	858	0.1	-0.1	2.59911
13045164	859	0.1	-0.1	1.26508
13045164	860	0.1	-0.1	-3.94273
13045164	861	0.1	-0.1	-5.99877
13045164	862	0.1	-0.1	-0.457248
13045164	863	0.1	-0.1	2.84187
13045164	864	0.1	-0.1	-5.18537
13045164	865	0.1	-0.1	-5.28065
13045164	866	0.1	-0.1	1.45267
13045164	867	0.1	-0.1	-2.89666
13045164	868	0.1	-0.1	5.91405
13045164	869	0.1	-0.1	2.91203
13045164	870	0.1	-0.1	0.701983
13045164	871	0.1	-0.1	2.1217
13045164	872	0.1	-0.1	-5.69164
13045164	873	0.1	-0.1	-2.5786
13045164	874	0.1	-0.1	3.36565
13045164	875	0.1	-0.1	2.88722
13045164	876	0.1	-0.1	4.42128
13045164	877	0.1	-0.1	4.87645
13045164	878	0.1	-0.1	-4.99641
13045164	879	0.1	-0.1	-0.183717
13045164	880	0.1	-0.1	-1.65383
13045164	881	0.1	-0.1	-2.95831
13045164	882	0.1	-0.1	2.82797
13045164	883	0.1	-0.1	-1.52111
13045164	884	0.1	-0.1	-3.36349
13045164	885	0.1	-0.1	-5.57421
13045164	886	0.1	-0.1	-4.8078
13045164	887	0.1	-0.1	-3.21525
13045164	888	0.1	-0.1	-3.36189
13045164	889	0.1	-0.1	-1.39625
13045164	890	0.1	-0.1	-2.23688
13045164	891	0.1	-0.1	2.66623
13045164	892	0.1	-0.1	-1.24776
13045164	893	0.1	-0.1	-0.326703
13045164	894	0.1	-0.1	0.524316
13045164	895	0.1	-0.1	-2.10277
13045164	896	0.1	-0.1	-1.51995
13045164	897	0.1	-0.1	-2.8146
13045164	898	0.1	-0.1	5.54256
13045164	899	0.1	-0.1	-4.28945
13045164	900	0.1	-0.1	-4.85476
13045164	901	0.1	-0.1	0.791346
13045164	902	0.1	-0.1	3.48703
13045164	903	0.1	-0.1	4.0434
13045164	904	0.1	-0.1	-3.79951
13045164	905	0.1	-0.1	0.142792
13045164	906	0.1	-0.1	4.28014
13045164	907	0.1	-0.1	-3.58472
13045164	908	0.1	-0.1	-4.86632
13045164	909	0.1	-0.1	-2.52337
13045164	910	0.1	-0.1	-2.71506
13045164	911	0.1	-0.1	-3.23265
13045164	912	0.1	-0.1	1.65229
13045164	913	0.1	-0.1	-4.18241
13045164	914	0.1	-0.1	-0.976104
13045164	915	0.1	-0.1	-3.20648
13045164	916	0.1	-0.1	3.03921
13045164	917	0.1	-0.1	-3.7397
13045164	918	0.1	-0.1	-3.87171
13045164	919	0.1	-0.1	3.07522
13045164	920	0.1	-0.1	-4.77621
13045164	921	0.1	-0.1	3.19019
13045164	922	0.1	-0.1	1.7108
13045164	923	0.1	-0.1	5.39194
13045164	924	0.1	-0.1	3.04303
13045164	925	0.1	-0.1	-4.29474
13045164	926	0.1	-0.1	1.05197
13045164	927	0.1	-0.1	-2.32716
13045164	928	0.1	-0.1	0.591597
13045164	929	0.1	-0.1	1.56521
13045164	930	0.1	-0.1	-0.0666145
13045164	931	0.1	-0.1	-0.467135
13045164	932	0.1	-0.1	-1.36395
13045164	933	0.1	-0.1	-5.64269
13045164	934	0.1	-0.1	-2.45241
13045164	935	0.1	-0.1	-4.77469
13045164	936	0.1	-0.1	0.929085
13045164	937	0.1	-0.1	1.79783
13045164	938	0.1	-0.1	0.874134
13045164	939	0.1	-0.1	-5.20677
13045164	940	0.1	-0.1	-2.41952
13045164	941	0.1	-0.1	-1.08149
13045164	942	0.1	-0.1	3.44053
13045164	943	0.1	-0.1	4.98711
13045164	944	0.1	-0.1	0.266355
13045164	945	0.1	-0.1	-0.335344
13045164	946	0.1	-0.1	2.84608
13045164	947	0.1	-0.1	-3.8742
13045164	948	0.1	-0.1	-2.60472
13045164	949	0.1	-0.1	2.94446
13045164	950	0.1	-0.1	-4.62127
13045164	951	0.1	-0.1	4.22006
13045164	952	0.1	-0.1	3.34773
13045164	953	0.1	-0.1	-0.161849
13045164	954	0.1	-0.1	2.50402
13045164	955	0.1	-0.1	-4.1264
13045164	956	0.1	-0.1	2.60259
13045164	957	0.1	-0.1	1.79085
13045164	958	0.1	-0.1	-4.59489
13045164	959	0.1	-0.1	2.91074
13045164	960	0.1	-0.1	-3.66967
13045164	961	0.1	-0.1	-0.550948
13045164	962	0.1	-0.1	1.63285
13045164	963	0.1	-0.1	2.09792
13045164	964	0.1	-0.1	2.38433
13045164	965	0.1	-0.1	-0.0939261
13045164	966	0.1	-0.1	-4.54114
13045164	967	0.1	-0.1	-2.99521
13045164	968	0.1	-0.1	-5.02304
13045164	969	0.1	-0.1	-2.35924
13045164	970	0.1	-0.1	3.78147
13045164	971	0.1	-0.1	3.44037
13045164	972	0.1	-0.1	1.68175
13045164	973	0.1	-0.1	3.9763
13045164	974	0.1	-0.1	0.0485767
13045164	975	0.1	-0.1	-5.40814
13045164	976	0.1	-0.1	-4.00357
13045164	977	0.1	-0.1	2.4659
13045164	978	0.1	-0.1	0.769319
13045164	979	0.1	-0.1	-4.55264
13045164	980	0.1	-0.1	-1.4116
13045164	981	0.1	-0.1	-2.91985
13045164	982	0.1	-0.1	-5.3626
13045164	983	0.1	-0.1	-1.16545
13045164	984	0.1	-0.1	3.90949
13045164	985	0.1	-0.1	0.063712
13045164	986	0.1	-0.1	5.32681
13045164	987	0.1	-0.1	-0.615593
13045164	988	0.1	-0.1	-1.47327
13045164	989	0.1	-0.1	-0.453592
13045164	990	0.1	-0.1	-1.26225
13045164	991	0.1	-0.1	-3.36159
13045164	992	0.1	-0.1	3.73761
13045164	993	0.1	-0.1	1.96674
13045164	994	0.1	-0.1	1.69277
13045164	995	0.1	-0.1	1.65208
13045164	996	0.1	-0.1	-3.91633
13045164	997	0.1	-0.1	1.14143
13045164	998	0.1	-0.1	-3.63094
13045164	999	0.1	-0.1	4.75456
13045164	1000	0.1	-0.1	-2.31711
