13043013	1	0.1	-0.1	-5.47356
13043013	2	0.1	-0.1	-4.5005
13043013	3	0.1	-0.1	5.81888
13043013	4	0.1	-0.1	0.328573
13043013	5	0.1	-0.1	4.83734
13043013	6	0.1	-0.1	-0.348098
13043013	7	0.1	-0.1	-1.18179
13043013	8	0.1	-0.1	-3.06148
13043013	9	0.1	-0.1	1.65532
13043013	10	0.1	-0.1	3.05837
13043013	11	0.1	-0.1	-4.12887
13043013	12	0.1	-0.1	1.18185
13043013	13	0.1	-0.1	-4.06881
13043013	14	0.1	-0.1	-2.35035
13043013	15	0.1	-0.1	5.44692
13043013	16	0.1	-0.1	-1.34504
13043013	17	0.1	-0.1	1.9417
13043013	18	0.1	-0.1	3.42455
13043013	19	0.1	-0.1	-3.04507
13043013	20	0.1	-0.1	1.57797
13043013	21	0.1	-0.1	-1.56687
13043013	22	0.1	-0.1	1.9362
13043013	23	0.1	-0.1	-0.419923
13043013	24	0.1	-0.1	4.40985
13043013	25	0.1	-0.1	5.23326
13043013	26	0.1	-0.1	4.08882
13043013	27	0.1	-0.1	-0.973544
13043013	28	0.1	-0.1	1.30699
13043013	29	0.1	-0.1	-1.38175
13043013	30	0.1	-0.1	2.67991
13043013	31	0.1	-0.1	-0.995388
13043013	32	0.1	-0.1	-0.444574
13043013	33	0.1	-0.1	-0.37228
13043013	34	0.1	-0.1	5.31883
13043013	35	0.1	-0.1	5.84351
13043013	36	0.1	-0.1	2.58169
13043013	37	0.1	-0.1	1.48337
13043013	38	0.1	-0.1	-5.11424
13043013	39	0.1	-0.1	1.63885
13043013	40	0.1	-0.1	-5.74136
13043013	41	0.1	-0.1	3.23014
13043013	42	0.1	-0.1	0.103822
13043013	43	0.1	-0.1	-3.02466
13043013	44	0.1	-0.1	2.75606
13043013	45	0.1	-0.1	-2.29827
13043013	46	0.1	-0.1	4.52742
13043013	47	0.1	-0.1	4.45565
13043013	48	0.1	-0.1	5.91748
13043013	49	0.1	-0.1	-5.29547
13043013	50	0.1	-0.1	1.65797
13043013	51	0.1	-0.1	-5.85454
13043013	52	0.1	-0.1	-1.3082
13043013	53	0.1	-0.1	2.04324
13043013	54	0.1	-0.1	3.92699
13043013	55	0.1	-0.1	4.70083
13043013	56	0.1	-0.1	-0.510377
13043013	57	0.1	-0.1	0.360763
13043013	58	0.1	-0.1	5.93303
13043013	59	0.1	-0.1	5.59026
13043013	60	0.1	-0.1	-5.75362
13043013	61	0.1	-0.1	-1.54389
13043013	62	0.1	-0.1	-3.8104
13043013	63	0.1	-0.1	4.43412
13043013	64	0.1	-0.1	-1.09811
13043013	65	0.1	-0.1	-5.41286
13043013	66	0.1	-0.1	5.13099
13043013	67	0.1	-0.1	4.56976
13043013	68	0.1	-0.1	2.58958
13043013	69	0.1	-0.1	5.73006
13043013	70	0.1	-0.1	4.50044
13043013	71	0.1	-0.1	-0.159808
13043013	72	0.1	-0.1	0.635861
13043013	73	0.1	-0.1	1.75679
13043013	74	0.1	-0.1	-3.21082
13043013	75	0.1	-0.1	3.95498
13043013	76	0.1	-0.1	-1.97077
13043013	77	0.1	-0.1	-1.55906
13043013	78	0.1	-0.1	3.26557
13043013	79	0.1	-0.1	-3.17087
13043013	80	0.1	-0.1	-1.3012
13043013	81	0.1	-0.1	3.47311
13043013	82	0.1	-0.1	-3.9696
13043013	83	0.1	-0.1	-0.965421
13043013	84	0.1	-0.1	2.13286
13043013	85	0.1	-0.1	-1.76235
13043013	86	0.1	-0.1	-0.923826
13043013	87	0.1	-0.1	-2.72742
13043013	88	0.1	-0.1	-4.26819
13043013	89	0.1	-0.1	-4.29753
13043013	90	0.1	-0.1	1.87627
13043013	91	0.1	-0.1	-3.81213
13043013	92	0.1	-0.1	-1.7383
13043013	93	0.1	-0.1	-3.76754
13043013	94	0.1	-0.1	-3.21256
13043013	95	0.1	-0.1	5.67422
13043013	96	0.1	-0.1	-1.60583
13043013	97	0.1	-0.1	-2.02808
13043013	98	0.1	-0.1	-1.99625
13043013	99	0.1	-0.1	4.89913
13043013	100	0.1	-0.1	3.48697
13043013	101	0.1	-0.1	-0.105188
13043013	102	0.1	-0.1	-2.8877
13043013	103	0.1	-0.1	5.93823
13043013	104	0.1	-0.1	-5.08523
13043013	105	0.1	-0.1	-2.70838
13043013	106	0.1	-0.1	2.28584
13043013	107	0.1	-0.1	-0.95889
13043013	108	0.1	-0.1	0.380667
13043013	109	0.1	-0.1	5.90046
13043013	110	0.1	-0.1	0.510179
13043013	111	0.1	-0.1	-4.1203
13043013	112	0.1	-0.1	5.96399
13043013	113	0.1	-0.1	3.69365
13043013	114	0.1	-0.1	2.5206
13043013	115	0.1	-0.1	-1.58192
13043013	116	0.1	-0.1	2.94002
13043013	117	0.1	-0.1	-2.01237
13043013	118	0.1	-0.1	2.08107
13043013	119	0.1	-0.1	3.38533
13043013	120	0.1	-0.1	1.58726
13043013	121	0.1	-0.1	0.112528
13043013	122	0.1	-0.1	-0.50299
13043013	123	0.1	-0.1	-0.828957
13043013	124	0.1	-0.1	2.16193
13043013	125	0.1	-0.1	2.19757
13043013	126	0.1	-0.1	5.9791
13043013	127	0.1	-0.1	-1.32311
13043013	128	0.1	-0.1	2.11825
13043013	129	0.1	-0.1	-4.96065
13043013	130	0.1	-0.1	3.21298
13043013	131	0.1	-0.1	-5.70897
13043013	132	0.1	-0.1	-5.44941
13043013	133	0.1	-0.1	0.398048
13043013	134	0.1	-0.1	-0.163122
13043013	135	0.1	-0.1	-0.310353
13043013	136	0.1	-0.1	-5.415
13043013	137	0.1	-0.1	-1.50594
13043013	138	0.1	-0.1	-0.714612
13043013	139	0.1	-0.1	-4.82101
13043013	140	0.1	-0.1	5.57928
13043013	141	0.1	-0.1	0.579662
13043013	142	0.1	-0.1	2.43345
13043013	143	0.1	-0.1	4.19817
13043013	144	0.1	-0.1	-2.33561
13043013	145	0.1	-0.1	-1.63865
13043013	146	0.1	-0.1	-4.58747
13043013	147	0.1	-0.1	-3.47686
13043013	148	0.1	-0.1	-5.89944
13043013	149	0.1	-0.1	-2.88128
13043013	150	0.1	-0.1	1.47772
13043013	151	0.1	-0.1	-5.70806
13043013	152	0.1	-0.1	-3.66275
13043013	153	0.1	-0.1	5.36297
13043013	154	0.1	-0.1	2.10201
13043013	155	0.1	-0.1	-5.0714
13043013	156	0.1	-0.1	-4.49942
13043013	157	0.1	-0.1	4.94686
13043013	158	0.1	-0.1	-3.75199
13043013	159	0.1	-0.1	-3.27617
13043013	160	0.1	-0.1	-3.02207
13043013	161	0.1	-0.1	-0.941165
13043013	162	0.1	-0.1	-2.0283
13043013	163	0.1	-0.1	-1.93734
13043013	164	0.1	-0.1	3.2184
13043013	165	0.1	-0.1	-0.84677
13043013	166	0.1	-0.1	1.51315
13043013	167	0.1	-0.1	-1.31946
13043013	168	0.1	-0.1	2.54527
13043013	169	0.1	-0.1	-1.02459
13043013	170	0.1	-0.1	4.23888
13043013	171	0.1	-0.1	-0.545337
13043013	172	0.1	-0.1	4.89951
13043013	173	0.1	-0.1	-3.72278
13043013	174	0.1	-0.1	1.58103
13043013	175	0.1	-0.1	3.70366
13043013	176	0.1	-0.1	1.92724
13043013	177	0.1	-0.1	-0.304288
13043013	178	0.1	-0.1	-2.76756
13043013	179	0.1	-0.1	4.02439
13043013	180	0.1	-0.1	5.75229
13043013	181	0.1	-0.1	0.366781
13043013	182	0.1	-0.1	3.49402
13043013	183	0.1	-0.1	5.75749
13043013	184	0.1	-0.1	1.19289
13043013	185	0.1	-0.1	4.81759
13043013	186	0.1	-0.1	2.28882
13043013	187	0.1	-0.1	5.20532
13043013	188	0.1	-0.1	-2.04136
13043013	189	0.1	-0.1	-4.75042
13043013	190	0.1	-0.1	2.04042
13043013	191	0.1	-0.1	-1.20764
13043013	192	0.1	-0.1	5.39585
13043013	193	0.1	-0.1	2.00964
13043013	194	0.1	-0.1	-5.34737
13043013	195	0.1	-0.1	1.56414
13043013	196	0.1	-0.1	1.76967
13043013	197	0.1	-0.1	-1.23559
13043013	198	0.1	-0.1	-0.644299
13043013	199	0.1	-0.1	2.51775
13043013	200	0.1	-0.1	-2.54299
13043013	201	0.1	-0.1	0.38828
13043013	202	0.1	-0.1	-2.38006
13043013	203	0.1	-0.1	5.17896
13043013	204	0.1	-0.1	5.91758
13043013	205	0.1	-0.1	-4.90685
13043013	206	0.1	-0.1	1.09343
13043013	207	0.1	-0.1	-4.16954
13043013	208	0.1	-0.1	-5.0135
13043013	209	0.1	-0.1	0.851151
13043013	210	0.1	-0.1	-3.47772
13043013	211	0.1	-0.1	-5.34259
13043013	212	0.1	-0.1	1.17909
13043013	213	0.1	-0.1	-0.906087
13043013	214	0.1	-0.1	4.88615
13043013	215	0.1	-0.1	0.141431
13043013	216	0.1	-0.1	2.07346
13043013	217	0.1	-0.1	2.78937
13043013	218	0.1	-0.1	1.14263
13043013	219	0.1	-0.1	2.43871
13043013	220	0.1	-0.1	0.568928
13043013	221	0.1	-0.1	-3.67782
13043013	222	0.1	-0.1	1.85874
13043013	223	0.1	-0.1	5.83487
13043013	224	0.1	-0.1	-5.65038
13043013	225	0.1	-0.1	3.5273
13043013	226	0.1	-0.1	-0.183343
13043013	227	0.1	-0.1	1.891
13043013	228	0.1	-0.1	-1.20751
13043013	229	0.1	-0.1	-1.76825
13043013	230	0.1	-0.1	4.68432
13043013	231	0.1	-0.1	-5.16579
13043013	232	0.1	-0.1	2.87798
13043013	233	0.1	-0.1	3.88503
13043013	234	0.1	-0.1	-1.31261
13043013	235	0.1	-0.1	-3.15763
13043013	236	0.1	-0.1	-5.33794
13043013	237	0.1	-0.1	3.20224
13043013	238	0.1	-0.1	0.676144
13043013	239	0.1	-0.1	-5.51294
13043013	240	0.1	-0.1	5.83042
13043013	241	0.1	-0.1	-4.29484
13043013	242	0.1	-0.1	3.82669
13043013	243	0.1	-0.1	2.85143
13043013	244	0.1	-0.1	1.50968
13043013	245	0.1	-0.1	3.87086
13043013	246	0.1	-0.1	5.62881
13043013	247	0.1	-0.1	4.82143
13043013	248	0.1	-0.1	2.5322
13043013	249	0.1	-0.1	-3.89014
13043013	250	0.1	-0.1	0.303931
13043013	251	0.1	-0.1	-4.96545
13043013	252	0.1	-0.1	-2.474
13043013	253	0.1	-0.1	-5.06907
13043013	254	0.1	-0.1	0.174633
13043013	255	0.1	-0.1	-5.49487
13043013	256	0.1	-0.1	5.56165
13043013	257	0.1	-0.1	1.91052
13043013	258	0.1	-0.1	2.44951
13043013	259	0.1	-0.1	-5.51762
13043013	260	0.1	-0.1	-3.7203
13043013	261	0.1	-0.1	1.61242
13043013	262	0.1	-0.1	0.184413
13043013	263	0.1	-0.1	-5.42673
13043013	264	0.1	-0.1	-3.2792
13043013	265	0.1	-0.1	-0.52818
13043013	266	0.1	-0.1	1.00105
13043013	267	0.1	-0.1	3.03085
13043013	268	0.1	-0.1	2.90766
13043013	269	0.1	-0.1	4.11699
13043013	270	0.1	-0.1	-5.40799
13043013	271	0.1	-0.1	-0.098612
13043013	272	0.1	-0.1	-3.57361
13043013	273	0.1	-0.1	5.63341
13043013	274	0.1	-0.1	1.48274
13043013	275	0.1	-0.1	0.174054
13043013	276	0.1	-0.1	-2.65679
13043013	277	0.1	-0.1	1.28561
13043013	278	0.1	-0.1	-4.34649
13043013	279	0.1	-0.1	0.307769
13043013	280	0.1	-0.1	1.44366
13043013	281	0.1	-0.1	3.63642
13043013	282	0.1	-0.1	2.62095
13043013	283	0.1	-0.1	-2.88711
13043013	284	0.1	-0.1	-1.46618
13043013	285	0.1	-0.1	-0.918568
13043013	286	0.1	-0.1	-2.80996
13043013	287	0.1	-0.1	5.63
13043013	288	0.1	-0.1	-1.33531
13043013	289	0.1	-0.1	5.33004
13043013	290	0.1	-0.1	-2.40607
13043013	291	0.1	-0.1	0.737205
13043013	292	0.1	-0.1	-5.20385
13043013	293	0.1	-0.1	3.55368
13043013	294	0.1	-0.1	-4.02607
13043013	295	0.1	-0.1	-1.55773
13043013	296	0.1	-0.1	3.28927
13043013	297	0.1	-0.1	-2.88855
13043013	298	0.1	-0.1	-5.55506
13043013	299	0.1	-0.1	-4.33846
13043013	300	0.1	-0.1	1.49574
13043013	301	0.1	-0.1	-1.99739
13043013	302	0.1	-0.1	0.30035
13043013	303	0.1	-0.1	3.876
13043013	304	0.1	-0.1	-3.29596
13043013	305	0.1	-0.1	2.82744
13043013	306	0.1	-0.1	4.04878
13043013	307	0.1	-0.1	2.16188
13043013	308	0.1	-0.1	1.72024
13043013	309	0.1	-0.1	-1.24913
13043013	310	0.1	-0.1	-0.549218
13043013	311	0.1	-0.1	-1.81747
13043013	312	0.1	-0.1	0.550537
13043013	313	0.1	-0.1	4.40467
13043013	314	0.1	-0.1	3.58697
13043013	315	0.1	-0.1	-3.55862
13043013	316	0.1	-0.1	2.86024
13043013	317	0.1	-0.1	-5.97361
13043013	318	0.1	-0.1	-3.5994
13043013	319	0.1	-0.1	2.96509
13043013	320	0.1	-0.1	-1.97255
13043013	321	0.1	-0.1	-2.74994
13043013	322	0.1	-0.1	4.62137
13043013	323	0.1	-0.1	1.53416
13043013	324	0.1	-0.1	2.9662
13043013	325	0.1	-0.1	-2.08497
13043013	326	0.1	-0.1	0.470853
13043013	327	0.1	-0.1	-0.0437543
13043013	328	0.1	-0.1	1.0347
13043013	329	0.1	-0.1	5.42629
13043013	330	0.1	-0.1	2.06642
13043013	331	0.1	-0.1	-0.977895
13043013	332	0.1	-0.1	0.70177
13043013	333	0.1	-0.1	-5.57639
13043013	334	0.1	-0.1	-0.00649606
13043013	335	0.1	-0.1	-3.33963
13043013	336	0.1	-0.1	1.76678
13043013	337	0.1	-0.1	4.29868
13043013	338	0.1	-0.1	3.8739
13043013	339	0.1	-0.1	-3.16488
13043013	340	0.1	-0.1	1.91971
13043013	341	0.1	-0.1	3.2526
13043013	342	0.1	-0.1	-1.63537
13043013	343	0.1	-0.1	-1.60953
13043013	344	0.1	-0.1	4.63896
13043013	345	0.1	-0.1	5.21655
13043013	346	0.1	-0.1	-1.06032
13043013	347	0.1	-0.1	-2.97771
13043013	348	0.1	-0.1	0.862189
13043013	349	0.1	-0.1	0.414681
13043013	350	0.1	-0.1	5.05493
13043013	351	0.1	-0.1	-3.01415
13043013	352	0.1	-0.1	-0.435872
13043013	353	0.1	-0.1	0.23796
13043013	354	0.1	-0.1	-2.47897
13043013	355	0.1	-0.1	-5.83612
13043013	356	0.1	-0.1	-2.63813
13043013	357	0.1	-0.1	0.0809658
13043013	358	0.1	-0.1	-2.50803
13043013	359	0.1	-0.1	0.799668
13043013	360	0.1	-0.1	-3.08182
13043013	361	0.1	-0.1	5.76421
13043013	362	0.1	-0.1	-3.90461
13043013	363	0.1	-0.1	4.51756
13043013	364	0.1	-0.1	0.248879
13043013	365	0.1	-0.1	-4.43268
13043013	366	0.1	-0.1	5.15206
13043013	367	0.1	-0.1	-2.40691
13043013	368	0.1	-0.1	3.66946
13043013	369	0.1	-0.1	-4.08683
13043013	370	0.1	-0.1	-1.52069
13043013	371	0.1	-0.1	2.43211
13043013	372	0.1	-0.1	-0.458323
13043013	373	0.1	-0.1	0.428811
13043013	374	0.1	-0.1	2.40875
13043013	375	0.1	-0.1	2.29012
13043013	376	0.1	-0.1	-3.31202
13043013	377	0.1	-0.1	3.71132
13043013	378	0.1	-0.1	-1.52863
13043013	379	0.1	-0.1	-2.3842
13043013	380	0.1	-0.1	-1.0945
13043013	381	0.1	-0.1	-2.81521
13043013	382	0.1	-0.1	-0.341269
13043013	383	0.1	-0.1	0.102258
13043013	384	0.1	-0.1	1.32193
13043013	385	0.1	-0.1	-5.56629
13043013	386	0.1	-0.1	-5.04312
13043013	387	0.1	-0.1	3.60255
13043013	388	0.1	-0.1	5.00651
13043013	389	0.1	-0.1	1.50421
13043013	390	0.1	-0.1	2.70516
13043013	391	0.1	-0.1	1.77608
13043013	392	0.1	-0.1	-3.11887
13043013	393	0.1	-0.1	-3.93849
13043013	394	0.1	-0.1	5.77423
13043013	395	0.1	-0.1	-4.63638
13043013	396	0.1	-0.1	-3.9704
13043013	397	0.1	-0.1	-2.63189
13043013	398	0.1	-0.1	-0.694901
13043013	399	0.1	-0.1	4.2513
13043013	400	0.1	-0.1	0.475476
13043013	401	0.1	-0.1	2.6114
13043013	402	0.1	-0.1	1.88117
13043013	403	0.1	-0.1	1.00235
13043013	404	0.1	-0.1	0.814362
13043013	405	0.1	-0.1	-5.263
13043013	406	0.1	-0.1	5.27201
13043013	407	0.1	-0.1	1.76518
13043013	408	0.1	-0.1	1.79598
13043013	409	0.1	-0.1	4.11716
13043013	410	0.1	-0.1	5.78764
13043013	411	0.1	-0.1	-0.905503
13043013	412	0.1	-0.1	-1.02538
13043013	413	0.1	-0.1	4.43149
13043013	414	0.1	-0.1	0.361347
13043013	415	0.1	-0.1	2.99066
13043013	416	0.1	-0.1	-0.225164
13043013	417	0.1	-0.1	-4.77768
13043013	418	0.1	-0.1	5.89433
13043013	419	0.1	-0.1	-5.64251
13043013	420	0.1	-0.1	-1.24592
13043013	421	0.1	-0.1	4.42119
13043013	422	0.1	-0.1	3.43602
13043013	423	0.1	-0.1	1.29323
13043013	424	0.1	-0.1	-4.88777
13043013	425	0.1	-0.1	4.65091
13043013	426	0.1	-0.1	2.882
13043013	427	0.1	-0.1	-3.56622
13043013	428	0.1	-0.1	4.29962
13043013	429	0.1	-0.1	5.1939
13043013	430	0.1	-0.1	-2.34965
13043013	431	0.1	-0.1	5.21495
13043013	432	0.1	-0.1	-2.58088
13043013	433	0.1	-0.1	-3.28929
13043013	434	0.1	-0.1	-3.28057
13043013	435	0.1	-0.1	3.0011
13043013	436	0.1	-0.1	-1.54294
13043013	437	0.1	-0.1	-1.17521
13043013	438	0.1	-0.1	5.3617
13043013	439	0.1	-0.1	-1.67338
13043013	440	0.1	-0.1	5.68508
13043013	441	0.1	-0.1	-3.9134
13043013	442	0.1	-0.1	3.01326
13043013	443	0.1	-0.1	5.02028
13043013	444	0.1	-0.1	-4.81288
13043013	445	0.1	-0.1	0.362841
13043013	446	0.1	-0.1	-2.35892
13043013	447	0.1	-0.1	3.57426
13043013	448	0.1	-0.1	3.42513
13043013	449	0.1	-0.1	-2.85871
13043013	450	0.1	-0.1	3.28163
13043013	451	0.1	-0.1	-4.16377
13043013	452	0.1	-0.1	2.20685
13043013	453	0.1	-0.1	-1.03094
13043013	454	0.1	-0.1	0.813185
13043013	455	0.1	-0.1	4.66163
13043013	456	0.1	-0.1	-4.24583
13043013	457	0.1	-0.1	2.87795
13043013	458	0.1	-0.1	4.63797
13043013	459	0.1	-0.1	5.56496
13043013	460	0.1	-0.1	-0.998167
13043013	461	0.1	-0.1	2.87379
13043013	462	0.1	-0.1	4.57423
13043013	463	0.1	-0.1	-0.849858
13043013	464	0.1	-0.1	-0.39959
13043013	465	0.1	-0.1	5.06543
13043013	466	0.1	-0.1	3.62112
13043013	467	0.1	-0.1	-3.60805
13043013	468	0.1	-0.1	-2.82463
13043013	469	0.1	-0.1	1.36663
13043013	470	0.1	-0.1	-3.64233
13043013	471	0.1	-0.1	-3.23443
13043013	472	0.1	-0.1	0.95931
13043013	473	0.1	-0.1	-5.10295
13043013	474	0.1	-0.1	-0.411896
13043013	475	0.1	-0.1	2.74387
13043013	476	0.1	-0.1	-2.46182
13043013	477	0.1	-0.1	-3.72647
13043013	478	0.1	-0.1	0.487411
13043013	479	0.1	-0.1	5.49441
13043013	480	0.1	-0.1	-0.484152
13043013	481	0.1	-0.1	2.31253
13043013	482	0.1	-0.1	1.0259
13043013	483	0.1	-0.1	-0.832632
13043013	484	0.1	-0.1	-2.73357
13043013	485	0.1	-0.1	5.77134
13043013	486	0.1	-0.1	-0.930397
13043013	487	0.1	-0.1	5.66784
13043013	488	0.1	-0.1	4.1222
13043013	489	0.1	-0.1	-1.12598
13043013	490	0.1	-0.1	-3.04515
13043013	491	0.1	-0.1	0.860274
13043013	492	0.1	-0.1	-4.10326
13043013	493	0.1	-0.1	1.75148
13043013	494	0.1	-0.1	2.52958
13043013	495	0.1	-0.1	-3.99361
13043013	496	0.1	-0.1	1.73969
13043013	497	0.1	-0.1	5.22922
13043013	498	0.1	-0.1	-0.385252
13043013	499	0.1	-0.1	-3.25229
13043013	500	0.1	-0.1	2.39774
13043013	501	0.1	-0.1	5.97513
13043013	502	0.1	-0.1	-3.13849
13043013	503	0.1	-0.1	-1.38072
13043013	504	0.1	-0.1	0.962999
13043013	505	0.1	-0.1	-5.52507
13043013	506	0.1	-0.1	1.8418
13043013	507	0.1	-0.1	-3.97219
13043013	508	0.1	-0.1	-4.50612
13043013	509	0.1	-0.1	3.55687
13043013	510	0.1	-0.1	2.88942
13043013	511	0.1	-0.1	3.00738
13043013	512	0.1	-0.1	-1.14793
13043013	513	0.1	-0.1	-2.31973
13043013	514	0.1	-0.1	-3.02012
13043013	515	0.1	-0.1	-4.8386
13043013	516	0.1	-0.1	-1.8691
13043013	517	0.1	-0.1	1.57542
13043013	518	0.1	-0.1	-0.385611
13043013	519	0.1	-0.1	-3.34524
13043013	520	0.1	-0.1	-3.37077
13043013	521	0.1	-0.1	5.9795
13043013	522	0.1	-0.1	-3.63553
13043013	523	0.1	-0.1	-3.72172
13043013	524	0.1	-0.1	3.82256
13043013	525	0.1	-0.1	0.941402
13043013	526	0.1	-0.1	5.37829
13043013	527	0.1	-0.1	3.49345
13043013	528	0.1	-0.1	0.827385
13043013	529	0.1	-0.1	-3.29302
13043013	530	0.1	-0.1	5.4045
13043013	531	0.1	-0.1	3.73036
13043013	532	0.1	-0.1	2.74307
13043013	533	0.1	-0.1	4.33998
13043013	534	0.1	-0.1	-4.1155
13043013	535	0.1	-0.1	-0.135507
13043013	536	0.1	-0.1	-0.894023
13043013	537	0.1	-0.1	-2.13949
13043013	538	0.1	-0.1	2.17483
13043013	539	0.1	-0.1	5.15382
13043013	540	0.1	-0.1	0.0543418
13043013	541	0.1	-0.1	-1.47303
13043013	542	0.1	-0.1	2.49013
13043013	543	0.1	-0.1	-3.70218
13043013	544	0.1	-0.1	-0.662048
13043013	545	0.1	-0.1	5.09945
13043013	546	0.1	-0.1	1.09617
13043013	547	0.1	-0.1	3.99542
13043013	548	0.1	-0.1	4.2149
13043013	549	0.1	-0.1	5.27169
13043013	550	0.1	-0.1	-4.60771
13043013	551	0.1	-0.1	-0.468505
13043013	552	0.1	-0.1	5.69369
13043013	553	0.1	-0.1	1.33646
13043013	554	0.1	-0.1	-1.54567
13043013	555	0.1	-0.1	4.29512
13043013	556	0.1	-0.1	-2.28443
13043013	557	0.1	-0.1	5.15529
13043013	558	0.1	-0.1	-2.39551
13043013	559	0.1	-0.1	-2.06179
13043013	560	0.1	-0.1	-0.304757
13043013	561	0.1	-0.1	-0.74188
13043013	562	0.1	-0.1	3.84168
13043013	563	0.1	-0.1	-2.44098
13043013	564	0.1	-0.1	-3.86895
13043013	565	0.1	-0.1	2.3944
13043013	566	0.1	-0.1	4.56134
13043013	567	0.1	-0.1	3.09637
13043013	568	0.1	-0.1	2.50465
13043013	569	0.1	-0.1	4.67395
13043013	570	0.1	-0.1	2.48289
13043013	571	0.1	-0.1	4.65585
13043013	572	0.1	-0.1	-1.40812
13043013	573	0.1	-0.1	0.873779
13043013	574	0.1	-0.1	1.00896
13043013	575	0.1	-0.1	2.43189
13043013	576	0.1	-0.1	0.00424667
13043013	577	0.1	-0.1	-0.266946
13043013	578	0.1	-0.1	-0.598604
13043013	579	0.1	-0.1	2.16056
13043013	580	0.1	-0.1	2.47762
13043013	581	0.1	-0.1	-0.849383
13043013	582	0.1	-0.1	2.77645
13043013	583	0.1	-0.1	-0.141808
13043013	584	0.1	-0.1	-1.44931
13043013	585	0.1	-0.1	-5.66437
13043013	586	0.1	-0.1	0.838566
13043013	587	0.1	-0.1	-4.1788
13043013	588	0.1	-0.1	-3.18998
13043013	589	0.1	-0.1	2.15793
13043013	590	0.1	-0.1	3.80548
13043013	591	0.1	-0.1	1.47291
13043013	592	0.1	-0.1	-5.3307
13043013	593	0.1	-0.1	-2.77198
13043013	594	0.1	-0.1	5.56876
13043013	595	0.1	-0.1	3.59759
13043013	596	0.1	-0.1	3.20492
13043013	597	0.1	-0.1	5.07264
13043013	598	0.1	-0.1	0.646463
13043013	599	0.1	-0.1	0.765383
13043013	600	0.1	-0.1	5.90486
13043013	601	0.1	-0.1	0.594339
13043013	602	0.1	-0.1	-2.53654
13043013	603	0.1	-0.1	-0.259704
13043013	604	0.1	-0.1	-2.8617
13043013	605	0.1	-0.1	1.98611
13043013	606	0.1	-0.1	5.77837
13043013	607	0.1	-0.1	-2.09007
13043013	608	0.1	-0.1	4.63467
13043013	609	0.1	-0.1	-5.07295
13043013	610	0.1	-0.1	-3.64983
13043013	611	0.1	-0.1	-2.37813
13043013	612	0.1	-0.1	-5.45927
13043013	613	0.1	-0.1	3.11142
13043013	614	0.1	-0.1	-2.15944
13043013	615	0.1	-0.1	1.05414
13043013	616	0.1	-0.1	3.93259
13043013	617	0.1	-0.1	-3.3606
13043013	618	0.1	-0.1	-3.78306
13043013	619	0.1	-0.1	-3.29136
13043013	620	0.1	-0.1	1.1218
13043013	621	0.1	-0.1	0.349476
13043013	622	0.1	-0.1	-2.25051
13043013	623	0.1	-0.1	-5.75038
13043013	624	0.1	-0.1	5.74944
13043013	625	0.1	-0.1	0.342899
13043013	626	0.1	-0.1	-2.92891
13043013	627	0.1	-0.1	-5.04114
13043013	628	0.1	-0.1	2.5274
13043013	629	0.1	-0.1	-0.328541
13043013	630	0.1	-0.1	4.317
13043013	631	0.1	-0.1	2.74373
13043013	632	0.1	-0.1	2.29138
13043013	633	0.1	-0.1	-2.518
13043013	634	0.1	-0.1	2.74938
13043013	635	0.1	-0.1	3.59976
13043013	636	0.1	-0.1	-0.295867
13043013	637	0.1	-0.1	-1.43591
13043013	638	0.1	-0.1	-2.18752
13043013	639	0.1	-0.1	-5.47649
13043013	640	0.1	-0.1	4.60319
13043013	641	0.1	-0.1	-0.45637
13043013	642	0.1	-0.1	-3.32007
13043013	643	0.1	-0.1	-0.894186
13043013	644	0.1	-0.1	-2.35813
13043013	645	0.1	-0.1	1.27354
13043013	646	0.1	-0.1	4.54755
13043013	647	0.1	-0.1	-0.673456
13043013	648	0.1	-0.1	-2.65464
13043013	649	0.1	-0.1	-4.34802
13043013	650	0.1	-0.1	2.16701
13043013	651	0.1	-0.1	5.47816
13043013	652	0.1	-0.1	-3.71245
13043013	653	0.1	-0.1	-4.1652
13043013	654	0.1	-0.1	-3.57924
13043013	655	0.1	-0.1	0.654769
13043013	656	0.1	-0.1	-4.1453
13043013	657	0.1	-0.1	0.154516
13043013	658	0.1	-0.1	5.75846
13043013	659	0.1	-0.1	2.09422
13043013	660	0.1	-0.1	-2.64956
13043013	661	0.1	-0.1	3.60791
13043013	662	0.1	-0.1	-0.0138305
13043013	663	0.1	-0.1	1.55675
13043013	664	0.1	-0.1	-4.8649
13043013	665	0.1	-0.1	1.45668
13043013	666	0.1	-0.1	4.15294
13043013	667	0.1	-0.1	-2.38275
13043013	668	0.1	-0.1	5.9824
13043013	669	0.1	-0.1	-5.18264
13043013	670	0.1	-0.1	-3.0329
13043013	671	0.1	-0.1	-2.09295
13043013	672	0.1	-0.1	-4.89104
13043013	673	0.1	-0.1	-5.08796
13043013	674	0.1	-0.1	-4.79633
13043013	675	0.1	-0.1	-4.85749
13043013	676	0.1	-0.1	0.118011
13043013	677	0.1	-0.1	1.85393
13043013	678	0.1	-0.1	-4.06311
13043013	679	0.1	-0.1	-1.90713
13043013	680	0.1	-0.1	0.498096
13043013	681	0.1	-0.1	3.98297
13043013	682	0.1	-0.1	4.70613
13043013	683	0.1	-0.1	3.58488
13043013	684	0.1	-0.1	-5.46776
13043013	685	0.1	-0.1	0.426465
13043013	686	0.1	-0.1	-4.48978
13043013	687	0.1	-0.1	3.42204
13043013	688	0.1	-0.1	-3.5002
13043013	689	0.1	-0.1	-1.88648
13043013	690	0.1	-0.1	2.2277
13043013	691	0.1	-0.1	4.37908
13043013	692	0.1	-0.1	1.54827
13043013	693	0.1	-0.1	3.38506
13043013	694	0.1	-0.1	1.20152
13043013	695	0.1	-0.1	4.76938
13043013	696	0.1	-0.1	3.4675
13043013	697	0.1	-0.1	-1.20176
13043013	698	0.1	-0.1	3.46283
13043013	699	0.1	-0.1	-1.20978
13043013	700	0.1	-0.1	-2.01325
13043013	701	0.1	-0.1	-4.29471
13043013	702	0.1	-0.1	0.531388
13043013	703	0.1	-0.1	-3.31458
13043013	704	0.1	-0.1	2.43628
13043013	705	0.1	-0.1	-1.08108
13043013	706	0.1	-0.1	-3.87773
13043013	707	0.1	-0.1	-1.30062
13043013	708	0.1	-0.1	2.91282
13043013	709	0.1	-0.1	-1.26003
13043013	710	0.1	-0.1	5.25129
13043013	711	0.1	-0.1	-1.25533
13043013	712	0.1	-0.1	-2.45378
13043013	713	0.1	-0.1	-5.57071
13043013	714	0.1	-0.1	-3.04934
13043013	715	0.1	-0.1	0.676507
13043013	716	0.1	-0.1	-5.26403
13043013	717	0.1	-0.1	-0.738652
13043013	718	0.1	-0.1	-2.60696
13043013	719	0.1	-0.1	1.37137
13043013	720	0.1	-0.1	-4.88991
13043013	721	0.1	-0.1	-3.0741
13043013	722	0.1	-0.1	0.414534
13043013	723	0.1	-0.1	-5.5627
13043013	724	0.1	-0.1	0.468348
13043013	725	0.1	-0.1	-3.65362
13043013	726	0.1	-0.1	-4.10017
13043013	727	0.1	-0.1	3.47118
13043013	728	0.1	-0.1	1.45486
13043013	729	0.1	-0.1	-0.601345
13043013	730	0.1	-0.1	3.59232
13043013	731	0.1	-0.1	-0.83345
13043013	732	0.1	-0.1	2.89902
13043013	733	0.1	-0.1	0.749255
13043013	734	0.1	-0.1	5.4283
13043013	735	0.1	-0.1	-3.98151
13043013	736	0.1	-0.1	5.42603
13043013	737	0.1	-0.1	5.213
13043013	738	0.1	-0.1	4.44723
13043013	739	0.1	-0.1	1.02935
13043013	740	0.1	-0.1	-1.64846
13043013	741	0.1	-0.1	0.834395
13043013	742	0.1	-0.1	-3.15675
13043013	743	0.1	-0.1	-4.37877
13043013	744	0.1	-0.1	-2.37107
13043013	745	0.1	-0.1	1.79423
13043013	746	0.1	-0.1	-5.78103
13043013	747	0.1	-0.1	0.395008
13043013	748	0.1	-0.1	-5.05314
13043013	749	0.1	-0.1	-2.28034
13043013	750	0.1	-0.1	2.73517
13043013	751	0.1	-0.1	5.29239
13043013	752	0.1	-0.1	5.91013
13043013	753	0.1	-0.1	5.7438
13043013	754	0.1	-0.1	-1.52383
13043013	755	0.1	-0.1	0.581998
13043013	756	0.1	-0.1	-3.35871
13043013	757	0.1	-0.1	-4.1193
13043013	758	0.1	-0.1	0.179914
13043013	759	0.1	-0.1	2.9958
13043013	760	0.1	-0.1	3.98357
13043013	761	0.1	-0.1	-2.63401
13043013	762	0.1	-0.1	1.20544
13043013	763	0.1	-0.1	2.20582
13043013	764	0.1	-0.1	1.73155
13043013	765	0.1	-0.1	2.75109
13043013	766	0.1	-0.1	-2.71255
13043013	767	0.1	-0.1	-1.15486
13043013	768	0.1	-0.1	-0.518307
13043013	769	0.1	-0.1	-2.61372
13043013	770	0.1	-0.1	-1.14884
13043013	771	0.1	-0.1	-0.247787
13043013	772	0.1	-0.1	0.849871
13043013	773	0.1	-0.1	4.8823
13043013	774	0.1	-0.1	-1.80407
13043013	775	0.1	-0.1	5.41022
13043013	776	0.1	-0.1	-5.75662
13043013	777	0.1	-0.1	-0.817812
13043013	778	0.1	-0.1	1.14725
13043013	779	0.1	-0.1	-4.26379
13043013	780	0.1	-0.1	3.3039
13043013	781	0.1	-0.1	-2.66077
13043013	782	0.1	-0.1	-0.931158
13043013	783	0.1	-0.1	-4.34653
13043013	784	0.1	-0.1	-2.69252
13043013	785	0.1	-0.1	4.97682
13043013	786	0.1	-0.1	-5.16059
13043013	787	0.1	-0.1	4.67362
13043013	788	0.1	-0.1	-1.85293
13043013	789	0.1	-0.1	-5.96194
13043013	790	0.1	-0.1	-5.5926
13043013	791	0.1	-0.1	-5.51196
13043013	792	0.1	-0.1	-0.703609
13043013	793	0.1	-0.1	-4.13892
13043013	794	0.1	-0.1	2.41217
13043013	795	0.1	-0.1	-0.806087
13043013	796	0.1	-0.1	3.7164
13043013	797	0.1	-0.1	-1.87074
13043013	798	0.1	-0.1	-0.166057
13043013	799	0.1	-0.1	-3.46485
13043013	800	0.1	-0.1	-1.62302
13043013	801	0.1	-0.1	5.02559
13043013	802	0.1	-0.1	-5.47164
13043013	803	0.1	-0.1	-5.92149
13043013	804	0.1	-0.1	5.90729
13043013	805	0.1	-0.1	1.64834
13043013	806	0.1	-0.1	-5.73754
13043013	807	0.1	-0.1	4.367
13043013	808	0.1	-0.1	5.34841
13043013	809	0.1	-0.1	-3.53017
13043013	810	0.1	-0.1	4.6435
13043013	811	0.1	-0.1	-1.95891
13043013	812	0.1	-0.1	3.12753
13043013	813	0.1	-0.1	4.7163
13043013	814	0.1	-0.1	3.72827
13043013	815	0.1	-0.1	-3.2888
13043013	816	0.1	-0.1	-3.81966
13043013	817	0.1	-0.1	0.242909
13043013	818	0.1	-0.1	1.8241
13043013	819	0.1	-0.1	-0.0187738
13043013	820	0.1	-0.1	1.92982
13043013	821	0.1	-0.1	-5.29378
13043013	822	0.1	-0.1	-5.48416
13043013	823	0.1	-0.1	4.46095
13043013	824	0.1	-0.1	5.0175
13043013	825	0.1	-0.1	4.51766
13043013	826	0.1	-0.1	1.10356
13043013	827	0.1	-0.1	5.02084
13043013	828	0.1	-0.1	-1.38902
13043013	829	0.1	-0.1	-4.72206
13043013	830	0.1	-0.1	-0.277537
13043013	831	0.1	-0.1	1.5831
13043013	832	0.1	-0.1	0.663684
13043013	833	0.1	-0.1	-4.71672
13043013	834	0.1	-0.1	-3.49335
13043013	835	0.1	-0.1	-4.13727
13043013	836	0.1	-0.1	-4.55899
13043013	837	0.1	-0.1	0.0254398
13043013	838	0.1	-0.1	-4.94195
13043013	839	0.1	-0.1	-1.84031
13043013	840	0.1	-0.1	-2.7962
13043013	841	0.1	-0.1	-4.74451
13043013	842	0.1	-0.1	-3.05936
13043013	843	0.1	-0.1	-4.60546
13043013	844	0.1	-0.1	5.20203
13043013	845	0.1	-0.1	-0.481513
13043013	846	0.1	-0.1	-0.0821156
13043013	847	0.1	-0.1	3.35012
13043013	848	0.1	-0.1	-4.79578
13043013	849	0.1	-0.1	5.21144
13043013	850	0.1	-0.1	-5.04928
13043013	851	0.1	-0.1	-5.86703
13043013	852	0.1	-0.1	-4.08949
13043013	853	0.1	-0.1	-1.21132
13043013	854	0.1	-0.1	2.31831
13043013	855	0.1	-0.1	-2.85436
13043013	856	0.1	-0.1	-5.29566
13043013	857	0.1	-0.1	-0.718407
13043013	858	0.1	-0.1	2.09262
13043013	859	0.1	-0.1	-5.06344
13043013	860	0.1	-0.1	2.77044
13043013	861	0.1	-0.1	-1.49805
13043013	862	0.1	-0.1	-3.3439
13043013	863	0.1	-0.1	3.40942
13043013	864	0.1	-0.1	0.851358
13043013	865	0.1	-0.1	3.86008
13043013	866	0.1	-0.1	2.64057
13043013	867	0.1	-0.1	-1.51919
13043013	868	0.1	-0.1	0.632724
13043013	869	0.1	-0.1	-0.0517504
13043013	870	0.1	-0.1	-0.358441
13043013	871	0.1	-0.1	-0.977202
13043013	872	0.1	-0.1	-2.82843
13043013	873	0.1	-0.1	-4.8262
13043013	874	0.1	-0.1	2.56815
13043013	875	0.1	-0.1	3.41917
13043013	876	0.1	-0.1	2.01684
13043013	877	0.1	-0.1	4.17771
13043013	878	0.1	-0.1	-1.44116
13043013	879	0.1	-0.1	2.25682
13043013	880	0.1	-0.1	4.36041
13043013	881	0.1	-0.1	-5.41349
13043013	882	0.1	-0.1	-3.74181
13043013	883	0.1	-0.1	-3.45479
13043013	884	0.1	-0.1	2.84617
13043013	885	0.1	-0.1	4.62787
13043013	886	0.1	-0.1	3.00752
13043013	887	0.1	-0.1	0.742194
13043013	888	0.1	-0.1	-4.76473
13043013	889	0.1	-0.1	2.07375
13043013	890	0.1	-0.1	5.8962
13043013	891	0.1	-0.1	5.67262
13043013	892	0.1	-0.1	-3.22522
13043013	893	0.1	-0.1	-3.6278
13043013	894	0.1	-0.1	-1.74555
13043013	895	0.1	-0.1	0.852646
13043013	896	0.1	-0.1	-4.70124
13043013	897	0.1	-0.1	3.99691
13043013	898	0.1	-0.1	-4.97895
13043013	899	0.1	-0.1	-5.86283
13043013	900	0.1	-0.1	0.537195
13043013	901	0.1	-0.1	-5.39948
13043013	902	0.1	-0.1	-3.27984
13043013	903	0.1	-0.1	-0.811699
13043013	904	0.1	-0.1	-3.667
13043013	905	0.1	-0.1	-3.24558
13043013	906	0.1	-0.1	-5.08425
13043013	907	0.1	-0.1	-4.76277
13043013	908	0.1	-0.1	2.14441
13043013	909	0.1	-0.1	-5.15294
13043013	910	0.1	-0.1	2.73857
13043013	911	0.1	-0.1	4.25422
13043013	912	0.1	-0.1	-1.01528
13043013	913	0.1	-0.1	0.214068
13043013	914	0.1	-0.1	-1.71388
13043013	915	0.1	-0.1	-2.0004
13043013	916	0.1	-0.1	3.95752
13043013	917	0.1	-0.1	-2.37986
13043013	918	0.1	-0.1	3.53644
13043013	919	0.1	-0.1	-5.558
13043013	920	0.1	-0.1	1.38821
13043013	921	0.1	-0.1	-3.19613
13043013	922	0.1	-0.1	2.02473
13043013	923	0.1	-0.1	-3.3078
13043013	924	0.1	-0.1	3.61817
13043013	925	0.1	-0.1	-5.75296
13043013	926	0.1	-0.1	0.164509
13043013	927	0.1	-0.1	2.61291
13043013	928	0.1	-0.1	-4.14691
13043013	929	0.1	-0.1	2.37155
13043013	930	0.1	-0.1	3.33682
13043013	931	0.1	-0.1	-4.30131
13043013	932	0.1	-0.1	3.08547
13043013	933	0.1	-0.1	1.13419
13043013	934	0.1	-0.1	-4.26599
13043013	935	0.1	-0.1	5.48631
13043013	936	0.1	-0.1	5.96967
13043013	937	0.1	-0.1	-0.637633
13043013	938	0.1	-0.1	4.73523
13043013	939	0.1	-0.1	3.10315
13043013	940	0.1	-0.1	-5.6066
13043013	941	0.1	-0.1	-5.60406
13043013	942	0.1	-0.1	0.371918
13043013	943	0.1	-0.1	-2.49396
13043013	944	0.1	-0.1	-4.02762
13043013	945	0.1	-0.1	-3.87278
13043013	946	0.1	-0.1	1.99945
13043013	947	0.1	-0.1	3.9366
13043013	948	0.1	-0.1	1.55184
13043013	949	0.1	-0.1	-2.97871
13043013	950	0.1	-0.1	5.04814
13043013	951	0.1	-0.1	5.03755
13043013	952	0.1	-0.1	-4.52744
13043013	953	0.1	-0.1	-1.53334
13043013	954	0.1	-0.1	2.41927
13043013	955	0.1	-0.1	3.97789
13043013	956	0.1	-0.1	-2.80873
13043013	957	0.1	-0.1	-4.55267
13043013	958	0.1	-0.1	-0.400121
13043013	959	0.1	-0.1	5.78611
13043013	960	0.1	-0.1	-3.87642
13043013	961	0.1	-0.1	5.70372
13043013	962	0.1	-0.1	-3.93128
13043013	963	0.1	-0.1	-2.73942
13043013	964	0.1	-0.1	-1.52184
13043013	965	0.1	-0.1	2.93115
13043013	966	0.1	-0.1	2.80312
13043013	967	0.1	-0.1	-4.31059
13043013	968	0.1	-0.1	1.31819
13043013	969	0.1	-0.1	-1.57372
13043013	970	0.1	-0.1	-0.836385
13043013	971	0.1	-0.1	1.78306
13043013	972	0.1	-0.1	4.28243
13043013	973	0.1	-0.1	0.610155
13043013	974	0.1	-0.1	-0.975515
13043013	975	0.1	-0.1	3.16617
13043013	976	0.1	-0.1	-5.19826
13043013	977	0.1	-0.1	2.02616
13043013	978	0.1	-0.1	4.58444
13043013	979	0.1	-0.1	4.13756
13043013	980	0.1	-0.1	5.7429
13043013	981	0.1	-0.1	0.753345
13043013	982	0.1	-0.1	-0.0716404
13043013	983	0.1	-0.1	-3.78179
13043013	984	0.1	-0.1	0.833606
13043013	985	0.1	-0.1	-4.25004
13043013	986	0.1	-0.1	-5.88322
13043013	987	0.1	-0.1	4.31517
13043013	988	0.1	-0.1	3.05594
13043013	989	0.1	-0.1	-3.00193
13043013	990	0.1	-0.1	-5.46034
13043013	991	0.1	-0.1	-2.1359
13043013	992	0.1	-0.1	-0.378911
13043013	993	0.1	-0.1	-4.07111
13043013	994	0.1	-0.1	-5.95801
13043013	995	0.1	-0.1	4.10416
13043013	996	0.1	-0.1	0.389809
13043013	997	0.1	-0.1	-0.269773
13043013	998	0.1	-0.1	-1.83037
13043013	999	0.1	-0.1	2.63744
13043013	1000	0.1	-0.1	-3.90787
