13048053	1	0.1	-0.1	-0.195462
13048053	2	0.1	-0.1	3.8565
13048053	3	0.1	-0.1	-5.4613
13048053	4	0.1	-0.1	0.603323
13048053	5	0.1	-0.1	-2.03583
13048053	6	0.1	-0.1	-2.45211
13048053	7	0.1	-0.1	0.431871
13048053	8	0.1	-0.1	-5.84015
13048053	9	0.1	-0.1	-0.0938431
13048053	10	0.1	-0.1	3.86679
13048053	11	0.1	-0.1	-2.50443
13048053	12	0.1	-0.1	3.77902
13048053	13	0.1	-0.1	2.30484
13048053	14	0.1	-0.1	5.84656
13048053	15	0.1	-0.1	4.03044
13048053	16	0.1	-0.1	-5.23477
13048053	17	0.1	-0.1	-2.11302
13048053	18	0.1	-0.1	1.95527
13048053	19	0.1	-0.1	3.3014
13048053	20	0.1	-0.1	-3.68252
13048053	21	0.1	-0.1	-5.26836
13048053	22	0.1	-0.1	-5.86499
13048053	23	0.1	-0.1	-1.32502
13048053	24	0.1	-0.1	-0.477232
13048053	25	0.1	-0.1	0.407519
13048053	26	0.1	-0.1	3.62029
13048053	27	0.1	-0.1	-0.348809
13048053	28	0.1	-0.1	-0.472965
13048053	29	0.1	-0.1	0.688375
13048053	30	0.1	-0.1	-3.28691
13048053	31	0.1	-0.1	-2.28318
13048053	32	0.1	-0.1	-3.26056
13048053	33	0.1	-0.1	3.04633
13048053	34	0.1	-0.1	2.1167
13048053	35	0.1	-0.1	-5.30066
13048053	36	0.1	-0.1	-2.8883
13048053	37	0.1	-0.1	-0.412021
13048053	38	0.1	-0.1	-4.04226
13048053	39	0.1	-0.1	1.225
13048053	40	0.1	-0.1	-5.40212
13048053	41	0.1	-0.1	2.7136
13048053	42	0.1	-0.1	-5.4119
13048053	43	0.1	-0.1	-1.51163
13048053	44	0.1	-0.1	2.67466
13048053	45	0.1	-0.1	-4.55834
13048053	46	0.1	-0.1	-5.81106
13048053	47	0.1	-0.1	-0.491572
13048053	48	0.1	-0.1	5.50562
13048053	49	0.1	-0.1	0.423273
13048053	50	0.1	-0.1	-2.37418
13048053	51	0.1	-0.1	3.92577
13048053	52	0.1	-0.1	-1.56134
13048053	53	0.1	-0.1	3.1264
13048053	54	0.1	-0.1	-2.29387
13048053	55	0.1	-0.1	5.79738
13048053	56	0.1	-0.1	4.53032
13048053	57	0.1	-0.1	-4.73703
13048053	58	0.1	-0.1	-5.14607
13048053	59	0.1	-0.1	-3.7958
13048053	60	0.1	-0.1	-0.322408
13048053	61	0.1	-0.1	5.77256
13048053	62	0.1	-0.1	0.945118
13048053	63	0.1	-0.1	-4.82199
13048053	64	0.1	-0.1	-4.66726
13048053	65	0.1	-0.1	5.59592
13048053	66	0.1	-0.1	5.321
13048053	67	0.1	-0.1	3.29725
13048053	68	0.1	-0.1	-0.795139
13048053	69	0.1	-0.1	-5.84254
13048053	70	0.1	-0.1	0.330419
13048053	71	0.1	-0.1	-1.61158
13048053	72	0.1	-0.1	3.22704
13048053	73	0.1	-0.1	2.99813
13048053	74	0.1	-0.1	1.63857
13048053	75	0.1	-0.1	0.475736
13048053	76	0.1	-0.1	2.14069
13048053	77	0.1	-0.1	-5.64406
13048053	78	0.1	-0.1	5.50729
13048053	79	0.1	-0.1	-3.30614
13048053	80	0.1	-0.1	0.195307
13048053	81	0.1	-0.1	5.08055
13048053	82	0.1	-0.1	-5.73835
13048053	83	0.1	-0.1	5.5211
13048053	84	0.1	-0.1	-3.98448
13048053	85	0.1	-0.1	1.98487
13048053	86	0.1	-0.1	-4.57031
13048053	87	0.1	-0.1	4.0273
13048053	88	0.1	-0.1	-1.75948
13048053	89	0.1	-0.1	4.85476
13048053	90	0.1	-0.1	-4.08812
13048053	91	0.1	-0.1	2.48071
13048053	92	0.1	-0.1	-3.92307
13048053	93	0.1	-0.1	-2.89615
13048053	94	0.1	-0.1	-5.46557
13048053	95	0.1	-0.1	-0.253795
13048053	96	0.1	-0.1	4.3114
13048053	97	0.1	-0.1	5.25037
13048053	98	0.1	-0.1	2.03359
13048053	99	0.1	-0.1	-1.62422
13048053	100	0.1	-0.1	3.24403
13048053	101	0.1	-0.1	0.851802
13048053	102	0.1	-0.1	-3.4344
13048053	103	0.1	-0.1	2.4134
13048053	104	0.1	-0.1	3.53071
13048053	105	0.1	-0.1	0.848548
13048053	106	0.1	-0.1	5.74766
13048053	107	0.1	-0.1	-3.35598
13048053	108	0.1	-0.1	3.4318
13048053	109	0.1	-0.1	-1.35225
13048053	110	0.1	-0.1	-0.897255
13048053	111	0.1	-0.1	0.171676
13048053	112	0.1	-0.1	-2.16187
13048053	113	0.1	-0.1	-0.621774
13048053	114	0.1	-0.1	-1.09179
13048053	115	0.1	-0.1	-5.8447
13048053	116	0.1	-0.1	-1.07562
13048053	117	0.1	-0.1	5.3128
13048053	118	0.1	-0.1	2.96031
13048053	119	0.1	-0.1	0.470623
13048053	120	0.1	-0.1	-5.93012
13048053	121	0.1	-0.1	-0.424583
13048053	122	0.1	-0.1	-4.67872
13048053	123	0.1	-0.1	-2.3755
13048053	124	0.1	-0.1	0.925407
13048053	125	0.1	-0.1	-5.47457
13048053	126	0.1	-0.1	-1.60665
13048053	127	0.1	-0.1	5.23498
13048053	128	0.1	-0.1	2.02526
13048053	129	0.1	-0.1	5.43177
13048053	130	0.1	-0.1	-0.751876
13048053	131	0.1	-0.1	5.93586
13048053	132	0.1	-0.1	-2.75464
13048053	133	0.1	-0.1	5.14279
13048053	134	0.1	-0.1	0.759146
13048053	135	0.1	-0.1	-5.38954
13048053	136	0.1	-0.1	2.09189
13048053	137	0.1	-0.1	-3.45279
13048053	138	0.1	-0.1	0.796982
13048053	139	0.1	-0.1	-4.99788
13048053	140	0.1	-0.1	-2.39698
13048053	141	0.1	-0.1	2.02798
13048053	142	0.1	-0.1	-0.910294
13048053	143	0.1	-0.1	4.91466
13048053	144	0.1	-0.1	-2.6202
13048053	145	0.1	-0.1	-0.443739
13048053	146	0.1	-0.1	-0.784856
13048053	147	0.1	-0.1	0.868791
13048053	148	0.1	-0.1	3.26269
13048053	149	0.1	-0.1	-1.90984
13048053	150	0.1	-0.1	-0.757391
13048053	151	0.1	-0.1	-0.711551
13048053	152	0.1	-0.1	5.27297
13048053	153	0.1	-0.1	4.08466
13048053	154	0.1	-0.1	-5.27985
13048053	155	0.1	-0.1	5.43212
13048053	156	0.1	-0.1	2.87033
13048053	157	0.1	-0.1	3.31139
13048053	158	0.1	-0.1	0.748543
13048053	159	0.1	-0.1	5.9636
13048053	160	0.1	-0.1	-1.22739
13048053	161	0.1	-0.1	0.619273
13048053	162	0.1	-0.1	-3.48805
13048053	163	0.1	-0.1	-1.98154
13048053	164	0.1	-0.1	2.85525
13048053	165	0.1	-0.1	3.78508
13048053	166	0.1	-0.1	4.79021
13048053	167	0.1	-0.1	-4.66565
13048053	168	0.1	-0.1	-4.14302
13048053	169	0.1	-0.1	-2.23842
13048053	170	0.1	-0.1	-4.9176
13048053	171	0.1	-0.1	5.85869
13048053	172	0.1	-0.1	5.83045
13048053	173	0.1	-0.1	-3.00053
13048053	174	0.1	-0.1	-4.70166
13048053	175	0.1	-0.1	-2.101
13048053	176	0.1	-0.1	5.31282
13048053	177	0.1	-0.1	1.46917
13048053	178	0.1	-0.1	4.53509
13048053	179	0.1	-0.1	4.11357
13048053	180	0.1	-0.1	1.30122
13048053	181	0.1	-0.1	5.58348
13048053	182	0.1	-0.1	-4.04948
13048053	183	0.1	-0.1	4.49025
13048053	184	0.1	-0.1	5.28633
13048053	185	0.1	-0.1	-1.33425
13048053	186	0.1	-0.1	-0.654668
13048053	187	0.1	-0.1	-4.0114
13048053	188	0.1	-0.1	0.200132
13048053	189	0.1	-0.1	5.04352
13048053	190	0.1	-0.1	4.42526
13048053	191	0.1	-0.1	1.57362
13048053	192	0.1	-0.1	-1.29092
13048053	193	0.1	-0.1	-4.40525
13048053	194	0.1	-0.1	0.0996783
13048053	195	0.1	-0.1	-5.09648
13048053	196	0.1	-0.1	1.82135
13048053	197	0.1	-0.1	2.72032
13048053	198	0.1	-0.1	3.91667
13048053	199	0.1	-0.1	-3.16008
13048053	200	0.1	-0.1	2.70804
13048053	201	0.1	-0.1	1.54443
13048053	202	0.1	-0.1	1.64545
13048053	203	0.1	-0.1	2.54006
13048053	204	0.1	-0.1	-4.88476
13048053	205	0.1	-0.1	-2.49053
13048053	206	0.1	-0.1	-5.27575
13048053	207	0.1	-0.1	-0.615386
13048053	208	0.1	-0.1	-2.56997
13048053	209	0.1	-0.1	-1.31363
13048053	210	0.1	-0.1	-2.274
13048053	211	0.1	-0.1	-1.74699
13048053	212	0.1	-0.1	-2.8835
13048053	213	0.1	-0.1	2.5959
13048053	214	0.1	-0.1	4.13927
13048053	215	0.1	-0.1	-4.16065
13048053	216	0.1	-0.1	-5.64293
13048053	217	0.1	-0.1	-0.585156
13048053	218	0.1	-0.1	0.0120733
13048053	219	0.1	-0.1	2.39987
13048053	220	0.1	-0.1	3.26409
13048053	221	0.1	-0.1	-0.137352
13048053	222	0.1	-0.1	-1.66935
13048053	223	0.1	-0.1	-2.30714
13048053	224	0.1	-0.1	-2.86866
13048053	225	0.1	-0.1	0.66266
13048053	226	0.1	-0.1	-5.13262
13048053	227	0.1	-0.1	-1.8457
13048053	228	0.1	-0.1	-3.8617
13048053	229	0.1	-0.1	5.16437
13048053	230	0.1	-0.1	-2.38243
13048053	231	0.1	-0.1	0.854638
13048053	232	0.1	-0.1	0.454458
13048053	233	0.1	-0.1	0.601108
13048053	234	0.1	-0.1	-0.197953
13048053	235	0.1	-0.1	-2.0854
13048053	236	0.1	-0.1	4.57946
13048053	237	0.1	-0.1	0.334833
13048053	238	0.1	-0.1	-4.20219
13048053	239	0.1	-0.1	0.400888
13048053	240	0.1	-0.1	-5.8286
13048053	241	0.1	-0.1	-5.42879
13048053	242	0.1	-0.1	-5.04249
13048053	243	0.1	-0.1	-4.53403
13048053	244	0.1	-0.1	3.0722
13048053	245	0.1	-0.1	0.543065
13048053	246	0.1	-0.1	-4.60386
13048053	247	0.1	-0.1	2.48442
13048053	248	0.1	-0.1	5.06767
13048053	249	0.1	-0.1	0.904529
13048053	250	0.1	-0.1	0.243969
13048053	251	0.1	-0.1	0.302305
13048053	252	0.1	-0.1	-5.78045
13048053	253	0.1	-0.1	-1.83162
13048053	254	0.1	-0.1	-4.02492
13048053	255	0.1	-0.1	-5.57679
13048053	256	0.1	-0.1	0.15598
13048053	257	0.1	-0.1	-3.25055
13048053	258	0.1	-0.1	0.90106
13048053	259	0.1	-0.1	-3.94316
13048053	260	0.1	-0.1	-0.341245
13048053	261	0.1	-0.1	-0.0160693
13048053	262	0.1	-0.1	-0.519372
13048053	263	0.1	-0.1	0.225009
13048053	264	0.1	-0.1	4.74885
13048053	265	0.1	-0.1	-0.935277
13048053	266	0.1	-0.1	0.477162
13048053	267	0.1	-0.1	-0.208852
13048053	268	0.1	-0.1	5.40938
13048053	269	0.1	-0.1	3.16943
13048053	270	0.1	-0.1	5.85166
13048053	271	0.1	-0.1	-4.90807
13048053	272	0.1	-0.1	1.05402
13048053	273	0.1	-0.1	3.59703
13048053	274	0.1	-0.1	-1.16159
13048053	275	0.1	-0.1	1.93027
13048053	276	0.1	-0.1	-0.488087
13048053	277	0.1	-0.1	1.78783
13048053	278	0.1	-0.1	3.54553
13048053	279	0.1	-0.1	-4.45127
13048053	280	0.1	-0.1	-4.31338
13048053	281	0.1	-0.1	3.0402
13048053	282	0.1	-0.1	-0.719661
13048053	283	0.1	-0.1	-1.20391
13048053	284	0.1	-0.1	-0.365062
13048053	285	0.1	-0.1	4.95214
13048053	286	0.1	-0.1	2.25188
13048053	287	0.1	-0.1	5.88167
13048053	288	0.1	-0.1	-2.03696
13048053	289	0.1	-0.1	-1.21435
13048053	290	0.1	-0.1	0.700833
13048053	291	0.1	-0.1	2.64125
13048053	292	0.1	-0.1	-0.691412
13048053	293	0.1	-0.1	1.60285
13048053	294	0.1	-0.1	2.97774
13048053	295	0.1	-0.1	-3.44625
13048053	296	0.1	-0.1	5.29981
13048053	297	0.1	-0.1	-4.7409
13048053	298	0.1	-0.1	-1.67523
13048053	299	0.1	-0.1	-1.54959
13048053	300	0.1	-0.1	0.546369
13048053	301	0.1	-0.1	-5.35098
13048053	302	0.1	-0.1	-5.12448
13048053	303	0.1	-0.1	-2.23498
13048053	304	0.1	-0.1	-5.49988
13048053	305	0.1	-0.1	0.72141
13048053	306	0.1	-0.1	-5.84006
13048053	307	0.1	-0.1	1.5402
13048053	308	0.1	-0.1	-0.807031
13048053	309	0.1	-0.1	3.04628
13048053	310	0.1	-0.1	-0.663798
13048053	311	0.1	-0.1	-4.13673
13048053	312	0.1	-0.1	-3.0248
13048053	313	0.1	-0.1	4.79152
13048053	314	0.1	-0.1	0.534387
13048053	315	0.1	-0.1	-3.04298
13048053	316	0.1	-0.1	-3.44208
13048053	317	0.1	-0.1	1.7928
13048053	318	0.1	-0.1	-1.84502
13048053	319	0.1	-0.1	2.18962
13048053	320	0.1	-0.1	-3.51768
13048053	321	0.1	-0.1	-0.102873
13048053	322	0.1	-0.1	2.76628
13048053	323	0.1	-0.1	0.815553
13048053	324	0.1	-0.1	4.33569
13048053	325	0.1	-0.1	1.7608
13048053	326	0.1	-0.1	4.20299
13048053	327	0.1	-0.1	1.82572
13048053	328	0.1	-0.1	5.26339
13048053	329	0.1	-0.1	1.42471
13048053	330	0.1	-0.1	-3.46279
13048053	331	0.1	-0.1	-3.39328
13048053	332	0.1	-0.1	-5.92975
13048053	333	0.1	-0.1	-3.27941
13048053	334	0.1	-0.1	-2.1058
13048053	335	0.1	-0.1	-0.393925
13048053	336	0.1	-0.1	-2.28793
13048053	337	0.1	-0.1	5.32746
13048053	338	0.1	-0.1	1.90493
13048053	339	0.1	-0.1	3.00359
13048053	340	0.1	-0.1	1.83386
13048053	341	0.1	-0.1	-5.03467
13048053	342	0.1	-0.1	-2.40489
13048053	343	0.1	-0.1	1.09149
13048053	344	0.1	-0.1	-4.28004
13048053	345	0.1	-0.1	-0.974311
13048053	346	0.1	-0.1	-1.7037
13048053	347	0.1	-0.1	2.78523
13048053	348	0.1	-0.1	-0.683915
13048053	349	0.1	-0.1	-2.64787
13048053	350	0.1	-0.1	-5.27122
13048053	351	0.1	-0.1	-0.3228
13048053	352	0.1	-0.1	3.23763
13048053	353	0.1	-0.1	3.69204
13048053	354	0.1	-0.1	-5.3069
13048053	355	0.1	-0.1	0.460511
13048053	356	0.1	-0.1	3.55967
13048053	357	0.1	-0.1	3.97617
13048053	358	0.1	-0.1	3.39715
13048053	359	0.1	-0.1	-5.90682
13048053	360	0.1	-0.1	-3.96841
13048053	361	0.1	-0.1	2.19289
13048053	362	0.1	-0.1	4.671
13048053	363	0.1	-0.1	1.60274
13048053	364	0.1	-0.1	2.82495
13048053	365	0.1	-0.1	1.47812
13048053	366	0.1	-0.1	-3.6792
13048053	367	0.1	-0.1	4.13463
13048053	368	0.1	-0.1	4.27146
13048053	369	0.1	-0.1	5.67648
13048053	370	0.1	-0.1	-5.96746
13048053	371	0.1	-0.1	-5.76313
13048053	372	0.1	-0.1	4.05757
13048053	373	0.1	-0.1	5.7379
13048053	374	0.1	-0.1	-1.85833
13048053	375	0.1	-0.1	-5.00457
13048053	376	0.1	-0.1	0.35175
13048053	377	0.1	-0.1	-1.4628
13048053	378	0.1	-0.1	1.6296
13048053	379	0.1	-0.1	-5.47529
13048053	380	0.1	-0.1	4.32545
13048053	381	0.1	-0.1	3.72754
13048053	382	0.1	-0.1	-1.15139
13048053	383	0.1	-0.1	4.12357
13048053	384	0.1	-0.1	-0.735652
13048053	385	0.1	-0.1	5.98414
13048053	386	0.1	-0.1	-2.98179
13048053	387	0.1	-0.1	-2.63278
13048053	388	0.1	-0.1	-2.65643
13048053	389	0.1	-0.1	2.45227
13048053	390	0.1	-0.1	-5.64219
13048053	391	0.1	-0.1	-4.78128
13048053	392	0.1	-0.1	4.37351
13048053	393	0.1	-0.1	1.75166
13048053	394	0.1	-0.1	3.48996
13048053	395	0.1	-0.1	-4.40729
13048053	396	0.1	-0.1	4.73315
13048053	397	0.1	-0.1	-2.77407
13048053	398	0.1	-0.1	-0.588048
13048053	399	0.1	-0.1	-1.42945
13048053	400	0.1	-0.1	-0.789253
13048053	401	0.1	-0.1	1.84862
13048053	402	0.1	-0.1	-4.01483
13048053	403	0.1	-0.1	-3.10585
13048053	404	0.1	-0.1	-2.80104
13048053	405	0.1	-0.1	-4.01471
13048053	406	0.1	-0.1	-1.4953
13048053	407	0.1	-0.1	-2.40308
13048053	408	0.1	-0.1	1.86709
13048053	409	0.1	-0.1	0.636494
13048053	410	0.1	-0.1	0.73701
13048053	411	0.1	-0.1	0.790871
13048053	412	0.1	-0.1	-1.06924
13048053	413	0.1	-0.1	-5.20722
13048053	414	0.1	-0.1	-2.10527
13048053	415	0.1	-0.1	0.876257
13048053	416	0.1	-0.1	-3.21546
13048053	417	0.1	-0.1	5.60567
13048053	418	0.1	-0.1	0.782295
13048053	419	0.1	-0.1	5.22822
13048053	420	0.1	-0.1	4.86178
13048053	421	0.1	-0.1	2.1955
13048053	422	0.1	-0.1	-5.62406
13048053	423	0.1	-0.1	0.564402
13048053	424	0.1	-0.1	3.28978
13048053	425	0.1	-0.1	0.349133
13048053	426	0.1	-0.1	-1.03708
13048053	427	0.1	-0.1	-0.909775
13048053	428	0.1	-0.1	5.3287
13048053	429	0.1	-0.1	1.84032
13048053	430	0.1	-0.1	-1.82943
13048053	431	0.1	-0.1	-3.43202
13048053	432	0.1	-0.1	-5.40265
13048053	433	0.1	-0.1	3.65897
13048053	434	0.1	-0.1	-3.35771
13048053	435	0.1	-0.1	0.658506
13048053	436	0.1	-0.1	-4.14491
13048053	437	0.1	-0.1	-1.25147
13048053	438	0.1	-0.1	3.80702
13048053	439	0.1	-0.1	4.86593
13048053	440	0.1	-0.1	3.45679
13048053	441	0.1	-0.1	3.22537
13048053	442	0.1	-0.1	1.43451
13048053	443	0.1	-0.1	-5.61129
13048053	444	0.1	-0.1	-2.32984
13048053	445	0.1	-0.1	-2.04616
13048053	446	0.1	-0.1	3.4741
13048053	447	0.1	-0.1	1.58764
13048053	448	0.1	-0.1	-2.80486
13048053	449	0.1	-0.1	-3.06114
13048053	450	0.1	-0.1	-1.98864
13048053	451	0.1	-0.1	-4.87385
13048053	452	0.1	-0.1	5.45124
13048053	453	0.1	-0.1	1.44996
13048053	454	0.1	-0.1	4.85614
13048053	455	0.1	-0.1	1.20957
13048053	456	0.1	-0.1	1.4275
13048053	457	0.1	-0.1	2.43916
13048053	458	0.1	-0.1	-3.01834
13048053	459	0.1	-0.1	5.19022
13048053	460	0.1	-0.1	-0.672386
13048053	461	0.1	-0.1	2.7746
13048053	462	0.1	-0.1	-5.41597
13048053	463	0.1	-0.1	1.97541
13048053	464	0.1	-0.1	4.54781
13048053	465	0.1	-0.1	5.30721
13048053	466	0.1	-0.1	-0.509989
13048053	467	0.1	-0.1	-5.4072
13048053	468	0.1	-0.1	-2.64084
13048053	469	0.1	-0.1	-0.65265
13048053	470	0.1	-0.1	3.77794
13048053	471	0.1	-0.1	2.92328
13048053	472	0.1	-0.1	-0.382685
13048053	473	0.1	-0.1	5.68422
13048053	474	0.1	-0.1	-4.23292
13048053	475	0.1	-0.1	-3.48482
13048053	476	0.1	-0.1	-5.37232
13048053	477	0.1	-0.1	-2.14811
13048053	478	0.1	-0.1	3.37584
13048053	479	0.1	-0.1	4.07808
13048053	480	0.1	-0.1	1.89268
13048053	481	0.1	-0.1	-4.47905
13048053	482	0.1	-0.1	2.69379
13048053	483	0.1	-0.1	-5.33923
13048053	484	0.1	-0.1	-1.10372
13048053	485	0.1	-0.1	-0.211891
13048053	486	0.1	-0.1	-0.509756
13048053	487	0.1	-0.1	5.83174
13048053	488	0.1	-0.1	0.589546
13048053	489	0.1	-0.1	1.28931
13048053	490	0.1	-0.1	3.72173
13048053	491	0.1	-0.1	4.04423
13048053	492	0.1	-0.1	-4.85068
13048053	493	0.1	-0.1	-0.448209
13048053	494	0.1	-0.1	3.58372
13048053	495	0.1	-0.1	-5.31677
13048053	496	0.1	-0.1	-3.19045
13048053	497	0.1	-0.1	3.82872
13048053	498	0.1	-0.1	3.89984
13048053	499	0.1	-0.1	-5.87056
13048053	500	0.1	-0.1	-3.9954
13048053	501	0.1	-0.1	2.29935
13048053	502	0.1	-0.1	-2.98972
13048053	503	0.1	-0.1	5.85146
13048053	504	0.1	-0.1	-3.91445
13048053	505	0.1	-0.1	1.77351
13048053	506	0.1	-0.1	3.47467
13048053	507	0.1	-0.1	-5.04206
13048053	508	0.1	-0.1	1.66593
13048053	509	0.1	-0.1	5.05546
13048053	510	0.1	-0.1	3.47241
13048053	511	0.1	-0.1	-4.72885
13048053	512	0.1	-0.1	1.99403
13048053	513	0.1	-0.1	-2.9332
13048053	514	0.1	-0.1	-2.64048
13048053	515	0.1	-0.1	-0.949768
13048053	516	0.1	-0.1	-3.22322
13048053	517	0.1	-0.1	4.85708
13048053	518	0.1	-0.1	-2.89371
13048053	519	0.1	-0.1	-3.15175
13048053	520	0.1	-0.1	1.81496
13048053	521	0.1	-0.1	0.826109
13048053	522	0.1	-0.1	-0.135252
13048053	523	0.1	-0.1	3.27595
13048053	524	0.1	-0.1	-2.69392
13048053	525	0.1	-0.1	0.334839
13048053	526	0.1	-0.1	-0.963661
13048053	527	0.1	-0.1	-2.2041
13048053	528	0.1	-0.1	-5.47113
13048053	529	0.1	-0.1	-3.09272
13048053	530	0.1	-0.1	2.90443
13048053	531	0.1	-0.1	-0.341897
13048053	532	0.1	-0.1	-1.70677
13048053	533	0.1	-0.1	-2.13977
13048053	534	0.1	-0.1	3.82942
13048053	535	0.1	-0.1	-5.38149
13048053	536	0.1	-0.1	0.708823
13048053	537	0.1	-0.1	-4.30311
13048053	538	0.1	-0.1	5.59826
13048053	539	0.1	-0.1	-1.50451
13048053	540	0.1	-0.1	5.45251
13048053	541	0.1	-0.1	1.7089
13048053	542	0.1	-0.1	-3.95194
13048053	543	0.1	-0.1	-5.31905
13048053	544	0.1	-0.1	2.08674
13048053	545	0.1	-0.1	-4.06069
13048053	546	0.1	-0.1	0.827804
13048053	547	0.1	-0.1	-1.0121
13048053	548	0.1	-0.1	-3.54561
13048053	549	0.1	-0.1	-1.74975
13048053	550	0.1	-0.1	-5.84036
13048053	551	0.1	-0.1	2.99908
13048053	552	0.1	-0.1	-1.31085
13048053	553	0.1	-0.1	2.44968
13048053	554	0.1	-0.1	-2.09198
13048053	555	0.1	-0.1	-5.66237
13048053	556	0.1	-0.1	0.235712
13048053	557	0.1	-0.1	4.47851
13048053	558	0.1	-0.1	0.76951
13048053	559	0.1	-0.1	3.03333
13048053	560	0.1	-0.1	-2.28462
13048053	561	0.1	-0.1	0.929544
13048053	562	0.1	-0.1	0.668323
13048053	563	0.1	-0.1	-3.84191
13048053	564	0.1	-0.1	3.59675
13048053	565	0.1	-0.1	-4.06543
13048053	566	0.1	-0.1	-0.798547
13048053	567	0.1	-0.1	-5.01505
13048053	568	0.1	-0.1	5.43868
13048053	569	0.1	-0.1	-3.19151
13048053	570	0.1	-0.1	5.54719
13048053	571	0.1	-0.1	-0.983979
13048053	572	0.1	-0.1	2.88684
13048053	573	0.1	-0.1	-1.5838
13048053	574	0.1	-0.1	4.8489
13048053	575	0.1	-0.1	3.44043
13048053	576	0.1	-0.1	-3.28652
13048053	577	0.1	-0.1	1.69194
13048053	578	0.1	-0.1	3.25263
13048053	579	0.1	-0.1	5.16697
13048053	580	0.1	-0.1	-4.90234
13048053	581	0.1	-0.1	-2.84248
13048053	582	0.1	-0.1	-2.30606
13048053	583	0.1	-0.1	4.87482
13048053	584	0.1	-0.1	-4.49526
13048053	585	0.1	-0.1	-0.811556
13048053	586	0.1	-0.1	0.726351
13048053	587	0.1	-0.1	4.78141
13048053	588	0.1	-0.1	3.91293
13048053	589	0.1	-0.1	1.93608
13048053	590	0.1	-0.1	4.51721
13048053	591	0.1	-0.1	-4.20778
13048053	592	0.1	-0.1	-1.13059
13048053	593	0.1	-0.1	3.02499
13048053	594	0.1	-0.1	0.335861
13048053	595	0.1	-0.1	4.38377
13048053	596	0.1	-0.1	-2.16992
13048053	597	0.1	-0.1	4.46732
13048053	598	0.1	-0.1	-1.01776
13048053	599	0.1	-0.1	2.72922
13048053	600	0.1	-0.1	-3.47214
13048053	601	0.1	-0.1	-4.82569
13048053	602	0.1	-0.1	1.69403
13048053	603	0.1	-0.1	3.05923
13048053	604	0.1	-0.1	5.07571
13048053	605	0.1	-0.1	1.83569
13048053	606	0.1	-0.1	4.05653
13048053	607	0.1	-0.1	-0.435457
13048053	608	0.1	-0.1	1.87645
13048053	609	0.1	-0.1	1.54865
13048053	610	0.1	-0.1	2.85151
13048053	611	0.1	-0.1	5.08689
13048053	612	0.1	-0.1	-4.91848
13048053	613	0.1	-0.1	-4.04142
13048053	614	0.1	-0.1	-4.13093
13048053	615	0.1	-0.1	-1.68225
13048053	616	0.1	-0.1	-0.827858
13048053	617	0.1	-0.1	-3.3497
13048053	618	0.1	-0.1	-3.67478
13048053	619	0.1	-0.1	-3.13071
13048053	620	0.1	-0.1	4.37602
13048053	621	0.1	-0.1	0.939102
13048053	622	0.1	-0.1	-0.44549
13048053	623	0.1	-0.1	-2.74047
13048053	624	0.1	-0.1	-5.21004
13048053	625	0.1	-0.1	2.81795
13048053	626	0.1	-0.1	0.107092
13048053	627	0.1	-0.1	4.08399
13048053	628	0.1	-0.1	-3.92388
13048053	629	0.1	-0.1	4.43989
13048053	630	0.1	-0.1	-5.40767
13048053	631	0.1	-0.1	4.2849
13048053	632	0.1	-0.1	-3.53645
13048053	633	0.1	-0.1	-4.58398
13048053	634	0.1	-0.1	2.50522
13048053	635	0.1	-0.1	-0.803816
13048053	636	0.1	-0.1	4.17072
13048053	637	0.1	-0.1	3.38075
13048053	638	0.1	-0.1	2.99905
13048053	639	0.1	-0.1	4.33692
13048053	640	0.1	-0.1	5.66812
13048053	641	0.1	-0.1	2.50053
13048053	642	0.1	-0.1	-1.60487
13048053	643	0.1	-0.1	4.4367
13048053	644	0.1	-0.1	-3.47924
13048053	645	0.1	-0.1	-5.8649
13048053	646	0.1	-0.1	4.49723
13048053	647	0.1	-0.1	-2.43126
13048053	648	0.1	-0.1	2.75697
13048053	649	0.1	-0.1	-2.02074
13048053	650	0.1	-0.1	5.64391
13048053	651	0.1	-0.1	5.34371
13048053	652	0.1	-0.1	4.6157
13048053	653	0.1	-0.1	3.94371
13048053	654	0.1	-0.1	-3.6212
13048053	655	0.1	-0.1	-0.395375
13048053	656	0.1	-0.1	-3.54265
13048053	657	0.1	-0.1	-0.317526
13048053	658	0.1	-0.1	5.31647
13048053	659	0.1	-0.1	-3.87975
13048053	660	0.1	-0.1	-3.1122
13048053	661	0.1	-0.1	1.84016
13048053	662	0.1	-0.1	5.99801
13048053	663	0.1	-0.1	0.843957
13048053	664	0.1	-0.1	5.59269
13048053	665	0.1	-0.1	1.17264
13048053	666	0.1	-0.1	3.79407
13048053	667	0.1	-0.1	-1.1023
13048053	668	0.1	-0.1	-5.16498
13048053	669	0.1	-0.1	-4.19624
13048053	670	0.1	-0.1	-4.80723
13048053	671	0.1	-0.1	5.5675
13048053	672	0.1	-0.1	1.68606
13048053	673	0.1	-0.1	-4.82573
13048053	674	0.1	-0.1	-3.73742
13048053	675	0.1	-0.1	-1.14431
13048053	676	0.1	-0.1	3.92131
13048053	677	0.1	-0.1	-0.493398
13048053	678	0.1	-0.1	3.00279
13048053	679	0.1	-0.1	-4.533
13048053	680	0.1	-0.1	-0.54244
13048053	681	0.1	-0.1	-4.06772
13048053	682	0.1	-0.1	3.40697
13048053	683	0.1	-0.1	-0.639654
13048053	684	0.1	-0.1	-0.973022
13048053	685	0.1	-0.1	5.58318
13048053	686	0.1	-0.1	-3.5549
13048053	687	0.1	-0.1	-3.42459
13048053	688	0.1	-0.1	-4.10771
13048053	689	0.1	-0.1	-2.22278
13048053	690	0.1	-0.1	1.93949
13048053	691	0.1	-0.1	1.69671
13048053	692	0.1	-0.1	1.46097
13048053	693	0.1	-0.1	-1.27212
13048053	694	0.1	-0.1	2.62512
13048053	695	0.1	-0.1	1.82136
13048053	696	0.1	-0.1	3.5377
13048053	697	0.1	-0.1	-0.310701
13048053	698	0.1	-0.1	-0.678555
13048053	699	0.1	-0.1	5.2255
13048053	700	0.1	-0.1	2.59434
13048053	701	0.1	-0.1	-0.240277
13048053	702	0.1	-0.1	-2.66099
13048053	703	0.1	-0.1	-5.53936
13048053	704	0.1	-0.1	0.799579
13048053	705	0.1	-0.1	-3.06269
13048053	706	0.1	-0.1	5.50263
13048053	707	0.1	-0.1	-3.49535
13048053	708	0.1	-0.1	-0.225898
13048053	709	0.1	-0.1	-0.856718
13048053	710	0.1	-0.1	5.5949
13048053	711	0.1	-0.1	1.68202
13048053	712	0.1	-0.1	4.02656
13048053	713	0.1	-0.1	5.4116
13048053	714	0.1	-0.1	2.04966
13048053	715	0.1	-0.1	-1.05395
13048053	716	0.1	-0.1	4.64757
13048053	717	0.1	-0.1	-0.684897
13048053	718	0.1	-0.1	5.49211
13048053	719	0.1	-0.1	-2.14389
13048053	720	0.1	-0.1	-5.73955
13048053	721	0.1	-0.1	-5.21349
13048053	722	0.1	-0.1	1.82209
13048053	723	0.1	-0.1	-5.71167
13048053	724	0.1	-0.1	-3.35333
13048053	725	0.1	-0.1	3.98063
13048053	726	0.1	-0.1	4.50067
13048053	727	0.1	-0.1	-5.16468
13048053	728	0.1	-0.1	1.47689
13048053	729	0.1	-0.1	-3.68245
13048053	730	0.1	-0.1	5.32135
13048053	731	0.1	-0.1	4.30838
13048053	732	0.1	-0.1	-3.88932
13048053	733	0.1	-0.1	-2.89906
13048053	734	0.1	-0.1	-1.34297
13048053	735	0.1	-0.1	2.18013
13048053	736	0.1	-0.1	-3.18917
13048053	737	0.1	-0.1	-3.9547
13048053	738	0.1	-0.1	-3.63777
13048053	739	0.1	-0.1	-0.461115
13048053	740	0.1	-0.1	-5.19252
13048053	741	0.1	-0.1	0.403889
13048053	742	0.1	-0.1	-2.7117
13048053	743	0.1	-0.1	2.13886
13048053	744	0.1	-0.1	-5.49012
13048053	745	0.1	-0.1	-3.54669
13048053	746	0.1	-0.1	4.22148
13048053	747	0.1	-0.1	-3.28409
13048053	748	0.1	-0.1	-5.87422
13048053	749	0.1	-0.1	-4.21227
13048053	750	0.1	-0.1	4.0537
13048053	751	0.1	-0.1	3.14611
13048053	752	0.1	-0.1	4.62669
13048053	753	0.1	-0.1	-0.658332
13048053	754	0.1	-0.1	-3.37714
13048053	755	0.1	-0.1	-0.469055
13048053	756	0.1	-0.1	1.61349
13048053	757	0.1	-0.1	-3.35881
13048053	758	0.1	-0.1	-5.42441
13048053	759	0.1	-0.1	-2.60979
13048053	760	0.1	-0.1	-0.185617
13048053	761	0.1	-0.1	-1.16299
13048053	762	0.1	-0.1	2.45956
13048053	763	0.1	-0.1	-5.33719
13048053	764	0.1	-0.1	-4.542
13048053	765	0.1	-0.1	0.749677
13048053	766	0.1	-0.1	3.44089
13048053	767	0.1	-0.1	5.59739
13048053	768	0.1	-0.1	-1.27653
13048053	769	0.1	-0.1	-2.2868
13048053	770	0.1	-0.1	-0.106394
13048053	771	0.1	-0.1	3.37009
13048053	772	0.1	-0.1	-2.68416
13048053	773	0.1	-0.1	-5.7414
13048053	774	0.1	-0.1	-4.76288
13048053	775	0.1	-0.1	-5.24459
13048053	776	0.1	-0.1	5.6474
13048053	777	0.1	-0.1	-5.08565
13048053	778	0.1	-0.1	-3.67035
13048053	779	0.1	-0.1	-2.50506
13048053	780	0.1	-0.1	-3.60087
13048053	781	0.1	-0.1	3.88126
13048053	782	0.1	-0.1	4.06238
13048053	783	0.1	-0.1	-2.42491
13048053	784	0.1	-0.1	-2.09031
13048053	785	0.1	-0.1	-2.27933
13048053	786	0.1	-0.1	-5.03999
13048053	787	0.1	-0.1	3.85188
13048053	788	0.1	-0.1	-4.66159
13048053	789	0.1	-0.1	3.76518
13048053	790	0.1	-0.1	-3.04083
13048053	791	0.1	-0.1	-4.25929
13048053	792	0.1	-0.1	4.15591
13048053	793	0.1	-0.1	-0.247874
13048053	794	0.1	-0.1	-4.92144
13048053	795	0.1	-0.1	3.35695
13048053	796	0.1	-0.1	-1.6388
13048053	797	0.1	-0.1	3.96671
13048053	798	0.1	-0.1	-1.72843
13048053	799	0.1	-0.1	1.1714
13048053	800	0.1	-0.1	4.10855
13048053	801	0.1	-0.1	5.74346
13048053	802	0.1	-0.1	-4.95348
13048053	803	0.1	-0.1	4.70098
13048053	804	0.1	-0.1	-2.19906
13048053	805	0.1	-0.1	-0.0573552
13048053	806	0.1	-0.1	-5.59838
13048053	807	0.1	-0.1	5.85997
13048053	808	0.1	-0.1	1.73684
13048053	809	0.1	-0.1	-3.18437
13048053	810	0.1	-0.1	4.29409
13048053	811	0.1	-0.1	-2.5311
13048053	812	0.1	-0.1	0.505058
13048053	813	0.1	-0.1	-3.33654
13048053	814	0.1	-0.1	2.63707
13048053	815	0.1	-0.1	-2.66302
13048053	816	0.1	-0.1	-0.168426
13048053	817	0.1	-0.1	4.01913
13048053	818	0.1	-0.1	4.27672
13048053	819	0.1	-0.1	2.52075
13048053	820	0.1	-0.1	-3.95666
13048053	821	0.1	-0.1	5.21852
13048053	822	0.1	-0.1	-2.30076
13048053	823	0.1	-0.1	-5.84402
13048053	824	0.1	-0.1	-0.0685684
13048053	825	0.1	-0.1	-1.30928
13048053	826	0.1	-0.1	-5.36172
13048053	827	0.1	-0.1	-2.62787
13048053	828	0.1	-0.1	-4.6872
13048053	829	0.1	-0.1	-4.75655
13048053	830	0.1	-0.1	0.0619306
13048053	831	0.1	-0.1	-2.99616
13048053	832	0.1	-0.1	4.95758
13048053	833	0.1	-0.1	-2.37007
13048053	834	0.1	-0.1	-2.42353
13048053	835	0.1	-0.1	3.76005
13048053	836	0.1	-0.1	-0.633408
13048053	837	0.1	-0.1	4.86247
13048053	838	0.1	-0.1	2.46443
13048053	839	0.1	-0.1	3.40066
13048053	840	0.1	-0.1	-0.210278
13048053	841	0.1	-0.1	4.98705
13048053	842	0.1	-0.1	-3.20006
13048053	843	0.1	-0.1	-4.90651
13048053	844	0.1	-0.1	-0.168152
13048053	845	0.1	-0.1	-3.66841
13048053	846	0.1	-0.1	3.75575
13048053	847	0.1	-0.1	-1.49536
13048053	848	0.1	-0.1	4.24143
13048053	849	0.1	-0.1	-3.9718
13048053	850	0.1	-0.1	3.48281
13048053	851	0.1	-0.1	2.20548
13048053	852	0.1	-0.1	-2.24637
13048053	853	0.1	-0.1	-3.13363
13048053	854	0.1	-0.1	-4.5743
13048053	855	0.1	-0.1	1.58415
13048053	856	0.1	-0.1	-2.2945
13048053	857	0.1	-0.1	0.763811
13048053	858	0.1	-0.1	-4.0184
13048053	859	0.1	-0.1	-0.02193
13048053	860	0.1	-0.1	1.43027
13048053	861	0.1	-0.1	-1.15003
13048053	862	0.1	-0.1	0.136568
13048053	863	0.1	-0.1	-3.16035
13048053	864	0.1	-0.1	1.1783
13048053	865	0.1	-0.1	-4.9615
13048053	866	0.1	-0.1	0.467923
13048053	867	0.1	-0.1	3.06301
13048053	868	0.1	-0.1	5.33732
13048053	869	0.1	-0.1	1.34667
13048053	870	0.1	-0.1	5.66303
13048053	871	0.1	-0.1	-5.42962
13048053	872	0.1	-0.1	-4.408
13048053	873	0.1	-0.1	0.767567
13048053	874	0.1	-0.1	-4.60392
13048053	875	0.1	-0.1	-2.39671
13048053	876	0.1	-0.1	-4.11605
13048053	877	0.1	-0.1	1.57508
13048053	878	0.1	-0.1	3.47328
13048053	879	0.1	-0.1	2.86176
13048053	880	0.1	-0.1	-5.27864
13048053	881	0.1	-0.1	-4.34541
13048053	882	0.1	-0.1	0.591975
13048053	883	0.1	-0.1	-2.5647
13048053	884	0.1	-0.1	-2.67537
13048053	885	0.1	-0.1	3.3997
13048053	886	0.1	-0.1	-2.02041
13048053	887	0.1	-0.1	-3.26743
13048053	888	0.1	-0.1	-1.05506
13048053	889	0.1	-0.1	-5.10475
13048053	890	0.1	-0.1	-1.68625
13048053	891	0.1	-0.1	4.3537
13048053	892	0.1	-0.1	5.24315
13048053	893	0.1	-0.1	-4.95819
13048053	894	0.1	-0.1	-5.43416
13048053	895	0.1	-0.1	-4.64274
13048053	896	0.1	-0.1	-4.49583
13048053	897	0.1	-0.1	3.23151
13048053	898	0.1	-0.1	-2.32922
13048053	899	0.1	-0.1	-5.32697
13048053	900	0.1	-0.1	-3.29544
13048053	901	0.1	-0.1	0.276784
13048053	902	0.1	-0.1	0.218411
13048053	903	0.1	-0.1	3.82472
13048053	904	0.1	-0.1	5.03127
13048053	905	0.1	-0.1	0.973428
13048053	906	0.1	-0.1	-3.73089
13048053	907	0.1	-0.1	-3.83286
13048053	908	0.1	-0.1	3.34368
13048053	909	0.1	-0.1	-5.38225
13048053	910	0.1	-0.1	-1.5848
13048053	911	0.1	-0.1	5.71975
13048053	912	0.1	-0.1	4.00684
13048053	913	0.1	-0.1	-3.35115
13048053	914	0.1	-0.1	2.43892
13048053	915	0.1	-0.1	-4.8911
13048053	916	0.1	-0.1	2.93447
13048053	917	0.1	-0.1	-1.47589
13048053	918	0.1	-0.1	-3.38726
13048053	919	0.1	-0.1	-1.52294
13048053	920	0.1	-0.1	-2.11945
13048053	921	0.1	-0.1	-4.0449
13048053	922	0.1	-0.1	4.03237
13048053	923	0.1	-0.1	4.44081
13048053	924	0.1	-0.1	1.27878
13048053	925	0.1	-0.1	-2.86762
13048053	926	0.1	-0.1	0.247677
13048053	927	0.1	-0.1	5.815
13048053	928	0.1	-0.1	3.27838
13048053	929	0.1	-0.1	1.32849
13048053	930	0.1	-0.1	-5.2298
13048053	931	0.1	-0.1	-2.06388
13048053	932	0.1	-0.1	-0.653132
13048053	933	0.1	-0.1	3.49685
13048053	934	0.1	-0.1	-4.29412
13048053	935	0.1	-0.1	1.17369
13048053	936	0.1	-0.1	1.66744
13048053	937	0.1	-0.1	-3.76498
13048053	938	0.1	-0.1	3.95119
13048053	939	0.1	-0.1	-3.48561
13048053	940	0.1	-0.1	0.737435
13048053	941	0.1	-0.1	5.75937
13048053	942	0.1	-0.1	-1.2916
13048053	943	0.1	-0.1	4.33657
13048053	944	0.1	-0.1	3.98814
13048053	945	0.1	-0.1	2.89955
13048053	946	0.1	-0.1	4.51998
13048053	947	0.1	-0.1	2.77755
13048053	948	0.1	-0.1	3.50535
13048053	949	0.1	-0.1	4.83302
13048053	950	0.1	-0.1	-4.60879
13048053	951	0.1	-0.1	0.353297
13048053	952	0.1	-0.1	3.98233
13048053	953	0.1	-0.1	-5.59459
13048053	954	0.1	-0.1	3.12439
13048053	955	0.1	-0.1	-3.31477
13048053	956	0.1	-0.1	-1.80089
13048053	957	0.1	-0.1	2.62566
13048053	958	0.1	-0.1	1.63782
13048053	959	0.1	-0.1	1.03472
13048053	960	0.1	-0.1	0.283906
13048053	961	0.1	-0.1	-0.27767
13048053	962	0.1	-0.1	0.572296
13048053	963	0.1	-0.1	-5.55318
13048053	964	0.1	-0.1	3.33593
13048053	965	0.1	-0.1	1.0348
13048053	966	0.1	-0.1	1.31617
13048053	967	0.1	-0.1	-5.32739
13048053	968	0.1	-0.1	3.37783
13048053	969	0.1	-0.1	-3.63342
13048053	970	0.1	-0.1	-4.42627
13048053	971	0.1	-0.1	-4.58322
13048053	972	0.1	-0.1	-1.49001
13048053	973	0.1	-0.1	-1.8981
13048053	974	0.1	-0.1	1.23155
13048053	975	0.1	-0.1	-2.7564
13048053	976	0.1	-0.1	-2.47609
13048053	977	0.1	-0.1	3.73803
13048053	978	0.1	-0.1	1.4436
13048053	979	0.1	-0.1	1.78561
13048053	980	0.1	-0.1	-0.831066
13048053	981	0.1	-0.1	-3.37916
13048053	982	0.1	-0.1	3.4712
13048053	983	0.1	-0.1	-0.589876
13048053	984	0.1	-0.1	0.282026
13048053	985	0.1	-0.1	-0.902594
13048053	986	0.1	-0.1	3.76622
13048053	987	0.1	-0.1	-1.35202
13048053	988	0.1	-0.1	5.81244
13048053	989	0.1	-0.1	5.50511
13048053	990	0.1	-0.1	1.30159
13048053	991	0.1	-0.1	5.29482
13048053	992	0.1	-0.1	-4.51112
13048053	993	0.1	-0.1	-2.34692
13048053	994	0.1	-0.1	4.96687
13048053	995	0.1	-0.1	5.80468
13048053	996	0.1	-0.1	1.07919
13048053	997	0.1	-0.1	-5.85417
13048053	998	0.1	-0.1	-3.63477
13048053	999	0.1	-0.1	-0.576684
13048053	1000	0.1	-0.1	-3.46907
