13043030	1	0.1	-0.1	-0.4431
13043030	2	0.1	-0.1	2.77406
13043030	3	0.1	-0.1	-3.83036
13043030	4	0.1	-0.1	-1.88595
13043030	5	0.1	-0.1	1.04148
13043030	6	0.1	-0.1	-4.85792
13043030	7	0.1	-0.1	4.83518
13043030	8	0.1	-0.1	2.29575
13043030	9	0.1	-0.1	2.45375
13043030	10	0.1	-0.1	-0.413834
13043030	11	0.1	-0.1	5.92689
13043030	12	0.1	-0.1	0.248115
13043030	13	0.1	-0.1	-1.44578
13043030	14	0.1	-0.1	-2.86685
13043030	15	0.1	-0.1	5.58026
13043030	16	0.1	-0.1	-2.43299
13043030	17	0.1	-0.1	-3.21144
13043030	18	0.1	-0.1	-5.97962
13043030	19	0.1	-0.1	-3.55913
13043030	20	0.1	-0.1	0.524205
13043030	21	0.1	-0.1	-5.7845
13043030	22	0.1	-0.1	-5.14538
13043030	23	0.1	-0.1	-0.112882
13043030	24	0.1	-0.1	-0.802049
13043030	25	0.1	-0.1	-5.85943
13043030	26	0.1	-0.1	-1.23112
13043030	27	0.1	-0.1	1.24231
13043030	28	0.1	-0.1	-0.641114
13043030	29	0.1	-0.1	-1.97222
13043030	30	0.1	-0.1	5.11483
13043030	31	0.1	-0.1	1.81985
13043030	32	0.1	-0.1	-3.66509
13043030	33	0.1	-0.1	-2.52786
13043030	34	0.1	-0.1	0.545336
13043030	35	0.1	-0.1	-5.94965
13043030	36	0.1	-0.1	3.75949
13043030	37	0.1	-0.1	1.89729
13043030	38	0.1	-0.1	2.809
13043030	39	0.1	-0.1	-2.73296
13043030	40	0.1	-0.1	0.1527
13043030	41	0.1	-0.1	0.00240907
13043030	42	0.1	-0.1	-4.53882
13043030	43	0.1	-0.1	-5.23771
13043030	44	0.1	-0.1	0.453214
13043030	45	0.1	-0.1	1.77434
13043030	46	0.1	-0.1	3.24794
13043030	47	0.1	-0.1	4.39494
13043030	48	0.1	-0.1	-1.62733
13043030	49	0.1	-0.1	-4.92956
13043030	50	0.1	-0.1	4.80821
13043030	51	0.1	-0.1	-2.86017
13043030	52	0.1	-0.1	-2.0012
13043030	53	0.1	-0.1	0.0353733
13043030	54	0.1	-0.1	-2.37021
13043030	55	0.1	-0.1	0.922764
13043030	56	0.1	-0.1	-5.71214
13043030	57	0.1	-0.1	-2.48407
13043030	58	0.1	-0.1	5.14604
13043030	59	0.1	-0.1	-5.01666
13043030	60	0.1	-0.1	-0.443462
13043030	61	0.1	-0.1	-2.82377
13043030	62	0.1	-0.1	4.44807
13043030	63	0.1	-0.1	5.71197
13043030	64	0.1	-0.1	1.7313
13043030	65	0.1	-0.1	-4.03762
13043030	66	0.1	-0.1	-3.76052
13043030	67	0.1	-0.1	-5.97546
13043030	68	0.1	-0.1	-3.089
13043030	69	0.1	-0.1	-1.18324
13043030	70	0.1	-0.1	0.692018
13043030	71	0.1	-0.1	-1.25776
13043030	72	0.1	-0.1	-2.94285
13043030	73	0.1	-0.1	4.6929
13043030	74	0.1	-0.1	1.27531
13043030	75	0.1	-0.1	3.11224
13043030	76	0.1	-0.1	1.96444
13043030	77	0.1	-0.1	0.757383
13043030	78	0.1	-0.1	-3.19265
13043030	79	0.1	-0.1	-5.79978
13043030	80	0.1	-0.1	4.66451
13043030	81	0.1	-0.1	-2.07051
13043030	82	0.1	-0.1	-0.292204
13043030	83	0.1	-0.1	5.00602
13043030	84	0.1	-0.1	-3.63704
13043030	85	0.1	-0.1	-4.75826
13043030	86	0.1	-0.1	5.7384
13043030	87	0.1	-0.1	2.23333
13043030	88	0.1	-0.1	-0.262662
13043030	89	0.1	-0.1	0.337091
13043030	90	0.1	-0.1	5.85103
13043030	91	0.1	-0.1	4.78088
13043030	92	0.1	-0.1	-1.69566
13043030	93	0.1	-0.1	5.39987
13043030	94	0.1	-0.1	4.58823
13043030	95	0.1	-0.1	2.90123
13043030	96	0.1	-0.1	0.360878
13043030	97	0.1	-0.1	-2.07335
13043030	98	0.1	-0.1	-5.75398
13043030	99	0.1	-0.1	-2.8287
13043030	100	0.1	-0.1	0.753732
13043030	101	0.1	-0.1	-0.0434845
13043030	102	0.1	-0.1	1.68216
13043030	103	0.1	-0.1	0.886102
13043030	104	0.1	-0.1	-0.646417
13043030	105	0.1	-0.1	5.52785
13043030	106	0.1	-0.1	1.96422
13043030	107	0.1	-0.1	2.1828
13043030	108	0.1	-0.1	5.14106
13043030	109	0.1	-0.1	0.273862
13043030	110	0.1	-0.1	0.849947
13043030	111	0.1	-0.1	-2.4684
13043030	112	0.1	-0.1	4.80261
13043030	113	0.1	-0.1	5.36145
13043030	114	0.1	-0.1	3.84954
13043030	115	0.1	-0.1	-0.255387
13043030	116	0.1	-0.1	1.11982
13043030	117	0.1	-0.1	4.27583
13043030	118	0.1	-0.1	3.76334
13043030	119	0.1	-0.1	-2.13973
13043030	120	0.1	-0.1	-5.3366
13043030	121	0.1	-0.1	-1.32269
13043030	122	0.1	-0.1	0.448107
13043030	123	0.1	-0.1	-3.68405
13043030	124	0.1	-0.1	-0.168082
13043030	125	0.1	-0.1	1.1252
13043030	126	0.1	-0.1	3.9141
13043030	127	0.1	-0.1	3.0611
13043030	128	0.1	-0.1	-4.16314
13043030	129	0.1	-0.1	-3.92361
13043030	130	0.1	-0.1	-4.65573
13043030	131	0.1	-0.1	-5.74134
13043030	132	0.1	-0.1	3.94855
13043030	133	0.1	-0.1	0.948876
13043030	134	0.1	-0.1	-4.1026
13043030	135	0.1	-0.1	-0.887252
13043030	136	0.1	-0.1	-1.97258
13043030	137	0.1	-0.1	-1.75433
13043030	138	0.1	-0.1	-3.93521
13043030	139	0.1	-0.1	5.2178
13043030	140	0.1	-0.1	5.51876
13043030	141	0.1	-0.1	-2.19052
13043030	142	0.1	-0.1	-4.86727
13043030	143	0.1	-0.1	4.44234
13043030	144	0.1	-0.1	5.82453
13043030	145	0.1	-0.1	-1.98742
13043030	146	0.1	-0.1	-5.45467
13043030	147	0.1	-0.1	4.5285
13043030	148	0.1	-0.1	2.6864
13043030	149	0.1	-0.1	-1.07609
13043030	150	0.1	-0.1	-3.21537
13043030	151	0.1	-0.1	5.25186
13043030	152	0.1	-0.1	3.81926
13043030	153	0.1	-0.1	-3.66759
13043030	154	0.1	-0.1	-0.471591
13043030	155	0.1	-0.1	-4.0027
13043030	156	0.1	-0.1	-0.430628
13043030	157	0.1	-0.1	5.69834
13043030	158	0.1	-0.1	-4.3934
13043030	159	0.1	-0.1	4.03982
13043030	160	0.1	-0.1	-4.37534
13043030	161	0.1	-0.1	1.54667
13043030	162	0.1	-0.1	2.23505
13043030	163	0.1	-0.1	-0.0389173
13043030	164	0.1	-0.1	0.711776
13043030	165	0.1	-0.1	3.62943
13043030	166	0.1	-0.1	1.006
13043030	167	0.1	-0.1	-1.08719
13043030	168	0.1	-0.1	-0.507996
13043030	169	0.1	-0.1	-5.69751
13043030	170	0.1	-0.1	2.43896
13043030	171	0.1	-0.1	2.19071
13043030	172	0.1	-0.1	4.02688
13043030	173	0.1	-0.1	0.0476446
13043030	174	0.1	-0.1	-3.04965
13043030	175	0.1	-0.1	-5.67317
13043030	176	0.1	-0.1	0.856529
13043030	177	0.1	-0.1	-3.41651
13043030	178	0.1	-0.1	5.70108
13043030	179	0.1	-0.1	-1.9029
13043030	180	0.1	-0.1	4.19403
13043030	181	0.1	-0.1	-0.059691
13043030	182	0.1	-0.1	-1.68947
13043030	183	0.1	-0.1	-4.2138
13043030	184	0.1	-0.1	4.79324
13043030	185	0.1	-0.1	0.846232
13043030	186	0.1	-0.1	2.43444
13043030	187	0.1	-0.1	2.91859
13043030	188	0.1	-0.1	2.55053
13043030	189	0.1	-0.1	-1.08801
13043030	190	0.1	-0.1	-5.2035
13043030	191	0.1	-0.1	-5.36626
13043030	192	0.1	-0.1	0.105217
13043030	193	0.1	-0.1	-4.88582
13043030	194	0.1	-0.1	-1.55481
13043030	195	0.1	-0.1	-2.01451
13043030	196	0.1	-0.1	5.32409
13043030	197	0.1	-0.1	0.890018
13043030	198	0.1	-0.1	-3.31433
13043030	199	0.1	-0.1	-2.26869
13043030	200	0.1	-0.1	-4.37587
13043030	201	0.1	-0.1	-0.65063
13043030	202	0.1	-0.1	-4.88099
13043030	203	0.1	-0.1	-2.81899
13043030	204	0.1	-0.1	-4.71942
13043030	205	0.1	-0.1	-2.1435
13043030	206	0.1	-0.1	3.58666
13043030	207	0.1	-0.1	2.31679
13043030	208	0.1	-0.1	-3.10899
13043030	209	0.1	-0.1	1.51596
13043030	210	0.1	-0.1	-3.18282
13043030	211	0.1	-0.1	3.68917
13043030	212	0.1	-0.1	-3.21183
13043030	213	0.1	-0.1	4.81849
13043030	214	0.1	-0.1	-4.21497
13043030	215	0.1	-0.1	3.09752
13043030	216	0.1	-0.1	2.37774
13043030	217	0.1	-0.1	5.50366
13043030	218	0.1	-0.1	2.94661
13043030	219	0.1	-0.1	-4.06781
13043030	220	0.1	-0.1	0.590823
13043030	221	0.1	-0.1	-2.12973
13043030	222	0.1	-0.1	3.93519
13043030	223	0.1	-0.1	0.160307
13043030	224	0.1	-0.1	-4.85971
13043030	225	0.1	-0.1	0.579003
13043030	226	0.1	-0.1	-3.2856
13043030	227	0.1	-0.1	2.75522
13043030	228	0.1	-0.1	0.389413
13043030	229	0.1	-0.1	-4.98315
13043030	230	0.1	-0.1	-1.68129
13043030	231	0.1	-0.1	3.10567
13043030	232	0.1	-0.1	5.85947
13043030	233	0.1	-0.1	4.58606
13043030	234	0.1	-0.1	-3.84564
13043030	235	0.1	-0.1	3.9545
13043030	236	0.1	-0.1	2.97609
13043030	237	0.1	-0.1	3.12747
13043030	238	0.1	-0.1	1.99426
13043030	239	0.1	-0.1	2.40267
13043030	240	0.1	-0.1	-1.77953
13043030	241	0.1	-0.1	-4.54908
13043030	242	0.1	-0.1	3.43901
13043030	243	0.1	-0.1	-0.613206
13043030	244	0.1	-0.1	-1.4027
13043030	245	0.1	-0.1	-2.51834
13043030	246	0.1	-0.1	0.711762
13043030	247	0.1	-0.1	-3.25276
13043030	248	0.1	-0.1	-0.823175
13043030	249	0.1	-0.1	4.4709
13043030	250	0.1	-0.1	-2.5659
13043030	251	0.1	-0.1	-1.34735
13043030	252	0.1	-0.1	-5.06149
13043030	253	0.1	-0.1	5.78368
13043030	254	0.1	-0.1	-4.62995
13043030	255	0.1	-0.1	-1.56388
13043030	256	0.1	-0.1	-1.75117
13043030	257	0.1	-0.1	-2.40212
13043030	258	0.1	-0.1	-3.42915
13043030	259	0.1	-0.1	4.26097
13043030	260	0.1	-0.1	-4.917
13043030	261	0.1	-0.1	5.58151
13043030	262	0.1	-0.1	1.67759
13043030	263	0.1	-0.1	1.96398
13043030	264	0.1	-0.1	-2.95801
13043030	265	0.1	-0.1	1.13019
13043030	266	0.1	-0.1	5.51803
13043030	267	0.1	-0.1	-4.72679
13043030	268	0.1	-0.1	0.559648
13043030	269	0.1	-0.1	-0.561959
13043030	270	0.1	-0.1	-5.07188
13043030	271	0.1	-0.1	-3.18589
13043030	272	0.1	-0.1	-2.70441
13043030	273	0.1	-0.1	-4.41727
13043030	274	0.1	-0.1	-5.99435
13043030	275	0.1	-0.1	-3.71283
13043030	276	0.1	-0.1	-3.80788
13043030	277	0.1	-0.1	5.94976
13043030	278	0.1	-0.1	-5.29675
13043030	279	0.1	-0.1	-5.14378
13043030	280	0.1	-0.1	1.18426
13043030	281	0.1	-0.1	-5.07332
13043030	282	0.1	-0.1	-3.11928
13043030	283	0.1	-0.1	1.92876
13043030	284	0.1	-0.1	-4.08177
13043030	285	0.1	-0.1	5.22645
13043030	286	0.1	-0.1	-1.33626
13043030	287	0.1	-0.1	-4.3067
13043030	288	0.1	-0.1	5.06719
13043030	289	0.1	-0.1	1.58103
13043030	290	0.1	-0.1	1.04254
13043030	291	0.1	-0.1	5.58727
13043030	292	0.1	-0.1	-4.39241
13043030	293	0.1	-0.1	1.3604
13043030	294	0.1	-0.1	5.82444
13043030	295	0.1	-0.1	-2.18365
13043030	296	0.1	-0.1	-5.99373
13043030	297	0.1	-0.1	1.91536
13043030	298	0.1	-0.1	4.55995
13043030	299	0.1	-0.1	4.73876
13043030	300	0.1	-0.1	-2.21734
13043030	301	0.1	-0.1	5.60775
13043030	302	0.1	-0.1	1.98741
13043030	303	0.1	-0.1	-5.7189
13043030	304	0.1	-0.1	-0.139406
13043030	305	0.1	-0.1	-1.59381
13043030	306	0.1	-0.1	-2.65785
13043030	307	0.1	-0.1	-3.84287
13043030	308	0.1	-0.1	-2.83909
13043030	309	0.1	-0.1	4.56663
13043030	310	0.1	-0.1	-0.296412
13043030	311	0.1	-0.1	-5.84747
13043030	312	0.1	-0.1	0.148278
13043030	313	0.1	-0.1	-4.85362
13043030	314	0.1	-0.1	-0.233623
13043030	315	0.1	-0.1	-5.03954
13043030	316	0.1	-0.1	1.48657
13043030	317	0.1	-0.1	1.29684
13043030	318	0.1	-0.1	-0.581693
13043030	319	0.1	-0.1	-2.84759
13043030	320	0.1	-0.1	-4.96872
13043030	321	0.1	-0.1	-3.83399
13043030	322	0.1	-0.1	-1.48476
13043030	323	0.1	-0.1	-2.45591
13043030	324	0.1	-0.1	-5.58476
13043030	325	0.1	-0.1	-1.23949
13043030	326	0.1	-0.1	-4.61317
13043030	327	0.1	-0.1	-5.89183
13043030	328	0.1	-0.1	-5.62778
13043030	329	0.1	-0.1	4.12941
13043030	330	0.1	-0.1	-5.38802
13043030	331	0.1	-0.1	2.49652
13043030	332	0.1	-0.1	5.98623
13043030	333	0.1	-0.1	1.78407
13043030	334	0.1	-0.1	-2.52366
13043030	335	0.1	-0.1	-4.25144
13043030	336	0.1	-0.1	-1.50804
13043030	337	0.1	-0.1	-4.85009
13043030	338	0.1	-0.1	1.94094
13043030	339	0.1	-0.1	-3.02161
13043030	340	0.1	-0.1	-2.53342
13043030	341	0.1	-0.1	4.6536
13043030	342	0.1	-0.1	5.84326
13043030	343	0.1	-0.1	0.9775
13043030	344	0.1	-0.1	-3.13181
13043030	345	0.1	-0.1	4.64311
13043030	346	0.1	-0.1	-1.83764
13043030	347	0.1	-0.1	2.74493
13043030	348	0.1	-0.1	2.61186
13043030	349	0.1	-0.1	-1.82557
13043030	350	0.1	-0.1	-5.41296
13043030	351	0.1	-0.1	2.1203
13043030	352	0.1	-0.1	1.301
13043030	353	0.1	-0.1	-0.523285
13043030	354	0.1	-0.1	-0.641704
13043030	355	0.1	-0.1	-2.2274
13043030	356	0.1	-0.1	-3.99011
13043030	357	0.1	-0.1	-5.4865
13043030	358	0.1	-0.1	5.64176
13043030	359	0.1	-0.1	-4.5482
13043030	360	0.1	-0.1	-2.02495
13043030	361	0.1	-0.1	-0.911153
13043030	362	0.1	-0.1	3.65965
13043030	363	0.1	-0.1	0.863049
13043030	364	0.1	-0.1	-4.533
13043030	365	0.1	-0.1	-3.79236
13043030	366	0.1	-0.1	5.54312
13043030	367	0.1	-0.1	3.43895
13043030	368	0.1	-0.1	5.38152
13043030	369	0.1	-0.1	-1.24171
13043030	370	0.1	-0.1	4.52597
13043030	371	0.1	-0.1	3.40631
13043030	372	0.1	-0.1	-0.00950485
13043030	373	0.1	-0.1	-5.85021
13043030	374	0.1	-0.1	2.0793
13043030	375	0.1	-0.1	-1.69847
13043030	376	0.1	-0.1	-4.12412
13043030	377	0.1	-0.1	-0.245231
13043030	378	0.1	-0.1	-3.65062
13043030	379	0.1	-0.1	0.33709
13043030	380	0.1	-0.1	-1.12277
13043030	381	0.1	-0.1	-1.36454
13043030	382	0.1	-0.1	-2.35412
13043030	383	0.1	-0.1	-5.64944
13043030	384	0.1	-0.1	0.195651
13043030	385	0.1	-0.1	-3.68053
13043030	386	0.1	-0.1	-0.149246
13043030	387	0.1	-0.1	-2.3063
13043030	388	0.1	-0.1	3.27037
13043030	389	0.1	-0.1	3.53023
13043030	390	0.1	-0.1	1.09859
13043030	391	0.1	-0.1	-2.29451
13043030	392	0.1	-0.1	1.30853
13043030	393	0.1	-0.1	5.23025
13043030	394	0.1	-0.1	-4.11266
13043030	395	0.1	-0.1	1.26863
13043030	396	0.1	-0.1	-3.76582
13043030	397	0.1	-0.1	-0.245329
13043030	398	0.1	-0.1	-1.64862
13043030	399	0.1	-0.1	1.267
13043030	400	0.1	-0.1	-0.780408
13043030	401	0.1	-0.1	2.49403
13043030	402	0.1	-0.1	-2.06492
13043030	403	0.1	-0.1	4.46334
13043030	404	0.1	-0.1	-2.76916
13043030	405	0.1	-0.1	-5.41906
13043030	406	0.1	-0.1	0.630273
13043030	407	0.1	-0.1	-4.80669
13043030	408	0.1	-0.1	-4.09585
13043030	409	0.1	-0.1	-0.334311
13043030	410	0.1	-0.1	-1.64772
13043030	411	0.1	-0.1	-0.892319
13043030	412	0.1	-0.1	-3.97541
13043030	413	0.1	-0.1	-0.229746
13043030	414	0.1	-0.1	3.55838
13043030	415	0.1	-0.1	3.53745
13043030	416	0.1	-0.1	5.32717
13043030	417	0.1	-0.1	-0.945014
13043030	418	0.1	-0.1	-0.535175
13043030	419	0.1	-0.1	0.517333
13043030	420	0.1	-0.1	2.2029
13043030	421	0.1	-0.1	2.686
13043030	422	0.1	-0.1	-4.58183
13043030	423	0.1	-0.1	3.05794
13043030	424	0.1	-0.1	-5.8377
13043030	425	0.1	-0.1	-0.977708
13043030	426	0.1	-0.1	-4.48817
13043030	427	0.1	-0.1	3.44669
13043030	428	0.1	-0.1	2.76482
13043030	429	0.1	-0.1	4.23895
13043030	430	0.1	-0.1	5.15258
13043030	431	0.1	-0.1	4.70819
13043030	432	0.1	-0.1	5.73972
13043030	433	0.1	-0.1	-2.83852
13043030	434	0.1	-0.1	3.80399
13043030	435	0.1	-0.1	0.748556
13043030	436	0.1	-0.1	1.69186
13043030	437	0.1	-0.1	-4.79169
13043030	438	0.1	-0.1	1.16671
13043030	439	0.1	-0.1	-2.8103
13043030	440	0.1	-0.1	0.0400314
13043030	441	0.1	-0.1	5.71385
13043030	442	0.1	-0.1	-1.13861
13043030	443	0.1	-0.1	2.22207
13043030	444	0.1	-0.1	-5.0582
13043030	445	0.1	-0.1	2.17197
13043030	446	0.1	-0.1	0.137924
13043030	447	0.1	-0.1	-4.1103
13043030	448	0.1	-0.1	-4.07836
13043030	449	0.1	-0.1	-4.8858
13043030	450	0.1	-0.1	2.06891
13043030	451	0.1	-0.1	5.3995
13043030	452	0.1	-0.1	-2.10655
13043030	453	0.1	-0.1	0.54753
13043030	454	0.1	-0.1	2.03892
13043030	455	0.1	-0.1	4.56915
13043030	456	0.1	-0.1	-1.9762
13043030	457	0.1	-0.1	3.25156
13043030	458	0.1	-0.1	-2.70077
13043030	459	0.1	-0.1	-2.92816
13043030	460	0.1	-0.1	0.190361
13043030	461	0.1	-0.1	-0.364073
13043030	462	0.1	-0.1	5.99517
13043030	463	0.1	-0.1	-4.58767
13043030	464	0.1	-0.1	1.17801
13043030	465	0.1	-0.1	1.86357
13043030	466	0.1	-0.1	1.86994
13043030	467	0.1	-0.1	5.43948
13043030	468	0.1	-0.1	1.63379
13043030	469	0.1	-0.1	1.63851
13043030	470	0.1	-0.1	2.65965
13043030	471	0.1	-0.1	3.10607
13043030	472	0.1	-0.1	3.17598
13043030	473	0.1	-0.1	1.22231
13043030	474	0.1	-0.1	-0.280026
13043030	475	0.1	-0.1	-0.511453
13043030	476	0.1	-0.1	0.0852373
13043030	477	0.1	-0.1	-3.72286
13043030	478	0.1	-0.1	-5.25799
13043030	479	0.1	-0.1	-2.37344
13043030	480	0.1	-0.1	-2.39575
13043030	481	0.1	-0.1	-2.20017
13043030	482	0.1	-0.1	-4.30208
13043030	483	0.1	-0.1	-4.11995
13043030	484	0.1	-0.1	-0.235879
13043030	485	0.1	-0.1	-4.93951
13043030	486	0.1	-0.1	3.0413
13043030	487	0.1	-0.1	1.29336
13043030	488	0.1	-0.1	0.391607
13043030	489	0.1	-0.1	0.211286
13043030	490	0.1	-0.1	2.2184
13043030	491	0.1	-0.1	-1.7355
13043030	492	0.1	-0.1	-4.55886
13043030	493	0.1	-0.1	-2.77726
13043030	494	0.1	-0.1	0.312349
13043030	495	0.1	-0.1	-3.77788
13043030	496	0.1	-0.1	2.1874
13043030	497	0.1	-0.1	0.882063
13043030	498	0.1	-0.1	-1.80549
13043030	499	0.1	-0.1	-0.00892763
13043030	500	0.1	-0.1	-5.75123
13043030	501	0.1	-0.1	4.36689
13043030	502	0.1	-0.1	-0.466337
13043030	503	0.1	-0.1	-3.84061
13043030	504	0.1	-0.1	-3.72273
13043030	505	0.1	-0.1	5.06369
13043030	506	0.1	-0.1	-3.34732
13043030	507	0.1	-0.1	-3.76379
13043030	508	0.1	-0.1	5.0534
13043030	509	0.1	-0.1	-3.8582
13043030	510	0.1	-0.1	-2.22427
13043030	511	0.1	-0.1	2.36797
13043030	512	0.1	-0.1	-1.6566
13043030	513	0.1	-0.1	-2.25683
13043030	514	0.1	-0.1	3.77653
13043030	515	0.1	-0.1	5.89621
13043030	516	0.1	-0.1	4.77994
13043030	517	0.1	-0.1	-3.43661
13043030	518	0.1	-0.1	0.276678
13043030	519	0.1	-0.1	-2.40194
13043030	520	0.1	-0.1	3.26556
13043030	521	0.1	-0.1	-1.31501
13043030	522	0.1	-0.1	3.39984
13043030	523	0.1	-0.1	5.57826
13043030	524	0.1	-0.1	-2.32492
13043030	525	0.1	-0.1	1.56741
13043030	526	0.1	-0.1	-2.48457
13043030	527	0.1	-0.1	4.87656
13043030	528	0.1	-0.1	0.037794
13043030	529	0.1	-0.1	-5.77777
13043030	530	0.1	-0.1	3.33425
13043030	531	0.1	-0.1	5.96413
13043030	532	0.1	-0.1	-0.540494
13043030	533	0.1	-0.1	3.6516
13043030	534	0.1	-0.1	-2.65681
13043030	535	0.1	-0.1	-1.71202
13043030	536	0.1	-0.1	-1.91989
13043030	537	0.1	-0.1	-5.42163
13043030	538	0.1	-0.1	4.67638
13043030	539	0.1	-0.1	-0.014697
13043030	540	0.1	-0.1	3.62445
13043030	541	0.1	-0.1	-3.3337
13043030	542	0.1	-0.1	-2.14469
13043030	543	0.1	-0.1	4.12123
13043030	544	0.1	-0.1	2.27305
13043030	545	0.1	-0.1	2.74105
13043030	546	0.1	-0.1	2.02631
13043030	547	0.1	-0.1	0.561109
13043030	548	0.1	-0.1	3.98134
13043030	549	0.1	-0.1	1.56638
13043030	550	0.1	-0.1	0.954662
13043030	551	0.1	-0.1	4.06413
13043030	552	0.1	-0.1	-4.63162
13043030	553	0.1	-0.1	1.39327
13043030	554	0.1	-0.1	-3.34603
13043030	555	0.1	-0.1	-5.17239
13043030	556	0.1	-0.1	-3.93152
13043030	557	0.1	-0.1	2.79952
13043030	558	0.1	-0.1	-2.53929
13043030	559	0.1	-0.1	-5.22742
13043030	560	0.1	-0.1	-0.634405
13043030	561	0.1	-0.1	2.67066
13043030	562	0.1	-0.1	1.55744
13043030	563	0.1	-0.1	2.62194
13043030	564	0.1	-0.1	4.0462
13043030	565	0.1	-0.1	4.76086
13043030	566	0.1	-0.1	1.94971
13043030	567	0.1	-0.1	0.744196
13043030	568	0.1	-0.1	-0.936114
13043030	569	0.1	-0.1	-3.02942
13043030	570	0.1	-0.1	-3.89477
13043030	571	0.1	-0.1	2.50485
13043030	572	0.1	-0.1	1.03996
13043030	573	0.1	-0.1	4.6118
13043030	574	0.1	-0.1	2.40203
13043030	575	0.1	-0.1	-4.74834
13043030	576	0.1	-0.1	-0.397868
13043030	577	0.1	-0.1	3.89187
13043030	578	0.1	-0.1	-2.31698
13043030	579	0.1	-0.1	5.5493
13043030	580	0.1	-0.1	-3.76562
13043030	581	0.1	-0.1	5.8133
13043030	582	0.1	-0.1	4.88313
13043030	583	0.1	-0.1	-2.24212
13043030	584	0.1	-0.1	-1.34581
13043030	585	0.1	-0.1	1.74857
13043030	586	0.1	-0.1	5.0501
13043030	587	0.1	-0.1	0.802284
13043030	588	0.1	-0.1	3.68074
13043030	589	0.1	-0.1	4.85851
13043030	590	0.1	-0.1	5.07246
13043030	591	0.1	-0.1	2.20984
13043030	592	0.1	-0.1	-4.31787
13043030	593	0.1	-0.1	5.9921
13043030	594	0.1	-0.1	5.70569
13043030	595	0.1	-0.1	3.55891
13043030	596	0.1	-0.1	-0.275448
13043030	597	0.1	-0.1	5.99517
13043030	598	0.1	-0.1	3.87292
13043030	599	0.1	-0.1	-1.08381
13043030	600	0.1	-0.1	-1.0918
13043030	601	0.1	-0.1	-5.62708
13043030	602	0.1	-0.1	-4.17003
13043030	603	0.1	-0.1	-5.13116
13043030	604	0.1	-0.1	4.8147
13043030	605	0.1	-0.1	5.75703
13043030	606	0.1	-0.1	5.07839
13043030	607	0.1	-0.1	2.31499
13043030	608	0.1	-0.1	2.65016
13043030	609	0.1	-0.1	-2.79158
13043030	610	0.1	-0.1	-0.794567
13043030	611	0.1	-0.1	1.64281
13043030	612	0.1	-0.1	1.36813
13043030	613	0.1	-0.1	0.901332
13043030	614	0.1	-0.1	-3.49932
13043030	615	0.1	-0.1	-5.62941
13043030	616	0.1	-0.1	3.57205
13043030	617	0.1	-0.1	-0.782175
13043030	618	0.1	-0.1	4.76987
13043030	619	0.1	-0.1	-4.30576
13043030	620	0.1	-0.1	1.05109
13043030	621	0.1	-0.1	-5.41976
13043030	622	0.1	-0.1	3.60827
13043030	623	0.1	-0.1	0.720808
13043030	624	0.1	-0.1	5.03738
13043030	625	0.1	-0.1	4.42363
13043030	626	0.1	-0.1	0.480833
13043030	627	0.1	-0.1	2.45402
13043030	628	0.1	-0.1	-2.52253
13043030	629	0.1	-0.1	-1.49657
13043030	630	0.1	-0.1	4.33638
13043030	631	0.1	-0.1	-2.15043
13043030	632	0.1	-0.1	-4.4435
13043030	633	0.1	-0.1	1.05442
13043030	634	0.1	-0.1	-5.16383
13043030	635	0.1	-0.1	-3.77433
13043030	636	0.1	-0.1	-0.163903
13043030	637	0.1	-0.1	4.85329
13043030	638	0.1	-0.1	1.91606
13043030	639	0.1	-0.1	4.71686
13043030	640	0.1	-0.1	2.96382
13043030	641	0.1	-0.1	-3.39943
13043030	642	0.1	-0.1	-0.710209
13043030	643	0.1	-0.1	0.731774
13043030	644	0.1	-0.1	2.47203
13043030	645	0.1	-0.1	-2.34404
13043030	646	0.1	-0.1	-4.92856
13043030	647	0.1	-0.1	2.08345
13043030	648	0.1	-0.1	-5.86568
13043030	649	0.1	-0.1	-4.85381
13043030	650	0.1	-0.1	4.11561
13043030	651	0.1	-0.1	4.39516
13043030	652	0.1	-0.1	1.83219
13043030	653	0.1	-0.1	5.91259
13043030	654	0.1	-0.1	-0.622707
13043030	655	0.1	-0.1	0.826216
13043030	656	0.1	-0.1	-4.84892
13043030	657	0.1	-0.1	5.37503
13043030	658	0.1	-0.1	4.30931
13043030	659	0.1	-0.1	-4.69954
13043030	660	0.1	-0.1	-2.05791
13043030	661	0.1	-0.1	2.09324
13043030	662	0.1	-0.1	2.59561
13043030	663	0.1	-0.1	-5.59727
13043030	664	0.1	-0.1	1.16446
13043030	665	0.1	-0.1	5.82231
13043030	666	0.1	-0.1	3.72705
13043030	667	0.1	-0.1	1.13775
13043030	668	0.1	-0.1	-4.07861
13043030	669	0.1	-0.1	0.556938
13043030	670	0.1	-0.1	-4.86158
13043030	671	0.1	-0.1	1.64984
13043030	672	0.1	-0.1	-1.14628
13043030	673	0.1	-0.1	5.47742
13043030	674	0.1	-0.1	3.86538
13043030	675	0.1	-0.1	2.31593
13043030	676	0.1	-0.1	-3.99923
13043030	677	0.1	-0.1	-1.63337
13043030	678	0.1	-0.1	-3.91404
13043030	679	0.1	-0.1	5.48477
13043030	680	0.1	-0.1	3.17344
13043030	681	0.1	-0.1	1.98193
13043030	682	0.1	-0.1	3.48
13043030	683	0.1	-0.1	-2.37321
13043030	684	0.1	-0.1	-0.861461
13043030	685	0.1	-0.1	3.15516
13043030	686	0.1	-0.1	-5.59087
13043030	687	0.1	-0.1	-1.40802
13043030	688	0.1	-0.1	-5.76345
13043030	689	0.1	-0.1	3.85932
13043030	690	0.1	-0.1	-3.42082
13043030	691	0.1	-0.1	-3.21995
13043030	692	0.1	-0.1	1.04184
13043030	693	0.1	-0.1	-2.8122
13043030	694	0.1	-0.1	2.40122
13043030	695	0.1	-0.1	5.41557
13043030	696	0.1	-0.1	-4.11254
13043030	697	0.1	-0.1	-1.94896
13043030	698	0.1	-0.1	0.170988
13043030	699	0.1	-0.1	3.80405
13043030	700	0.1	-0.1	5.70056
13043030	701	0.1	-0.1	5.3796
13043030	702	0.1	-0.1	-3.02312
13043030	703	0.1	-0.1	1.16784
13043030	704	0.1	-0.1	-0.317436
13043030	705	0.1	-0.1	-2.89927
13043030	706	0.1	-0.1	4.78833
13043030	707	0.1	-0.1	1.35976
13043030	708	0.1	-0.1	-4.66363
13043030	709	0.1	-0.1	-4.57329
13043030	710	0.1	-0.1	4.81348
13043030	711	0.1	-0.1	-0.720101
13043030	712	0.1	-0.1	-4.65355
13043030	713	0.1	-0.1	5.53135
13043030	714	0.1	-0.1	2.25617
13043030	715	0.1	-0.1	2.95014
13043030	716	0.1	-0.1	5.29781
13043030	717	0.1	-0.1	-0.207643
13043030	718	0.1	-0.1	-0.724643
13043030	719	0.1	-0.1	2.76389
13043030	720	0.1	-0.1	-4.75144
13043030	721	0.1	-0.1	-1.39731
13043030	722	0.1	-0.1	4.73194
13043030	723	0.1	-0.1	-0.281961
13043030	724	0.1	-0.1	-1.26455
13043030	725	0.1	-0.1	-0.656423
13043030	726	0.1	-0.1	-1.001
13043030	727	0.1	-0.1	-3.8956
13043030	728	0.1	-0.1	-5.80455
13043030	729	0.1	-0.1	3.99699
13043030	730	0.1	-0.1	-1.34028
13043030	731	0.1	-0.1	-3.49493
13043030	732	0.1	-0.1	-4.62449
13043030	733	0.1	-0.1	-1.98659
13043030	734	0.1	-0.1	0.00434596
13043030	735	0.1	-0.1	4.5409
13043030	736	0.1	-0.1	2.44585
13043030	737	0.1	-0.1	4.86162
13043030	738	0.1	-0.1	1.67717
13043030	739	0.1	-0.1	2.32056
13043030	740	0.1	-0.1	-4.85419
13043030	741	0.1	-0.1	4.60952
13043030	742	0.1	-0.1	4.75405
13043030	743	0.1	-0.1	2.02264
13043030	744	0.1	-0.1	4.73837
13043030	745	0.1	-0.1	4.86658
13043030	746	0.1	-0.1	-2.07576
13043030	747	0.1	-0.1	-2.93938
13043030	748	0.1	-0.1	5.11237
13043030	749	0.1	-0.1	-5.81198
13043030	750	0.1	-0.1	5.57377
13043030	751	0.1	-0.1	4.72283
13043030	752	0.1	-0.1	-0.183212
13043030	753	0.1	-0.1	3.31775
13043030	754	0.1	-0.1	-2.79643
13043030	755	0.1	-0.1	-3.38499
13043030	756	0.1	-0.1	-2.25952
13043030	757	0.1	-0.1	5.49182
13043030	758	0.1	-0.1	-5.56549
13043030	759	0.1	-0.1	5.70802
13043030	760	0.1	-0.1	-5.7404
13043030	761	0.1	-0.1	5.01026
13043030	762	0.1	-0.1	4.63863
13043030	763	0.1	-0.1	0.707773
13043030	764	0.1	-0.1	-1.77557
13043030	765	0.1	-0.1	-4.8072
13043030	766	0.1	-0.1	5.62737
13043030	767	0.1	-0.1	-5.96971
13043030	768	0.1	-0.1	-5.94668
13043030	769	0.1	-0.1	-2.36899
13043030	770	0.1	-0.1	-1.30032
13043030	771	0.1	-0.1	-4.62285
13043030	772	0.1	-0.1	4.85736
13043030	773	0.1	-0.1	1.23867
13043030	774	0.1	-0.1	4.50116
13043030	775	0.1	-0.1	0.678681
13043030	776	0.1	-0.1	3.32827
13043030	777	0.1	-0.1	-1.71617
13043030	778	0.1	-0.1	-0.466731
13043030	779	0.1	-0.1	5.37829
13043030	780	0.1	-0.1	-5.78307
13043030	781	0.1	-0.1	-3.41527
13043030	782	0.1	-0.1	0.480638
13043030	783	0.1	-0.1	-4.09507
13043030	784	0.1	-0.1	-1.19743
13043030	785	0.1	-0.1	-3.77174
13043030	786	0.1	-0.1	-0.310389
13043030	787	0.1	-0.1	0.237784
13043030	788	0.1	-0.1	-0.82454
13043030	789	0.1	-0.1	-4.28466
13043030	790	0.1	-0.1	2.75647
13043030	791	0.1	-0.1	2.69217
13043030	792	0.1	-0.1	4.00526
13043030	793	0.1	-0.1	-2.20567
13043030	794	0.1	-0.1	-2.23628
13043030	795	0.1	-0.1	-2.0664
13043030	796	0.1	-0.1	-2.59112
13043030	797	0.1	-0.1	-2.12506
13043030	798	0.1	-0.1	4.49294
13043030	799	0.1	-0.1	-2.94905
13043030	800	0.1	-0.1	-1.44751
13043030	801	0.1	-0.1	-0.0749179
13043030	802	0.1	-0.1	2.66277
13043030	803	0.1	-0.1	-1.5444
13043030	804	0.1	-0.1	4.5236
13043030	805	0.1	-0.1	-2.76237
13043030	806	0.1	-0.1	-2.40431
13043030	807	0.1	-0.1	-0.941445
13043030	808	0.1	-0.1	4.78036
13043030	809	0.1	-0.1	-5.80103
13043030	810	0.1	-0.1	1.47057
13043030	811	0.1	-0.1	5.81866
13043030	812	0.1	-0.1	4.30621
13043030	813	0.1	-0.1	1.19372
13043030	814	0.1	-0.1	-0.584226
13043030	815	0.1	-0.1	-1.11681
13043030	816	0.1	-0.1	1.80097
13043030	817	0.1	-0.1	4.10443
13043030	818	0.1	-0.1	3.22506
13043030	819	0.1	-0.1	-2.1537
13043030	820	0.1	-0.1	0.63461
13043030	821	0.1	-0.1	4.49806
13043030	822	0.1	-0.1	3.44941
13043030	823	0.1	-0.1	1.72243
13043030	824	0.1	-0.1	0.316271
13043030	825	0.1	-0.1	5.42297
13043030	826	0.1	-0.1	-2.87179
13043030	827	0.1	-0.1	1.49201
13043030	828	0.1	-0.1	3.24124
13043030	829	0.1	-0.1	3.92155
13043030	830	0.1	-0.1	-0.894394
13043030	831	0.1	-0.1	-5.1904
13043030	832	0.1	-0.1	-2.95343
13043030	833	0.1	-0.1	-1.56903
13043030	834	0.1	-0.1	-5.87767
13043030	835	0.1	-0.1	-5.7568
13043030	836	0.1	-0.1	3.2204
13043030	837	0.1	-0.1	-1.86775
13043030	838	0.1	-0.1	1.53704
13043030	839	0.1	-0.1	-5.61308
13043030	840	0.1	-0.1	5.77758
13043030	841	0.1	-0.1	3.75005
13043030	842	0.1	-0.1	3.34789
13043030	843	0.1	-0.1	3.67637
13043030	844	0.1	-0.1	1.74966
13043030	845	0.1	-0.1	-4.70776
13043030	846	0.1	-0.1	-1.6625
13043030	847	0.1	-0.1	-5.90307
13043030	848	0.1	-0.1	4.16561
13043030	849	0.1	-0.1	-0.529526
13043030	850	0.1	-0.1	-3.04545
13043030	851	0.1	-0.1	0.618032
13043030	852	0.1	-0.1	3.27508
13043030	853	0.1	-0.1	-3.11249
13043030	854	0.1	-0.1	-1.44527
13043030	855	0.1	-0.1	-1.5353
13043030	856	0.1	-0.1	-5.62639
13043030	857	0.1	-0.1	-1.92311
13043030	858	0.1	-0.1	0.0202865
13043030	859	0.1	-0.1	5.25689
13043030	860	0.1	-0.1	-3.6459
13043030	861	0.1	-0.1	0.525911
13043030	862	0.1	-0.1	4.46617
13043030	863	0.1	-0.1	0.193682
13043030	864	0.1	-0.1	-0.428616
13043030	865	0.1	-0.1	-2.13501
13043030	866	0.1	-0.1	-2.25269
13043030	867	0.1	-0.1	-3.96441
13043030	868	0.1	-0.1	2.83194
13043030	869	0.1	-0.1	-0.711013
13043030	870	0.1	-0.1	1.63559
13043030	871	0.1	-0.1	3.19595
13043030	872	0.1	-0.1	-5.59768
13043030	873	0.1	-0.1	-5.74386
13043030	874	0.1	-0.1	-3.3503
13043030	875	0.1	-0.1	-0.104707
13043030	876	0.1	-0.1	-1.49438
13043030	877	0.1	-0.1	-0.499257
13043030	878	0.1	-0.1	5.19203
13043030	879	0.1	-0.1	-0.804969
13043030	880	0.1	-0.1	-0.676605
13043030	881	0.1	-0.1	-1.44333
13043030	882	0.1	-0.1	1.80184
13043030	883	0.1	-0.1	-1.4168
13043030	884	0.1	-0.1	0.987538
13043030	885	0.1	-0.1	2.26561
13043030	886	0.1	-0.1	-3.17232
13043030	887	0.1	-0.1	0.994786
13043030	888	0.1	-0.1	2.71581
13043030	889	0.1	-0.1	-1.27741
13043030	890	0.1	-0.1	-4.90908
13043030	891	0.1	-0.1	5.00311
13043030	892	0.1	-0.1	4.73356
13043030	893	0.1	-0.1	3.61374
13043030	894	0.1	-0.1	1.32383
13043030	895	0.1	-0.1	-1.80646
13043030	896	0.1	-0.1	-3.21743
13043030	897	0.1	-0.1	1.61022
13043030	898	0.1	-0.1	-3.99257
13043030	899	0.1	-0.1	-3.00427
13043030	900	0.1	-0.1	3.42213
13043030	901	0.1	-0.1	4.92237
13043030	902	0.1	-0.1	-5.1454
13043030	903	0.1	-0.1	-2.97099
13043030	904	0.1	-0.1	-2.83359
13043030	905	0.1	-0.1	-5.84655
13043030	906	0.1	-0.1	1.64637
13043030	907	0.1	-0.1	2.62303
13043030	908	0.1	-0.1	4.62883
13043030	909	0.1	-0.1	-4.51801
13043030	910	0.1	-0.1	2.93674
13043030	911	0.1	-0.1	-2.95979
13043030	912	0.1	-0.1	-2.6888
13043030	913	0.1	-0.1	0.00863475
13043030	914	0.1	-0.1	2.24862
13043030	915	0.1	-0.1	-3.23596
13043030	916	0.1	-0.1	-1.7173
13043030	917	0.1	-0.1	1.54463
13043030	918	0.1	-0.1	-3.72756
13043030	919	0.1	-0.1	4.89223
13043030	920	0.1	-0.1	-1.30025
13043030	921	0.1	-0.1	-2.12828
13043030	922	0.1	-0.1	5.39061
13043030	923	0.1	-0.1	-3.57249
13043030	924	0.1	-0.1	-4.29613
13043030	925	0.1	-0.1	-2.63174
13043030	926	0.1	-0.1	-3.5262
13043030	927	0.1	-0.1	-3.70924
13043030	928	0.1	-0.1	3.33797
13043030	929	0.1	-0.1	2.86558
13043030	930	0.1	-0.1	-0.779796
13043030	931	0.1	-0.1	-4.89465
13043030	932	0.1	-0.1	2.66536
13043030	933	0.1	-0.1	-1.97421
13043030	934	0.1	-0.1	-2.29842
13043030	935	0.1	-0.1	-4.59389
13043030	936	0.1	-0.1	-1.19065
13043030	937	0.1	-0.1	-5.08476
13043030	938	0.1	-0.1	3.86986
13043030	939	0.1	-0.1	-1.66128
13043030	940	0.1	-0.1	-3.61797
13043030	941	0.1	-0.1	-5.20647
13043030	942	0.1	-0.1	5.68687
13043030	943	0.1	-0.1	1.15741
13043030	944	0.1	-0.1	3.65537
13043030	945	0.1	-0.1	-3.58224
13043030	946	0.1	-0.1	2.44775
13043030	947	0.1	-0.1	-4.84906
13043030	948	0.1	-0.1	3.02264
13043030	949	0.1	-0.1	-4.48913
13043030	950	0.1	-0.1	5.32485
13043030	951	0.1	-0.1	4.79042
13043030	952	0.1	-0.1	4.30996
13043030	953	0.1	-0.1	5.31623
13043030	954	0.1	-0.1	1.89192
13043030	955	0.1	-0.1	-4.44439
13043030	956	0.1	-0.1	2.92448
13043030	957	0.1	-0.1	2.83887
13043030	958	0.1	-0.1	1.76197
13043030	959	0.1	-0.1	3.94444
13043030	960	0.1	-0.1	5.32045
13043030	961	0.1	-0.1	-3.41229
13043030	962	0.1	-0.1	5.94802
13043030	963	0.1	-0.1	-5.91345
13043030	964	0.1	-0.1	-5.66437
13043030	965	0.1	-0.1	-4.14649
13043030	966	0.1	-0.1	1.82298
13043030	967	0.1	-0.1	2.70938
13043030	968	0.1	-0.1	-0.5967
13043030	969	0.1	-0.1	-4.85807
13043030	970	0.1	-0.1	1.69896
13043030	971	0.1	-0.1	4.06742
13043030	972	0.1	-0.1	-1.48784
13043030	973	0.1	-0.1	0.513071
13043030	974	0.1	-0.1	4.43415
13043030	975	0.1	-0.1	5.2802
13043030	976	0.1	-0.1	-4.26136
13043030	977	0.1	-0.1	-0.726943
13043030	978	0.1	-0.1	4.2524
13043030	979	0.1	-0.1	-4.28363
13043030	980	0.1	-0.1	4.63844
13043030	981	0.1	-0.1	-5.69215
13043030	982	0.1	-0.1	-0.730647
13043030	983	0.1	-0.1	-1.65473
13043030	984	0.1	-0.1	-1.25104
13043030	985	0.1	-0.1	-3.98112
13043030	986	0.1	-0.1	1.99114
13043030	987	0.1	-0.1	-0.703416
13043030	988	0.1	-0.1	-2.66132
13043030	989	0.1	-0.1	2.51477
13043030	990	0.1	-0.1	-3.02959
13043030	991	0.1	-0.1	1.67289
13043030	992	0.1	-0.1	-0.692495
13043030	993	0.1	-0.1	4.00902
13043030	994	0.1	-0.1	2.17952
13043030	995	0.1	-0.1	5.66658
13043030	996	0.1	-0.1	3.44616
13043030	997	0.1	-0.1	3.20978
13043030	998	0.1	-0.1	3.01061
13043030	999	0.1	-0.1	0.0444462
13043030	1000	0.1	-0.1	-1.8841
