13042015	1	0.1	-0.1	4.12739
13042015	2	0.1	-0.1	4.79549
13042015	3	0.1	-0.1	-1.42176
13042015	4	0.1	-0.1	2.23648
13042015	5	0.1	-0.1	-5.15975
13042015	6	0.1	-0.1	1.76729
13042015	7	0.1	-0.1	-0.0792186
13042015	8	0.1	-0.1	4.43307
13042015	9	0.1	-0.1	3.89221
13042015	10	0.1	-0.1	1.89355
13042015	11	0.1	-0.1	1.31332
13042015	12	0.1	-0.1	-5.49993
13042015	13	0.1	-0.1	1.78422
13042015	14	0.1	-0.1	0.0145704
13042015	15	0.1	-0.1	5.49969
13042015	16	0.1	-0.1	5.83563
13042015	17	0.1	-0.1	2.98809
13042015	18	0.1	-0.1	-4.88963
13042015	19	0.1	-0.1	-0.750564
13042015	20	0.1	-0.1	5.5893
13042015	21	0.1	-0.1	4.40326
13042015	22	0.1	-0.1	0.839444
13042015	23	0.1	-0.1	3.55857
13042015	24	0.1	-0.1	2.55298
13042015	25	0.1	-0.1	0.618435
13042015	26	0.1	-0.1	2.01076
13042015	27	0.1	-0.1	1.82584
13042015	28	0.1	-0.1	-1.86189
13042015	29	0.1	-0.1	-0.444095
13042015	30	0.1	-0.1	4.01875
13042015	31	0.1	-0.1	4.56648
13042015	32	0.1	-0.1	1.94051
13042015	33	0.1	-0.1	4.44423
13042015	34	0.1	-0.1	-3.76083
13042015	35	0.1	-0.1	-0.736306
13042015	36	0.1	-0.1	-1.83204
13042015	37	0.1	-0.1	4.74069
13042015	38	0.1	-0.1	0.594153
13042015	39	0.1	-0.1	2.10806
13042015	40	0.1	-0.1	-4.92432
13042015	41	0.1	-0.1	-1.61197
13042015	42	0.1	-0.1	3.6554
13042015	43	0.1	-0.1	-2.3542
13042015	44	0.1	-0.1	1.36846
13042015	45	0.1	-0.1	-3.93065
13042015	46	0.1	-0.1	-2.19898
13042015	47	0.1	-0.1	-2.12677
13042015	48	0.1	-0.1	-3.44067
13042015	49	0.1	-0.1	-1.26309
13042015	50	0.1	-0.1	-2.83484
13042015	51	0.1	-0.1	5.18784
13042015	52	0.1	-0.1	-2.44465
13042015	53	0.1	-0.1	2.13533
13042015	54	0.1	-0.1	-0.143066
13042015	55	0.1	-0.1	2.41352
13042015	56	0.1	-0.1	-4.77333
13042015	57	0.1	-0.1	3.92602
13042015	58	0.1	-0.1	-0.416866
13042015	59	0.1	-0.1	1.91798
13042015	60	0.1	-0.1	0.489475
13042015	61	0.1	-0.1	3.7525
13042015	62	0.1	-0.1	-2.90118
13042015	63	0.1	-0.1	0.556695
13042015	64	0.1	-0.1	0.0670531
13042015	65	0.1	-0.1	-5.80668
13042015	66	0.1	-0.1	2.23603
13042015	67	0.1	-0.1	-1.91887
13042015	68	0.1	-0.1	1.07279
13042015	69	0.1	-0.1	3.17154
13042015	70	0.1	-0.1	-3.10363
13042015	71	0.1	-0.1	2.18434
13042015	72	0.1	-0.1	-1.8796
13042015	73	0.1	-0.1	-3.8935
13042015	74	0.1	-0.1	-3.46973
13042015	75	0.1	-0.1	-0.492525
13042015	76	0.1	-0.1	-2.55958
13042015	77	0.1	-0.1	0.496462
13042015	78	0.1	-0.1	-0.82106
13042015	79	0.1	-0.1	5.37758
13042015	80	0.1	-0.1	3.10731
13042015	81	0.1	-0.1	-3.01327
13042015	82	0.1	-0.1	4.9062
13042015	83	0.1	-0.1	5.71503
13042015	84	0.1	-0.1	2.08705
13042015	85	0.1	-0.1	-3.70405
13042015	86	0.1	-0.1	5.18705
13042015	87	0.1	-0.1	4.59208
13042015	88	0.1	-0.1	-3.58058
13042015	89	0.1	-0.1	-5.19156
13042015	90	0.1	-0.1	4.03593
13042015	91	0.1	-0.1	-5.35688
13042015	92	0.1	-0.1	-4.53357
13042015	93	0.1	-0.1	4.78634
13042015	94	0.1	-0.1	4.79289
13042015	95	0.1	-0.1	-2.89442
13042015	96	0.1	-0.1	2.40216
13042015	97	0.1	-0.1	-5.27631
13042015	98	0.1	-0.1	2.16646
13042015	99	0.1	-0.1	-5.83442
13042015	100	0.1	-0.1	-1.11375
13042015	101	0.1	-0.1	4.24432
13042015	102	0.1	-0.1	-3.8956
13042015	103	0.1	-0.1	-4.03134
13042015	104	0.1	-0.1	-2.89204
13042015	105	0.1	-0.1	-3.8378
13042015	106	0.1	-0.1	3.51854
13042015	107	0.1	-0.1	-0.0543921
13042015	108	0.1	-0.1	0.302894
13042015	109	0.1	-0.1	-5.94578
13042015	110	0.1	-0.1	-2.31184
13042015	111	0.1	-0.1	4.61537
13042015	112	0.1	-0.1	-3.26177
13042015	113	0.1	-0.1	3.03807
13042015	114	0.1	-0.1	-5.67153
13042015	115	0.1	-0.1	4.49275
13042015	116	0.1	-0.1	5.69808
13042015	117	0.1	-0.1	-5.98743
13042015	118	0.1	-0.1	2.18401
13042015	119	0.1	-0.1	-0.690608
13042015	120	0.1	-0.1	-3.72475
13042015	121	0.1	-0.1	-2.20564
13042015	122	0.1	-0.1	-0.752502
13042015	123	0.1	-0.1	5.18276
13042015	124	0.1	-0.1	2.4132
13042015	125	0.1	-0.1	1.90719
13042015	126	0.1	-0.1	-2.77558
13042015	127	0.1	-0.1	-3.25409
13042015	128	0.1	-0.1	0.681128
13042015	129	0.1	-0.1	-4.80414
13042015	130	0.1	-0.1	-4.09293
13042015	131	0.1	-0.1	1.20271
13042015	132	0.1	-0.1	-2.61431
13042015	133	0.1	-0.1	0.890881
13042015	134	0.1	-0.1	-0.587753
13042015	135	0.1	-0.1	-2.23524
13042015	136	0.1	-0.1	-4.30123
13042015	137	0.1	-0.1	3.00919
13042015	138	0.1	-0.1	-0.515337
13042015	139	0.1	-0.1	4.10603
13042015	140	0.1	-0.1	5.3802
13042015	141	0.1	-0.1	5.70092
13042015	142	0.1	-0.1	2.37646
13042015	143	0.1	-0.1	-4.8717
13042015	144	0.1	-0.1	-4.71891
13042015	145	0.1	-0.1	4.47009
13042015	146	0.1	-0.1	-2.92145
13042015	147	0.1	-0.1	0.887139
13042015	148	0.1	-0.1	2.59568
13042015	149	0.1	-0.1	-3.12532
13042015	150	0.1	-0.1	1.72872
13042015	151	0.1	-0.1	3.85227
13042015	152	0.1	-0.1	1.62697
13042015	153	0.1	-0.1	-2.47315
13042015	154	0.1	-0.1	-4.80579
13042015	155	0.1	-0.1	2.38535
13042015	156	0.1	-0.1	-4.09208
13042015	157	0.1	-0.1	3.05267
13042015	158	0.1	-0.1	-1.54375
13042015	159	0.1	-0.1	-0.000540284
13042015	160	0.1	-0.1	2.30635
13042015	161	0.1	-0.1	-1.27579
13042015	162	0.1	-0.1	-5.63238
13042015	163	0.1	-0.1	-5.34177
13042015	164	0.1	-0.1	1.37736
13042015	165	0.1	-0.1	2.74497
13042015	166	0.1	-0.1	-0.759028
13042015	167	0.1	-0.1	-3.3673
13042015	168	0.1	-0.1	-1.8106
13042015	169	0.1	-0.1	2.99386
13042015	170	0.1	-0.1	2.34642
13042015	171	0.1	-0.1	1.22444
13042015	172	0.1	-0.1	0.746043
13042015	173	0.1	-0.1	3.97443
13042015	174	0.1	-0.1	0.141287
13042015	175	0.1	-0.1	-1.69606
13042015	176	0.1	-0.1	-5.72134
13042015	177	0.1	-0.1	-1.27737
13042015	178	0.1	-0.1	3.75203
13042015	179	0.1	-0.1	-0.815787
13042015	180	0.1	-0.1	-3.52592
13042015	181	0.1	-0.1	5.61162
13042015	182	0.1	-0.1	2.40837
13042015	183	0.1	-0.1	-5.73999
13042015	184	0.1	-0.1	-4.58615
13042015	185	0.1	-0.1	-1.72364
13042015	186	0.1	-0.1	1.59723
13042015	187	0.1	-0.1	-0.624765
13042015	188	0.1	-0.1	3.89025
13042015	189	0.1	-0.1	5.87142
13042015	190	0.1	-0.1	-4.97626
13042015	191	0.1	-0.1	4.55626
13042015	192	0.1	-0.1	-4.80414
13042015	193	0.1	-0.1	5.79282
13042015	194	0.1	-0.1	-0.139721
13042015	195	0.1	-0.1	-0.328996
13042015	196	0.1	-0.1	5.55189
13042015	197	0.1	-0.1	1.67919
13042015	198	0.1	-0.1	-0.476054
13042015	199	0.1	-0.1	0.0143532
13042015	200	0.1	-0.1	5.83185
13042015	201	0.1	-0.1	5.26386
13042015	202	0.1	-0.1	-5.8717
13042015	203	0.1	-0.1	1.52869
13042015	204	0.1	-0.1	3.72445
13042015	205	0.1	-0.1	-4.56437
13042015	206	0.1	-0.1	-2.54072
13042015	207	0.1	-0.1	1.10506
13042015	208	0.1	-0.1	-3.34893
13042015	209	0.1	-0.1	-3.27044
13042015	210	0.1	-0.1	4.47744
13042015	211	0.1	-0.1	4.41716
13042015	212	0.1	-0.1	-5.67276
13042015	213	0.1	-0.1	3.32253
13042015	214	0.1	-0.1	4.88695
13042015	215	0.1	-0.1	2.36471
13042015	216	0.1	-0.1	2.71419
13042015	217	0.1	-0.1	-3.63331
13042015	218	0.1	-0.1	0.278347
13042015	219	0.1	-0.1	-3.53251
13042015	220	0.1	-0.1	3.95718
13042015	221	0.1	-0.1	2.60301
13042015	222	0.1	-0.1	-5.31028
13042015	223	0.1	-0.1	-4.23028
13042015	224	0.1	-0.1	-3.25077
13042015	225	0.1	-0.1	3.71711
13042015	226	0.1	-0.1	-2.95018
13042015	227	0.1	-0.1	-1.58077
13042015	228	0.1	-0.1	-0.8398
13042015	229	0.1	-0.1	-2.81523
13042015	230	0.1	-0.1	0.444838
13042015	231	0.1	-0.1	-0.418411
13042015	232	0.1	-0.1	3.40341
13042015	233	0.1	-0.1	-4.79774
13042015	234	0.1	-0.1	5.42222
13042015	235	0.1	-0.1	3.87869
13042015	236	0.1	-0.1	5.75514
13042015	237	0.1	-0.1	3.79428
13042015	238	0.1	-0.1	-2.2636
13042015	239	0.1	-0.1	-5.14109
13042015	240	0.1	-0.1	3.9779
13042015	241	0.1	-0.1	0.493682
13042015	242	0.1	-0.1	-1.14301
13042015	243	0.1	-0.1	-1.49279
13042015	244	0.1	-0.1	-1.1721
13042015	245	0.1	-0.1	0.091428
13042015	246	0.1	-0.1	-1.13233
13042015	247	0.1	-0.1	3.52336
13042015	248	0.1	-0.1	-2.18892
13042015	249	0.1	-0.1	-3.27162
13042015	250	0.1	-0.1	-5.52186
13042015	251	0.1	-0.1	-1.58147
13042015	252	0.1	-0.1	-5.89532
13042015	253	0.1	-0.1	0.568422
13042015	254	0.1	-0.1	-1.98982
13042015	255	0.1	-0.1	-1.88107
13042015	256	0.1	-0.1	3.94793
13042015	257	0.1	-0.1	-4.29539
13042015	258	0.1	-0.1	-4.01735
13042015	259	0.1	-0.1	1.82576
13042015	260	0.1	-0.1	4.26957
13042015	261	0.1	-0.1	-3.12884
13042015	262	0.1	-0.1	-1.2933
13042015	263	0.1	-0.1	4.41285
13042015	264	0.1	-0.1	5.97834
13042015	265	0.1	-0.1	-1.22767
13042015	266	0.1	-0.1	-5.63117
13042015	267	0.1	-0.1	5.232
13042015	268	0.1	-0.1	3.4653
13042015	269	0.1	-0.1	-2.09789
13042015	270	0.1	-0.1	-3.24181
13042015	271	0.1	-0.1	5.11243
13042015	272	0.1	-0.1	-2.4444
13042015	273	0.1	-0.1	-4.25742
13042015	274	0.1	-0.1	3.46837
13042015	275	0.1	-0.1	1.69296
13042015	276	0.1	-0.1	-4.46268
13042015	277	0.1	-0.1	5.73369
13042015	278	0.1	-0.1	3.86499
13042015	279	0.1	-0.1	0.739973
13042015	280	0.1	-0.1	3.856
13042015	281	0.1	-0.1	4.88736
13042015	282	0.1	-0.1	-3.44175
13042015	283	0.1	-0.1	3.77784
13042015	284	0.1	-0.1	-1.87382
13042015	285	0.1	-0.1	-4.97885
13042015	286	0.1	-0.1	0.546
13042015	287	0.1	-0.1	-0.730736
13042015	288	0.1	-0.1	3.81593
13042015	289	0.1	-0.1	0.863729
13042015	290	0.1	-0.1	-5.9162
13042015	291	0.1	-0.1	-0.517775
13042015	292	0.1	-0.1	4.51852
13042015	293	0.1	-0.1	-4.81603
13042015	294	0.1	-0.1	0.547241
13042015	295	0.1	-0.1	-4.32944
13042015	296	0.1	-0.1	-5.61736
13042015	297	0.1	-0.1	-1.21535
13042015	298	0.1	-0.1	4.65846
13042015	299	0.1	-0.1	3.14659
13042015	300	0.1	-0.1	3.14136
13042015	301	0.1	-0.1	5.36263
13042015	302	0.1	-0.1	2.51306
13042015	303	0.1	-0.1	3.7935
13042015	304	0.1	-0.1	-3.67022
13042015	305	0.1	-0.1	4.07619
13042015	306	0.1	-0.1	4.13402
13042015	307	0.1	-0.1	2.62749
13042015	308	0.1	-0.1	4.68792
13042015	309	0.1	-0.1	2.64334
13042015	310	0.1	-0.1	5.25195
13042015	311	0.1	-0.1	4.91114
13042015	312	0.1	-0.1	3.87482
13042015	313	0.1	-0.1	-2.92819
13042015	314	0.1	-0.1	1.04548
13042015	315	0.1	-0.1	1.85826
13042015	316	0.1	-0.1	0.439145
13042015	317	0.1	-0.1	-5.33312
13042015	318	0.1	-0.1	4.07695
13042015	319	0.1	-0.1	-5.23983
13042015	320	0.1	-0.1	-1.43139
13042015	321	0.1	-0.1	-5.84558
13042015	322	0.1	-0.1	-0.67033
13042015	323	0.1	-0.1	-0.01562
13042015	324	0.1	-0.1	3.25952
13042015	325	0.1	-0.1	-3.87352
13042015	326	0.1	-0.1	5.03303
13042015	327	0.1	-0.1	-1.42
13042015	328	0.1	-0.1	5.76962
13042015	329	0.1	-0.1	5.08843
13042015	330	0.1	-0.1	-1.39377
13042015	331	0.1	-0.1	0.537332
13042015	332	0.1	-0.1	1.86218
13042015	333	0.1	-0.1	4.23579
13042015	334	0.1	-0.1	0.861817
13042015	335	0.1	-0.1	0.473255
13042015	336	0.1	-0.1	4.51874
13042015	337	0.1	-0.1	-4.11116
13042015	338	0.1	-0.1	-1.09712
13042015	339	0.1	-0.1	4.85739
13042015	340	0.1	-0.1	-2.04096
13042015	341	0.1	-0.1	0.46564
13042015	342	0.1	-0.1	-0.896338
13042015	343	0.1	-0.1	-2.43643
13042015	344	0.1	-0.1	2.87637
13042015	345	0.1	-0.1	-5.5248
13042015	346	0.1	-0.1	-4.30491
13042015	347	0.1	-0.1	0.820768
13042015	348	0.1	-0.1	4.8587
13042015	349	0.1	-0.1	2.85839
13042015	350	0.1	-0.1	1.50177
13042015	351	0.1	-0.1	-5.54244
13042015	352	0.1	-0.1	3.6742
13042015	353	0.1	-0.1	-2.83029
13042015	354	0.1	-0.1	3.273
13042015	355	0.1	-0.1	-4.88968
13042015	356	0.1	-0.1	0.97258
13042015	357	0.1	-0.1	-2.44063
13042015	358	0.1	-0.1	-5.30003
13042015	359	0.1	-0.1	4.33246
13042015	360	0.1	-0.1	-3.15751
13042015	361	0.1	-0.1	0.729687
13042015	362	0.1	-0.1	3.54401
13042015	363	0.1	-0.1	-3.66344
13042015	364	0.1	-0.1	-1.31757
13042015	365	0.1	-0.1	-1.80949
13042015	366	0.1	-0.1	4.09555
13042015	367	0.1	-0.1	-5.56442
13042015	368	0.1	-0.1	-4.54822
13042015	369	0.1	-0.1	2.20568
13042015	370	0.1	-0.1	-0.964037
13042015	371	0.1	-0.1	-5.25707
13042015	372	0.1	-0.1	3.20648
13042015	373	0.1	-0.1	-1.2323
13042015	374	0.1	-0.1	5.02477
13042015	375	0.1	-0.1	4.97962
13042015	376	0.1	-0.1	-0.456529
13042015	377	0.1	-0.1	-3.00888
13042015	378	0.1	-0.1	2.59475
13042015	379	0.1	-0.1	3.12225
13042015	380	0.1	-0.1	-3.10983
13042015	381	0.1	-0.1	-2.10211
13042015	382	0.1	-0.1	-3.64772
13042015	383	0.1	-0.1	1.20225
13042015	384	0.1	-0.1	5.72707
13042015	385	0.1	-0.1	5.76726
13042015	386	0.1	-0.1	1.61341
13042015	387	0.1	-0.1	0.156208
13042015	388	0.1	-0.1	1.64467
13042015	389	0.1	-0.1	-0.714885
13042015	390	0.1	-0.1	-0.950747
13042015	391	0.1	-0.1	2.52349
13042015	392	0.1	-0.1	2.29901
13042015	393	0.1	-0.1	2.66102
13042015	394	0.1	-0.1	3.88729
13042015	395	0.1	-0.1	2.44218
13042015	396	0.1	-0.1	-4.19293
13042015	397	0.1	-0.1	5.09466
13042015	398	0.1	-0.1	2.92985
13042015	399	0.1	-0.1	3.15162
13042015	400	0.1	-0.1	1.60961
13042015	401	0.1	-0.1	0.941076
13042015	402	0.1	-0.1	-2.31568
13042015	403	0.1	-0.1	-3.05071
13042015	404	0.1	-0.1	5.44486
13042015	405	0.1	-0.1	-1.94198
13042015	406	0.1	-0.1	-0.841178
13042015	407	0.1	-0.1	2.11394
13042015	408	0.1	-0.1	-2.55229
13042015	409	0.1	-0.1	-1.08919
13042015	410	0.1	-0.1	4.35102
13042015	411	0.1	-0.1	-0.234975
13042015	412	0.1	-0.1	2.37703
13042015	413	0.1	-0.1	-2.11006
13042015	414	0.1	-0.1	-1.56384
13042015	415	0.1	-0.1	-0.886728
13042015	416	0.1	-0.1	4.17189
13042015	417	0.1	-0.1	-2.59749
13042015	418	0.1	-0.1	-4.02784
13042015	419	0.1	-0.1	-1.35375
13042015	420	0.1	-0.1	1.45339
13042015	421	0.1	-0.1	5.70636
13042015	422	0.1	-0.1	2.59826
13042015	423	0.1	-0.1	0.901459
13042015	424	0.1	-0.1	1.74846
13042015	425	0.1	-0.1	2.88985
13042015	426	0.1	-0.1	-1.769
13042015	427	0.1	-0.1	2.4478
13042015	428	0.1	-0.1	2.22049
13042015	429	0.1	-0.1	-2.01324
13042015	430	0.1	-0.1	-1.08918
13042015	431	0.1	-0.1	4.82494
13042015	432	0.1	-0.1	1.85832
13042015	433	0.1	-0.1	-5.40276
13042015	434	0.1	-0.1	1.07743
13042015	435	0.1	-0.1	5.3994
13042015	436	0.1	-0.1	5.04076
13042015	437	0.1	-0.1	-2.17134
13042015	438	0.1	-0.1	-4.08174
13042015	439	0.1	-0.1	4.72467
13042015	440	0.1	-0.1	-4.70772
13042015	441	0.1	-0.1	4.09329
13042015	442	0.1	-0.1	-0.426308
13042015	443	0.1	-0.1	4.53909
13042015	444	0.1	-0.1	3.09405
13042015	445	0.1	-0.1	-2.78552
13042015	446	0.1	-0.1	-1.30645
13042015	447	0.1	-0.1	-1.34635
13042015	448	0.1	-0.1	-5.60342
13042015	449	0.1	-0.1	0.181502
13042015	450	0.1	-0.1	1.52178
13042015	451	0.1	-0.1	5.60367
13042015	452	0.1	-0.1	-0.454806
13042015	453	0.1	-0.1	2.60205
13042015	454	0.1	-0.1	-1.02929
13042015	455	0.1	-0.1	4.57224
13042015	456	0.1	-0.1	-4.39771
13042015	457	0.1	-0.1	-2.84684
13042015	458	0.1	-0.1	-1.41833
13042015	459	0.1	-0.1	-1.15191
13042015	460	0.1	-0.1	2.20384
13042015	461	0.1	-0.1	5.1553
13042015	462	0.1	-0.1	-2.45248
13042015	463	0.1	-0.1	-2.45316
13042015	464	0.1	-0.1	-2.6646
13042015	465	0.1	-0.1	-3.79267
13042015	466	0.1	-0.1	-3.54865
13042015	467	0.1	-0.1	1.85502
13042015	468	0.1	-0.1	1.72097
13042015	469	0.1	-0.1	0.201721
13042015	470	0.1	-0.1	1.25192
13042015	471	0.1	-0.1	-3.20128
13042015	472	0.1	-0.1	0.766063
13042015	473	0.1	-0.1	-1.43789
13042015	474	0.1	-0.1	1.2614
13042015	475	0.1	-0.1	-4.69698
13042015	476	0.1	-0.1	0.646278
13042015	477	0.1	-0.1	2.67254
13042015	478	0.1	-0.1	-1.62135
13042015	479	0.1	-0.1	4.33299
13042015	480	0.1	-0.1	1.04456
13042015	481	0.1	-0.1	0.591212
13042015	482	0.1	-0.1	1.42882
13042015	483	0.1	-0.1	-4.99465
13042015	484	0.1	-0.1	-0.1338
13042015	485	0.1	-0.1	-2.43447
13042015	486	0.1	-0.1	4.50676
13042015	487	0.1	-0.1	-3.20556
13042015	488	0.1	-0.1	-4.62637
13042015	489	0.1	-0.1	4.14626
13042015	490	0.1	-0.1	1.91837
13042015	491	0.1	-0.1	5.12744
13042015	492	0.1	-0.1	-0.354591
13042015	493	0.1	-0.1	5.76623
13042015	494	0.1	-0.1	-5.51666
13042015	495	0.1	-0.1	-1.97425
13042015	496	0.1	-0.1	4.38453
13042015	497	0.1	-0.1	5.5495
13042015	498	0.1	-0.1	-2.65918
13042015	499	0.1	-0.1	5.52724
13042015	500	0.1	-0.1	-0.250726
13042015	501	0.1	-0.1	-2.06725
13042015	502	0.1	-0.1	-1.82668
13042015	503	0.1	-0.1	-2.53138
13042015	504	0.1	-0.1	1.33786
13042015	505	0.1	-0.1	3.17386
13042015	506	0.1	-0.1	-0.300078
13042015	507	0.1	-0.1	-3.43425
13042015	508	0.1	-0.1	-0.282568
13042015	509	0.1	-0.1	-2.12844
13042015	510	0.1	-0.1	-4.01595
13042015	511	0.1	-0.1	5.94195
13042015	512	0.1	-0.1	-0.928905
13042015	513	0.1	-0.1	3.29535
13042015	514	0.1	-0.1	-0.26425
13042015	515	0.1	-0.1	2.6845
13042015	516	0.1	-0.1	3.4487
13042015	517	0.1	-0.1	-4.4519
13042015	518	0.1	-0.1	2.3769
13042015	519	0.1	-0.1	-3.84989
13042015	520	0.1	-0.1	-4.45032
13042015	521	0.1	-0.1	4.26991
13042015	522	0.1	-0.1	-4.44595
13042015	523	0.1	-0.1	1.54824
13042015	524	0.1	-0.1	-1.62563
13042015	525	0.1	-0.1	-2.38338
13042015	526	0.1	-0.1	-2.71563
13042015	527	0.1	-0.1	4.73174
13042015	528	0.1	-0.1	-5.42911
13042015	529	0.1	-0.1	-3.25468
13042015	530	0.1	-0.1	-4.51412
13042015	531	0.1	-0.1	1.69197
13042015	532	0.1	-0.1	0.792393
13042015	533	0.1	-0.1	0.425894
13042015	534	0.1	-0.1	-3.50185
13042015	535	0.1	-0.1	-0.0234378
13042015	536	0.1	-0.1	4.10695
13042015	537	0.1	-0.1	-4.25183
13042015	538	0.1	-0.1	-4.75301
13042015	539	0.1	-0.1	-0.248584
13042015	540	0.1	-0.1	0.827716
13042015	541	0.1	-0.1	-4.76849
13042015	542	0.1	-0.1	-5.591
13042015	543	0.1	-0.1	-5.42774
13042015	544	0.1	-0.1	2.72566
13042015	545	0.1	-0.1	-3.37897
13042015	546	0.1	-0.1	4.20526
13042015	547	0.1	-0.1	1.68535
13042015	548	0.1	-0.1	-3.86597
13042015	549	0.1	-0.1	5.54032
13042015	550	0.1	-0.1	-0.66904
13042015	551	0.1	-0.1	-2.83534
13042015	552	0.1	-0.1	-2.94594
13042015	553	0.1	-0.1	4.89147
13042015	554	0.1	-0.1	1.93437
13042015	555	0.1	-0.1	3.98956
13042015	556	0.1	-0.1	3.45065
13042015	557	0.1	-0.1	-2.67492
13042015	558	0.1	-0.1	-1.51702
13042015	559	0.1	-0.1	2.12445
13042015	560	0.1	-0.1	-3.83178
13042015	561	0.1	-0.1	2.92059
13042015	562	0.1	-0.1	-4.32762
13042015	563	0.1	-0.1	-4.96606
13042015	564	0.1	-0.1	-2.52809
13042015	565	0.1	-0.1	-5.33007
13042015	566	0.1	-0.1	5.51347
13042015	567	0.1	-0.1	-5.75902
13042015	568	0.1	-0.1	2.00044
13042015	569	0.1	-0.1	-4.00686
13042015	570	0.1	-0.1	-4.05395
13042015	571	0.1	-0.1	5.18692
13042015	572	0.1	-0.1	-3.91546
13042015	573	0.1	-0.1	4.81579
13042015	574	0.1	-0.1	2.96878
13042015	575	0.1	-0.1	-2.8224
13042015	576	0.1	-0.1	-1.52632
13042015	577	0.1	-0.1	-2.73183
13042015	578	0.1	-0.1	-2.035
13042015	579	0.1	-0.1	-4.42004
13042015	580	0.1	-0.1	1.33937
13042015	581	0.1	-0.1	5.61302
13042015	582	0.1	-0.1	5.7343
13042015	583	0.1	-0.1	-0.297965
13042015	584	0.1	-0.1	4.93865
13042015	585	0.1	-0.1	4.57184
13042015	586	0.1	-0.1	-0.929236
13042015	587	0.1	-0.1	-1.6543
13042015	588	0.1	-0.1	-5.74679
13042015	589	0.1	-0.1	4.97471
13042015	590	0.1	-0.1	-5.81561
13042015	591	0.1	-0.1	1.56088
13042015	592	0.1	-0.1	1.12199
13042015	593	0.1	-0.1	0.815844
13042015	594	0.1	-0.1	3.43303
13042015	595	0.1	-0.1	4.11415
13042015	596	0.1	-0.1	5.76416
13042015	597	0.1	-0.1	4.90448
13042015	598	0.1	-0.1	2.43775
13042015	599	0.1	-0.1	5.2455
13042015	600	0.1	-0.1	5.70535
13042015	601	0.1	-0.1	-3.54179
13042015	602	0.1	-0.1	1.89372
13042015	603	0.1	-0.1	3.2091
13042015	604	0.1	-0.1	1.60771
13042015	605	0.1	-0.1	-3.6138
13042015	606	0.1	-0.1	-5.2579
13042015	607	0.1	-0.1	4.08094
13042015	608	0.1	-0.1	0.760487
13042015	609	0.1	-0.1	2.43512
13042015	610	0.1	-0.1	4.95909
13042015	611	0.1	-0.1	-0.0833616
13042015	612	0.1	-0.1	-2.18315
13042015	613	0.1	-0.1	1.92169
13042015	614	0.1	-0.1	-2.14965
13042015	615	0.1	-0.1	-2.47681
13042015	616	0.1	-0.1	1.9778
13042015	617	0.1	-0.1	-5.39453
13042015	618	0.1	-0.1	5.59272
13042015	619	0.1	-0.1	-0.895595
13042015	620	0.1	-0.1	2.60681
13042015	621	0.1	-0.1	5.8589
13042015	622	0.1	-0.1	-5.70577
13042015	623	0.1	-0.1	3.30611
13042015	624	0.1	-0.1	5.31846
13042015	625	0.1	-0.1	3.46089
13042015	626	0.1	-0.1	5.36017
13042015	627	0.1	-0.1	4.89766
13042015	628	0.1	-0.1	1.42592
13042015	629	0.1	-0.1	-4.43363
13042015	630	0.1	-0.1	0.229814
13042015	631	0.1	-0.1	-4.18757
13042015	632	0.1	-0.1	2.56711
13042015	633	0.1	-0.1	2.39915
13042015	634	0.1	-0.1	-4.51405
13042015	635	0.1	-0.1	4.91938
13042015	636	0.1	-0.1	2.10419
13042015	637	0.1	-0.1	1.14343
13042015	638	0.1	-0.1	-1.64496
13042015	639	0.1	-0.1	-1.61835
13042015	640	0.1	-0.1	-1.28094
13042015	641	0.1	-0.1	-2.06947
13042015	642	0.1	-0.1	3.32432
13042015	643	0.1	-0.1	4.30772
13042015	644	0.1	-0.1	3.23251
13042015	645	0.1	-0.1	-0.845085
13042015	646	0.1	-0.1	-2.56663
13042015	647	0.1	-0.1	-0.490837
13042015	648	0.1	-0.1	1.09251
13042015	649	0.1	-0.1	4.7664
13042015	650	0.1	-0.1	-3.10772
13042015	651	0.1	-0.1	-0.939065
13042015	652	0.1	-0.1	2.33532
13042015	653	0.1	-0.1	-0.986459
13042015	654	0.1	-0.1	2.63811
13042015	655	0.1	-0.1	-3.76408
13042015	656	0.1	-0.1	-3.46398
13042015	657	0.1	-0.1	1.84731
13042015	658	0.1	-0.1	5.97209
13042015	659	0.1	-0.1	5.9273
13042015	660	0.1	-0.1	-1.23122
13042015	661	0.1	-0.1	5.02213
13042015	662	0.1	-0.1	-5.55336
13042015	663	0.1	-0.1	5.89085
13042015	664	0.1	-0.1	-1.75192
13042015	665	0.1	-0.1	4.12927
13042015	666	0.1	-0.1	5.13234
13042015	667	0.1	-0.1	0.975759
13042015	668	0.1	-0.1	0.10242
13042015	669	0.1	-0.1	-3.63585
13042015	670	0.1	-0.1	-1.04289
13042015	671	0.1	-0.1	2.28676
13042015	672	0.1	-0.1	3.33764
13042015	673	0.1	-0.1	2.17446
13042015	674	0.1	-0.1	-3.9807
13042015	675	0.1	-0.1	2.33268
13042015	676	0.1	-0.1	5.3197
13042015	677	0.1	-0.1	5.91603
13042015	678	0.1	-0.1	1.61097
13042015	679	0.1	-0.1	3.24689
13042015	680	0.1	-0.1	2.36807
13042015	681	0.1	-0.1	0.408247
13042015	682	0.1	-0.1	-1.85133
13042015	683	0.1	-0.1	-4.59705
13042015	684	0.1	-0.1	1.81863
13042015	685	0.1	-0.1	5.74532
13042015	686	0.1	-0.1	3.06535
13042015	687	0.1	-0.1	-2.23083
13042015	688	0.1	-0.1	-3.36088
13042015	689	0.1	-0.1	1.74794
13042015	690	0.1	-0.1	-0.308096
13042015	691	0.1	-0.1	-5.70585
13042015	692	0.1	-0.1	-4.86198
13042015	693	0.1	-0.1	5.65303
13042015	694	0.1	-0.1	0.679433
13042015	695	0.1	-0.1	2.5563
13042015	696	0.1	-0.1	3.45193
13042015	697	0.1	-0.1	5.77908
13042015	698	0.1	-0.1	-4.81835
13042015	699	0.1	-0.1	-1.10438
13042015	700	0.1	-0.1	-4.25333
13042015	701	0.1	-0.1	-3.32373
13042015	702	0.1	-0.1	3.74928
13042015	703	0.1	-0.1	-5.23187
13042015	704	0.1	-0.1	4.22188
13042015	705	0.1	-0.1	-2.89973
13042015	706	0.1	-0.1	0.910824
13042015	707	0.1	-0.1	5.08159
13042015	708	0.1	-0.1	-5.86795
13042015	709	0.1	-0.1	-0.994472
13042015	710	0.1	-0.1	-0.15376
13042015	711	0.1	-0.1	3.3774
13042015	712	0.1	-0.1	1.44702
13042015	713	0.1	-0.1	-4.31152
13042015	714	0.1	-0.1	-1.50995
13042015	715	0.1	-0.1	-0.250512
13042015	716	0.1	-0.1	0.956191
13042015	717	0.1	-0.1	-5.51127
13042015	718	0.1	-0.1	3.32508
13042015	719	0.1	-0.1	-0.390848
13042015	720	0.1	-0.1	4.21765
13042015	721	0.1	-0.1	-3.84073
13042015	722	0.1	-0.1	0.486844
13042015	723	0.1	-0.1	3.60893
13042015	724	0.1	-0.1	3.9187
13042015	725	0.1	-0.1	1.53971
13042015	726	0.1	-0.1	3.97153
13042015	727	0.1	-0.1	-5.28005
13042015	728	0.1	-0.1	-2.4645
13042015	729	0.1	-0.1	-4.69228
13042015	730	0.1	-0.1	-0.0216856
13042015	731	0.1	-0.1	0.0847646
13042015	732	0.1	-0.1	0.261639
13042015	733	0.1	-0.1	2.46419
13042015	734	0.1	-0.1	3.72499
13042015	735	0.1	-0.1	-0.271737
13042015	736	0.1	-0.1	5.56635
13042015	737	0.1	-0.1	-4.78598
13042015	738	0.1	-0.1	-5.73625
13042015	739	0.1	-0.1	-2.03918
13042015	740	0.1	-0.1	-4.38502
13042015	741	0.1	-0.1	1.50215
13042015	742	0.1	-0.1	0.0141605
13042015	743	0.1	-0.1	-5.5821
13042015	744	0.1	-0.1	3.51933
13042015	745	0.1	-0.1	-3.6883
13042015	746	0.1	-0.1	-2.37659
13042015	747	0.1	-0.1	1.67511
13042015	748	0.1	-0.1	0.223324
13042015	749	0.1	-0.1	3.59497
13042015	750	0.1	-0.1	-4.29944
13042015	751	0.1	-0.1	2.36625
13042015	752	0.1	-0.1	-0.562072
13042015	753	0.1	-0.1	4.39904
13042015	754	0.1	-0.1	5.23721
13042015	755	0.1	-0.1	5.67451
13042015	756	0.1	-0.1	0.407107
13042015	757	0.1	-0.1	3.08983
13042015	758	0.1	-0.1	-2.78924
13042015	759	0.1	-0.1	4.40337
13042015	760	0.1	-0.1	-2.15795
13042015	761	0.1	-0.1	5.66412
13042015	762	0.1	-0.1	0.0430146
13042015	763	0.1	-0.1	1.00519
13042015	764	0.1	-0.1	0.0961598
13042015	765	0.1	-0.1	-3.37052
13042015	766	0.1	-0.1	-2.59249
13042015	767	0.1	-0.1	-3.13805
13042015	768	0.1	-0.1	-1.30362
13042015	769	0.1	-0.1	2.66719
13042015	770	0.1	-0.1	-3.19172
13042015	771	0.1	-0.1	-5.45841
13042015	772	0.1	-0.1	3.93939
13042015	773	0.1	-0.1	4.33307
13042015	774	0.1	-0.1	1.44554
13042015	775	0.1	-0.1	-2.64434
13042015	776	0.1	-0.1	1.37045
13042015	777	0.1	-0.1	-0.635399
13042015	778	0.1	-0.1	-5.83781
13042015	779	0.1	-0.1	1.94654
13042015	780	0.1	-0.1	-5.87902
13042015	781	0.1	-0.1	-3.77312
13042015	782	0.1	-0.1	-0.834883
13042015	783	0.1	-0.1	-5.31998
13042015	784	0.1	-0.1	-3.35654
13042015	785	0.1	-0.1	-4.46527
13042015	786	0.1	-0.1	1.70924
13042015	787	0.1	-0.1	3.96078
13042015	788	0.1	-0.1	-0.530839
13042015	789	0.1	-0.1	-0.356177
13042015	790	0.1	-0.1	-5.67852
13042015	791	0.1	-0.1	1.28203
13042015	792	0.1	-0.1	3.66899
13042015	793	0.1	-0.1	1.75479
13042015	794	0.1	-0.1	-4.21522
13042015	795	0.1	-0.1	-1.91826
13042015	796	0.1	-0.1	-3.38604
13042015	797	0.1	-0.1	-4.9287
13042015	798	0.1	-0.1	0.875844
13042015	799	0.1	-0.1	5.61484
13042015	800	0.1	-0.1	-0.212545
13042015	801	0.1	-0.1	-2.28013
13042015	802	0.1	-0.1	-5.07573
13042015	803	0.1	-0.1	-0.840551
13042015	804	0.1	-0.1	-5.74419
13042015	805	0.1	-0.1	0.456077
13042015	806	0.1	-0.1	-3.95098
13042015	807	0.1	-0.1	-5.61659
13042015	808	0.1	-0.1	-2.00752
13042015	809	0.1	-0.1	-3.86541
13042015	810	0.1	-0.1	-1.19784
13042015	811	0.1	-0.1	0.668033
13042015	812	0.1	-0.1	1.94106
13042015	813	0.1	-0.1	-1.22609
13042015	814	0.1	-0.1	1.61771
13042015	815	0.1	-0.1	-5.36965
13042015	816	0.1	-0.1	0.184547
13042015	817	0.1	-0.1	-2.29915
13042015	818	0.1	-0.1	-0.725518
13042015	819	0.1	-0.1	0.0651893
13042015	820	0.1	-0.1	-0.982596
13042015	821	0.1	-0.1	-0.361936
13042015	822	0.1	-0.1	2.5977
13042015	823	0.1	-0.1	3.30456
13042015	824	0.1	-0.1	-0.144126
13042015	825	0.1	-0.1	2.10563
13042015	826	0.1	-0.1	3.31482
13042015	827	0.1	-0.1	0.1124
13042015	828	0.1	-0.1	3.9829
13042015	829	0.1	-0.1	-1.33569
13042015	830	0.1	-0.1	-1.47982
13042015	831	0.1	-0.1	5.62565
13042015	832	0.1	-0.1	1.91489
13042015	833	0.1	-0.1	2.41032
13042015	834	0.1	-0.1	4.31569
13042015	835	0.1	-0.1	-5.82204
13042015	836	0.1	-0.1	-4.23503
13042015	837	0.1	-0.1	-3.51208
13042015	838	0.1	-0.1	4.0458
13042015	839	0.1	-0.1	-3.37119
13042015	840	0.1	-0.1	2.97129
13042015	841	0.1	-0.1	2.43804
13042015	842	0.1	-0.1	-0.960575
13042015	843	0.1	-0.1	4.45308
13042015	844	0.1	-0.1	1.06262
13042015	845	0.1	-0.1	-5.73401
13042015	846	0.1	-0.1	-3.68365
13042015	847	0.1	-0.1	2.38662
13042015	848	0.1	-0.1	-4.41585
13042015	849	0.1	-0.1	2.81732
13042015	850	0.1	-0.1	5.42765
13042015	851	0.1	-0.1	-2.24173
13042015	852	0.1	-0.1	1.78091
13042015	853	0.1	-0.1	0.39695
13042015	854	0.1	-0.1	-1.41209
13042015	855	0.1	-0.1	1.45478
13042015	856	0.1	-0.1	-1.96097
13042015	857	0.1	-0.1	3.69629
13042015	858	0.1	-0.1	-4.53348
13042015	859	0.1	-0.1	2.86889
13042015	860	0.1	-0.1	0.949103
13042015	861	0.1	-0.1	2.63687
13042015	862	0.1	-0.1	2.12919
13042015	863	0.1	-0.1	3.21493
13042015	864	0.1	-0.1	0.820235
13042015	865	0.1	-0.1	5.35356
13042015	866	0.1	-0.1	3.3497
13042015	867	0.1	-0.1	2.3623
13042015	868	0.1	-0.1	-1.19362
13042015	869	0.1	-0.1	-4.57835
13042015	870	0.1	-0.1	5.36734
13042015	871	0.1	-0.1	-1.72737
13042015	872	0.1	-0.1	-0.551797
13042015	873	0.1	-0.1	-4.18359
13042015	874	0.1	-0.1	-1.33464
13042015	875	0.1	-0.1	0.860226
13042015	876	0.1	-0.1	-1.51289
13042015	877	0.1	-0.1	-4.32475
13042015	878	0.1	-0.1	1.63867
13042015	879	0.1	-0.1	-0.214341
13042015	880	0.1	-0.1	5.25888
13042015	881	0.1	-0.1	-5.09351
13042015	882	0.1	-0.1	5.51316
13042015	883	0.1	-0.1	-2.07955
13042015	884	0.1	-0.1	-0.58486
13042015	885	0.1	-0.1	-2.94363
13042015	886	0.1	-0.1	3.91238
13042015	887	0.1	-0.1	5.07248
13042015	888	0.1	-0.1	-1.19461
13042015	889	0.1	-0.1	-1.40158
13042015	890	0.1	-0.1	0.247771
13042015	891	0.1	-0.1	-4.28243
13042015	892	0.1	-0.1	4.10211
13042015	893	0.1	-0.1	-3.31762
13042015	894	0.1	-0.1	-2.69194
13042015	895	0.1	-0.1	-0.647758
13042015	896	0.1	-0.1	0.184985
13042015	897	0.1	-0.1	-4.37233
13042015	898	0.1	-0.1	-0.559437
13042015	899	0.1	-0.1	0.214997
13042015	900	0.1	-0.1	-4.64281
13042015	901	0.1	-0.1	0.665296
13042015	902	0.1	-0.1	-0.00320214
13042015	903	0.1	-0.1	-3.6879
13042015	904	0.1	-0.1	-2.86695
13042015	905	0.1	-0.1	0.662156
13042015	906	0.1	-0.1	3.78784
13042015	907	0.1	-0.1	-2.59528
13042015	908	0.1	-0.1	-5.40135
13042015	909	0.1	-0.1	-3.2988
13042015	910	0.1	-0.1	4.98358
13042015	911	0.1	-0.1	-1.07658
13042015	912	0.1	-0.1	-1.95055
13042015	913	0.1	-0.1	-3.3582
13042015	914	0.1	-0.1	2.44495
13042015	915	0.1	-0.1	-4.40856
13042015	916	0.1	-0.1	-3.71218
13042015	917	0.1	-0.1	-2.18501
13042015	918	0.1	-0.1	-1.52731
13042015	919	0.1	-0.1	0.324353
13042015	920	0.1	-0.1	-4.42555
13042015	921	0.1	-0.1	-1.75517
13042015	922	0.1	-0.1	0.610786
13042015	923	0.1	-0.1	-2.81155
13042015	924	0.1	-0.1	0.600587
13042015	925	0.1	-0.1	2.05084
13042015	926	0.1	-0.1	-3.42818
13042015	927	0.1	-0.1	3.97634
13042015	928	0.1	-0.1	-5.32659
13042015	929	0.1	-0.1	1.6217
13042015	930	0.1	-0.1	2.29061
13042015	931	0.1	-0.1	-4.16991
13042015	932	0.1	-0.1	-0.793244
13042015	933	0.1	-0.1	0.180251
13042015	934	0.1	-0.1	-0.333061
13042015	935	0.1	-0.1	-3.93635
13042015	936	0.1	-0.1	-5.16425
13042015	937	0.1	-0.1	2.60222
13042015	938	0.1	-0.1	2.42415
13042015	939	0.1	-0.1	5.29631
13042015	940	0.1	-0.1	2.90642
13042015	941	0.1	-0.1	-1.86132
13042015	942	0.1	-0.1	-4.14972
13042015	943	0.1	-0.1	-1.64947
13042015	944	0.1	-0.1	1.92443
13042015	945	0.1	-0.1	0.0205528
13042015	946	0.1	-0.1	-0.503563
13042015	947	0.1	-0.1	-5.11352
13042015	948	0.1	-0.1	0.0223118
13042015	949	0.1	-0.1	-4.10956
13042015	950	0.1	-0.1	-3.7828
13042015	951	0.1	-0.1	3.48175
13042015	952	0.1	-0.1	4.12244
13042015	953	0.1	-0.1	-1.6015
13042015	954	0.1	-0.1	-4.11843
13042015	955	0.1	-0.1	3.30476
13042015	956	0.1	-0.1	2.48207
13042015	957	0.1	-0.1	5.5694
13042015	958	0.1	-0.1	-5.03528
13042015	959	0.1	-0.1	-2.9056
13042015	960	0.1	-0.1	-3.15752
13042015	961	0.1	-0.1	-4.14756
13042015	962	0.1	-0.1	-5.44381
13042015	963	0.1	-0.1	4.04223
13042015	964	0.1	-0.1	5.52795
13042015	965	0.1	-0.1	5.62914
13042015	966	0.1	-0.1	4.48174
13042015	967	0.1	-0.1	4.98854
13042015	968	0.1	-0.1	2.81161
13042015	969	0.1	-0.1	-5.96805
13042015	970	0.1	-0.1	-2.55464
13042015	971	0.1	-0.1	1.91067
13042015	972	0.1	-0.1	-0.840241
13042015	973	0.1	-0.1	4.81578
13042015	974	0.1	-0.1	4.46134
13042015	975	0.1	-0.1	1.68641
13042015	976	0.1	-0.1	-2.79515
13042015	977	0.1	-0.1	3.53265
13042015	978	0.1	-0.1	4.86997
13042015	979	0.1	-0.1	4.88655
13042015	980	0.1	-0.1	4.93606
13042015	981	0.1	-0.1	-3.67934
13042015	982	0.1	-0.1	-5.11494
13042015	983	0.1	-0.1	-3.08519
13042015	984	0.1	-0.1	4.93054
13042015	985	0.1	-0.1	0.262458
13042015	986	0.1	-0.1	-4.6223
13042015	987	0.1	-0.1	-0.582055
13042015	988	0.1	-0.1	-1.07097
13042015	989	0.1	-0.1	5.72715
13042015	990	0.1	-0.1	-5.37598
13042015	991	0.1	-0.1	-3.42468
13042015	992	0.1	-0.1	3.84116
13042015	993	0.1	-0.1	-2.2082
13042015	994	0.1	-0.1	3.95019
13042015	995	0.1	-0.1	-5.3636
13042015	996	0.1	-0.1	-2.52435
13042015	997	0.1	-0.1	-1.53164
13042015	998	0.1	-0.1	-3.58064
13042015	999	0.1	-0.1	0.608532
13042015	1000	0.1	-0.1	-0.628727
