13049052	1	0.1	-0.1	-3.54964
13049052	2	0.1	-0.1	2.84702
13049052	3	0.1	-0.1	0.705611
13049052	4	0.1	-0.1	-2.61709
13049052	5	0.1	-0.1	-5.51101
13049052	6	0.1	-0.1	0.477315
13049052	7	0.1	-0.1	5.10601
13049052	8	0.1	-0.1	1.63353
13049052	9	0.1	-0.1	-1.36793
13049052	10	0.1	-0.1	-0.0508322
13049052	11	0.1	-0.1	0.784204
13049052	12	0.1	-0.1	-5.56045
13049052	13	0.1	-0.1	5.93393
13049052	14	0.1	-0.1	0.61068
13049052	15	0.1	-0.1	0.191505
13049052	16	0.1	-0.1	-4.0387
13049052	17	0.1	-0.1	-1.07072
13049052	18	0.1	-0.1	-0.439767
13049052	19	0.1	-0.1	-5.29409
13049052	20	0.1	-0.1	2.28506
13049052	21	0.1	-0.1	2.77138
13049052	22	0.1	-0.1	5.26098
13049052	23	0.1	-0.1	0.379957
13049052	24	0.1	-0.1	1.37295
13049052	25	0.1	-0.1	-2.06544
13049052	26	0.1	-0.1	-0.421826
13049052	27	0.1	-0.1	3.86315
13049052	28	0.1	-0.1	-3.33869
13049052	29	0.1	-0.1	5.7009
13049052	30	0.1	-0.1	5.68005
13049052	31	0.1	-0.1	-1.91503
13049052	32	0.1	-0.1	-2.92867
13049052	33	0.1	-0.1	3.36163
13049052	34	0.1	-0.1	-3.43047
13049052	35	0.1	-0.1	-5.40358
13049052	36	0.1	-0.1	0.123545
13049052	37	0.1	-0.1	-0.476463
13049052	38	0.1	-0.1	-4.32868
13049052	39	0.1	-0.1	-2.19044
13049052	40	0.1	-0.1	-2.56306
13049052	41	0.1	-0.1	0.0697839
13049052	42	0.1	-0.1	5.04601
13049052	43	0.1	-0.1	-2.25056
13049052	44	0.1	-0.1	1.68319
13049052	45	0.1	-0.1	5.67564
13049052	46	0.1	-0.1	-3.37616
13049052	47	0.1	-0.1	2.71285
13049052	48	0.1	-0.1	4.81295
13049052	49	0.1	-0.1	1.58286
13049052	50	0.1	-0.1	-1.72215
13049052	51	0.1	-0.1	-4.80245
13049052	52	0.1	-0.1	5.50208
13049052	53	0.1	-0.1	-5.25082
13049052	54	0.1	-0.1	1.778
13049052	55	0.1	-0.1	-5.93373
13049052	56	0.1	-0.1	5.67485
13049052	57	0.1	-0.1	-5.1731
13049052	58	0.1	-0.1	-4.29608
13049052	59	0.1	-0.1	4.2379
13049052	60	0.1	-0.1	-5.45674
13049052	61	0.1	-0.1	-2.82841
13049052	62	0.1	-0.1	-2.26239
13049052	63	0.1	-0.1	2.93427
13049052	64	0.1	-0.1	-0.381046
13049052	65	0.1	-0.1	1.65813
13049052	66	0.1	-0.1	1.54748
13049052	67	0.1	-0.1	-4.43464
13049052	68	0.1	-0.1	0.22906
13049052	69	0.1	-0.1	5.62803
13049052	70	0.1	-0.1	-3.4031
13049052	71	0.1	-0.1	-4.3808
13049052	72	0.1	-0.1	-0.402144
13049052	73	0.1	-0.1	-0.0590364
13049052	74	0.1	-0.1	4.69513
13049052	75	0.1	-0.1	5.92894
13049052	76	0.1	-0.1	0.843917
13049052	77	0.1	-0.1	1.72373
13049052	78	0.1	-0.1	-4.96902
13049052	79	0.1	-0.1	5.01364
13049052	80	0.1	-0.1	-0.305151
13049052	81	0.1	-0.1	3.17744
13049052	82	0.1	-0.1	1.90142
13049052	83	0.1	-0.1	-2.43606
13049052	84	0.1	-0.1	-5.70364
13049052	85	0.1	-0.1	-4.70992
13049052	86	0.1	-0.1	-1.53822
13049052	87	0.1	-0.1	0.00391166
13049052	88	0.1	-0.1	3.06381
13049052	89	0.1	-0.1	-0.246081
13049052	90	0.1	-0.1	1.82887
13049052	91	0.1	-0.1	3.92293
13049052	92	0.1	-0.1	-2.40429
13049052	93	0.1	-0.1	0.584275
13049052	94	0.1	-0.1	-3.97057
13049052	95	0.1	-0.1	-0.441633
13049052	96	0.1	-0.1	-1.41834
13049052	97	0.1	-0.1	-1.00169
13049052	98	0.1	-0.1	-0.9966
13049052	99	0.1	-0.1	4.49061
13049052	100	0.1	-0.1	3.51124
13049052	101	0.1	-0.1	4.72639
13049052	102	0.1	-0.1	1.27566
13049052	103	0.1	-0.1	3.89688
13049052	104	0.1	-0.1	3.13452
13049052	105	0.1	-0.1	4.84446
13049052	106	0.1	-0.1	0.806455
13049052	107	0.1	-0.1	4.69678
13049052	108	0.1	-0.1	-4.34371
13049052	109	0.1	-0.1	-2.63644
13049052	110	0.1	-0.1	3.5928
13049052	111	0.1	-0.1	-1.06656
13049052	112	0.1	-0.1	-2.37506
13049052	113	0.1	-0.1	-2.16868
13049052	114	0.1	-0.1	-2.60624
13049052	115	0.1	-0.1	2.22787
13049052	116	0.1	-0.1	-4.87016
13049052	117	0.1	-0.1	3.40481
13049052	118	0.1	-0.1	0.510451
13049052	119	0.1	-0.1	-5.74122
13049052	120	0.1	-0.1	3.26854
13049052	121	0.1	-0.1	2.69512
13049052	122	0.1	-0.1	-2.75202
13049052	123	0.1	-0.1	3.28529
13049052	124	0.1	-0.1	5.93818
13049052	125	0.1	-0.1	-3.65707
13049052	126	0.1	-0.1	4.68172
13049052	127	0.1	-0.1	-2.31599
13049052	128	0.1	-0.1	-1.00035
13049052	129	0.1	-0.1	-2.83468
13049052	130	0.1	-0.1	-1.11202
13049052	131	0.1	-0.1	0.95113
13049052	132	0.1	-0.1	-0.0369674
13049052	133	0.1	-0.1	-5.04075
13049052	134	0.1	-0.1	-3.46889
13049052	135	0.1	-0.1	-5.58312
13049052	136	0.1	-0.1	3.27321
13049052	137	0.1	-0.1	-2.7531
13049052	138	0.1	-0.1	-5.22123
13049052	139	0.1	-0.1	0.630646
13049052	140	0.1	-0.1	1.43605
13049052	141	0.1	-0.1	1.78075
13049052	142	0.1	-0.1	-5.24411
13049052	143	0.1	-0.1	0.97228
13049052	144	0.1	-0.1	5.3856
13049052	145	0.1	-0.1	0.944373
13049052	146	0.1	-0.1	3.70217
13049052	147	0.1	-0.1	5.78756
13049052	148	0.1	-0.1	5.74932
13049052	149	0.1	-0.1	-4.54748
13049052	150	0.1	-0.1	-0.930517
13049052	151	0.1	-0.1	0.206403
13049052	152	0.1	-0.1	5.22064
13049052	153	0.1	-0.1	4.03574
13049052	154	0.1	-0.1	3.8237
13049052	155	0.1	-0.1	3.61821
13049052	156	0.1	-0.1	-4.47814
13049052	157	0.1	-0.1	5.83885
13049052	158	0.1	-0.1	-1.66065
13049052	159	0.1	-0.1	0.22816
13049052	160	0.1	-0.1	1.17832
13049052	161	0.1	-0.1	-4.39292
13049052	162	0.1	-0.1	5.50521
13049052	163	0.1	-0.1	3.69861
13049052	164	0.1	-0.1	2.41547
13049052	165	0.1	-0.1	0.347285
13049052	166	0.1	-0.1	4.75832
13049052	167	0.1	-0.1	1.39535
13049052	168	0.1	-0.1	-3.58261
13049052	169	0.1	-0.1	3.83749
13049052	170	0.1	-0.1	4.87344
13049052	171	0.1	-0.1	-2.44034
13049052	172	0.1	-0.1	-1.99115
13049052	173	0.1	-0.1	1.83032
13049052	174	0.1	-0.1	1.73268
13049052	175	0.1	-0.1	2.63033
13049052	176	0.1	-0.1	-2.58866
13049052	177	0.1	-0.1	-2.18607
13049052	178	0.1	-0.1	-1.44717
13049052	179	0.1	-0.1	-0.335889
13049052	180	0.1	-0.1	5.50304
13049052	181	0.1	-0.1	0.0807116
13049052	182	0.1	-0.1	-0.425522
13049052	183	0.1	-0.1	2.85576
13049052	184	0.1	-0.1	0.191002
13049052	185	0.1	-0.1	-3.08585
13049052	186	0.1	-0.1	4.98308
13049052	187	0.1	-0.1	2.89602
13049052	188	0.1	-0.1	-3.27417
13049052	189	0.1	-0.1	-3.08365
13049052	190	0.1	-0.1	-1.34989
13049052	191	0.1	-0.1	-2.23805
13049052	192	0.1	-0.1	-5.36288
13049052	193	0.1	-0.1	2.79222
13049052	194	0.1	-0.1	4.38915
13049052	195	0.1	-0.1	-1.57467
13049052	196	0.1	-0.1	4.50997
13049052	197	0.1	-0.1	2.33049
13049052	198	0.1	-0.1	2.60872
13049052	199	0.1	-0.1	3.12434
13049052	200	0.1	-0.1	-1.99342
13049052	201	0.1	-0.1	3.90365
13049052	202	0.1	-0.1	-5.79972
13049052	203	0.1	-0.1	2.11084
13049052	204	0.1	-0.1	-5.82328
13049052	205	0.1	-0.1	-3.72637
13049052	206	0.1	-0.1	-2.83233
13049052	207	0.1	-0.1	3.65579
13049052	208	0.1	-0.1	-3.55945
13049052	209	0.1	-0.1	-1.16255
13049052	210	0.1	-0.1	-3.94605
13049052	211	0.1	-0.1	-1.29609
13049052	212	0.1	-0.1	-0.816125
13049052	213	0.1	-0.1	4.83825
13049052	214	0.1	-0.1	4.43289
13049052	215	0.1	-0.1	1.22002
13049052	216	0.1	-0.1	0.737341
13049052	217	0.1	-0.1	-2.67689
13049052	218	0.1	-0.1	-2.39665
13049052	219	0.1	-0.1	0.954657
13049052	220	0.1	-0.1	-0.615401
13049052	221	0.1	-0.1	-5.94351
13049052	222	0.1	-0.1	0.229448
13049052	223	0.1	-0.1	4.0515
13049052	224	0.1	-0.1	0.74381
13049052	225	0.1	-0.1	5.46308
13049052	226	0.1	-0.1	-0.0149944
13049052	227	0.1	-0.1	-5.5284
13049052	228	0.1	-0.1	5.96396
13049052	229	0.1	-0.1	-3.25725
13049052	230	0.1	-0.1	2.98754
13049052	231	0.1	-0.1	0.900191
13049052	232	0.1	-0.1	-1.33844
13049052	233	0.1	-0.1	-5.48945
13049052	234	0.1	-0.1	-1.25381
13049052	235	0.1	-0.1	-0.291882
13049052	236	0.1	-0.1	3.39885
13049052	237	0.1	-0.1	1.36276
13049052	238	0.1	-0.1	3.93498
13049052	239	0.1	-0.1	3.08466
13049052	240	0.1	-0.1	-5.533
13049052	241	0.1	-0.1	-5.79607
13049052	242	0.1	-0.1	5.30471
13049052	243	0.1	-0.1	0.00835639
13049052	244	0.1	-0.1	-3.11431
13049052	245	0.1	-0.1	1.20474
13049052	246	0.1	-0.1	5.89847
13049052	247	0.1	-0.1	-4.14299
13049052	248	0.1	-0.1	-4.17667
13049052	249	0.1	-0.1	2.0671
13049052	250	0.1	-0.1	-1.8713
13049052	251	0.1	-0.1	-4.21071
13049052	252	0.1	-0.1	0.879808
13049052	253	0.1	-0.1	-4.77054
13049052	254	0.1	-0.1	-0.323169
13049052	255	0.1	-0.1	-1.70437
13049052	256	0.1	-0.1	4.05315
13049052	257	0.1	-0.1	-1.20895
13049052	258	0.1	-0.1	1.16907
13049052	259	0.1	-0.1	-3.10994
13049052	260	0.1	-0.1	-2.71493
13049052	261	0.1	-0.1	-1.27935
13049052	262	0.1	-0.1	0.936359
13049052	263	0.1	-0.1	2.69831
13049052	264	0.1	-0.1	4.47802
13049052	265	0.1	-0.1	-4.224
13049052	266	0.1	-0.1	1.03941
13049052	267	0.1	-0.1	2.33997
13049052	268	0.1	-0.1	5.96902
13049052	269	0.1	-0.1	-4.61607
13049052	270	0.1	-0.1	0.506136
13049052	271	0.1	-0.1	0.742436
13049052	272	0.1	-0.1	2.76921
13049052	273	0.1	-0.1	3.15366
13049052	274	0.1	-0.1	-0.570864
13049052	275	0.1	-0.1	4.52162
13049052	276	0.1	-0.1	0.59221
13049052	277	0.1	-0.1	4.87369
13049052	278	0.1	-0.1	-2.57549
13049052	279	0.1	-0.1	-1.28808
13049052	280	0.1	-0.1	0.574186
13049052	281	0.1	-0.1	5.98576
13049052	282	0.1	-0.1	-0.429638
13049052	283	0.1	-0.1	5.37566
13049052	284	0.1	-0.1	-5.20905
13049052	285	0.1	-0.1	-4.57805
13049052	286	0.1	-0.1	-3.73014
13049052	287	0.1	-0.1	-0.12086
13049052	288	0.1	-0.1	-1.12792
13049052	289	0.1	-0.1	-5.25356
13049052	290	0.1	-0.1	-4.46353
13049052	291	0.1	-0.1	-5.36994
13049052	292	0.1	-0.1	-0.362407
13049052	293	0.1	-0.1	-0.5608
13049052	294	0.1	-0.1	-2.98981
13049052	295	0.1	-0.1	2.06462
13049052	296	0.1	-0.1	-3.98983
13049052	297	0.1	-0.1	-1.47684
13049052	298	0.1	-0.1	2.15371
13049052	299	0.1	-0.1	-3.69283
13049052	300	0.1	-0.1	-4.01106
13049052	301	0.1	-0.1	5.6581
13049052	302	0.1	-0.1	-2.66922
13049052	303	0.1	-0.1	-1.81946
13049052	304	0.1	-0.1	4.23405
13049052	305	0.1	-0.1	-0.522685
13049052	306	0.1	-0.1	-4.75387
13049052	307	0.1	-0.1	-0.623138
13049052	308	0.1	-0.1	-3.64183
13049052	309	0.1	-0.1	-4.9534
13049052	310	0.1	-0.1	-0.517604
13049052	311	0.1	-0.1	1.00441
13049052	312	0.1	-0.1	-0.393583
13049052	313	0.1	-0.1	2.14607
13049052	314	0.1	-0.1	-0.850107
13049052	315	0.1	-0.1	-2.428
13049052	316	0.1	-0.1	-4.99277
13049052	317	0.1	-0.1	4.92091
13049052	318	0.1	-0.1	2.02688
13049052	319	0.1	-0.1	-2.72353
13049052	320	0.1	-0.1	3.87696
13049052	321	0.1	-0.1	0.73416
13049052	322	0.1	-0.1	-1.21926
13049052	323	0.1	-0.1	-5.646
13049052	324	0.1	-0.1	-3.77516
13049052	325	0.1	-0.1	2.12539
13049052	326	0.1	-0.1	0.976545
13049052	327	0.1	-0.1	0.0534828
13049052	328	0.1	-0.1	0.511444
13049052	329	0.1	-0.1	-1.54067
13049052	330	0.1	-0.1	-4.97953
13049052	331	0.1	-0.1	-0.388876
13049052	332	0.1	-0.1	-3.05232
13049052	333	0.1	-0.1	3.14894
13049052	334	0.1	-0.1	0.0293005
13049052	335	0.1	-0.1	-1.33469
13049052	336	0.1	-0.1	5.37961
13049052	337	0.1	-0.1	-3.51034
13049052	338	0.1	-0.1	-4.95062
13049052	339	0.1	-0.1	3.11215
13049052	340	0.1	-0.1	5.86252
13049052	341	0.1	-0.1	0.515282
13049052	342	0.1	-0.1	-2.80818
13049052	343	0.1	-0.1	-5.19087
13049052	344	0.1	-0.1	3.24962
13049052	345	0.1	-0.1	-3.72544
13049052	346	0.1	-0.1	5.3724
13049052	347	0.1	-0.1	-4.55501
13049052	348	0.1	-0.1	3.39357
13049052	349	0.1	-0.1	-4.96244
13049052	350	0.1	-0.1	1.94125
13049052	351	0.1	-0.1	-5.13113
13049052	352	0.1	-0.1	0.277587
13049052	353	0.1	-0.1	1.00737
13049052	354	0.1	-0.1	-4.93262
13049052	355	0.1	-0.1	2.88223
13049052	356	0.1	-0.1	-2.02606
13049052	357	0.1	-0.1	-4.45869
13049052	358	0.1	-0.1	-5.90173
13049052	359	0.1	-0.1	2.96538
13049052	360	0.1	-0.1	4.53598
13049052	361	0.1	-0.1	2.08515
13049052	362	0.1	-0.1	5.45063
13049052	363	0.1	-0.1	-1.49399
13049052	364	0.1	-0.1	5.04943
13049052	365	0.1	-0.1	0.135572
13049052	366	0.1	-0.1	2.61155
13049052	367	0.1	-0.1	-3.667
13049052	368	0.1	-0.1	-5.86354
13049052	369	0.1	-0.1	1.36284
13049052	370	0.1	-0.1	4.83876
13049052	371	0.1	-0.1	-3.18667
13049052	372	0.1	-0.1	-2.79507
13049052	373	0.1	-0.1	-4.41513
13049052	374	0.1	-0.1	-1.80719
13049052	375	0.1	-0.1	-4.00519
13049052	376	0.1	-0.1	-1.86822
13049052	377	0.1	-0.1	1.03503
13049052	378	0.1	-0.1	0.891219
13049052	379	0.1	-0.1	-1.63421
13049052	380	0.1	-0.1	1.5893
13049052	381	0.1	-0.1	-0.0222773
13049052	382	0.1	-0.1	2.91784
13049052	383	0.1	-0.1	-2.94986
13049052	384	0.1	-0.1	1.08669
13049052	385	0.1	-0.1	-0.95816
13049052	386	0.1	-0.1	-2.22156
13049052	387	0.1	-0.1	2.7564
13049052	388	0.1	-0.1	4.43621
13049052	389	0.1	-0.1	3.7434
13049052	390	0.1	-0.1	-3.64706
13049052	391	0.1	-0.1	3.54093
13049052	392	0.1	-0.1	-5.9344
13049052	393	0.1	-0.1	0.746164
13049052	394	0.1	-0.1	4.01303
13049052	395	0.1	-0.1	-1.11742
13049052	396	0.1	-0.1	-0.0531363
13049052	397	0.1	-0.1	1.56358
13049052	398	0.1	-0.1	-4.51571
13049052	399	0.1	-0.1	-1.50923
13049052	400	0.1	-0.1	-3.92449
13049052	401	0.1	-0.1	-2.7421
13049052	402	0.1	-0.1	-0.0799288
13049052	403	0.1	-0.1	-5.8871
13049052	404	0.1	-0.1	-0.924637
13049052	405	0.1	-0.1	5.54967
13049052	406	0.1	-0.1	-2.64412
13049052	407	0.1	-0.1	2.24873
13049052	408	0.1	-0.1	-5.50588
13049052	409	0.1	-0.1	-3.9478
13049052	410	0.1	-0.1	2.61846
13049052	411	0.1	-0.1	-0.00172967
13049052	412	0.1	-0.1	-1.2835
13049052	413	0.1	-0.1	1.1098
13049052	414	0.1	-0.1	5.43564
13049052	415	0.1	-0.1	3.74987
13049052	416	0.1	-0.1	3.44674
13049052	417	0.1	-0.1	2.05991
13049052	418	0.1	-0.1	-2.37056
13049052	419	0.1	-0.1	-5.32333
13049052	420	0.1	-0.1	-3.47641
13049052	421	0.1	-0.1	0.268721
13049052	422	0.1	-0.1	-4.34675
13049052	423	0.1	-0.1	-5.14784
13049052	424	0.1	-0.1	4.87612
13049052	425	0.1	-0.1	4.99217
13049052	426	0.1	-0.1	-3.08325
13049052	427	0.1	-0.1	3.2874
13049052	428	0.1	-0.1	-3.68077
13049052	429	0.1	-0.1	-2.79558
13049052	430	0.1	-0.1	5.24444
13049052	431	0.1	-0.1	0.373639
13049052	432	0.1	-0.1	5.45182
13049052	433	0.1	-0.1	-0.818598
13049052	434	0.1	-0.1	-5.99613
13049052	435	0.1	-0.1	-4.6128
13049052	436	0.1	-0.1	5.31698
13049052	437	0.1	-0.1	-4.20235
13049052	438	0.1	-0.1	-5.79603
13049052	439	0.1	-0.1	3.25235
13049052	440	0.1	-0.1	-5.09674
13049052	441	0.1	-0.1	1.59496
13049052	442	0.1	-0.1	1.82339
13049052	443	0.1	-0.1	1.88713
13049052	444	0.1	-0.1	3.33138
13049052	445	0.1	-0.1	4.88003
13049052	446	0.1	-0.1	-1.79518
13049052	447	0.1	-0.1	-5.44777
13049052	448	0.1	-0.1	-2.62338
13049052	449	0.1	-0.1	-4.05515
13049052	450	0.1	-0.1	-0.076842
13049052	451	0.1	-0.1	-2.96755
13049052	452	0.1	-0.1	3.10874
13049052	453	0.1	-0.1	-0.25557
13049052	454	0.1	-0.1	-5.90613
13049052	455	0.1	-0.1	0.953056
13049052	456	0.1	-0.1	-0.82104
13049052	457	0.1	-0.1	0.510193
13049052	458	0.1	-0.1	-5.29844
13049052	459	0.1	-0.1	-2.59144
13049052	460	0.1	-0.1	-2.1918
13049052	461	0.1	-0.1	-0.868396
13049052	462	0.1	-0.1	2.80473
13049052	463	0.1	-0.1	-2.4432
13049052	464	0.1	-0.1	1.19391
13049052	465	0.1	-0.1	-1.79137
13049052	466	0.1	-0.1	-3.71195
13049052	467	0.1	-0.1	-4.75273
13049052	468	0.1	-0.1	0.135343
13049052	469	0.1	-0.1	-3.37784
13049052	470	0.1	-0.1	-3.16091
13049052	471	0.1	-0.1	0.394466
13049052	472	0.1	-0.1	-4.94636
13049052	473	0.1	-0.1	5.67329
13049052	474	0.1	-0.1	-1.81189
13049052	475	0.1	-0.1	3.02457
13049052	476	0.1	-0.1	1.12954
13049052	477	0.1	-0.1	4.9968
13049052	478	0.1	-0.1	-2.3638
13049052	479	0.1	-0.1	3.53671
13049052	480	0.1	-0.1	1.54835
13049052	481	0.1	-0.1	2.70795
13049052	482	0.1	-0.1	-5.89844
13049052	483	0.1	-0.1	4.16747
13049052	484	0.1	-0.1	5.85486
13049052	485	0.1	-0.1	3.52806
13049052	486	0.1	-0.1	0.810693
13049052	487	0.1	-0.1	-2.98534
13049052	488	0.1	-0.1	-2.79506
13049052	489	0.1	-0.1	-4.96143
13049052	490	0.1	-0.1	-5.40034
13049052	491	0.1	-0.1	1.06502
13049052	492	0.1	-0.1	-0.899405
13049052	493	0.1	-0.1	-2.96907
13049052	494	0.1	-0.1	0.73472
13049052	495	0.1	-0.1	4.86696
13049052	496	0.1	-0.1	-5.09715
13049052	497	0.1	-0.1	2.19583
13049052	498	0.1	-0.1	4.03429
13049052	499	0.1	-0.1	2.67295
13049052	500	0.1	-0.1	5.40558
13049052	501	0.1	-0.1	-1.73093
13049052	502	0.1	-0.1	-0.44916
13049052	503	0.1	-0.1	4.65151
13049052	504	0.1	-0.1	4.36684
13049052	505	0.1	-0.1	3.92603
13049052	506	0.1	-0.1	3.83306
13049052	507	0.1	-0.1	1.50192
13049052	508	0.1	-0.1	-2.85099
13049052	509	0.1	-0.1	-3.48084
13049052	510	0.1	-0.1	4.5774
13049052	511	0.1	-0.1	3.66909
13049052	512	0.1	-0.1	-1.75571
13049052	513	0.1	-0.1	-0.182187
13049052	514	0.1	-0.1	0.105806
13049052	515	0.1	-0.1	5.14792
13049052	516	0.1	-0.1	-3.60293
13049052	517	0.1	-0.1	-0.194741
13049052	518	0.1	-0.1	-1.89753
13049052	519	0.1	-0.1	-5.8413
13049052	520	0.1	-0.1	2.65195
13049052	521	0.1	-0.1	5.12292
13049052	522	0.1	-0.1	-3.73288
13049052	523	0.1	-0.1	-3.97183
13049052	524	0.1	-0.1	1.17012
13049052	525	0.1	-0.1	-4.18423
13049052	526	0.1	-0.1	-2.56096
13049052	527	0.1	-0.1	-5.39479
13049052	528	0.1	-0.1	0.468774
13049052	529	0.1	-0.1	-3.09905
13049052	530	0.1	-0.1	-5.71351
13049052	531	0.1	-0.1	-4.30764
13049052	532	0.1	-0.1	-2.70289
13049052	533	0.1	-0.1	-4.80497
13049052	534	0.1	-0.1	-3.38451
13049052	535	0.1	-0.1	0.342391
13049052	536	0.1	-0.1	-2.54025
13049052	537	0.1	-0.1	-1.97968
13049052	538	0.1	-0.1	3.52471
13049052	539	0.1	-0.1	3.30859
13049052	540	0.1	-0.1	-0.236749
13049052	541	0.1	-0.1	5.06133
13049052	542	0.1	-0.1	3.50385
13049052	543	0.1	-0.1	-3.99751
13049052	544	0.1	-0.1	-5.42286
13049052	545	0.1	-0.1	3.6567
13049052	546	0.1	-0.1	3.98536
13049052	547	0.1	-0.1	1.97474
13049052	548	0.1	-0.1	0.0820054
13049052	549	0.1	-0.1	-3.40335
13049052	550	0.1	-0.1	3.59651
13049052	551	0.1	-0.1	-4.19104
13049052	552	0.1	-0.1	-1.45596
13049052	553	0.1	-0.1	0.502463
13049052	554	0.1	-0.1	2.51869
13049052	555	0.1	-0.1	-3.00227
13049052	556	0.1	-0.1	-3.5568
13049052	557	0.1	-0.1	5.26663
13049052	558	0.1	-0.1	-5.08899
13049052	559	0.1	-0.1	-4.01469
13049052	560	0.1	-0.1	-0.731575
13049052	561	0.1	-0.1	-2.89321
13049052	562	0.1	-0.1	2.17167
13049052	563	0.1	-0.1	-4.09042
13049052	564	0.1	-0.1	-0.0626643
13049052	565	0.1	-0.1	0.459373
13049052	566	0.1	-0.1	-1.7387
13049052	567	0.1	-0.1	-0.00539756
13049052	568	0.1	-0.1	-5.19149
13049052	569	0.1	-0.1	-2.95436
13049052	570	0.1	-0.1	2.20174
13049052	571	0.1	-0.1	1.58997
13049052	572	0.1	-0.1	5.786
13049052	573	0.1	-0.1	2.90728
13049052	574	0.1	-0.1	0.585002
13049052	575	0.1	-0.1	3.98519
13049052	576	0.1	-0.1	-4.90493
13049052	577	0.1	-0.1	4.30691
13049052	578	0.1	-0.1	4.39547
13049052	579	0.1	-0.1	1.17893
13049052	580	0.1	-0.1	-1.44902
13049052	581	0.1	-0.1	-2.92888
13049052	582	0.1	-0.1	5.83542
13049052	583	0.1	-0.1	-2.52631
13049052	584	0.1	-0.1	4.92645
13049052	585	0.1	-0.1	5.07869
13049052	586	0.1	-0.1	-3.41902
13049052	587	0.1	-0.1	-1.0164
13049052	588	0.1	-0.1	-4.92056
13049052	589	0.1	-0.1	0.709176
13049052	590	0.1	-0.1	-2.10552
13049052	591	0.1	-0.1	2.70731
13049052	592	0.1	-0.1	-1.3625
13049052	593	0.1	-0.1	4.28639
13049052	594	0.1	-0.1	4.73683
13049052	595	0.1	-0.1	5.1803
13049052	596	0.1	-0.1	-2.1196
13049052	597	0.1	-0.1	-2.67153
13049052	598	0.1	-0.1	1.11576
13049052	599	0.1	-0.1	-1.60423
13049052	600	0.1	-0.1	1.27715
13049052	601	0.1	-0.1	3.38244
13049052	602	0.1	-0.1	4.66773
13049052	603	0.1	-0.1	2.32142
13049052	604	0.1	-0.1	0.609392
13049052	605	0.1	-0.1	5.29526
13049052	606	0.1	-0.1	1.75216
13049052	607	0.1	-0.1	-3.67013
13049052	608	0.1	-0.1	4.74556
13049052	609	0.1	-0.1	3.57711
13049052	610	0.1	-0.1	0.349296
13049052	611	0.1	-0.1	-0.971303
13049052	612	0.1	-0.1	-0.381153
13049052	613	0.1	-0.1	-4.48407
13049052	614	0.1	-0.1	2.37838
13049052	615	0.1	-0.1	3.4633
13049052	616	0.1	-0.1	-1.6394
13049052	617	0.1	-0.1	-5.35706
13049052	618	0.1	-0.1	5.03775
13049052	619	0.1	-0.1	-3.37356
13049052	620	0.1	-0.1	-2.99994
13049052	621	0.1	-0.1	-5.69241
13049052	622	0.1	-0.1	0.421814
13049052	623	0.1	-0.1	3.3491
13049052	624	0.1	-0.1	-1.70613
13049052	625	0.1	-0.1	0.586574
13049052	626	0.1	-0.1	-0.741571
13049052	627	0.1	-0.1	-4.71968
13049052	628	0.1	-0.1	-3.0794
13049052	629	0.1	-0.1	0.248082
13049052	630	0.1	-0.1	-4.10551
13049052	631	0.1	-0.1	0.389816
13049052	632	0.1	-0.1	-3.13229
13049052	633	0.1	-0.1	-0.967216
13049052	634	0.1	-0.1	-4.35088
13049052	635	0.1	-0.1	-5.6999
13049052	636	0.1	-0.1	-0.565474
13049052	637	0.1	-0.1	-0.272231
13049052	638	0.1	-0.1	-3.09607
13049052	639	0.1	-0.1	4.37531
13049052	640	0.1	-0.1	5.66393
13049052	641	0.1	-0.1	4.37988
13049052	642	0.1	-0.1	-2.14685
13049052	643	0.1	-0.1	1.70473
13049052	644	0.1	-0.1	5.7102
13049052	645	0.1	-0.1	0.678337
13049052	646	0.1	-0.1	-2.02515
13049052	647	0.1	-0.1	-4.93098
13049052	648	0.1	-0.1	0.786623
13049052	649	0.1	-0.1	-2.38233
13049052	650	0.1	-0.1	4.24656
13049052	651	0.1	-0.1	0.629699
13049052	652	0.1	-0.1	-4.48096
13049052	653	0.1	-0.1	-5.82163
13049052	654	0.1	-0.1	-3.94608
13049052	655	0.1	-0.1	-5.53101
13049052	656	0.1	-0.1	4.81595
13049052	657	0.1	-0.1	-1.21276
13049052	658	0.1	-0.1	-0.733171
13049052	659	0.1	-0.1	4.9126
13049052	660	0.1	-0.1	-3.68758
13049052	661	0.1	-0.1	-1.13854
13049052	662	0.1	-0.1	-4.13068
13049052	663	0.1	-0.1	-1.21204
13049052	664	0.1	-0.1	5.13376
13049052	665	0.1	-0.1	-5.3012
13049052	666	0.1	-0.1	2.50898
13049052	667	0.1	-0.1	5.66389
13049052	668	0.1	-0.1	-1.09744
13049052	669	0.1	-0.1	3.45854
13049052	670	0.1	-0.1	-2.23395
13049052	671	0.1	-0.1	0.10404
13049052	672	0.1	-0.1	-2.94271
13049052	673	0.1	-0.1	-3.69853
13049052	674	0.1	-0.1	0.732869
13049052	675	0.1	-0.1	-2.83157
13049052	676	0.1	-0.1	2.68268
13049052	677	0.1	-0.1	-5.08681
13049052	678	0.1	-0.1	5.30104
13049052	679	0.1	-0.1	3.97788
13049052	680	0.1	-0.1	-4.94448
13049052	681	0.1	-0.1	-0.461753
13049052	682	0.1	-0.1	2.5059
13049052	683	0.1	-0.1	3.22498
13049052	684	0.1	-0.1	3.79158
13049052	685	0.1	-0.1	4.50538
13049052	686	0.1	-0.1	4.11162
13049052	687	0.1	-0.1	1.93262
13049052	688	0.1	-0.1	0.121292
13049052	689	0.1	-0.1	4.77961
13049052	690	0.1	-0.1	0.955199
13049052	691	0.1	-0.1	-4.17859
13049052	692	0.1	-0.1	2.82046
13049052	693	0.1	-0.1	-2.24114
13049052	694	0.1	-0.1	-3.84938
13049052	695	0.1	-0.1	-0.468337
13049052	696	0.1	-0.1	4.69818
13049052	697	0.1	-0.1	-4.84739
13049052	698	0.1	-0.1	5.53309
13049052	699	0.1	-0.1	-2.96508
13049052	700	0.1	-0.1	-1.83535
13049052	701	0.1	-0.1	1.6089
13049052	702	0.1	-0.1	4.29326
13049052	703	0.1	-0.1	-1.28201
13049052	704	0.1	-0.1	3.52762
13049052	705	0.1	-0.1	3.94002
13049052	706	0.1	-0.1	5.97334
13049052	707	0.1	-0.1	3.69856
13049052	708	0.1	-0.1	5.52527
13049052	709	0.1	-0.1	-3.98828
13049052	710	0.1	-0.1	-4.651
13049052	711	0.1	-0.1	-1.86228
13049052	712	0.1	-0.1	-0.00468696
13049052	713	0.1	-0.1	-3.86764
13049052	714	0.1	-0.1	-4.71189
13049052	715	0.1	-0.1	-2.49259
13049052	716	0.1	-0.1	-3.50364
13049052	717	0.1	-0.1	2.50187
13049052	718	0.1	-0.1	-4.58522
13049052	719	0.1	-0.1	0.630582
13049052	720	0.1	-0.1	-2.43462
13049052	721	0.1	-0.1	-4.27163
13049052	722	0.1	-0.1	4.77369
13049052	723	0.1	-0.1	-4.46056
13049052	724	0.1	-0.1	-4.78708
13049052	725	0.1	-0.1	0.0734863
13049052	726	0.1	-0.1	-4.8274
13049052	727	0.1	-0.1	0.726251
13049052	728	0.1	-0.1	-5.40193
13049052	729	0.1	-0.1	1.02039
13049052	730	0.1	-0.1	1.87993
13049052	731	0.1	-0.1	-4.24534
13049052	732	0.1	-0.1	0.574738
13049052	733	0.1	-0.1	-2.71272
13049052	734	0.1	-0.1	2.80832
13049052	735	0.1	-0.1	-1.97738
13049052	736	0.1	-0.1	0.234061
13049052	737	0.1	-0.1	3.66095
13049052	738	0.1	-0.1	-0.944587
13049052	739	0.1	-0.1	3.77618
13049052	740	0.1	-0.1	1.9673
13049052	741	0.1	-0.1	5.74792
13049052	742	0.1	-0.1	-5.81895
13049052	743	0.1	-0.1	-1.65748
13049052	744	0.1	-0.1	-5.38241
13049052	745	0.1	-0.1	4.03419
13049052	746	0.1	-0.1	1.60914
13049052	747	0.1	-0.1	4.12959
13049052	748	0.1	-0.1	3.42689
13049052	749	0.1	-0.1	5.60038
13049052	750	0.1	-0.1	-0.713013
13049052	751	0.1	-0.1	-1.25196
13049052	752	0.1	-0.1	-0.569528
13049052	753	0.1	-0.1	-3.11485
13049052	754	0.1	-0.1	-2.54757
13049052	755	0.1	-0.1	5.40714
13049052	756	0.1	-0.1	3.91336
13049052	757	0.1	-0.1	-5.89542
13049052	758	0.1	-0.1	2.22899
13049052	759	0.1	-0.1	0.620603
13049052	760	0.1	-0.1	-3.67973
13049052	761	0.1	-0.1	-5.57641
13049052	762	0.1	-0.1	-4.08534
13049052	763	0.1	-0.1	5.04573
13049052	764	0.1	-0.1	0.682518
13049052	765	0.1	-0.1	1.62039
13049052	766	0.1	-0.1	-5.94339
13049052	767	0.1	-0.1	-2.21605
13049052	768	0.1	-0.1	4.88503
13049052	769	0.1	-0.1	-5.58579
13049052	770	0.1	-0.1	-5.59871
13049052	771	0.1	-0.1	1.51447
13049052	772	0.1	-0.1	-1.5975
13049052	773	0.1	-0.1	5.22901
13049052	774	0.1	-0.1	-3.79125
13049052	775	0.1	-0.1	1.57841
13049052	776	0.1	-0.1	-5.24501
13049052	777	0.1	-0.1	1.58599
13049052	778	0.1	-0.1	-0.85005
13049052	779	0.1	-0.1	5.49795
13049052	780	0.1	-0.1	-3.07216
13049052	781	0.1	-0.1	-4.96725
13049052	782	0.1	-0.1	-3.85689
13049052	783	0.1	-0.1	-4.37709
13049052	784	0.1	-0.1	3.25193
13049052	785	0.1	-0.1	1.31954
13049052	786	0.1	-0.1	-2.04025
13049052	787	0.1	-0.1	-3.97992
13049052	788	0.1	-0.1	-5.92195
13049052	789	0.1	-0.1	5.14993
13049052	790	0.1	-0.1	3.27924
13049052	791	0.1	-0.1	4.08436
13049052	792	0.1	-0.1	4.14299
13049052	793	0.1	-0.1	-1.00621
13049052	794	0.1	-0.1	2.24093
13049052	795	0.1	-0.1	5.12274
13049052	796	0.1	-0.1	-5.36142
13049052	797	0.1	-0.1	3.39986
13049052	798	0.1	-0.1	-1.78298
13049052	799	0.1	-0.1	-0.0732448
13049052	800	0.1	-0.1	-0.750298
13049052	801	0.1	-0.1	-2.48694
13049052	802	0.1	-0.1	4.90305
13049052	803	0.1	-0.1	2.16299
13049052	804	0.1	-0.1	-2.16491
13049052	805	0.1	-0.1	-1.85965
13049052	806	0.1	-0.1	-4.70852
13049052	807	0.1	-0.1	-1.98291
13049052	808	0.1	-0.1	2.39457
13049052	809	0.1	-0.1	-5.92947
13049052	810	0.1	-0.1	-2.13311
13049052	811	0.1	-0.1	3.15978
13049052	812	0.1	-0.1	-4.00053
13049052	813	0.1	-0.1	-4.54039
13049052	814	0.1	-0.1	-1.16074
13049052	815	0.1	-0.1	-1.30763
13049052	816	0.1	-0.1	-0.472237
13049052	817	0.1	-0.1	-3.39772
13049052	818	0.1	-0.1	1.13125
13049052	819	0.1	-0.1	-1.91954
13049052	820	0.1	-0.1	1.7341
13049052	821	0.1	-0.1	-3.35983
13049052	822	0.1	-0.1	-4.66682
13049052	823	0.1	-0.1	-2.19818
13049052	824	0.1	-0.1	5.92535
13049052	825	0.1	-0.1	-3.4104
13049052	826	0.1	-0.1	5.11259
13049052	827	0.1	-0.1	1.58536
13049052	828	0.1	-0.1	-0.894291
13049052	829	0.1	-0.1	0.362885
13049052	830	0.1	-0.1	0.70635
13049052	831	0.1	-0.1	-5.46784
13049052	832	0.1	-0.1	0.919791
13049052	833	0.1	-0.1	-5.43632
13049052	834	0.1	-0.1	5.92331
13049052	835	0.1	-0.1	-1.4271
13049052	836	0.1	-0.1	0.172036
13049052	837	0.1	-0.1	-0.892172
13049052	838	0.1	-0.1	-3.32306
13049052	839	0.1	-0.1	0.638904
13049052	840	0.1	-0.1	-2.01578
13049052	841	0.1	-0.1	4.03777
13049052	842	0.1	-0.1	4.61558
13049052	843	0.1	-0.1	3.08318
13049052	844	0.1	-0.1	1.27152
13049052	845	0.1	-0.1	5.17886
13049052	846	0.1	-0.1	1.49589
13049052	847	0.1	-0.1	-1.86339
13049052	848	0.1	-0.1	-4.94423
13049052	849	0.1	-0.1	-2.74112
13049052	850	0.1	-0.1	-4.19401
13049052	851	0.1	-0.1	1.7124
13049052	852	0.1	-0.1	0.831932
13049052	853	0.1	-0.1	-0.264996
13049052	854	0.1	-0.1	-4.56573
13049052	855	0.1	-0.1	-0.0495014
13049052	856	0.1	-0.1	-1.60959
13049052	857	0.1	-0.1	3.11014
13049052	858	0.1	-0.1	-0.951591
13049052	859	0.1	-0.1	-4.15583
13049052	860	0.1	-0.1	-4.62365
13049052	861	0.1	-0.1	-2.57255
13049052	862	0.1	-0.1	-3.42968
13049052	863	0.1	-0.1	1.55041
13049052	864	0.1	-0.1	-0.594067
13049052	865	0.1	-0.1	-2.1749
13049052	866	0.1	-0.1	0.359507
13049052	867	0.1	-0.1	0.836281
13049052	868	0.1	-0.1	0.922951
13049052	869	0.1	-0.1	-1.33884
13049052	870	0.1	-0.1	3.374
13049052	871	0.1	-0.1	-4.11913
13049052	872	0.1	-0.1	0.910242
13049052	873	0.1	-0.1	-2.53625
13049052	874	0.1	-0.1	-4.91079
13049052	875	0.1	-0.1	2.24874
13049052	876	0.1	-0.1	0.115881
13049052	877	0.1	-0.1	-3.28685
13049052	878	0.1	-0.1	-4.00982
13049052	879	0.1	-0.1	-5.85084
13049052	880	0.1	-0.1	-0.548349
13049052	881	0.1	-0.1	3.20008
13049052	882	0.1	-0.1	-2.34923
13049052	883	0.1	-0.1	4.59707
13049052	884	0.1	-0.1	-0.827917
13049052	885	0.1	-0.1	-3.34969
13049052	886	0.1	-0.1	-1.02662
13049052	887	0.1	-0.1	0.413758
13049052	888	0.1	-0.1	-3.3392
13049052	889	0.1	-0.1	2.08935
13049052	890	0.1	-0.1	-0.280873
13049052	891	0.1	-0.1	-5.84601
13049052	892	0.1	-0.1	-2.31147
13049052	893	0.1	-0.1	-4.8378
13049052	894	0.1	-0.1	5.117
13049052	895	0.1	-0.1	0.393063
13049052	896	0.1	-0.1	4.57282
13049052	897	0.1	-0.1	2.77894
13049052	898	0.1	-0.1	-5.98115
13049052	899	0.1	-0.1	5.93879
13049052	900	0.1	-0.1	5.34439
13049052	901	0.1	-0.1	-3.79065
13049052	902	0.1	-0.1	0.683933
13049052	903	0.1	-0.1	1.20417
13049052	904	0.1	-0.1	2.50416
13049052	905	0.1	-0.1	-2.69243
13049052	906	0.1	-0.1	2.19401
13049052	907	0.1	-0.1	-2.81364
13049052	908	0.1	-0.1	5.00088
13049052	909	0.1	-0.1	-5.32896
13049052	910	0.1	-0.1	-4.99574
13049052	911	0.1	-0.1	-1.38609
13049052	912	0.1	-0.1	1.22732
13049052	913	0.1	-0.1	1.17211
13049052	914	0.1	-0.1	2.25757
13049052	915	0.1	-0.1	-0.479156
13049052	916	0.1	-0.1	3.17188
13049052	917	0.1	-0.1	0.471969
13049052	918	0.1	-0.1	1.34975
13049052	919	0.1	-0.1	-5.24072
13049052	920	0.1	-0.1	2.93835
13049052	921	0.1	-0.1	-3.7185
13049052	922	0.1	-0.1	-3.57673
13049052	923	0.1	-0.1	-4.61168
13049052	924	0.1	-0.1	1.51449
13049052	925	0.1	-0.1	5.84949
13049052	926	0.1	-0.1	-3.85252
13049052	927	0.1	-0.1	-2.85787
13049052	928	0.1	-0.1	1.22628
13049052	929	0.1	-0.1	0.72952
13049052	930	0.1	-0.1	4.69719
13049052	931	0.1	-0.1	-0.328937
13049052	932	0.1	-0.1	1.77617
13049052	933	0.1	-0.1	-1.97014
13049052	934	0.1	-0.1	-0.253554
13049052	935	0.1	-0.1	3.27633
13049052	936	0.1	-0.1	-4.05734
13049052	937	0.1	-0.1	-3.5107
13049052	938	0.1	-0.1	5.4191
13049052	939	0.1	-0.1	-2.87333
13049052	940	0.1	-0.1	-0.412526
13049052	941	0.1	-0.1	-5.1429
13049052	942	0.1	-0.1	1.81189
13049052	943	0.1	-0.1	-1.95906
13049052	944	0.1	-0.1	-4.90819
13049052	945	0.1	-0.1	4.91768
13049052	946	0.1	-0.1	-3.04218
13049052	947	0.1	-0.1	-3.96924
13049052	948	0.1	-0.1	4.69502
13049052	949	0.1	-0.1	4.80187
13049052	950	0.1	-0.1	4.88842
13049052	951	0.1	-0.1	0.16966
13049052	952	0.1	-0.1	-4.50669
13049052	953	0.1	-0.1	5.88724
13049052	954	0.1	-0.1	-0.221227
13049052	955	0.1	-0.1	-2.28423
13049052	956	0.1	-0.1	-2.26393
13049052	957	0.1	-0.1	-3.1032
13049052	958	0.1	-0.1	-2.30969
13049052	959	0.1	-0.1	-1.6477
13049052	960	0.1	-0.1	-3.83729
13049052	961	0.1	-0.1	-3.63097
13049052	962	0.1	-0.1	-3.45388
13049052	963	0.1	-0.1	-5.14955
13049052	964	0.1	-0.1	3.06502
13049052	965	0.1	-0.1	0.523245
13049052	966	0.1	-0.1	-3.20564
13049052	967	0.1	-0.1	0.384379
13049052	968	0.1	-0.1	-5.56602
13049052	969	0.1	-0.1	2.25482
13049052	970	0.1	-0.1	3.03838
13049052	971	0.1	-0.1	-0.442023
13049052	972	0.1	-0.1	4.16786
13049052	973	0.1	-0.1	3.8206
13049052	974	0.1	-0.1	0.554849
13049052	975	0.1	-0.1	-4.69426
13049052	976	0.1	-0.1	-0.148813
13049052	977	0.1	-0.1	0.843528
13049052	978	0.1	-0.1	-2.8177
13049052	979	0.1	-0.1	-2.2355
13049052	980	0.1	-0.1	-3.25632
13049052	981	0.1	-0.1	1.52412
13049052	982	0.1	-0.1	-1.99081
13049052	983	0.1	-0.1	-1.34417
13049052	984	0.1	-0.1	-1.52815
13049052	985	0.1	-0.1	-5.76551
13049052	986	0.1	-0.1	3.63957
13049052	987	0.1	-0.1	-3.65471
13049052	988	0.1	-0.1	3.2575
13049052	989	0.1	-0.1	-5.37302
13049052	990	0.1	-0.1	5.47875
13049052	991	0.1	-0.1	-5.89684
13049052	992	0.1	-0.1	5.87431
13049052	993	0.1	-0.1	1.05942
13049052	994	0.1	-0.1	-5.27642
13049052	995	0.1	-0.1	-0.445941
13049052	996	0.1	-0.1	-1.3375
13049052	997	0.1	-0.1	3.25146
13049052	998	0.1	-0.1	-0.900298
13049052	999	0.1	-0.1	-4.76701
13049052	1000	0.1	-0.1	0.418824
