13043012	1	0.1	-0.1	-4.00006
13043012	2	0.1	-0.1	4.12958
13043012	3	0.1	-0.1	3.56902
13043012	4	0.1	-0.1	-2.50943
13043012	5	0.1	-0.1	-0.203478
13043012	6	0.1	-0.1	-4.8197
13043012	7	0.1	-0.1	5.53997
13043012	8	0.1	-0.1	4.03027
13043012	9	0.1	-0.1	-3.72316
13043012	10	0.1	-0.1	-2.99007
13043012	11	0.1	-0.1	-1.99548
13043012	12	0.1	-0.1	2.85232
13043012	13	0.1	-0.1	-5.13729
13043012	14	0.1	-0.1	-1.30263
13043012	15	0.1	-0.1	-2.29515
13043012	16	0.1	-0.1	-3.05617
13043012	17	0.1	-0.1	-3.29085
13043012	18	0.1	-0.1	-5.26241
13043012	19	0.1	-0.1	2.91822
13043012	20	0.1	-0.1	-1.63771
13043012	21	0.1	-0.1	-4.80541
13043012	22	0.1	-0.1	-1.19023
13043012	23	0.1	-0.1	4.64169
13043012	24	0.1	-0.1	0.204281
13043012	25	0.1	-0.1	1.99539
13043012	26	0.1	-0.1	-2.8305
13043012	27	0.1	-0.1	5.63351
13043012	28	0.1	-0.1	2.63525
13043012	29	0.1	-0.1	1.00956
13043012	30	0.1	-0.1	-1.17418
13043012	31	0.1	-0.1	0.66485
13043012	32	0.1	-0.1	-2.33349
13043012	33	0.1	-0.1	4.27339
13043012	34	0.1	-0.1	5.66064
13043012	35	0.1	-0.1	4.34001
13043012	36	0.1	-0.1	-0.732472
13043012	37	0.1	-0.1	1.36254
13043012	38	0.1	-0.1	-3.60135
13043012	39	0.1	-0.1	4.11523
13043012	40	0.1	-0.1	-4.05068
13043012	41	0.1	-0.1	-5.43978
13043012	42	0.1	-0.1	3.55904
13043012	43	0.1	-0.1	5.67984
13043012	44	0.1	-0.1	5.48871
13043012	45	0.1	-0.1	-1.44962
13043012	46	0.1	-0.1	2.12352
13043012	47	0.1	-0.1	-0.877577
13043012	48	0.1	-0.1	0.563986
13043012	49	0.1	-0.1	0.672666
13043012	50	0.1	-0.1	-4.38028
13043012	51	0.1	-0.1	3.51043
13043012	52	0.1	-0.1	5.09254
13043012	53	0.1	-0.1	-3.40681
13043012	54	0.1	-0.1	-0.134671
13043012	55	0.1	-0.1	2.11228
13043012	56	0.1	-0.1	1.0624
13043012	57	0.1	-0.1	5.54452
13043012	58	0.1	-0.1	-0.00194647
13043012	59	0.1	-0.1	-2.08506
13043012	60	0.1	-0.1	2.17943
13043012	61	0.1	-0.1	0.321461
13043012	62	0.1	-0.1	-3.43726
13043012	63	0.1	-0.1	5.03057
13043012	64	0.1	-0.1	0.381357
13043012	65	0.1	-0.1	-4.4215
13043012	66	0.1	-0.1	-2.91422
13043012	67	0.1	-0.1	3.10509
13043012	68	0.1	-0.1	-3.93094
13043012	69	0.1	-0.1	-0.51312
13043012	70	0.1	-0.1	2.44174
13043012	71	0.1	-0.1	-4.8006
13043012	72	0.1	-0.1	0.0980514
13043012	73	0.1	-0.1	-1.42955
13043012	74	0.1	-0.1	-2.40482
13043012	75	0.1	-0.1	4.42295
13043012	76	0.1	-0.1	-4.7375
13043012	77	0.1	-0.1	-1.30348
13043012	78	0.1	-0.1	-0.421495
13043012	79	0.1	-0.1	4.53639
13043012	80	0.1	-0.1	-5.72276
13043012	81	0.1	-0.1	-0.95472
13043012	82	0.1	-0.1	5.74318
13043012	83	0.1	-0.1	-3.79978
13043012	84	0.1	-0.1	0.556243
13043012	85	0.1	-0.1	-2.06056
13043012	86	0.1	-0.1	1.27919
13043012	87	0.1	-0.1	-1.51465
13043012	88	0.1	-0.1	4.87836
13043012	89	0.1	-0.1	1.83522
13043012	90	0.1	-0.1	-1.94611
13043012	91	0.1	-0.1	-0.682724
13043012	92	0.1	-0.1	-3.07288
13043012	93	0.1	-0.1	-4.62892
13043012	94	0.1	-0.1	3.08539
13043012	95	0.1	-0.1	-1.25969
13043012	96	0.1	-0.1	-5.9069
13043012	97	0.1	-0.1	-1.96952
13043012	98	0.1	-0.1	-0.400595
13043012	99	0.1	-0.1	2.35035
13043012	100	0.1	-0.1	-3.72454
13043012	101	0.1	-0.1	0.371918
13043012	102	0.1	-0.1	1.81217
13043012	103	0.1	-0.1	5.90108
13043012	104	0.1	-0.1	2.02044
13043012	105	0.1	-0.1	-3.31644
13043012	106	0.1	-0.1	-5.91149
13043012	107	0.1	-0.1	0.0705087
13043012	108	0.1	-0.1	1.56822
13043012	109	0.1	-0.1	-0.183837
13043012	110	0.1	-0.1	1.37796
13043012	111	0.1	-0.1	-0.594962
13043012	112	0.1	-0.1	-1.55735
13043012	113	0.1	-0.1	-5.15385
13043012	114	0.1	-0.1	-4.44732
13043012	115	0.1	-0.1	0.552507
13043012	116	0.1	-0.1	-3.9033
13043012	117	0.1	-0.1	2.89739
13043012	118	0.1	-0.1	1.67404
13043012	119	0.1	-0.1	2.55798
13043012	120	0.1	-0.1	0.380255
13043012	121	0.1	-0.1	-4.49218
13043012	122	0.1	-0.1	-3.16772
13043012	123	0.1	-0.1	-3.08597
13043012	124	0.1	-0.1	2.90426
13043012	125	0.1	-0.1	-4.46781
13043012	126	0.1	-0.1	-4.26805
13043012	127	0.1	-0.1	1.05617
13043012	128	0.1	-0.1	5.67302
13043012	129	0.1	-0.1	0.619122
13043012	130	0.1	-0.1	-3.29548
13043012	131	0.1	-0.1	-1.86439
13043012	132	0.1	-0.1	2.41093
13043012	133	0.1	-0.1	-0.916763
13043012	134	0.1	-0.1	5.87281
13043012	135	0.1	-0.1	3.11507
13043012	136	0.1	-0.1	-2.6907
13043012	137	0.1	-0.1	-3.6081
13043012	138	0.1	-0.1	0.347276
13043012	139	0.1	-0.1	-1.97469
13043012	140	0.1	-0.1	4.40582
13043012	141	0.1	-0.1	-4.28133
13043012	142	0.1	-0.1	-3.45778
13043012	143	0.1	-0.1	0.803109
13043012	144	0.1	-0.1	-4.87434
13043012	145	0.1	-0.1	5.55352
13043012	146	0.1	-0.1	-0.0522082
13043012	147	0.1	-0.1	5.8733
13043012	148	0.1	-0.1	2.9678
13043012	149	0.1	-0.1	5.7912
13043012	150	0.1	-0.1	4.24481
13043012	151	0.1	-0.1	4.51268
13043012	152	0.1	-0.1	4.24753
13043012	153	0.1	-0.1	4.44921
13043012	154	0.1	-0.1	4.31386
13043012	155	0.1	-0.1	-3.65232
13043012	156	0.1	-0.1	-1.31717
13043012	157	0.1	-0.1	3.6833
13043012	158	0.1	-0.1	-1.2711
13043012	159	0.1	-0.1	5.62796
13043012	160	0.1	-0.1	-0.777539
13043012	161	0.1	-0.1	4.74427
13043012	162	0.1	-0.1	3.83407
13043012	163	0.1	-0.1	2.85418
13043012	164	0.1	-0.1	-3.5823
13043012	165	0.1	-0.1	4.05842
13043012	166	0.1	-0.1	3.90936
13043012	167	0.1	-0.1	3.65603
13043012	168	0.1	-0.1	-0.1178
13043012	169	0.1	-0.1	2.05321
13043012	170	0.1	-0.1	-1.74562
13043012	171	0.1	-0.1	-1.73496
13043012	172	0.1	-0.1	-0.0125196
13043012	173	0.1	-0.1	-3.49237
13043012	174	0.1	-0.1	5.73273
13043012	175	0.1	-0.1	1.13906
13043012	176	0.1	-0.1	0.810379
13043012	177	0.1	-0.1	-5.77215
13043012	178	0.1	-0.1	-4.51775
13043012	179	0.1	-0.1	-4.21187
13043012	180	0.1	-0.1	-2.89056
13043012	181	0.1	-0.1	2.22852
13043012	182	0.1	-0.1	1.36811
13043012	183	0.1	-0.1	1.7552
13043012	184	0.1	-0.1	5.1035
13043012	185	0.1	-0.1	-5.09462
13043012	186	0.1	-0.1	1.10234
13043012	187	0.1	-0.1	3.98941
13043012	188	0.1	-0.1	3.99073
13043012	189	0.1	-0.1	5.19582
13043012	190	0.1	-0.1	-1.14027
13043012	191	0.1	-0.1	-4.87269
13043012	192	0.1	-0.1	5.39624
13043012	193	0.1	-0.1	-1.63727
13043012	194	0.1	-0.1	-2.94123
13043012	195	0.1	-0.1	-0.0682068
13043012	196	0.1	-0.1	-4.0152
13043012	197	0.1	-0.1	-5.49004
13043012	198	0.1	-0.1	-4.91281
13043012	199	0.1	-0.1	0.058583
13043012	200	0.1	-0.1	5.65805
13043012	201	0.1	-0.1	-5.01056
13043012	202	0.1	-0.1	1.18124
13043012	203	0.1	-0.1	-2.54885
13043012	204	0.1	-0.1	4.22639
13043012	205	0.1	-0.1	3.24708
13043012	206	0.1	-0.1	2.70099
13043012	207	0.1	-0.1	0.477313
13043012	208	0.1	-0.1	3.04126
13043012	209	0.1	-0.1	5.42399
13043012	210	0.1	-0.1	1.3638
13043012	211	0.1	-0.1	-5.93703
13043012	212	0.1	-0.1	2.0602
13043012	213	0.1	-0.1	1.45076
13043012	214	0.1	-0.1	-5.66964
13043012	215	0.1	-0.1	-1.14252
13043012	216	0.1	-0.1	-3.19027
13043012	217	0.1	-0.1	-3.37641
13043012	218	0.1	-0.1	-5.88098
13043012	219	0.1	-0.1	-5.20602
13043012	220	0.1	-0.1	2.76091
13043012	221	0.1	-0.1	-5.82486
13043012	222	0.1	-0.1	5.94713
13043012	223	0.1	-0.1	-5.86671
13043012	224	0.1	-0.1	-1.65362
13043012	225	0.1	-0.1	-0.659162
13043012	226	0.1	-0.1	0.58577
13043012	227	0.1	-0.1	-3.7353
13043012	228	0.1	-0.1	5.05816
13043012	229	0.1	-0.1	-3.5092
13043012	230	0.1	-0.1	-0.6468
13043012	231	0.1	-0.1	3.17291
13043012	232	0.1	-0.1	2.88213
13043012	233	0.1	-0.1	3.57481
13043012	234	0.1	-0.1	-0.799114
13043012	235	0.1	-0.1	1.5444
13043012	236	0.1	-0.1	5.34828
13043012	237	0.1	-0.1	-2.27809
13043012	238	0.1	-0.1	5.51979
13043012	239	0.1	-0.1	-3.80557
13043012	240	0.1	-0.1	5.97201
13043012	241	0.1	-0.1	-2.40171
13043012	242	0.1	-0.1	3.87125
13043012	243	0.1	-0.1	-4.83119
13043012	244	0.1	-0.1	3.1939
13043012	245	0.1	-0.1	-5.91098
13043012	246	0.1	-0.1	3.42032
13043012	247	0.1	-0.1	-5.92203
13043012	248	0.1	-0.1	5.54795
13043012	249	0.1	-0.1	2.09462
13043012	250	0.1	-0.1	-2.18419
13043012	251	0.1	-0.1	2.82999
13043012	252	0.1	-0.1	2.4856
13043012	253	0.1	-0.1	-1.69003
13043012	254	0.1	-0.1	1.81504
13043012	255	0.1	-0.1	-4.43014
13043012	256	0.1	-0.1	2.43074
13043012	257	0.1	-0.1	2.186
13043012	258	0.1	-0.1	1.74294
13043012	259	0.1	-0.1	3.01707
13043012	260	0.1	-0.1	1.90501
13043012	261	0.1	-0.1	2.74291
13043012	262	0.1	-0.1	-2.16452
13043012	263	0.1	-0.1	5.76789
13043012	264	0.1	-0.1	-2.43945
13043012	265	0.1	-0.1	4.82006
13043012	266	0.1	-0.1	0.066514
13043012	267	0.1	-0.1	-4.36537
13043012	268	0.1	-0.1	-5.91132
13043012	269	0.1	-0.1	-3.02964
13043012	270	0.1	-0.1	-4.46611
13043012	271	0.1	-0.1	-3.82708
13043012	272	0.1	-0.1	-1.69976
13043012	273	0.1	-0.1	-1.7541
13043012	274	0.1	-0.1	-5.95377
13043012	275	0.1	-0.1	2.13753
13043012	276	0.1	-0.1	-5.23569
13043012	277	0.1	-0.1	-3.90899
13043012	278	0.1	-0.1	0.36156
13043012	279	0.1	-0.1	-4.06054
13043012	280	0.1	-0.1	-0.407251
13043012	281	0.1	-0.1	1.20631
13043012	282	0.1	-0.1	-1.34603
13043012	283	0.1	-0.1	2.65265
13043012	284	0.1	-0.1	5.88031
13043012	285	0.1	-0.1	-2.40161
13043012	286	0.1	-0.1	2.18869
13043012	287	0.1	-0.1	3.09352
13043012	288	0.1	-0.1	-3.1039
13043012	289	0.1	-0.1	-4.87894
13043012	290	0.1	-0.1	-4.36339
13043012	291	0.1	-0.1	4.19137
13043012	292	0.1	-0.1	0.704524
13043012	293	0.1	-0.1	5.91608
13043012	294	0.1	-0.1	-0.894943
13043012	295	0.1	-0.1	-4.53891
13043012	296	0.1	-0.1	1.10483
13043012	297	0.1	-0.1	-4.07007
13043012	298	0.1	-0.1	2.81708
13043012	299	0.1	-0.1	-2.23087
13043012	300	0.1	-0.1	-0.455248
13043012	301	0.1	-0.1	3.2967
13043012	302	0.1	-0.1	-4.45795
13043012	303	0.1	-0.1	-1.71082
13043012	304	0.1	-0.1	0.888372
13043012	305	0.1	-0.1	-0.357482
13043012	306	0.1	-0.1	4.07886
13043012	307	0.1	-0.1	3.03102
13043012	308	0.1	-0.1	0.818519
13043012	309	0.1	-0.1	-2.85243
13043012	310	0.1	-0.1	1.80351
13043012	311	0.1	-0.1	-3.14904
13043012	312	0.1	-0.1	2.82426
13043012	313	0.1	-0.1	-4.34066
13043012	314	0.1	-0.1	-4.69662
13043012	315	0.1	-0.1	-0.79158
13043012	316	0.1	-0.1	-0.219308
13043012	317	0.1	-0.1	0.294126
13043012	318	0.1	-0.1	-3.40916
13043012	319	0.1	-0.1	-3.8251
13043012	320	0.1	-0.1	-2.64185
13043012	321	0.1	-0.1	2.79307
13043012	322	0.1	-0.1	1.40309
13043012	323	0.1	-0.1	0.666259
13043012	324	0.1	-0.1	-1.11104
13043012	325	0.1	-0.1	-5.25249
13043012	326	0.1	-0.1	-5.71452
13043012	327	0.1	-0.1	-2.84779
13043012	328	0.1	-0.1	1.92207
13043012	329	0.1	-0.1	-5.48743
13043012	330	0.1	-0.1	5.56462
13043012	331	0.1	-0.1	-4.34706
13043012	332	0.1	-0.1	-3.99448
13043012	333	0.1	-0.1	2.53636
13043012	334	0.1	-0.1	0.518748
13043012	335	0.1	-0.1	4.72661
13043012	336	0.1	-0.1	-1.83297
13043012	337	0.1	-0.1	3.89331
13043012	338	0.1	-0.1	-3.55878
13043012	339	0.1	-0.1	2.3215
13043012	340	0.1	-0.1	-5.69884
13043012	341	0.1	-0.1	2.58844
13043012	342	0.1	-0.1	2.5302
13043012	343	0.1	-0.1	-1.74316
13043012	344	0.1	-0.1	-2.7752
13043012	345	0.1	-0.1	1.90042
13043012	346	0.1	-0.1	2.83214
13043012	347	0.1	-0.1	-5.95666
13043012	348	0.1	-0.1	0.261143
13043012	349	0.1	-0.1	3.73611
13043012	350	0.1	-0.1	1.93631
13043012	351	0.1	-0.1	5.19147
13043012	352	0.1	-0.1	-5.07271
13043012	353	0.1	-0.1	-2.73178
13043012	354	0.1	-0.1	-3.04425
13043012	355	0.1	-0.1	3.11545
13043012	356	0.1	-0.1	2.65869
13043012	357	0.1	-0.1	0.075062
13043012	358	0.1	-0.1	3.10305
13043012	359	0.1	-0.1	2.8775
13043012	360	0.1	-0.1	-2.75125
13043012	361	0.1	-0.1	-5.46246
13043012	362	0.1	-0.1	-4.10165
13043012	363	0.1	-0.1	0.62432
13043012	364	0.1	-0.1	-2.45734
13043012	365	0.1	-0.1	3.41866
13043012	366	0.1	-0.1	5.47239
13043012	367	0.1	-0.1	-4.63234
13043012	368	0.1	-0.1	-4.3847
13043012	369	0.1	-0.1	1.29655
13043012	370	0.1	-0.1	-0.384335
13043012	371	0.1	-0.1	2.17814
13043012	372	0.1	-0.1	-1.14799
13043012	373	0.1	-0.1	-2.57971
13043012	374	0.1	-0.1	3.83887
13043012	375	0.1	-0.1	0.378559
13043012	376	0.1	-0.1	-5.83534
13043012	377	0.1	-0.1	-5.06452
13043012	378	0.1	-0.1	3.56065
13043012	379	0.1	-0.1	0.860948
13043012	380	0.1	-0.1	-1.16508
13043012	381	0.1	-0.1	-2.52882
13043012	382	0.1	-0.1	-4.27194
13043012	383	0.1	-0.1	-0.328543
13043012	384	0.1	-0.1	-5.29208
13043012	385	0.1	-0.1	-1.89594
13043012	386	0.1	-0.1	-0.410053
13043012	387	0.1	-0.1	1.27251
13043012	388	0.1	-0.1	-1.13753
13043012	389	0.1	-0.1	-5.86279
13043012	390	0.1	-0.1	4.66046
13043012	391	0.1	-0.1	2.0263
13043012	392	0.1	-0.1	-0.374258
13043012	393	0.1	-0.1	5.00667
13043012	394	0.1	-0.1	3.53028
13043012	395	0.1	-0.1	2.155
13043012	396	0.1	-0.1	1.20319
13043012	397	0.1	-0.1	-1.86159
13043012	398	0.1	-0.1	5.84354
13043012	399	0.1	-0.1	-1.5184
13043012	400	0.1	-0.1	-1.44513
13043012	401	0.1	-0.1	-1.97578
13043012	402	0.1	-0.1	-5.21721
13043012	403	0.1	-0.1	-4.89391
13043012	404	0.1	-0.1	-4.86578
13043012	405	0.1	-0.1	4.95696
13043012	406	0.1	-0.1	4.47003
13043012	407	0.1	-0.1	-3.31181
13043012	408	0.1	-0.1	3.19305
13043012	409	0.1	-0.1	2.1787
13043012	410	0.1	-0.1	-0.556029
13043012	411	0.1	-0.1	-5.70404
13043012	412	0.1	-0.1	-5.11713
13043012	413	0.1	-0.1	-1.71453
13043012	414	0.1	-0.1	4.04525
13043012	415	0.1	-0.1	0.0854646
13043012	416	0.1	-0.1	0.665183
13043012	417	0.1	-0.1	-0.498723
13043012	418	0.1	-0.1	-5.40531
13043012	419	0.1	-0.1	-4.33114
13043012	420	0.1	-0.1	5.99867
13043012	421	0.1	-0.1	-5.97815
13043012	422	0.1	-0.1	-1.55854
13043012	423	0.1	-0.1	-1.66404
13043012	424	0.1	-0.1	5.65512
13043012	425	0.1	-0.1	3.34072
13043012	426	0.1	-0.1	5.62372
13043012	427	0.1	-0.1	5.9669
13043012	428	0.1	-0.1	0.790902
13043012	429	0.1	-0.1	1.34541
13043012	430	0.1	-0.1	-4.82732
13043012	431	0.1	-0.1	0.89305
13043012	432	0.1	-0.1	1.79784
13043012	433	0.1	-0.1	5.58521
13043012	434	0.1	-0.1	1.99735
13043012	435	0.1	-0.1	-0.0662871
13043012	436	0.1	-0.1	-4.02915
13043012	437	0.1	-0.1	2.12382
13043012	438	0.1	-0.1	-5.00452
13043012	439	0.1	-0.1	4.17012
13043012	440	0.1	-0.1	-4.6742
13043012	441	0.1	-0.1	5.42198
13043012	442	0.1	-0.1	0.811509
13043012	443	0.1	-0.1	5.05748
13043012	444	0.1	-0.1	-3.1002
13043012	445	0.1	-0.1	0.0968555
13043012	446	0.1	-0.1	2.18915
13043012	447	0.1	-0.1	2.71261
13043012	448	0.1	-0.1	3.72656
13043012	449	0.1	-0.1	-4.087
13043012	450	0.1	-0.1	-5.83065
13043012	451	0.1	-0.1	2.26647
13043012	452	0.1	-0.1	2.23165
13043012	453	0.1	-0.1	-4.80717
13043012	454	0.1	-0.1	-5.54625
13043012	455	0.1	-0.1	1.84276
13043012	456	0.1	-0.1	3.07244
13043012	457	0.1	-0.1	-1.93388
13043012	458	0.1	-0.1	-5.65375
13043012	459	0.1	-0.1	3.44392
13043012	460	0.1	-0.1	4.73223
13043012	461	0.1	-0.1	5.58832
13043012	462	0.1	-0.1	-2.33474
13043012	463	0.1	-0.1	0.130466
13043012	464	0.1	-0.1	0.460545
13043012	465	0.1	-0.1	4.48061
13043012	466	0.1	-0.1	2.74511
13043012	467	0.1	-0.1	-2.7183
13043012	468	0.1	-0.1	3.98343
13043012	469	0.1	-0.1	-1.03709
13043012	470	0.1	-0.1	-5.35713
13043012	471	0.1	-0.1	1.89642
13043012	472	0.1	-0.1	0.416746
13043012	473	0.1	-0.1	0.885521
13043012	474	0.1	-0.1	-4.44455
13043012	475	0.1	-0.1	2.33002
13043012	476	0.1	-0.1	-0.0885409
13043012	477	0.1	-0.1	-3.75239
13043012	478	0.1	-0.1	5.26324
13043012	479	0.1	-0.1	2.94562
13043012	480	0.1	-0.1	-0.188155
13043012	481	0.1	-0.1	0.841315
13043012	482	0.1	-0.1	1.22004
13043012	483	0.1	-0.1	-4.27666
13043012	484	0.1	-0.1	-5.54419
13043012	485	0.1	-0.1	-3.18031
13043012	486	0.1	-0.1	-4.72102
13043012	487	0.1	-0.1	-4.27776
13043012	488	0.1	-0.1	5.06309
13043012	489	0.1	-0.1	-4.41705
13043012	490	0.1	-0.1	-5.53208
13043012	491	0.1	-0.1	-5.52373
13043012	492	0.1	-0.1	-4.18194
13043012	493	0.1	-0.1	-2.65895
13043012	494	0.1	-0.1	-5.11939
13043012	495	0.1	-0.1	-5.35535
13043012	496	0.1	-0.1	-3.72611
13043012	497	0.1	-0.1	-5.55701
13043012	498	0.1	-0.1	3.56516
13043012	499	0.1	-0.1	1.18631
13043012	500	0.1	-0.1	-3.23667
13043012	501	0.1	-0.1	3.1553
13043012	502	0.1	-0.1	5.18772
13043012	503	0.1	-0.1	-0.557796
13043012	504	0.1	-0.1	-1.58647
13043012	505	0.1	-0.1	3.35285
13043012	506	0.1	-0.1	-2.33698
13043012	507	0.1	-0.1	-2.73246
13043012	508	0.1	-0.1	-0.505746
13043012	509	0.1	-0.1	2.6553
13043012	510	0.1	-0.1	1.4396
13043012	511	0.1	-0.1	-3.05822
13043012	512	0.1	-0.1	3.01928
13043012	513	0.1	-0.1	-0.909799
13043012	514	0.1	-0.1	0.635854
13043012	515	0.1	-0.1	-5.18471
13043012	516	0.1	-0.1	-3.74084
13043012	517	0.1	-0.1	3.28458
13043012	518	0.1	-0.1	-1.08495
13043012	519	0.1	-0.1	-4.93771
13043012	520	0.1	-0.1	-2.14226
13043012	521	0.1	-0.1	-3.18271
13043012	522	0.1	-0.1	-1.96118
13043012	523	0.1	-0.1	4.94305
13043012	524	0.1	-0.1	-4.74216
13043012	525	0.1	-0.1	-3.12745
13043012	526	0.1	-0.1	-3.36951
13043012	527	0.1	-0.1	-4.68598
13043012	528	0.1	-0.1	-1.00144
13043012	529	0.1	-0.1	-3.2932
13043012	530	0.1	-0.1	-5.32885
13043012	531	0.1	-0.1	-4.80669
13043012	532	0.1	-0.1	4.58696
13043012	533	0.1	-0.1	3.53231
13043012	534	0.1	-0.1	4.16513
13043012	535	0.1	-0.1	2.6867
13043012	536	0.1	-0.1	4.22519
13043012	537	0.1	-0.1	3.59844
13043012	538	0.1	-0.1	-2.58702
13043012	539	0.1	-0.1	3.16247
13043012	540	0.1	-0.1	4.12474
13043012	541	0.1	-0.1	-2.75303
13043012	542	0.1	-0.1	-2.47998
13043012	543	0.1	-0.1	-0.688507
13043012	544	0.1	-0.1	-3.55009
13043012	545	0.1	-0.1	-3.3633
13043012	546	0.1	-0.1	5.61438
13043012	547	0.1	-0.1	-0.0269809
13043012	548	0.1	-0.1	-3.38725
13043012	549	0.1	-0.1	-3.12962
13043012	550	0.1	-0.1	-0.948665
13043012	551	0.1	-0.1	2.86488
13043012	552	0.1	-0.1	5.20283
13043012	553	0.1	-0.1	3.22645
13043012	554	0.1	-0.1	3.08782
13043012	555	0.1	-0.1	-3.15159
13043012	556	0.1	-0.1	5.43027
13043012	557	0.1	-0.1	3.6479
13043012	558	0.1	-0.1	2.54688
13043012	559	0.1	-0.1	3.30771
13043012	560	0.1	-0.1	3.9008
13043012	561	0.1	-0.1	4.02293
13043012	562	0.1	-0.1	-3.9744
13043012	563	0.1	-0.1	1.02016
13043012	564	0.1	-0.1	-0.961986
13043012	565	0.1	-0.1	4.379
13043012	566	0.1	-0.1	-1.21249
13043012	567	0.1	-0.1	-1.07867
13043012	568	0.1	-0.1	-4.59293
13043012	569	0.1	-0.1	3.70249
13043012	570	0.1	-0.1	2.40283
13043012	571	0.1	-0.1	2.34079
13043012	572	0.1	-0.1	3.1255
13043012	573	0.1	-0.1	-2.21186
13043012	574	0.1	-0.1	3.78331
13043012	575	0.1	-0.1	2.19559
13043012	576	0.1	-0.1	-2.67999
13043012	577	0.1	-0.1	-4.39637
13043012	578	0.1	-0.1	1.16482
13043012	579	0.1	-0.1	-2.04865
13043012	580	0.1	-0.1	2.22252
13043012	581	0.1	-0.1	5.00159
13043012	582	0.1	-0.1	1.51009
13043012	583	0.1	-0.1	0.240483
13043012	584	0.1	-0.1	-2.70125
13043012	585	0.1	-0.1	-1.18094
13043012	586	0.1	-0.1	-2.01319
13043012	587	0.1	-0.1	-5.40509
13043012	588	0.1	-0.1	-1.94119
13043012	589	0.1	-0.1	-2.20691
13043012	590	0.1	-0.1	-5.14275
13043012	591	0.1	-0.1	-2.39204
13043012	592	0.1	-0.1	5.50638
13043012	593	0.1	-0.1	-0.296309
13043012	594	0.1	-0.1	4.63387
13043012	595	0.1	-0.1	-3.44556
13043012	596	0.1	-0.1	2.58185
13043012	597	0.1	-0.1	1.48283
13043012	598	0.1	-0.1	-2.87283
13043012	599	0.1	-0.1	2.43694
13043012	600	0.1	-0.1	0.695294
13043012	601	0.1	-0.1	-3.84998
13043012	602	0.1	-0.1	5.86745
13043012	603	0.1	-0.1	-3.677
13043012	604	0.1	-0.1	-3.93641
13043012	605	0.1	-0.1	-5.24864
13043012	606	0.1	-0.1	-4.21527
13043012	607	0.1	-0.1	-4.9384
13043012	608	0.1	-0.1	4.42449
13043012	609	0.1	-0.1	-2.90929
13043012	610	0.1	-0.1	-2.75329
13043012	611	0.1	-0.1	-4.72848
13043012	612	0.1	-0.1	3.77628
13043012	613	0.1	-0.1	2.20061
13043012	614	0.1	-0.1	5.98533
13043012	615	0.1	-0.1	3.84697
13043012	616	0.1	-0.1	4.1992
13043012	617	0.1	-0.1	2.94215
13043012	618	0.1	-0.1	-1.76511
13043012	619	0.1	-0.1	-5.69668
13043012	620	0.1	-0.1	2.98438
13043012	621	0.1	-0.1	-4.38902
13043012	622	0.1	-0.1	5.24318
13043012	623	0.1	-0.1	-2.1872
13043012	624	0.1	-0.1	3.99406
13043012	625	0.1	-0.1	-3.0034
13043012	626	0.1	-0.1	-1.94118
13043012	627	0.1	-0.1	-1.24919
13043012	628	0.1	-0.1	-2.93326
13043012	629	0.1	-0.1	1.03838
13043012	630	0.1	-0.1	3.14925
13043012	631	0.1	-0.1	-1.8742
13043012	632	0.1	-0.1	-3.36918
13043012	633	0.1	-0.1	-4.17099
13043012	634	0.1	-0.1	-4.36727
13043012	635	0.1	-0.1	-4.07306
13043012	636	0.1	-0.1	3.10301
13043012	637	0.1	-0.1	-1.1923
13043012	638	0.1	-0.1	-5.37577
13043012	639	0.1	-0.1	-4.50933
13043012	640	0.1	-0.1	3.96261
13043012	641	0.1	-0.1	-5.88979
13043012	642	0.1	-0.1	-0.94755
13043012	643	0.1	-0.1	3.72744
13043012	644	0.1	-0.1	4.96443
13043012	645	0.1	-0.1	5.94334
13043012	646	0.1	-0.1	0.694601
13043012	647	0.1	-0.1	4.20187
13043012	648	0.1	-0.1	0.225122
13043012	649	0.1	-0.1	0.141886
13043012	650	0.1	-0.1	1.10832
13043012	651	0.1	-0.1	4.30891
13043012	652	0.1	-0.1	0.080232
13043012	653	0.1	-0.1	1.90755
13043012	654	0.1	-0.1	4.90454
13043012	655	0.1	-0.1	-5.14462
13043012	656	0.1	-0.1	5.50379
13043012	657	0.1	-0.1	-4.20361
13043012	658	0.1	-0.1	-1.5828
13043012	659	0.1	-0.1	-0.654282
13043012	660	0.1	-0.1	-2.29844
13043012	661	0.1	-0.1	4.37022
13043012	662	0.1	-0.1	-0.0933079
13043012	663	0.1	-0.1	-2.70459
13043012	664	0.1	-0.1	-3.6392
13043012	665	0.1	-0.1	3.45855
13043012	666	0.1	-0.1	-1.13128
13043012	667	0.1	-0.1	0.809879
13043012	668	0.1	-0.1	-3.31657
13043012	669	0.1	-0.1	-2.05191
13043012	670	0.1	-0.1	-0.633559
13043012	671	0.1	-0.1	-1.8963
13043012	672	0.1	-0.1	2.37359
13043012	673	0.1	-0.1	-3.00413
13043012	674	0.1	-0.1	-3.112
13043012	675	0.1	-0.1	-2.19311
13043012	676	0.1	-0.1	2.19664
13043012	677	0.1	-0.1	-2.94965
13043012	678	0.1	-0.1	-5.22403
13043012	679	0.1	-0.1	0.83606
13043012	680	0.1	-0.1	-3.38145
13043012	681	0.1	-0.1	1.81018
13043012	682	0.1	-0.1	-0.960425
13043012	683	0.1	-0.1	-2.57247
13043012	684	0.1	-0.1	0.847517
13043012	685	0.1	-0.1	-3.19049
13043012	686	0.1	-0.1	-2.48842
13043012	687	0.1	-0.1	-0.384792
13043012	688	0.1	-0.1	-1.13233
13043012	689	0.1	-0.1	1.62141
13043012	690	0.1	-0.1	0.9245
13043012	691	0.1	-0.1	1.35486
13043012	692	0.1	-0.1	-2.9716
13043012	693	0.1	-0.1	2.15237
13043012	694	0.1	-0.1	3.54162
13043012	695	0.1	-0.1	-1.39613
13043012	696	0.1	-0.1	-4.24565
13043012	697	0.1	-0.1	-5.06887
13043012	698	0.1	-0.1	1.79619
13043012	699	0.1	-0.1	-2.61645
13043012	700	0.1	-0.1	2.4193
13043012	701	0.1	-0.1	-5.23958
13043012	702	0.1	-0.1	1.18532
13043012	703	0.1	-0.1	3.01813
13043012	704	0.1	-0.1	-3.55509
13043012	705	0.1	-0.1	2.28242
13043012	706	0.1	-0.1	-1.44189
13043012	707	0.1	-0.1	5.65359
13043012	708	0.1	-0.1	-3.36237
13043012	709	0.1	-0.1	-0.154191
13043012	710	0.1	-0.1	4.41008
13043012	711	0.1	-0.1	-1.46009
13043012	712	0.1	-0.1	-0.705204
13043012	713	0.1	-0.1	0.648795
13043012	714	0.1	-0.1	-0.0574241
13043012	715	0.1	-0.1	3.22306
13043012	716	0.1	-0.1	-4.44149
13043012	717	0.1	-0.1	-4.06
13043012	718	0.1	-0.1	0.217028
13043012	719	0.1	-0.1	-4.30242
13043012	720	0.1	-0.1	-3.05662
13043012	721	0.1	-0.1	-0.967474
13043012	722	0.1	-0.1	-2.40591
13043012	723	0.1	-0.1	3.26844
13043012	724	0.1	-0.1	-4.97379
13043012	725	0.1	-0.1	5.90692
13043012	726	0.1	-0.1	0.916775
13043012	727	0.1	-0.1	0.486617
13043012	728	0.1	-0.1	0.827322
13043012	729	0.1	-0.1	0.121417
13043012	730	0.1	-0.1	-2.29179
13043012	731	0.1	-0.1	-1.15036
13043012	732	0.1	-0.1	3.017
13043012	733	0.1	-0.1	-2.27339
13043012	734	0.1	-0.1	-2.08766
13043012	735	0.1	-0.1	-2.46083
13043012	736	0.1	-0.1	-2.39855
13043012	737	0.1	-0.1	0.892907
13043012	738	0.1	-0.1	-2.35725
13043012	739	0.1	-0.1	-0.0304294
13043012	740	0.1	-0.1	-4.9241
13043012	741	0.1	-0.1	2.2647
13043012	742	0.1	-0.1	-3.05941
13043012	743	0.1	-0.1	-5.70922
13043012	744	0.1	-0.1	-5.31712
13043012	745	0.1	-0.1	4.76433
13043012	746	0.1	-0.1	-0.695128
13043012	747	0.1	-0.1	2.67263
13043012	748	0.1	-0.1	-2.64304
13043012	749	0.1	-0.1	5.18688
13043012	750	0.1	-0.1	-4.08672
13043012	751	0.1	-0.1	-2.15713
13043012	752	0.1	-0.1	-4.58611
13043012	753	0.1	-0.1	-4.99996
13043012	754	0.1	-0.1	-0.0458258
13043012	755	0.1	-0.1	2.57419
13043012	756	0.1	-0.1	5.79957
13043012	757	0.1	-0.1	-3.86412
13043012	758	0.1	-0.1	-1.54709
13043012	759	0.1	-0.1	1.94864
13043012	760	0.1	-0.1	3.31784
13043012	761	0.1	-0.1	-5.08695
13043012	762	0.1	-0.1	3.91004
13043012	763	0.1	-0.1	-1.01819
13043012	764	0.1	-0.1	-4.6843
13043012	765	0.1	-0.1	-4.48938
13043012	766	0.1	-0.1	3.57374
13043012	767	0.1	-0.1	4.99524
13043012	768	0.1	-0.1	-0.0276174
13043012	769	0.1	-0.1	-0.43336
13043012	770	0.1	-0.1	1.34652
13043012	771	0.1	-0.1	-4.18125
13043012	772	0.1	-0.1	-5.22534
13043012	773	0.1	-0.1	0.993381
13043012	774	0.1	-0.1	1.75074
13043012	775	0.1	-0.1	5.72011
13043012	776	0.1	-0.1	5.01182
13043012	777	0.1	-0.1	-4.24661
13043012	778	0.1	-0.1	-0.0901456
13043012	779	0.1	-0.1	2.0924
13043012	780	0.1	-0.1	-3.70195
13043012	781	0.1	-0.1	0.574181
13043012	782	0.1	-0.1	-4.82418
13043012	783	0.1	-0.1	2.22397
13043012	784	0.1	-0.1	-4.88507
13043012	785	0.1	-0.1	-2.85263
13043012	786	0.1	-0.1	-1.04708
13043012	787	0.1	-0.1	-4.79393
13043012	788	0.1	-0.1	5.13786
13043012	789	0.1	-0.1	-4.09174
13043012	790	0.1	-0.1	2.47377
13043012	791	0.1	-0.1	-1.69884
13043012	792	0.1	-0.1	-3.37037
13043012	793	0.1	-0.1	1.69458
13043012	794	0.1	-0.1	3.86909
13043012	795	0.1	-0.1	1.37327
13043012	796	0.1	-0.1	-0.0498582
13043012	797	0.1	-0.1	1.12931
13043012	798	0.1	-0.1	-5.20198
13043012	799	0.1	-0.1	-5.03903
13043012	800	0.1	-0.1	4.44806
13043012	801	0.1	-0.1	0.205801
13043012	802	0.1	-0.1	0.667395
13043012	803	0.1	-0.1	-4.80932
13043012	804	0.1	-0.1	3.15121
13043012	805	0.1	-0.1	-4.95372
13043012	806	0.1	-0.1	-2.72162
13043012	807	0.1	-0.1	-2.32039
13043012	808	0.1	-0.1	-5.62743
13043012	809	0.1	-0.1	2.07048
13043012	810	0.1	-0.1	-4.72596
13043012	811	0.1	-0.1	-5.16189
13043012	812	0.1	-0.1	-2.62303
13043012	813	0.1	-0.1	5.55096
13043012	814	0.1	-0.1	5.49743
13043012	815	0.1	-0.1	-3.30497
13043012	816	0.1	-0.1	0.866584
13043012	817	0.1	-0.1	-4.80521
13043012	818	0.1	-0.1	1.8356
13043012	819	0.1	-0.1	0.750039
13043012	820	0.1	-0.1	2.32623
13043012	821	0.1	-0.1	1.21457
13043012	822	0.1	-0.1	0.409347
13043012	823	0.1	-0.1	-5.06348
13043012	824	0.1	-0.1	1.28804
13043012	825	0.1	-0.1	5.79027
13043012	826	0.1	-0.1	-5.65401
13043012	827	0.1	-0.1	-1.72886
13043012	828	0.1	-0.1	3.79412
13043012	829	0.1	-0.1	-4.05751
13043012	830	0.1	-0.1	3.10046
13043012	831	0.1	-0.1	2.03581
13043012	832	0.1	-0.1	-1.7155
13043012	833	0.1	-0.1	-4.00304
13043012	834	0.1	-0.1	1.65999
13043012	835	0.1	-0.1	-1.31003
13043012	836	0.1	-0.1	3.19629
13043012	837	0.1	-0.1	-0.824221
13043012	838	0.1	-0.1	-4.63736
13043012	839	0.1	-0.1	-5.46918
13043012	840	0.1	-0.1	3.34633
13043012	841	0.1	-0.1	3.66846
13043012	842	0.1	-0.1	4.38944
13043012	843	0.1	-0.1	-1.83462
13043012	844	0.1	-0.1	-3.64577
13043012	845	0.1	-0.1	3.60715
13043012	846	0.1	-0.1	-5.57428
13043012	847	0.1	-0.1	3.10337
13043012	848	0.1	-0.1	-0.856309
13043012	849	0.1	-0.1	5.14448
13043012	850	0.1	-0.1	-1.1018
13043012	851	0.1	-0.1	3.55585
13043012	852	0.1	-0.1	0.140629
13043012	853	0.1	-0.1	5.53389
13043012	854	0.1	-0.1	5.02116
13043012	855	0.1	-0.1	2.33437
13043012	856	0.1	-0.1	-1.90965
13043012	857	0.1	-0.1	5.19322
13043012	858	0.1	-0.1	4.2593
13043012	859	0.1	-0.1	0.667187
13043012	860	0.1	-0.1	4.78926
13043012	861	0.1	-0.1	0.822131
13043012	862	0.1	-0.1	0.748607
13043012	863	0.1	-0.1	5.96173
13043012	864	0.1	-0.1	-4.28949
13043012	865	0.1	-0.1	-1.76627
13043012	866	0.1	-0.1	-4.86501
13043012	867	0.1	-0.1	-0.185031
13043012	868	0.1	-0.1	3.60487
13043012	869	0.1	-0.1	-4.92156
13043012	870	0.1	-0.1	1.64161
13043012	871	0.1	-0.1	-2.31418
13043012	872	0.1	-0.1	-4.64057
13043012	873	0.1	-0.1	1.87442
13043012	874	0.1	-0.1	3.76795
13043012	875	0.1	-0.1	-5.61827
13043012	876	0.1	-0.1	-0.0998949
13043012	877	0.1	-0.1	-5.52391
13043012	878	0.1	-0.1	0.236308
13043012	879	0.1	-0.1	-4.18984
13043012	880	0.1	-0.1	-2.91442
13043012	881	0.1	-0.1	2.68792
13043012	882	0.1	-0.1	-3.26271
13043012	883	0.1	-0.1	-1.27773
13043012	884	0.1	-0.1	5.87875
13043012	885	0.1	-0.1	1.1646
13043012	886	0.1	-0.1	2.75865
13043012	887	0.1	-0.1	3.87085
13043012	888	0.1	-0.1	-3.11986
13043012	889	0.1	-0.1	3.86491
13043012	890	0.1	-0.1	4.33382
13043012	891	0.1	-0.1	3.69531
13043012	892	0.1	-0.1	0.106741
13043012	893	0.1	-0.1	4.78037
13043012	894	0.1	-0.1	1.64964
13043012	895	0.1	-0.1	-4.70403
13043012	896	0.1	-0.1	5.84353
13043012	897	0.1	-0.1	-4.04255
13043012	898	0.1	-0.1	2.98895
13043012	899	0.1	-0.1	-3.68227
13043012	900	0.1	-0.1	1.19124
13043012	901	0.1	-0.1	-4.77688
13043012	902	0.1	-0.1	0.623873
13043012	903	0.1	-0.1	1.43469
13043012	904	0.1	-0.1	0.304846
13043012	905	0.1	-0.1	-2.42085
13043012	906	0.1	-0.1	-5.19702
13043012	907	0.1	-0.1	-4.31191
13043012	908	0.1	-0.1	-4.56371
13043012	909	0.1	-0.1	-2.92379
13043012	910	0.1	-0.1	-4.52301
13043012	911	0.1	-0.1	-0.116171
13043012	912	0.1	-0.1	4.48844
13043012	913	0.1	-0.1	-4.80543
13043012	914	0.1	-0.1	-4.09792
13043012	915	0.1	-0.1	-0.726639
13043012	916	0.1	-0.1	4.80015
13043012	917	0.1	-0.1	-0.326933
13043012	918	0.1	-0.1	2.7278
13043012	919	0.1	-0.1	-0.0232316
13043012	920	0.1	-0.1	0.681598
13043012	921	0.1	-0.1	3.28436
13043012	922	0.1	-0.1	5.32376
13043012	923	0.1	-0.1	1.86678
13043012	924	0.1	-0.1	-3.53153
13043012	925	0.1	-0.1	1.77758
13043012	926	0.1	-0.1	-0.910995
13043012	927	0.1	-0.1	2.32595
13043012	928	0.1	-0.1	5.43833
13043012	929	0.1	-0.1	-0.12067
13043012	930	0.1	-0.1	2.09604
13043012	931	0.1	-0.1	-4.52257
13043012	932	0.1	-0.1	-2.26439
13043012	933	0.1	-0.1	-3.97639
13043012	934	0.1	-0.1	3.05956
13043012	935	0.1	-0.1	-5.98286
13043012	936	0.1	-0.1	3.757
13043012	937	0.1	-0.1	-2.05851
13043012	938	0.1	-0.1	-1.00554
13043012	939	0.1	-0.1	-1.20807
13043012	940	0.1	-0.1	-2.5676
13043012	941	0.1	-0.1	-2.15194
13043012	942	0.1	-0.1	5.77151
13043012	943	0.1	-0.1	-0.182528
13043012	944	0.1	-0.1	-4.38094
13043012	945	0.1	-0.1	-5.46341
13043012	946	0.1	-0.1	-5.80288
13043012	947	0.1	-0.1	-1.67151
13043012	948	0.1	-0.1	3.4325
13043012	949	0.1	-0.1	-3.91617
13043012	950	0.1	-0.1	4.42223
13043012	951	0.1	-0.1	-3.09704
13043012	952	0.1	-0.1	5.17887
13043012	953	0.1	-0.1	0.965173
13043012	954	0.1	-0.1	-3.50056
13043012	955	0.1	-0.1	-2.68684
13043012	956	0.1	-0.1	-2.41868
13043012	957	0.1	-0.1	-0.948277
13043012	958	0.1	-0.1	2.72094
13043012	959	0.1	-0.1	4.8395
13043012	960	0.1	-0.1	-0.683227
13043012	961	0.1	-0.1	-5.59054
13043012	962	0.1	-0.1	-0.0586158
13043012	963	0.1	-0.1	3.95644
13043012	964	0.1	-0.1	-1.40228
13043012	965	0.1	-0.1	3.23931
13043012	966	0.1	-0.1	3.05841
13043012	967	0.1	-0.1	2.11893
13043012	968	0.1	-0.1	-1.05932
13043012	969	0.1	-0.1	-4.77074
13043012	970	0.1	-0.1	-2.39357
13043012	971	0.1	-0.1	4.5076
13043012	972	0.1	-0.1	3.00727
13043012	973	0.1	-0.1	1.24844
13043012	974	0.1	-0.1	0.985114
13043012	975	0.1	-0.1	-5.27388
13043012	976	0.1	-0.1	5.09945
13043012	977	0.1	-0.1	5.53072
13043012	978	0.1	-0.1	0.591525
13043012	979	0.1	-0.1	4.8062
13043012	980	0.1	-0.1	-3.07406
13043012	981	0.1	-0.1	2.67958
13043012	982	0.1	-0.1	1.05253
13043012	983	0.1	-0.1	-5.52783
13043012	984	0.1	-0.1	-5.5464
13043012	985	0.1	-0.1	5.10366
13043012	986	0.1	-0.1	3.29107
13043012	987	0.1	-0.1	1.34115
13043012	988	0.1	-0.1	-1.64993
13043012	989	0.1	-0.1	-4.36903
13043012	990	0.1	-0.1	5.27597
13043012	991	0.1	-0.1	1.20304
13043012	992	0.1	-0.1	0.00153388
13043012	993	0.1	-0.1	-4.39537
13043012	994	0.1	-0.1	5.21912
13043012	995	0.1	-0.1	-2.1794
13043012	996	0.1	-0.1	4.93721
13043012	997	0.1	-0.1	0.543202
13043012	998	0.1	-0.1	-0.592457
13043012	999	0.1	-0.1	-0.882608
13043012	1000	0.1	-0.1	0.923833
