13046011	1	0.1	-0.1	-4.39587
13046011	2	0.1	-0.1	-0.536014
13046011	3	0.1	-0.1	-5.44532
13046011	4	0.1	-0.1	-5.24817
13046011	5	0.1	-0.1	-2.46752
13046011	6	0.1	-0.1	4.81025
13046011	7	0.1	-0.1	4.53686
13046011	8	0.1	-0.1	-0.942238
13046011	9	0.1	-0.1	2.5127
13046011	10	0.1	-0.1	-3.15158
13046011	11	0.1	-0.1	4.71026
13046011	12	0.1	-0.1	-0.188306
13046011	13	0.1	-0.1	1.07779
13046011	14	0.1	-0.1	-2.34947
13046011	15	0.1	-0.1	-4.17841
13046011	16	0.1	-0.1	4.86486
13046011	17	0.1	-0.1	-2.98055
13046011	18	0.1	-0.1	5.63666
13046011	19	0.1	-0.1	5.53785
13046011	20	0.1	-0.1	-4.61487
13046011	21	0.1	-0.1	5.36191
13046011	22	0.1	-0.1	-2.53697
13046011	23	0.1	-0.1	-1.62169
13046011	24	0.1	-0.1	1.5429
13046011	25	0.1	-0.1	-2.13314
13046011	26	0.1	-0.1	-5.56045
13046011	27	0.1	-0.1	1.35707
13046011	28	0.1	-0.1	-2.16354
13046011	29	0.1	-0.1	0.297168
13046011	30	0.1	-0.1	4.16818
13046011	31	0.1	-0.1	-0.152937
13046011	32	0.1	-0.1	1.0294
13046011	33	0.1	-0.1	0.876994
13046011	34	0.1	-0.1	-2.48432
13046011	35	0.1	-0.1	-3.96759
13046011	36	0.1	-0.1	-4.64153
13046011	37	0.1	-0.1	0.566548
13046011	38	0.1	-0.1	2.90186
13046011	39	0.1	-0.1	2.62297
13046011	40	0.1	-0.1	4.75328
13046011	41	0.1	-0.1	-1.4141
13046011	42	0.1	-0.1	3.01375
13046011	43	0.1	-0.1	4.6903
13046011	44	0.1	-0.1	-1.7238
13046011	45	0.1	-0.1	4.19158
13046011	46	0.1	-0.1	5.00857
13046011	47	0.1	-0.1	3.80711
13046011	48	0.1	-0.1	-0.487274
13046011	49	0.1	-0.1	5.995
13046011	50	0.1	-0.1	-2.10345
13046011	51	0.1	-0.1	0.0682041
13046011	52	0.1	-0.1	2.59146
13046011	53	0.1	-0.1	4.94009
13046011	54	0.1	-0.1	-1.1624
13046011	55	0.1	-0.1	5.99987
13046011	56	0.1	-0.1	3.92896
13046011	57	0.1	-0.1	-4.97196
13046011	58	0.1	-0.1	0.899402
13046011	59	0.1	-0.1	-3.08832
13046011	60	0.1	-0.1	-4.8947
13046011	61	0.1	-0.1	0.246537
13046011	62	0.1	-0.1	0.141637
13046011	63	0.1	-0.1	0.488689
13046011	64	0.1	-0.1	3.60885
13046011	65	0.1	-0.1	-1.4324
13046011	66	0.1	-0.1	0.358039
13046011	67	0.1	-0.1	-4.44315
13046011	68	0.1	-0.1	5.1659
13046011	69	0.1	-0.1	-3.05421
13046011	70	0.1	-0.1	1.25624
13046011	71	0.1	-0.1	-4.34768
13046011	72	0.1	-0.1	0.829144
13046011	73	0.1	-0.1	3.1416
13046011	74	0.1	-0.1	1.64751
13046011	75	0.1	-0.1	2.39363
13046011	76	0.1	-0.1	3.28153
13046011	77	0.1	-0.1	-1.363
13046011	78	0.1	-0.1	-1.15741
13046011	79	0.1	-0.1	-5.90206
13046011	80	0.1	-0.1	5.84329
13046011	81	0.1	-0.1	1.71276
13046011	82	0.1	-0.1	-0.961264
13046011	83	0.1	-0.1	-0.750175
13046011	84	0.1	-0.1	5.30736
13046011	85	0.1	-0.1	-4.61029
13046011	86	0.1	-0.1	2.47832
13046011	87	0.1	-0.1	-3.79906
13046011	88	0.1	-0.1	2.69839
13046011	89	0.1	-0.1	-0.483599
13046011	90	0.1	-0.1	-0.466587
13046011	91	0.1	-0.1	-2.55942
13046011	92	0.1	-0.1	1.15017
13046011	93	0.1	-0.1	-4.83987
13046011	94	0.1	-0.1	-0.904718
13046011	95	0.1	-0.1	2.4208
13046011	96	0.1	-0.1	1.33228
13046011	97	0.1	-0.1	-1.83652
13046011	98	0.1	-0.1	-3.34991
13046011	99	0.1	-0.1	-3.55432
13046011	100	0.1	-0.1	3.86038
13046011	101	0.1	-0.1	-0.413873
13046011	102	0.1	-0.1	-2.61411
13046011	103	0.1	-0.1	-2.03188
13046011	104	0.1	-0.1	0.438745
13046011	105	0.1	-0.1	-1.66229
13046011	106	0.1	-0.1	2.02999
13046011	107	0.1	-0.1	4.83588
13046011	108	0.1	-0.1	4.71026
13046011	109	0.1	-0.1	-2.05453
13046011	110	0.1	-0.1	-2.30503
13046011	111	0.1	-0.1	4.62608
13046011	112	0.1	-0.1	-0.0923372
13046011	113	0.1	-0.1	0.197686
13046011	114	0.1	-0.1	4.53918
13046011	115	0.1	-0.1	5.21739
13046011	116	0.1	-0.1	-5.0386
13046011	117	0.1	-0.1	-3.57848
13046011	118	0.1	-0.1	-4.52519
13046011	119	0.1	-0.1	-5.0416
13046011	120	0.1	-0.1	5.93038
13046011	121	0.1	-0.1	4.91724
13046011	122	0.1	-0.1	-1.20558
13046011	123	0.1	-0.1	0.248667
13046011	124	0.1	-0.1	-3.2555
13046011	125	0.1	-0.1	3.94289
13046011	126	0.1	-0.1	-2.39206
13046011	127	0.1	-0.1	-1.31291
13046011	128	0.1	-0.1	-5.24466
13046011	129	0.1	-0.1	-0.34426
13046011	130	0.1	-0.1	-4.20848
13046011	131	0.1	-0.1	-1.09142
13046011	132	0.1	-0.1	2.45894
13046011	133	0.1	-0.1	-2.84095
13046011	134	0.1	-0.1	-2.38843
13046011	135	0.1	-0.1	-2.62288
13046011	136	0.1	-0.1	-5.80567
13046011	137	0.1	-0.1	1.70179
13046011	138	0.1	-0.1	-4.97551
13046011	139	0.1	-0.1	4.91152
13046011	140	0.1	-0.1	-1.2373
13046011	141	0.1	-0.1	-2.11489
13046011	142	0.1	-0.1	0.124989
13046011	143	0.1	-0.1	1.58926
13046011	144	0.1	-0.1	-2.89159
13046011	145	0.1	-0.1	3.96091
13046011	146	0.1	-0.1	-0.74923
13046011	147	0.1	-0.1	4.74534
13046011	148	0.1	-0.1	3.95124
13046011	149	0.1	-0.1	-4.2855
13046011	150	0.1	-0.1	-1.68967
13046011	151	0.1	-0.1	2.48693
13046011	152	0.1	-0.1	4.97936
13046011	153	0.1	-0.1	-2.49852
13046011	154	0.1	-0.1	0.995157
13046011	155	0.1	-0.1	-5.89873
13046011	156	0.1	-0.1	5.58786
13046011	157	0.1	-0.1	-3.28148
13046011	158	0.1	-0.1	3.12048
13046011	159	0.1	-0.1	4.01883
13046011	160	0.1	-0.1	5.93943
13046011	161	0.1	-0.1	-3.19366
13046011	162	0.1	-0.1	1.18219
13046011	163	0.1	-0.1	-3.39647
13046011	164	0.1	-0.1	4.69948
13046011	165	0.1	-0.1	-5.54504
13046011	166	0.1	-0.1	-5.02909
13046011	167	0.1	-0.1	1.86848
13046011	168	0.1	-0.1	-5.15972
13046011	169	0.1	-0.1	-2.45476
13046011	170	0.1	-0.1	-2.22224
13046011	171	0.1	-0.1	-3.93394
13046011	172	0.1	-0.1	-4.81127
13046011	173	0.1	-0.1	-0.470091
13046011	174	0.1	-0.1	-1.98525
13046011	175	0.1	-0.1	5.35826
13046011	176	0.1	-0.1	-3.0967
13046011	177	0.1	-0.1	-4.86927
13046011	178	0.1	-0.1	-0.755165
13046011	179	0.1	-0.1	1.9878
13046011	180	0.1	-0.1	-2.73854
13046011	181	0.1	-0.1	0.701015
13046011	182	0.1	-0.1	4.5978
13046011	183	0.1	-0.1	-3.51101
13046011	184	0.1	-0.1	1.50724
13046011	185	0.1	-0.1	-0.908962
13046011	186	0.1	-0.1	-2.62775
13046011	187	0.1	-0.1	-5.49449
13046011	188	0.1	-0.1	-3.25046
13046011	189	0.1	-0.1	4.7631
13046011	190	0.1	-0.1	3.78236
13046011	191	0.1	-0.1	3.57715
13046011	192	0.1	-0.1	0.238967
13046011	193	0.1	-0.1	5.5315
13046011	194	0.1	-0.1	5.34691
13046011	195	0.1	-0.1	-0.105413
13046011	196	0.1	-0.1	1.61948
13046011	197	0.1	-0.1	2.93712
13046011	198	0.1	-0.1	4.59457
13046011	199	0.1	-0.1	-2.94121
13046011	200	0.1	-0.1	-0.500085
13046011	201	0.1	-0.1	-1.65553
13046011	202	0.1	-0.1	-5.3573
13046011	203	0.1	-0.1	3.66111
13046011	204	0.1	-0.1	-0.137253
13046011	205	0.1	-0.1	5.33207
13046011	206	0.1	-0.1	1.71618
13046011	207	0.1	-0.1	-3.7697
13046011	208	0.1	-0.1	1.36022
13046011	209	0.1	-0.1	5.64719
13046011	210	0.1	-0.1	1.67255
13046011	211	0.1	-0.1	3.09532
13046011	212	0.1	-0.1	-2.37012
13046011	213	0.1	-0.1	3.48722
13046011	214	0.1	-0.1	-0.44025
13046011	215	0.1	-0.1	1.74431
13046011	216	0.1	-0.1	-2.75164
13046011	217	0.1	-0.1	3.95517
13046011	218	0.1	-0.1	4.49063
13046011	219	0.1	-0.1	-3.29876
13046011	220	0.1	-0.1	1.52039
13046011	221	0.1	-0.1	-4.12359
13046011	222	0.1	-0.1	-2.24231
13046011	223	0.1	-0.1	-2.69044
13046011	224	0.1	-0.1	4.57699
13046011	225	0.1	-0.1	-2.4323
13046011	226	0.1	-0.1	-4.29794
13046011	227	0.1	-0.1	0.110425
13046011	228	0.1	-0.1	-4.74781
13046011	229	0.1	-0.1	5.92933
13046011	230	0.1	-0.1	4.75569
13046011	231	0.1	-0.1	0.435498
13046011	232	0.1	-0.1	-2.93783
13046011	233	0.1	-0.1	-3.44341
13046011	234	0.1	-0.1	-4.17847
13046011	235	0.1	-0.1	4.80291
13046011	236	0.1	-0.1	-4.0832
13046011	237	0.1	-0.1	-0.0285828
13046011	238	0.1	-0.1	-4.976
13046011	239	0.1	-0.1	3.35142
13046011	240	0.1	-0.1	3.1294
13046011	241	0.1	-0.1	-5.45705
13046011	242	0.1	-0.1	4.44642
13046011	243	0.1	-0.1	-2.55851
13046011	244	0.1	-0.1	0.408607
13046011	245	0.1	-0.1	1.20022
13046011	246	0.1	-0.1	-5.16787
13046011	247	0.1	-0.1	5.15874
13046011	248	0.1	-0.1	-4.65909
13046011	249	0.1	-0.1	2.23469
13046011	250	0.1	-0.1	-5.75445
13046011	251	0.1	-0.1	5.88345
13046011	252	0.1	-0.1	-2.46547
13046011	253	0.1	-0.1	1.39074
13046011	254	0.1	-0.1	-0.0920255
13046011	255	0.1	-0.1	-4.71133
13046011	256	0.1	-0.1	-2.14126
13046011	257	0.1	-0.1	0.559614
13046011	258	0.1	-0.1	-4.26613
13046011	259	0.1	-0.1	-5.72193
13046011	260	0.1	-0.1	-3.18775
13046011	261	0.1	-0.1	1.78211
13046011	262	0.1	-0.1	3.55307
13046011	263	0.1	-0.1	-0.645647
13046011	264	0.1	-0.1	2.28791
13046011	265	0.1	-0.1	-0.922409
13046011	266	0.1	-0.1	-2.91587
13046011	267	0.1	-0.1	4.70835
13046011	268	0.1	-0.1	-5.31115
13046011	269	0.1	-0.1	-4.43961
13046011	270	0.1	-0.1	4.86301
13046011	271	0.1	-0.1	2.34761
13046011	272	0.1	-0.1	0.435097
13046011	273	0.1	-0.1	-3.13985
13046011	274	0.1	-0.1	-0.580992
13046011	275	0.1	-0.1	5.12575
13046011	276	0.1	-0.1	1.87267
13046011	277	0.1	-0.1	2.5545
13046011	278	0.1	-0.1	-1.39147
13046011	279	0.1	-0.1	-5.19741
13046011	280	0.1	-0.1	-2.3984
13046011	281	0.1	-0.1	0.0223313
13046011	282	0.1	-0.1	5.94315
13046011	283	0.1	-0.1	4.16087
13046011	284	0.1	-0.1	-4.25149
13046011	285	0.1	-0.1	5.01926
13046011	286	0.1	-0.1	-3.8922
13046011	287	0.1	-0.1	3.11592
13046011	288	0.1	-0.1	-3.23372
13046011	289	0.1	-0.1	1.42258
13046011	290	0.1	-0.1	-4.42852
13046011	291	0.1	-0.1	-2.44795
13046011	292	0.1	-0.1	-0.0404251
13046011	293	0.1	-0.1	2.01665
13046011	294	0.1	-0.1	0.811717
13046011	295	0.1	-0.1	-4.73603
13046011	296	0.1	-0.1	0.216784
13046011	297	0.1	-0.1	-5.6443
13046011	298	0.1	-0.1	-4.22157
13046011	299	0.1	-0.1	4.28686
13046011	300	0.1	-0.1	-3.34084
13046011	301	0.1	-0.1	0.637409
13046011	302	0.1	-0.1	-1.42645
13046011	303	0.1	-0.1	-3.96923
13046011	304	0.1	-0.1	-0.469759
13046011	305	0.1	-0.1	2.05345
13046011	306	0.1	-0.1	4.54797
13046011	307	0.1	-0.1	-1.08883
13046011	308	0.1	-0.1	-1.72632
13046011	309	0.1	-0.1	-0.959566
13046011	310	0.1	-0.1	-2.24122
13046011	311	0.1	-0.1	-0.168579
13046011	312	0.1	-0.1	3.03192
13046011	313	0.1	-0.1	1.33
13046011	314	0.1	-0.1	-0.390533
13046011	315	0.1	-0.1	3.0294
13046011	316	0.1	-0.1	4.73799
13046011	317	0.1	-0.1	-1.49158
13046011	318	0.1	-0.1	-3.44566
13046011	319	0.1	-0.1	3.46574
13046011	320	0.1	-0.1	-5.90797
13046011	321	0.1	-0.1	3.2841
13046011	322	0.1	-0.1	-2.82647
13046011	323	0.1	-0.1	3.41764
13046011	324	0.1	-0.1	-0.597878
13046011	325	0.1	-0.1	1.62458
13046011	326	0.1	-0.1	5.36735
13046011	327	0.1	-0.1	-4.65497
13046011	328	0.1	-0.1	-2.07123
13046011	329	0.1	-0.1	5.96755
13046011	330	0.1	-0.1	-5.5416
13046011	331	0.1	-0.1	2.84373
13046011	332	0.1	-0.1	-5.14125
13046011	333	0.1	-0.1	-4.63464
13046011	334	0.1	-0.1	-4.6289
13046011	335	0.1	-0.1	4.66728
13046011	336	0.1	-0.1	3.16713
13046011	337	0.1	-0.1	5.36254
13046011	338	0.1	-0.1	-4.03905
13046011	339	0.1	-0.1	5.4538
13046011	340	0.1	-0.1	0.50669
13046011	341	0.1	-0.1	-2.23092
13046011	342	0.1	-0.1	-4.25818
13046011	343	0.1	-0.1	3.19174
13046011	344	0.1	-0.1	-4.64063
13046011	345	0.1	-0.1	0.891663
13046011	346	0.1	-0.1	-0.104474
13046011	347	0.1	-0.1	1.8511
13046011	348	0.1	-0.1	-3.5788
13046011	349	0.1	-0.1	-4.82656
13046011	350	0.1	-0.1	1.58147
13046011	351	0.1	-0.1	2.91653
13046011	352	0.1	-0.1	-2.92461
13046011	353	0.1	-0.1	-0.860792
13046011	354	0.1	-0.1	3.2698
13046011	355	0.1	-0.1	-0.781992
13046011	356	0.1	-0.1	2.93328
13046011	357	0.1	-0.1	-3.45343
13046011	358	0.1	-0.1	3.8015
13046011	359	0.1	-0.1	1.0696
13046011	360	0.1	-0.1	-3.51887
13046011	361	0.1	-0.1	2.54395
13046011	362	0.1	-0.1	4.91272
13046011	363	0.1	-0.1	1.72045
13046011	364	0.1	-0.1	5.38166
13046011	365	0.1	-0.1	4.76597
13046011	366	0.1	-0.1	0.261227
13046011	367	0.1	-0.1	1.30537
13046011	368	0.1	-0.1	-2.24242
13046011	369	0.1	-0.1	2.1033
13046011	370	0.1	-0.1	-5.83666
13046011	371	0.1	-0.1	-4.54655
13046011	372	0.1	-0.1	-3.46916
13046011	373	0.1	-0.1	-4.61446
13046011	374	0.1	-0.1	-2.40386
13046011	375	0.1	-0.1	3.00786
13046011	376	0.1	-0.1	-4.11394
13046011	377	0.1	-0.1	1.18995
13046011	378	0.1	-0.1	-4.44072
13046011	379	0.1	-0.1	-0.0795447
13046011	380	0.1	-0.1	3.12441
13046011	381	0.1	-0.1	-2.82547
13046011	382	0.1	-0.1	0.339372
13046011	383	0.1	-0.1	5.91295
13046011	384	0.1	-0.1	-0.2092
13046011	385	0.1	-0.1	-2.15999
13046011	386	0.1	-0.1	2.94026
13046011	387	0.1	-0.1	-1.11977
13046011	388	0.1	-0.1	0.421074
13046011	389	0.1	-0.1	-1.26583
13046011	390	0.1	-0.1	5.76356
13046011	391	0.1	-0.1	1.08059
13046011	392	0.1	-0.1	-5.68276
13046011	393	0.1	-0.1	4.40929
13046011	394	0.1	-0.1	1.37141
13046011	395	0.1	-0.1	2.74832
13046011	396	0.1	-0.1	5.51625
13046011	397	0.1	-0.1	5.98583
13046011	398	0.1	-0.1	2.25834
13046011	399	0.1	-0.1	-4.84203
13046011	400	0.1	-0.1	-2.41288
13046011	401	0.1	-0.1	-1.41962
13046011	402	0.1	-0.1	-0.283548
13046011	403	0.1	-0.1	-3.00388
13046011	404	0.1	-0.1	5.27686
13046011	405	0.1	-0.1	1.23011
13046011	406	0.1	-0.1	4.40192
13046011	407	0.1	-0.1	5.94248
13046011	408	0.1	-0.1	-3.32457
13046011	409	0.1	-0.1	-2.24117
13046011	410	0.1	-0.1	-5.18745
13046011	411	0.1	-0.1	-5.3628
13046011	412	0.1	-0.1	-4.47141
13046011	413	0.1	-0.1	-1.24212
13046011	414	0.1	-0.1	2.16031
13046011	415	0.1	-0.1	-3.40113
13046011	416	0.1	-0.1	1.30057
13046011	417	0.1	-0.1	0.525526
13046011	418	0.1	-0.1	-0.729368
13046011	419	0.1	-0.1	-0.603536
13046011	420	0.1	-0.1	2.81672
13046011	421	0.1	-0.1	2.04467
13046011	422	0.1	-0.1	-2.68065
13046011	423	0.1	-0.1	-1.66616
13046011	424	0.1	-0.1	4.51187
13046011	425	0.1	-0.1	-0.503579
13046011	426	0.1	-0.1	2.37345
13046011	427	0.1	-0.1	-4.99053
13046011	428	0.1	-0.1	-2.94472
13046011	429	0.1	-0.1	1.03423
13046011	430	0.1	-0.1	1.94172
13046011	431	0.1	-0.1	-5.00257
13046011	432	0.1	-0.1	-1.54887
13046011	433	0.1	-0.1	0.101179
13046011	434	0.1	-0.1	0.531547
13046011	435	0.1	-0.1	-5.5591
13046011	436	0.1	-0.1	-4.88621
13046011	437	0.1	-0.1	-2.57194
13046011	438	0.1	-0.1	-4.68914
13046011	439	0.1	-0.1	4.63828
13046011	440	0.1	-0.1	5.18681
13046011	441	0.1	-0.1	5.08911
13046011	442	0.1	-0.1	1.33224
13046011	443	0.1	-0.1	5.72683
13046011	444	0.1	-0.1	-2.15767
13046011	445	0.1	-0.1	-0.375475
13046011	446	0.1	-0.1	-5.7965
13046011	447	0.1	-0.1	-5.97338
13046011	448	0.1	-0.1	-0.265532
13046011	449	0.1	-0.1	3.34533
13046011	450	0.1	-0.1	-5.95438
13046011	451	0.1	-0.1	-3.61818
13046011	452	0.1	-0.1	3.70423
13046011	453	0.1	-0.1	-2.41353
13046011	454	0.1	-0.1	-2.93571
13046011	455	0.1	-0.1	-3.92242
13046011	456	0.1	-0.1	-0.48362
13046011	457	0.1	-0.1	0.0185236
13046011	458	0.1	-0.1	2.24792
13046011	459	0.1	-0.1	5.7015
13046011	460	0.1	-0.1	-2.85327
13046011	461	0.1	-0.1	5.56411
13046011	462	0.1	-0.1	1.33741
13046011	463	0.1	-0.1	-5.08535
13046011	464	0.1	-0.1	-0.701637
13046011	465	0.1	-0.1	-2.77381
13046011	466	0.1	-0.1	-1.74707
13046011	467	0.1	-0.1	-4.35899
13046011	468	0.1	-0.1	2.44346
13046011	469	0.1	-0.1	5.73082
13046011	470	0.1	-0.1	-3.18053
13046011	471	0.1	-0.1	-0.149027
13046011	472	0.1	-0.1	-2.14206
13046011	473	0.1	-0.1	3.41461
13046011	474	0.1	-0.1	5.64049
13046011	475	0.1	-0.1	4.48447
13046011	476	0.1	-0.1	2.60642
13046011	477	0.1	-0.1	0.398941
13046011	478	0.1	-0.1	2.4575
13046011	479	0.1	-0.1	3.22482
13046011	480	0.1	-0.1	5.22219
13046011	481	0.1	-0.1	5.40261
13046011	482	0.1	-0.1	0.484223
13046011	483	0.1	-0.1	-0.694472
13046011	484	0.1	-0.1	-0.756695
13046011	485	0.1	-0.1	-3.44297
13046011	486	0.1	-0.1	5.66044
13046011	487	0.1	-0.1	-1.23355
13046011	488	0.1	-0.1	-1.97916
13046011	489	0.1	-0.1	-4.43985
13046011	490	0.1	-0.1	-3.8329
13046011	491	0.1	-0.1	-4.72063
13046011	492	0.1	-0.1	5.79557
13046011	493	0.1	-0.1	-1.77736
13046011	494	0.1	-0.1	5.50176
13046011	495	0.1	-0.1	5.20768
13046011	496	0.1	-0.1	0.133035
13046011	497	0.1	-0.1	0.777631
13046011	498	0.1	-0.1	1.31165
13046011	499	0.1	-0.1	-5.07403
13046011	500	0.1	-0.1	2.21634
13046011	501	0.1	-0.1	1.53288
13046011	502	0.1	-0.1	3.36589
13046011	503	0.1	-0.1	-3.84403
13046011	504	0.1	-0.1	-3.46087
13046011	505	0.1	-0.1	-5.35112
13046011	506	0.1	-0.1	-5.65216
13046011	507	0.1	-0.1	3.24184
13046011	508	0.1	-0.1	2.87063
13046011	509	0.1	-0.1	-3.31509
13046011	510	0.1	-0.1	-0.8719
13046011	511	0.1	-0.1	-1.76204
13046011	512	0.1	-0.1	0.246381
13046011	513	0.1	-0.1	1.18049
13046011	514	0.1	-0.1	-0.144146
13046011	515	0.1	-0.1	-2.16906
13046011	516	0.1	-0.1	2.65442
13046011	517	0.1	-0.1	2.97328
13046011	518	0.1	-0.1	-1.79747
13046011	519	0.1	-0.1	3.37551
13046011	520	0.1	-0.1	-3.27536
13046011	521	0.1	-0.1	-4.15985
13046011	522	0.1	-0.1	-1.32466
13046011	523	0.1	-0.1	0.997916
13046011	524	0.1	-0.1	-3.1583
13046011	525	0.1	-0.1	-5.30515
13046011	526	0.1	-0.1	-2.36679
13046011	527	0.1	-0.1	0.0582646
13046011	528	0.1	-0.1	1.95038
13046011	529	0.1	-0.1	-0.817505
13046011	530	0.1	-0.1	-2.05248
13046011	531	0.1	-0.1	-5.03695
13046011	532	0.1	-0.1	-2.08902
13046011	533	0.1	-0.1	4.68869
13046011	534	0.1	-0.1	-4.13745
13046011	535	0.1	-0.1	-4.27562
13046011	536	0.1	-0.1	-4.43687
13046011	537	0.1	-0.1	4.06089
13046011	538	0.1	-0.1	-1.47122
13046011	539	0.1	-0.1	4.29732
13046011	540	0.1	-0.1	3.49353
13046011	541	0.1	-0.1	1.49217
13046011	542	0.1	-0.1	-3.77582
13046011	543	0.1	-0.1	-4.99767
13046011	544	0.1	-0.1	1.06987
13046011	545	0.1	-0.1	-0.57328
13046011	546	0.1	-0.1	4.54537
13046011	547	0.1	-0.1	5.35711
13046011	548	0.1	-0.1	-2.35984
13046011	549	0.1	-0.1	-4.18809
13046011	550	0.1	-0.1	-0.0133181
13046011	551	0.1	-0.1	-1.53026
13046011	552	0.1	-0.1	-2.12863
13046011	553	0.1	-0.1	-3.43023
13046011	554	0.1	-0.1	-5.29262
13046011	555	0.1	-0.1	-2.04594
13046011	556	0.1	-0.1	-0.575499
13046011	557	0.1	-0.1	1.38115
13046011	558	0.1	-0.1	4.44338
13046011	559	0.1	-0.1	-3.28272
13046011	560	0.1	-0.1	-0.0886006
13046011	561	0.1	-0.1	-4.74692
13046011	562	0.1	-0.1	-3.64664
13046011	563	0.1	-0.1	2.69933
13046011	564	0.1	-0.1	-3.47442
13046011	565	0.1	-0.1	-1.70348
13046011	566	0.1	-0.1	2.55263
13046011	567	0.1	-0.1	-3.61291
13046011	568	0.1	-0.1	2.99787
13046011	569	0.1	-0.1	5.95236
13046011	570	0.1	-0.1	2.64095
13046011	571	0.1	-0.1	5.12247
13046011	572	0.1	-0.1	1.53838
13046011	573	0.1	-0.1	0.22696
13046011	574	0.1	-0.1	2.84146
13046011	575	0.1	-0.1	5.62629
13046011	576	0.1	-0.1	-0.788695
13046011	577	0.1	-0.1	0.0369051
13046011	578	0.1	-0.1	1.59331
13046011	579	0.1	-0.1	-1.18945
13046011	580	0.1	-0.1	5.314
13046011	581	0.1	-0.1	4.59811
13046011	582	0.1	-0.1	3.18509
13046011	583	0.1	-0.1	5.66086
13046011	584	0.1	-0.1	3.85438
13046011	585	0.1	-0.1	-3.55383
13046011	586	0.1	-0.1	5.84553
13046011	587	0.1	-0.1	0.188924
13046011	588	0.1	-0.1	-0.458446
13046011	589	0.1	-0.1	5.65877
13046011	590	0.1	-0.1	4.08675
13046011	591	0.1	-0.1	-0.462332
13046011	592	0.1	-0.1	3.25073
13046011	593	0.1	-0.1	-5.5023
13046011	594	0.1	-0.1	-2.90626
13046011	595	0.1	-0.1	-0.761807
13046011	596	0.1	-0.1	-5.18919
13046011	597	0.1	-0.1	-2.08367
13046011	598	0.1	-0.1	1.56857
13046011	599	0.1	-0.1	-2.3546
13046011	600	0.1	-0.1	4.76289
13046011	601	0.1	-0.1	-3.32426
13046011	602	0.1	-0.1	-1.54658
13046011	603	0.1	-0.1	-5.73563
13046011	604	0.1	-0.1	4.16637
13046011	605	0.1	-0.1	2.59199
13046011	606	0.1	-0.1	-5.80012
13046011	607	0.1	-0.1	5.16461
13046011	608	0.1	-0.1	-2.44204
13046011	609	0.1	-0.1	-3.44124
13046011	610	0.1	-0.1	0.620985
13046011	611	0.1	-0.1	4.64118
13046011	612	0.1	-0.1	-1.09245
13046011	613	0.1	-0.1	-3.5265
13046011	614	0.1	-0.1	-5.70473
13046011	615	0.1	-0.1	0.60087
13046011	616	0.1	-0.1	4.5287
13046011	617	0.1	-0.1	3.56801
13046011	618	0.1	-0.1	-5.97679
13046011	619	0.1	-0.1	1.23058
13046011	620	0.1	-0.1	3.46801
13046011	621	0.1	-0.1	4.57776
13046011	622	0.1	-0.1	-4.73257
13046011	623	0.1	-0.1	-1.93803
13046011	624	0.1	-0.1	3.88799
13046011	625	0.1	-0.1	2.40083
13046011	626	0.1	-0.1	-1.8922
13046011	627	0.1	-0.1	1.10752
13046011	628	0.1	-0.1	-1.36814
13046011	629	0.1	-0.1	3.67298
13046011	630	0.1	-0.1	-2.54109
13046011	631	0.1	-0.1	2.29483
13046011	632	0.1	-0.1	3.20258
13046011	633	0.1	-0.1	2.37271
13046011	634	0.1	-0.1	-5.71556
13046011	635	0.1	-0.1	-3.32933
13046011	636	0.1	-0.1	-2.77658
13046011	637	0.1	-0.1	0.0544015
13046011	638	0.1	-0.1	-0.51677
13046011	639	0.1	-0.1	-2.1972
13046011	640	0.1	-0.1	5.65312
13046011	641	0.1	-0.1	2.13459
13046011	642	0.1	-0.1	3.53383
13046011	643	0.1	-0.1	3.63853
13046011	644	0.1	-0.1	2.43248
13046011	645	0.1	-0.1	-1.82696
13046011	646	0.1	-0.1	0.69101
13046011	647	0.1	-0.1	-1.53848
13046011	648	0.1	-0.1	-2.35637
13046011	649	0.1	-0.1	-4.14831
13046011	650	0.1	-0.1	-5.64183
13046011	651	0.1	-0.1	3.75026
13046011	652	0.1	-0.1	-3.89326
13046011	653	0.1	-0.1	4.42894
13046011	654	0.1	-0.1	-1.20869
13046011	655	0.1	-0.1	4.10042
13046011	656	0.1	-0.1	-0.71001
13046011	657	0.1	-0.1	2.76162
13046011	658	0.1	-0.1	3.06476
13046011	659	0.1	-0.1	-2.35729
13046011	660	0.1	-0.1	-4.3895
13046011	661	0.1	-0.1	3.55681
13046011	662	0.1	-0.1	4.70679
13046011	663	0.1	-0.1	-1.18754
13046011	664	0.1	-0.1	-2.52399
13046011	665	0.1	-0.1	-2.94932
13046011	666	0.1	-0.1	-4.59647
13046011	667	0.1	-0.1	-5.7524
13046011	668	0.1	-0.1	-5.66967
13046011	669	0.1	-0.1	-5.19415
13046011	670	0.1	-0.1	-1.17067
13046011	671	0.1	-0.1	3.91217
13046011	672	0.1	-0.1	-5.707
13046011	673	0.1	-0.1	-0.0254902
13046011	674	0.1	-0.1	-5.55754
13046011	675	0.1	-0.1	3.72405
13046011	676	0.1	-0.1	4.77664
13046011	677	0.1	-0.1	5.97261
13046011	678	0.1	-0.1	1.11391
13046011	679	0.1	-0.1	-2.74889
13046011	680	0.1	-0.1	5.31593
13046011	681	0.1	-0.1	3.75657
13046011	682	0.1	-0.1	1.38781
13046011	683	0.1	-0.1	3.44678
13046011	684	0.1	-0.1	-3.10238
13046011	685	0.1	-0.1	4.48106
13046011	686	0.1	-0.1	2.62418
13046011	687	0.1	-0.1	5.5264
13046011	688	0.1	-0.1	5.96735
13046011	689	0.1	-0.1	-1.37698
13046011	690	0.1	-0.1	1.22507
13046011	691	0.1	-0.1	-4.02392
13046011	692	0.1	-0.1	5.70198
13046011	693	0.1	-0.1	-3.39971
13046011	694	0.1	-0.1	-3.34309
13046011	695	0.1	-0.1	-0.174272
13046011	696	0.1	-0.1	-2.79365
13046011	697	0.1	-0.1	-1.87094
13046011	698	0.1	-0.1	-5.15773
13046011	699	0.1	-0.1	-1.26393
13046011	700	0.1	-0.1	3.04102
13046011	701	0.1	-0.1	-2.08815
13046011	702	0.1	-0.1	2.77426
13046011	703	0.1	-0.1	1.58494
13046011	704	0.1	-0.1	-1.31688
13046011	705	0.1	-0.1	1.26334
13046011	706	0.1	-0.1	2.14022
13046011	707	0.1	-0.1	3.51411
13046011	708	0.1	-0.1	3.16102
13046011	709	0.1	-0.1	0.264024
13046011	710	0.1	-0.1	-5.23259
13046011	711	0.1	-0.1	4.60073
13046011	712	0.1	-0.1	-1.46029
13046011	713	0.1	-0.1	1.47591
13046011	714	0.1	-0.1	5.17012
13046011	715	0.1	-0.1	3.61635
13046011	716	0.1	-0.1	-3.97848
13046011	717	0.1	-0.1	5.89138
13046011	718	0.1	-0.1	-3.03248
13046011	719	0.1	-0.1	4.06398
13046011	720	0.1	-0.1	-1.90283
13046011	721	0.1	-0.1	-0.227694
13046011	722	0.1	-0.1	-2.48147
13046011	723	0.1	-0.1	-0.0752866
13046011	724	0.1	-0.1	0.778074
13046011	725	0.1	-0.1	-5.06
13046011	726	0.1	-0.1	4.35471
13046011	727	0.1	-0.1	-4.23647
13046011	728	0.1	-0.1	2.47929
13046011	729	0.1	-0.1	0.0541113
13046011	730	0.1	-0.1	-2.40593
13046011	731	0.1	-0.1	4.38694
13046011	732	0.1	-0.1	-2.69116
13046011	733	0.1	-0.1	3.06701
13046011	734	0.1	-0.1	-5.97766
13046011	735	0.1	-0.1	1.10973
13046011	736	0.1	-0.1	5.14762
13046011	737	0.1	-0.1	-0.888107
13046011	738	0.1	-0.1	5.23685
13046011	739	0.1	-0.1	-2.16779
13046011	740	0.1	-0.1	-5.05925
13046011	741	0.1	-0.1	4.27461
13046011	742	0.1	-0.1	4.73847
13046011	743	0.1	-0.1	0.397763
13046011	744	0.1	-0.1	-0.34349
13046011	745	0.1	-0.1	3.34824
13046011	746	0.1	-0.1	-5.62446
13046011	747	0.1	-0.1	1.19333
13046011	748	0.1	-0.1	-3.69739
13046011	749	0.1	-0.1	-5.6745
13046011	750	0.1	-0.1	5.80758
13046011	751	0.1	-0.1	2.2561
13046011	752	0.1	-0.1	2.02409
13046011	753	0.1	-0.1	-4.93009
13046011	754	0.1	-0.1	1.93506
13046011	755	0.1	-0.1	-5.65779
13046011	756	0.1	-0.1	-4.89137
13046011	757	0.1	-0.1	-4.06193
13046011	758	0.1	-0.1	3.10587
13046011	759	0.1	-0.1	-2.33613
13046011	760	0.1	-0.1	3.99104
13046011	761	0.1	-0.1	-3.5905
13046011	762	0.1	-0.1	-5.49712
13046011	763	0.1	-0.1	-2.22085
13046011	764	0.1	-0.1	-0.928235
13046011	765	0.1	-0.1	-0.199783
13046011	766	0.1	-0.1	-4.64142
13046011	767	0.1	-0.1	0.906118
13046011	768	0.1	-0.1	4.48317
13046011	769	0.1	-0.1	1.24297
13046011	770	0.1	-0.1	0.036111
13046011	771	0.1	-0.1	1.15788
13046011	772	0.1	-0.1	5.90931
13046011	773	0.1	-0.1	4.29974
13046011	774	0.1	-0.1	5.53262
13046011	775	0.1	-0.1	-1.78609
13046011	776	0.1	-0.1	-3.84669
13046011	777	0.1	-0.1	-3.27749
13046011	778	0.1	-0.1	3.76455
13046011	779	0.1	-0.1	2.10549
13046011	780	0.1	-0.1	-4.449
13046011	781	0.1	-0.1	-2.26263
13046011	782	0.1	-0.1	-4.45872
13046011	783	0.1	-0.1	3.26671
13046011	784	0.1	-0.1	3.5656
13046011	785	0.1	-0.1	-2.51663
13046011	786	0.1	-0.1	4.22396
13046011	787	0.1	-0.1	-2.25674
13046011	788	0.1	-0.1	5.10146
13046011	789	0.1	-0.1	-3.83917
13046011	790	0.1	-0.1	-4.15339
13046011	791	0.1	-0.1	-2.2523
13046011	792	0.1	-0.1	1.43656
13046011	793	0.1	-0.1	4.17991
13046011	794	0.1	-0.1	-4.21488
13046011	795	0.1	-0.1	4.91782
13046011	796	0.1	-0.1	-4.08097
13046011	797	0.1	-0.1	-4.69523
13046011	798	0.1	-0.1	-1.94684
13046011	799	0.1	-0.1	5.32406
13046011	800	0.1	-0.1	-5.80165
13046011	801	0.1	-0.1	-0.929398
13046011	802	0.1	-0.1	5.13968
13046011	803	0.1	-0.1	5.67087
13046011	804	0.1	-0.1	-3.38493
13046011	805	0.1	-0.1	0.323386
13046011	806	0.1	-0.1	2.57028
13046011	807	0.1	-0.1	-0.337929
13046011	808	0.1	-0.1	5.82016
13046011	809	0.1	-0.1	2.65507
13046011	810	0.1	-0.1	5.76006
13046011	811	0.1	-0.1	4.53606
13046011	812	0.1	-0.1	1.5126
13046011	813	0.1	-0.1	-4.27982
13046011	814	0.1	-0.1	4.21015
13046011	815	0.1	-0.1	-1.7303
13046011	816	0.1	-0.1	-1.64411
13046011	817	0.1	-0.1	-3.03375
13046011	818	0.1	-0.1	-3.40761
13046011	819	0.1	-0.1	2.96381
13046011	820	0.1	-0.1	-1.02107
13046011	821	0.1	-0.1	3.97351
13046011	822	0.1	-0.1	-2.84047
13046011	823	0.1	-0.1	3.34746
13046011	824	0.1	-0.1	-3.63629
13046011	825	0.1	-0.1	-3.99552
13046011	826	0.1	-0.1	-0.0417741
13046011	827	0.1	-0.1	-4.78571
13046011	828	0.1	-0.1	1.44034
13046011	829	0.1	-0.1	0.115874
13046011	830	0.1	-0.1	-5.06663
13046011	831	0.1	-0.1	-5.41058
13046011	832	0.1	-0.1	2.82156
13046011	833	0.1	-0.1	2.19771
13046011	834	0.1	-0.1	2.50984
13046011	835	0.1	-0.1	1.0317
13046011	836	0.1	-0.1	5.4473
13046011	837	0.1	-0.1	-3.6662
13046011	838	0.1	-0.1	-4.16287
13046011	839	0.1	-0.1	3.96075
13046011	840	0.1	-0.1	3.6164
13046011	841	0.1	-0.1	0.533956
13046011	842	0.1	-0.1	-3.20996
13046011	843	0.1	-0.1	5.6535
13046011	844	0.1	-0.1	-2.64516
13046011	845	0.1	-0.1	3.59909
13046011	846	0.1	-0.1	3.16435
13046011	847	0.1	-0.1	-0.625413
13046011	848	0.1	-0.1	-2.10405
13046011	849	0.1	-0.1	-3.90576
13046011	850	0.1	-0.1	0.975944
13046011	851	0.1	-0.1	5.57394
13046011	852	0.1	-0.1	-2.76558
13046011	853	0.1	-0.1	-5.40399
13046011	854	0.1	-0.1	4.01982
13046011	855	0.1	-0.1	-4.02921
13046011	856	0.1	-0.1	1.44936
13046011	857	0.1	-0.1	-5.57014
13046011	858	0.1	-0.1	-2.34458
13046011	859	0.1	-0.1	-1.66079
13046011	860	0.1	-0.1	2.38799
13046011	861	0.1	-0.1	-4.34334
13046011	862	0.1	-0.1	-5.06254
13046011	863	0.1	-0.1	0.586053
13046011	864	0.1	-0.1	-2.91933
13046011	865	0.1	-0.1	-1.6548
13046011	866	0.1	-0.1	0.51905
13046011	867	0.1	-0.1	-4.30879
13046011	868	0.1	-0.1	3.02466
13046011	869	0.1	-0.1	1.88376
13046011	870	0.1	-0.1	1.84979
13046011	871	0.1	-0.1	5.64966
13046011	872	0.1	-0.1	-3.61778
13046011	873	0.1	-0.1	-0.519173
13046011	874	0.1	-0.1	0.424482
13046011	875	0.1	-0.1	2.69599
13046011	876	0.1	-0.1	-1.9888
13046011	877	0.1	-0.1	-2.46858
13046011	878	0.1	-0.1	-3.05677
13046011	879	0.1	-0.1	-0.526224
13046011	880	0.1	-0.1	-4.47427
13046011	881	0.1	-0.1	-1.75679
13046011	882	0.1	-0.1	-2.32179
13046011	883	0.1	-0.1	4.05788
13046011	884	0.1	-0.1	-3.81876
13046011	885	0.1	-0.1	2.58351
13046011	886	0.1	-0.1	3.24484
13046011	887	0.1	-0.1	-2.05459
13046011	888	0.1	-0.1	-5.54165
13046011	889	0.1	-0.1	1.18286
13046011	890	0.1	-0.1	-1.78132
13046011	891	0.1	-0.1	1.11505
13046011	892	0.1	-0.1	0.808516
13046011	893	0.1	-0.1	-2.46191
13046011	894	0.1	-0.1	1.80099
13046011	895	0.1	-0.1	-4.10306
13046011	896	0.1	-0.1	1.20704
13046011	897	0.1	-0.1	1.86914
13046011	898	0.1	-0.1	-0.436678
13046011	899	0.1	-0.1	-0.709289
13046011	900	0.1	-0.1	-4.77186
13046011	901	0.1	-0.1	-2.74302
13046011	902	0.1	-0.1	-0.156703
13046011	903	0.1	-0.1	3.41531
13046011	904	0.1	-0.1	-2.09787
13046011	905	0.1	-0.1	0.00133756
13046011	906	0.1	-0.1	1.46692
13046011	907	0.1	-0.1	-2.30018
13046011	908	0.1	-0.1	-0.516988
13046011	909	0.1	-0.1	-0.483186
13046011	910	0.1	-0.1	-1.49355
13046011	911	0.1	-0.1	-2.23903
13046011	912	0.1	-0.1	5.01687
13046011	913	0.1	-0.1	-4.36935
13046011	914	0.1	-0.1	-2.64806
13046011	915	0.1	-0.1	2.70114
13046011	916	0.1	-0.1	3.21694
13046011	917	0.1	-0.1	-5.66317
13046011	918	0.1	-0.1	5.1997
13046011	919	0.1	-0.1	5.83258
13046011	920	0.1	-0.1	1.67852
13046011	921	0.1	-0.1	1.31877
13046011	922	0.1	-0.1	2.68647
13046011	923	0.1	-0.1	-1.11045
13046011	924	0.1	-0.1	-5.99814
13046011	925	0.1	-0.1	5.78543
13046011	926	0.1	-0.1	-3.5429
13046011	927	0.1	-0.1	1.19977
13046011	928	0.1	-0.1	0.558481
13046011	929	0.1	-0.1	-3.36364
13046011	930	0.1	-0.1	3.30505
13046011	931	0.1	-0.1	-2.439
13046011	932	0.1	-0.1	5.86077
13046011	933	0.1	-0.1	-5.87016
13046011	934	0.1	-0.1	1.60382
13046011	935	0.1	-0.1	-0.901529
13046011	936	0.1	-0.1	4.7469
13046011	937	0.1	-0.1	-0.829924
13046011	938	0.1	-0.1	5.84834
13046011	939	0.1	-0.1	-0.230185
13046011	940	0.1	-0.1	-1.01026
13046011	941	0.1	-0.1	4.10406
13046011	942	0.1	-0.1	1.76742
13046011	943	0.1	-0.1	-0.620001
13046011	944	0.1	-0.1	-1.38639
13046011	945	0.1	-0.1	2.69728
13046011	946	0.1	-0.1	5.24113
13046011	947	0.1	-0.1	4.26093
13046011	948	0.1	-0.1	1.24542
13046011	949	0.1	-0.1	-3.7723
13046011	950	0.1	-0.1	2.74891
13046011	951	0.1	-0.1	-2.3862
13046011	952	0.1	-0.1	4.96643
13046011	953	0.1	-0.1	-4.2307
13046011	954	0.1	-0.1	1.47347
13046011	955	0.1	-0.1	2.89377
13046011	956	0.1	-0.1	-5.26139
13046011	957	0.1	-0.1	-5.6998
13046011	958	0.1	-0.1	0.896118
13046011	959	0.1	-0.1	0.811103
13046011	960	0.1	-0.1	0.078345
13046011	961	0.1	-0.1	-0.627835
13046011	962	0.1	-0.1	-3.41187
13046011	963	0.1	-0.1	-1.8087
13046011	964	0.1	-0.1	-0.404179
13046011	965	0.1	-0.1	-4.78408
13046011	966	0.1	-0.1	-5.7918
13046011	967	0.1	-0.1	3.77191
13046011	968	0.1	-0.1	-5.99736
13046011	969	0.1	-0.1	-2.13881
13046011	970	0.1	-0.1	-3.58755
13046011	971	0.1	-0.1	-1.13993
13046011	972	0.1	-0.1	-4.27169
13046011	973	0.1	-0.1	1.68939
13046011	974	0.1	-0.1	-4.37736
13046011	975	0.1	-0.1	-2.35836
13046011	976	0.1	-0.1	0.354791
13046011	977	0.1	-0.1	4.45747
13046011	978	0.1	-0.1	-3.90057
13046011	979	0.1	-0.1	-1.11246
13046011	980	0.1	-0.1	-5.4594
13046011	981	0.1	-0.1	-4.31456
13046011	982	0.1	-0.1	2.38691
13046011	983	0.1	-0.1	-0.274125
13046011	984	0.1	-0.1	2.44846
13046011	985	0.1	-0.1	-4.2514
13046011	986	0.1	-0.1	-0.464049
13046011	987	0.1	-0.1	-4.26026
13046011	988	0.1	-0.1	-2.17101
13046011	989	0.1	-0.1	4.71501
13046011	990	0.1	-0.1	0.308021
13046011	991	0.1	-0.1	-3.0369
13046011	992	0.1	-0.1	2.22649
13046011	993	0.1	-0.1	3.00138
13046011	994	0.1	-0.1	-4.28247
13046011	995	0.1	-0.1	0.970719
13046011	996	0.1	-0.1	-0.826737
13046011	997	0.1	-0.1	2.43555
13046011	998	0.1	-0.1	-5.27956
13046011	999	0.1	-0.1	3.49593
13046011	1000	0.1	-0.1	5.11484
