13049098	1	0.1	-0.1	3.63461
13049098	2	0.1	-0.1	-4.85061
13049098	3	0.1	-0.1	1.2447
13049098	4	0.1	-0.1	-4.2178
13049098	5	0.1	-0.1	4.66281
13049098	6	0.1	-0.1	-5.12641
13049098	7	0.1	-0.1	-5.02003
13049098	8	0.1	-0.1	-3.64364
13049098	9	0.1	-0.1	-1.09098
13049098	10	0.1	-0.1	1.17059
13049098	11	0.1	-0.1	-5.46408
13049098	12	0.1	-0.1	-2.91081
13049098	13	0.1	-0.1	4.58894
13049098	14	0.1	-0.1	2.40401
13049098	15	0.1	-0.1	-2.6533
13049098	16	0.1	-0.1	-0.00346271
13049098	17	0.1	-0.1	2.91507
13049098	18	0.1	-0.1	-1.20567
13049098	19	0.1	-0.1	0.296241
13049098	20	0.1	-0.1	-3.87047
13049098	21	0.1	-0.1	-0.639545
13049098	22	0.1	-0.1	1.32135
13049098	23	0.1	-0.1	3.1618
13049098	24	0.1	-0.1	-5.63021
13049098	25	0.1	-0.1	0.139891
13049098	26	0.1	-0.1	1.42842
13049098	27	0.1	-0.1	5.96298
13049098	28	0.1	-0.1	-1.27262
13049098	29	0.1	-0.1	-2.07034
13049098	30	0.1	-0.1	1.46242
13049098	31	0.1	-0.1	1.97323
13049098	32	0.1	-0.1	-0.318272
13049098	33	0.1	-0.1	5.99241
13049098	34	0.1	-0.1	-3.42782
13049098	35	0.1	-0.1	5.56787
13049098	36	0.1	-0.1	-0.180136
13049098	37	0.1	-0.1	-4.51924
13049098	38	0.1	-0.1	-1.39555
13049098	39	0.1	-0.1	-5.07937
13049098	40	0.1	-0.1	-1.88573
13049098	41	0.1	-0.1	3.63406
13049098	42	0.1	-0.1	1.331
13049098	43	0.1	-0.1	4.37311
13049098	44	0.1	-0.1	4.14796
13049098	45	0.1	-0.1	-1.98287
13049098	46	0.1	-0.1	0.0137549
13049098	47	0.1	-0.1	0.226144
13049098	48	0.1	-0.1	4.12259
13049098	49	0.1	-0.1	0.0660486
13049098	50	0.1	-0.1	5.06256
13049098	51	0.1	-0.1	-3.42229
13049098	52	0.1	-0.1	0.710285
13049098	53	0.1	-0.1	1.14154
13049098	54	0.1	-0.1	0.600692
13049098	55	0.1	-0.1	-3.49888
13049098	56	0.1	-0.1	5.13398
13049098	57	0.1	-0.1	0.663418
13049098	58	0.1	-0.1	-5.49189
13049098	59	0.1	-0.1	-2.14816
13049098	60	0.1	-0.1	3.06079
13049098	61	0.1	-0.1	-2.19508
13049098	62	0.1	-0.1	-5.67631
13049098	63	0.1	-0.1	0.425872
13049098	64	0.1	-0.1	-2.89129
13049098	65	0.1	-0.1	-0.931081
13049098	66	0.1	-0.1	2.09735
13049098	67	0.1	-0.1	2.97077
13049098	68	0.1	-0.1	3.53571
13049098	69	0.1	-0.1	-0.249976
13049098	70	0.1	-0.1	3.19971
13049098	71	0.1	-0.1	-4.17087
13049098	72	0.1	-0.1	5.87263
13049098	73	0.1	-0.1	4.65331
13049098	74	0.1	-0.1	-1.51082
13049098	75	0.1	-0.1	1.65765
13049098	76	0.1	-0.1	4.40905
13049098	77	0.1	-0.1	2.77924
13049098	78	0.1	-0.1	2.61414
13049098	79	0.1	-0.1	3.77802
13049098	80	0.1	-0.1	-5.05616
13049098	81	0.1	-0.1	4.66813
13049098	82	0.1	-0.1	-5.25948
13049098	83	0.1	-0.1	2.70251
13049098	84	0.1	-0.1	0.0263623
13049098	85	0.1	-0.1	1.0413
13049098	86	0.1	-0.1	-5.07033
13049098	87	0.1	-0.1	-0.822826
13049098	88	0.1	-0.1	5.77491
13049098	89	0.1	-0.1	0.146673
13049098	90	0.1	-0.1	2.0636
13049098	91	0.1	-0.1	-3.71779
13049098	92	0.1	-0.1	-5.44519
13049098	93	0.1	-0.1	3.936
13049098	94	0.1	-0.1	3.61887
13049098	95	0.1	-0.1	-5.61153
13049098	96	0.1	-0.1	-0.0837549
13049098	97	0.1	-0.1	-3.4698
13049098	98	0.1	-0.1	-1.77262
13049098	99	0.1	-0.1	2.93012
13049098	100	0.1	-0.1	1.96191
13049098	101	0.1	-0.1	-5.98259
13049098	102	0.1	-0.1	-0.427777
13049098	103	0.1	-0.1	-2.06336
13049098	104	0.1	-0.1	5.03867
13049098	105	0.1	-0.1	-0.464928
13049098	106	0.1	-0.1	-2.24263
13049098	107	0.1	-0.1	0.15508
13049098	108	0.1	-0.1	3.36074
13049098	109	0.1	-0.1	0.12292
13049098	110	0.1	-0.1	-2.00811
13049098	111	0.1	-0.1	-5.31623
13049098	112	0.1	-0.1	2.60436
13049098	113	0.1	-0.1	-5.55995
13049098	114	0.1	-0.1	1.80032
13049098	115	0.1	-0.1	3.09092
13049098	116	0.1	-0.1	0.0312357
13049098	117	0.1	-0.1	-1.2411
13049098	118	0.1	-0.1	0.602944
13049098	119	0.1	-0.1	-2.24643
13049098	120	0.1	-0.1	2.28692
13049098	121	0.1	-0.1	1.66598
13049098	122	0.1	-0.1	-5.19924
13049098	123	0.1	-0.1	-3.29479
13049098	124	0.1	-0.1	5.10935
13049098	125	0.1	-0.1	-1.7173
13049098	126	0.1	-0.1	3.51892
13049098	127	0.1	-0.1	-3.55103
13049098	128	0.1	-0.1	0.459612
13049098	129	0.1	-0.1	-0.196479
13049098	130	0.1	-0.1	3.28524
13049098	131	0.1	-0.1	-0.108656
13049098	132	0.1	-0.1	-3.1264
13049098	133	0.1	-0.1	-5.51433
13049098	134	0.1	-0.1	-0.67841
13049098	135	0.1	-0.1	4.98636
13049098	136	0.1	-0.1	2.20472
13049098	137	0.1	-0.1	-2.9753
13049098	138	0.1	-0.1	2.09404
13049098	139	0.1	-0.1	1.22874
13049098	140	0.1	-0.1	2.14503
13049098	141	0.1	-0.1	-2.10871
13049098	142	0.1	-0.1	-0.557033
13049098	143	0.1	-0.1	1.90453
13049098	144	0.1	-0.1	4.74311
13049098	145	0.1	-0.1	-0.268175
13049098	146	0.1	-0.1	-2.1501
13049098	147	0.1	-0.1	-5.7415
13049098	148	0.1	-0.1	0.169535
13049098	149	0.1	-0.1	-2.69692
13049098	150	0.1	-0.1	2.86461
13049098	151	0.1	-0.1	3.4255
13049098	152	0.1	-0.1	-4.28684
13049098	153	0.1	-0.1	5.3294
13049098	154	0.1	-0.1	-5.05541
13049098	155	0.1	-0.1	5.47503
13049098	156	0.1	-0.1	-2.03014
13049098	157	0.1	-0.1	2.35853
13049098	158	0.1	-0.1	5.14474
13049098	159	0.1	-0.1	-4.21363
13049098	160	0.1	-0.1	-1.37714
13049098	161	0.1	-0.1	4.99209
13049098	162	0.1	-0.1	-0.0924022
13049098	163	0.1	-0.1	-3.90998
13049098	164	0.1	-0.1	5.52393
13049098	165	0.1	-0.1	3.52827
13049098	166	0.1	-0.1	4.47522
13049098	167	0.1	-0.1	3.54647
13049098	168	0.1	-0.1	-0.517988
13049098	169	0.1	-0.1	4.17897
13049098	170	0.1	-0.1	4.62077
13049098	171	0.1	-0.1	-0.777881
13049098	172	0.1	-0.1	-5.6299
13049098	173	0.1	-0.1	-0.638474
13049098	174	0.1	-0.1	-1.59579
13049098	175	0.1	-0.1	-2.72668
13049098	176	0.1	-0.1	5.99065
13049098	177	0.1	-0.1	0.177849
13049098	178	0.1	-0.1	-5.39486
13049098	179	0.1	-0.1	4.52217
13049098	180	0.1	-0.1	-4.1791
13049098	181	0.1	-0.1	1.7029
13049098	182	0.1	-0.1	-3.43907
13049098	183	0.1	-0.1	-0.705548
13049098	184	0.1	-0.1	3.94928
13049098	185	0.1	-0.1	-0.699808
13049098	186	0.1	-0.1	0.211274
13049098	187	0.1	-0.1	-1.29917
13049098	188	0.1	-0.1	-5.62792
13049098	189	0.1	-0.1	-2.42789
13049098	190	0.1	-0.1	5.53072
13049098	191	0.1	-0.1	-3.62069
13049098	192	0.1	-0.1	4.85262
13049098	193	0.1	-0.1	4.45865
13049098	194	0.1	-0.1	1.45388
13049098	195	0.1	-0.1	-3.37063
13049098	196	0.1	-0.1	5.42193
13049098	197	0.1	-0.1	-1.87167
13049098	198	0.1	-0.1	3.97132
13049098	199	0.1	-0.1	5.78083
13049098	200	0.1	-0.1	-1.2281
13049098	201	0.1	-0.1	5.91182
13049098	202	0.1	-0.1	-1.36836
13049098	203	0.1	-0.1	0.299145
13049098	204	0.1	-0.1	-3.35063
13049098	205	0.1	-0.1	2.57187
13049098	206	0.1	-0.1	-5.41162
13049098	207	0.1	-0.1	3.37768
13049098	208	0.1	-0.1	2.05391
13049098	209	0.1	-0.1	4.52746
13049098	210	0.1	-0.1	5.57067
13049098	211	0.1	-0.1	3.3977
13049098	212	0.1	-0.1	-3.4752
13049098	213	0.1	-0.1	-4.59089
13049098	214	0.1	-0.1	5.63388
13049098	215	0.1	-0.1	-2.71808
13049098	216	0.1	-0.1	-4.92451
13049098	217	0.1	-0.1	1.77095
13049098	218	0.1	-0.1	3.62763
13049098	219	0.1	-0.1	0.708283
13049098	220	0.1	-0.1	-2.44776
13049098	221	0.1	-0.1	-0.249543
13049098	222	0.1	-0.1	4.88991
13049098	223	0.1	-0.1	-1.78388
13049098	224	0.1	-0.1	-3.83573
13049098	225	0.1	-0.1	-1.89457
13049098	226	0.1	-0.1	0.21779
13049098	227	0.1	-0.1	-0.122829
13049098	228	0.1	-0.1	-0.0402451
13049098	229	0.1	-0.1	-0.0314127
13049098	230	0.1	-0.1	1.37836
13049098	231	0.1	-0.1	4.93423
13049098	232	0.1	-0.1	4.01526
13049098	233	0.1	-0.1	0.966573
13049098	234	0.1	-0.1	5.62074
13049098	235	0.1	-0.1	2.18843
13049098	236	0.1	-0.1	-1.06968
13049098	237	0.1	-0.1	-3.44078
13049098	238	0.1	-0.1	-4.40264
13049098	239	0.1	-0.1	2.25813
13049098	240	0.1	-0.1	3.55435
13049098	241	0.1	-0.1	2.29406
13049098	242	0.1	-0.1	-1.54946
13049098	243	0.1	-0.1	1.75896
13049098	244	0.1	-0.1	1.6387
13049098	245	0.1	-0.1	1.75431
13049098	246	0.1	-0.1	-3.8849
13049098	247	0.1	-0.1	-0.652037
13049098	248	0.1	-0.1	1.97422
13049098	249	0.1	-0.1	3.21231
13049098	250	0.1	-0.1	5.10871
13049098	251	0.1	-0.1	-1.23938
13049098	252	0.1	-0.1	5.06379
13049098	253	0.1	-0.1	2.02098
13049098	254	0.1	-0.1	-2.55718
13049098	255	0.1	-0.1	-2.43099
13049098	256	0.1	-0.1	4.56861
13049098	257	0.1	-0.1	4.28792
13049098	258	0.1	-0.1	1.59057
13049098	259	0.1	-0.1	-2.6661
13049098	260	0.1	-0.1	3.2813
13049098	261	0.1	-0.1	-4.57594
13049098	262	0.1	-0.1	-0.309498
13049098	263	0.1	-0.1	-2.13149
13049098	264	0.1	-0.1	4.03964
13049098	265	0.1	-0.1	5.47098
13049098	266	0.1	-0.1	-2.58325
13049098	267	0.1	-0.1	3.22274
13049098	268	0.1	-0.1	-5.53495
13049098	269	0.1	-0.1	-4.59133
13049098	270	0.1	-0.1	-1.01614
13049098	271	0.1	-0.1	-3.15283
13049098	272	0.1	-0.1	-3.05379
13049098	273	0.1	-0.1	-3.31972
13049098	274	0.1	-0.1	4.8203
13049098	275	0.1	-0.1	-3.20689
13049098	276	0.1	-0.1	2.44056
13049098	277	0.1	-0.1	1.88006
13049098	278	0.1	-0.1	-2.45307
13049098	279	0.1	-0.1	-2.67413
13049098	280	0.1	-0.1	-0.197428
13049098	281	0.1	-0.1	-2.21537
13049098	282	0.1	-0.1	5.65461
13049098	283	0.1	-0.1	2.41709
13049098	284	0.1	-0.1	-3.13776
13049098	285	0.1	-0.1	5.35669
13049098	286	0.1	-0.1	-1.84247
13049098	287	0.1	-0.1	1.29893
13049098	288	0.1	-0.1	2.49342
13049098	289	0.1	-0.1	-5.03654
13049098	290	0.1	-0.1	-4.39002
13049098	291	0.1	-0.1	4.98154
13049098	292	0.1	-0.1	0.381099
13049098	293	0.1	-0.1	-3.54022
13049098	294	0.1	-0.1	-0.954141
13049098	295	0.1	-0.1	-2.36197
13049098	296	0.1	-0.1	-3.89272
13049098	297	0.1	-0.1	-0.742376
13049098	298	0.1	-0.1	-2.5454
13049098	299	0.1	-0.1	-5.12014
13049098	300	0.1	-0.1	-5.30823
13049098	301	0.1	-0.1	-4.21173
13049098	302	0.1	-0.1	-0.77633
13049098	303	0.1	-0.1	-5.00292
13049098	304	0.1	-0.1	0.390744
13049098	305	0.1	-0.1	-5.55383
13049098	306	0.1	-0.1	1.70653
13049098	307	0.1	-0.1	5.00834
13049098	308	0.1	-0.1	-2.19927
13049098	309	0.1	-0.1	-1.27195
13049098	310	0.1	-0.1	0.134349
13049098	311	0.1	-0.1	1.16934
13049098	312	0.1	-0.1	-3.62986
13049098	313	0.1	-0.1	-1.26343
13049098	314	0.1	-0.1	4.96814
13049098	315	0.1	-0.1	-2.6701
13049098	316	0.1	-0.1	-3.12738
13049098	317	0.1	-0.1	-1.13834
13049098	318	0.1	-0.1	-0.811145
13049098	319	0.1	-0.1	-5.7554
13049098	320	0.1	-0.1	5.09621
13049098	321	0.1	-0.1	0.571478
13049098	322	0.1	-0.1	-0.0590091
13049098	323	0.1	-0.1	-1.93847
13049098	324	0.1	-0.1	5.98579
13049098	325	0.1	-0.1	-4.09697
13049098	326	0.1	-0.1	-3.45005
13049098	327	0.1	-0.1	0.25224
13049098	328	0.1	-0.1	0.686864
13049098	329	0.1	-0.1	5.72895
13049098	330	0.1	-0.1	2.60953
13049098	331	0.1	-0.1	4.60837
13049098	332	0.1	-0.1	-2.28812
13049098	333	0.1	-0.1	-4.28042
13049098	334	0.1	-0.1	1.73031
13049098	335	0.1	-0.1	-5.56754
13049098	336	0.1	-0.1	3.91356
13049098	337	0.1	-0.1	0.726476
13049098	338	0.1	-0.1	5.95059
13049098	339	0.1	-0.1	0.915975
13049098	340	0.1	-0.1	3.83146
13049098	341	0.1	-0.1	5.40358
13049098	342	0.1	-0.1	4.55579
13049098	343	0.1	-0.1	3.60448
13049098	344	0.1	-0.1	-1.86977
13049098	345	0.1	-0.1	5.86965
13049098	346	0.1	-0.1	-3.44441
13049098	347	0.1	-0.1	-4.95347
13049098	348	0.1	-0.1	-0.0856241
13049098	349	0.1	-0.1	-5.59817
13049098	350	0.1	-0.1	4.469
13049098	351	0.1	-0.1	-3.2656
13049098	352	0.1	-0.1	3.03236
13049098	353	0.1	-0.1	-0.48402
13049098	354	0.1	-0.1	4.72073
13049098	355	0.1	-0.1	-2.68542
13049098	356	0.1	-0.1	5.57873
13049098	357	0.1	-0.1	2.5439
13049098	358	0.1	-0.1	1.35584
13049098	359	0.1	-0.1	3.76028
13049098	360	0.1	-0.1	-5.98906
13049098	361	0.1	-0.1	3.56094
13049098	362	0.1	-0.1	-1.70262
13049098	363	0.1	-0.1	-0.481854
13049098	364	0.1	-0.1	1.11628
13049098	365	0.1	-0.1	3.033
13049098	366	0.1	-0.1	-3.53774
13049098	367	0.1	-0.1	-5.43021
13049098	368	0.1	-0.1	-1.30624
13049098	369	0.1	-0.1	-4.34813
13049098	370	0.1	-0.1	0.973851
13049098	371	0.1	-0.1	3.61837
13049098	372	0.1	-0.1	2.04385
13049098	373	0.1	-0.1	-1.99673
13049098	374	0.1	-0.1	4.8899
13049098	375	0.1	-0.1	-2.34089
13049098	376	0.1	-0.1	-5.75372
13049098	377	0.1	-0.1	-1.95526
13049098	378	0.1	-0.1	1.59343
13049098	379	0.1	-0.1	3.91914
13049098	380	0.1	-0.1	-1.93033
13049098	381	0.1	-0.1	-1.63755
13049098	382	0.1	-0.1	1.31094
13049098	383	0.1	-0.1	2.71378
13049098	384	0.1	-0.1	0.947593
13049098	385	0.1	-0.1	-5.13778
13049098	386	0.1	-0.1	1.40462
13049098	387	0.1	-0.1	-3.53064
13049098	388	0.1	-0.1	-0.476533
13049098	389	0.1	-0.1	-1.5052
13049098	390	0.1	-0.1	1.82111
13049098	391	0.1	-0.1	-2.71988
13049098	392	0.1	-0.1	3.53894
13049098	393	0.1	-0.1	-5.78784
13049098	394	0.1	-0.1	4.4543
13049098	395	0.1	-0.1	-3.20816
13049098	396	0.1	-0.1	2.02566
13049098	397	0.1	-0.1	-3.28643
13049098	398	0.1	-0.1	3.14907
13049098	399	0.1	-0.1	5.01793
13049098	400	0.1	-0.1	2.65432
13049098	401	0.1	-0.1	3.57245
13049098	402	0.1	-0.1	-1.58569
13049098	403	0.1	-0.1	0.703065
13049098	404	0.1	-0.1	-0.366294
13049098	405	0.1	-0.1	-2.00171
13049098	406	0.1	-0.1	-5.21406
13049098	407	0.1	-0.1	-4.49153
13049098	408	0.1	-0.1	-1.15752
13049098	409	0.1	-0.1	-0.488416
13049098	410	0.1	-0.1	-0.258894
13049098	411	0.1	-0.1	-0.404377
13049098	412	0.1	-0.1	1.35545
13049098	413	0.1	-0.1	1.99968
13049098	414	0.1	-0.1	0.421839
13049098	415	0.1	-0.1	-0.093399
13049098	416	0.1	-0.1	1.65059
13049098	417	0.1	-0.1	-1.10837
13049098	418	0.1	-0.1	4.07702
13049098	419	0.1	-0.1	5.00954
13049098	420	0.1	-0.1	4.11288
13049098	421	0.1	-0.1	1.95608
13049098	422	0.1	-0.1	-2.569
13049098	423	0.1	-0.1	0.70864
13049098	424	0.1	-0.1	-0.099266
13049098	425	0.1	-0.1	-5.879
13049098	426	0.1	-0.1	1.32261
13049098	427	0.1	-0.1	0.141824
13049098	428	0.1	-0.1	3.09696
13049098	429	0.1	-0.1	-3.80533
13049098	430	0.1	-0.1	-2.76151
13049098	431	0.1	-0.1	-1.68149
13049098	432	0.1	-0.1	3.54105
13049098	433	0.1	-0.1	-5.14535
13049098	434	0.1	-0.1	3.66277
13049098	435	0.1	-0.1	1.81262
13049098	436	0.1	-0.1	-2.55354
13049098	437	0.1	-0.1	4.65894
13049098	438	0.1	-0.1	2.50358
13049098	439	0.1	-0.1	-1.54836
13049098	440	0.1	-0.1	3.01026
13049098	441	0.1	-0.1	0.665799
13049098	442	0.1	-0.1	-2.9997
13049098	443	0.1	-0.1	-4.46526
13049098	444	0.1	-0.1	-5.38175
13049098	445	0.1	-0.1	5.56594
13049098	446	0.1	-0.1	2.03185
13049098	447	0.1	-0.1	-1.24367
13049098	448	0.1	-0.1	1.70433
13049098	449	0.1	-0.1	-1.33524
13049098	450	0.1	-0.1	-4.6682
13049098	451	0.1	-0.1	4.95589
13049098	452	0.1	-0.1	1.75981
13049098	453	0.1	-0.1	4.32845
13049098	454	0.1	-0.1	-5.53595
13049098	455	0.1	-0.1	1.6658
13049098	456	0.1	-0.1	3.68267
13049098	457	0.1	-0.1	-0.194272
13049098	458	0.1	-0.1	4.22843
13049098	459	0.1	-0.1	0.397041
13049098	460	0.1	-0.1	-4.96576
13049098	461	0.1	-0.1	3.93504
13049098	462	0.1	-0.1	5.96597
13049098	463	0.1	-0.1	-5.23359
13049098	464	0.1	-0.1	2.72342
13049098	465	0.1	-0.1	4.77149
13049098	466	0.1	-0.1	-2.99977
13049098	467	0.1	-0.1	0.0129948
13049098	468	0.1	-0.1	0.260063
13049098	469	0.1	-0.1	-2.89372
13049098	470	0.1	-0.1	-1.54475
13049098	471	0.1	-0.1	-4.12287
13049098	472	0.1	-0.1	2.36375
13049098	473	0.1	-0.1	-1.85897
13049098	474	0.1	-0.1	-0.306892
13049098	475	0.1	-0.1	3.51701
13049098	476	0.1	-0.1	-0.927277
13049098	477	0.1	-0.1	-0.804096
13049098	478	0.1	-0.1	0.399892
13049098	479	0.1	-0.1	-1.13658
13049098	480	0.1	-0.1	-0.679949
13049098	481	0.1	-0.1	-4.77179
13049098	482	0.1	-0.1	-5.94888
13049098	483	0.1	-0.1	0.493717
13049098	484	0.1	-0.1	-0.257831
13049098	485	0.1	-0.1	0.390416
13049098	486	0.1	-0.1	-3.46553
13049098	487	0.1	-0.1	-3.99017
13049098	488	0.1	-0.1	-4.52453
13049098	489	0.1	-0.1	-5.80858
13049098	490	0.1	-0.1	2.12009
13049098	491	0.1	-0.1	-4.65946
13049098	492	0.1	-0.1	1.88533
13049098	493	0.1	-0.1	1.76378
13049098	494	0.1	-0.1	3.84858
13049098	495	0.1	-0.1	5.01935
13049098	496	0.1	-0.1	-5.9071
13049098	497	0.1	-0.1	-2.89512
13049098	498	0.1	-0.1	-4.89888
13049098	499	0.1	-0.1	5.58892
13049098	500	0.1	-0.1	3.24296
13049098	501	0.1	-0.1	-5.5582
13049098	502	0.1	-0.1	1.67924
13049098	503	0.1	-0.1	0.772968
13049098	504	0.1	-0.1	-5.88949
13049098	505	0.1	-0.1	0.623611
13049098	506	0.1	-0.1	3.03397
13049098	507	0.1	-0.1	1.24118
13049098	508	0.1	-0.1	5.18242
13049098	509	0.1	-0.1	5.8868
13049098	510	0.1	-0.1	-1.05853
13049098	511	0.1	-0.1	4.28562
13049098	512	0.1	-0.1	4.5943
13049098	513	0.1	-0.1	2.86731
13049098	514	0.1	-0.1	0.688312
13049098	515	0.1	-0.1	3.85914
13049098	516	0.1	-0.1	-4.83462
13049098	517	0.1	-0.1	5.39155
13049098	518	0.1	-0.1	-4.61784
13049098	519	0.1	-0.1	-4.02314
13049098	520	0.1	-0.1	-0.984704
13049098	521	0.1	-0.1	-0.74875
13049098	522	0.1	-0.1	0.391124
13049098	523	0.1	-0.1	-0.100753
13049098	524	0.1	-0.1	-1.08371
13049098	525	0.1	-0.1	-1.89031
13049098	526	0.1	-0.1	0.897973
13049098	527	0.1	-0.1	-1.65304
13049098	528	0.1	-0.1	-4.87671
13049098	529	0.1	-0.1	-1.0487
13049098	530	0.1	-0.1	4.03603
13049098	531	0.1	-0.1	-3.52513
13049098	532	0.1	-0.1	-2.36431
13049098	533	0.1	-0.1	-5.0946
13049098	534	0.1	-0.1	0.703442
13049098	535	0.1	-0.1	-3.01762
13049098	536	0.1	-0.1	-4.34652
13049098	537	0.1	-0.1	-5.65868
13049098	538	0.1	-0.1	1.58952
13049098	539	0.1	-0.1	-4.69384
13049098	540	0.1	-0.1	0.446075
13049098	541	0.1	-0.1	2.79427
13049098	542	0.1	-0.1	-0.889675
13049098	543	0.1	-0.1	4.58857
13049098	544	0.1	-0.1	-1.06165
13049098	545	0.1	-0.1	-0.476392
13049098	546	0.1	-0.1	0.264931
13049098	547	0.1	-0.1	0.754014
13049098	548	0.1	-0.1	-0.264664
13049098	549	0.1	-0.1	-5.21251
13049098	550	0.1	-0.1	3.41477
13049098	551	0.1	-0.1	3.08272
13049098	552	0.1	-0.1	4.62703
13049098	553	0.1	-0.1	2.80654
13049098	554	0.1	-0.1	-5.95871
13049098	555	0.1	-0.1	0.378916
13049098	556	0.1	-0.1	2.38941
13049098	557	0.1	-0.1	1.89398
13049098	558	0.1	-0.1	-0.383127
13049098	559	0.1	-0.1	4.03666
13049098	560	0.1	-0.1	5.74194
13049098	561	0.1	-0.1	3.13754
13049098	562	0.1	-0.1	-2.75535
13049098	563	0.1	-0.1	3.00265
13049098	564	0.1	-0.1	-0.412682
13049098	565	0.1	-0.1	2.28374
13049098	566	0.1	-0.1	4.31104
13049098	567	0.1	-0.1	-2.36474
13049098	568	0.1	-0.1	2.92442
13049098	569	0.1	-0.1	4.80364
13049098	570	0.1	-0.1	1.54869
13049098	571	0.1	-0.1	-1.14012
13049098	572	0.1	-0.1	0.143493
13049098	573	0.1	-0.1	-2.73905
13049098	574	0.1	-0.1	2.76831
13049098	575	0.1	-0.1	-3.7465
13049098	576	0.1	-0.1	4.82174
13049098	577	0.1	-0.1	-1.84284
13049098	578	0.1	-0.1	-3.46495
13049098	579	0.1	-0.1	-5.43853
13049098	580	0.1	-0.1	-0.998021
13049098	581	0.1	-0.1	-3.44758
13049098	582	0.1	-0.1	1.04045
13049098	583	0.1	-0.1	-2.81861
13049098	584	0.1	-0.1	-2.82938
13049098	585	0.1	-0.1	4.64202
13049098	586	0.1	-0.1	4.31232
13049098	587	0.1	-0.1	1.00634
13049098	588	0.1	-0.1	-5.61643
13049098	589	0.1	-0.1	-2.10439
13049098	590	0.1	-0.1	0.197853
13049098	591	0.1	-0.1	1.63336
13049098	592	0.1	-0.1	2.84291
13049098	593	0.1	-0.1	-2.63534
13049098	594	0.1	-0.1	5.00988
13049098	595	0.1	-0.1	2.8303
13049098	596	0.1	-0.1	3.03523
13049098	597	0.1	-0.1	0.54989
13049098	598	0.1	-0.1	5.97313
13049098	599	0.1	-0.1	1.32769
13049098	600	0.1	-0.1	1.52668
13049098	601	0.1	-0.1	-2.06706
13049098	602	0.1	-0.1	4.62604
13049098	603	0.1	-0.1	-3.82389
13049098	604	0.1	-0.1	-5.22
13049098	605	0.1	-0.1	-0.0282818
13049098	606	0.1	-0.1	-4.06153
13049098	607	0.1	-0.1	-1.42309
13049098	608	0.1	-0.1	3.85039
13049098	609	0.1	-0.1	-1.27221
13049098	610	0.1	-0.1	0.260457
13049098	611	0.1	-0.1	-4.20111
13049098	612	0.1	-0.1	2.27299
13049098	613	0.1	-0.1	1.90954
13049098	614	0.1	-0.1	5.7114
13049098	615	0.1	-0.1	-2.9252
13049098	616	0.1	-0.1	5.52538
13049098	617	0.1	-0.1	-1.41914
13049098	618	0.1	-0.1	-4.83933
13049098	619	0.1	-0.1	-3.45361
13049098	620	0.1	-0.1	1.84505
13049098	621	0.1	-0.1	-3.00153
13049098	622	0.1	-0.1	0.551174
13049098	623	0.1	-0.1	4.85758
13049098	624	0.1	-0.1	1.16343
13049098	625	0.1	-0.1	1.96221
13049098	626	0.1	-0.1	-3.41798
13049098	627	0.1	-0.1	-4.08352
13049098	628	0.1	-0.1	5.44032
13049098	629	0.1	-0.1	-4.59159
13049098	630	0.1	-0.1	1.79279
13049098	631	0.1	-0.1	-2.23396
13049098	632	0.1	-0.1	3.73611
13049098	633	0.1	-0.1	-5.49755
13049098	634	0.1	-0.1	4.11157
13049098	635	0.1	-0.1	-3.11679
13049098	636	0.1	-0.1	-5.97887
13049098	637	0.1	-0.1	3.43458
13049098	638	0.1	-0.1	-0.824901
13049098	639	0.1	-0.1	3.75353
13049098	640	0.1	-0.1	5.65812
13049098	641	0.1	-0.1	0.289897
13049098	642	0.1	-0.1	-0.388599
13049098	643	0.1	-0.1	5.38071
13049098	644	0.1	-0.1	-2.77105
13049098	645	0.1	-0.1	0.158103
13049098	646	0.1	-0.1	4.74829
13049098	647	0.1	-0.1	-0.801362
13049098	648	0.1	-0.1	-0.324264
13049098	649	0.1	-0.1	-5.42863
13049098	650	0.1	-0.1	3.2656
13049098	651	0.1	-0.1	0.872161
13049098	652	0.1	-0.1	5.96179
13049098	653	0.1	-0.1	-5.92001
13049098	654	0.1	-0.1	-2.93981
13049098	655	0.1	-0.1	-1.12913
13049098	656	0.1	-0.1	0.442942
13049098	657	0.1	-0.1	2.73589
13049098	658	0.1	-0.1	-4.82043
13049098	659	0.1	-0.1	-1.03531
13049098	660	0.1	-0.1	5.45682
13049098	661	0.1	-0.1	0.745579
13049098	662	0.1	-0.1	0.688798
13049098	663	0.1	-0.1	-5.75893
13049098	664	0.1	-0.1	3.32186
13049098	665	0.1	-0.1	-4.15624
13049098	666	0.1	-0.1	-2.3668
13049098	667	0.1	-0.1	-5.19199
13049098	668	0.1	-0.1	1.63328
13049098	669	0.1	-0.1	-3.68978
13049098	670	0.1	-0.1	-1.08681
13049098	671	0.1	-0.1	-1.42776
13049098	672	0.1	-0.1	3.36896
13049098	673	0.1	-0.1	-4.23369
13049098	674	0.1	-0.1	-5.75531
13049098	675	0.1	-0.1	0.866089
13049098	676	0.1	-0.1	-1.35299
13049098	677	0.1	-0.1	-4.87115
13049098	678	0.1	-0.1	-0.999143
13049098	679	0.1	-0.1	3.50918
13049098	680	0.1	-0.1	3.91098
13049098	681	0.1	-0.1	2.57297
13049098	682	0.1	-0.1	-1.88078
13049098	683	0.1	-0.1	4.63086
13049098	684	0.1	-0.1	3.76125
13049098	685	0.1	-0.1	-5.79389
13049098	686	0.1	-0.1	5.16821
13049098	687	0.1	-0.1	-3.15197
13049098	688	0.1	-0.1	3.07139
13049098	689	0.1	-0.1	-5.13669
13049098	690	0.1	-0.1	-2.22222
13049098	691	0.1	-0.1	1.31303
13049098	692	0.1	-0.1	-5.41792
13049098	693	0.1	-0.1	1.68678
13049098	694	0.1	-0.1	0.798499
13049098	695	0.1	-0.1	-5.89376
13049098	696	0.1	-0.1	4.34374
13049098	697	0.1	-0.1	-3.58561
13049098	698	0.1	-0.1	-3.58557
13049098	699	0.1	-0.1	-0.616963
13049098	700	0.1	-0.1	-0.218285
13049098	701	0.1	-0.1	-4.56357
13049098	702	0.1	-0.1	-4.4671
13049098	703	0.1	-0.1	-5.50583
13049098	704	0.1	-0.1	-0.934482
13049098	705	0.1	-0.1	-1.949
13049098	706	0.1	-0.1	-2.86815
13049098	707	0.1	-0.1	5.72347
13049098	708	0.1	-0.1	2.05622
13049098	709	0.1	-0.1	0.437653
13049098	710	0.1	-0.1	4.50045
13049098	711	0.1	-0.1	2.88023
13049098	712	0.1	-0.1	-4.33414
13049098	713	0.1	-0.1	0.246661
13049098	714	0.1	-0.1	-5.98755
13049098	715	0.1	-0.1	2.55054
13049098	716	0.1	-0.1	5.4181
13049098	717	0.1	-0.1	4.91411
13049098	718	0.1	-0.1	0.764704
13049098	719	0.1	-0.1	-1.27873
13049098	720	0.1	-0.1	1.40056
13049098	721	0.1	-0.1	-5.91876
13049098	722	0.1	-0.1	-2.81996
13049098	723	0.1	-0.1	3.18834
13049098	724	0.1	-0.1	-0.0727407
13049098	725	0.1	-0.1	-3.26169
13049098	726	0.1	-0.1	-1.30349
13049098	727	0.1	-0.1	-2.26806
13049098	728	0.1	-0.1	-4.42195
13049098	729	0.1	-0.1	-1.50824
13049098	730	0.1	-0.1	-4.04334
13049098	731	0.1	-0.1	-2.32988
13049098	732	0.1	-0.1	-3.21552
13049098	733	0.1	-0.1	4.52237
13049098	734	0.1	-0.1	-5.85666
13049098	735	0.1	-0.1	-2.52527
13049098	736	0.1	-0.1	3.37732
13049098	737	0.1	-0.1	4.55223
13049098	738	0.1	-0.1	2.0288
13049098	739	0.1	-0.1	3.04992
13049098	740	0.1	-0.1	-5.80752
13049098	741	0.1	-0.1	-2.50188
13049098	742	0.1	-0.1	-5.52002
13049098	743	0.1	-0.1	-2.08166
13049098	744	0.1	-0.1	2.87165
13049098	745	0.1	-0.1	-0.172836
13049098	746	0.1	-0.1	-5.81083
13049098	747	0.1	-0.1	-3.29953
13049098	748	0.1	-0.1	-5.0846
13049098	749	0.1	-0.1	-1.3301
13049098	750	0.1	-0.1	0.021397
13049098	751	0.1	-0.1	-2.54478
13049098	752	0.1	-0.1	2.65141
13049098	753	0.1	-0.1	5.64977
13049098	754	0.1	-0.1	-0.816595
13049098	755	0.1	-0.1	-3.0245
13049098	756	0.1	-0.1	4.93016
13049098	757	0.1	-0.1	2.10641
13049098	758	0.1	-0.1	-3.17381
13049098	759	0.1	-0.1	3.50379
13049098	760	0.1	-0.1	2.3085
13049098	761	0.1	-0.1	-0.545129
13049098	762	0.1	-0.1	1.23724
13049098	763	0.1	-0.1	-5.91145
13049098	764	0.1	-0.1	-3.08097
13049098	765	0.1	-0.1	-4.92293
13049098	766	0.1	-0.1	0.851307
13049098	767	0.1	-0.1	-2.28917
13049098	768	0.1	-0.1	2.3423
13049098	769	0.1	-0.1	-1.47717
13049098	770	0.1	-0.1	-2.4797
13049098	771	0.1	-0.1	0.0999509
13049098	772	0.1	-0.1	-4.33424
13049098	773	0.1	-0.1	-3.6037
13049098	774	0.1	-0.1	0.385701
13049098	775	0.1	-0.1	5.9265
13049098	776	0.1	-0.1	3.02833
13049098	777	0.1	-0.1	1.28107
13049098	778	0.1	-0.1	-2.29647
13049098	779	0.1	-0.1	5.07279
13049098	780	0.1	-0.1	2.41665
13049098	781	0.1	-0.1	3.54643
13049098	782	0.1	-0.1	-4.38987
13049098	783	0.1	-0.1	-2.35264
13049098	784	0.1	-0.1	-0.766208
13049098	785	0.1	-0.1	-1.38786
13049098	786	0.1	-0.1	-0.0738858
13049098	787	0.1	-0.1	1.78479
13049098	788	0.1	-0.1	-5.07761
13049098	789	0.1	-0.1	5.79699
13049098	790	0.1	-0.1	5.44901
13049098	791	0.1	-0.1	0.483399
13049098	792	0.1	-0.1	-4.5064
13049098	793	0.1	-0.1	-1.79202
13049098	794	0.1	-0.1	5.43376
13049098	795	0.1	-0.1	-5.56064
13049098	796	0.1	-0.1	-1.80892
13049098	797	0.1	-0.1	-5.55945
13049098	798	0.1	-0.1	5.7125
13049098	799	0.1	-0.1	0.994123
13049098	800	0.1	-0.1	2.32323
13049098	801	0.1	-0.1	-4.05819
13049098	802	0.1	-0.1	-5.78264
13049098	803	0.1	-0.1	-5.27792
13049098	804	0.1	-0.1	-5.98678
13049098	805	0.1	-0.1	-4.46322
13049098	806	0.1	-0.1	-5.73288
13049098	807	0.1	-0.1	-2.98151
13049098	808	0.1	-0.1	-1.50053
13049098	809	0.1	-0.1	-4.70943
13049098	810	0.1	-0.1	-5.46826
13049098	811	0.1	-0.1	1.572
13049098	812	0.1	-0.1	-0.312766
13049098	813	0.1	-0.1	-1.88848
13049098	814	0.1	-0.1	-4.24821
13049098	815	0.1	-0.1	-0.0784594
13049098	816	0.1	-0.1	-3.6544
13049098	817	0.1	-0.1	-4.17188
13049098	818	0.1	-0.1	4.89398
13049098	819	0.1	-0.1	1.05987
13049098	820	0.1	-0.1	-1.83904
13049098	821	0.1	-0.1	-5.83378
13049098	822	0.1	-0.1	3.04068
13049098	823	0.1	-0.1	-2.38416
13049098	824	0.1	-0.1	1.85533
13049098	825	0.1	-0.1	3.10966
13049098	826	0.1	-0.1	-4.44062
13049098	827	0.1	-0.1	4.18227
13049098	828	0.1	-0.1	1.48018
13049098	829	0.1	-0.1	5.91966
13049098	830	0.1	-0.1	-2.87895
13049098	831	0.1	-0.1	4.4954
13049098	832	0.1	-0.1	-2.7908
13049098	833	0.1	-0.1	2.02237
13049098	834	0.1	-0.1	-4.37017
13049098	835	0.1	-0.1	-1.09254
13049098	836	0.1	-0.1	-2.3226
13049098	837	0.1	-0.1	-3.74747
13049098	838	0.1	-0.1	0.348855
13049098	839	0.1	-0.1	4.85173
13049098	840	0.1	-0.1	-1.82674
13049098	841	0.1	-0.1	-0.669713
13049098	842	0.1	-0.1	4.58907
13049098	843	0.1	-0.1	-0.242933
13049098	844	0.1	-0.1	-1.38075
13049098	845	0.1	-0.1	3.31167
13049098	846	0.1	-0.1	3.02156
13049098	847	0.1	-0.1	4.8798
13049098	848	0.1	-0.1	-2.26745
13049098	849	0.1	-0.1	-0.195033
13049098	850	0.1	-0.1	-3.35336
13049098	851	0.1	-0.1	-5.39151
13049098	852	0.1	-0.1	-4.12946
13049098	853	0.1	-0.1	2.69992
13049098	854	0.1	-0.1	0.137547
13049098	855	0.1	-0.1	3.16628
13049098	856	0.1	-0.1	3.0048
13049098	857	0.1	-0.1	3.47003
13049098	858	0.1	-0.1	3.60523
13049098	859	0.1	-0.1	-0.90102
13049098	860	0.1	-0.1	-4.51422
13049098	861	0.1	-0.1	1.3232
13049098	862	0.1	-0.1	5.10574
13049098	863	0.1	-0.1	-3.94332
13049098	864	0.1	-0.1	-3.61819
13049098	865	0.1	-0.1	-1.85978
13049098	866	0.1	-0.1	0.156804
13049098	867	0.1	-0.1	-4.37109
13049098	868	0.1	-0.1	1.77488
13049098	869	0.1	-0.1	-0.476397
13049098	870	0.1	-0.1	0.93161
13049098	871	0.1	-0.1	-1.67412
13049098	872	0.1	-0.1	0.896885
13049098	873	0.1	-0.1	-1.94452
13049098	874	0.1	-0.1	-4.53673
13049098	875	0.1	-0.1	-4.02092
13049098	876	0.1	-0.1	3.95242
13049098	877	0.1	-0.1	0.620436
13049098	878	0.1	-0.1	-4.55528
13049098	879	0.1	-0.1	-4.52783
13049098	880	0.1	-0.1	2.52732
13049098	881	0.1	-0.1	2.06538
13049098	882	0.1	-0.1	-5.69229
13049098	883	0.1	-0.1	-3.41417
13049098	884	0.1	-0.1	1.77935
13049098	885	0.1	-0.1	5.39237
13049098	886	0.1	-0.1	0.951132
13049098	887	0.1	-0.1	-3.6662
13049098	888	0.1	-0.1	-2.02672
13049098	889	0.1	-0.1	-0.120034
13049098	890	0.1	-0.1	-2.82637
13049098	891	0.1	-0.1	-5.8795
13049098	892	0.1	-0.1	0.00414249
13049098	893	0.1	-0.1	0.512431
13049098	894	0.1	-0.1	2.24625
13049098	895	0.1	-0.1	4.50179
13049098	896	0.1	-0.1	-3.4812
13049098	897	0.1	-0.1	4.98907
13049098	898	0.1	-0.1	-1.26048
13049098	899	0.1	-0.1	2.13628
13049098	900	0.1	-0.1	2.96955
13049098	901	0.1	-0.1	-4.15115
13049098	902	0.1	-0.1	-3.98044
13049098	903	0.1	-0.1	0.337407
13049098	904	0.1	-0.1	4.49584
13049098	905	0.1	-0.1	3.00205
13049098	906	0.1	-0.1	5.30727
13049098	907	0.1	-0.1	-0.429726
13049098	908	0.1	-0.1	-3.92505
13049098	909	0.1	-0.1	5.36353
13049098	910	0.1	-0.1	-2.09084
13049098	911	0.1	-0.1	-1.50038
13049098	912	0.1	-0.1	-2.141
13049098	913	0.1	-0.1	2.7447
13049098	914	0.1	-0.1	5.13139
13049098	915	0.1	-0.1	-5.11535
13049098	916	0.1	-0.1	-4.83552
13049098	917	0.1	-0.1	0.916787
13049098	918	0.1	-0.1	-4.73959
13049098	919	0.1	-0.1	5.85891
13049098	920	0.1	-0.1	1.81488
13049098	921	0.1	-0.1	-5.583
13049098	922	0.1	-0.1	4.64501
13049098	923	0.1	-0.1	3.32685
13049098	924	0.1	-0.1	-0.973067
13049098	925	0.1	-0.1	-1.79908
13049098	926	0.1	-0.1	-4.69888
13049098	927	0.1	-0.1	-0.239208
13049098	928	0.1	-0.1	-0.917946
13049098	929	0.1	-0.1	0.298677
13049098	930	0.1	-0.1	-2.85423
13049098	931	0.1	-0.1	-5.0496
13049098	932	0.1	-0.1	3.5033
13049098	933	0.1	-0.1	-2.60753
13049098	934	0.1	-0.1	2.59979
13049098	935	0.1	-0.1	-1.11947
13049098	936	0.1	-0.1	-0.243308
13049098	937	0.1	-0.1	4.26547
13049098	938	0.1	-0.1	2.49515
13049098	939	0.1	-0.1	-2.49754
13049098	940	0.1	-0.1	1.45283
13049098	941	0.1	-0.1	5.66198
13049098	942	0.1	-0.1	4.10235
13049098	943	0.1	-0.1	2.43557
13049098	944	0.1	-0.1	-0.426054
13049098	945	0.1	-0.1	0.352376
13049098	946	0.1	-0.1	1.91523
13049098	947	0.1	-0.1	3.04022
13049098	948	0.1	-0.1	-0.277993
13049098	949	0.1	-0.1	4.72301
13049098	950	0.1	-0.1	3.91018
13049098	951	0.1	-0.1	2.66749
13049098	952	0.1	-0.1	4.69572
13049098	953	0.1	-0.1	-4.49306
13049098	954	0.1	-0.1	-4.74749
13049098	955	0.1	-0.1	1.78383
13049098	956	0.1	-0.1	1.56339
13049098	957	0.1	-0.1	5.89364
13049098	958	0.1	-0.1	0.627086
13049098	959	0.1	-0.1	-1.2615
13049098	960	0.1	-0.1	-4.56462
13049098	961	0.1	-0.1	-4.49443
13049098	962	0.1	-0.1	4.83361
13049098	963	0.1	-0.1	2.08995
13049098	964	0.1	-0.1	-3.14364
13049098	965	0.1	-0.1	-4.39924
13049098	966	0.1	-0.1	0.537647
13049098	967	0.1	-0.1	4.01709
13049098	968	0.1	-0.1	3.42629
13049098	969	0.1	-0.1	1.34153
13049098	970	0.1	-0.1	0.913141
13049098	971	0.1	-0.1	0.448559
13049098	972	0.1	-0.1	-1.09947
13049098	973	0.1	-0.1	2.44106
13049098	974	0.1	-0.1	4.06659
13049098	975	0.1	-0.1	1.61528
13049098	976	0.1	-0.1	3.23613
13049098	977	0.1	-0.1	5.6287
13049098	978	0.1	-0.1	-3.66088
13049098	979	0.1	-0.1	2.4752
13049098	980	0.1	-0.1	-0.0950622
13049098	981	0.1	-0.1	4.27679
13049098	982	0.1	-0.1	0.376294
13049098	983	0.1	-0.1	1.95918
13049098	984	0.1	-0.1	-1.74914
13049098	985	0.1	-0.1	2.79659
13049098	986	0.1	-0.1	1.62118
13049098	987	0.1	-0.1	5.85268
13049098	988	0.1	-0.1	4.98718
13049098	989	0.1	-0.1	-0.798845
13049098	990	0.1	-0.1	-4.38463
13049098	991	0.1	-0.1	2.16614
13049098	992	0.1	-0.1	-0.131685
13049098	993	0.1	-0.1	0.108692
13049098	994	0.1	-0.1	-3.87504
13049098	995	0.1	-0.1	3.97547
13049098	996	0.1	-0.1	1.5191
13049098	997	0.1	-0.1	4.38216
13049098	998	0.1	-0.1	5.45426
13049098	999	0.1	-0.1	1.72084
13049098	1000	0.1	-0.1	2.64468
