13047002	1	0.1	-0.1	-5.65872
13047002	2	0.1	-0.1	-5.57169
13047002	3	0.1	-0.1	3.39335
13047002	4	0.1	-0.1	1.4376
13047002	5	0.1	-0.1	4.38562
13047002	6	0.1	-0.1	-5.53029
13047002	7	0.1	-0.1	5.73879
13047002	8	0.1	-0.1	-5.02688
13047002	9	0.1	-0.1	-3.39397
13047002	10	0.1	-0.1	3.03538
13047002	11	0.1	-0.1	-2.4714
13047002	12	0.1	-0.1	1.38344
13047002	13	0.1	-0.1	3.31974
13047002	14	0.1	-0.1	2.6105
13047002	15	0.1	-0.1	4.35366
13047002	16	0.1	-0.1	-4.31024
13047002	17	0.1	-0.1	-5.8932
13047002	18	0.1	-0.1	5.2082
13047002	19	0.1	-0.1	-1.13836
13047002	20	0.1	-0.1	5.83424
13047002	21	0.1	-0.1	4.89496
13047002	22	0.1	-0.1	-3.63164
13047002	23	0.1	-0.1	4.3745
13047002	24	0.1	-0.1	-5.78141
13047002	25	0.1	-0.1	3.4882
13047002	26	0.1	-0.1	5.93614
13047002	27	0.1	-0.1	-3.82976
13047002	28	0.1	-0.1	-2.80059
13047002	29	0.1	-0.1	4.62406
13047002	30	0.1	-0.1	-0.700836
13047002	31	0.1	-0.1	-3.70855
13047002	32	0.1	-0.1	0.180132
13047002	33	0.1	-0.1	-3.58478
13047002	34	0.1	-0.1	-4.10502
13047002	35	0.1	-0.1	2.20599
13047002	36	0.1	-0.1	-4.86053
13047002	37	0.1	-0.1	3.67354
13047002	38	0.1	-0.1	-4.77173
13047002	39	0.1	-0.1	-1.11096
13047002	40	0.1	-0.1	-4.81157
13047002	41	0.1	-0.1	0.27201
13047002	42	0.1	-0.1	2.5214
13047002	43	0.1	-0.1	2.40692
13047002	44	0.1	-0.1	3.94783
13047002	45	0.1	-0.1	-3.62088
13047002	46	0.1	-0.1	5.02823
13047002	47	0.1	-0.1	-1.43187
13047002	48	0.1	-0.1	-0.265371
13047002	49	0.1	-0.1	0.467288
13047002	50	0.1	-0.1	-2.45973
13047002	51	0.1	-0.1	1.45451
13047002	52	0.1	-0.1	-1.3551
13047002	53	0.1	-0.1	3.90933
13047002	54	0.1	-0.1	-3.97257
13047002	55	0.1	-0.1	3.65588
13047002	56	0.1	-0.1	3.0781
13047002	57	0.1	-0.1	-4.80884
13047002	58	0.1	-0.1	-3.93633
13047002	59	0.1	-0.1	-3.49213
13047002	60	0.1	-0.1	-5.15515
13047002	61	0.1	-0.1	4.43967
13047002	62	0.1	-0.1	1.77123
13047002	63	0.1	-0.1	-1.39555
13047002	64	0.1	-0.1	-1.64325
13047002	65	0.1	-0.1	-5.72439
13047002	66	0.1	-0.1	-4.64595
13047002	67	0.1	-0.1	3.44123
13047002	68	0.1	-0.1	-2.90142
13047002	69	0.1	-0.1	-0.671222
13047002	70	0.1	-0.1	0.787201
13047002	71	0.1	-0.1	2.82651
13047002	72	0.1	-0.1	1.93768
13047002	73	0.1	-0.1	-1.60975
13047002	74	0.1	-0.1	1.32449
13047002	75	0.1	-0.1	3.00564
13047002	76	0.1	-0.1	-2.73383
13047002	77	0.1	-0.1	3.2503
13047002	78	0.1	-0.1	-2.20215
13047002	79	0.1	-0.1	3.54686
13047002	80	0.1	-0.1	-1.15476
13047002	81	0.1	-0.1	-0.0591626
13047002	82	0.1	-0.1	1.93314
13047002	83	0.1	-0.1	-0.477199
13047002	84	0.1	-0.1	4.36518
13047002	85	0.1	-0.1	-4.70385
13047002	86	0.1	-0.1	-4.1394
13047002	87	0.1	-0.1	-2.27219
13047002	88	0.1	-0.1	5.97191
13047002	89	0.1	-0.1	-5.46332
13047002	90	0.1	-0.1	4.14784
13047002	91	0.1	-0.1	-1.18845
13047002	92	0.1	-0.1	4.26167
13047002	93	0.1	-0.1	-2.3959
13047002	94	0.1	-0.1	0.439522
13047002	95	0.1	-0.1	0.790468
13047002	96	0.1	-0.1	-3.0727
13047002	97	0.1	-0.1	-2.69972
13047002	98	0.1	-0.1	4.8365
13047002	99	0.1	-0.1	5.90133
13047002	100	0.1	-0.1	-5.81219
13047002	101	0.1	-0.1	3.49885
13047002	102	0.1	-0.1	4.48657
13047002	103	0.1	-0.1	-5.45748
13047002	104	0.1	-0.1	-2.67227
13047002	105	0.1	-0.1	2.64384
13047002	106	0.1	-0.1	3.81366
13047002	107	0.1	-0.1	-4.96682
13047002	108	0.1	-0.1	3.70449
13047002	109	0.1	-0.1	1.37075
13047002	110	0.1	-0.1	4.12843
13047002	111	0.1	-0.1	2.57288
13047002	112	0.1	-0.1	-4.49298
13047002	113	0.1	-0.1	-0.0946821
13047002	114	0.1	-0.1	0.0546027
13047002	115	0.1	-0.1	-3.01111
13047002	116	0.1	-0.1	2.79652
13047002	117	0.1	-0.1	3.90963
13047002	118	0.1	-0.1	-4.12692
13047002	119	0.1	-0.1	2.80035
13047002	120	0.1	-0.1	-0.774647
13047002	121	0.1	-0.1	4.90218
13047002	122	0.1	-0.1	0.309003
13047002	123	0.1	-0.1	-2.24827
13047002	124	0.1	-0.1	-3.13763
13047002	125	0.1	-0.1	-0.622722
13047002	126	0.1	-0.1	-4.07759
13047002	127	0.1	-0.1	1.70939
13047002	128	0.1	-0.1	-1.79103
13047002	129	0.1	-0.1	-2.54759
13047002	130	0.1	-0.1	-4.00015
13047002	131	0.1	-0.1	0.466164
13047002	132	0.1	-0.1	2.31782
13047002	133	0.1	-0.1	-0.816319
13047002	134	0.1	-0.1	0.222232
13047002	135	0.1	-0.1	-0.0964812
13047002	136	0.1	-0.1	3.83676
13047002	137	0.1	-0.1	-0.0996735
13047002	138	0.1	-0.1	-3.1431
13047002	139	0.1	-0.1	4.1536
13047002	140	0.1	-0.1	-4.62626
13047002	141	0.1	-0.1	-3.56875
13047002	142	0.1	-0.1	1.10597
13047002	143	0.1	-0.1	-0.0302562
13047002	144	0.1	-0.1	-5.44002
13047002	145	0.1	-0.1	-1.01395
13047002	146	0.1	-0.1	-4.87895
13047002	147	0.1	-0.1	0.684786
13047002	148	0.1	-0.1	-0.522207
13047002	149	0.1	-0.1	-0.0420302
13047002	150	0.1	-0.1	4.19695
13047002	151	0.1	-0.1	0.0232754
13047002	152	0.1	-0.1	5.59282
13047002	153	0.1	-0.1	-5.86177
13047002	154	0.1	-0.1	1.55231
13047002	155	0.1	-0.1	2.86892
13047002	156	0.1	-0.1	-1.49095
13047002	157	0.1	-0.1	1.77085
13047002	158	0.1	-0.1	0.893901
13047002	159	0.1	-0.1	-1.75513
13047002	160	0.1	-0.1	-2.23415
13047002	161	0.1	-0.1	2.869
13047002	162	0.1	-0.1	0.210912
13047002	163	0.1	-0.1	-2.36877
13047002	164	0.1	-0.1	4.44562
13047002	165	0.1	-0.1	-0.374783
13047002	166	0.1	-0.1	3.34354
13047002	167	0.1	-0.1	-5.09925
13047002	168	0.1	-0.1	3.0889
13047002	169	0.1	-0.1	-2.46703
13047002	170	0.1	-0.1	-4.1788
13047002	171	0.1	-0.1	-5.07008
13047002	172	0.1	-0.1	-5.26102
13047002	173	0.1	-0.1	-5.4049
13047002	174	0.1	-0.1	-4.31626
13047002	175	0.1	-0.1	5.60878
13047002	176	0.1	-0.1	-5.11745
13047002	177	0.1	-0.1	2.21114
13047002	178	0.1	-0.1	1.40004
13047002	179	0.1	-0.1	3.59728
13047002	180	0.1	-0.1	4.4061
13047002	181	0.1	-0.1	-1.21279
13047002	182	0.1	-0.1	-5.51646
13047002	183	0.1	-0.1	4.36225
13047002	184	0.1	-0.1	-2.89971
13047002	185	0.1	-0.1	-5.49973
13047002	186	0.1	-0.1	0.1099
13047002	187	0.1	-0.1	-5.80993
13047002	188	0.1	-0.1	-2.51579
13047002	189	0.1	-0.1	-0.243196
13047002	190	0.1	-0.1	-5.73984
13047002	191	0.1	-0.1	2.55243
13047002	192	0.1	-0.1	-3.37019
13047002	193	0.1	-0.1	-5.0016
13047002	194	0.1	-0.1	3.2007
13047002	195	0.1	-0.1	4.26554
13047002	196	0.1	-0.1	5.00706
13047002	197	0.1	-0.1	-5.79998
13047002	198	0.1	-0.1	-0.812665
13047002	199	0.1	-0.1	-4.07899
13047002	200	0.1	-0.1	0.766293
13047002	201	0.1	-0.1	-1.87667
13047002	202	0.1	-0.1	2.87675
13047002	203	0.1	-0.1	3.79437
13047002	204	0.1	-0.1	-2.67266
13047002	205	0.1	-0.1	-5.93655
13047002	206	0.1	-0.1	-0.95515
13047002	207	0.1	-0.1	-5.25379
13047002	208	0.1	-0.1	1.60764
13047002	209	0.1	-0.1	-1.40336
13047002	210	0.1	-0.1	4.66347
13047002	211	0.1	-0.1	3.97145
13047002	212	0.1	-0.1	-3.65589
13047002	213	0.1	-0.1	-1.90002
13047002	214	0.1	-0.1	-1.17316
13047002	215	0.1	-0.1	2.47581
13047002	216	0.1	-0.1	-4.48278
13047002	217	0.1	-0.1	3.39762
13047002	218	0.1	-0.1	-1.44615
13047002	219	0.1	-0.1	1.44308
13047002	220	0.1	-0.1	4.01086
13047002	221	0.1	-0.1	-4.58263
13047002	222	0.1	-0.1	-4.03704
13047002	223	0.1	-0.1	-0.50043
13047002	224	0.1	-0.1	-5.33243
13047002	225	0.1	-0.1	-1.51523
13047002	226	0.1	-0.1	3.88704
13047002	227	0.1	-0.1	1.84275
13047002	228	0.1	-0.1	-4.85174
13047002	229	0.1	-0.1	4.90258
13047002	230	0.1	-0.1	3.31008
13047002	231	0.1	-0.1	-3.24458
13047002	232	0.1	-0.1	2.65915
13047002	233	0.1	-0.1	-5.38211
13047002	234	0.1	-0.1	-1.1688
13047002	235	0.1	-0.1	1.63233
13047002	236	0.1	-0.1	-5.20395
13047002	237	0.1	-0.1	-3.35365
13047002	238	0.1	-0.1	-3.03884
13047002	239	0.1	-0.1	5.59275
13047002	240	0.1	-0.1	-5.95378
13047002	241	0.1	-0.1	-4.11089
13047002	242	0.1	-0.1	2.34288
13047002	243	0.1	-0.1	-0.564017
13047002	244	0.1	-0.1	-4.66321
13047002	245	0.1	-0.1	-2.74164
13047002	246	0.1	-0.1	-1.41374
13047002	247	0.1	-0.1	1.58854
13047002	248	0.1	-0.1	5.00486
13047002	249	0.1	-0.1	-2.3191
13047002	250	0.1	-0.1	2.29006
13047002	251	0.1	-0.1	4.36011
13047002	252	0.1	-0.1	-0.397966
13047002	253	0.1	-0.1	-5.93626
13047002	254	0.1	-0.1	2.17252
13047002	255	0.1	-0.1	-4.09631
13047002	256	0.1	-0.1	-1.46915
13047002	257	0.1	-0.1	1.88544
13047002	258	0.1	-0.1	-0.0143953
13047002	259	0.1	-0.1	-1.13875
13047002	260	0.1	-0.1	-0.0731282
13047002	261	0.1	-0.1	-2.85224
13047002	262	0.1	-0.1	-5.30405
13047002	263	0.1	-0.1	5.89656
13047002	264	0.1	-0.1	-2.23838
13047002	265	0.1	-0.1	5.21995
13047002	266	0.1	-0.1	2.58612
13047002	267	0.1	-0.1	-1.33132
13047002	268	0.1	-0.1	-5.80152
13047002	269	0.1	-0.1	5.36032
13047002	270	0.1	-0.1	4.75501
13047002	271	0.1	-0.1	1.82882
13047002	272	0.1	-0.1	-4.08807
13047002	273	0.1	-0.1	4.07055
13047002	274	0.1	-0.1	0.162722
13047002	275	0.1	-0.1	1.05662
13047002	276	0.1	-0.1	-3.20554
13047002	277	0.1	-0.1	-2.25509
13047002	278	0.1	-0.1	4.22596
13047002	279	0.1	-0.1	3.38427
13047002	280	0.1	-0.1	-3.81482
13047002	281	0.1	-0.1	-0.899549
13047002	282	0.1	-0.1	5.65929
13047002	283	0.1	-0.1	5.4819
13047002	284	0.1	-0.1	-0.0709011
13047002	285	0.1	-0.1	5.2997
13047002	286	0.1	-0.1	2.00025
13047002	287	0.1	-0.1	-2.92367
13047002	288	0.1	-0.1	-0.36086
13047002	289	0.1	-0.1	0.406184
13047002	290	0.1	-0.1	-5.35468
13047002	291	0.1	-0.1	-1.4964
13047002	292	0.1	-0.1	3.51112
13047002	293	0.1	-0.1	5.03932
13047002	294	0.1	-0.1	-2.80815
13047002	295	0.1	-0.1	-1.85893
13047002	296	0.1	-0.1	1.16864
13047002	297	0.1	-0.1	5.48632
13047002	298	0.1	-0.1	-5.16436
13047002	299	0.1	-0.1	-2.53828
13047002	300	0.1	-0.1	0.618248
13047002	301	0.1	-0.1	-3.59509
13047002	302	0.1	-0.1	0.737826
13047002	303	0.1	-0.1	-2.3613
13047002	304	0.1	-0.1	-1.92383
13047002	305	0.1	-0.1	-3.0041
13047002	306	0.1	-0.1	-0.723315
13047002	307	0.1	-0.1	-2.7122
13047002	308	0.1	-0.1	-0.134073
13047002	309	0.1	-0.1	2.64828
13047002	310	0.1	-0.1	-3.48664
13047002	311	0.1	-0.1	1.95286
13047002	312	0.1	-0.1	2.9488
13047002	313	0.1	-0.1	1.7881
13047002	314	0.1	-0.1	5.01446
13047002	315	0.1	-0.1	1.3536
13047002	316	0.1	-0.1	4.35456
13047002	317	0.1	-0.1	2.55754
13047002	318	0.1	-0.1	-5.32521
13047002	319	0.1	-0.1	2.32843
13047002	320	0.1	-0.1	-2.97814
13047002	321	0.1	-0.1	4.73665
13047002	322	0.1	-0.1	-4.16076
13047002	323	0.1	-0.1	4.97284
13047002	324	0.1	-0.1	-0.296026
13047002	325	0.1	-0.1	2.32981
13047002	326	0.1	-0.1	2.07733
13047002	327	0.1	-0.1	-5.64472
13047002	328	0.1	-0.1	-2.75965
13047002	329	0.1	-0.1	2.89136
13047002	330	0.1	-0.1	1.671
13047002	331	0.1	-0.1	4.78944
13047002	332	0.1	-0.1	3.62566
13047002	333	0.1	-0.1	4.2481
13047002	334	0.1	-0.1	-1.87074
13047002	335	0.1	-0.1	-3.78899
13047002	336	0.1	-0.1	3.55141
13047002	337	0.1	-0.1	5.55605
13047002	338	0.1	-0.1	-3.49477
13047002	339	0.1	-0.1	0.27335
13047002	340	0.1	-0.1	-1.02488
13047002	341	0.1	-0.1	1.28134
13047002	342	0.1	-0.1	-3.20531
13047002	343	0.1	-0.1	0.00342918
13047002	344	0.1	-0.1	-5.11285
13047002	345	0.1	-0.1	-5.79471
13047002	346	0.1	-0.1	4.81902
13047002	347	0.1	-0.1	4.43822
13047002	348	0.1	-0.1	2.74278
13047002	349	0.1	-0.1	3.90737
13047002	350	0.1	-0.1	-2.60003
13047002	351	0.1	-0.1	0.675751
13047002	352	0.1	-0.1	0.947328
13047002	353	0.1	-0.1	-4.38257
13047002	354	0.1	-0.1	3.89553
13047002	355	0.1	-0.1	-1.94675
13047002	356	0.1	-0.1	-5.92784
13047002	357	0.1	-0.1	-3.00644
13047002	358	0.1	-0.1	-4.20878
13047002	359	0.1	-0.1	-5.54984
13047002	360	0.1	-0.1	2.99715
13047002	361	0.1	-0.1	-2.55988
13047002	362	0.1	-0.1	-2.6064
13047002	363	0.1	-0.1	1.29883
13047002	364	0.1	-0.1	-0.612237
13047002	365	0.1	-0.1	2.52523
13047002	366	0.1	-0.1	-4.69816
13047002	367	0.1	-0.1	4.77135
13047002	368	0.1	-0.1	-2.29967
13047002	369	0.1	-0.1	4.19449
13047002	370	0.1	-0.1	-5.70503
13047002	371	0.1	-0.1	-1.56744
13047002	372	0.1	-0.1	3.90201
13047002	373	0.1	-0.1	1.7965
13047002	374	0.1	-0.1	3.40312
13047002	375	0.1	-0.1	0.926387
13047002	376	0.1	-0.1	4.80801
13047002	377	0.1	-0.1	-5.99539
13047002	378	0.1	-0.1	-1.24149
13047002	379	0.1	-0.1	0.927503
13047002	380	0.1	-0.1	2.25162
13047002	381	0.1	-0.1	0.232484
13047002	382	0.1	-0.1	2.3013
13047002	383	0.1	-0.1	-2.44099
13047002	384	0.1	-0.1	0.667793
13047002	385	0.1	-0.1	3.31829
13047002	386	0.1	-0.1	-5.50237
13047002	387	0.1	-0.1	-0.243639
13047002	388	0.1	-0.1	1.49125
13047002	389	0.1	-0.1	1.74888
13047002	390	0.1	-0.1	-0.252247
13047002	391	0.1	-0.1	3.60418
13047002	392	0.1	-0.1	-4.34368
13047002	393	0.1	-0.1	0.0999036
13047002	394	0.1	-0.1	-0.687924
13047002	395	0.1	-0.1	-4.77913
13047002	396	0.1	-0.1	3.17182
13047002	397	0.1	-0.1	2.16601
13047002	398	0.1	-0.1	-4.05671
13047002	399	0.1	-0.1	-5.28539
13047002	400	0.1	-0.1	-0.0445559
13047002	401	0.1	-0.1	-3.6195
13047002	402	0.1	-0.1	2.66484
13047002	403	0.1	-0.1	0.792072
13047002	404	0.1	-0.1	5.68539
13047002	405	0.1	-0.1	2.76635
13047002	406	0.1	-0.1	1.24283
13047002	407	0.1	-0.1	0.387946
13047002	408	0.1	-0.1	-2.80757
13047002	409	0.1	-0.1	4.92185
13047002	410	0.1	-0.1	-2.46609
13047002	411	0.1	-0.1	-2.97635
13047002	412	0.1	-0.1	0.0585775
13047002	413	0.1	-0.1	-2.84239
13047002	414	0.1	-0.1	1.7726
13047002	415	0.1	-0.1	-0.21017
13047002	416	0.1	-0.1	2.69424
13047002	417	0.1	-0.1	-5.67412
13047002	418	0.1	-0.1	0.841011
13047002	419	0.1	-0.1	2.4945
13047002	420	0.1	-0.1	-3.24282
13047002	421	0.1	-0.1	-3.237
13047002	422	0.1	-0.1	4.80832
13047002	423	0.1	-0.1	-0.786949
13047002	424	0.1	-0.1	4.93638
13047002	425	0.1	-0.1	0.217076
13047002	426	0.1	-0.1	1.19503
13047002	427	0.1	-0.1	3.037
13047002	428	0.1	-0.1	-2.4115
13047002	429	0.1	-0.1	4.71737
13047002	430	0.1	-0.1	-4.11944
13047002	431	0.1	-0.1	3.2226
13047002	432	0.1	-0.1	-0.525423
13047002	433	0.1	-0.1	4.95564
13047002	434	0.1	-0.1	2.74208
13047002	435	0.1	-0.1	0.797601
13047002	436	0.1	-0.1	1.18077
13047002	437	0.1	-0.1	-2.78525
13047002	438	0.1	-0.1	-0.878356
13047002	439	0.1	-0.1	-4.08566
13047002	440	0.1	-0.1	-2.91597
13047002	441	0.1	-0.1	-3.68674
13047002	442	0.1	-0.1	5.94043
13047002	443	0.1	-0.1	-4.15727
13047002	444	0.1	-0.1	-1.99401
13047002	445	0.1	-0.1	-1.57455
13047002	446	0.1	-0.1	-3.65426
13047002	447	0.1	-0.1	5.68861
13047002	448	0.1	-0.1	-4.30789
13047002	449	0.1	-0.1	-2.11086
13047002	450	0.1	-0.1	1.29845
13047002	451	0.1	-0.1	-0.804547
13047002	452	0.1	-0.1	3.35852
13047002	453	0.1	-0.1	-1.44163
13047002	454	0.1	-0.1	-1.88057
13047002	455	0.1	-0.1	2.35607
13047002	456	0.1	-0.1	-4.07273
13047002	457	0.1	-0.1	2.53481
13047002	458	0.1	-0.1	-2.54116
13047002	459	0.1	-0.1	-3.09135
13047002	460	0.1	-0.1	4.30873
13047002	461	0.1	-0.1	-3.95433
13047002	462	0.1	-0.1	5.02513
13047002	463	0.1	-0.1	-0.174547
13047002	464	0.1	-0.1	-0.86182
13047002	465	0.1	-0.1	2.27534
13047002	466	0.1	-0.1	-1.27389
13047002	467	0.1	-0.1	4.23631
13047002	468	0.1	-0.1	5.03714
13047002	469	0.1	-0.1	-0.0565893
13047002	470	0.1	-0.1	-1.33223
13047002	471	0.1	-0.1	0.267013
13047002	472	0.1	-0.1	4.18862
13047002	473	0.1	-0.1	-2.69757
13047002	474	0.1	-0.1	-0.186239
13047002	475	0.1	-0.1	3.67333
13047002	476	0.1	-0.1	-1.51225
13047002	477	0.1	-0.1	-0.409614
13047002	478	0.1	-0.1	-3.98004
13047002	479	0.1	-0.1	5.19839
13047002	480	0.1	-0.1	-1.05935
13047002	481	0.1	-0.1	-1.68376
13047002	482	0.1	-0.1	-4.9309
13047002	483	0.1	-0.1	2.28842
13047002	484	0.1	-0.1	0.534728
13047002	485	0.1	-0.1	-1.87044
13047002	486	0.1	-0.1	3.46959
13047002	487	0.1	-0.1	0.249649
13047002	488	0.1	-0.1	1.49162
13047002	489	0.1	-0.1	-0.601465
13047002	490	0.1	-0.1	-2.83766
13047002	491	0.1	-0.1	2.40926
13047002	492	0.1	-0.1	1.4886
13047002	493	0.1	-0.1	4.93778
13047002	494	0.1	-0.1	-3.23292
13047002	495	0.1	-0.1	1.66419
13047002	496	0.1	-0.1	2.75918
13047002	497	0.1	-0.1	1.50568
13047002	498	0.1	-0.1	1.41121
13047002	499	0.1	-0.1	3.63705
13047002	500	0.1	-0.1	1.69556
13047002	501	0.1	-0.1	-3.16391
13047002	502	0.1	-0.1	-0.737603
13047002	503	0.1	-0.1	-3.99884
13047002	504	0.1	-0.1	-1.11832
13047002	505	0.1	-0.1	5.79859
13047002	506	0.1	-0.1	-4.9904
13047002	507	0.1	-0.1	5.42237
13047002	508	0.1	-0.1	1.95325
13047002	509	0.1	-0.1	2.6523
13047002	510	0.1	-0.1	2.8475
13047002	511	0.1	-0.1	3.40422
13047002	512	0.1	-0.1	3.48287
13047002	513	0.1	-0.1	-3.57601
13047002	514	0.1	-0.1	-0.918269
13047002	515	0.1	-0.1	3.85888
13047002	516	0.1	-0.1	1.13502
13047002	517	0.1	-0.1	-5.19032
13047002	518	0.1	-0.1	-2.00608
13047002	519	0.1	-0.1	-1.44372
13047002	520	0.1	-0.1	2.05806
13047002	521	0.1	-0.1	1.50143
13047002	522	0.1	-0.1	-5.82472
13047002	523	0.1	-0.1	-0.313729
13047002	524	0.1	-0.1	-2.01854
13047002	525	0.1	-0.1	-2.78931
13047002	526	0.1	-0.1	-1.12911
13047002	527	0.1	-0.1	-2.02604
13047002	528	0.1	-0.1	3.73955
13047002	529	0.1	-0.1	-3.66342
13047002	530	0.1	-0.1	-4.44486
13047002	531	0.1	-0.1	-1.6924
13047002	532	0.1	-0.1	1.14513
13047002	533	0.1	-0.1	-4.41714
13047002	534	0.1	-0.1	2.10979
13047002	535	0.1	-0.1	-3.65309
13047002	536	0.1	-0.1	4.12215
13047002	537	0.1	-0.1	-1.51639
13047002	538	0.1	-0.1	-3.38972
13047002	539	0.1	-0.1	-0.877655
13047002	540	0.1	-0.1	4.35571
13047002	541	0.1	-0.1	3.32553
13047002	542	0.1	-0.1	2.90622
13047002	543	0.1	-0.1	-4.07375
13047002	544	0.1	-0.1	3.95015
13047002	545	0.1	-0.1	-4.96567
13047002	546	0.1	-0.1	-0.32687
13047002	547	0.1	-0.1	-2.86493
13047002	548	0.1	-0.1	3.99908
13047002	549	0.1	-0.1	-4.39953
13047002	550	0.1	-0.1	-3.46632
13047002	551	0.1	-0.1	2.08177
13047002	552	0.1	-0.1	-0.929218
13047002	553	0.1	-0.1	0.996306
13047002	554	0.1	-0.1	0.20301
13047002	555	0.1	-0.1	2.64326
13047002	556	0.1	-0.1	-5.65697
13047002	557	0.1	-0.1	5.44106
13047002	558	0.1	-0.1	-1.0224
13047002	559	0.1	-0.1	1.41551
13047002	560	0.1	-0.1	-2.05375
13047002	561	0.1	-0.1	-4.19443
13047002	562	0.1	-0.1	0.125253
13047002	563	0.1	-0.1	4.21375
13047002	564	0.1	-0.1	-5.28174
13047002	565	0.1	-0.1	-2.70743
13047002	566	0.1	-0.1	-1.89027
13047002	567	0.1	-0.1	0.669293
13047002	568	0.1	-0.1	2.93931
13047002	569	0.1	-0.1	0.163005
13047002	570	0.1	-0.1	-0.937967
13047002	571	0.1	-0.1	5.39189
13047002	572	0.1	-0.1	3.16271
13047002	573	0.1	-0.1	-5.3862
13047002	574	0.1	-0.1	4.44444
13047002	575	0.1	-0.1	0.346016
13047002	576	0.1	-0.1	4.16138
13047002	577	0.1	-0.1	-1.93106
13047002	578	0.1	-0.1	4.2938
13047002	579	0.1	-0.1	-1.2357
13047002	580	0.1	-0.1	4.43816
13047002	581	0.1	-0.1	1.61966
13047002	582	0.1	-0.1	4.12547
13047002	583	0.1	-0.1	-2.61755
13047002	584	0.1	-0.1	-1.9836
13047002	585	0.1	-0.1	-0.578181
13047002	586	0.1	-0.1	1.27809
13047002	587	0.1	-0.1	-5.17862
13047002	588	0.1	-0.1	3.50597
13047002	589	0.1	-0.1	0.202541
13047002	590	0.1	-0.1	2.35211
13047002	591	0.1	-0.1	-4.23071
13047002	592	0.1	-0.1	-1.3903
13047002	593	0.1	-0.1	-4.8916
13047002	594	0.1	-0.1	-5.71169
13047002	595	0.1	-0.1	-3.41065
13047002	596	0.1	-0.1	0.407717
13047002	597	0.1	-0.1	2.65684
13047002	598	0.1	-0.1	-3.67522
13047002	599	0.1	-0.1	3.49743
13047002	600	0.1	-0.1	0.40225
13047002	601	0.1	-0.1	4.70535
13047002	602	0.1	-0.1	-0.921058
13047002	603	0.1	-0.1	-4.8253
13047002	604	0.1	-0.1	-2.50781
13047002	605	0.1	-0.1	-2.54266
13047002	606	0.1	-0.1	4.16259
13047002	607	0.1	-0.1	-0.114311
13047002	608	0.1	-0.1	3.2435
13047002	609	0.1	-0.1	-3.56568
13047002	610	0.1	-0.1	-5.94254
13047002	611	0.1	-0.1	-5.46287
13047002	612	0.1	-0.1	3.22635
13047002	613	0.1	-0.1	5.65134
13047002	614	0.1	-0.1	5.00129
13047002	615	0.1	-0.1	-1.92648
13047002	616	0.1	-0.1	-1.21641
13047002	617	0.1	-0.1	5.81915
13047002	618	0.1	-0.1	1.70364
13047002	619	0.1	-0.1	-5.813
13047002	620	0.1	-0.1	-2.19932
13047002	621	0.1	-0.1	0.345266
13047002	622	0.1	-0.1	4.63358
13047002	623	0.1	-0.1	0.873695
13047002	624	0.1	-0.1	4.49475
13047002	625	0.1	-0.1	-5.0134
13047002	626	0.1	-0.1	1.40194
13047002	627	0.1	-0.1	5.14146
13047002	628	0.1	-0.1	0.0366286
13047002	629	0.1	-0.1	-5.18427
13047002	630	0.1	-0.1	-1.98486
13047002	631	0.1	-0.1	1.06383
13047002	632	0.1	-0.1	-1.96158
13047002	633	0.1	-0.1	-0.847369
13047002	634	0.1	-0.1	1.77599
13047002	635	0.1	-0.1	0.630677
13047002	636	0.1	-0.1	0.860932
13047002	637	0.1	-0.1	-0.897073
13047002	638	0.1	-0.1	3.30041
13047002	639	0.1	-0.1	-4.83209
13047002	640	0.1	-0.1	-2.30173
13047002	641	0.1	-0.1	1.65834
13047002	642	0.1	-0.1	3.22296
13047002	643	0.1	-0.1	-2.51953
13047002	644	0.1	-0.1	3.35257
13047002	645	0.1	-0.1	-1.86544
13047002	646	0.1	-0.1	0.572775
13047002	647	0.1	-0.1	-1.5352
13047002	648	0.1	-0.1	-5.81053
13047002	649	0.1	-0.1	-3.61513
13047002	650	0.1	-0.1	-3.18363
13047002	651	0.1	-0.1	0.567356
13047002	652	0.1	-0.1	0.900264
13047002	653	0.1	-0.1	-5.65414
13047002	654	0.1	-0.1	-2.80771
13047002	655	0.1	-0.1	-2.51158
13047002	656	0.1	-0.1	-5.57449
13047002	657	0.1	-0.1	-4.28351
13047002	658	0.1	-0.1	4.32328
13047002	659	0.1	-0.1	-1.64555
13047002	660	0.1	-0.1	5.75513
13047002	661	0.1	-0.1	-0.449642
13047002	662	0.1	-0.1	4.16772
13047002	663	0.1	-0.1	-1.75028
13047002	664	0.1	-0.1	3.89451
13047002	665	0.1	-0.1	0.45772
13047002	666	0.1	-0.1	0.943167
13047002	667	0.1	-0.1	-4.63145
13047002	668	0.1	-0.1	-3.47657
13047002	669	0.1	-0.1	1.85504
13047002	670	0.1	-0.1	3.65889
13047002	671	0.1	-0.1	1.1591
13047002	672	0.1	-0.1	4.66508
13047002	673	0.1	-0.1	0.0910477
13047002	674	0.1	-0.1	-5.60948
13047002	675	0.1	-0.1	-4.36097
13047002	676	0.1	-0.1	1.98806
13047002	677	0.1	-0.1	4.09578
13047002	678	0.1	-0.1	1.05448
13047002	679	0.1	-0.1	-3.82325
13047002	680	0.1	-0.1	0.12031
13047002	681	0.1	-0.1	0.855382
13047002	682	0.1	-0.1	-1.26439
13047002	683	0.1	-0.1	-2.98947
13047002	684	0.1	-0.1	3.86017
13047002	685	0.1	-0.1	-3.05336
13047002	686	0.1	-0.1	0.405233
13047002	687	0.1	-0.1	-4.62208
13047002	688	0.1	-0.1	-5.2591
13047002	689	0.1	-0.1	-4.31081
13047002	690	0.1	-0.1	3.75419
13047002	691	0.1	-0.1	3.71456
13047002	692	0.1	-0.1	4.99607
13047002	693	0.1	-0.1	-4.13893
13047002	694	0.1	-0.1	5.08893
13047002	695	0.1	-0.1	0.0550967
13047002	696	0.1	-0.1	-0.601166
13047002	697	0.1	-0.1	5.11054
13047002	698	0.1	-0.1	4.45646
13047002	699	0.1	-0.1	1.84774
13047002	700	0.1	-0.1	0.0712491
13047002	701	0.1	-0.1	4.72653
13047002	702	0.1	-0.1	3.78149
13047002	703	0.1	-0.1	-5.51372
13047002	704	0.1	-0.1	5.58889
13047002	705	0.1	-0.1	-5.34997
13047002	706	0.1	-0.1	-5.47214
13047002	707	0.1	-0.1	-5.25442
13047002	708	0.1	-0.1	4.38229
13047002	709	0.1	-0.1	1.10771
13047002	710	0.1	-0.1	-1.01927
13047002	711	0.1	-0.1	3.44547
13047002	712	0.1	-0.1	-0.217016
13047002	713	0.1	-0.1	1.11239
13047002	714	0.1	-0.1	-0.553528
13047002	715	0.1	-0.1	-0.166039
13047002	716	0.1	-0.1	-4.71934
13047002	717	0.1	-0.1	0.0372947
13047002	718	0.1	-0.1	-0.779422
13047002	719	0.1	-0.1	-1.68092
13047002	720	0.1	-0.1	0.522698
13047002	721	0.1	-0.1	-1.23571
13047002	722	0.1	-0.1	-1.95664
13047002	723	0.1	-0.1	0.93555
13047002	724	0.1	-0.1	5.63732
13047002	725	0.1	-0.1	5.16055
13047002	726	0.1	-0.1	0.695153
13047002	727	0.1	-0.1	2.76922
13047002	728	0.1	-0.1	1.53389
13047002	729	0.1	-0.1	-3.75393
13047002	730	0.1	-0.1	3.33128
13047002	731	0.1	-0.1	0.592974
13047002	732	0.1	-0.1	-5.63281
13047002	733	0.1	-0.1	2.5082
13047002	734	0.1	-0.1	-3.52381
13047002	735	0.1	-0.1	-1.0667
13047002	736	0.1	-0.1	0.335994
13047002	737	0.1	-0.1	2.43278
13047002	738	0.1	-0.1	-4.68428
13047002	739	0.1	-0.1	-2.92502
13047002	740	0.1	-0.1	5.70126
13047002	741	0.1	-0.1	-0.253823
13047002	742	0.1	-0.1	-2.39092
13047002	743	0.1	-0.1	-3.28176
13047002	744	0.1	-0.1	3.08261
13047002	745	0.1	-0.1	-0.664386
13047002	746	0.1	-0.1	-0.55378
13047002	747	0.1	-0.1	2.98615
13047002	748	0.1	-0.1	-1.9423
13047002	749	0.1	-0.1	-4.87233
13047002	750	0.1	-0.1	-0.0732675
13047002	751	0.1	-0.1	3.7894
13047002	752	0.1	-0.1	-4.97386
13047002	753	0.1	-0.1	0.677034
13047002	754	0.1	-0.1	5.33059
13047002	755	0.1	-0.1	-2.11433
13047002	756	0.1	-0.1	5.30894
13047002	757	0.1	-0.1	5.66222
13047002	758	0.1	-0.1	-2.44458
13047002	759	0.1	-0.1	5.99964
13047002	760	0.1	-0.1	4.57272
13047002	761	0.1	-0.1	-5.5082
13047002	762	0.1	-0.1	-5.09757
13047002	763	0.1	-0.1	-1.24865
13047002	764	0.1	-0.1	3.58036
13047002	765	0.1	-0.1	-3.59828
13047002	766	0.1	-0.1	0.554296
13047002	767	0.1	-0.1	-5.90847
13047002	768	0.1	-0.1	2.86521
13047002	769	0.1	-0.1	1.57687
13047002	770	0.1	-0.1	-1.87786
13047002	771	0.1	-0.1	-5.91852
13047002	772	0.1	-0.1	-3.04106
13047002	773	0.1	-0.1	2.71048
13047002	774	0.1	-0.1	0.449649
13047002	775	0.1	-0.1	1.71339
13047002	776	0.1	-0.1	-5.80074
13047002	777	0.1	-0.1	0.170452
13047002	778	0.1	-0.1	3.82787
13047002	779	0.1	-0.1	4.43667
13047002	780	0.1	-0.1	-3.49293
13047002	781	0.1	-0.1	2.59052
13047002	782	0.1	-0.1	3.65075
13047002	783	0.1	-0.1	0.871094
13047002	784	0.1	-0.1	-1.48434
13047002	785	0.1	-0.1	0.062155
13047002	786	0.1	-0.1	0.98774
13047002	787	0.1	-0.1	2.33136
13047002	788	0.1	-0.1	-1.17772
13047002	789	0.1	-0.1	5.57814
13047002	790	0.1	-0.1	-1.50878
13047002	791	0.1	-0.1	3.22049
13047002	792	0.1	-0.1	-3.69259
13047002	793	0.1	-0.1	2.58284
13047002	794	0.1	-0.1	4.4693
13047002	795	0.1	-0.1	2.57525
13047002	796	0.1	-0.1	5.28559
13047002	797	0.1	-0.1	-4.01562
13047002	798	0.1	-0.1	3.02114
13047002	799	0.1	-0.1	1.84069
13047002	800	0.1	-0.1	3.4354
13047002	801	0.1	-0.1	-0.382153
13047002	802	0.1	-0.1	3.72907
13047002	803	0.1	-0.1	-0.288197
13047002	804	0.1	-0.1	-2.57384
13047002	805	0.1	-0.1	-3.50421
13047002	806	0.1	-0.1	-5.75662
13047002	807	0.1	-0.1	-0.0427265
13047002	808	0.1	-0.1	-0.1878
13047002	809	0.1	-0.1	0.87837
13047002	810	0.1	-0.1	5.01378
13047002	811	0.1	-0.1	0.642089
13047002	812	0.1	-0.1	-1.84056
13047002	813	0.1	-0.1	3.15781
13047002	814	0.1	-0.1	1.27042
13047002	815	0.1	-0.1	-5.79905
13047002	816	0.1	-0.1	2.7085
13047002	817	0.1	-0.1	-1.06499
13047002	818	0.1	-0.1	-5.4814
13047002	819	0.1	-0.1	1.00061
13047002	820	0.1	-0.1	1.82595
13047002	821	0.1	-0.1	-2.08812
13047002	822	0.1	-0.1	0.89578
13047002	823	0.1	-0.1	-0.0584729
13047002	824	0.1	-0.1	5.0245
13047002	825	0.1	-0.1	1.12643
13047002	826	0.1	-0.1	-4.67068
13047002	827	0.1	-0.1	4.49905
13047002	828	0.1	-0.1	5.91725
13047002	829	0.1	-0.1	-4.44759
13047002	830	0.1	-0.1	1.41245
13047002	831	0.1	-0.1	5.65725
13047002	832	0.1	-0.1	1.04371
13047002	833	0.1	-0.1	4.93837
13047002	834	0.1	-0.1	5.53545
13047002	835	0.1	-0.1	0.340803
13047002	836	0.1	-0.1	-3.28924
13047002	837	0.1	-0.1	3.17272
13047002	838	0.1	-0.1	0.880248
13047002	839	0.1	-0.1	4.34339
13047002	840	0.1	-0.1	-3.94082
13047002	841	0.1	-0.1	-2.18591
13047002	842	0.1	-0.1	-1.4772
13047002	843	0.1	-0.1	-4.31601
13047002	844	0.1	-0.1	5.87112
13047002	845	0.1	-0.1	2.90135
13047002	846	0.1	-0.1	4.52657
13047002	847	0.1	-0.1	1.22223
13047002	848	0.1	-0.1	5.46914
13047002	849	0.1	-0.1	-4.37404
13047002	850	0.1	-0.1	2.75871
13047002	851	0.1	-0.1	-3.21245
13047002	852	0.1	-0.1	-3.7958
13047002	853	0.1	-0.1	3.60838
13047002	854	0.1	-0.1	-5.87779
13047002	855	0.1	-0.1	-0.536145
13047002	856	0.1	-0.1	3.11697
13047002	857	0.1	-0.1	-5.41863
13047002	858	0.1	-0.1	-3.33722
13047002	859	0.1	-0.1	-5.52864
13047002	860	0.1	-0.1	1.36754
13047002	861	0.1	-0.1	-2.23675
13047002	862	0.1	-0.1	-5.86224
13047002	863	0.1	-0.1	0.595878
13047002	864	0.1	-0.1	4.04069
13047002	865	0.1	-0.1	2.90218
13047002	866	0.1	-0.1	-3.71638
13047002	867	0.1	-0.1	-3.46456
13047002	868	0.1	-0.1	4.40836
13047002	869	0.1	-0.1	-2.22633
13047002	870	0.1	-0.1	-2.50237
13047002	871	0.1	-0.1	1.54902
13047002	872	0.1	-0.1	4.02176
13047002	873	0.1	-0.1	-5.65266
13047002	874	0.1	-0.1	1.11819
13047002	875	0.1	-0.1	5.46056
13047002	876	0.1	-0.1	-3.29257
13047002	877	0.1	-0.1	1.92632
13047002	878	0.1	-0.1	-5.08585
13047002	879	0.1	-0.1	-3.31848
13047002	880	0.1	-0.1	1.39566
13047002	881	0.1	-0.1	-4.14759
13047002	882	0.1	-0.1	-4.79526
13047002	883	0.1	-0.1	3.03248
13047002	884	0.1	-0.1	0.941104
13047002	885	0.1	-0.1	0.293831
13047002	886	0.1	-0.1	-0.068198
13047002	887	0.1	-0.1	-4.14114
13047002	888	0.1	-0.1	0.889373
13047002	889	0.1	-0.1	-4.51472
13047002	890	0.1	-0.1	-1.55158
13047002	891	0.1	-0.1	4.33974
13047002	892	0.1	-0.1	-0.216494
13047002	893	0.1	-0.1	-3.55204
13047002	894	0.1	-0.1	3.62764
13047002	895	0.1	-0.1	-3.85554
13047002	896	0.1	-0.1	3.79768
13047002	897	0.1	-0.1	-5.32842
13047002	898	0.1	-0.1	-2.8347
13047002	899	0.1	-0.1	-4.01857
13047002	900	0.1	-0.1	-1.68936
13047002	901	0.1	-0.1	-3.39415
13047002	902	0.1	-0.1	5.45553
13047002	903	0.1	-0.1	-4.2669
13047002	904	0.1	-0.1	-4.84174
13047002	905	0.1	-0.1	-2.20876
13047002	906	0.1	-0.1	-3.2748
13047002	907	0.1	-0.1	-5.18325
13047002	908	0.1	-0.1	-5.79908
13047002	909	0.1	-0.1	-1.93872
13047002	910	0.1	-0.1	1.41449
13047002	911	0.1	-0.1	-1.08224
13047002	912	0.1	-0.1	-5.36107
13047002	913	0.1	-0.1	0.360814
13047002	914	0.1	-0.1	0.0754152
13047002	915	0.1	-0.1	-2.46466
13047002	916	0.1	-0.1	-3.60599
13047002	917	0.1	-0.1	-3.79568
13047002	918	0.1	-0.1	-0.307037
13047002	919	0.1	-0.1	2.56284
13047002	920	0.1	-0.1	3.61212
13047002	921	0.1	-0.1	4.06052
13047002	922	0.1	-0.1	-2.12506
13047002	923	0.1	-0.1	3.67056
13047002	924	0.1	-0.1	-4.3761
13047002	925	0.1	-0.1	-4.10556
13047002	926	0.1	-0.1	-3.80195
13047002	927	0.1	-0.1	2.31759
13047002	928	0.1	-0.1	3.76899
13047002	929	0.1	-0.1	-4.04113
13047002	930	0.1	-0.1	-4.77744
13047002	931	0.1	-0.1	0.0281087
13047002	932	0.1	-0.1	0.905554
13047002	933	0.1	-0.1	-2.82526
13047002	934	0.1	-0.1	-1.90002
13047002	935	0.1	-0.1	3.3329
13047002	936	0.1	-0.1	4.5832
13047002	937	0.1	-0.1	-4.29916
13047002	938	0.1	-0.1	3.18491
13047002	939	0.1	-0.1	5.66583
13047002	940	0.1	-0.1	-0.840867
13047002	941	0.1	-0.1	1.5886
13047002	942	0.1	-0.1	5.13373
13047002	943	0.1	-0.1	-4.08642
13047002	944	0.1	-0.1	1.86092
13047002	945	0.1	-0.1	-2.31805
13047002	946	0.1	-0.1	0.158427
13047002	947	0.1	-0.1	1.67626
13047002	948	0.1	-0.1	0.0847535
13047002	949	0.1	-0.1	0.658866
13047002	950	0.1	-0.1	5.87496
13047002	951	0.1	-0.1	-2.91631
13047002	952	0.1	-0.1	-2.90829
13047002	953	0.1	-0.1	-4.90933
13047002	954	0.1	-0.1	-3.29771
13047002	955	0.1	-0.1	1.01953
13047002	956	0.1	-0.1	-2.8394
13047002	957	0.1	-0.1	-1.84937
13047002	958	0.1	-0.1	1.63306
13047002	959	0.1	-0.1	-5.91014
13047002	960	0.1	-0.1	-2.8521
13047002	961	0.1	-0.1	4.65703
13047002	962	0.1	-0.1	2.75523
13047002	963	0.1	-0.1	5.7823
13047002	964	0.1	-0.1	-2.84664
13047002	965	0.1	-0.1	5.32675
13047002	966	0.1	-0.1	-2.57098
13047002	967	0.1	-0.1	-5.35414
13047002	968	0.1	-0.1	-2.29256
13047002	969	0.1	-0.1	-4.29027
13047002	970	0.1	-0.1	2.11561
13047002	971	0.1	-0.1	-1.82217
13047002	972	0.1	-0.1	4.78855
13047002	973	0.1	-0.1	2.92034
13047002	974	0.1	-0.1	-3.75683
13047002	975	0.1	-0.1	-5.80111
13047002	976	0.1	-0.1	-4.90869
13047002	977	0.1	-0.1	1.93542
13047002	978	0.1	-0.1	-4.1376
13047002	979	0.1	-0.1	1.4841
13047002	980	0.1	-0.1	-4.91997
13047002	981	0.1	-0.1	-4.54019
13047002	982	0.1	-0.1	-3.87652
13047002	983	0.1	-0.1	3.04783
13047002	984	0.1	-0.1	3.06538
13047002	985	0.1	-0.1	-0.36602
13047002	986	0.1	-0.1	-3.96075
13047002	987	0.1	-0.1	-5.50859
13047002	988	0.1	-0.1	-1.17213
13047002	989	0.1	-0.1	2.55037
13047002	990	0.1	-0.1	5.71088
13047002	991	0.1	-0.1	2.10177
13047002	992	0.1	-0.1	5.56618
13047002	993	0.1	-0.1	-5.81712
13047002	994	0.1	-0.1	-5.13249
13047002	995	0.1	-0.1	1.20252
13047002	996	0.1	-0.1	-5.15365
13047002	997	0.1	-0.1	0.31455
13047002	998	0.1	-0.1	-2.07727
13047002	999	0.1	-0.1	0.255679
13047002	1000	0.1	-0.1	0.592749
