13047050	1	0.1	-0.1	-5.84373
13047050	2	0.1	-0.1	-1.61091
13047050	3	0.1	-0.1	3.82289
13047050	4	0.1	-0.1	0.953455
13047050	5	0.1	-0.1	-4.79439
13047050	6	0.1	-0.1	1.25007
13047050	7	0.1	-0.1	5.14987
13047050	8	0.1	-0.1	5.05128
13047050	9	0.1	-0.1	-0.17666
13047050	10	0.1	-0.1	-4.30053
13047050	11	0.1	-0.1	-3.29678
13047050	12	0.1	-0.1	2.20238
13047050	13	0.1	-0.1	5.89515
13047050	14	0.1	-0.1	-5.46604
13047050	15	0.1	-0.1	0.752368
13047050	16	0.1	-0.1	0.962742
13047050	17	0.1	-0.1	1.47183
13047050	18	0.1	-0.1	-3.25411
13047050	19	0.1	-0.1	-1.93843
13047050	20	0.1	-0.1	-2.6061
13047050	21	0.1	-0.1	-3.75979
13047050	22	0.1	-0.1	2.47455
13047050	23	0.1	-0.1	3.98414
13047050	24	0.1	-0.1	0.365665
13047050	25	0.1	-0.1	-2.29754
13047050	26	0.1	-0.1	3.0836
13047050	27	0.1	-0.1	3.89614
13047050	28	0.1	-0.1	-0.92852
13047050	29	0.1	-0.1	-5.82053
13047050	30	0.1	-0.1	-5.73775
13047050	31	0.1	-0.1	5.74828
13047050	32	0.1	-0.1	5.31236
13047050	33	0.1	-0.1	3.5617
13047050	34	0.1	-0.1	-5.72734
13047050	35	0.1	-0.1	4.87037
13047050	36	0.1	-0.1	-1.40182
13047050	37	0.1	-0.1	5.21248
13047050	38	0.1	-0.1	0.335324
13047050	39	0.1	-0.1	4.59916
13047050	40	0.1	-0.1	2.85909
13047050	41	0.1	-0.1	-1.76913
13047050	42	0.1	-0.1	0.242849
13047050	43	0.1	-0.1	0.385024
13047050	44	0.1	-0.1	3.1956
13047050	45	0.1	-0.1	-5.65376
13047050	46	0.1	-0.1	1.6647
13047050	47	0.1	-0.1	1.68141
13047050	48	0.1	-0.1	2.08926
13047050	49	0.1	-0.1	2.84206
13047050	50	0.1	-0.1	-2.53852
13047050	51	0.1	-0.1	4.66139
13047050	52	0.1	-0.1	-4.23844
13047050	53	0.1	-0.1	1.24044
13047050	54	0.1	-0.1	-3.15171
13047050	55	0.1	-0.1	-1.22117
13047050	56	0.1	-0.1	-5.84537
13047050	57	0.1	-0.1	1.21638
13047050	58	0.1	-0.1	-4.00809
13047050	59	0.1	-0.1	2.67435
13047050	60	0.1	-0.1	1.46491
13047050	61	0.1	-0.1	5.61485
13047050	62	0.1	-0.1	0.800275
13047050	63	0.1	-0.1	-5.26243
13047050	64	0.1	-0.1	2.97783
13047050	65	0.1	-0.1	-1.77089
13047050	66	0.1	-0.1	-2.25779
13047050	67	0.1	-0.1	-3.97055
13047050	68	0.1	-0.1	-2.83016
13047050	69	0.1	-0.1	-2.90433
13047050	70	0.1	-0.1	5.14965
13047050	71	0.1	-0.1	-2.59625
13047050	72	0.1	-0.1	-2.28878
13047050	73	0.1	-0.1	-1.73074
13047050	74	0.1	-0.1	-0.254873
13047050	75	0.1	-0.1	-4.75042
13047050	76	0.1	-0.1	4.12508
13047050	77	0.1	-0.1	0.949635
13047050	78	0.1	-0.1	-4.90522
13047050	79	0.1	-0.1	-5.39224
13047050	80	0.1	-0.1	0.509052
13047050	81	0.1	-0.1	-0.0577096
13047050	82	0.1	-0.1	-3.56821
13047050	83	0.1	-0.1	-2.72289
13047050	84	0.1	-0.1	1.31096
13047050	85	0.1	-0.1	4.1608
13047050	86	0.1	-0.1	3.59256
13047050	87	0.1	-0.1	5.19354
13047050	88	0.1	-0.1	-1.32012
13047050	89	0.1	-0.1	-5.50414
13047050	90	0.1	-0.1	4.8754
13047050	91	0.1	-0.1	-0.492288
13047050	92	0.1	-0.1	0.893193
13047050	93	0.1	-0.1	2.63831
13047050	94	0.1	-0.1	3.04635
13047050	95	0.1	-0.1	0.64379
13047050	96	0.1	-0.1	3.91924
13047050	97	0.1	-0.1	-0.109391
13047050	98	0.1	-0.1	3.75727
13047050	99	0.1	-0.1	-2.06983
13047050	100	0.1	-0.1	-3.91329
13047050	101	0.1	-0.1	-2.9032
13047050	102	0.1	-0.1	-3.01443
13047050	103	0.1	-0.1	-3.11822
13047050	104	0.1	-0.1	3.21949
13047050	105	0.1	-0.1	-1.48864
13047050	106	0.1	-0.1	-2.23972
13047050	107	0.1	-0.1	4.76683
13047050	108	0.1	-0.1	-0.337918
13047050	109	0.1	-0.1	4.91807
13047050	110	0.1	-0.1	-0.765939
13047050	111	0.1	-0.1	-2.8247
13047050	112	0.1	-0.1	1.16473
13047050	113	0.1	-0.1	1.26042
13047050	114	0.1	-0.1	-3.62803
13047050	115	0.1	-0.1	-2.62362
13047050	116	0.1	-0.1	4.02022
13047050	117	0.1	-0.1	-3.3689
13047050	118	0.1	-0.1	5.71426
13047050	119	0.1	-0.1	-5.28358
13047050	120	0.1	-0.1	-1.39723
13047050	121	0.1	-0.1	-5.26766
13047050	122	0.1	-0.1	0.883597
13047050	123	0.1	-0.1	-0.913451
13047050	124	0.1	-0.1	-4.98869
13047050	125	0.1	-0.1	-3.09991
13047050	126	0.1	-0.1	-3.8124
13047050	127	0.1	-0.1	-1.70668
13047050	128	0.1	-0.1	-1.15407
13047050	129	0.1	-0.1	-5.20609
13047050	130	0.1	-0.1	-0.463967
13047050	131	0.1	-0.1	1.9625
13047050	132	0.1	-0.1	-5.16573
13047050	133	0.1	-0.1	-2.6062
13047050	134	0.1	-0.1	-0.874003
13047050	135	0.1	-0.1	-0.41684
13047050	136	0.1	-0.1	-0.470879
13047050	137	0.1	-0.1	-5.14399
13047050	138	0.1	-0.1	5.98718
13047050	139	0.1	-0.1	-0.243876
13047050	140	0.1	-0.1	3.52239
13047050	141	0.1	-0.1	2.18322
13047050	142	0.1	-0.1	1.80733
13047050	143	0.1	-0.1	-0.42321
13047050	144	0.1	-0.1	-4.7427
13047050	145	0.1	-0.1	-0.224248
13047050	146	0.1	-0.1	3.77732
13047050	147	0.1	-0.1	0.924954
13047050	148	0.1	-0.1	-3.09207
13047050	149	0.1	-0.1	-1.20117
13047050	150	0.1	-0.1	-1.4333
13047050	151	0.1	-0.1	5.24188
13047050	152	0.1	-0.1	-2.16583
13047050	153	0.1	-0.1	-0.307166
13047050	154	0.1	-0.1	3.06113
13047050	155	0.1	-0.1	-3.71755
13047050	156	0.1	-0.1	4.5185
13047050	157	0.1	-0.1	1.22871
13047050	158	0.1	-0.1	4.67351
13047050	159	0.1	-0.1	5.39592
13047050	160	0.1	-0.1	4.79535
13047050	161	0.1	-0.1	-2.35687
13047050	162	0.1	-0.1	-3.20991
13047050	163	0.1	-0.1	-0.855668
13047050	164	0.1	-0.1	1.64192
13047050	165	0.1	-0.1	3.43362
13047050	166	0.1	-0.1	2.46759
13047050	167	0.1	-0.1	-4.41644
13047050	168	0.1	-0.1	-3.72154
13047050	169	0.1	-0.1	0.889608
13047050	170	0.1	-0.1	4.76208
13047050	171	0.1	-0.1	2.49168
13047050	172	0.1	-0.1	-1.29207
13047050	173	0.1	-0.1	-4.21912
13047050	174	0.1	-0.1	2.98237
13047050	175	0.1	-0.1	3.50826
13047050	176	0.1	-0.1	2.82729
13047050	177	0.1	-0.1	1.67146
13047050	178	0.1	-0.1	-0.691364
13047050	179	0.1	-0.1	3.0242
13047050	180	0.1	-0.1	-5.56063
13047050	181	0.1	-0.1	-3.38096
13047050	182	0.1	-0.1	-0.998077
13047050	183	0.1	-0.1	-2.6679
13047050	184	0.1	-0.1	-0.860852
13047050	185	0.1	-0.1	-4.75906
13047050	186	0.1	-0.1	-1.50022
13047050	187	0.1	-0.1	3.88854
13047050	188	0.1	-0.1	2.67788
13047050	189	0.1	-0.1	3.0589
13047050	190	0.1	-0.1	-5.09685
13047050	191	0.1	-0.1	-1.46097
13047050	192	0.1	-0.1	1.96631
13047050	193	0.1	-0.1	-2.57108
13047050	194	0.1	-0.1	3.5383
13047050	195	0.1	-0.1	5.4884
13047050	196	0.1	-0.1	1.39405
13047050	197	0.1	-0.1	-4.77289
13047050	198	0.1	-0.1	0.609722
13047050	199	0.1	-0.1	-2.2143
13047050	200	0.1	-0.1	1.75286
13047050	201	0.1	-0.1	-4.4111
13047050	202	0.1	-0.1	-2.53526
13047050	203	0.1	-0.1	-0.740949
13047050	204	0.1	-0.1	-4.90116
13047050	205	0.1	-0.1	-1.87117
13047050	206	0.1	-0.1	0.0929749
13047050	207	0.1	-0.1	3.24207
13047050	208	0.1	-0.1	-1.58031
13047050	209	0.1	-0.1	-0.883141
13047050	210	0.1	-0.1	-2.81228
13047050	211	0.1	-0.1	-4.31699
13047050	212	0.1	-0.1	2.14497
13047050	213	0.1	-0.1	-5.79964
13047050	214	0.1	-0.1	2.29615
13047050	215	0.1	-0.1	4.61923
13047050	216	0.1	-0.1	-0.281752
13047050	217	0.1	-0.1	1.94933
13047050	218	0.1	-0.1	3.08869
13047050	219	0.1	-0.1	5.58057
13047050	220	0.1	-0.1	-2.18053
13047050	221	0.1	-0.1	-5.46574
13047050	222	0.1	-0.1	5.78741
13047050	223	0.1	-0.1	-4.84193
13047050	224	0.1	-0.1	-3.59382
13047050	225	0.1	-0.1	3.14585
13047050	226	0.1	-0.1	5.14218
13047050	227	0.1	-0.1	0.682981
13047050	228	0.1	-0.1	-5.34084
13047050	229	0.1	-0.1	-5.20686
13047050	230	0.1	-0.1	3.5485
13047050	231	0.1	-0.1	-4.6365
13047050	232	0.1	-0.1	1.89988
13047050	233	0.1	-0.1	3.4866
13047050	234	0.1	-0.1	-5.28994
13047050	235	0.1	-0.1	0.0665701
13047050	236	0.1	-0.1	-2.19869
13047050	237	0.1	-0.1	-5.51327
13047050	238	0.1	-0.1	1.646
13047050	239	0.1	-0.1	0.0611435
13047050	240	0.1	-0.1	-5.59818
13047050	241	0.1	-0.1	-1.70414
13047050	242	0.1	-0.1	1.39423
13047050	243	0.1	-0.1	-3.13343
13047050	244	0.1	-0.1	-1.40356
13047050	245	0.1	-0.1	-3.9115
13047050	246	0.1	-0.1	4.65345
13047050	247	0.1	-0.1	1.36981
13047050	248	0.1	-0.1	2.54353
13047050	249	0.1	-0.1	4.93661
13047050	250	0.1	-0.1	-0.433365
13047050	251	0.1	-0.1	-1.4613
13047050	252	0.1	-0.1	-2.25086
13047050	253	0.1	-0.1	-5.1947
13047050	254	0.1	-0.1	-1.79432
13047050	255	0.1	-0.1	0.273893
13047050	256	0.1	-0.1	-5.69448
13047050	257	0.1	-0.1	-1.43669
13047050	258	0.1	-0.1	-3.01926
13047050	259	0.1	-0.1	-2.51747
13047050	260	0.1	-0.1	-4.31501
13047050	261	0.1	-0.1	1.61467
13047050	262	0.1	-0.1	4.8528
13047050	263	0.1	-0.1	1.67591
13047050	264	0.1	-0.1	-1.71895
13047050	265	0.1	-0.1	-5.82562
13047050	266	0.1	-0.1	-1.38146
13047050	267	0.1	-0.1	-5.48463
13047050	268	0.1	-0.1	-1.97124
13047050	269	0.1	-0.1	-5.26714
13047050	270	0.1	-0.1	0.279915
13047050	271	0.1	-0.1	-3.19324
13047050	272	0.1	-0.1	-3.61401
13047050	273	0.1	-0.1	-1.34623
13047050	274	0.1	-0.1	-1.24527
13047050	275	0.1	-0.1	2.91848
13047050	276	0.1	-0.1	2.56779
13047050	277	0.1	-0.1	5.33578
13047050	278	0.1	-0.1	-0.421012
13047050	279	0.1	-0.1	1.22781
13047050	280	0.1	-0.1	3.12693
13047050	281	0.1	-0.1	2.38735
13047050	282	0.1	-0.1	3.90936
13047050	283	0.1	-0.1	-5.70158
13047050	284	0.1	-0.1	2.14841
13047050	285	0.1	-0.1	-1.05198
13047050	286	0.1	-0.1	0.763428
13047050	287	0.1	-0.1	5.12369
13047050	288	0.1	-0.1	-3.79709
13047050	289	0.1	-0.1	2.82833
13047050	290	0.1	-0.1	-3.1371
13047050	291	0.1	-0.1	-4.66174
13047050	292	0.1	-0.1	2.16389
13047050	293	0.1	-0.1	-2.41102
13047050	294	0.1	-0.1	3.54505
13047050	295	0.1	-0.1	0.263342
13047050	296	0.1	-0.1	3.85131
13047050	297	0.1	-0.1	0.555735
13047050	298	0.1	-0.1	-4.6782
13047050	299	0.1	-0.1	0.0760759
13047050	300	0.1	-0.1	-3.99695
13047050	301	0.1	-0.1	1.42904
13047050	302	0.1	-0.1	-0.321648
13047050	303	0.1	-0.1	5.3634
13047050	304	0.1	-0.1	2.50458
13047050	305	0.1	-0.1	-0.516155
13047050	306	0.1	-0.1	4.02361
13047050	307	0.1	-0.1	4.8391
13047050	308	0.1	-0.1	3.19313
13047050	309	0.1	-0.1	1.55076
13047050	310	0.1	-0.1	-0.145692
13047050	311	0.1	-0.1	5.70808
13047050	312	0.1	-0.1	5.13394
13047050	313	0.1	-0.1	-5.31446
13047050	314	0.1	-0.1	-3.28055
13047050	315	0.1	-0.1	-0.380986
13047050	316	0.1	-0.1	5.87959
13047050	317	0.1	-0.1	-1.48776
13047050	318	0.1	-0.1	-3.60675
13047050	319	0.1	-0.1	2.60772
13047050	320	0.1	-0.1	0.295652
13047050	321	0.1	-0.1	3.60977
13047050	322	0.1	-0.1	5.35959
13047050	323	0.1	-0.1	-3.37888
13047050	324	0.1	-0.1	1.52231
13047050	325	0.1	-0.1	3.34841
13047050	326	0.1	-0.1	1.94479
13047050	327	0.1	-0.1	1.11726
13047050	328	0.1	-0.1	-5.56592
13047050	329	0.1	-0.1	1.15704
13047050	330	0.1	-0.1	-3.87312
13047050	331	0.1	-0.1	4.70635
13047050	332	0.1	-0.1	-4.98325
13047050	333	0.1	-0.1	-2.4967
13047050	334	0.1	-0.1	5.88873
13047050	335	0.1	-0.1	-5.58601
13047050	336	0.1	-0.1	-4.98725
13047050	337	0.1	-0.1	-2.44988
13047050	338	0.1	-0.1	-0.456527
13047050	339	0.1	-0.1	-2.87906
13047050	340	0.1	-0.1	-4.42813
13047050	341	0.1	-0.1	-0.384118
13047050	342	0.1	-0.1	1.41102
13047050	343	0.1	-0.1	2.3029
13047050	344	0.1	-0.1	1.25641
13047050	345	0.1	-0.1	-3.2307
13047050	346	0.1	-0.1	-1.31605
13047050	347	0.1	-0.1	-1.54371
13047050	348	0.1	-0.1	-3.74236
13047050	349	0.1	-0.1	-5.15976
13047050	350	0.1	-0.1	-5.34405
13047050	351	0.1	-0.1	5.32259
13047050	352	0.1	-0.1	3.98857
13047050	353	0.1	-0.1	1.23085
13047050	354	0.1	-0.1	0.484345
13047050	355	0.1	-0.1	1.76265
13047050	356	0.1	-0.1	5.37656
13047050	357	0.1	-0.1	1.32422
13047050	358	0.1	-0.1	-0.851679
13047050	359	0.1	-0.1	-5.16711
13047050	360	0.1	-0.1	1.82058
13047050	361	0.1	-0.1	1.42631
13047050	362	0.1	-0.1	3.84718
13047050	363	0.1	-0.1	-5.03813
13047050	364	0.1	-0.1	-2.61684
13047050	365	0.1	-0.1	-1.58684
13047050	366	0.1	-0.1	3.10513
13047050	367	0.1	-0.1	-1.21711
13047050	368	0.1	-0.1	-1.80863
13047050	369	0.1	-0.1	-1.52062
13047050	370	0.1	-0.1	0.375016
13047050	371	0.1	-0.1	1.98739
13047050	372	0.1	-0.1	-0.992924
13047050	373	0.1	-0.1	-4.68227
13047050	374	0.1	-0.1	0.338612
13047050	375	0.1	-0.1	2.46295
13047050	376	0.1	-0.1	2.93337
13047050	377	0.1	-0.1	-3.97601
13047050	378	0.1	-0.1	4.37188
13047050	379	0.1	-0.1	-0.825147
13047050	380	0.1	-0.1	1.8818
13047050	381	0.1	-0.1	-5.63724
13047050	382	0.1	-0.1	-1.61481
13047050	383	0.1	-0.1	-0.996398
13047050	384	0.1	-0.1	2.32421
13047050	385	0.1	-0.1	-4.48942
13047050	386	0.1	-0.1	-5.18797
13047050	387	0.1	-0.1	1.93692
13047050	388	0.1	-0.1	3.70847
13047050	389	0.1	-0.1	4.80662
13047050	390	0.1	-0.1	-1.73482
13047050	391	0.1	-0.1	-3.97292
13047050	392	0.1	-0.1	4.79428
13047050	393	0.1	-0.1	0.444154
13047050	394	0.1	-0.1	0.0778353
13047050	395	0.1	-0.1	-5.58854
13047050	396	0.1	-0.1	-5.9495
13047050	397	0.1	-0.1	0.186141
13047050	398	0.1	-0.1	1.6571
13047050	399	0.1	-0.1	-4.88699
13047050	400	0.1	-0.1	1.7929
13047050	401	0.1	-0.1	-3.80216
13047050	402	0.1	-0.1	-3.47843
13047050	403	0.1	-0.1	0.729801
13047050	404	0.1	-0.1	-2.6552
13047050	405	0.1	-0.1	2.07489
13047050	406	0.1	-0.1	3.27718
13047050	407	0.1	-0.1	-4.13524
13047050	408	0.1	-0.1	2.36825
13047050	409	0.1	-0.1	1.32251
13047050	410	0.1	-0.1	-2.87534
13047050	411	0.1	-0.1	0.676296
13047050	412	0.1	-0.1	-3.33093
13047050	413	0.1	-0.1	1.56658
13047050	414	0.1	-0.1	-5.73038
13047050	415	0.1	-0.1	-2.37958
13047050	416	0.1	-0.1	-2.40762
13047050	417	0.1	-0.1	-5.60374
13047050	418	0.1	-0.1	2.78786
13047050	419	0.1	-0.1	3.03919
13047050	420	0.1	-0.1	2.33442
13047050	421	0.1	-0.1	0.927718
13047050	422	0.1	-0.1	-0.477363
13047050	423	0.1	-0.1	-3.88732
13047050	424	0.1	-0.1	0.724661
13047050	425	0.1	-0.1	1.86767
13047050	426	0.1	-0.1	-1.01623
13047050	427	0.1	-0.1	1.01702
13047050	428	0.1	-0.1	-1.41329
13047050	429	0.1	-0.1	0.749827
13047050	430	0.1	-0.1	0.910648
13047050	431	0.1	-0.1	-5.53979
13047050	432	0.1	-0.1	5.42074
13047050	433	0.1	-0.1	-3.76387
13047050	434	0.1	-0.1	0.609801
13047050	435	0.1	-0.1	5.51447
13047050	436	0.1	-0.1	-1.37897
13047050	437	0.1	-0.1	-4.20551
13047050	438	0.1	-0.1	1.67808
13047050	439	0.1	-0.1	4.69966
13047050	440	0.1	-0.1	2.81496
13047050	441	0.1	-0.1	-5.60216
13047050	442	0.1	-0.1	2.11866
13047050	443	0.1	-0.1	0.465187
13047050	444	0.1	-0.1	1.56207
13047050	445	0.1	-0.1	1.97327
13047050	446	0.1	-0.1	5.92792
13047050	447	0.1	-0.1	2.40239
13047050	448	0.1	-0.1	-2.68166
13047050	449	0.1	-0.1	4.79509
13047050	450	0.1	-0.1	5.85886
13047050	451	0.1	-0.1	2.54466
13047050	452	0.1	-0.1	-4.29999
13047050	453	0.1	-0.1	-4.81805
13047050	454	0.1	-0.1	3.35508
13047050	455	0.1	-0.1	-5.47612
13047050	456	0.1	-0.1	-4.02499
13047050	457	0.1	-0.1	-5.1936
13047050	458	0.1	-0.1	-3.84509
13047050	459	0.1	-0.1	0.967457
13047050	460	0.1	-0.1	-0.63337
13047050	461	0.1	-0.1	1.80171
13047050	462	0.1	-0.1	2.81549
13047050	463	0.1	-0.1	4.26454
13047050	464	0.1	-0.1	-0.31799
13047050	465	0.1	-0.1	3.46712
13047050	466	0.1	-0.1	-4.41444
13047050	467	0.1	-0.1	2.26862
13047050	468	0.1	-0.1	0.603681
13047050	469	0.1	-0.1	-5.8318
13047050	470	0.1	-0.1	-2.77021
13047050	471	0.1	-0.1	-0.614879
13047050	472	0.1	-0.1	-3.09727
13047050	473	0.1	-0.1	0.0650309
13047050	474	0.1	-0.1	2.63946
13047050	475	0.1	-0.1	-2.95319
13047050	476	0.1	-0.1	3.88596
13047050	477	0.1	-0.1	1.83085
13047050	478	0.1	-0.1	4.95021
13047050	479	0.1	-0.1	1.10811
13047050	480	0.1	-0.1	4.52532
13047050	481	0.1	-0.1	-4.94229
13047050	482	0.1	-0.1	-4.23498
13047050	483	0.1	-0.1	-5.45849
13047050	484	0.1	-0.1	-2.59468
13047050	485	0.1	-0.1	0.719947
13047050	486	0.1	-0.1	-5.37696
13047050	487	0.1	-0.1	1.16507
13047050	488	0.1	-0.1	-2.55373
13047050	489	0.1	-0.1	0.183853
13047050	490	0.1	-0.1	2.33459
13047050	491	0.1	-0.1	-0.773437
13047050	492	0.1	-0.1	-2.17564
13047050	493	0.1	-0.1	-3.8966
13047050	494	0.1	-0.1	-2.43133
13047050	495	0.1	-0.1	0.814935
13047050	496	0.1	-0.1	1.89804
13047050	497	0.1	-0.1	-0.246161
13047050	498	0.1	-0.1	-4.48471
13047050	499	0.1	-0.1	-0.339991
13047050	500	0.1	-0.1	0.177951
13047050	501	0.1	-0.1	-5.14618
13047050	502	0.1	-0.1	-5.23639
13047050	503	0.1	-0.1	3.78817
13047050	504	0.1	-0.1	-4.46509
13047050	505	0.1	-0.1	-0.595431
13047050	506	0.1	-0.1	0.250431
13047050	507	0.1	-0.1	0.637471
13047050	508	0.1	-0.1	-3.00154
13047050	509	0.1	-0.1	1.81793
13047050	510	0.1	-0.1	-5.93688
13047050	511	0.1	-0.1	1.86738
13047050	512	0.1	-0.1	5.19407
13047050	513	0.1	-0.1	-1.93926
13047050	514	0.1	-0.1	-1.04092
13047050	515	0.1	-0.1	-4.12154
13047050	516	0.1	-0.1	0.789685
13047050	517	0.1	-0.1	-2.67404
13047050	518	0.1	-0.1	-5.11854
13047050	519	0.1	-0.1	-4.36017
13047050	520	0.1	-0.1	1.18743
13047050	521	0.1	-0.1	-0.203976
13047050	522	0.1	-0.1	-0.639922
13047050	523	0.1	-0.1	-5.9096
13047050	524	0.1	-0.1	2.46496
13047050	525	0.1	-0.1	0.740804
13047050	526	0.1	-0.1	3.77293
13047050	527	0.1	-0.1	2.98378
13047050	528	0.1	-0.1	4.16516
13047050	529	0.1	-0.1	2.10152
13047050	530	0.1	-0.1	4.66372
13047050	531	0.1	-0.1	2.66961
13047050	532	0.1	-0.1	-4.21774
13047050	533	0.1	-0.1	3.75721
13047050	534	0.1	-0.1	-3.00449
13047050	535	0.1	-0.1	-5.07103
13047050	536	0.1	-0.1	3.94
13047050	537	0.1	-0.1	-1.86321
13047050	538	0.1	-0.1	5.22601
13047050	539	0.1	-0.1	-0.658856
13047050	540	0.1	-0.1	-1.17035
13047050	541	0.1	-0.1	-1.48758
13047050	542	0.1	-0.1	0.440983
13047050	543	0.1	-0.1	0.0984565
13047050	544	0.1	-0.1	-2.04724
13047050	545	0.1	-0.1	-4.70159
13047050	546	0.1	-0.1	-1.86735
13047050	547	0.1	-0.1	-1.45309
13047050	548	0.1	-0.1	-4.19905
13047050	549	0.1	-0.1	1.17486
13047050	550	0.1	-0.1	5.09834
13047050	551	0.1	-0.1	1.65043
13047050	552	0.1	-0.1	-2.61516
13047050	553	0.1	-0.1	5.69617
13047050	554	0.1	-0.1	2.96964
13047050	555	0.1	-0.1	0.0111131
13047050	556	0.1	-0.1	-0.342266
13047050	557	0.1	-0.1	-5.04397
13047050	558	0.1	-0.1	-3.07398
13047050	559	0.1	-0.1	5.73464
13047050	560	0.1	-0.1	-0.184799
13047050	561	0.1	-0.1	-0.749296
13047050	562	0.1	-0.1	0.844026
13047050	563	0.1	-0.1	-1.17334
13047050	564	0.1	-0.1	3.60023
13047050	565	0.1	-0.1	0.00986248
13047050	566	0.1	-0.1	5.59756
13047050	567	0.1	-0.1	-2.83094
13047050	568	0.1	-0.1	-5.63987
13047050	569	0.1	-0.1	3.4943
13047050	570	0.1	-0.1	3.42124
13047050	571	0.1	-0.1	3.91141
13047050	572	0.1	-0.1	-4.53212
13047050	573	0.1	-0.1	-2.39137
13047050	574	0.1	-0.1	4.73013
13047050	575	0.1	-0.1	1.73476
13047050	576	0.1	-0.1	3.38791
13047050	577	0.1	-0.1	2.20634
13047050	578	0.1	-0.1	-1.02298
13047050	579	0.1	-0.1	-3.98417
13047050	580	0.1	-0.1	-5.5942
13047050	581	0.1	-0.1	2.31551
13047050	582	0.1	-0.1	3.40286
13047050	583	0.1	-0.1	4.36661
13047050	584	0.1	-0.1	-3.77103
13047050	585	0.1	-0.1	0.132828
13047050	586	0.1	-0.1	1.90625
13047050	587	0.1	-0.1	2.86131
13047050	588	0.1	-0.1	3.97751
13047050	589	0.1	-0.1	0.146198
13047050	590	0.1	-0.1	4.38464
13047050	591	0.1	-0.1	-4.70271
13047050	592	0.1	-0.1	-4.79155
13047050	593	0.1	-0.1	4.60384
13047050	594	0.1	-0.1	-5.61186
13047050	595	0.1	-0.1	-0.781779
13047050	596	0.1	-0.1	-3.10019
13047050	597	0.1	-0.1	-2.93239
13047050	598	0.1	-0.1	-5.76729
13047050	599	0.1	-0.1	-5.75163
13047050	600	0.1	-0.1	0.3744
13047050	601	0.1	-0.1	4.96946
13047050	602	0.1	-0.1	-2.26534
13047050	603	0.1	-0.1	-0.677977
13047050	604	0.1	-0.1	-3.60016
13047050	605	0.1	-0.1	3.16035
13047050	606	0.1	-0.1	5.07788
13047050	607	0.1	-0.1	3.15579
13047050	608	0.1	-0.1	0.202338
13047050	609	0.1	-0.1	-0.427495
13047050	610	0.1	-0.1	5.84561
13047050	611	0.1	-0.1	4.627
13047050	612	0.1	-0.1	-2.92823
13047050	613	0.1	-0.1	2.92295
13047050	614	0.1	-0.1	4.51165
13047050	615	0.1	-0.1	-2.81791
13047050	616	0.1	-0.1	-4.52538
13047050	617	0.1	-0.1	-5.63828
13047050	618	0.1	-0.1	2.8199
13047050	619	0.1	-0.1	0.52158
13047050	620	0.1	-0.1	3.37269
13047050	621	0.1	-0.1	-5.77039
13047050	622	0.1	-0.1	1.01732
13047050	623	0.1	-0.1	-4.37921
13047050	624	0.1	-0.1	1.20896
13047050	625	0.1	-0.1	-2.9732
13047050	626	0.1	-0.1	-3.08823
13047050	627	0.1	-0.1	-2.90967
13047050	628	0.1	-0.1	2.80107
13047050	629	0.1	-0.1	-4.32126
13047050	630	0.1	-0.1	-2.98179
13047050	631	0.1	-0.1	1.28505
13047050	632	0.1	-0.1	-1.77328
13047050	633	0.1	-0.1	-0.79488
13047050	634	0.1	-0.1	2.41224
13047050	635	0.1	-0.1	-5.96889
13047050	636	0.1	-0.1	-2.90271
13047050	637	0.1	-0.1	-2.30449
13047050	638	0.1	-0.1	1.27902
13047050	639	0.1	-0.1	-1.47154
13047050	640	0.1	-0.1	2.53211
13047050	641	0.1	-0.1	-1.8848
13047050	642	0.1	-0.1	-2.2133
13047050	643	0.1	-0.1	2.44109
13047050	644	0.1	-0.1	2.13404
13047050	645	0.1	-0.1	3.35544
13047050	646	0.1	-0.1	-5.05938
13047050	647	0.1	-0.1	-5.25723
13047050	648	0.1	-0.1	-2.06767
13047050	649	0.1	-0.1	5.89495
13047050	650	0.1	-0.1	-4.6787
13047050	651	0.1	-0.1	-0.988311
13047050	652	0.1	-0.1	-2.34197
13047050	653	0.1	-0.1	-4.1159
13047050	654	0.1	-0.1	2.91933
13047050	655	0.1	-0.1	5.66565
13047050	656	0.1	-0.1	-0.690989
13047050	657	0.1	-0.1	-0.389552
13047050	658	0.1	-0.1	4.37492
13047050	659	0.1	-0.1	4.54433
13047050	660	0.1	-0.1	4.29852
13047050	661	0.1	-0.1	4.60139
13047050	662	0.1	-0.1	1.02586
13047050	663	0.1	-0.1	2.60386
13047050	664	0.1	-0.1	4.18705
13047050	665	0.1	-0.1	1.62372
13047050	666	0.1	-0.1	-5.61168
13047050	667	0.1	-0.1	-0.529961
13047050	668	0.1	-0.1	0.352004
13047050	669	0.1	-0.1	1.22065
13047050	670	0.1	-0.1	5.92751
13047050	671	0.1	-0.1	-5.21398
13047050	672	0.1	-0.1	5.52294
13047050	673	0.1	-0.1	3.49887
13047050	674	0.1	-0.1	5.81983
13047050	675	0.1	-0.1	2.78593
13047050	676	0.1	-0.1	0.965477
13047050	677	0.1	-0.1	-4.48433
13047050	678	0.1	-0.1	5.42926
13047050	679	0.1	-0.1	2.66079
13047050	680	0.1	-0.1	-2.03628
13047050	681	0.1	-0.1	3.14254
13047050	682	0.1	-0.1	-5.71302
13047050	683	0.1	-0.1	-2.72748
13047050	684	0.1	-0.1	4.99106
13047050	685	0.1	-0.1	-1.24304
13047050	686	0.1	-0.1	-1.32854
13047050	687	0.1	-0.1	-3.72066
13047050	688	0.1	-0.1	-3.75196
13047050	689	0.1	-0.1	5.5952
13047050	690	0.1	-0.1	5.17954
13047050	691	0.1	-0.1	4.12336
13047050	692	0.1	-0.1	1.87834
13047050	693	0.1	-0.1	4.37882
13047050	694	0.1	-0.1	5.38126
13047050	695	0.1	-0.1	-5.588
13047050	696	0.1	-0.1	-2.98907
13047050	697	0.1	-0.1	-4.33302
13047050	698	0.1	-0.1	-5.5791
13047050	699	0.1	-0.1	0.409757
13047050	700	0.1	-0.1	-4.47613
13047050	701	0.1	-0.1	0.0751606
13047050	702	0.1	-0.1	0.63789
13047050	703	0.1	-0.1	4.69361
13047050	704	0.1	-0.1	-4.98339
13047050	705	0.1	-0.1	4.9903
13047050	706	0.1	-0.1	-1.87797
13047050	707	0.1	-0.1	3.43879
13047050	708	0.1	-0.1	4.33024
13047050	709	0.1	-0.1	-3.08776
13047050	710	0.1	-0.1	0.957253
13047050	711	0.1	-0.1	5.26832
13047050	712	0.1	-0.1	-2.13182
13047050	713	0.1	-0.1	3.37601
13047050	714	0.1	-0.1	-2.70325
13047050	715	0.1	-0.1	-0.994917
13047050	716	0.1	-0.1	4.39495
13047050	717	0.1	-0.1	-5.10318
13047050	718	0.1	-0.1	-1.43347
13047050	719	0.1	-0.1	-1.29601
13047050	720	0.1	-0.1	-0.716789
13047050	721	0.1	-0.1	-1.0214
13047050	722	0.1	-0.1	5.72889
13047050	723	0.1	-0.1	-3.78482
13047050	724	0.1	-0.1	5.28874
13047050	725	0.1	-0.1	4.18323
13047050	726	0.1	-0.1	2.16315
13047050	727	0.1	-0.1	-4.77816
13047050	728	0.1	-0.1	-0.395103
13047050	729	0.1	-0.1	-1.13215
13047050	730	0.1	-0.1	4.44874
13047050	731	0.1	-0.1	-4.41393
13047050	732	0.1	-0.1	2.56619
13047050	733	0.1	-0.1	-3.01065
13047050	734	0.1	-0.1	4.30792
13047050	735	0.1	-0.1	0.751136
13047050	736	0.1	-0.1	-0.221642
13047050	737	0.1	-0.1	4.59805
13047050	738	0.1	-0.1	5.35876
13047050	739	0.1	-0.1	0.0390863
13047050	740	0.1	-0.1	3.0564
13047050	741	0.1	-0.1	-4.13111
13047050	742	0.1	-0.1	-5.4248
13047050	743	0.1	-0.1	-2.26641
13047050	744	0.1	-0.1	3.39465
13047050	745	0.1	-0.1	0.996397
13047050	746	0.1	-0.1	-2.9131
13047050	747	0.1	-0.1	1.03167
13047050	748	0.1	-0.1	3.88631
13047050	749	0.1	-0.1	5.53238
13047050	750	0.1	-0.1	0.0173549
13047050	751	0.1	-0.1	0.515604
13047050	752	0.1	-0.1	3.71725
13047050	753	0.1	-0.1	-0.616509
13047050	754	0.1	-0.1	-5.06016
13047050	755	0.1	-0.1	-2.04173
13047050	756	0.1	-0.1	-5.16928
13047050	757	0.1	-0.1	0.898925
13047050	758	0.1	-0.1	3.07143
13047050	759	0.1	-0.1	-0.776102
13047050	760	0.1	-0.1	-0.323741
13047050	761	0.1	-0.1	3.09425
13047050	762	0.1	-0.1	-2.88635
13047050	763	0.1	-0.1	2.23293
13047050	764	0.1	-0.1	-4.09029
13047050	765	0.1	-0.1	5.64487
13047050	766	0.1	-0.1	1.48457
13047050	767	0.1	-0.1	1.38187
13047050	768	0.1	-0.1	3.84984
13047050	769	0.1	-0.1	3.39525
13047050	770	0.1	-0.1	1.6017
13047050	771	0.1	-0.1	-2.3944
13047050	772	0.1	-0.1	5.68059
13047050	773	0.1	-0.1	0.227543
13047050	774	0.1	-0.1	-5.35777
13047050	775	0.1	-0.1	-4.52017
13047050	776	0.1	-0.1	-0.715218
13047050	777	0.1	-0.1	-1.63
13047050	778	0.1	-0.1	5.18843
13047050	779	0.1	-0.1	4.11654
13047050	780	0.1	-0.1	-3.5417
13047050	781	0.1	-0.1	-5.45593
13047050	782	0.1	-0.1	0.272586
13047050	783	0.1	-0.1	2.61734
13047050	784	0.1	-0.1	4.06813
13047050	785	0.1	-0.1	-4.84399
13047050	786	0.1	-0.1	0.913447
13047050	787	0.1	-0.1	-3.02924
13047050	788	0.1	-0.1	3.37498
13047050	789	0.1	-0.1	1.58688
13047050	790	0.1	-0.1	-4.96576
13047050	791	0.1	-0.1	-0.904463
13047050	792	0.1	-0.1	-1.59724
13047050	793	0.1	-0.1	0.323024
13047050	794	0.1	-0.1	-2.24391
13047050	795	0.1	-0.1	-1.14318
13047050	796	0.1	-0.1	-0.0346037
13047050	797	0.1	-0.1	5.69085
13047050	798	0.1	-0.1	1.02781
13047050	799	0.1	-0.1	4.42435
13047050	800	0.1	-0.1	4.94663
13047050	801	0.1	-0.1	4.73981
13047050	802	0.1	-0.1	2.70975
13047050	803	0.1	-0.1	1.70545
13047050	804	0.1	-0.1	-4.57392
13047050	805	0.1	-0.1	1.51607
13047050	806	0.1	-0.1	-3.16284
13047050	807	0.1	-0.1	4.10541
13047050	808	0.1	-0.1	0.91731
13047050	809	0.1	-0.1	0.767522
13047050	810	0.1	-0.1	0.433322
13047050	811	0.1	-0.1	4.75852
13047050	812	0.1	-0.1	-0.690356
13047050	813	0.1	-0.1	5.71146
13047050	814	0.1	-0.1	-2.81753
13047050	815	0.1	-0.1	-5.71499
13047050	816	0.1	-0.1	3.63788
13047050	817	0.1	-0.1	-3.08541
13047050	818	0.1	-0.1	5.47147
13047050	819	0.1	-0.1	-5.48957
13047050	820	0.1	-0.1	4.18336
13047050	821	0.1	-0.1	-5.96077
13047050	822	0.1	-0.1	-3.48076
13047050	823	0.1	-0.1	-1.76058
13047050	824	0.1	-0.1	5.83253
13047050	825	0.1	-0.1	3.15366
13047050	826	0.1	-0.1	4.65343
13047050	827	0.1	-0.1	-5.37008
13047050	828	0.1	-0.1	-0.633391
13047050	829	0.1	-0.1	2.78653
13047050	830	0.1	-0.1	-1.36337
13047050	831	0.1	-0.1	-2.55169
13047050	832	0.1	-0.1	5.85549
13047050	833	0.1	-0.1	-1.27851
13047050	834	0.1	-0.1	3.74687
13047050	835	0.1	-0.1	-0.765031
13047050	836	0.1	-0.1	-1.37001
13047050	837	0.1	-0.1	2.42998
13047050	838	0.1	-0.1	-1.67888
13047050	839	0.1	-0.1	-0.0694058
13047050	840	0.1	-0.1	3.79728
13047050	841	0.1	-0.1	1.53624
13047050	842	0.1	-0.1	3.45101
13047050	843	0.1	-0.1	-2.01131
13047050	844	0.1	-0.1	-3.74982
13047050	845	0.1	-0.1	-2.94175
13047050	846	0.1	-0.1	0.517447
13047050	847	0.1	-0.1	-2.76287
13047050	848	0.1	-0.1	-0.458954
13047050	849	0.1	-0.1	-1.49745
13047050	850	0.1	-0.1	-1.05692
13047050	851	0.1	-0.1	-0.837489
13047050	852	0.1	-0.1	-3.87892
13047050	853	0.1	-0.1	4.59012
13047050	854	0.1	-0.1	-4.69061
13047050	855	0.1	-0.1	-1.62138
13047050	856	0.1	-0.1	5.54102
13047050	857	0.1	-0.1	-1.88237
13047050	858	0.1	-0.1	3.22769
13047050	859	0.1	-0.1	-2.96156
13047050	860	0.1	-0.1	0.367956
13047050	861	0.1	-0.1	2.63728
13047050	862	0.1	-0.1	-4.05122
13047050	863	0.1	-0.1	-5.59378
13047050	864	0.1	-0.1	-0.198603
13047050	865	0.1	-0.1	1.76457
13047050	866	0.1	-0.1	0.92317
13047050	867	0.1	-0.1	3.54765
13047050	868	0.1	-0.1	3.26307
13047050	869	0.1	-0.1	-5.74426
13047050	870	0.1	-0.1	-5.71622
13047050	871	0.1	-0.1	0.846212
13047050	872	0.1	-0.1	-5.33929
13047050	873	0.1	-0.1	-2.02619
13047050	874	0.1	-0.1	0.0769155
13047050	875	0.1	-0.1	1.02174
13047050	876	0.1	-0.1	5.52909
13047050	877	0.1	-0.1	2.0202
13047050	878	0.1	-0.1	-3.02729
13047050	879	0.1	-0.1	0.195351
13047050	880	0.1	-0.1	-3.47259
13047050	881	0.1	-0.1	1.95552
13047050	882	0.1	-0.1	4.05912
13047050	883	0.1	-0.1	5.82502
13047050	884	0.1	-0.1	-0.716489
13047050	885	0.1	-0.1	2.43055
13047050	886	0.1	-0.1	0.72905
13047050	887	0.1	-0.1	-5.61387
13047050	888	0.1	-0.1	-5.82332
13047050	889	0.1	-0.1	0.527769
13047050	890	0.1	-0.1	0.866547
13047050	891	0.1	-0.1	-5.94769
13047050	892	0.1	-0.1	2.95011
13047050	893	0.1	-0.1	3.8046
13047050	894	0.1	-0.1	4.43211
13047050	895	0.1	-0.1	-3.98826
13047050	896	0.1	-0.1	-4.5242
13047050	897	0.1	-0.1	-0.965153
13047050	898	0.1	-0.1	-0.130463
13047050	899	0.1	-0.1	3.89
13047050	900	0.1	-0.1	3.5713
13047050	901	0.1	-0.1	1.86644
13047050	902	0.1	-0.1	3.98192
13047050	903	0.1	-0.1	0.0439746
13047050	904	0.1	-0.1	-3.8267
13047050	905	0.1	-0.1	0.741715
13047050	906	0.1	-0.1	2.82133
13047050	907	0.1	-0.1	1.47679
13047050	908	0.1	-0.1	-0.864688
13047050	909	0.1	-0.1	2.03735
13047050	910	0.1	-0.1	1.10195
13047050	911	0.1	-0.1	-3.52943
13047050	912	0.1	-0.1	-5.96685
13047050	913	0.1	-0.1	-1.04665
13047050	914	0.1	-0.1	4.09675
13047050	915	0.1	-0.1	4.54798
13047050	916	0.1	-0.1	2.53895
13047050	917	0.1	-0.1	0.537402
13047050	918	0.1	-0.1	1.68042
13047050	919	0.1	-0.1	-2.77214
13047050	920	0.1	-0.1	-1.77511
13047050	921	0.1	-0.1	-5.6002
13047050	922	0.1	-0.1	-5.2441
13047050	923	0.1	-0.1	-4.31682
13047050	924	0.1	-0.1	-3.22424
13047050	925	0.1	-0.1	4.33281
13047050	926	0.1	-0.1	2.84453
13047050	927	0.1	-0.1	1.84914
13047050	928	0.1	-0.1	-1.70788
13047050	929	0.1	-0.1	-2.18385
13047050	930	0.1	-0.1	5.9444
13047050	931	0.1	-0.1	-0.173311
13047050	932	0.1	-0.1	0.856192
13047050	933	0.1	-0.1	-5.65282
13047050	934	0.1	-0.1	2.13548
13047050	935	0.1	-0.1	-0.700406
13047050	936	0.1	-0.1	-1.5801
13047050	937	0.1	-0.1	5.33629
13047050	938	0.1	-0.1	-4.79221
13047050	939	0.1	-0.1	4.62877
13047050	940	0.1	-0.1	-5.40263
13047050	941	0.1	-0.1	2.37294
13047050	942	0.1	-0.1	-5.02543
13047050	943	0.1	-0.1	-3.19556
13047050	944	0.1	-0.1	-0.0682146
13047050	945	0.1	-0.1	5.02969
13047050	946	0.1	-0.1	3.22609
13047050	947	0.1	-0.1	-5.73214
13047050	948	0.1	-0.1	-2.41708
13047050	949	0.1	-0.1	-1.99566
13047050	950	0.1	-0.1	-3.55213
13047050	951	0.1	-0.1	4.81015
13047050	952	0.1	-0.1	-2.2489
13047050	953	0.1	-0.1	-1.43125
13047050	954	0.1	-0.1	0.117066
13047050	955	0.1	-0.1	3.01996
13047050	956	0.1	-0.1	1.04977
13047050	957	0.1	-0.1	3.64178
13047050	958	0.1	-0.1	-2.36604
13047050	959	0.1	-0.1	5.65497
13047050	960	0.1	-0.1	-3.88994
13047050	961	0.1	-0.1	-4.79468
13047050	962	0.1	-0.1	3.1827
13047050	963	0.1	-0.1	1.59946
13047050	964	0.1	-0.1	5.21452
13047050	965	0.1	-0.1	-0.751128
13047050	966	0.1	-0.1	-3.43583
13047050	967	0.1	-0.1	0.961721
13047050	968	0.1	-0.1	-5.26917
13047050	969	0.1	-0.1	-5.47835
13047050	970	0.1	-0.1	4.68786
13047050	971	0.1	-0.1	3.45999
13047050	972	0.1	-0.1	2.75806
13047050	973	0.1	-0.1	1.14534
13047050	974	0.1	-0.1	-0.410167
13047050	975	0.1	-0.1	2.23061
13047050	976	0.1	-0.1	-4.03472
13047050	977	0.1	-0.1	-1.9891
13047050	978	0.1	-0.1	1.05218
13047050	979	0.1	-0.1	1.65385
13047050	980	0.1	-0.1	-2.82452
13047050	981	0.1	-0.1	3.13513
13047050	982	0.1	-0.1	5.3372
13047050	983	0.1	-0.1	-2.74017
13047050	984	0.1	-0.1	-5.39665
13047050	985	0.1	-0.1	-5.05864
13047050	986	0.1	-0.1	-0.00215051
13047050	987	0.1	-0.1	-1.01771
13047050	988	0.1	-0.1	-5.97493
13047050	989	0.1	-0.1	3.85353
13047050	990	0.1	-0.1	-0.520583
13047050	991	0.1	-0.1	2.28167
13047050	992	0.1	-0.1	0.647343
13047050	993	0.1	-0.1	2.43756
13047050	994	0.1	-0.1	3.64851
13047050	995	0.1	-0.1	5.36699
13047050	996	0.1	-0.1	-3.83889
13047050	997	0.1	-0.1	-3.13909
13047050	998	0.1	-0.1	-3.31902
13047050	999	0.1	-0.1	-1.14943
13047050	1000	0.1	-0.1	4.76414
