13048032	1	0.1	-0.1	-1.76123
13048032	2	0.1	-0.1	-4.22369
13048032	3	0.1	-0.1	1.15392
13048032	4	0.1	-0.1	-0.77055
13048032	5	0.1	-0.1	-3.0276
13048032	6	0.1	-0.1	4.88835
13048032	7	0.1	-0.1	-1.85273
13048032	8	0.1	-0.1	-0.758148
13048032	9	0.1	-0.1	4.81746
13048032	10	0.1	-0.1	-5.54128
13048032	11	0.1	-0.1	3.08776
13048032	12	0.1	-0.1	4.32128
13048032	13	0.1	-0.1	-0.539015
13048032	14	0.1	-0.1	-5.44886
13048032	15	0.1	-0.1	-2.05365
13048032	16	0.1	-0.1	4.37712
13048032	17	0.1	-0.1	1.94991
13048032	18	0.1	-0.1	-1.00788
13048032	19	0.1	-0.1	-3.30838
13048032	20	0.1	-0.1	-4.83227
13048032	21	0.1	-0.1	-4.51625
13048032	22	0.1	-0.1	2.54774
13048032	23	0.1	-0.1	2.35474
13048032	24	0.1	-0.1	-4.60532
13048032	25	0.1	-0.1	4.04882
13048032	26	0.1	-0.1	2.84674
13048032	27	0.1	-0.1	-3.54019
13048032	28	0.1	-0.1	-0.0636664
13048032	29	0.1	-0.1	3.308
13048032	30	0.1	-0.1	-2.7464
13048032	31	0.1	-0.1	-4.33225
13048032	32	0.1	-0.1	0.937064
13048032	33	0.1	-0.1	-4.4182
13048032	34	0.1	-0.1	-5.88179
13048032	35	0.1	-0.1	5.1276
13048032	36	0.1	-0.1	1.0868
13048032	37	0.1	-0.1	-3.39504
13048032	38	0.1	-0.1	5.47968
13048032	39	0.1	-0.1	1.76564
13048032	40	0.1	-0.1	-1.28199
13048032	41	0.1	-0.1	-3.11654
13048032	42	0.1	-0.1	-5.59729
13048032	43	0.1	-0.1	-5.70252
13048032	44	0.1	-0.1	5.58313
13048032	45	0.1	-0.1	2.8025
13048032	46	0.1	-0.1	-0.0753772
13048032	47	0.1	-0.1	-4.16848
13048032	48	0.1	-0.1	-0.360524
13048032	49	0.1	-0.1	-2.80287
13048032	50	0.1	-0.1	2.89043
13048032	51	0.1	-0.1	-1.6336
13048032	52	0.1	-0.1	-2.22619
13048032	53	0.1	-0.1	-5.16658
13048032	54	0.1	-0.1	-1.69431
13048032	55	0.1	-0.1	-4.64113
13048032	56	0.1	-0.1	-0.166542
13048032	57	0.1	-0.1	-0.235537
13048032	58	0.1	-0.1	1.44346
13048032	59	0.1	-0.1	-1.66433
13048032	60	0.1	-0.1	1.34405
13048032	61	0.1	-0.1	-5.64148
13048032	62	0.1	-0.1	2.26934
13048032	63	0.1	-0.1	-4.14459
13048032	64	0.1	-0.1	-3.46623
13048032	65	0.1	-0.1	5.05109
13048032	66	0.1	-0.1	3.00307
13048032	67	0.1	-0.1	5.41425
13048032	68	0.1	-0.1	0.871892
13048032	69	0.1	-0.1	2.01631
13048032	70	0.1	-0.1	-3.37954
13048032	71	0.1	-0.1	4.32938
13048032	72	0.1	-0.1	-5.91299
13048032	73	0.1	-0.1	-1.51437
13048032	74	0.1	-0.1	-4.46515
13048032	75	0.1	-0.1	-3.3953
13048032	76	0.1	-0.1	-2.32255
13048032	77	0.1	-0.1	-1.00953
13048032	78	0.1	-0.1	2.84511
13048032	79	0.1	-0.1	-4.01255
13048032	80	0.1	-0.1	-5.53513
13048032	81	0.1	-0.1	5.15157
13048032	82	0.1	-0.1	-5.89991
13048032	83	0.1	-0.1	1.8103
13048032	84	0.1	-0.1	-5.33691
13048032	85	0.1	-0.1	-3.05055
13048032	86	0.1	-0.1	-4.88091
13048032	87	0.1	-0.1	2.73329
13048032	88	0.1	-0.1	-3.40923
13048032	89	0.1	-0.1	3.17978
13048032	90	0.1	-0.1	3.08747
13048032	91	0.1	-0.1	4.2261
13048032	92	0.1	-0.1	5.26506
13048032	93	0.1	-0.1	-0.326155
13048032	94	0.1	-0.1	-4.82933
13048032	95	0.1	-0.1	-4.81292
13048032	96	0.1	-0.1	4.07649
13048032	97	0.1	-0.1	-5.76895
13048032	98	0.1	-0.1	-1.56978
13048032	99	0.1	-0.1	-0.130591
13048032	100	0.1	-0.1	-0.0963781
13048032	101	0.1	-0.1	-3.8691
13048032	102	0.1	-0.1	-4.30625
13048032	103	0.1	-0.1	3.79551
13048032	104	0.1	-0.1	-5.77455
13048032	105	0.1	-0.1	-5.0337
13048032	106	0.1	-0.1	5.34112
13048032	107	0.1	-0.1	3.0597
13048032	108	0.1	-0.1	3.56499
13048032	109	0.1	-0.1	-5.54399
13048032	110	0.1	-0.1	2.76804
13048032	111	0.1	-0.1	-2.31618
13048032	112	0.1	-0.1	5.2361
13048032	113	0.1	-0.1	-3.30771
13048032	114	0.1	-0.1	0.980379
13048032	115	0.1	-0.1	-2.41084
13048032	116	0.1	-0.1	-4.08029
13048032	117	0.1	-0.1	-4.21982
13048032	118	0.1	-0.1	-2.53593
13048032	119	0.1	-0.1	2.40933
13048032	120	0.1	-0.1	5.33985
13048032	121	0.1	-0.1	4.95557
13048032	122	0.1	-0.1	4.20298
13048032	123	0.1	-0.1	4.32407
13048032	124	0.1	-0.1	0.183339
13048032	125	0.1	-0.1	-5.93276
13048032	126	0.1	-0.1	-4.35867
13048032	127	0.1	-0.1	4.89602
13048032	128	0.1	-0.1	-5.46574
13048032	129	0.1	-0.1	4.04103
13048032	130	0.1	-0.1	2.11763
13048032	131	0.1	-0.1	1.55114
13048032	132	0.1	-0.1	-4.78457
13048032	133	0.1	-0.1	-0.975759
13048032	134	0.1	-0.1	-4.67214
13048032	135	0.1	-0.1	5.78544
13048032	136	0.1	-0.1	-1.90542
13048032	137	0.1	-0.1	-2.02615
13048032	138	0.1	-0.1	-4.9202
13048032	139	0.1	-0.1	3.34963
13048032	140	0.1	-0.1	3.3222
13048032	141	0.1	-0.1	-0.429962
13048032	142	0.1	-0.1	-1.91893
13048032	143	0.1	-0.1	4.38232
13048032	144	0.1	-0.1	5.71851
13048032	145	0.1	-0.1	-4.05081
13048032	146	0.1	-0.1	-4.97747
13048032	147	0.1	-0.1	4.98505
13048032	148	0.1	-0.1	5.27553
13048032	149	0.1	-0.1	-2.49794
13048032	150	0.1	-0.1	-1.32069
13048032	151	0.1	-0.1	-1.89797
13048032	152	0.1	-0.1	0.725264
13048032	153	0.1	-0.1	-5.58993
13048032	154	0.1	-0.1	-1.22654
13048032	155	0.1	-0.1	5.16647
13048032	156	0.1	-0.1	-1.93834
13048032	157	0.1	-0.1	2.81134
13048032	158	0.1	-0.1	1.5445
13048032	159	0.1	-0.1	-1.58648
13048032	160	0.1	-0.1	-5.75065
13048032	161	0.1	-0.1	5.26344
13048032	162	0.1	-0.1	-1.47315
13048032	163	0.1	-0.1	1.11835
13048032	164	0.1	-0.1	4.62298
13048032	165	0.1	-0.1	-1.46816
13048032	166	0.1	-0.1	3.54539
13048032	167	0.1	-0.1	0.546812
13048032	168	0.1	-0.1	3.66614
13048032	169	0.1	-0.1	-5.56329
13048032	170	0.1	-0.1	-1.83191
13048032	171	0.1	-0.1	1.0935
13048032	172	0.1	-0.1	5.84156
13048032	173	0.1	-0.1	0.695369
13048032	174	0.1	-0.1	-2.6066
13048032	175	0.1	-0.1	5.71319
13048032	176	0.1	-0.1	-5.07254
13048032	177	0.1	-0.1	4.90364
13048032	178	0.1	-0.1	-3.86321
13048032	179	0.1	-0.1	2.34618
13048032	180	0.1	-0.1	2.19368
13048032	181	0.1	-0.1	-3.69331
13048032	182	0.1	-0.1	2.76013
13048032	183	0.1	-0.1	-4.74223
13048032	184	0.1	-0.1	4.86779
13048032	185	0.1	-0.1	-3.81594
13048032	186	0.1	-0.1	5.25638
13048032	187	0.1	-0.1	2.40919
13048032	188	0.1	-0.1	-4.76813
13048032	189	0.1	-0.1	-2.84219
13048032	190	0.1	-0.1	-0.323262
13048032	191	0.1	-0.1	1.49185
13048032	192	0.1	-0.1	4.03654
13048032	193	0.1	-0.1	1.24819
13048032	194	0.1	-0.1	-2.83024
13048032	195	0.1	-0.1	-1.75034
13048032	196	0.1	-0.1	0.885319
13048032	197	0.1	-0.1	0.325119
13048032	198	0.1	-0.1	0.570255
13048032	199	0.1	-0.1	-1.6986
13048032	200	0.1	-0.1	1.39728
13048032	201	0.1	-0.1	-0.610009
13048032	202	0.1	-0.1	-0.177196
13048032	203	0.1	-0.1	-1.5238
13048032	204	0.1	-0.1	-1.25436
13048032	205	0.1	-0.1	-3.50132
13048032	206	0.1	-0.1	3.23525
13048032	207	0.1	-0.1	0.811576
13048032	208	0.1	-0.1	-4.3802
13048032	209	0.1	-0.1	1.81984
13048032	210	0.1	-0.1	-3.61273
13048032	211	0.1	-0.1	3.26785
13048032	212	0.1	-0.1	4.49896
13048032	213	0.1	-0.1	-1.67535
13048032	214	0.1	-0.1	-2.37146
13048032	215	0.1	-0.1	-5.76631
13048032	216	0.1	-0.1	4.88159
13048032	217	0.1	-0.1	3.07434
13048032	218	0.1	-0.1	5.58696
13048032	219	0.1	-0.1	-5.48531
13048032	220	0.1	-0.1	-3.15021
13048032	221	0.1	-0.1	-3.12683
13048032	222	0.1	-0.1	-0.962698
13048032	223	0.1	-0.1	-2.3047
13048032	224	0.1	-0.1	3.81085
13048032	225	0.1	-0.1	-5.44578
13048032	226	0.1	-0.1	-5.38724
13048032	227	0.1	-0.1	2.98932
13048032	228	0.1	-0.1	-5.07139
13048032	229	0.1	-0.1	-1.71872
13048032	230	0.1	-0.1	2.73539
13048032	231	0.1	-0.1	-3.50146
13048032	232	0.1	-0.1	-5.01568
13048032	233	0.1	-0.1	-5.39238
13048032	234	0.1	-0.1	5.81344
13048032	235	0.1	-0.1	-5.34308
13048032	236	0.1	-0.1	-1.20239
13048032	237	0.1	-0.1	-1.06524
13048032	238	0.1	-0.1	0.753188
13048032	239	0.1	-0.1	-4.83133
13048032	240	0.1	-0.1	-1.07916
13048032	241	0.1	-0.1	0.0183411
13048032	242	0.1	-0.1	3.90823
13048032	243	0.1	-0.1	5.79103
13048032	244	0.1	-0.1	-5.67472
13048032	245	0.1	-0.1	-5.35969
13048032	246	0.1	-0.1	-2.23941
13048032	247	0.1	-0.1	1.24689
13048032	248	0.1	-0.1	5.47898
13048032	249	0.1	-0.1	2.80302
13048032	250	0.1	-0.1	-1.44852
13048032	251	0.1	-0.1	-3.05735
13048032	252	0.1	-0.1	-2.93628
13048032	253	0.1	-0.1	-5.583
13048032	254	0.1	-0.1	0.251228
13048032	255	0.1	-0.1	-4.73232
13048032	256	0.1	-0.1	3.35528
13048032	257	0.1	-0.1	5.28246
13048032	258	0.1	-0.1	-3.06984
13048032	259	0.1	-0.1	4.40019
13048032	260	0.1	-0.1	1.97078
13048032	261	0.1	-0.1	3.05572
13048032	262	0.1	-0.1	-3.74848
13048032	263	0.1	-0.1	-4.44269
13048032	264	0.1	-0.1	1.23471
13048032	265	0.1	-0.1	-5.41915
13048032	266	0.1	-0.1	4.53637
13048032	267	0.1	-0.1	0.645213
13048032	268	0.1	-0.1	-0.329258
13048032	269	0.1	-0.1	-4.99021
13048032	270	0.1	-0.1	4.64107
13048032	271	0.1	-0.1	0.0978682
13048032	272	0.1	-0.1	5.09697
13048032	273	0.1	-0.1	1.63063
13048032	274	0.1	-0.1	1.00017
13048032	275	0.1	-0.1	-0.863786
13048032	276	0.1	-0.1	-4.64669
13048032	277	0.1	-0.1	0.733787
13048032	278	0.1	-0.1	5.65281
13048032	279	0.1	-0.1	1.39449
13048032	280	0.1	-0.1	-3.39328
13048032	281	0.1	-0.1	-0.749715
13048032	282	0.1	-0.1	0.799847
13048032	283	0.1	-0.1	-5.92734
13048032	284	0.1	-0.1	-1.62177
13048032	285	0.1	-0.1	4.27712
13048032	286	0.1	-0.1	4.18882
13048032	287	0.1	-0.1	-4.2146
13048032	288	0.1	-0.1	-3.35426
13048032	289	0.1	-0.1	1.8572
13048032	290	0.1	-0.1	5.80106
13048032	291	0.1	-0.1	-5.22254
13048032	292	0.1	-0.1	-1.52543
13048032	293	0.1	-0.1	2.05322
13048032	294	0.1	-0.1	-0.6345
13048032	295	0.1	-0.1	-3.74827
13048032	296	0.1	-0.1	-0.534054
13048032	297	0.1	-0.1	-1.15429
13048032	298	0.1	-0.1	2.42976
13048032	299	0.1	-0.1	0.521007
13048032	300	0.1	-0.1	-0.231503
13048032	301	0.1	-0.1	3.46327
13048032	302	0.1	-0.1	2.26648
13048032	303	0.1	-0.1	2.07531
13048032	304	0.1	-0.1	3.38351
13048032	305	0.1	-0.1	-1.10106
13048032	306	0.1	-0.1	5.09391
13048032	307	0.1	-0.1	-5.41468
13048032	308	0.1	-0.1	1.06739
13048032	309	0.1	-0.1	0.639667
13048032	310	0.1	-0.1	-2.32875
13048032	311	0.1	-0.1	-1.02338
13048032	312	0.1	-0.1	0.111445
13048032	313	0.1	-0.1	-0.60417
13048032	314	0.1	-0.1	5.36511
13048032	315	0.1	-0.1	-2.53232
13048032	316	0.1	-0.1	-1.40335
13048032	317	0.1	-0.1	5.09298
13048032	318	0.1	-0.1	-3.52268
13048032	319	0.1	-0.1	-0.358485
13048032	320	0.1	-0.1	-5.6643
13048032	321	0.1	-0.1	5.29826
13048032	322	0.1	-0.1	5.84741
13048032	323	0.1	-0.1	4.35358
13048032	324	0.1	-0.1	-4.66177
13048032	325	0.1	-0.1	4.07605
13048032	326	0.1	-0.1	-5.0319
13048032	327	0.1	-0.1	5.32592
13048032	328	0.1	-0.1	-4.28226
13048032	329	0.1	-0.1	-3.96878
13048032	330	0.1	-0.1	-0.567856
13048032	331	0.1	-0.1	0.0419794
13048032	332	0.1	-0.1	-0.980806
13048032	333	0.1	-0.1	-3.95068
13048032	334	0.1	-0.1	-3.43931
13048032	335	0.1	-0.1	-5.14401
13048032	336	0.1	-0.1	0.279099
13048032	337	0.1	-0.1	0.63412
13048032	338	0.1	-0.1	1.21004
13048032	339	0.1	-0.1	4.33745
13048032	340	0.1	-0.1	5.3351
13048032	341	0.1	-0.1	4.38838
13048032	342	0.1	-0.1	4.51208
13048032	343	0.1	-0.1	0.611097
13048032	344	0.1	-0.1	1.96738
13048032	345	0.1	-0.1	3.91859
13048032	346	0.1	-0.1	-2.6392
13048032	347	0.1	-0.1	5.91054
13048032	348	0.1	-0.1	2.69362
13048032	349	0.1	-0.1	-2.17297
13048032	350	0.1	-0.1	5.50047
13048032	351	0.1	-0.1	-4.9746
13048032	352	0.1	-0.1	-1.15151
13048032	353	0.1	-0.1	-0.155436
13048032	354	0.1	-0.1	-0.646617
13048032	355	0.1	-0.1	1.72989
13048032	356	0.1	-0.1	0.793675
13048032	357	0.1	-0.1	4.357
13048032	358	0.1	-0.1	5.89139
13048032	359	0.1	-0.1	-5.87471
13048032	360	0.1	-0.1	-0.497112
13048032	361	0.1	-0.1	4.48915
13048032	362	0.1	-0.1	2.91117
13048032	363	0.1	-0.1	0.0359388
13048032	364	0.1	-0.1	-5.81201
13048032	365	0.1	-0.1	4.80492
13048032	366	0.1	-0.1	-1.05248
13048032	367	0.1	-0.1	-5.23229
13048032	368	0.1	-0.1	5.8765
13048032	369	0.1	-0.1	-3.2487
13048032	370	0.1	-0.1	4.927
13048032	371	0.1	-0.1	-3.88864
13048032	372	0.1	-0.1	3.27383
13048032	373	0.1	-0.1	-2.79648
13048032	374	0.1	-0.1	5.9987
13048032	375	0.1	-0.1	-4.17231
13048032	376	0.1	-0.1	1.74881
13048032	377	0.1	-0.1	-2.37907
13048032	378	0.1	-0.1	-2.31731
13048032	379	0.1	-0.1	-4.11046
13048032	380	0.1	-0.1	-3.26339
13048032	381	0.1	-0.1	-5.80996
13048032	382	0.1	-0.1	0.0542438
13048032	383	0.1	-0.1	-2.17036
13048032	384	0.1	-0.1	-1.31598
13048032	385	0.1	-0.1	-4.79273
13048032	386	0.1	-0.1	0.548073
13048032	387	0.1	-0.1	5.67239
13048032	388	0.1	-0.1	5.54541
13048032	389	0.1	-0.1	-2.28467
13048032	390	0.1	-0.1	3.29089
13048032	391	0.1	-0.1	-0.856352
13048032	392	0.1	-0.1	0.471339
13048032	393	0.1	-0.1	0.48419
13048032	394	0.1	-0.1	1.85838
13048032	395	0.1	-0.1	-3.43914
13048032	396	0.1	-0.1	-3.45932
13048032	397	0.1	-0.1	4.54056
13048032	398	0.1	-0.1	3.39168
13048032	399	0.1	-0.1	-3.29228
13048032	400	0.1	-0.1	-2.02914
13048032	401	0.1	-0.1	-4.22718
13048032	402	0.1	-0.1	2.57037
13048032	403	0.1	-0.1	4.01096
13048032	404	0.1	-0.1	5.03662
13048032	405	0.1	-0.1	1.76816
13048032	406	0.1	-0.1	1.1121
13048032	407	0.1	-0.1	1.29959
13048032	408	0.1	-0.1	0.249268
13048032	409	0.1	-0.1	-5.26249
13048032	410	0.1	-0.1	-4.23075
13048032	411	0.1	-0.1	-2.00633
13048032	412	0.1	-0.1	4.42409
13048032	413	0.1	-0.1	4.17295
13048032	414	0.1	-0.1	-4.87405
13048032	415	0.1	-0.1	-1.68219
13048032	416	0.1	-0.1	-3.40517
13048032	417	0.1	-0.1	3.81838
13048032	418	0.1	-0.1	-0.180557
13048032	419	0.1	-0.1	-3.92973
13048032	420	0.1	-0.1	0.439406
13048032	421	0.1	-0.1	1.05189
13048032	422	0.1	-0.1	-3.44838
13048032	423	0.1	-0.1	-0.761331
13048032	424	0.1	-0.1	0.198928
13048032	425	0.1	-0.1	-5.24771
13048032	426	0.1	-0.1	4.81742
13048032	427	0.1	-0.1	3.04969
13048032	428	0.1	-0.1	3.16695
13048032	429	0.1	-0.1	-4.77778
13048032	430	0.1	-0.1	-5.29577
13048032	431	0.1	-0.1	1.87202
13048032	432	0.1	-0.1	5.68602
13048032	433	0.1	-0.1	-3.23942
13048032	434	0.1	-0.1	3.10278
13048032	435	0.1	-0.1	2.9163
13048032	436	0.1	-0.1	-0.0229006
13048032	437	0.1	-0.1	2.62408
13048032	438	0.1	-0.1	2.95696
13048032	439	0.1	-0.1	-5.64486
13048032	440	0.1	-0.1	2.29921
13048032	441	0.1	-0.1	5.24932
13048032	442	0.1	-0.1	-2.33193
13048032	443	0.1	-0.1	-4.94216
13048032	444	0.1	-0.1	-1.44447
13048032	445	0.1	-0.1	-1.8074
13048032	446	0.1	-0.1	-5.55684
13048032	447	0.1	-0.1	-5.21123
13048032	448	0.1	-0.1	-2.74273
13048032	449	0.1	-0.1	-4.12961
13048032	450	0.1	-0.1	-0.786331
13048032	451	0.1	-0.1	-5.59272
13048032	452	0.1	-0.1	2.11259
13048032	453	0.1	-0.1	-4.09636
13048032	454	0.1	-0.1	-4.07267
13048032	455	0.1	-0.1	4.47767
13048032	456	0.1	-0.1	-3.58619
13048032	457	0.1	-0.1	5.91482
13048032	458	0.1	-0.1	5.66113
13048032	459	0.1	-0.1	-4.57376
13048032	460	0.1	-0.1	-1.03955
13048032	461	0.1	-0.1	-1.00233
13048032	462	0.1	-0.1	-5.33833
13048032	463	0.1	-0.1	0.411919
13048032	464	0.1	-0.1	2.5938
13048032	465	0.1	-0.1	5.89099
13048032	466	0.1	-0.1	-4.68149
13048032	467	0.1	-0.1	5.15336
13048032	468	0.1	-0.1	-2.17228
13048032	469	0.1	-0.1	2.07279
13048032	470	0.1	-0.1	5.98358
13048032	471	0.1	-0.1	-4.00412
13048032	472	0.1	-0.1	4.80434
13048032	473	0.1	-0.1	-2.15395
13048032	474	0.1	-0.1	-2.45171
13048032	475	0.1	-0.1	-3.48493
13048032	476	0.1	-0.1	3.2297
13048032	477	0.1	-0.1	-1.06375
13048032	478	0.1	-0.1	4.58049
13048032	479	0.1	-0.1	-2.46084
13048032	480	0.1	-0.1	2.108
13048032	481	0.1	-0.1	-0.166787
13048032	482	0.1	-0.1	-2.79092
13048032	483	0.1	-0.1	5.38131
13048032	484	0.1	-0.1	-2.01215
13048032	485	0.1	-0.1	-0.309474
13048032	486	0.1	-0.1	-1.95204
13048032	487	0.1	-0.1	1.41317
13048032	488	0.1	-0.1	1.76071
13048032	489	0.1	-0.1	3.28931
13048032	490	0.1	-0.1	3.44462
13048032	491	0.1	-0.1	1.16038
13048032	492	0.1	-0.1	-2.80969
13048032	493	0.1	-0.1	-0.0779401
13048032	494	0.1	-0.1	-0.92024
13048032	495	0.1	-0.1	3.12376
13048032	496	0.1	-0.1	-4.38891
13048032	497	0.1	-0.1	-4.14998
13048032	498	0.1	-0.1	5.58367
13048032	499	0.1	-0.1	-2.71264
13048032	500	0.1	-0.1	1.29235
13048032	501	0.1	-0.1	2.6205
13048032	502	0.1	-0.1	-5.42493
13048032	503	0.1	-0.1	-0.542138
13048032	504	0.1	-0.1	-5.11791
13048032	505	0.1	-0.1	1.20541
13048032	506	0.1	-0.1	2.66571
13048032	507	0.1	-0.1	-1.86238
13048032	508	0.1	-0.1	-5.47805
13048032	509	0.1	-0.1	5.85296
13048032	510	0.1	-0.1	-5.95246
13048032	511	0.1	-0.1	2.38643
13048032	512	0.1	-0.1	-1.45444
13048032	513	0.1	-0.1	1.51061
13048032	514	0.1	-0.1	-2.71213
13048032	515	0.1	-0.1	3.69887
13048032	516	0.1	-0.1	-3.12138
13048032	517	0.1	-0.1	3.46341
13048032	518	0.1	-0.1	-0.748538
13048032	519	0.1	-0.1	-1.55386
13048032	520	0.1	-0.1	-0.0448625
13048032	521	0.1	-0.1	-5.9957
13048032	522	0.1	-0.1	-3.43981
13048032	523	0.1	-0.1	-0.914463
13048032	524	0.1	-0.1	-5.11968
13048032	525	0.1	-0.1	-3.64056
13048032	526	0.1	-0.1	3.06468
13048032	527	0.1	-0.1	-0.3402
13048032	528	0.1	-0.1	4.56578
13048032	529	0.1	-0.1	-4.18759
13048032	530	0.1	-0.1	3.23543
13048032	531	0.1	-0.1	-3.99653
13048032	532	0.1	-0.1	-2.95283
13048032	533	0.1	-0.1	0.419118
13048032	534	0.1	-0.1	-1.81725
13048032	535	0.1	-0.1	-5.20376
13048032	536	0.1	-0.1	1.44022
13048032	537	0.1	-0.1	2.14011
13048032	538	0.1	-0.1	-2.71049
13048032	539	0.1	-0.1	-4.35852
13048032	540	0.1	-0.1	3.09125
13048032	541	0.1	-0.1	-4.8282
13048032	542	0.1	-0.1	1.8009
13048032	543	0.1	-0.1	3.82242
13048032	544	0.1	-0.1	-1.96166
13048032	545	0.1	-0.1	-0.0886043
13048032	546	0.1	-0.1	-3.83885
13048032	547	0.1	-0.1	-1.23778
13048032	548	0.1	-0.1	1.10332
13048032	549	0.1	-0.1	-5.42337
13048032	550	0.1	-0.1	2.91022
13048032	551	0.1	-0.1	3.28765
13048032	552	0.1	-0.1	-2.07861
13048032	553	0.1	-0.1	-2.41511
13048032	554	0.1	-0.1	-2.56524
13048032	555	0.1	-0.1	-2.65201
13048032	556	0.1	-0.1	-5.62349
13048032	557	0.1	-0.1	-2.71801
13048032	558	0.1	-0.1	3.21809
13048032	559	0.1	-0.1	-0.633625
13048032	560	0.1	-0.1	-3.14588
13048032	561	0.1	-0.1	4.74717
13048032	562	0.1	-0.1	1.10179
13048032	563	0.1	-0.1	-4.48659
13048032	564	0.1	-0.1	3.27642
13048032	565	0.1	-0.1	-2.96733
13048032	566	0.1	-0.1	-5.86194
13048032	567	0.1	-0.1	-5.89615
13048032	568	0.1	-0.1	-5.77014
13048032	569	0.1	-0.1	4.19943
13048032	570	0.1	-0.1	-4.83917
13048032	571	0.1	-0.1	-0.58802
13048032	572	0.1	-0.1	1.40485
13048032	573	0.1	-0.1	1.97765
13048032	574	0.1	-0.1	5.51007
13048032	575	0.1	-0.1	-5.63338
13048032	576	0.1	-0.1	-4.85094
13048032	577	0.1	-0.1	-1.96848
13048032	578	0.1	-0.1	-1.44379
13048032	579	0.1	-0.1	-3.46758
13048032	580	0.1	-0.1	-3.7879
13048032	581	0.1	-0.1	-0.23097
13048032	582	0.1	-0.1	1.47671
13048032	583	0.1	-0.1	4.59841
13048032	584	0.1	-0.1	-2.17617
13048032	585	0.1	-0.1	4.83028
13048032	586	0.1	-0.1	1.11521
13048032	587	0.1	-0.1	-2.77623
13048032	588	0.1	-0.1	-1.49384
13048032	589	0.1	-0.1	-0.0768329
13048032	590	0.1	-0.1	0.534544
13048032	591	0.1	-0.1	-2.21629
13048032	592	0.1	-0.1	1.28342
13048032	593	0.1	-0.1	5.90021
13048032	594	0.1	-0.1	-0.853909
13048032	595	0.1	-0.1	-1.39326
13048032	596	0.1	-0.1	-3.05413
13048032	597	0.1	-0.1	3.83128
13048032	598	0.1	-0.1	-1.39525
13048032	599	0.1	-0.1	-3.60317
13048032	600	0.1	-0.1	2.32191
13048032	601	0.1	-0.1	4.49101
13048032	602	0.1	-0.1	4.89657
13048032	603	0.1	-0.1	5.38412
13048032	604	0.1	-0.1	-3.45915
13048032	605	0.1	-0.1	-4.65452
13048032	606	0.1	-0.1	4.37155
13048032	607	0.1	-0.1	-1.31033
13048032	608	0.1	-0.1	-4.78171
13048032	609	0.1	-0.1	-4.62353
13048032	610	0.1	-0.1	3.78082
13048032	611	0.1	-0.1	0.729205
13048032	612	0.1	-0.1	2.81181
13048032	613	0.1	-0.1	1.65993
13048032	614	0.1	-0.1	4.23578
13048032	615	0.1	-0.1	-0.498627
13048032	616	0.1	-0.1	4.90196
13048032	617	0.1	-0.1	5.88847
13048032	618	0.1	-0.1	-1.12589
13048032	619	0.1	-0.1	-3.72943
13048032	620	0.1	-0.1	-1.40741
13048032	621	0.1	-0.1	5.00723
13048032	622	0.1	-0.1	5.17284
13048032	623	0.1	-0.1	-2.954
13048032	624	0.1	-0.1	4.60638
13048032	625	0.1	-0.1	-1.27921
13048032	626	0.1	-0.1	5.05868
13048032	627	0.1	-0.1	-5.77758
13048032	628	0.1	-0.1	-3.9671
13048032	629	0.1	-0.1	-0.093564
13048032	630	0.1	-0.1	-2.66252
13048032	631	0.1	-0.1	5.19668
13048032	632	0.1	-0.1	-3.24003
13048032	633	0.1	-0.1	-2.81549
13048032	634	0.1	-0.1	-5.51749
13048032	635	0.1	-0.1	-1.51322
13048032	636	0.1	-0.1	1.10552
13048032	637	0.1	-0.1	-4.35176
13048032	638	0.1	-0.1	1.62184
13048032	639	0.1	-0.1	-0.0992037
13048032	640	0.1	-0.1	-4.65482
13048032	641	0.1	-0.1	-3.00955
13048032	642	0.1	-0.1	-5.1626
13048032	643	0.1	-0.1	0.896986
13048032	644	0.1	-0.1	-1.04936
13048032	645	0.1	-0.1	3.24704
13048032	646	0.1	-0.1	4.41949
13048032	647	0.1	-0.1	-5.96466
13048032	648	0.1	-0.1	-3.95593
13048032	649	0.1	-0.1	-1.35896
13048032	650	0.1	-0.1	-1.44992
13048032	651	0.1	-0.1	4.75567
13048032	652	0.1	-0.1	4.33459
13048032	653	0.1	-0.1	-4.49922
13048032	654	0.1	-0.1	3.31389
13048032	655	0.1	-0.1	-4.17887
13048032	656	0.1	-0.1	5.64547
13048032	657	0.1	-0.1	4.66703
13048032	658	0.1	-0.1	2.1883
13048032	659	0.1	-0.1	4.25471
13048032	660	0.1	-0.1	2.44144
13048032	661	0.1	-0.1	-1.89657
13048032	662	0.1	-0.1	0.330277
13048032	663	0.1	-0.1	3.646
13048032	664	0.1	-0.1	-5.86955
13048032	665	0.1	-0.1	5.49001
13048032	666	0.1	-0.1	0.769848
13048032	667	0.1	-0.1	-3.28455
13048032	668	0.1	-0.1	4.90419
13048032	669	0.1	-0.1	-1.84949
13048032	670	0.1	-0.1	5.97578
13048032	671	0.1	-0.1	2.85802
13048032	672	0.1	-0.1	-4.51268
13048032	673	0.1	-0.1	2.40108
13048032	674	0.1	-0.1	-0.836974
13048032	675	0.1	-0.1	5.74329
13048032	676	0.1	-0.1	-4.22918
13048032	677	0.1	-0.1	-1.83995
13048032	678	0.1	-0.1	0.997606
13048032	679	0.1	-0.1	3.85932
13048032	680	0.1	-0.1	-3.08106
13048032	681	0.1	-0.1	-3.51921
13048032	682	0.1	-0.1	3.04645
13048032	683	0.1	-0.1	-0.929713
13048032	684	0.1	-0.1	-4.08045
13048032	685	0.1	-0.1	-4.15756
13048032	686	0.1	-0.1	-4.75405
13048032	687	0.1	-0.1	1.42448
13048032	688	0.1	-0.1	-2.95147
13048032	689	0.1	-0.1	4.42539
13048032	690	0.1	-0.1	0.150018
13048032	691	0.1	-0.1	-3.16471
13048032	692	0.1	-0.1	0.207006
13048032	693	0.1	-0.1	-0.00337927
13048032	694	0.1	-0.1	1.76574
13048032	695	0.1	-0.1	-1.37042
13048032	696	0.1	-0.1	-3.17045
13048032	697	0.1	-0.1	1.61121
13048032	698	0.1	-0.1	-2.45921
13048032	699	0.1	-0.1	2.24462
13048032	700	0.1	-0.1	1.18104
13048032	701	0.1	-0.1	0.380388
13048032	702	0.1	-0.1	-1.36577
13048032	703	0.1	-0.1	-4.58723
13048032	704	0.1	-0.1	3.23558
13048032	705	0.1	-0.1	0.238906
13048032	706	0.1	-0.1	0.322316
13048032	707	0.1	-0.1	-1.67373
13048032	708	0.1	-0.1	1.42567
13048032	709	0.1	-0.1	-4.18507
13048032	710	0.1	-0.1	4.61584
13048032	711	0.1	-0.1	-3.51521
13048032	712	0.1	-0.1	5.13546
13048032	713	0.1	-0.1	3.00722
13048032	714	0.1	-0.1	4.07194
13048032	715	0.1	-0.1	-4.55374
13048032	716	0.1	-0.1	5.01012
13048032	717	0.1	-0.1	-1.933
13048032	718	0.1	-0.1	0.747009
13048032	719	0.1	-0.1	-3.88417
13048032	720	0.1	-0.1	-1.75003
13048032	721	0.1	-0.1	-1.7685
13048032	722	0.1	-0.1	-5.5882
13048032	723	0.1	-0.1	-1.15309
13048032	724	0.1	-0.1	4.68535
13048032	725	0.1	-0.1	3.29968
13048032	726	0.1	-0.1	-4.6954
13048032	727	0.1	-0.1	-2.00495
13048032	728	0.1	-0.1	0.135259
13048032	729	0.1	-0.1	4.85511
13048032	730	0.1	-0.1	-0.290633
13048032	731	0.1	-0.1	-3.12595
13048032	732	0.1	-0.1	1.96926
13048032	733	0.1	-0.1	3.42174
13048032	734	0.1	-0.1	1.76086
13048032	735	0.1	-0.1	-4.89112
13048032	736	0.1	-0.1	1.44199
13048032	737	0.1	-0.1	1.90225
13048032	738	0.1	-0.1	1.24077
13048032	739	0.1	-0.1	2.66619
13048032	740	0.1	-0.1	-3.36385
13048032	741	0.1	-0.1	3.94508
13048032	742	0.1	-0.1	1.56672
13048032	743	0.1	-0.1	-4.57044
13048032	744	0.1	-0.1	2.60346
13048032	745	0.1	-0.1	4.4341
13048032	746	0.1	-0.1	-2.93185
13048032	747	0.1	-0.1	1.89659
13048032	748	0.1	-0.1	-3.35547
13048032	749	0.1	-0.1	1.20311
13048032	750	0.1	-0.1	5.45315
13048032	751	0.1	-0.1	-2.55662
13048032	752	0.1	-0.1	4.83315
13048032	753	0.1	-0.1	2.52626
13048032	754	0.1	-0.1	1.23566
13048032	755	0.1	-0.1	5.15311
13048032	756	0.1	-0.1	4.25125
13048032	757	0.1	-0.1	1.56585
13048032	758	0.1	-0.1	0.420428
13048032	759	0.1	-0.1	3.73225
13048032	760	0.1	-0.1	-0.180227
13048032	761	0.1	-0.1	1.42097
13048032	762	0.1	-0.1	3.98364
13048032	763	0.1	-0.1	-5.67876
13048032	764	0.1	-0.1	2.61747
13048032	765	0.1	-0.1	2.70706
13048032	766	0.1	-0.1	-3.76679
13048032	767	0.1	-0.1	2.61772
13048032	768	0.1	-0.1	2.22445
13048032	769	0.1	-0.1	-1.58047
13048032	770	0.1	-0.1	0.92237
13048032	771	0.1	-0.1	0.679917
13048032	772	0.1	-0.1	3.59134
13048032	773	0.1	-0.1	2.74908
13048032	774	0.1	-0.1	5.96256
13048032	775	0.1	-0.1	5.32764
13048032	776	0.1	-0.1	4.4642
13048032	777	0.1	-0.1	-5.53077
13048032	778	0.1	-0.1	-2.4615
13048032	779	0.1	-0.1	-0.0229745
13048032	780	0.1	-0.1	-1.62026
13048032	781	0.1	-0.1	-3.87725
13048032	782	0.1	-0.1	-2.28891
13048032	783	0.1	-0.1	4.27864
13048032	784	0.1	-0.1	2.60617
13048032	785	0.1	-0.1	2.9943
13048032	786	0.1	-0.1	-0.23173
13048032	787	0.1	-0.1	-2.76201
13048032	788	0.1	-0.1	1.15864
13048032	789	0.1	-0.1	-2.85195
13048032	790	0.1	-0.1	3.64744
13048032	791	0.1	-0.1	-3.83285
13048032	792	0.1	-0.1	4.31401
13048032	793	0.1	-0.1	-1.89417
13048032	794	0.1	-0.1	-1.27349
13048032	795	0.1	-0.1	5.5634
13048032	796	0.1	-0.1	0.363539
13048032	797	0.1	-0.1	3.17663
13048032	798	0.1	-0.1	2.71907
13048032	799	0.1	-0.1	-4.20196
13048032	800	0.1	-0.1	-1.27234
13048032	801	0.1	-0.1	-5.47707
13048032	802	0.1	-0.1	4.13986
13048032	803	0.1	-0.1	3.20394
13048032	804	0.1	-0.1	-5.32763
13048032	805	0.1	-0.1	-1.76157
13048032	806	0.1	-0.1	-5.82181
13048032	807	0.1	-0.1	3.65899
13048032	808	0.1	-0.1	-4.7676
13048032	809	0.1	-0.1	-0.603227
13048032	810	0.1	-0.1	-1.14949
13048032	811	0.1	-0.1	5.89491
13048032	812	0.1	-0.1	-4.96423
13048032	813	0.1	-0.1	-0.68385
13048032	814	0.1	-0.1	5.61635
13048032	815	0.1	-0.1	1.30782
13048032	816	0.1	-0.1	-1.03862
13048032	817	0.1	-0.1	3.30509
13048032	818	0.1	-0.1	5.29922
13048032	819	0.1	-0.1	-1.24743
13048032	820	0.1	-0.1	-2.03573
13048032	821	0.1	-0.1	-1.85764
13048032	822	0.1	-0.1	-3.61422
13048032	823	0.1	-0.1	-0.461666
13048032	824	0.1	-0.1	5.96835
13048032	825	0.1	-0.1	4.1685
13048032	826	0.1	-0.1	-1.42142
13048032	827	0.1	-0.1	2.1452
13048032	828	0.1	-0.1	-3.82122
13048032	829	0.1	-0.1	-1.18414
13048032	830	0.1	-0.1	1.3963
13048032	831	0.1	-0.1	-0.785194
13048032	832	0.1	-0.1	1.20996
13048032	833	0.1	-0.1	5.64076
13048032	834	0.1	-0.1	4.65673
13048032	835	0.1	-0.1	-4.94978
13048032	836	0.1	-0.1	-2.15524
13048032	837	0.1	-0.1	-3.88125
13048032	838	0.1	-0.1	2.07157
13048032	839	0.1	-0.1	4.84639
13048032	840	0.1	-0.1	1.15022
13048032	841	0.1	-0.1	2.68017
13048032	842	0.1	-0.1	5.14353
13048032	843	0.1	-0.1	-2.11937
13048032	844	0.1	-0.1	-1.30009
13048032	845	0.1	-0.1	1.3885
13048032	846	0.1	-0.1	-5.558
13048032	847	0.1	-0.1	4.53192
13048032	848	0.1	-0.1	-5.46227
13048032	849	0.1	-0.1	1.63411
13048032	850	0.1	-0.1	3.1115
13048032	851	0.1	-0.1	1.7923
13048032	852	0.1	-0.1	-2.29984
13048032	853	0.1	-0.1	5.9815
13048032	854	0.1	-0.1	-2.8857
13048032	855	0.1	-0.1	2.24481
13048032	856	0.1	-0.1	0.855997
13048032	857	0.1	-0.1	-0.0583971
13048032	858	0.1	-0.1	-1.18346
13048032	859	0.1	-0.1	4.61754
13048032	860	0.1	-0.1	-1.20591
13048032	861	0.1	-0.1	-0.882416
13048032	862	0.1	-0.1	0.349148
13048032	863	0.1	-0.1	5.32933
13048032	864	0.1	-0.1	-4.69933
13048032	865	0.1	-0.1	2.27907
13048032	866	0.1	-0.1	2.88997
13048032	867	0.1	-0.1	4.5449
13048032	868	0.1	-0.1	2.51461
13048032	869	0.1	-0.1	0.917133
13048032	870	0.1	-0.1	0.9077
13048032	871	0.1	-0.1	-4.99762
13048032	872	0.1	-0.1	-4.9874
13048032	873	0.1	-0.1	-2.74508
13048032	874	0.1	-0.1	1.4872
13048032	875	0.1	-0.1	2.53712
13048032	876	0.1	-0.1	-5.37928
13048032	877	0.1	-0.1	-2.25712
13048032	878	0.1	-0.1	-1.62826
13048032	879	0.1	-0.1	-2.53513
13048032	880	0.1	-0.1	5.20543
13048032	881	0.1	-0.1	0.80091
13048032	882	0.1	-0.1	-1.82912
13048032	883	0.1	-0.1	5.15862
13048032	884	0.1	-0.1	3.6855
13048032	885	0.1	-0.1	5.68042
13048032	886	0.1	-0.1	-2.17724
13048032	887	0.1	-0.1	2.73993
13048032	888	0.1	-0.1	-3.52711
13048032	889	0.1	-0.1	3.50533
13048032	890	0.1	-0.1	0.822292
13048032	891	0.1	-0.1	-5.23142
13048032	892	0.1	-0.1	-2.71091
13048032	893	0.1	-0.1	0.187896
13048032	894	0.1	-0.1	-2.33758
13048032	895	0.1	-0.1	3.39511
13048032	896	0.1	-0.1	-0.582886
13048032	897	0.1	-0.1	-4.8947
13048032	898	0.1	-0.1	-4.13552
13048032	899	0.1	-0.1	-3.30844
13048032	900	0.1	-0.1	4.99678
13048032	901	0.1	-0.1	5.57566
13048032	902	0.1	-0.1	-5.57445
13048032	903	0.1	-0.1	0.72945
13048032	904	0.1	-0.1	4.28183
13048032	905	0.1	-0.1	-5.48542
13048032	906	0.1	-0.1	0.219449
13048032	907	0.1	-0.1	5.94945
13048032	908	0.1	-0.1	-5.0211
13048032	909	0.1	-0.1	3.64216
13048032	910	0.1	-0.1	-5.95255
13048032	911	0.1	-0.1	-5.44488
13048032	912	0.1	-0.1	-0.914733
13048032	913	0.1	-0.1	5.38858
13048032	914	0.1	-0.1	3.77151
13048032	915	0.1	-0.1	3.29964
13048032	916	0.1	-0.1	0.161783
13048032	917	0.1	-0.1	-1.13523
13048032	918	0.1	-0.1	4.90732
13048032	919	0.1	-0.1	1.16371
13048032	920	0.1	-0.1	4.61984
13048032	921	0.1	-0.1	1.66273
13048032	922	0.1	-0.1	3.4971
13048032	923	0.1	-0.1	5.08442
13048032	924	0.1	-0.1	-1.17635
13048032	925	0.1	-0.1	-4.5561
13048032	926	0.1	-0.1	5.0698
13048032	927	0.1	-0.1	-3.46041
13048032	928	0.1	-0.1	5.16698
13048032	929	0.1	-0.1	-5.08223
13048032	930	0.1	-0.1	-0.74767
13048032	931	0.1	-0.1	5.42464
13048032	932	0.1	-0.1	3.55833
13048032	933	0.1	-0.1	3.5623
13048032	934	0.1	-0.1	-5.55193
13048032	935	0.1	-0.1	-2.97638
13048032	936	0.1	-0.1	2.48127
13048032	937	0.1	-0.1	1.48432
13048032	938	0.1	-0.1	-0.78717
13048032	939	0.1	-0.1	3.34711
13048032	940	0.1	-0.1	-0.952797
13048032	941	0.1	-0.1	3.64283
13048032	942	0.1	-0.1	-1.13822
13048032	943	0.1	-0.1	-3.25379
13048032	944	0.1	-0.1	3.03159
13048032	945	0.1	-0.1	-5.25673
13048032	946	0.1	-0.1	2.82003
13048032	947	0.1	-0.1	0.771335
13048032	948	0.1	-0.1	4.82473
13048032	949	0.1	-0.1	5.15178
13048032	950	0.1	-0.1	5.25176
13048032	951	0.1	-0.1	-3.07701
13048032	952	0.1	-0.1	-3.08903
13048032	953	0.1	-0.1	-3.05957
13048032	954	0.1	-0.1	-0.55069
13048032	955	0.1	-0.1	0.0912518
13048032	956	0.1	-0.1	-1.5127
13048032	957	0.1	-0.1	5.43863
13048032	958	0.1	-0.1	-5.22123
13048032	959	0.1	-0.1	-3.68054
13048032	960	0.1	-0.1	1.82537
13048032	961	0.1	-0.1	4.46813
13048032	962	0.1	-0.1	-2.51566
13048032	963	0.1	-0.1	-2.76288
13048032	964	0.1	-0.1	1.16416
13048032	965	0.1	-0.1	-5.00007
13048032	966	0.1	-0.1	1.57543
13048032	967	0.1	-0.1	-1.46345
13048032	968	0.1	-0.1	4.43377
13048032	969	0.1	-0.1	-3.25945
13048032	970	0.1	-0.1	4.3248
13048032	971	0.1	-0.1	-4.25726
13048032	972	0.1	-0.1	3.6864
13048032	973	0.1	-0.1	-5.4873
13048032	974	0.1	-0.1	-4.56505
13048032	975	0.1	-0.1	3.26177
13048032	976	0.1	-0.1	1.23345
13048032	977	0.1	-0.1	2.13442
13048032	978	0.1	-0.1	-0.843319
13048032	979	0.1	-0.1	-0.494651
13048032	980	0.1	-0.1	-1.89773
13048032	981	0.1	-0.1	3.48476
13048032	982	0.1	-0.1	0.550896
13048032	983	0.1	-0.1	5.80016
13048032	984	0.1	-0.1	5.10031
13048032	985	0.1	-0.1	-5.89042
13048032	986	0.1	-0.1	-5.95437
13048032	987	0.1	-0.1	2.36288
13048032	988	0.1	-0.1	-2.04171
13048032	989	0.1	-0.1	-4.19103
13048032	990	0.1	-0.1	-3.72932
13048032	991	0.1	-0.1	4.77005
13048032	992	0.1	-0.1	3.9379
13048032	993	0.1	-0.1	-2.06292
13048032	994	0.1	-0.1	1.44125
13048032	995	0.1	-0.1	1.77924
13048032	996	0.1	-0.1	3.84138
13048032	997	0.1	-0.1	1.57279
13048032	998	0.1	-0.1	-2.55257
13048032	999	0.1	-0.1	1.78653
13048032	1000	0.1	-0.1	-2.05872
