13047044	1	0.1	-0.1	1.40408
13047044	2	0.1	-0.1	-5.36356
13047044	3	0.1	-0.1	2.05774
13047044	4	0.1	-0.1	2.75137
13047044	5	0.1	-0.1	5.9433
13047044	6	0.1	-0.1	-1.52928
13047044	7	0.1	-0.1	5.90661
13047044	8	0.1	-0.1	-5.4351
13047044	9	0.1	-0.1	0.452121
13047044	10	0.1	-0.1	-2.54856
13047044	11	0.1	-0.1	2.80996
13047044	12	0.1	-0.1	-4.67784
13047044	13	0.1	-0.1	-4.61914
13047044	14	0.1	-0.1	5.1505
13047044	15	0.1	-0.1	3.06583
13047044	16	0.1	-0.1	4.39756
13047044	17	0.1	-0.1	2.33975
13047044	18	0.1	-0.1	-5.83448
13047044	19	0.1	-0.1	4.46393
13047044	20	0.1	-0.1	-5.99683
13047044	21	0.1	-0.1	2.63169
13047044	22	0.1	-0.1	-5.62878
13047044	23	0.1	-0.1	-4.86874
13047044	24	0.1	-0.1	4.18514
13047044	25	0.1	-0.1	0.900312
13047044	26	0.1	-0.1	-0.701901
13047044	27	0.1	-0.1	-2.08511
13047044	28	0.1	-0.1	3.39601
13047044	29	0.1	-0.1	-5.31325
13047044	30	0.1	-0.1	-3.38842
13047044	31	0.1	-0.1	1.74299
13047044	32	0.1	-0.1	-3.21249
13047044	33	0.1	-0.1	2.59356
13047044	34	0.1	-0.1	4.45485
13047044	35	0.1	-0.1	0.311676
13047044	36	0.1	-0.1	-1.113
13047044	37	0.1	-0.1	-2.65759
13047044	38	0.1	-0.1	2.25485
13047044	39	0.1	-0.1	1.63412
13047044	40	0.1	-0.1	2.18054
13047044	41	0.1	-0.1	4.90085
13047044	42	0.1	-0.1	3.47059
13047044	43	0.1	-0.1	2.86987
13047044	44	0.1	-0.1	0.449213
13047044	45	0.1	-0.1	0.205699
13047044	46	0.1	-0.1	2.42858
13047044	47	0.1	-0.1	4.47253
13047044	48	0.1	-0.1	-0.264446
13047044	49	0.1	-0.1	0.745293
13047044	50	0.1	-0.1	0.653434
13047044	51	0.1	-0.1	1.14097
13047044	52	0.1	-0.1	-2.24391
13047044	53	0.1	-0.1	3.17232
13047044	54	0.1	-0.1	-1.36961
13047044	55	0.1	-0.1	3.13107
13047044	56	0.1	-0.1	-3.69607
13047044	57	0.1	-0.1	-5.90066
13047044	58	0.1	-0.1	-4.75612
13047044	59	0.1	-0.1	1.04961
13047044	60	0.1	-0.1	1.32772
13047044	61	0.1	-0.1	5.71357
13047044	62	0.1	-0.1	-2.88958
13047044	63	0.1	-0.1	-1.28501
13047044	64	0.1	-0.1	4.76432
13047044	65	0.1	-0.1	5.3784
13047044	66	0.1	-0.1	2.86978
13047044	67	0.1	-0.1	-3.07827
13047044	68	0.1	-0.1	1.68174
13047044	69	0.1	-0.1	3.97214
13047044	70	0.1	-0.1	3.37662
13047044	71	0.1	-0.1	4.04658
13047044	72	0.1	-0.1	0.867132
13047044	73	0.1	-0.1	-3.65146
13047044	74	0.1	-0.1	-2.50259
13047044	75	0.1	-0.1	-4.98934
13047044	76	0.1	-0.1	4.56609
13047044	77	0.1	-0.1	-5.49462
13047044	78	0.1	-0.1	-2.3909
13047044	79	0.1	-0.1	1.87436
13047044	80	0.1	-0.1	-1.57878
13047044	81	0.1	-0.1	1.57809
13047044	82	0.1	-0.1	5.40592
13047044	83	0.1	-0.1	-5.20399
13047044	84	0.1	-0.1	-1.58538
13047044	85	0.1	-0.1	0.949479
13047044	86	0.1	-0.1	-2.98127
13047044	87	0.1	-0.1	-2.23219
13047044	88	0.1	-0.1	-3.49604
13047044	89	0.1	-0.1	3.28007
13047044	90	0.1	-0.1	3.28659
13047044	91	0.1	-0.1	5.20559
13047044	92	0.1	-0.1	-0.110885
13047044	93	0.1	-0.1	-4.65937
13047044	94	0.1	-0.1	4.27935
13047044	95	0.1	-0.1	-1.17326
13047044	96	0.1	-0.1	2.14782
13047044	97	0.1	-0.1	-2.30976
13047044	98	0.1	-0.1	-2.938
13047044	99	0.1	-0.1	-4.1971
13047044	100	0.1	-0.1	-1.08922
13047044	101	0.1	-0.1	2.65033
13047044	102	0.1	-0.1	-5.13687
13047044	103	0.1	-0.1	-1.63235
13047044	104	0.1	-0.1	2.44752
13047044	105	0.1	-0.1	-5.6055
13047044	106	0.1	-0.1	-3.41244
13047044	107	0.1	-0.1	3.25078
13047044	108	0.1	-0.1	4.54239
13047044	109	0.1	-0.1	2.24972
13047044	110	0.1	-0.1	4.28176
13047044	111	0.1	-0.1	-2.10236
13047044	112	0.1	-0.1	4.86248
13047044	113	0.1	-0.1	1.80006
13047044	114	0.1	-0.1	-3.94496
13047044	115	0.1	-0.1	2.01109
13047044	116	0.1	-0.1	-3.63644
13047044	117	0.1	-0.1	4.92005
13047044	118	0.1	-0.1	2.3935
13047044	119	0.1	-0.1	-3.12074
13047044	120	0.1	-0.1	-4.02963
13047044	121	0.1	-0.1	-4.04672
13047044	122	0.1	-0.1	3.18105
13047044	123	0.1	-0.1	-1.83109
13047044	124	0.1	-0.1	3.80379
13047044	125	0.1	-0.1	2.91713
13047044	126	0.1	-0.1	4.95584
13047044	127	0.1	-0.1	4.50453
13047044	128	0.1	-0.1	-4.11244
13047044	129	0.1	-0.1	2.62579
13047044	130	0.1	-0.1	3.29712
13047044	131	0.1	-0.1	3.79234
13047044	132	0.1	-0.1	-3.51452
13047044	133	0.1	-0.1	0.653962
13047044	134	0.1	-0.1	-1.29368
13047044	135	0.1	-0.1	-4.96019
13047044	136	0.1	-0.1	-0.841325
13047044	137	0.1	-0.1	5.67486
13047044	138	0.1	-0.1	-5.86202
13047044	139	0.1	-0.1	-2.62641
13047044	140	0.1	-0.1	-0.556586
13047044	141	0.1	-0.1	-5.24756
13047044	142	0.1	-0.1	-4.93282
13047044	143	0.1	-0.1	0.280483
13047044	144	0.1	-0.1	5.4483
13047044	145	0.1	-0.1	5.88568
13047044	146	0.1	-0.1	-4.26963
13047044	147	0.1	-0.1	-4.89761
13047044	148	0.1	-0.1	-2.61347
13047044	149	0.1	-0.1	-0.917902
13047044	150	0.1	-0.1	5.40423
13047044	151	0.1	-0.1	-0.729898
13047044	152	0.1	-0.1	2.71789
13047044	153	0.1	-0.1	-1.26404
13047044	154	0.1	-0.1	-2.01218
13047044	155	0.1	-0.1	3.79188
13047044	156	0.1	-0.1	-1.90195
13047044	157	0.1	-0.1	2.0247
13047044	158	0.1	-0.1	2.33064
13047044	159	0.1	-0.1	0.296264
13047044	160	0.1	-0.1	5.15214
13047044	161	0.1	-0.1	-0.0352112
13047044	162	0.1	-0.1	-1.3056
13047044	163	0.1	-0.1	3.91387
13047044	164	0.1	-0.1	3.6399
13047044	165	0.1	-0.1	4.0273
13047044	166	0.1	-0.1	5.75505
13047044	167	0.1	-0.1	0.091263
13047044	168	0.1	-0.1	3.96526
13047044	169	0.1	-0.1	4.13816
13047044	170	0.1	-0.1	-3.424
13047044	171	0.1	-0.1	-5.5945
13047044	172	0.1	-0.1	4.22794
13047044	173	0.1	-0.1	-3.55257
13047044	174	0.1	-0.1	5.8006
13047044	175	0.1	-0.1	-0.424956
13047044	176	0.1	-0.1	-5.89903
13047044	177	0.1	-0.1	1.05908
13047044	178	0.1	-0.1	-4.46137
13047044	179	0.1	-0.1	0.647616
13047044	180	0.1	-0.1	-1.19659
13047044	181	0.1	-0.1	-5.45407
13047044	182	0.1	-0.1	-0.688732
13047044	183	0.1	-0.1	-5.72634
13047044	184	0.1	-0.1	2.0371
13047044	185	0.1	-0.1	2.33528
13047044	186	0.1	-0.1	3.63085
13047044	187	0.1	-0.1	-4.07914
13047044	188	0.1	-0.1	-0.347137
13047044	189	0.1	-0.1	3.39854
13047044	190	0.1	-0.1	-1.41494
13047044	191	0.1	-0.1	3.83416
13047044	192	0.1	-0.1	5.30711
13047044	193	0.1	-0.1	-1.66998
13047044	194	0.1	-0.1	5.74545
13047044	195	0.1	-0.1	2.10579
13047044	196	0.1	-0.1	0.616206
13047044	197	0.1	-0.1	2.80669
13047044	198	0.1	-0.1	1.20242
13047044	199	0.1	-0.1	4.85001
13047044	200	0.1	-0.1	-4.7863
13047044	201	0.1	-0.1	1.13002
13047044	202	0.1	-0.1	-3.06891
13047044	203	0.1	-0.1	-2.09038
13047044	204	0.1	-0.1	-2.59594
13047044	205	0.1	-0.1	2.09076
13047044	206	0.1	-0.1	-4.3709
13047044	207	0.1	-0.1	3.1496
13047044	208	0.1	-0.1	4.96843
13047044	209	0.1	-0.1	-5.62515
13047044	210	0.1	-0.1	-5.75444
13047044	211	0.1	-0.1	4.2759
13047044	212	0.1	-0.1	0.159473
13047044	213	0.1	-0.1	5.57271
13047044	214	0.1	-0.1	-0.998177
13047044	215	0.1	-0.1	-2.75739
13047044	216	0.1	-0.1	-1.16815
13047044	217	0.1	-0.1	3.73104
13047044	218	0.1	-0.1	4.66327
13047044	219	0.1	-0.1	-1.74961
13047044	220	0.1	-0.1	-5.90451
13047044	221	0.1	-0.1	5.55328
13047044	222	0.1	-0.1	-4.69056
13047044	223	0.1	-0.1	-2.42258
13047044	224	0.1	-0.1	5.43577
13047044	225	0.1	-0.1	-0.219107
13047044	226	0.1	-0.1	3.95599
13047044	227	0.1	-0.1	-1.23391
13047044	228	0.1	-0.1	5.99167
13047044	229	0.1	-0.1	5.38969
13047044	230	0.1	-0.1	-5.61779
13047044	231	0.1	-0.1	-3.784
13047044	232	0.1	-0.1	-4.66614
13047044	233	0.1	-0.1	-1.84839
13047044	234	0.1	-0.1	-2.63027
13047044	235	0.1	-0.1	-1.153
13047044	236	0.1	-0.1	2.41068
13047044	237	0.1	-0.1	-5.28768
13047044	238	0.1	-0.1	3.49179
13047044	239	0.1	-0.1	3.93535
13047044	240	0.1	-0.1	2.99016
13047044	241	0.1	-0.1	3.43445
13047044	242	0.1	-0.1	4.44594
13047044	243	0.1	-0.1	5.90463
13047044	244	0.1	-0.1	4.162
13047044	245	0.1	-0.1	3.02715
13047044	246	0.1	-0.1	2.84091
13047044	247	0.1	-0.1	0.086062
13047044	248	0.1	-0.1	3.80807
13047044	249	0.1	-0.1	-2.47579
13047044	250	0.1	-0.1	1.27204
13047044	251	0.1	-0.1	-3.98922
13047044	252	0.1	-0.1	-1.07113
13047044	253	0.1	-0.1	4.98098
13047044	254	0.1	-0.1	-3.87553
13047044	255	0.1	-0.1	-2.21764
13047044	256	0.1	-0.1	-4.23057
13047044	257	0.1	-0.1	-3.22663
13047044	258	0.1	-0.1	4.23327
13047044	259	0.1	-0.1	1.65708
13047044	260	0.1	-0.1	-3.21517
13047044	261	0.1	-0.1	3.27266
13047044	262	0.1	-0.1	1.95666
13047044	263	0.1	-0.1	1.74643
13047044	264	0.1	-0.1	-2.45511
13047044	265	0.1	-0.1	0.815905
13047044	266	0.1	-0.1	5.44529
13047044	267	0.1	-0.1	0.594981
13047044	268	0.1	-0.1	-5.06678
13047044	269	0.1	-0.1	1.42634
13047044	270	0.1	-0.1	4.9185
13047044	271	0.1	-0.1	-4.38359
13047044	272	0.1	-0.1	0.840938
13047044	273	0.1	-0.1	5.77339
13047044	274	0.1	-0.1	0.888852
13047044	275	0.1	-0.1	-5.57794
13047044	276	0.1	-0.1	2.02288
13047044	277	0.1	-0.1	-1.85604
13047044	278	0.1	-0.1	-3.49234
13047044	279	0.1	-0.1	-0.385917
13047044	280	0.1	-0.1	-2.24901
13047044	281	0.1	-0.1	-2.30628
13047044	282	0.1	-0.1	-3.47232
13047044	283	0.1	-0.1	-2.94121
13047044	284	0.1	-0.1	-2.96237
13047044	285	0.1	-0.1	-5.30917
13047044	286	0.1	-0.1	-4.85679
13047044	287	0.1	-0.1	-5.93671
13047044	288	0.1	-0.1	5.64077
13047044	289	0.1	-0.1	2.30373
13047044	290	0.1	-0.1	2.77333
13047044	291	0.1	-0.1	2.18202
13047044	292	0.1	-0.1	-5.85966
13047044	293	0.1	-0.1	1.23996
13047044	294	0.1	-0.1	-2.94943
13047044	295	0.1	-0.1	4.15311
13047044	296	0.1	-0.1	-0.677978
13047044	297	0.1	-0.1	-2.78478
13047044	298	0.1	-0.1	5.04445
13047044	299	0.1	-0.1	3.44764
13047044	300	0.1	-0.1	3.69354
13047044	301	0.1	-0.1	3.35603
13047044	302	0.1	-0.1	3.6243
13047044	303	0.1	-0.1	-1.40729
13047044	304	0.1	-0.1	-0.0691914
13047044	305	0.1	-0.1	2.27914
13047044	306	0.1	-0.1	3.41651
13047044	307	0.1	-0.1	-2.88061
13047044	308	0.1	-0.1	5.9791
13047044	309	0.1	-0.1	1.7534
13047044	310	0.1	-0.1	-2.24637
13047044	311	0.1	-0.1	4.60856
13047044	312	0.1	-0.1	-1.39995
13047044	313	0.1	-0.1	5.33206
13047044	314	0.1	-0.1	-0.602522
13047044	315	0.1	-0.1	2.04355
13047044	316	0.1	-0.1	-0.770551
13047044	317	0.1	-0.1	1.77199
13047044	318	0.1	-0.1	5.50974
13047044	319	0.1	-0.1	1.70417
13047044	320	0.1	-0.1	4.45413
13047044	321	0.1	-0.1	1.11118
13047044	322	0.1	-0.1	-1.78649
13047044	323	0.1	-0.1	3.90793
13047044	324	0.1	-0.1	-1.72919
13047044	325	0.1	-0.1	-1.04711
13047044	326	0.1	-0.1	0.836444
13047044	327	0.1	-0.1	-1.90636
13047044	328	0.1	-0.1	3.92783
13047044	329	0.1	-0.1	-4.66817
13047044	330	0.1	-0.1	1.93634
13047044	331	0.1	-0.1	3.69604
13047044	332	0.1	-0.1	-2.21546
13047044	333	0.1	-0.1	-2.60129
13047044	334	0.1	-0.1	1.41033
13047044	335	0.1	-0.1	1.52968
13047044	336	0.1	-0.1	-4.18541
13047044	337	0.1	-0.1	5.61655
13047044	338	0.1	-0.1	-0.475907
13047044	339	0.1	-0.1	-4.94694
13047044	340	0.1	-0.1	-1.14836
13047044	341	0.1	-0.1	-4.43874
13047044	342	0.1	-0.1	4.08277
13047044	343	0.1	-0.1	0.828563
13047044	344	0.1	-0.1	-0.927298
13047044	345	0.1	-0.1	-1.61505
13047044	346	0.1	-0.1	-0.8368
13047044	347	0.1	-0.1	-4.01128
13047044	348	0.1	-0.1	-0.276272
13047044	349	0.1	-0.1	-1.75042
13047044	350	0.1	-0.1	4.33616
13047044	351	0.1	-0.1	2.8952
13047044	352	0.1	-0.1	-3.47251
13047044	353	0.1	-0.1	0.246657
13047044	354	0.1	-0.1	2.62292
13047044	355	0.1	-0.1	-4.6999
13047044	356	0.1	-0.1	0.0868004
13047044	357	0.1	-0.1	-0.23823
13047044	358	0.1	-0.1	2.99017
13047044	359	0.1	-0.1	-4.58899
13047044	360	0.1	-0.1	3.03596
13047044	361	0.1	-0.1	0.343135
13047044	362	0.1	-0.1	-1.47408
13047044	363	0.1	-0.1	-2.69718
13047044	364	0.1	-0.1	-2.24562
13047044	365	0.1	-0.1	0.0893195
13047044	366	0.1	-0.1	3.63269
13047044	367	0.1	-0.1	3.74717
13047044	368	0.1	-0.1	1.91662
13047044	369	0.1	-0.1	0.419163
13047044	370	0.1	-0.1	1.66034
13047044	371	0.1	-0.1	-1.28318
13047044	372	0.1	-0.1	-0.368394
13047044	373	0.1	-0.1	-3.09028
13047044	374	0.1	-0.1	4.45496
13047044	375	0.1	-0.1	-2.58943
13047044	376	0.1	-0.1	5.81821
13047044	377	0.1	-0.1	3.30152
13047044	378	0.1	-0.1	4.55151
13047044	379	0.1	-0.1	2.12079
13047044	380	0.1	-0.1	0.754143
13047044	381	0.1	-0.1	-1.81247
13047044	382	0.1	-0.1	3.43353
13047044	383	0.1	-0.1	1.08235
13047044	384	0.1	-0.1	5.70053
13047044	385	0.1	-0.1	0.421235
13047044	386	0.1	-0.1	-1.24716
13047044	387	0.1	-0.1	2.83281
13047044	388	0.1	-0.1	2.60145
13047044	389	0.1	-0.1	5.25882
13047044	390	0.1	-0.1	-1.3922
13047044	391	0.1	-0.1	3.25809
13047044	392	0.1	-0.1	1.45628
13047044	393	0.1	-0.1	-0.371009
13047044	394	0.1	-0.1	-1.76989
13047044	395	0.1	-0.1	0.157276
13047044	396	0.1	-0.1	5.73033
13047044	397	0.1	-0.1	0.075386
13047044	398	0.1	-0.1	1.62274
13047044	399	0.1	-0.1	2.08473
13047044	400	0.1	-0.1	1.02385
13047044	401	0.1	-0.1	1.86336
13047044	402	0.1	-0.1	-1.15267
13047044	403	0.1	-0.1	4.38671
13047044	404	0.1	-0.1	-0.81179
13047044	405	0.1	-0.1	4.20841
13047044	406	0.1	-0.1	-3.38126
13047044	407	0.1	-0.1	1.51354
13047044	408	0.1	-0.1	-5.94676
13047044	409	0.1	-0.1	5.8769
13047044	410	0.1	-0.1	-0.890562
13047044	411	0.1	-0.1	1.97763
13047044	412	0.1	-0.1	2.45741
13047044	413	0.1	-0.1	-1.7808
13047044	414	0.1	-0.1	0.836299
13047044	415	0.1	-0.1	2.07768
13047044	416	0.1	-0.1	2.1494
13047044	417	0.1	-0.1	3.34633
13047044	418	0.1	-0.1	0.50547
13047044	419	0.1	-0.1	-5.38025
13047044	420	0.1	-0.1	0.80266
13047044	421	0.1	-0.1	-1.3818
13047044	422	0.1	-0.1	-4.38535
13047044	423	0.1	-0.1	-0.942939
13047044	424	0.1	-0.1	-0.110822
13047044	425	0.1	-0.1	3.89903
13047044	426	0.1	-0.1	-3.04316
13047044	427	0.1	-0.1	-1.03928
13047044	428	0.1	-0.1	-4.94576
13047044	429	0.1	-0.1	4.95374
13047044	430	0.1	-0.1	3.02174
13047044	431	0.1	-0.1	-5.97905
13047044	432	0.1	-0.1	-2.31519
13047044	433	0.1	-0.1	-4.07503
13047044	434	0.1	-0.1	-5.50981
13047044	435	0.1	-0.1	-1.03163
13047044	436	0.1	-0.1	-4.396
13047044	437	0.1	-0.1	3.26257
13047044	438	0.1	-0.1	4.76693
13047044	439	0.1	-0.1	4.67931
13047044	440	0.1	-0.1	0.688124
13047044	441	0.1	-0.1	-1.80245
13047044	442	0.1	-0.1	-5.33681
13047044	443	0.1	-0.1	-5.31909
13047044	444	0.1	-0.1	0.210086
13047044	445	0.1	-0.1	-0.847729
13047044	446	0.1	-0.1	-1.32257
13047044	447	0.1	-0.1	5.41161
13047044	448	0.1	-0.1	-5.05849
13047044	449	0.1	-0.1	3.00863
13047044	450	0.1	-0.1	-0.378775
13047044	451	0.1	-0.1	-2.7376
13047044	452	0.1	-0.1	-0.245491
13047044	453	0.1	-0.1	-4.88884
13047044	454	0.1	-0.1	1.41231
13047044	455	0.1	-0.1	-4.53965
13047044	456	0.1	-0.1	-1.18947
13047044	457	0.1	-0.1	-2.00745
13047044	458	0.1	-0.1	1.37348
13047044	459	0.1	-0.1	-3.07984
13047044	460	0.1	-0.1	0.516294
13047044	461	0.1	-0.1	-0.0447842
13047044	462	0.1	-0.1	3.7671
13047044	463	0.1	-0.1	1.91149
13047044	464	0.1	-0.1	-0.198516
13047044	465	0.1	-0.1	1.4957
13047044	466	0.1	-0.1	2.6409
13047044	467	0.1	-0.1	0.373547
13047044	468	0.1	-0.1	3.55082
13047044	469	0.1	-0.1	-2.59351
13047044	470	0.1	-0.1	-3.50987
13047044	471	0.1	-0.1	-4.52082
13047044	472	0.1	-0.1	3.31789
13047044	473	0.1	-0.1	-1.75196
13047044	474	0.1	-0.1	0.903848
13047044	475	0.1	-0.1	3.12276
13047044	476	0.1	-0.1	4.39982
13047044	477	0.1	-0.1	-5.76767
13047044	478	0.1	-0.1	-0.853441
13047044	479	0.1	-0.1	2.52166
13047044	480	0.1	-0.1	5.49135
13047044	481	0.1	-0.1	-5.47578
13047044	482	0.1	-0.1	4.29635
13047044	483	0.1	-0.1	0.991811
13047044	484	0.1	-0.1	-3.26891
13047044	485	0.1	-0.1	4.1485
13047044	486	0.1	-0.1	3.36297
13047044	487	0.1	-0.1	3.72795
13047044	488	0.1	-0.1	-4.30152
13047044	489	0.1	-0.1	3.15979
13047044	490	0.1	-0.1	1.28898
13047044	491	0.1	-0.1	-4.42297
13047044	492	0.1	-0.1	2.85304
13047044	493	0.1	-0.1	-4.96458
13047044	494	0.1	-0.1	4.16581
13047044	495	0.1	-0.1	-5.45046
13047044	496	0.1	-0.1	-0.750755
13047044	497	0.1	-0.1	-5.37344
13047044	498	0.1	-0.1	-2.62392
13047044	499	0.1	-0.1	-0.0554625
13047044	500	0.1	-0.1	2.3319
13047044	501	0.1	-0.1	-5.80983
13047044	502	0.1	-0.1	-5.47641
13047044	503	0.1	-0.1	3.4893
13047044	504	0.1	-0.1	3.48762
13047044	505	0.1	-0.1	2.4491
13047044	506	0.1	-0.1	-1.10152
13047044	507	0.1	-0.1	2.75131
13047044	508	0.1	-0.1	-4.72688
13047044	509	0.1	-0.1	2.48091
13047044	510	0.1	-0.1	-2.79372
13047044	511	0.1	-0.1	3.51828
13047044	512	0.1	-0.1	-2.73471
13047044	513	0.1	-0.1	-5.05563
13047044	514	0.1	-0.1	1.28802
13047044	515	0.1	-0.1	5.34459
13047044	516	0.1	-0.1	3.90823
13047044	517	0.1	-0.1	-2.55743
13047044	518	0.1	-0.1	-5.61235
13047044	519	0.1	-0.1	-0.530703
13047044	520	0.1	-0.1	-0.937288
13047044	521	0.1	-0.1	-0.0651734
13047044	522	0.1	-0.1	0.615296
13047044	523	0.1	-0.1	2.59047
13047044	524	0.1	-0.1	1.95672
13047044	525	0.1	-0.1	-2.35865
13047044	526	0.1	-0.1	-2.56709
13047044	527	0.1	-0.1	4.05885
13047044	528	0.1	-0.1	3.94723
13047044	529	0.1	-0.1	1.3482
13047044	530	0.1	-0.1	-5.70988
13047044	531	0.1	-0.1	-3.4528
13047044	532	0.1	-0.1	-5.82641
13047044	533	0.1	-0.1	-3.85488
13047044	534	0.1	-0.1	0.866282
13047044	535	0.1	-0.1	4.13425
13047044	536	0.1	-0.1	-2.44546
13047044	537	0.1	-0.1	5.333
13047044	538	0.1	-0.1	-4.0608
13047044	539	0.1	-0.1	-2.27187
13047044	540	0.1	-0.1	3.52263
13047044	541	0.1	-0.1	-5.42133
13047044	542	0.1	-0.1	-2.93665
13047044	543	0.1	-0.1	-2.09071
13047044	544	0.1	-0.1	-2.22402
13047044	545	0.1	-0.1	-2.53423
13047044	546	0.1	-0.1	4.88916
13047044	547	0.1	-0.1	2.67682
13047044	548	0.1	-0.1	0.701771
13047044	549	0.1	-0.1	-5.28035
13047044	550	0.1	-0.1	-4.17818
13047044	551	0.1	-0.1	5.48187
13047044	552	0.1	-0.1	-5.10935
13047044	553	0.1	-0.1	3.97616
13047044	554	0.1	-0.1	-1.88442
13047044	555	0.1	-0.1	0.562245
13047044	556	0.1	-0.1	0.246979
13047044	557	0.1	-0.1	0.382957
13047044	558	0.1	-0.1	3.90465
13047044	559	0.1	-0.1	3.85183
13047044	560	0.1	-0.1	5.38385
13047044	561	0.1	-0.1	2.85058
13047044	562	0.1	-0.1	1.10384
13047044	563	0.1	-0.1	2.87646
13047044	564	0.1	-0.1	4.85098
13047044	565	0.1	-0.1	5.99377
13047044	566	0.1	-0.1	1.13335
13047044	567	0.1	-0.1	-3.47176
13047044	568	0.1	-0.1	-3.11351
13047044	569	0.1	-0.1	3.86197
13047044	570	0.1	-0.1	0.280405
13047044	571	0.1	-0.1	-3.26069
13047044	572	0.1	-0.1	3.47734
13047044	573	0.1	-0.1	-0.854795
13047044	574	0.1	-0.1	3.5267
13047044	575	0.1	-0.1	5.07461
13047044	576	0.1	-0.1	2.14089
13047044	577	0.1	-0.1	-1.19552
13047044	578	0.1	-0.1	1.29993
13047044	579	0.1	-0.1	0.404845
13047044	580	0.1	-0.1	1.89766
13047044	581	0.1	-0.1	5.95338
13047044	582	0.1	-0.1	-1.85475
13047044	583	0.1	-0.1	-2.59873
13047044	584	0.1	-0.1	3.64789
13047044	585	0.1	-0.1	3.45873
13047044	586	0.1	-0.1	-3.31441
13047044	587	0.1	-0.1	-4.07252
13047044	588	0.1	-0.1	3.94435
13047044	589	0.1	-0.1	-4.35194
13047044	590	0.1	-0.1	2.04913
13047044	591	0.1	-0.1	-5.39661
13047044	592	0.1	-0.1	-0.541679
13047044	593	0.1	-0.1	4.39808
13047044	594	0.1	-0.1	5.53064
13047044	595	0.1	-0.1	-3.97437
13047044	596	0.1	-0.1	-0.977093
13047044	597	0.1	-0.1	-1.29647
13047044	598	0.1	-0.1	4.96736
13047044	599	0.1	-0.1	5.2085
13047044	600	0.1	-0.1	4.34238
13047044	601	0.1	-0.1	3.17175
13047044	602	0.1	-0.1	4.39461
13047044	603	0.1	-0.1	-0.0194545
13047044	604	0.1	-0.1	-3.64416
13047044	605	0.1	-0.1	1.04884
13047044	606	0.1	-0.1	-3.69018
13047044	607	0.1	-0.1	-1.27126
13047044	608	0.1	-0.1	-4.72749
13047044	609	0.1	-0.1	5.50498
13047044	610	0.1	-0.1	5.0289
13047044	611	0.1	-0.1	1.61198
13047044	612	0.1	-0.1	2.36014
13047044	613	0.1	-0.1	-4.15669
13047044	614	0.1	-0.1	0.88454
13047044	615	0.1	-0.1	5.47621
13047044	616	0.1	-0.1	0.701756
13047044	617	0.1	-0.1	-1.86472
13047044	618	0.1	-0.1	-0.665795
13047044	619	0.1	-0.1	4.2438
13047044	620	0.1	-0.1	-4.41531
13047044	621	0.1	-0.1	5.82715
13047044	622	0.1	-0.1	0.910642
13047044	623	0.1	-0.1	2.27923
13047044	624	0.1	-0.1	1.10303
13047044	625	0.1	-0.1	-3.46472
13047044	626	0.1	-0.1	-2.3198
13047044	627	0.1	-0.1	4.23826
13047044	628	0.1	-0.1	2.28822
13047044	629	0.1	-0.1	-0.75171
13047044	630	0.1	-0.1	-3.26896
13047044	631	0.1	-0.1	1.33484
13047044	632	0.1	-0.1	0.39928
13047044	633	0.1	-0.1	0.991408
13047044	634	0.1	-0.1	-0.362194
13047044	635	0.1	-0.1	-1.939
13047044	636	0.1	-0.1	3.3681
13047044	637	0.1	-0.1	4.11093
13047044	638	0.1	-0.1	-0.766922
13047044	639	0.1	-0.1	-5.39432
13047044	640	0.1	-0.1	4.27192
13047044	641	0.1	-0.1	-0.161722
13047044	642	0.1	-0.1	0.992
13047044	643	0.1	-0.1	-1.83925
13047044	644	0.1	-0.1	-4.10067
13047044	645	0.1	-0.1	-2.09168
13047044	646	0.1	-0.1	-5.54322
13047044	647	0.1	-0.1	-5.98125
13047044	648	0.1	-0.1	1.34072
13047044	649	0.1	-0.1	3.87816
13047044	650	0.1	-0.1	2.14195
13047044	651	0.1	-0.1	4.12952
13047044	652	0.1	-0.1	-5.6204
13047044	653	0.1	-0.1	3.21606
13047044	654	0.1	-0.1	-0.0220383
13047044	655	0.1	-0.1	1.96742
13047044	656	0.1	-0.1	-3.6899
13047044	657	0.1	-0.1	-0.516902
13047044	658	0.1	-0.1	4.04239
13047044	659	0.1	-0.1	-3.83431
13047044	660	0.1	-0.1	-0.754171
13047044	661	0.1	-0.1	5.28539
13047044	662	0.1	-0.1	-2.12774
13047044	663	0.1	-0.1	-5.49382
13047044	664	0.1	-0.1	2.46337
13047044	665	0.1	-0.1	-1.62674
13047044	666	0.1	-0.1	-1.45764
13047044	667	0.1	-0.1	0.499735
13047044	668	0.1	-0.1	4.11661
13047044	669	0.1	-0.1	-4.49375
13047044	670	0.1	-0.1	0.728737
13047044	671	0.1	-0.1	0.845632
13047044	672	0.1	-0.1	-2.94477
13047044	673	0.1	-0.1	3.25761
13047044	674	0.1	-0.1	-5.69193
13047044	675	0.1	-0.1	3.68914
13047044	676	0.1	-0.1	2.60123
13047044	677	0.1	-0.1	-5.52724
13047044	678	0.1	-0.1	-5.95677
13047044	679	0.1	-0.1	0.761505
13047044	680	0.1	-0.1	5.63055
13047044	681	0.1	-0.1	4.63317
13047044	682	0.1	-0.1	-1.90882
13047044	683	0.1	-0.1	1.09702
13047044	684	0.1	-0.1	-2.82704
13047044	685	0.1	-0.1	5.86692
13047044	686	0.1	-0.1	-1.62702
13047044	687	0.1	-0.1	5.65045
13047044	688	0.1	-0.1	-5.03898
13047044	689	0.1	-0.1	-1.95345
13047044	690	0.1	-0.1	3.61867
13047044	691	0.1	-0.1	3.58929
13047044	692	0.1	-0.1	4.6346
13047044	693	0.1	-0.1	2.67177
13047044	694	0.1	-0.1	-5.89443
13047044	695	0.1	-0.1	1.57035
13047044	696	0.1	-0.1	5.30486
13047044	697	0.1	-0.1	1.5497
13047044	698	0.1	-0.1	3.29993
13047044	699	0.1	-0.1	-4.78296
13047044	700	0.1	-0.1	-2.09797
13047044	701	0.1	-0.1	-0.203574
13047044	702	0.1	-0.1	-0.53839
13047044	703	0.1	-0.1	1.9449
13047044	704	0.1	-0.1	-0.536016
13047044	705	0.1	-0.1	5.80896
13047044	706	0.1	-0.1	-2.72005
13047044	707	0.1	-0.1	-1.50559
13047044	708	0.1	-0.1	4.25754
13047044	709	0.1	-0.1	3.00708
13047044	710	0.1	-0.1	3.34962
13047044	711	0.1	-0.1	-4.46529
13047044	712	0.1	-0.1	3.99513
13047044	713	0.1	-0.1	-4.41981
13047044	714	0.1	-0.1	-4.49706
13047044	715	0.1	-0.1	0.954334
13047044	716	0.1	-0.1	4.18127
13047044	717	0.1	-0.1	0.559789
13047044	718	0.1	-0.1	1.25693
13047044	719	0.1	-0.1	2.38295
13047044	720	0.1	-0.1	2.88292
13047044	721	0.1	-0.1	2.63052
13047044	722	0.1	-0.1	4.38193
13047044	723	0.1	-0.1	-1.92163
13047044	724	0.1	-0.1	-3.87267
13047044	725	0.1	-0.1	-1.48567
13047044	726	0.1	-0.1	5.05635
13047044	727	0.1	-0.1	-5.71793
13047044	728	0.1	-0.1	0.557471
13047044	729	0.1	-0.1	-2.29091
13047044	730	0.1	-0.1	-5.78746
13047044	731	0.1	-0.1	5.37211
13047044	732	0.1	-0.1	5.54139
13047044	733	0.1	-0.1	2.59685
13047044	734	0.1	-0.1	2.1731
13047044	735	0.1	-0.1	1.53179
13047044	736	0.1	-0.1	-0.556045
13047044	737	0.1	-0.1	0.296086
13047044	738	0.1	-0.1	-0.936237
13047044	739	0.1	-0.1	3.30291
13047044	740	0.1	-0.1	-5.56156
13047044	741	0.1	-0.1	4.87701
13047044	742	0.1	-0.1	-1.64709
13047044	743	0.1	-0.1	3.94014
13047044	744	0.1	-0.1	-4.93647
13047044	745	0.1	-0.1	3.03776
13047044	746	0.1	-0.1	4.91667
13047044	747	0.1	-0.1	2.67426
13047044	748	0.1	-0.1	-0.323426
13047044	749	0.1	-0.1	1.78443
13047044	750	0.1	-0.1	-0.554384
13047044	751	0.1	-0.1	-0.792389
13047044	752	0.1	-0.1	5.51108
13047044	753	0.1	-0.1	-2.64471
13047044	754	0.1	-0.1	-3.70177
13047044	755	0.1	-0.1	0.843298
13047044	756	0.1	-0.1	0.93421
13047044	757	0.1	-0.1	0.0377662
13047044	758	0.1	-0.1	-3.18222
13047044	759	0.1	-0.1	-2.42717
13047044	760	0.1	-0.1	3.19082
13047044	761	0.1	-0.1	0.445128
13047044	762	0.1	-0.1	-5.70367
13047044	763	0.1	-0.1	-5.95953
13047044	764	0.1	-0.1	5.45441
13047044	765	0.1	-0.1	1.9999
13047044	766	0.1	-0.1	-0.361541
13047044	767	0.1	-0.1	-0.758559
13047044	768	0.1	-0.1	4.29116
13047044	769	0.1	-0.1	-0.543255
13047044	770	0.1	-0.1	-1.04757
13047044	771	0.1	-0.1	0.983324
13047044	772	0.1	-0.1	-3.21165
13047044	773	0.1	-0.1	-2.6577
13047044	774	0.1	-0.1	4.57804
13047044	775	0.1	-0.1	-2.71663
13047044	776	0.1	-0.1	-1.00704
13047044	777	0.1	-0.1	-2.31521
13047044	778	0.1	-0.1	-3.40396
13047044	779	0.1	-0.1	-1.0752
13047044	780	0.1	-0.1	0.273644
13047044	781	0.1	-0.1	3.78223
13047044	782	0.1	-0.1	2.18558
13047044	783	0.1	-0.1	5.73112
13047044	784	0.1	-0.1	-4.51532
13047044	785	0.1	-0.1	1.8934
13047044	786	0.1	-0.1	-1.10756
13047044	787	0.1	-0.1	-5.96475
13047044	788	0.1	-0.1	3.58127
13047044	789	0.1	-0.1	-2.10019
13047044	790	0.1	-0.1	-3.78181
13047044	791	0.1	-0.1	2.90065
13047044	792	0.1	-0.1	-4.28618
13047044	793	0.1	-0.1	-1.09253
13047044	794	0.1	-0.1	1.27105
13047044	795	0.1	-0.1	-2.06568
13047044	796	0.1	-0.1	2.02905
13047044	797	0.1	-0.1	-2.60283
13047044	798	0.1	-0.1	5.07736
13047044	799	0.1	-0.1	-1.86057
13047044	800	0.1	-0.1	3.4769
13047044	801	0.1	-0.1	0.987777
13047044	802	0.1	-0.1	-5.20364
13047044	803	0.1	-0.1	2.17776
13047044	804	0.1	-0.1	3.34803
13047044	805	0.1	-0.1	-4.24516
13047044	806	0.1	-0.1	0.797799
13047044	807	0.1	-0.1	-2.7204
13047044	808	0.1	-0.1	5.43046
13047044	809	0.1	-0.1	2.07581
13047044	810	0.1	-0.1	0.247096
13047044	811	0.1	-0.1	3.32722
13047044	812	0.1	-0.1	4.19417
13047044	813	0.1	-0.1	-2.81213
13047044	814	0.1	-0.1	5.73104
13047044	815	0.1	-0.1	-5.30356
13047044	816	0.1	-0.1	2.89106
13047044	817	0.1	-0.1	-4.19468
13047044	818	0.1	-0.1	2.45318
13047044	819	0.1	-0.1	4.92401
13047044	820	0.1	-0.1	-2.65238
13047044	821	0.1	-0.1	-2.06402
13047044	822	0.1	-0.1	-1.91648
13047044	823	0.1	-0.1	3.25217
13047044	824	0.1	-0.1	-1.76335
13047044	825	0.1	-0.1	3.56924
13047044	826	0.1	-0.1	5.92526
13047044	827	0.1	-0.1	4.23196
13047044	828	0.1	-0.1	1.08211
13047044	829	0.1	-0.1	3.19839
13047044	830	0.1	-0.1	3.25622
13047044	831	0.1	-0.1	0.17682
13047044	832	0.1	-0.1	5.14369
13047044	833	0.1	-0.1	2.21567
13047044	834	0.1	-0.1	-1.876
13047044	835	0.1	-0.1	3.08981
13047044	836	0.1	-0.1	0.504198
13047044	837	0.1	-0.1	-2.25115
13047044	838	0.1	-0.1	3.85353
13047044	839	0.1	-0.1	-2.59507
13047044	840	0.1	-0.1	5.06131
13047044	841	0.1	-0.1	-0.552111
13047044	842	0.1	-0.1	4.92137
13047044	843	0.1	-0.1	-3.86185
13047044	844	0.1	-0.1	4.48129
13047044	845	0.1	-0.1	0.0570566
13047044	846	0.1	-0.1	-1.10285
13047044	847	0.1	-0.1	0.877435
13047044	848	0.1	-0.1	-4.98537
13047044	849	0.1	-0.1	1.43444
13047044	850	0.1	-0.1	-4.10972
13047044	851	0.1	-0.1	0.282109
13047044	852	0.1	-0.1	1.12305
13047044	853	0.1	-0.1	-0.749971
13047044	854	0.1	-0.1	0.37027
13047044	855	0.1	-0.1	2.39342
13047044	856	0.1	-0.1	-5.41131
13047044	857	0.1	-0.1	-4.08757
13047044	858	0.1	-0.1	-2.41753
13047044	859	0.1	-0.1	4.6919
13047044	860	0.1	-0.1	3.97467
13047044	861	0.1	-0.1	1.91418
13047044	862	0.1	-0.1	2.67559
13047044	863	0.1	-0.1	-5.06757
13047044	864	0.1	-0.1	-3.59592
13047044	865	0.1	-0.1	0.481994
13047044	866	0.1	-0.1	-1.85948
13047044	867	0.1	-0.1	1.0287
13047044	868	0.1	-0.1	4.15685
13047044	869	0.1	-0.1	-3.98058
13047044	870	0.1	-0.1	-4.63114
13047044	871	0.1	-0.1	5.81838
13047044	872	0.1	-0.1	-5.7133
13047044	873	0.1	-0.1	-5.2553
13047044	874	0.1	-0.1	-2.11483
13047044	875	0.1	-0.1	-1.41227
13047044	876	0.1	-0.1	-4.98258
13047044	877	0.1	-0.1	-0.842043
13047044	878	0.1	-0.1	-4.63135
13047044	879	0.1	-0.1	-2.90613
13047044	880	0.1	-0.1	-3.89893
13047044	881	0.1	-0.1	5.43105
13047044	882	0.1	-0.1	5.20593
13047044	883	0.1	-0.1	4.58322
13047044	884	0.1	-0.1	-0.0750777
13047044	885	0.1	-0.1	0.652602
13047044	886	0.1	-0.1	4.18663
13047044	887	0.1	-0.1	-4.66389
13047044	888	0.1	-0.1	-0.730547
13047044	889	0.1	-0.1	-3.83644
13047044	890	0.1	-0.1	-0.450042
13047044	891	0.1	-0.1	1.87385
13047044	892	0.1	-0.1	-2.99596
13047044	893	0.1	-0.1	-3.44277
13047044	894	0.1	-0.1	-4.2755
13047044	895	0.1	-0.1	2.41785
13047044	896	0.1	-0.1	-5.07994
13047044	897	0.1	-0.1	3.57311
13047044	898	0.1	-0.1	5.16818
13047044	899	0.1	-0.1	0.663083
13047044	900	0.1	-0.1	1.28316
13047044	901	0.1	-0.1	1.44357
13047044	902	0.1	-0.1	4.21946
13047044	903	0.1	-0.1	5.93746
13047044	904	0.1	-0.1	2.81372
13047044	905	0.1	-0.1	3.57154
13047044	906	0.1	-0.1	1.94124
13047044	907	0.1	-0.1	0.340701
13047044	908	0.1	-0.1	1.80745
13047044	909	0.1	-0.1	-3.23399
13047044	910	0.1	-0.1	-1.55699
13047044	911	0.1	-0.1	-0.813706
13047044	912	0.1	-0.1	0.197439
13047044	913	0.1	-0.1	-1.11178
13047044	914	0.1	-0.1	3.67172
13047044	915	0.1	-0.1	1.54783
13047044	916	0.1	-0.1	3.04775
13047044	917	0.1	-0.1	-2.81715
13047044	918	0.1	-0.1	-4.23291
13047044	919	0.1	-0.1	-5.60876
13047044	920	0.1	-0.1	4.37289
13047044	921	0.1	-0.1	3.5525
13047044	922	0.1	-0.1	2.87569
13047044	923	0.1	-0.1	0.704582
13047044	924	0.1	-0.1	5.25853
13047044	925	0.1	-0.1	-0.247452
13047044	926	0.1	-0.1	1.80379
13047044	927	0.1	-0.1	3.67356
13047044	928	0.1	-0.1	5.13238
13047044	929	0.1	-0.1	0.183897
13047044	930	0.1	-0.1	3.94331
13047044	931	0.1	-0.1	-0.505881
13047044	932	0.1	-0.1	-1.6788
13047044	933	0.1	-0.1	-0.141256
13047044	934	0.1	-0.1	-3.75583
13047044	935	0.1	-0.1	5.62921
13047044	936	0.1	-0.1	-4.14484
13047044	937	0.1	-0.1	-1.5074
13047044	938	0.1	-0.1	5.79647
13047044	939	0.1	-0.1	-3.07724
13047044	940	0.1	-0.1	1.82043
13047044	941	0.1	-0.1	3.6046
13047044	942	0.1	-0.1	2.52576
13047044	943	0.1	-0.1	5.9283
13047044	944	0.1	-0.1	-2.47989
13047044	945	0.1	-0.1	-2.39808
13047044	946	0.1	-0.1	-4.19384
13047044	947	0.1	-0.1	-2.93655
13047044	948	0.1	-0.1	5.9153
13047044	949	0.1	-0.1	0.954093
13047044	950	0.1	-0.1	-4.11848
13047044	951	0.1	-0.1	2.70638
13047044	952	0.1	-0.1	0.591671
13047044	953	0.1	-0.1	0.00531625
13047044	954	0.1	-0.1	2.85542
13047044	955	0.1	-0.1	2.95575
13047044	956	0.1	-0.1	0.217138
13047044	957	0.1	-0.1	-0.609836
13047044	958	0.1	-0.1	0.0302394
13047044	959	0.1	-0.1	-5.8933
13047044	960	0.1	-0.1	-5.82793
13047044	961	0.1	-0.1	-4.94231
13047044	962	0.1	-0.1	-5.38157
13047044	963	0.1	-0.1	0.117457
13047044	964	0.1	-0.1	3.37094
13047044	965	0.1	-0.1	2.06463
13047044	966	0.1	-0.1	1.87476
13047044	967	0.1	-0.1	4.90259
13047044	968	0.1	-0.1	-4.70275
13047044	969	0.1	-0.1	0.0258368
13047044	970	0.1	-0.1	5.12285
13047044	971	0.1	-0.1	5.37859
13047044	972	0.1	-0.1	-0.149552
13047044	973	0.1	-0.1	-2.50081
13047044	974	0.1	-0.1	-2.10952
13047044	975	0.1	-0.1	3.25292
13047044	976	0.1	-0.1	2.01597
13047044	977	0.1	-0.1	0.0700968
13047044	978	0.1	-0.1	0.374243
13047044	979	0.1	-0.1	-1.94116
13047044	980	0.1	-0.1	4.17689
13047044	981	0.1	-0.1	1.69525
13047044	982	0.1	-0.1	-4.49092
13047044	983	0.1	-0.1	5.79053
13047044	984	0.1	-0.1	5.32386
13047044	985	0.1	-0.1	-3.41853
13047044	986	0.1	-0.1	4.11298
13047044	987	0.1	-0.1	2.03638
13047044	988	0.1	-0.1	3.30794
13047044	989	0.1	-0.1	2.7713
13047044	990	0.1	-0.1	5.98646
13047044	991	0.1	-0.1	0.528671
13047044	992	0.1	-0.1	-1.71582
13047044	993	0.1	-0.1	4.70753
13047044	994	0.1	-0.1	-0.415332
13047044	995	0.1	-0.1	-4.00736
13047044	996	0.1	-0.1	3.65299
13047044	997	0.1	-0.1	3.60623
13047044	998	0.1	-0.1	-0.2888
13047044	999	0.1	-0.1	5.93205
13047044	1000	0.1	-0.1	0.408196
