13048014	1	0.1	-0.1	-4.2708
13048014	2	0.1	-0.1	0.21504
13048014	3	0.1	-0.1	-3.00815
13048014	4	0.1	-0.1	-0.379878
13048014	5	0.1	-0.1	0.744727
13048014	6	0.1	-0.1	-3.8215
13048014	7	0.1	-0.1	2.50007
13048014	8	0.1	-0.1	0.663767
13048014	9	0.1	-0.1	-1.08265
13048014	10	0.1	-0.1	2.4856
13048014	11	0.1	-0.1	4.87958
13048014	12	0.1	-0.1	-5.46866
13048014	13	0.1	-0.1	-0.0969007
13048014	14	0.1	-0.1	1.3347
13048014	15	0.1	-0.1	-0.128385
13048014	16	0.1	-0.1	1.76244
13048014	17	0.1	-0.1	-2.54032
13048014	18	0.1	-0.1	-0.152892
13048014	19	0.1	-0.1	-1.90162
13048014	20	0.1	-0.1	-3.24345
13048014	21	0.1	-0.1	5.69587
13048014	22	0.1	-0.1	-0.723874
13048014	23	0.1	-0.1	-2.63187
13048014	24	0.1	-0.1	-0.0847837
13048014	25	0.1	-0.1	-4.96947
13048014	26	0.1	-0.1	-2.62594
13048014	27	0.1	-0.1	-3.11144
13048014	28	0.1	-0.1	2.74971
13048014	29	0.1	-0.1	4.31865
13048014	30	0.1	-0.1	-3.09698
13048014	31	0.1	-0.1	1.90902
13048014	32	0.1	-0.1	2.90509
13048014	33	0.1	-0.1	-0.368262
13048014	34	0.1	-0.1	1.18174
13048014	35	0.1	-0.1	-3.89409
13048014	36	0.1	-0.1	2.58815
13048014	37	0.1	-0.1	2.43942
13048014	38	0.1	-0.1	1.05057
13048014	39	0.1	-0.1	4.16507
13048014	40	0.1	-0.1	-4.94461
13048014	41	0.1	-0.1	-0.716709
13048014	42	0.1	-0.1	0.951378
13048014	43	0.1	-0.1	-3.86741
13048014	44	0.1	-0.1	-1.77469
13048014	45	0.1	-0.1	-0.596174
13048014	46	0.1	-0.1	-4.84743
13048014	47	0.1	-0.1	3.94741
13048014	48	0.1	-0.1	1.80289
13048014	49	0.1	-0.1	1.58509
13048014	50	0.1	-0.1	4.84691
13048014	51	0.1	-0.1	1.28752
13048014	52	0.1	-0.1	-2.16177
13048014	53	0.1	-0.1	-1.82995
13048014	54	0.1	-0.1	5.3053
13048014	55	0.1	-0.1	-5.13153
13048014	56	0.1	-0.1	-1.76896
13048014	57	0.1	-0.1	3.08228
13048014	58	0.1	-0.1	3.84613
13048014	59	0.1	-0.1	-0.917577
13048014	60	0.1	-0.1	4.9646
13048014	61	0.1	-0.1	-0.379282
13048014	62	0.1	-0.1	0.963483
13048014	63	0.1	-0.1	-2.48859
13048014	64	0.1	-0.1	-5.23708
13048014	65	0.1	-0.1	5.81036
13048014	66	0.1	-0.1	-0.319866
13048014	67	0.1	-0.1	2.93466
13048014	68	0.1	-0.1	-5.68244
13048014	69	0.1	-0.1	3.37555
13048014	70	0.1	-0.1	-2.09853
13048014	71	0.1	-0.1	-5.0919
13048014	72	0.1	-0.1	-0.368785
13048014	73	0.1	-0.1	-1.85656
13048014	74	0.1	-0.1	-4.69988
13048014	75	0.1	-0.1	2.34134
13048014	76	0.1	-0.1	-1.29138
13048014	77	0.1	-0.1	3.57419
13048014	78	0.1	-0.1	-3.50891
13048014	79	0.1	-0.1	-3.82331
13048014	80	0.1	-0.1	-0.84366
13048014	81	0.1	-0.1	1.87778
13048014	82	0.1	-0.1	5.89525
13048014	83	0.1	-0.1	1.06517
13048014	84	0.1	-0.1	4.8182
13048014	85	0.1	-0.1	2.07227
13048014	86	0.1	-0.1	4.72873
13048014	87	0.1	-0.1	2.08782
13048014	88	0.1	-0.1	-1.3233
13048014	89	0.1	-0.1	1.90253
13048014	90	0.1	-0.1	-3.81247
13048014	91	0.1	-0.1	4.57408
13048014	92	0.1	-0.1	-1.96191
13048014	93	0.1	-0.1	3.53218
13048014	94	0.1	-0.1	1.88572
13048014	95	0.1	-0.1	-5.11044
13048014	96	0.1	-0.1	-5.61583
13048014	97	0.1	-0.1	3.20953
13048014	98	0.1	-0.1	0.523001
13048014	99	0.1	-0.1	-4.62448
13048014	100	0.1	-0.1	4.5385
13048014	101	0.1	-0.1	-2.38215
13048014	102	0.1	-0.1	-3.45906
13048014	103	0.1	-0.1	1.17739
13048014	104	0.1	-0.1	4.21629
13048014	105	0.1	-0.1	-1.12709
13048014	106	0.1	-0.1	5.64267
13048014	107	0.1	-0.1	0.438211
13048014	108	0.1	-0.1	3.7525
13048014	109	0.1	-0.1	4.18109
13048014	110	0.1	-0.1	1.74285
13048014	111	0.1	-0.1	0.977792
13048014	112	0.1	-0.1	-1.52841
13048014	113	0.1	-0.1	-2.36258
13048014	114	0.1	-0.1	-4.41626
13048014	115	0.1	-0.1	-2.86049
13048014	116	0.1	-0.1	-3.34942
13048014	117	0.1	-0.1	-0.990405
13048014	118	0.1	-0.1	1.20678
13048014	119	0.1	-0.1	4.72596
13048014	120	0.1	-0.1	3.50649
13048014	121	0.1	-0.1	2.16121
13048014	122	0.1	-0.1	-5.11034
13048014	123	0.1	-0.1	2.88244
13048014	124	0.1	-0.1	3.74422
13048014	125	0.1	-0.1	3.401
13048014	126	0.1	-0.1	2.3822
13048014	127	0.1	-0.1	0.190068
13048014	128	0.1	-0.1	1.39299
13048014	129	0.1	-0.1	0.345645
13048014	130	0.1	-0.1	0.757219
13048014	131	0.1	-0.1	-4.4841
13048014	132	0.1	-0.1	2.9143
13048014	133	0.1	-0.1	-3.97548
13048014	134	0.1	-0.1	4.57409
13048014	135	0.1	-0.1	2.76541
13048014	136	0.1	-0.1	3.47601
13048014	137	0.1	-0.1	4.1243
13048014	138	0.1	-0.1	-4.60562
13048014	139	0.1	-0.1	5.6145
13048014	140	0.1	-0.1	-5.19226
13048014	141	0.1	-0.1	5.71172
13048014	142	0.1	-0.1	-4.11463
13048014	143	0.1	-0.1	-4.92781
13048014	144	0.1	-0.1	-2.20968
13048014	145	0.1	-0.1	-5.84693
13048014	146	0.1	-0.1	-4.18332
13048014	147	0.1	-0.1	-4.71644
13048014	148	0.1	-0.1	0.826509
13048014	149	0.1	-0.1	-2.7534
13048014	150	0.1	-0.1	-5.67798
13048014	151	0.1	-0.1	1.28915
13048014	152	0.1	-0.1	2.33323
13048014	153	0.1	-0.1	5.99171
13048014	154	0.1	-0.1	-0.831023
13048014	155	0.1	-0.1	4.9617
13048014	156	0.1	-0.1	-3.63809
13048014	157	0.1	-0.1	0.537985
13048014	158	0.1	-0.1	-2.25699
13048014	159	0.1	-0.1	-4.17458
13048014	160	0.1	-0.1	3.48482
13048014	161	0.1	-0.1	2.16093
13048014	162	0.1	-0.1	1.57849
13048014	163	0.1	-0.1	-4.486
13048014	164	0.1	-0.1	4.77941
13048014	165	0.1	-0.1	-5.19235
13048014	166	0.1	-0.1	-1.44458
13048014	167	0.1	-0.1	-5.40551
13048014	168	0.1	-0.1	5.74542
13048014	169	0.1	-0.1	2.42179
13048014	170	0.1	-0.1	4.39578
13048014	171	0.1	-0.1	0.363165
13048014	172	0.1	-0.1	-3.23715
13048014	173	0.1	-0.1	4.9885
13048014	174	0.1	-0.1	4.67492
13048014	175	0.1	-0.1	-2.2508
13048014	176	0.1	-0.1	0.535444
13048014	177	0.1	-0.1	-1.7552
13048014	178	0.1	-0.1	-1.90359
13048014	179	0.1	-0.1	-1.03489
13048014	180	0.1	-0.1	5.60009
13048014	181	0.1	-0.1	1.08385
13048014	182	0.1	-0.1	2.79456
13048014	183	0.1	-0.1	3.3842
13048014	184	0.1	-0.1	-5.2041
13048014	185	0.1	-0.1	5.63665
13048014	186	0.1	-0.1	-2.3852
13048014	187	0.1	-0.1	-0.470002
13048014	188	0.1	-0.1	2.69367
13048014	189	0.1	-0.1	-0.0164548
13048014	190	0.1	-0.1	5.46655
13048014	191	0.1	-0.1	3.77402
13048014	192	0.1	-0.1	3.68682
13048014	193	0.1	-0.1	-3.15939
13048014	194	0.1	-0.1	5.26558
13048014	195	0.1	-0.1	1.56292
13048014	196	0.1	-0.1	5.09074
13048014	197	0.1	-0.1	-0.386651
13048014	198	0.1	-0.1	1.17894
13048014	199	0.1	-0.1	3.69788
13048014	200	0.1	-0.1	-4.08503
13048014	201	0.1	-0.1	-3.1493
13048014	202	0.1	-0.1	5.66792
13048014	203	0.1	-0.1	-0.306602
13048014	204	0.1	-0.1	-1.22687
13048014	205	0.1	-0.1	-4.2902
13048014	206	0.1	-0.1	1.33831
13048014	207	0.1	-0.1	3.7578
13048014	208	0.1	-0.1	-0.0631156
13048014	209	0.1	-0.1	-1.66664
13048014	210	0.1	-0.1	4.97358
13048014	211	0.1	-0.1	-3.4124
13048014	212	0.1	-0.1	3.6113
13048014	213	0.1	-0.1	5.3758
13048014	214	0.1	-0.1	4.23561
13048014	215	0.1	-0.1	-0.0642512
13048014	216	0.1	-0.1	1.99255
13048014	217	0.1	-0.1	0.924763
13048014	218	0.1	-0.1	-1.49938
13048014	219	0.1	-0.1	4.29497
13048014	220	0.1	-0.1	-4.04816
13048014	221	0.1	-0.1	-5.75948
13048014	222	0.1	-0.1	1.80773
13048014	223	0.1	-0.1	-5.22816
13048014	224	0.1	-0.1	3.99806
13048014	225	0.1	-0.1	-3.67429
13048014	226	0.1	-0.1	-3.41289
13048014	227	0.1	-0.1	4.55693
13048014	228	0.1	-0.1	5.03658
13048014	229	0.1	-0.1	-3.55133
13048014	230	0.1	-0.1	-4.15396
13048014	231	0.1	-0.1	-4.18265
13048014	232	0.1	-0.1	-4.69487
13048014	233	0.1	-0.1	5.87566
13048014	234	0.1	-0.1	1.62796
13048014	235	0.1	-0.1	-1.91465
13048014	236	0.1	-0.1	4.43844
13048014	237	0.1	-0.1	-4.56958
13048014	238	0.1	-0.1	-4.0262
13048014	239	0.1	-0.1	3.48864
13048014	240	0.1	-0.1	-2.48001
13048014	241	0.1	-0.1	0.0253422
13048014	242	0.1	-0.1	3.7016
13048014	243	0.1	-0.1	-3.17674
13048014	244	0.1	-0.1	0.683499
13048014	245	0.1	-0.1	1.42127
13048014	246	0.1	-0.1	-4.12467
13048014	247	0.1	-0.1	3.90334
13048014	248	0.1	-0.1	0.0851122
13048014	249	0.1	-0.1	3.78439
13048014	250	0.1	-0.1	-4.9046
13048014	251	0.1	-0.1	-5.96498
13048014	252	0.1	-0.1	-3.02455
13048014	253	0.1	-0.1	-5.0224
13048014	254	0.1	-0.1	2.96413
13048014	255	0.1	-0.1	3.3185
13048014	256	0.1	-0.1	3.45529
13048014	257	0.1	-0.1	4.01677
13048014	258	0.1	-0.1	5.33624
13048014	259	0.1	-0.1	3.57183
13048014	260	0.1	-0.1	-0.775273
13048014	261	0.1	-0.1	-0.62077
13048014	262	0.1	-0.1	-3.75533
13048014	263	0.1	-0.1	4.78684
13048014	264	0.1	-0.1	5.31022
13048014	265	0.1	-0.1	4.46341
13048014	266	0.1	-0.1	-2.39433
13048014	267	0.1	-0.1	-4.12743
13048014	268	0.1	-0.1	2.75002
13048014	269	0.1	-0.1	1.54603
13048014	270	0.1	-0.1	-3.993
13048014	271	0.1	-0.1	-0.144633
13048014	272	0.1	-0.1	0.153863
13048014	273	0.1	-0.1	3.76276
13048014	274	0.1	-0.1	-4.72754
13048014	275	0.1	-0.1	-5.57843
13048014	276	0.1	-0.1	-5.89326
13048014	277	0.1	-0.1	3.97634
13048014	278	0.1	-0.1	4.09487
13048014	279	0.1	-0.1	2.73324
13048014	280	0.1	-0.1	-1.40342
13048014	281	0.1	-0.1	-3.4762
13048014	282	0.1	-0.1	1.89849
13048014	283	0.1	-0.1	3.3161
13048014	284	0.1	-0.1	2.83149
13048014	285	0.1	-0.1	-2.85783
13048014	286	0.1	-0.1	1.58025
13048014	287	0.1	-0.1	0.872312
13048014	288	0.1	-0.1	0.48309
13048014	289	0.1	-0.1	3.10248
13048014	290	0.1	-0.1	-4.3207
13048014	291	0.1	-0.1	4.55655
13048014	292	0.1	-0.1	-4.96878
13048014	293	0.1	-0.1	-4.96279
13048014	294	0.1	-0.1	-3.9293
13048014	295	0.1	-0.1	-5.5253
13048014	296	0.1	-0.1	3.95443
13048014	297	0.1	-0.1	-1.73598
13048014	298	0.1	-0.1	1.06454
13048014	299	0.1	-0.1	1.50716
13048014	300	0.1	-0.1	-1.06234
13048014	301	0.1	-0.1	-0.143258
13048014	302	0.1	-0.1	-4.71126
13048014	303	0.1	-0.1	4.15835
13048014	304	0.1	-0.1	-4.3099
13048014	305	0.1	-0.1	4.52066
13048014	306	0.1	-0.1	4.31186
13048014	307	0.1	-0.1	2.35317
13048014	308	0.1	-0.1	-2.98209
13048014	309	0.1	-0.1	4.44268
13048014	310	0.1	-0.1	-2.72467
13048014	311	0.1	-0.1	-5.69046
13048014	312	0.1	-0.1	4.60155
13048014	313	0.1	-0.1	4.92525
13048014	314	0.1	-0.1	-2.63165
13048014	315	0.1	-0.1	-3.62575
13048014	316	0.1	-0.1	5.23721
13048014	317	0.1	-0.1	-0.746639
13048014	318	0.1	-0.1	-2.40769
13048014	319	0.1	-0.1	-4.01116
13048014	320	0.1	-0.1	5.50797
13048014	321	0.1	-0.1	-0.227046
13048014	322	0.1	-0.1	-5.02336
13048014	323	0.1	-0.1	1.54115
13048014	324	0.1	-0.1	4.91367
13048014	325	0.1	-0.1	-2.08057
13048014	326	0.1	-0.1	2.33009
13048014	327	0.1	-0.1	4.82086
13048014	328	0.1	-0.1	-5.67975
13048014	329	0.1	-0.1	3.02105
13048014	330	0.1	-0.1	1.2243
13048014	331	0.1	-0.1	4.00412
13048014	332	0.1	-0.1	1.15828
13048014	333	0.1	-0.1	-0.690211
13048014	334	0.1	-0.1	1.32282
13048014	335	0.1	-0.1	4.75472
13048014	336	0.1	-0.1	3.59567
13048014	337	0.1	-0.1	-0.455144
13048014	338	0.1	-0.1	1.45921
13048014	339	0.1	-0.1	3.31728
13048014	340	0.1	-0.1	-1.79544
13048014	341	0.1	-0.1	-3.78205
13048014	342	0.1	-0.1	2.7855
13048014	343	0.1	-0.1	-0.665327
13048014	344	0.1	-0.1	1.97687
13048014	345	0.1	-0.1	-0.960533
13048014	346	0.1	-0.1	5.01524
13048014	347	0.1	-0.1	5.09469
13048014	348	0.1	-0.1	3.44639
13048014	349	0.1	-0.1	-3.88313
13048014	350	0.1	-0.1	-3.75039
13048014	351	0.1	-0.1	2.73408
13048014	352	0.1	-0.1	-5.73881
13048014	353	0.1	-0.1	-3.69319
13048014	354	0.1	-0.1	-3.59419
13048014	355	0.1	-0.1	-0.861562
13048014	356	0.1	-0.1	-1.3778
13048014	357	0.1	-0.1	-2.36511
13048014	358	0.1	-0.1	-2.17443
13048014	359	0.1	-0.1	1.55201
13048014	360	0.1	-0.1	-2.63897
13048014	361	0.1	-0.1	-0.0296184
13048014	362	0.1	-0.1	-2.75351
13048014	363	0.1	-0.1	5.55473
13048014	364	0.1	-0.1	-0.980284
13048014	365	0.1	-0.1	0.934889
13048014	366	0.1	-0.1	3.17544
13048014	367	0.1	-0.1	0.136742
13048014	368	0.1	-0.1	0.526556
13048014	369	0.1	-0.1	1.12842
13048014	370	0.1	-0.1	0.882727
13048014	371	0.1	-0.1	-1.22121
13048014	372	0.1	-0.1	3.19212
13048014	373	0.1	-0.1	2.08077
13048014	374	0.1	-0.1	4.87768
13048014	375	0.1	-0.1	4.44613
13048014	376	0.1	-0.1	-2.66616
13048014	377	0.1	-0.1	-5.11633
13048014	378	0.1	-0.1	5.83011
13048014	379	0.1	-0.1	4.77461
13048014	380	0.1	-0.1	-2.23996
13048014	381	0.1	-0.1	-2.93385
13048014	382	0.1	-0.1	-3.24771
13048014	383	0.1	-0.1	3.7138
13048014	384	0.1	-0.1	1.52238
13048014	385	0.1	-0.1	-2.6321
13048014	386	0.1	-0.1	2.65236
13048014	387	0.1	-0.1	-3.58765
13048014	388	0.1	-0.1	-5.40359
13048014	389	0.1	-0.1	-4.60904
13048014	390	0.1	-0.1	2.11357
13048014	391	0.1	-0.1	-0.422219
13048014	392	0.1	-0.1	4.22568
13048014	393	0.1	-0.1	0.147249
13048014	394	0.1	-0.1	0.975157
13048014	395	0.1	-0.1	2.48605
13048014	396	0.1	-0.1	-4.39886
13048014	397	0.1	-0.1	-2.81468
13048014	398	0.1	-0.1	-2.64439
13048014	399	0.1	-0.1	-5.1922
13048014	400	0.1	-0.1	-5.10394
13048014	401	0.1	-0.1	5.49928
13048014	402	0.1	-0.1	5.91665
13048014	403	0.1	-0.1	5.83947
13048014	404	0.1	-0.1	-0.818237
13048014	405	0.1	-0.1	-1.28459
13048014	406	0.1	-0.1	-2.70489
13048014	407	0.1	-0.1	-2.64919
13048014	408	0.1	-0.1	3.52251
13048014	409	0.1	-0.1	-5.28529
13048014	410	0.1	-0.1	1.16213
13048014	411	0.1	-0.1	4.95919
13048014	412	0.1	-0.1	-4.75918
13048014	413	0.1	-0.1	2.03396
13048014	414	0.1	-0.1	-2.02294
13048014	415	0.1	-0.1	-1.27173
13048014	416	0.1	-0.1	1.05113
13048014	417	0.1	-0.1	1.17609
13048014	418	0.1	-0.1	5.37017
13048014	419	0.1	-0.1	2.08706
13048014	420	0.1	-0.1	-1.66135
13048014	421	0.1	-0.1	-5.89623
13048014	422	0.1	-0.1	-2.08369
13048014	423	0.1	-0.1	4.31589
13048014	424	0.1	-0.1	3.43363
13048014	425	0.1	-0.1	5.44982
13048014	426	0.1	-0.1	5.92794
13048014	427	0.1	-0.1	4.7635
13048014	428	0.1	-0.1	-5.05097
13048014	429	0.1	-0.1	-1.57789
13048014	430	0.1	-0.1	4.00851
13048014	431	0.1	-0.1	-4.01548
13048014	432	0.1	-0.1	2.14727
13048014	433	0.1	-0.1	2.06485
13048014	434	0.1	-0.1	0.839921
13048014	435	0.1	-0.1	4.35343
13048014	436	0.1	-0.1	0.165225
13048014	437	0.1	-0.1	3.04957
13048014	438	0.1	-0.1	-3.04409
13048014	439	0.1	-0.1	-0.869456
13048014	440	0.1	-0.1	4.36868
13048014	441	0.1	-0.1	-5.3391
13048014	442	0.1	-0.1	5.20444
13048014	443	0.1	-0.1	-1.6236
13048014	444	0.1	-0.1	-0.724246
13048014	445	0.1	-0.1	-0.926525
13048014	446	0.1	-0.1	-4.59158
13048014	447	0.1	-0.1	4.83066
13048014	448	0.1	-0.1	-1.74708
13048014	449	0.1	-0.1	-0.921266
13048014	450	0.1	-0.1	3.8407
13048014	451	0.1	-0.1	-4.84584
13048014	452	0.1	-0.1	-3.23497
13048014	453	0.1	-0.1	-1.39716
13048014	454	0.1	-0.1	1.02784
13048014	455	0.1	-0.1	2.36142
13048014	456	0.1	-0.1	4.58663
13048014	457	0.1	-0.1	0.0037096
13048014	458	0.1	-0.1	1.7555
13048014	459	0.1	-0.1	0.0680946
13048014	460	0.1	-0.1	-2.8941
13048014	461	0.1	-0.1	-3.84829
13048014	462	0.1	-0.1	3.43572
13048014	463	0.1	-0.1	5.06304
13048014	464	0.1	-0.1	-0.133981
13048014	465	0.1	-0.1	2.93058
13048014	466	0.1	-0.1	5.99713
13048014	467	0.1	-0.1	-3.00452
13048014	468	0.1	-0.1	-2.33711
13048014	469	0.1	-0.1	3.31614
13048014	470	0.1	-0.1	-4.02276
13048014	471	0.1	-0.1	1.13445
13048014	472	0.1	-0.1	-0.928583
13048014	473	0.1	-0.1	-2.29078
13048014	474	0.1	-0.1	-3.18812
13048014	475	0.1	-0.1	-1.99893
13048014	476	0.1	-0.1	5.76345
13048014	477	0.1	-0.1	1.5932
13048014	478	0.1	-0.1	-5.02546
13048014	479	0.1	-0.1	4.05952
13048014	480	0.1	-0.1	1.73411
13048014	481	0.1	-0.1	-4.94884
13048014	482	0.1	-0.1	2.67827
13048014	483	0.1	-0.1	4.34652
13048014	484	0.1	-0.1	4.17709
13048014	485	0.1	-0.1	-4.8732
13048014	486	0.1	-0.1	-2.09101
13048014	487	0.1	-0.1	-5.07908
13048014	488	0.1	-0.1	-5.55575
13048014	489	0.1	-0.1	-2.05487
13048014	490	0.1	-0.1	-0.272535
13048014	491	0.1	-0.1	-2.39513
13048014	492	0.1	-0.1	-1.16576
13048014	493	0.1	-0.1	-2.16273
13048014	494	0.1	-0.1	-4.1566
13048014	495	0.1	-0.1	-4.44099
13048014	496	0.1	-0.1	4.20731
13048014	497	0.1	-0.1	-4.68411
13048014	498	0.1	-0.1	-4.75165
13048014	499	0.1	-0.1	-3.31933
13048014	500	0.1	-0.1	-2.29156
13048014	501	0.1	-0.1	5.53586
13048014	502	0.1	-0.1	-3.62429
13048014	503	0.1	-0.1	-2.04702
13048014	504	0.1	-0.1	2.80653
13048014	505	0.1	-0.1	2.11289
13048014	506	0.1	-0.1	-0.759289
13048014	507	0.1	-0.1	2.54468
13048014	508	0.1	-0.1	3.4405
13048014	509	0.1	-0.1	-0.743477
13048014	510	0.1	-0.1	3.43119
13048014	511	0.1	-0.1	3.2731
13048014	512	0.1	-0.1	0.514738
13048014	513	0.1	-0.1	-0.539728
13048014	514	0.1	-0.1	2.30602
13048014	515	0.1	-0.1	0.981643
13048014	516	0.1	-0.1	5.06069
13048014	517	0.1	-0.1	-0.275172
13048014	518	0.1	-0.1	-4.7022
13048014	519	0.1	-0.1	5.63338
13048014	520	0.1	-0.1	-0.837142
13048014	521	0.1	-0.1	0.801671
13048014	522	0.1	-0.1	-2.71885
13048014	523	0.1	-0.1	-4.37808
13048014	524	0.1	-0.1	-4.88447
13048014	525	0.1	-0.1	5.20087
13048014	526	0.1	-0.1	-2.39584
13048014	527	0.1	-0.1	-1.01035
13048014	528	0.1	-0.1	5.62711
13048014	529	0.1	-0.1	-4.48826
13048014	530	0.1	-0.1	2.88947
13048014	531	0.1	-0.1	-2.98464
13048014	532	0.1	-0.1	-5.79481
13048014	533	0.1	-0.1	4.68172
13048014	534	0.1	-0.1	-4.94136
13048014	535	0.1	-0.1	0.164532
13048014	536	0.1	-0.1	-2.87135
13048014	537	0.1	-0.1	1.88647
13048014	538	0.1	-0.1	5.34207
13048014	539	0.1	-0.1	2.09834
13048014	540	0.1	-0.1	-4.35647
13048014	541	0.1	-0.1	4.36677
13048014	542	0.1	-0.1	-0.242531
13048014	543	0.1	-0.1	-3.65715
13048014	544	0.1	-0.1	3.05137
13048014	545	0.1	-0.1	-0.0658599
13048014	546	0.1	-0.1	-3.35214
13048014	547	0.1	-0.1	-3.98425
13048014	548	0.1	-0.1	-1.64568
13048014	549	0.1	-0.1	0.318798
13048014	550	0.1	-0.1	-1.88296
13048014	551	0.1	-0.1	-5.93616
13048014	552	0.1	-0.1	2.689
13048014	553	0.1	-0.1	3.6974
13048014	554	0.1	-0.1	-3.17165
13048014	555	0.1	-0.1	2.93928
13048014	556	0.1	-0.1	-1.26132
13048014	557	0.1	-0.1	-1.87986
13048014	558	0.1	-0.1	1.63405
13048014	559	0.1	-0.1	3.76714
13048014	560	0.1	-0.1	0.282513
13048014	561	0.1	-0.1	-2.56121
13048014	562	0.1	-0.1	-2.77728
13048014	563	0.1	-0.1	3.31593
13048014	564	0.1	-0.1	3.07018
13048014	565	0.1	-0.1	5.54971
13048014	566	0.1	-0.1	3.69903
13048014	567	0.1	-0.1	3.09551
13048014	568	0.1	-0.1	-0.933881
13048014	569	0.1	-0.1	-0.356733
13048014	570	0.1	-0.1	2.78337
13048014	571	0.1	-0.1	-2.19401
13048014	572	0.1	-0.1	2.26169
13048014	573	0.1	-0.1	-3.97821
13048014	574	0.1	-0.1	2.10734
13048014	575	0.1	-0.1	3.48461
13048014	576	0.1	-0.1	-1.751
13048014	577	0.1	-0.1	-2.71365
13048014	578	0.1	-0.1	-0.516178
13048014	579	0.1	-0.1	1.87641
13048014	580	0.1	-0.1	-2.345
13048014	581	0.1	-0.1	2.50451
13048014	582	0.1	-0.1	0.0724816
13048014	583	0.1	-0.1	-4.34937
13048014	584	0.1	-0.1	3.50046
13048014	585	0.1	-0.1	-4.91674
13048014	586	0.1	-0.1	-5.28284
13048014	587	0.1	-0.1	1.49387
13048014	588	0.1	-0.1	2.27981
13048014	589	0.1	-0.1	-4.4477
13048014	590	0.1	-0.1	-2.49895
13048014	591	0.1	-0.1	0.636186
13048014	592	0.1	-0.1	3.58781
13048014	593	0.1	-0.1	5.65352
13048014	594	0.1	-0.1	-5.3422
13048014	595	0.1	-0.1	-1.22014
13048014	596	0.1	-0.1	-2.16318
13048014	597	0.1	-0.1	-3.92487
13048014	598	0.1	-0.1	0.185894
13048014	599	0.1	-0.1	2.10366
13048014	600	0.1	-0.1	-3.19308
13048014	601	0.1	-0.1	-0.31228
13048014	602	0.1	-0.1	1.4791
13048014	603	0.1	-0.1	4.98606
13048014	604	0.1	-0.1	-2.31641
13048014	605	0.1	-0.1	5.9719
13048014	606	0.1	-0.1	-3.05123
13048014	607	0.1	-0.1	0.48341
13048014	608	0.1	-0.1	2.22995
13048014	609	0.1	-0.1	-3.14446
13048014	610	0.1	-0.1	2.70882
13048014	611	0.1	-0.1	4.25652
13048014	612	0.1	-0.1	-2.1245
13048014	613	0.1	-0.1	4.47922
13048014	614	0.1	-0.1	-3.05583
13048014	615	0.1	-0.1	1.67187
13048014	616	0.1	-0.1	-2.58254
13048014	617	0.1	-0.1	-4.09694
13048014	618	0.1	-0.1	-4.50821
13048014	619	0.1	-0.1	0.0225495
13048014	620	0.1	-0.1	2.20934
13048014	621	0.1	-0.1	-5.38237
13048014	622	0.1	-0.1	-0.243041
13048014	623	0.1	-0.1	-5.32126
13048014	624	0.1	-0.1	-2.93337
13048014	625	0.1	-0.1	0.334759
13048014	626	0.1	-0.1	2.66158
13048014	627	0.1	-0.1	3.95744
13048014	628	0.1	-0.1	0.308757
13048014	629	0.1	-0.1	-0.58993
13048014	630	0.1	-0.1	-3.92657
13048014	631	0.1	-0.1	-1.11707
13048014	632	0.1	-0.1	-3.66722
13048014	633	0.1	-0.1	-2.93723
13048014	634	0.1	-0.1	-1.49849
13048014	635	0.1	-0.1	5.94511
13048014	636	0.1	-0.1	0.187754
13048014	637	0.1	-0.1	-0.165793
13048014	638	0.1	-0.1	1.76639
13048014	639	0.1	-0.1	-5.06505
13048014	640	0.1	-0.1	1.88018
13048014	641	0.1	-0.1	1.96007
13048014	642	0.1	-0.1	4.91868
13048014	643	0.1	-0.1	0.556034
13048014	644	0.1	-0.1	2.06737
13048014	645	0.1	-0.1	-4.05625
13048014	646	0.1	-0.1	-1.86334
13048014	647	0.1	-0.1	-3.71602
13048014	648	0.1	-0.1	5.24816
13048014	649	0.1	-0.1	4.53131
13048014	650	0.1	-0.1	-2.10918
13048014	651	0.1	-0.1	0.98485
13048014	652	0.1	-0.1	-4.55474
13048014	653	0.1	-0.1	-0.837994
13048014	654	0.1	-0.1	1.78187
13048014	655	0.1	-0.1	0.16016
13048014	656	0.1	-0.1	0.391223
13048014	657	0.1	-0.1	-0.250691
13048014	658	0.1	-0.1	4.20527
13048014	659	0.1	-0.1	4.21288
13048014	660	0.1	-0.1	-4.63584
13048014	661	0.1	-0.1	-1.15732
13048014	662	0.1	-0.1	-4.39932
13048014	663	0.1	-0.1	-2.00563
13048014	664	0.1	-0.1	-2.91492
13048014	665	0.1	-0.1	-3.96708
13048014	666	0.1	-0.1	-3.69159
13048014	667	0.1	-0.1	4.29977
13048014	668	0.1	-0.1	-5.81503
13048014	669	0.1	-0.1	-0.684087
13048014	670	0.1	-0.1	1.14681
13048014	671	0.1	-0.1	2.21533
13048014	672	0.1	-0.1	3.23664
13048014	673	0.1	-0.1	1.12994
13048014	674	0.1	-0.1	4.56812
13048014	675	0.1	-0.1	-5.8079
13048014	676	0.1	-0.1	1.14185
13048014	677	0.1	-0.1	-4.0997
13048014	678	0.1	-0.1	5.6891
13048014	679	0.1	-0.1	-3.06911
13048014	680	0.1	-0.1	5.77129
13048014	681	0.1	-0.1	0.131785
13048014	682	0.1	-0.1	-2.15765
13048014	683	0.1	-0.1	5.63505
13048014	684	0.1	-0.1	-3.68651
13048014	685	0.1	-0.1	-1.02456
13048014	686	0.1	-0.1	0.397863
13048014	687	0.1	-0.1	0.482219
13048014	688	0.1	-0.1	5.25117
13048014	689	0.1	-0.1	-1.88352
13048014	690	0.1	-0.1	-1.02561
13048014	691	0.1	-0.1	-2.02476
13048014	692	0.1	-0.1	-2.94457
13048014	693	0.1	-0.1	-1.34194
13048014	694	0.1	-0.1	0.42316
13048014	695	0.1	-0.1	-5.04129
13048014	696	0.1	-0.1	5.35793
13048014	697	0.1	-0.1	-5.87017
13048014	698	0.1	-0.1	-2.99269
13048014	699	0.1	-0.1	0.481869
13048014	700	0.1	-0.1	-5.44117
13048014	701	0.1	-0.1	2.28761
13048014	702	0.1	-0.1	1.35036
13048014	703	0.1	-0.1	-4.83302
13048014	704	0.1	-0.1	-5.36088
13048014	705	0.1	-0.1	-4.33196
13048014	706	0.1	-0.1	-4.26771
13048014	707	0.1	-0.1	0.53592
13048014	708	0.1	-0.1	3.91507
13048014	709	0.1	-0.1	2.38834
13048014	710	0.1	-0.1	-1.12325
13048014	711	0.1	-0.1	-4.85757
13048014	712	0.1	-0.1	-2.85956
13048014	713	0.1	-0.1	3.85156
13048014	714	0.1	-0.1	-4.26522
13048014	715	0.1	-0.1	-1.40176
13048014	716	0.1	-0.1	-4.54196
13048014	717	0.1	-0.1	2.3125
13048014	718	0.1	-0.1	-3.73717
13048014	719	0.1	-0.1	-0.840284
13048014	720	0.1	-0.1	-4.68213
13048014	721	0.1	-0.1	-3.33756
13048014	722	0.1	-0.1	-1.19991
13048014	723	0.1	-0.1	4.31834
13048014	724	0.1	-0.1	-5.39076
13048014	725	0.1	-0.1	-4.18679
13048014	726	0.1	-0.1	-2.05564
13048014	727	0.1	-0.1	4.81801
13048014	728	0.1	-0.1	3.65897
13048014	729	0.1	-0.1	-4.84264
13048014	730	0.1	-0.1	2.28595
13048014	731	0.1	-0.1	5.44106
13048014	732	0.1	-0.1	5.93752
13048014	733	0.1	-0.1	-5.96427
13048014	734	0.1	-0.1	2.85424
13048014	735	0.1	-0.1	0.567098
13048014	736	0.1	-0.1	-5.55696
13048014	737	0.1	-0.1	0.901027
13048014	738	0.1	-0.1	5.20972
13048014	739	0.1	-0.1	-0.872925
13048014	740	0.1	-0.1	-1.94761
13048014	741	0.1	-0.1	-0.00109248
13048014	742	0.1	-0.1	0.980688
13048014	743	0.1	-0.1	5.16567
13048014	744	0.1	-0.1	-5.28051
13048014	745	0.1	-0.1	1.65044
13048014	746	0.1	-0.1	-4.48378
13048014	747	0.1	-0.1	-0.436811
13048014	748	0.1	-0.1	4.86718
13048014	749	0.1	-0.1	-4.42024
13048014	750	0.1	-0.1	5.91577
13048014	751	0.1	-0.1	-3.4827
13048014	752	0.1	-0.1	-5.2584
13048014	753	0.1	-0.1	5.58809
13048014	754	0.1	-0.1	-4.93631
13048014	755	0.1	-0.1	0.970478
13048014	756	0.1	-0.1	4.2043
13048014	757	0.1	-0.1	4.54538
13048014	758	0.1	-0.1	0.220948
13048014	759	0.1	-0.1	0.263525
13048014	760	0.1	-0.1	-5.3498
13048014	761	0.1	-0.1	-1.31297
13048014	762	0.1	-0.1	0.064678
13048014	763	0.1	-0.1	-0.623403
13048014	764	0.1	-0.1	1.81256
13048014	765	0.1	-0.1	1.86613
13048014	766	0.1	-0.1	5.08941
13048014	767	0.1	-0.1	-3.40145
13048014	768	0.1	-0.1	3.50118
13048014	769	0.1	-0.1	-5.54303
13048014	770	0.1	-0.1	2.41908
13048014	771	0.1	-0.1	-1.05083
13048014	772	0.1	-0.1	4.10148
13048014	773	0.1	-0.1	-4.39029
13048014	774	0.1	-0.1	0.498556
13048014	775	0.1	-0.1	1.9449
13048014	776	0.1	-0.1	-2.6987
13048014	777	0.1	-0.1	5.84041
13048014	778	0.1	-0.1	-4.30325
13048014	779	0.1	-0.1	1.37365
13048014	780	0.1	-0.1	-2.90311
13048014	781	0.1	-0.1	3.23729
13048014	782	0.1	-0.1	2.37265
13048014	783	0.1	-0.1	-0.134821
13048014	784	0.1	-0.1	-5.69859
13048014	785	0.1	-0.1	1.03895
13048014	786	0.1	-0.1	-1.72165
13048014	787	0.1	-0.1	5.41664
13048014	788	0.1	-0.1	0.503668
13048014	789	0.1	-0.1	-1.95578
13048014	790	0.1	-0.1	-2.51583
13048014	791	0.1	-0.1	3.69182
13048014	792	0.1	-0.1	-0.822337
13048014	793	0.1	-0.1	5.33676
13048014	794	0.1	-0.1	3.7143
13048014	795	0.1	-0.1	-0.293872
13048014	796	0.1	-0.1	-3.17615
13048014	797	0.1	-0.1	4.90644
13048014	798	0.1	-0.1	5.14887
13048014	799	0.1	-0.1	-4.60937
13048014	800	0.1	-0.1	-3.57645
13048014	801	0.1	-0.1	3.77766
13048014	802	0.1	-0.1	2.39726
13048014	803	0.1	-0.1	-1.1307
13048014	804	0.1	-0.1	-5.15198
13048014	805	0.1	-0.1	-3.30436
13048014	806	0.1	-0.1	0.46482
13048014	807	0.1	-0.1	-0.999656
13048014	808	0.1	-0.1	4.94163
13048014	809	0.1	-0.1	2.98437
13048014	810	0.1	-0.1	-5.04538
13048014	811	0.1	-0.1	-3.40865
13048014	812	0.1	-0.1	2.41767
13048014	813	0.1	-0.1	4.81766
13048014	814	0.1	-0.1	4.03087
13048014	815	0.1	-0.1	-2.13286
13048014	816	0.1	-0.1	-3.11538
13048014	817	0.1	-0.1	-4.63659
13048014	818	0.1	-0.1	5.72158
13048014	819	0.1	-0.1	4.97722
13048014	820	0.1	-0.1	2.30248
13048014	821	0.1	-0.1	0.542299
13048014	822	0.1	-0.1	0.929507
13048014	823	0.1	-0.1	1.42292
13048014	824	0.1	-0.1	4.82722
13048014	825	0.1	-0.1	2.81437
13048014	826	0.1	-0.1	1.64857
13048014	827	0.1	-0.1	2.28117
13048014	828	0.1	-0.1	1.69966
13048014	829	0.1	-0.1	-0.205097
13048014	830	0.1	-0.1	3.05169
13048014	831	0.1	-0.1	-5.0056
13048014	832	0.1	-0.1	5.65169
13048014	833	0.1	-0.1	-4.66625
13048014	834	0.1	-0.1	4.5374
13048014	835	0.1	-0.1	-3.69238
13048014	836	0.1	-0.1	1.86827
13048014	837	0.1	-0.1	1.28619
13048014	838	0.1	-0.1	-1.49098
13048014	839	0.1	-0.1	1.00272
13048014	840	0.1	-0.1	-1.9725
13048014	841	0.1	-0.1	0.292883
13048014	842	0.1	-0.1	-1.21658
13048014	843	0.1	-0.1	-4.92863
13048014	844	0.1	-0.1	5.87602
13048014	845	0.1	-0.1	-3.43026
13048014	846	0.1	-0.1	1.64911
13048014	847	0.1	-0.1	2.13964
13048014	848	0.1	-0.1	5.30389
13048014	849	0.1	-0.1	-0.244698
13048014	850	0.1	-0.1	-5.45008
13048014	851	0.1	-0.1	2.13491
13048014	852	0.1	-0.1	-1.67882
13048014	853	0.1	-0.1	5.78343
13048014	854	0.1	-0.1	5.65736
13048014	855	0.1	-0.1	-4.10811
13048014	856	0.1	-0.1	-1.21296
13048014	857	0.1	-0.1	4.60351
13048014	858	0.1	-0.1	5.67948
13048014	859	0.1	-0.1	5.86481
13048014	860	0.1	-0.1	-0.451371
13048014	861	0.1	-0.1	2.37464
13048014	862	0.1	-0.1	-2.7902
13048014	863	0.1	-0.1	-1.15581
13048014	864	0.1	-0.1	-5.59497
13048014	865	0.1	-0.1	-5.79727
13048014	866	0.1	-0.1	2.98931
13048014	867	0.1	-0.1	3.43569
13048014	868	0.1	-0.1	1.9986
13048014	869	0.1	-0.1	3.4501
13048014	870	0.1	-0.1	5.42261
13048014	871	0.1	-0.1	2.87484
13048014	872	0.1	-0.1	-3.30866
13048014	873	0.1	-0.1	-1.97311
13048014	874	0.1	-0.1	3.56622
13048014	875	0.1	-0.1	-0.0276298
13048014	876	0.1	-0.1	-5.26763
13048014	877	0.1	-0.1	-5.60363
13048014	878	0.1	-0.1	1.08176
13048014	879	0.1	-0.1	5.68406
13048014	880	0.1	-0.1	3.34965
13048014	881	0.1	-0.1	0.998839
13048014	882	0.1	-0.1	-3.02198
13048014	883	0.1	-0.1	3.63922
13048014	884	0.1	-0.1	-5.43317
13048014	885	0.1	-0.1	0.787733
13048014	886	0.1	-0.1	2.57304
13048014	887	0.1	-0.1	1.66036
13048014	888	0.1	-0.1	-1.24283
13048014	889	0.1	-0.1	3.45561
13048014	890	0.1	-0.1	-3.17657
13048014	891	0.1	-0.1	3.25321
13048014	892	0.1	-0.1	4.64983
13048014	893	0.1	-0.1	-3.57876
13048014	894	0.1	-0.1	-2.92983
13048014	895	0.1	-0.1	-3.79443
13048014	896	0.1	-0.1	1.55739
13048014	897	0.1	-0.1	1.21173
13048014	898	0.1	-0.1	2.37262
13048014	899	0.1	-0.1	2.16449
13048014	900	0.1	-0.1	0.461426
13048014	901	0.1	-0.1	2.01461
13048014	902	0.1	-0.1	2.98128
13048014	903	0.1	-0.1	-1.86358
13048014	904	0.1	-0.1	-1.14484
13048014	905	0.1	-0.1	-3.28299
13048014	906	0.1	-0.1	1.82826
13048014	907	0.1	-0.1	-3.84517
13048014	908	0.1	-0.1	-1.6997
13048014	909	0.1	-0.1	0.969065
13048014	910	0.1	-0.1	-0.143532
13048014	911	0.1	-0.1	2.85727
13048014	912	0.1	-0.1	1.81788
13048014	913	0.1	-0.1	2.36154
13048014	914	0.1	-0.1	-5.59027
13048014	915	0.1	-0.1	0.755473
13048014	916	0.1	-0.1	-3.86904
13048014	917	0.1	-0.1	2.05153
13048014	918	0.1	-0.1	4.65012
13048014	919	0.1	-0.1	4.49274
13048014	920	0.1	-0.1	-4.04225
13048014	921	0.1	-0.1	2.74138
13048014	922	0.1	-0.1	0.5176
13048014	923	0.1	-0.1	-0.354082
13048014	924	0.1	-0.1	4.88351
13048014	925	0.1	-0.1	0.0162596
13048014	926	0.1	-0.1	-1.37041
13048014	927	0.1	-0.1	-5.48347
13048014	928	0.1	-0.1	-3.0481
13048014	929	0.1	-0.1	-1.4584
13048014	930	0.1	-0.1	4.71794
13048014	931	0.1	-0.1	2.59681
13048014	932	0.1	-0.1	-4.16827
13048014	933	0.1	-0.1	1.12534
13048014	934	0.1	-0.1	-4.73768
13048014	935	0.1	-0.1	1.72363
13048014	936	0.1	-0.1	-2.81878
13048014	937	0.1	-0.1	-5.86766
13048014	938	0.1	-0.1	4.73506
13048014	939	0.1	-0.1	1.2141
13048014	940	0.1	-0.1	-4.98287
13048014	941	0.1	-0.1	1.94433
13048014	942	0.1	-0.1	-5.53107
13048014	943	0.1	-0.1	0.399857
13048014	944	0.1	-0.1	-4.64074
13048014	945	0.1	-0.1	-3.65391
13048014	946	0.1	-0.1	-0.572182
13048014	947	0.1	-0.1	1.13014
13048014	948	0.1	-0.1	4.29298
13048014	949	0.1	-0.1	-4.38908
13048014	950	0.1	-0.1	-2.95967
13048014	951	0.1	-0.1	-0.0735862
13048014	952	0.1	-0.1	-0.563744
13048014	953	0.1	-0.1	1.9545
13048014	954	0.1	-0.1	2.16796
13048014	955	0.1	-0.1	0.236789
13048014	956	0.1	-0.1	-2.32061
13048014	957	0.1	-0.1	-1.56445
13048014	958	0.1	-0.1	-3.92035
13048014	959	0.1	-0.1	1.06173
13048014	960	0.1	-0.1	-5.42461
13048014	961	0.1	-0.1	-5.96931
13048014	962	0.1	-0.1	4.06416
13048014	963	0.1	-0.1	3.18817
13048014	964	0.1	-0.1	3.77092
13048014	965	0.1	-0.1	3.53169
13048014	966	0.1	-0.1	-2.43115
13048014	967	0.1	-0.1	-3.08347
13048014	968	0.1	-0.1	2.46117
13048014	969	0.1	-0.1	-2.47156
13048014	970	0.1	-0.1	-2.02009
13048014	971	0.1	-0.1	5.99883
13048014	972	0.1	-0.1	5.33018
13048014	973	0.1	-0.1	-0.907588
13048014	974	0.1	-0.1	-4.15911
13048014	975	0.1	-0.1	-4.44784
13048014	976	0.1	-0.1	1.64759
13048014	977	0.1	-0.1	-3.46316
13048014	978	0.1	-0.1	-2.5204
13048014	979	0.1	-0.1	-3.21358
13048014	980	0.1	-0.1	4.3718
13048014	981	0.1	-0.1	-0.374753
13048014	982	0.1	-0.1	4.55846
13048014	983	0.1	-0.1	3.71869
13048014	984	0.1	-0.1	-1.00532
13048014	985	0.1	-0.1	3.41872
13048014	986	0.1	-0.1	3.09127
13048014	987	0.1	-0.1	-0.218941
13048014	988	0.1	-0.1	4.91623
13048014	989	0.1	-0.1	5.13551
13048014	990	0.1	-0.1	4.42922
13048014	991	0.1	-0.1	-5.80352
13048014	992	0.1	-0.1	-5.41541
13048014	993	0.1	-0.1	-0.929433
13048014	994	0.1	-0.1	-1.84932
13048014	995	0.1	-0.1	4.71729
13048014	996	0.1	-0.1	4.46291
13048014	997	0.1	-0.1	4.07658
13048014	998	0.1	-0.1	-2.92916
13048014	999	0.1	-0.1	1.86085
13048014	1000	0.1	-0.1	3.15981
