13044026	1	0.1	-0.1	-4.5339
13044026	2	0.1	-0.1	-4.40972
13044026	3	0.1	-0.1	5.8937
13044026	4	0.1	-0.1	3.1568
13044026	5	0.1	-0.1	-4.13875
13044026	6	0.1	-0.1	1.19808
13044026	7	0.1	-0.1	1.24927
13044026	8	0.1	-0.1	2.33684
13044026	9	0.1	-0.1	-2.18209
13044026	10	0.1	-0.1	-0.916467
13044026	11	0.1	-0.1	-1.13657
13044026	12	0.1	-0.1	-5.8905
13044026	13	0.1	-0.1	-5.84531
13044026	14	0.1	-0.1	1.89346
13044026	15	0.1	-0.1	-0.0131218
13044026	16	0.1	-0.1	5.84885
13044026	17	0.1	-0.1	1.24188
13044026	18	0.1	-0.1	5.53132
13044026	19	0.1	-0.1	3.64875
13044026	20	0.1	-0.1	-0.00349039
13044026	21	0.1	-0.1	5.03872
13044026	22	0.1	-0.1	2.26905
13044026	23	0.1	-0.1	-4.18649
13044026	24	0.1	-0.1	3.29863
13044026	25	0.1	-0.1	-4.62924
13044026	26	0.1	-0.1	3.10393
13044026	27	0.1	-0.1	-1.82592
13044026	28	0.1	-0.1	-1.62761
13044026	29	0.1	-0.1	-5.76897
13044026	30	0.1	-0.1	0.718375
13044026	31	0.1	-0.1	5.61293
13044026	32	0.1	-0.1	-0.923899
13044026	33	0.1	-0.1	5.90487
13044026	34	0.1	-0.1	1.42222
13044026	35	0.1	-0.1	5.70011
13044026	36	0.1	-0.1	-2.76425
13044026	37	0.1	-0.1	5.6837
13044026	38	0.1	-0.1	3.26296
13044026	39	0.1	-0.1	3.7792
13044026	40	0.1	-0.1	2.08827
13044026	41	0.1	-0.1	2.92407
13044026	42	0.1	-0.1	-3.22564
13044026	43	0.1	-0.1	0.485312
13044026	44	0.1	-0.1	-0.777534
13044026	45	0.1	-0.1	5.9882
13044026	46	0.1	-0.1	2.06068
13044026	47	0.1	-0.1	-4.90652
13044026	48	0.1	-0.1	0.859391
13044026	49	0.1	-0.1	-3.17897
13044026	50	0.1	-0.1	-0.296799
13044026	51	0.1	-0.1	4.97721
13044026	52	0.1	-0.1	1.90234
13044026	53	0.1	-0.1	4.97751
13044026	54	0.1	-0.1	5.63853
13044026	55	0.1	-0.1	5.52324
13044026	56	0.1	-0.1	-1.9939
13044026	57	0.1	-0.1	0.778851
13044026	58	0.1	-0.1	5.52681
13044026	59	0.1	-0.1	2.51302
13044026	60	0.1	-0.1	-0.604071
13044026	61	0.1	-0.1	5.04394
13044026	62	0.1	-0.1	-5.47041
13044026	63	0.1	-0.1	4.82384
13044026	64	0.1	-0.1	5.07595
13044026	65	0.1	-0.1	5.57871
13044026	66	0.1	-0.1	-5.55259
13044026	67	0.1	-0.1	0.813329
13044026	68	0.1	-0.1	0.303708
13044026	69	0.1	-0.1	2.40202
13044026	70	0.1	-0.1	3.14526
13044026	71	0.1	-0.1	-2.11114
13044026	72	0.1	-0.1	2.06812
13044026	73	0.1	-0.1	2.58557
13044026	74	0.1	-0.1	5.70245
13044026	75	0.1	-0.1	-0.559123
13044026	76	0.1	-0.1	-4.97621
13044026	77	0.1	-0.1	-1.29318
13044026	78	0.1	-0.1	-0.0319681
13044026	79	0.1	-0.1	-4.35154
13044026	80	0.1	-0.1	5.27461
13044026	81	0.1	-0.1	1.85614
13044026	82	0.1	-0.1	3.30635
13044026	83	0.1	-0.1	2.74667
13044026	84	0.1	-0.1	-0.659385
13044026	85	0.1	-0.1	0.688717
13044026	86	0.1	-0.1	0.786434
13044026	87	0.1	-0.1	2.28389
13044026	88	0.1	-0.1	-1.37786
13044026	89	0.1	-0.1	2.93913
13044026	90	0.1	-0.1	0.420604
13044026	91	0.1	-0.1	-1.48726
13044026	92	0.1	-0.1	-5.43578
13044026	93	0.1	-0.1	-0.811937
13044026	94	0.1	-0.1	4.85995
13044026	95	0.1	-0.1	0.67303
13044026	96	0.1	-0.1	-2.34994
13044026	97	0.1	-0.1	-3.97617
13044026	98	0.1	-0.1	-1.21573
13044026	99	0.1	-0.1	-3.19955
13044026	100	0.1	-0.1	0.266979
13044026	101	0.1	-0.1	-5.05802
13044026	102	0.1	-0.1	5.34403
13044026	103	0.1	-0.1	-2.93267
13044026	104	0.1	-0.1	0.58255
13044026	105	0.1	-0.1	0.650933
13044026	106	0.1	-0.1	3.43285
13044026	107	0.1	-0.1	4.10849
13044026	108	0.1	-0.1	-4.70437
13044026	109	0.1	-0.1	1.26091
13044026	110	0.1	-0.1	-5.44138
13044026	111	0.1	-0.1	-5.3048
13044026	112	0.1	-0.1	2.31721
13044026	113	0.1	-0.1	-1.92777
13044026	114	0.1	-0.1	-1.38171
13044026	115	0.1	-0.1	-3.57983
13044026	116	0.1	-0.1	-0.0435689
13044026	117	0.1	-0.1	3.24291
13044026	118	0.1	-0.1	-0.0015222
13044026	119	0.1	-0.1	-0.881941
13044026	120	0.1	-0.1	2.05484
13044026	121	0.1	-0.1	1.40337
13044026	122	0.1	-0.1	3.83361
13044026	123	0.1	-0.1	0.359379
13044026	124	0.1	-0.1	-1.59247
13044026	125	0.1	-0.1	4.56089
13044026	126	0.1	-0.1	3.59838
13044026	127	0.1	-0.1	4.35468
13044026	128	0.1	-0.1	-1.47876
13044026	129	0.1	-0.1	4.19749
13044026	130	0.1	-0.1	-2.58195
13044026	131	0.1	-0.1	-3.41405
13044026	132	0.1	-0.1	-0.929885
13044026	133	0.1	-0.1	4.78772
13044026	134	0.1	-0.1	-4.63869
13044026	135	0.1	-0.1	-2.19797
13044026	136	0.1	-0.1	3.41171
13044026	137	0.1	-0.1	4.75822
13044026	138	0.1	-0.1	-3.42268
13044026	139	0.1	-0.1	5.55324
13044026	140	0.1	-0.1	-4.73431
13044026	141	0.1	-0.1	0.223265
13044026	142	0.1	-0.1	3.33488
13044026	143	0.1	-0.1	3.52693
13044026	144	0.1	-0.1	-0.428194
13044026	145	0.1	-0.1	-1.19673
13044026	146	0.1	-0.1	-5.41179
13044026	147	0.1	-0.1	4.79541
13044026	148	0.1	-0.1	-0.644209
13044026	149	0.1	-0.1	0.500765
13044026	150	0.1	-0.1	-3.32943
13044026	151	0.1	-0.1	-4.27108
13044026	152	0.1	-0.1	-4.10082
13044026	153	0.1	-0.1	-4.36781
13044026	154	0.1	-0.1	-3.26153
13044026	155	0.1	-0.1	-2.70809
13044026	156	0.1	-0.1	5.72038
13044026	157	0.1	-0.1	0.374246
13044026	158	0.1	-0.1	-3.53544
13044026	159	0.1	-0.1	1.05024
13044026	160	0.1	-0.1	-5.59887
13044026	161	0.1	-0.1	-4.29499
13044026	162	0.1	-0.1	-5.99748
13044026	163	0.1	-0.1	-4.18259
13044026	164	0.1	-0.1	0.132842
13044026	165	0.1	-0.1	5.44922
13044026	166	0.1	-0.1	-2.97575
13044026	167	0.1	-0.1	-2.34467
13044026	168	0.1	-0.1	-2.72512
13044026	169	0.1	-0.1	-4.05016
13044026	170	0.1	-0.1	-4.30671
13044026	171	0.1	-0.1	0.32361
13044026	172	0.1	-0.1	-4.67187
13044026	173	0.1	-0.1	-5.89257
13044026	174	0.1	-0.1	-4.73131
13044026	175	0.1	-0.1	-1.58258
13044026	176	0.1	-0.1	-2.32908
13044026	177	0.1	-0.1	-1.08046
13044026	178	0.1	-0.1	2.42073
13044026	179	0.1	-0.1	3.78385
13044026	180	0.1	-0.1	4.36064
13044026	181	0.1	-0.1	-3.897
13044026	182	0.1	-0.1	2.75645
13044026	183	0.1	-0.1	2.05971
13044026	184	0.1	-0.1	0.550289
13044026	185	0.1	-0.1	-3.4581
13044026	186	0.1	-0.1	-4.63225
13044026	187	0.1	-0.1	-1.10703
13044026	188	0.1	-0.1	-5.29271
13044026	189	0.1	-0.1	-3.67377
13044026	190	0.1	-0.1	-4.62243
13044026	191	0.1	-0.1	-0.404281
13044026	192	0.1	-0.1	-5.74601
13044026	193	0.1	-0.1	-1.60262
13044026	194	0.1	-0.1	-5.08764
13044026	195	0.1	-0.1	-1.07638
13044026	196	0.1	-0.1	0.0334642
13044026	197	0.1	-0.1	-3.18968
13044026	198	0.1	-0.1	-3.82734
13044026	199	0.1	-0.1	1.77533
13044026	200	0.1	-0.1	1.9279
13044026	201	0.1	-0.1	-4.16705
13044026	202	0.1	-0.1	-5.91879
13044026	203	0.1	-0.1	-2.43992
13044026	204	0.1	-0.1	-0.889276
13044026	205	0.1	-0.1	-5.15109
13044026	206	0.1	-0.1	-0.557698
13044026	207	0.1	-0.1	0.154623
13044026	208	0.1	-0.1	-3.08182
13044026	209	0.1	-0.1	-0.798426
13044026	210	0.1	-0.1	0.651906
13044026	211	0.1	-0.1	-2.95466
13044026	212	0.1	-0.1	-5.00909
13044026	213	0.1	-0.1	-3.66069
13044026	214	0.1	-0.1	-1.60577
13044026	215	0.1	-0.1	-3.44907
13044026	216	0.1	-0.1	-1.28236
13044026	217	0.1	-0.1	-3.92681
13044026	218	0.1	-0.1	1.8046
13044026	219	0.1	-0.1	-4.58321
13044026	220	0.1	-0.1	-5.86922
13044026	221	0.1	-0.1	-3.19602
13044026	222	0.1	-0.1	-4.37755
13044026	223	0.1	-0.1	0.103127
13044026	224	0.1	-0.1	-0.853747
13044026	225	0.1	-0.1	-3.45481
13044026	226	0.1	-0.1	2.1254
13044026	227	0.1	-0.1	3.37548
13044026	228	0.1	-0.1	-1.23017
13044026	229	0.1	-0.1	2.13544
13044026	230	0.1	-0.1	-3.40255
13044026	231	0.1	-0.1	4.13412
13044026	232	0.1	-0.1	-3.58954
13044026	233	0.1	-0.1	4.85973
13044026	234	0.1	-0.1	-0.431049
13044026	235	0.1	-0.1	1.53207
13044026	236	0.1	-0.1	-4.91035
13044026	237	0.1	-0.1	-2.4416
13044026	238	0.1	-0.1	3.07501
13044026	239	0.1	-0.1	-2.64719
13044026	240	0.1	-0.1	4.36223
13044026	241	0.1	-0.1	-4.56573
13044026	242	0.1	-0.1	3.99099
13044026	243	0.1	-0.1	-5.36784
13044026	244	0.1	-0.1	-0.790223
13044026	245	0.1	-0.1	3.97673
13044026	246	0.1	-0.1	0.353876
13044026	247	0.1	-0.1	-5.86707
13044026	248	0.1	-0.1	-0.292537
13044026	249	0.1	-0.1	-0.694244
13044026	250	0.1	-0.1	2.46479
13044026	251	0.1	-0.1	2.99621
13044026	252	0.1	-0.1	-1.67702
13044026	253	0.1	-0.1	-2.5345
13044026	254	0.1	-0.1	4.05
13044026	255	0.1	-0.1	1.68384
13044026	256	0.1	-0.1	1.78108
13044026	257	0.1	-0.1	-5.05316
13044026	258	0.1	-0.1	-0.645685
13044026	259	0.1	-0.1	2.37941
13044026	260	0.1	-0.1	-2.1776
13044026	261	0.1	-0.1	-1.64342
13044026	262	0.1	-0.1	-1.81033
13044026	263	0.1	-0.1	2.1443
13044026	264	0.1	-0.1	0.805447
13044026	265	0.1	-0.1	-3.88271
13044026	266	0.1	-0.1	-0.957563
13044026	267	0.1	-0.1	-2.41441
13044026	268	0.1	-0.1	1.23203
13044026	269	0.1	-0.1	2.77654
13044026	270	0.1	-0.1	3.64936
13044026	271	0.1	-0.1	0.519314
13044026	272	0.1	-0.1	3.28065
13044026	273	0.1	-0.1	-2.84021
13044026	274	0.1	-0.1	5.97136
13044026	275	0.1	-0.1	1.91479
13044026	276	0.1	-0.1	4.19991
13044026	277	0.1	-0.1	-1.45326
13044026	278	0.1	-0.1	-5.91201
13044026	279	0.1	-0.1	-1.76859
13044026	280	0.1	-0.1	-1.16131
13044026	281	0.1	-0.1	3.50084
13044026	282	0.1	-0.1	-3.87018
13044026	283	0.1	-0.1	2.23327
13044026	284	0.1	-0.1	1.01915
13044026	285	0.1	-0.1	-0.246818
13044026	286	0.1	-0.1	-2.2758
13044026	287	0.1	-0.1	-5.21822
13044026	288	0.1	-0.1	1.83448
13044026	289	0.1	-0.1	2.80805
13044026	290	0.1	-0.1	-0.717841
13044026	291	0.1	-0.1	-1.87618
13044026	292	0.1	-0.1	-4.12029
13044026	293	0.1	-0.1	2.31331
13044026	294	0.1	-0.1	-5.79822
13044026	295	0.1	-0.1	-1.44162
13044026	296	0.1	-0.1	3.43668
13044026	297	0.1	-0.1	-4.2933
13044026	298	0.1	-0.1	5.96751
13044026	299	0.1	-0.1	0.601717
13044026	300	0.1	-0.1	-3.28155
13044026	301	0.1	-0.1	-2.28551
13044026	302	0.1	-0.1	5.52587
13044026	303	0.1	-0.1	-5.74611
13044026	304	0.1	-0.1	3.32606
13044026	305	0.1	-0.1	4.64706
13044026	306	0.1	-0.1	-0.276544
13044026	307	0.1	-0.1	-5.17599
13044026	308	0.1	-0.1	-1.26806
13044026	309	0.1	-0.1	-2.88582
13044026	310	0.1	-0.1	-0.0844872
13044026	311	0.1	-0.1	2.48829
13044026	312	0.1	-0.1	4.32467
13044026	313	0.1	-0.1	-3.1021
13044026	314	0.1	-0.1	5.20327
13044026	315	0.1	-0.1	2.80505
13044026	316	0.1	-0.1	-5.95443
13044026	317	0.1	-0.1	5.81712
13044026	318	0.1	-0.1	4.4815
13044026	319	0.1	-0.1	-1.21867
13044026	320	0.1	-0.1	-1.05921
13044026	321	0.1	-0.1	1.19566
13044026	322	0.1	-0.1	4.16357
13044026	323	0.1	-0.1	0.3872
13044026	324	0.1	-0.1	-1.55008
13044026	325	0.1	-0.1	-1.11793
13044026	326	0.1	-0.1	-0.943277
13044026	327	0.1	-0.1	-2.15074
13044026	328	0.1	-0.1	-3.92005
13044026	329	0.1	-0.1	-4.21865
13044026	330	0.1	-0.1	-2.62258
13044026	331	0.1	-0.1	-0.470625
13044026	332	0.1	-0.1	-5.75352
13044026	333	0.1	-0.1	3.32013
13044026	334	0.1	-0.1	4.84499
13044026	335	0.1	-0.1	0.791306
13044026	336	0.1	-0.1	5.50684
13044026	337	0.1	-0.1	5.55167
13044026	338	0.1	-0.1	-4.29993
13044026	339	0.1	-0.1	-1.83513
13044026	340	0.1	-0.1	-5.22109
13044026	341	0.1	-0.1	4.93611
13044026	342	0.1	-0.1	4.93957
13044026	343	0.1	-0.1	5.98935
13044026	344	0.1	-0.1	5.24367
13044026	345	0.1	-0.1	-5.11155
13044026	346	0.1	-0.1	1.66854
13044026	347	0.1	-0.1	-0.180038
13044026	348	0.1	-0.1	1.22497
13044026	349	0.1	-0.1	0.0320951
13044026	350	0.1	-0.1	3.03919
13044026	351	0.1	-0.1	-3.67985
13044026	352	0.1	-0.1	4.62084
13044026	353	0.1	-0.1	-4.37275
13044026	354	0.1	-0.1	-5.09426
13044026	355	0.1	-0.1	-2.29228
13044026	356	0.1	-0.1	5.34491
13044026	357	0.1	-0.1	-5.72888
13044026	358	0.1	-0.1	-5.10575
13044026	359	0.1	-0.1	-2.96394
13044026	360	0.1	-0.1	0.262767
13044026	361	0.1	-0.1	1.91322
13044026	362	0.1	-0.1	2.6657
13044026	363	0.1	-0.1	1.36801
13044026	364	0.1	-0.1	1.0659
13044026	365	0.1	-0.1	-0.74738
13044026	366	0.1	-0.1	-4.7835
13044026	367	0.1	-0.1	-3.56188
13044026	368	0.1	-0.1	-2.93798
13044026	369	0.1	-0.1	3.67993
13044026	370	0.1	-0.1	-4.69633
13044026	371	0.1	-0.1	-5.65512
13044026	372	0.1	-0.1	1.67186
13044026	373	0.1	-0.1	-1.81921
13044026	374	0.1	-0.1	-5.31771
13044026	375	0.1	-0.1	1.99005
13044026	376	0.1	-0.1	5.60255
13044026	377	0.1	-0.1	-3.36836
13044026	378	0.1	-0.1	3.35018
13044026	379	0.1	-0.1	5.99201
13044026	380	0.1	-0.1	4.50771
13044026	381	0.1	-0.1	5.19947
13044026	382	0.1	-0.1	5.69055
13044026	383	0.1	-0.1	5.64976
13044026	384	0.1	-0.1	-4.09675
13044026	385	0.1	-0.1	2.94185
13044026	386	0.1	-0.1	2.77143
13044026	387	0.1	-0.1	5.63385
13044026	388	0.1	-0.1	-0.0105949
13044026	389	0.1	-0.1	2.59603
13044026	390	0.1	-0.1	-2.00002
13044026	391	0.1	-0.1	3.6307
13044026	392	0.1	-0.1	-3.08801
13044026	393	0.1	-0.1	-5.35175
13044026	394	0.1	-0.1	-2.41362
13044026	395	0.1	-0.1	3.16619
13044026	396	0.1	-0.1	-2.61919
13044026	397	0.1	-0.1	1.37243
13044026	398	0.1	-0.1	-2.8279
13044026	399	0.1	-0.1	5.73787
13044026	400	0.1	-0.1	3.96375
13044026	401	0.1	-0.1	3.73024
13044026	402	0.1	-0.1	-0.0679889
13044026	403	0.1	-0.1	1.81998
13044026	404	0.1	-0.1	3.95562
13044026	405	0.1	-0.1	0.040416
13044026	406	0.1	-0.1	-5.13571
13044026	407	0.1	-0.1	-4.56528
13044026	408	0.1	-0.1	2.10259
13044026	409	0.1	-0.1	-5.6244
13044026	410	0.1	-0.1	1.61924
13044026	411	0.1	-0.1	-4.43486
13044026	412	0.1	-0.1	-4.21681
13044026	413	0.1	-0.1	-2.17834
13044026	414	0.1	-0.1	1.7158
13044026	415	0.1	-0.1	-5.57545
13044026	416	0.1	-0.1	-2.70059
13044026	417	0.1	-0.1	4.9629
13044026	418	0.1	-0.1	5.71108
13044026	419	0.1	-0.1	4.49331
13044026	420	0.1	-0.1	-2.66482
13044026	421	0.1	-0.1	5.38731
13044026	422	0.1	-0.1	-4.27179
13044026	423	0.1	-0.1	-5.73945
13044026	424	0.1	-0.1	1.58195
13044026	425	0.1	-0.1	0.209982
13044026	426	0.1	-0.1	-3.33726
13044026	427	0.1	-0.1	-2.70809
13044026	428	0.1	-0.1	-2.13456
13044026	429	0.1	-0.1	0.304273
13044026	430	0.1	-0.1	-5.08898
13044026	431	0.1	-0.1	-0.973115
13044026	432	0.1	-0.1	0.138254
13044026	433	0.1	-0.1	-4.06139
13044026	434	0.1	-0.1	1.32758
13044026	435	0.1	-0.1	-1.88209
13044026	436	0.1	-0.1	4.73388
13044026	437	0.1	-0.1	-1.09894
13044026	438	0.1	-0.1	0.447064
13044026	439	0.1	-0.1	-4.28271
13044026	440	0.1	-0.1	-3.36428
13044026	441	0.1	-0.1	1.16684
13044026	442	0.1	-0.1	-4.56835
13044026	443	0.1	-0.1	-3.1341
13044026	444	0.1	-0.1	-2.68781
13044026	445	0.1	-0.1	0.0886293
13044026	446	0.1	-0.1	0.00621344
13044026	447	0.1	-0.1	-3.08857
13044026	448	0.1	-0.1	1.92788
13044026	449	0.1	-0.1	0.512715
13044026	450	0.1	-0.1	-3.77009
13044026	451	0.1	-0.1	5.00836
13044026	452	0.1	-0.1	-4.95314
13044026	453	0.1	-0.1	-1.59231
13044026	454	0.1	-0.1	1.26628
13044026	455	0.1	-0.1	-2.84668
13044026	456	0.1	-0.1	3.0447
13044026	457	0.1	-0.1	-5.02425
13044026	458	0.1	-0.1	-1.52845
13044026	459	0.1	-0.1	-3.97973
13044026	460	0.1	-0.1	2.67981
13044026	461	0.1	-0.1	3.85705
13044026	462	0.1	-0.1	4.83358
13044026	463	0.1	-0.1	0.818201
13044026	464	0.1	-0.1	4.94814
13044026	465	0.1	-0.1	-5.07297
13044026	466	0.1	-0.1	-3.66322
13044026	467	0.1	-0.1	-2.36654
13044026	468	0.1	-0.1	3.86047
13044026	469	0.1	-0.1	-3.43669
13044026	470	0.1	-0.1	3.3754
13044026	471	0.1	-0.1	-0.456856
13044026	472	0.1	-0.1	-2.19773
13044026	473	0.1	-0.1	-3.44916
13044026	474	0.1	-0.1	4.18553
13044026	475	0.1	-0.1	-1.41705
13044026	476	0.1	-0.1	1.88455
13044026	477	0.1	-0.1	-0.912418
13044026	478	0.1	-0.1	-5.83849
13044026	479	0.1	-0.1	-1.04586
13044026	480	0.1	-0.1	3.66235
13044026	481	0.1	-0.1	-2.79681
13044026	482	0.1	-0.1	-3.45483
13044026	483	0.1	-0.1	3.79885
13044026	484	0.1	-0.1	1.72362
13044026	485	0.1	-0.1	-5.97639
13044026	486	0.1	-0.1	-5.40379
13044026	487	0.1	-0.1	-0.901078
13044026	488	0.1	-0.1	0.731196
13044026	489	0.1	-0.1	4.32288
13044026	490	0.1	-0.1	-1.04467
13044026	491	0.1	-0.1	1.84769
13044026	492	0.1	-0.1	5.06392
13044026	493	0.1	-0.1	4.65919
13044026	494	0.1	-0.1	0.0500692
13044026	495	0.1	-0.1	2.54623
13044026	496	0.1	-0.1	2.15253
13044026	497	0.1	-0.1	0.428466
13044026	498	0.1	-0.1	-1.4069
13044026	499	0.1	-0.1	-2.72698
13044026	500	0.1	-0.1	2.96389
13044026	501	0.1	-0.1	-1.69989
13044026	502	0.1	-0.1	1.34235
13044026	503	0.1	-0.1	-3.20558
13044026	504	0.1	-0.1	-4.12102
13044026	505	0.1	-0.1	-4.67596
13044026	506	0.1	-0.1	4.30191
13044026	507	0.1	-0.1	3.82845
13044026	508	0.1	-0.1	5.08789
13044026	509	0.1	-0.1	2.22379
13044026	510	0.1	-0.1	1.14578
13044026	511	0.1	-0.1	2.3469
13044026	512	0.1	-0.1	5.11888
13044026	513	0.1	-0.1	4.20072
13044026	514	0.1	-0.1	2.11347
13044026	515	0.1	-0.1	-3.73941
13044026	516	0.1	-0.1	0.118792
13044026	517	0.1	-0.1	3.48432
13044026	518	0.1	-0.1	-4.37552
13044026	519	0.1	-0.1	-1.73365
13044026	520	0.1	-0.1	0.658035
13044026	521	0.1	-0.1	-5.54169
13044026	522	0.1	-0.1	2.41508
13044026	523	0.1	-0.1	0.713357
13044026	524	0.1	-0.1	0.276435
13044026	525	0.1	-0.1	3.44936
13044026	526	0.1	-0.1	2.27611
13044026	527	0.1	-0.1	-2.3988
13044026	528	0.1	-0.1	3.80554
13044026	529	0.1	-0.1	1.66136
13044026	530	0.1	-0.1	-1.4348
13044026	531	0.1	-0.1	-3.58477
13044026	532	0.1	-0.1	0.759753
13044026	533	0.1	-0.1	-5.09807
13044026	534	0.1	-0.1	-2.53739
13044026	535	0.1	-0.1	3.96699
13044026	536	0.1	-0.1	5.22989
13044026	537	0.1	-0.1	-0.303785
13044026	538	0.1	-0.1	-2.99174
13044026	539	0.1	-0.1	3.20057
13044026	540	0.1	-0.1	-5.02954
13044026	541	0.1	-0.1	-1.9766
13044026	542	0.1	-0.1	5.81447
13044026	543	0.1	-0.1	-3.8966
13044026	544	0.1	-0.1	-0.913302
13044026	545	0.1	-0.1	-5.11188
13044026	546	0.1	-0.1	-5.62645
13044026	547	0.1	-0.1	-2.66681
13044026	548	0.1	-0.1	4.63514
13044026	549	0.1	-0.1	3.74823
13044026	550	0.1	-0.1	2.32178
13044026	551	0.1	-0.1	4.21706
13044026	552	0.1	-0.1	-3.94249
13044026	553	0.1	-0.1	0.489897
13044026	554	0.1	-0.1	-5.90156
13044026	555	0.1	-0.1	4.98377
13044026	556	0.1	-0.1	3.39507
13044026	557	0.1	-0.1	-1.0868
13044026	558	0.1	-0.1	3.77305
13044026	559	0.1	-0.1	5.77129
13044026	560	0.1	-0.1	3.16649
13044026	561	0.1	-0.1	-4.01474
13044026	562	0.1	-0.1	1.06878
13044026	563	0.1	-0.1	-2.55934
13044026	564	0.1	-0.1	2.62031
13044026	565	0.1	-0.1	0.687121
13044026	566	0.1	-0.1	2.59384
13044026	567	0.1	-0.1	-0.193839
13044026	568	0.1	-0.1	4.30169
13044026	569	0.1	-0.1	3.54053
13044026	570	0.1	-0.1	3.84993
13044026	571	0.1	-0.1	1.99772
13044026	572	0.1	-0.1	-5.04149
13044026	573	0.1	-0.1	-5.92918
13044026	574	0.1	-0.1	-2.98195
13044026	575	0.1	-0.1	-5.52513
13044026	576	0.1	-0.1	0.944844
13044026	577	0.1	-0.1	-3.25286
13044026	578	0.1	-0.1	4.78595
13044026	579	0.1	-0.1	-4.65355
13044026	580	0.1	-0.1	3.92357
13044026	581	0.1	-0.1	-4.82525
13044026	582	0.1	-0.1	-5.03958
13044026	583	0.1	-0.1	-0.77126
13044026	584	0.1	-0.1	3.26153
13044026	585	0.1	-0.1	2.01767
13044026	586	0.1	-0.1	1.00753
13044026	587	0.1	-0.1	4.63495
13044026	588	0.1	-0.1	0.570457
13044026	589	0.1	-0.1	-0.832334
13044026	590	0.1	-0.1	3.1149
13044026	591	0.1	-0.1	2.86742
13044026	592	0.1	-0.1	2.18111
13044026	593	0.1	-0.1	-5.03607
13044026	594	0.1	-0.1	-0.130374
13044026	595	0.1	-0.1	-4.5573
13044026	596	0.1	-0.1	-1.77126
13044026	597	0.1	-0.1	0.690869
13044026	598	0.1	-0.1	4.19904
13044026	599	0.1	-0.1	-1.35942
13044026	600	0.1	-0.1	-1.38525
13044026	601	0.1	-0.1	-3.54401
13044026	602	0.1	-0.1	-2.04652
13044026	603	0.1	-0.1	1.36867
13044026	604	0.1	-0.1	1.2033
13044026	605	0.1	-0.1	1.06946
13044026	606	0.1	-0.1	-4.01856
13044026	607	0.1	-0.1	2.58273
13044026	608	0.1	-0.1	-2.04366
13044026	609	0.1	-0.1	-4.35878
13044026	610	0.1	-0.1	-4.63738
13044026	611	0.1	-0.1	-3.75748
13044026	612	0.1	-0.1	0.0177824
13044026	613	0.1	-0.1	2.68222
13044026	614	0.1	-0.1	2.18699
13044026	615	0.1	-0.1	-0.373373
13044026	616	0.1	-0.1	2.14015
13044026	617	0.1	-0.1	3.35465
13044026	618	0.1	-0.1	4.96227
13044026	619	0.1	-0.1	-4.89875
13044026	620	0.1	-0.1	5.45565
13044026	621	0.1	-0.1	2.72919
13044026	622	0.1	-0.1	-3.80378
13044026	623	0.1	-0.1	5.26299
13044026	624	0.1	-0.1	0.874455
13044026	625	0.1	-0.1	2.6349
13044026	626	0.1	-0.1	0.322701
13044026	627	0.1	-0.1	2.3072
13044026	628	0.1	-0.1	-4.67498
13044026	629	0.1	-0.1	2.49181
13044026	630	0.1	-0.1	-1.87086
13044026	631	0.1	-0.1	3.7876
13044026	632	0.1	-0.1	-2.60431
13044026	633	0.1	-0.1	4.8294
13044026	634	0.1	-0.1	2.84046
13044026	635	0.1	-0.1	1.54637
13044026	636	0.1	-0.1	-0.778566
13044026	637	0.1	-0.1	-5.39591
13044026	638	0.1	-0.1	3.28697
13044026	639	0.1	-0.1	-1.96614
13044026	640	0.1	-0.1	-1.26049
13044026	641	0.1	-0.1	1.85073
13044026	642	0.1	-0.1	2.961
13044026	643	0.1	-0.1	0.600249
13044026	644	0.1	-0.1	-1.96316
13044026	645	0.1	-0.1	-0.219815
13044026	646	0.1	-0.1	4.31485
13044026	647	0.1	-0.1	-0.403126
13044026	648	0.1	-0.1	-5.70828
13044026	649	0.1	-0.1	-0.216816
13044026	650	0.1	-0.1	-4.1598
13044026	651	0.1	-0.1	-0.680264
13044026	652	0.1	-0.1	-3.35624
13044026	653	0.1	-0.1	-1.58949
13044026	654	0.1	-0.1	-0.316757
13044026	655	0.1	-0.1	-3.74693
13044026	656	0.1	-0.1	-0.552781
13044026	657	0.1	-0.1	2.54316
13044026	658	0.1	-0.1	0.088028
13044026	659	0.1	-0.1	-3.37187
13044026	660	0.1	-0.1	1.42158
13044026	661	0.1	-0.1	5.20263
13044026	662	0.1	-0.1	2.30602
13044026	663	0.1	-0.1	0.716082
13044026	664	0.1	-0.1	0.0538772
13044026	665	0.1	-0.1	1.91037
13044026	666	0.1	-0.1	1.66995
13044026	667	0.1	-0.1	-5.10719
13044026	668	0.1	-0.1	-3.10647
13044026	669	0.1	-0.1	2.6702
13044026	670	0.1	-0.1	-2.81806
13044026	671	0.1	-0.1	0.988009
13044026	672	0.1	-0.1	4.65198
13044026	673	0.1	-0.1	4.42585
13044026	674	0.1	-0.1	-3.17566
13044026	675	0.1	-0.1	-2.74236
13044026	676	0.1	-0.1	-1.97862
13044026	677	0.1	-0.1	4.6528
13044026	678	0.1	-0.1	3.26016
13044026	679	0.1	-0.1	5.37119
13044026	680	0.1	-0.1	2.68973
13044026	681	0.1	-0.1	-5.02721
13044026	682	0.1	-0.1	1.85325
13044026	683	0.1	-0.1	0.483619
13044026	684	0.1	-0.1	-0.848415
13044026	685	0.1	-0.1	4.02403
13044026	686	0.1	-0.1	2.23736
13044026	687	0.1	-0.1	-2.3901
13044026	688	0.1	-0.1	-3.9077
13044026	689	0.1	-0.1	-0.575537
13044026	690	0.1	-0.1	0.979711
13044026	691	0.1	-0.1	5.09796
13044026	692	0.1	-0.1	-5.05893
13044026	693	0.1	-0.1	0.140237
13044026	694	0.1	-0.1	-5.11499
13044026	695	0.1	-0.1	-4.4234
13044026	696	0.1	-0.1	3.38837
13044026	697	0.1	-0.1	-2.51314
13044026	698	0.1	-0.1	-5.34132
13044026	699	0.1	-0.1	-5.06885
13044026	700	0.1	-0.1	3.15512
13044026	701	0.1	-0.1	2.6957
13044026	702	0.1	-0.1	3.89837
13044026	703	0.1	-0.1	-1.62076
13044026	704	0.1	-0.1	5.73404
13044026	705	0.1	-0.1	-4.64442
13044026	706	0.1	-0.1	2.81942
13044026	707	0.1	-0.1	4.3785
13044026	708	0.1	-0.1	-3.91694
13044026	709	0.1	-0.1	-0.120092
13044026	710	0.1	-0.1	0.699247
13044026	711	0.1	-0.1	3.40232
13044026	712	0.1	-0.1	1.44151
13044026	713	0.1	-0.1	1.7813
13044026	714	0.1	-0.1	0.0662229
13044026	715	0.1	-0.1	3.46653
13044026	716	0.1	-0.1	1.05069
13044026	717	0.1	-0.1	-2.76281
13044026	718	0.1	-0.1	-2.46369
13044026	719	0.1	-0.1	-0.429529
13044026	720	0.1	-0.1	1.10933
13044026	721	0.1	-0.1	-2.67489
13044026	722	0.1	-0.1	-0.259673
13044026	723	0.1	-0.1	-1.42206
13044026	724	0.1	-0.1	-0.508018
13044026	725	0.1	-0.1	2.06045
13044026	726	0.1	-0.1	2.0462
13044026	727	0.1	-0.1	5.75365
13044026	728	0.1	-0.1	-0.298579
13044026	729	0.1	-0.1	-2.41842
13044026	730	0.1	-0.1	-0.912035
13044026	731	0.1	-0.1	3.47391
13044026	732	0.1	-0.1	-4.37672
13044026	733	0.1	-0.1	4.39477
13044026	734	0.1	-0.1	-0.0693425
13044026	735	0.1	-0.1	-5.32802
13044026	736	0.1	-0.1	-4.41058
13044026	737	0.1	-0.1	2.92438
13044026	738	0.1	-0.1	5.78671
13044026	739	0.1	-0.1	-1.75388
13044026	740	0.1	-0.1	3.35222
13044026	741	0.1	-0.1	0.61261
13044026	742	0.1	-0.1	3.03477
13044026	743	0.1	-0.1	-0.02487
13044026	744	0.1	-0.1	-0.074182
13044026	745	0.1	-0.1	-5.46923
13044026	746	0.1	-0.1	5.96335
13044026	747	0.1	-0.1	-1.77846
13044026	748	0.1	-0.1	-0.728463
13044026	749	0.1	-0.1	-1.90787
13044026	750	0.1	-0.1	-5.15313
13044026	751	0.1	-0.1	2.47629
13044026	752	0.1	-0.1	-4.89065
13044026	753	0.1	-0.1	1.09444
13044026	754	0.1	-0.1	-2.2365
13044026	755	0.1	-0.1	-4.00137
13044026	756	0.1	-0.1	1.82837
13044026	757	0.1	-0.1	4.24284
13044026	758	0.1	-0.1	3.19363
13044026	759	0.1	-0.1	0.317968
13044026	760	0.1	-0.1	-1.09734
13044026	761	0.1	-0.1	-3.1151
13044026	762	0.1	-0.1	5.65174
13044026	763	0.1	-0.1	4.36072
13044026	764	0.1	-0.1	-5.76486
13044026	765	0.1	-0.1	1.06919
13044026	766	0.1	-0.1	3.96309
13044026	767	0.1	-0.1	3.43292
13044026	768	0.1	-0.1	-1.98313
13044026	769	0.1	-0.1	1.63903
13044026	770	0.1	-0.1	2.17734
13044026	771	0.1	-0.1	2.69964
13044026	772	0.1	-0.1	-4.45011
13044026	773	0.1	-0.1	3.45729
13044026	774	0.1	-0.1	-1.21409
13044026	775	0.1	-0.1	4.21296
13044026	776	0.1	-0.1	4.60241
13044026	777	0.1	-0.1	-3.21828
13044026	778	0.1	-0.1	2.1134
13044026	779	0.1	-0.1	0.630295
13044026	780	0.1	-0.1	-2.88113
13044026	781	0.1	-0.1	-4.6012
13044026	782	0.1	-0.1	1.42385
13044026	783	0.1	-0.1	1.57243
13044026	784	0.1	-0.1	-0.0699646
13044026	785	0.1	-0.1	-2.28478
13044026	786	0.1	-0.1	3.78016
13044026	787	0.1	-0.1	2.43123
13044026	788	0.1	-0.1	-4.2847
13044026	789	0.1	-0.1	-2.87008
13044026	790	0.1	-0.1	-3.4552
13044026	791	0.1	-0.1	4.70317
13044026	792	0.1	-0.1	-5.5113
13044026	793	0.1	-0.1	5.09656
13044026	794	0.1	-0.1	-4.15724
13044026	795	0.1	-0.1	4.95062
13044026	796	0.1	-0.1	-0.0636286
13044026	797	0.1	-0.1	-1.63015
13044026	798	0.1	-0.1	1.35633
13044026	799	0.1	-0.1	0.668625
13044026	800	0.1	-0.1	1.00921
13044026	801	0.1	-0.1	5.10983
13044026	802	0.1	-0.1	4.752
13044026	803	0.1	-0.1	-1.55536
13044026	804	0.1	-0.1	-1.68357
13044026	805	0.1	-0.1	2.63917
13044026	806	0.1	-0.1	-3.77448
13044026	807	0.1	-0.1	-3.31604
13044026	808	0.1	-0.1	2.24318
13044026	809	0.1	-0.1	-1.74537
13044026	810	0.1	-0.1	-5.78553
13044026	811	0.1	-0.1	0.522499
13044026	812	0.1	-0.1	0.304462
13044026	813	0.1	-0.1	-0.251927
13044026	814	0.1	-0.1	-5.60985
13044026	815	0.1	-0.1	3.08358
13044026	816	0.1	-0.1	-3.07362
13044026	817	0.1	-0.1	1.40026
13044026	818	0.1	-0.1	0.22634
13044026	819	0.1	-0.1	2.78354
13044026	820	0.1	-0.1	2.8343
13044026	821	0.1	-0.1	5.30313
13044026	822	0.1	-0.1	0.37837
13044026	823	0.1	-0.1	-5.54463
13044026	824	0.1	-0.1	-4.39073
13044026	825	0.1	-0.1	0.160956
13044026	826	0.1	-0.1	-4.64761
13044026	827	0.1	-0.1	2.03329
13044026	828	0.1	-0.1	-2.02382
13044026	829	0.1	-0.1	-5.42785
13044026	830	0.1	-0.1	0.976653
13044026	831	0.1	-0.1	0.341256
13044026	832	0.1	-0.1	-0.26783
13044026	833	0.1	-0.1	5.6462
13044026	834	0.1	-0.1	-0.231796
13044026	835	0.1	-0.1	-5.09433
13044026	836	0.1	-0.1	-0.848495
13044026	837	0.1	-0.1	-3.13391
13044026	838	0.1	-0.1	-1.5999
13044026	839	0.1	-0.1	5.72449
13044026	840	0.1	-0.1	5.59207
13044026	841	0.1	-0.1	-3.15296
13044026	842	0.1	-0.1	-1.20334
13044026	843	0.1	-0.1	-0.185462
13044026	844	0.1	-0.1	3.12651
13044026	845	0.1	-0.1	3.54247
13044026	846	0.1	-0.1	3.16064
13044026	847	0.1	-0.1	0.600721
13044026	848	0.1	-0.1	-5.1722
13044026	849	0.1	-0.1	2.29486
13044026	850	0.1	-0.1	5.92041
13044026	851	0.1	-0.1	-4.99022
13044026	852	0.1	-0.1	4.44412
13044026	853	0.1	-0.1	-5.86757
13044026	854	0.1	-0.1	1.68316
13044026	855	0.1	-0.1	2.85243
13044026	856	0.1	-0.1	1.46603
13044026	857	0.1	-0.1	-4.98971
13044026	858	0.1	-0.1	3.06115
13044026	859	0.1	-0.1	-5.83953
13044026	860	0.1	-0.1	-5.81451
13044026	861	0.1	-0.1	-4.23605
13044026	862	0.1	-0.1	-4.71038
13044026	863	0.1	-0.1	-3.47905
13044026	864	0.1	-0.1	4.10424
13044026	865	0.1	-0.1	1.97507
13044026	866	0.1	-0.1	2.47197
13044026	867	0.1	-0.1	-0.232182
13044026	868	0.1	-0.1	-2.43782
13044026	869	0.1	-0.1	0.406497
13044026	870	0.1	-0.1	-4.39506
13044026	871	0.1	-0.1	-3.47073
13044026	872	0.1	-0.1	2.10622
13044026	873	0.1	-0.1	-0.741353
13044026	874	0.1	-0.1	4.98537
13044026	875	0.1	-0.1	0.0633527
13044026	876	0.1	-0.1	-4.75115
13044026	877	0.1	-0.1	1.53508
13044026	878	0.1	-0.1	-0.654038
13044026	879	0.1	-0.1	-4.73262
13044026	880	0.1	-0.1	0.733688
13044026	881	0.1	-0.1	3.62581
13044026	882	0.1	-0.1	0.10738
13044026	883	0.1	-0.1	-2.21887
13044026	884	0.1	-0.1	-1.79373
13044026	885	0.1	-0.1	-5.58844
13044026	886	0.1	-0.1	-5.26068
13044026	887	0.1	-0.1	-5.4269
13044026	888	0.1	-0.1	-2.09231
13044026	889	0.1	-0.1	3.6683
13044026	890	0.1	-0.1	4.12271
13044026	891	0.1	-0.1	-1.50645
13044026	892	0.1	-0.1	-1.42914
13044026	893	0.1	-0.1	4.21711
13044026	894	0.1	-0.1	5.52109
13044026	895	0.1	-0.1	-1.19037
13044026	896	0.1	-0.1	-0.263716
13044026	897	0.1	-0.1	-4.6328
13044026	898	0.1	-0.1	-5.79062
13044026	899	0.1	-0.1	2.54997
13044026	900	0.1	-0.1	-5.78836
13044026	901	0.1	-0.1	4.94247
13044026	902	0.1	-0.1	4.61998
13044026	903	0.1	-0.1	-5.60118
13044026	904	0.1	-0.1	5.2689
13044026	905	0.1	-0.1	-0.576143
13044026	906	0.1	-0.1	0.351181
13044026	907	0.1	-0.1	1.07985
13044026	908	0.1	-0.1	5.59446
13044026	909	0.1	-0.1	3.0726
13044026	910	0.1	-0.1	4.58277
13044026	911	0.1	-0.1	3.09434
13044026	912	0.1	-0.1	0.0490569
13044026	913	0.1	-0.1	-3.13725
13044026	914	0.1	-0.1	5.60687
13044026	915	0.1	-0.1	-5.07364
13044026	916	0.1	-0.1	-4.05312
13044026	917	0.1	-0.1	5.689
13044026	918	0.1	-0.1	-4.00072
13044026	919	0.1	-0.1	-2.98448
13044026	920	0.1	-0.1	4.6015
13044026	921	0.1	-0.1	-3.77323
13044026	922	0.1	-0.1	-0.172972
13044026	923	0.1	-0.1	5.33327
13044026	924	0.1	-0.1	5.35947
13044026	925	0.1	-0.1	-0.180698
13044026	926	0.1	-0.1	-1.84127
13044026	927	0.1	-0.1	3.17954
13044026	928	0.1	-0.1	-5.03311
13044026	929	0.1	-0.1	-3.85636
13044026	930	0.1	-0.1	3.02109
13044026	931	0.1	-0.1	1.93575
13044026	932	0.1	-0.1	-2.49566
13044026	933	0.1	-0.1	2.99541
13044026	934	0.1	-0.1	3.39861
13044026	935	0.1	-0.1	3.46077
13044026	936	0.1	-0.1	3.46636
13044026	937	0.1	-0.1	-0.222923
13044026	938	0.1	-0.1	0.508795
13044026	939	0.1	-0.1	-4.34198
13044026	940	0.1	-0.1	-5.50117
13044026	941	0.1	-0.1	-2.68265
13044026	942	0.1	-0.1	5.52226
13044026	943	0.1	-0.1	-0.308594
13044026	944	0.1	-0.1	-5.44508
13044026	945	0.1	-0.1	-1.24492
13044026	946	0.1	-0.1	5.25869
13044026	947	0.1	-0.1	-3.94907
13044026	948	0.1	-0.1	3.07581
13044026	949	0.1	-0.1	-5.96137
13044026	950	0.1	-0.1	5.76686
13044026	951	0.1	-0.1	3.15215
13044026	952	0.1	-0.1	5.38193
13044026	953	0.1	-0.1	5.25983
13044026	954	0.1	-0.1	-5.27374
13044026	955	0.1	-0.1	4.8356
13044026	956	0.1	-0.1	4.2745
13044026	957	0.1	-0.1	4.16612
13044026	958	0.1	-0.1	4.72672
13044026	959	0.1	-0.1	4.08719
13044026	960	0.1	-0.1	-1.76754
13044026	961	0.1	-0.1	-2.00757
13044026	962	0.1	-0.1	4.12317
13044026	963	0.1	-0.1	3.37819
13044026	964	0.1	-0.1	-5.97904
13044026	965	0.1	-0.1	4.91511
13044026	966	0.1	-0.1	-1.02877
13044026	967	0.1	-0.1	-0.446215
13044026	968	0.1	-0.1	0.561071
13044026	969	0.1	-0.1	5.62861
13044026	970	0.1	-0.1	3.99724
13044026	971	0.1	-0.1	-0.399883
13044026	972	0.1	-0.1	-5.02622
13044026	973	0.1	-0.1	1.31292
13044026	974	0.1	-0.1	-5.89223
13044026	975	0.1	-0.1	-4.30927
13044026	976	0.1	-0.1	5.5751
13044026	977	0.1	-0.1	3.55864
13044026	978	0.1	-0.1	-0.549305
13044026	979	0.1	-0.1	-4.44787
13044026	980	0.1	-0.1	5.93632
13044026	981	0.1	-0.1	-3.06344
13044026	982	0.1	-0.1	-2.76574
13044026	983	0.1	-0.1	2.20731
13044026	984	0.1	-0.1	-4.18055
13044026	985	0.1	-0.1	2.3835
13044026	986	0.1	-0.1	-1.23023
13044026	987	0.1	-0.1	-0.845642
13044026	988	0.1	-0.1	0.637738
13044026	989	0.1	-0.1	-5.93424
13044026	990	0.1	-0.1	2.02077
13044026	991	0.1	-0.1	-4.51674
13044026	992	0.1	-0.1	1.67683
13044026	993	0.1	-0.1	1.3791
13044026	994	0.1	-0.1	2.1986
13044026	995	0.1	-0.1	-2.2378
13044026	996	0.1	-0.1	-0.847803
13044026	997	0.1	-0.1	4.72141
13044026	998	0.1	-0.1	-0.103893
13044026	999	0.1	-0.1	1.31826
13044026	1000	0.1	-0.1	-3.80969
