13040041	1	0.1	-0.1	1.42691
13040041	2	0.1	-0.1	4.31032
13040041	3	0.1	-0.1	5.08773
13040041	4	0.1	-0.1	-1.0953
13040041	5	0.1	-0.1	0.28312
13040041	6	0.1	-0.1	-3.21082
13040041	7	0.1	-0.1	3.81975
13040041	8	0.1	-0.1	-1.48554
13040041	9	0.1	-0.1	4.80117
13040041	10	0.1	-0.1	2.00688
13040041	11	0.1	-0.1	0.971891
13040041	12	0.1	-0.1	1.35933
13040041	13	0.1	-0.1	-2.53378
13040041	14	0.1	-0.1	-4.2712
13040041	15	0.1	-0.1	-2.44147
13040041	16	0.1	-0.1	-0.707132
13040041	17	0.1	-0.1	2.17452
13040041	18	0.1	-0.1	-1.44406
13040041	19	0.1	-0.1	-5.81671
13040041	20	0.1	-0.1	5.87141
13040041	21	0.1	-0.1	-4.48262
13040041	22	0.1	-0.1	2.21764
13040041	23	0.1	-0.1	-4.77512
13040041	24	0.1	-0.1	3.28824
13040041	25	0.1	-0.1	5.70576
13040041	26	0.1	-0.1	2.57006
13040041	27	0.1	-0.1	3.93175
13040041	28	0.1	-0.1	-4.51414
13040041	29	0.1	-0.1	0.83384
13040041	30	0.1	-0.1	-3.17309
13040041	31	0.1	-0.1	5.35916
13040041	32	0.1	-0.1	-1.58077
13040041	33	0.1	-0.1	3.24104
13040041	34	0.1	-0.1	1.55769
13040041	35	0.1	-0.1	-1.6816
13040041	36	0.1	-0.1	1.95136
13040041	37	0.1	-0.1	-3.77492
13040041	38	0.1	-0.1	0.224715
13040041	39	0.1	-0.1	-5.24117
13040041	40	0.1	-0.1	0.741391
13040041	41	0.1	-0.1	5.2527
13040041	42	0.1	-0.1	-1.33929
13040041	43	0.1	-0.1	-3.54592
13040041	44	0.1	-0.1	2.92898
13040041	45	0.1	-0.1	-1.31724
13040041	46	0.1	-0.1	5.93301
13040041	47	0.1	-0.1	0.33931
13040041	48	0.1	-0.1	-1.14976
13040041	49	0.1	-0.1	4.66182
13040041	50	0.1	-0.1	0.728123
13040041	51	0.1	-0.1	0.42515
13040041	52	0.1	-0.1	-4.08721
13040041	53	0.1	-0.1	1.99943
13040041	54	0.1	-0.1	-3.41272
13040041	55	0.1	-0.1	3.95891
13040041	56	0.1	-0.1	-0.997653
13040041	57	0.1	-0.1	0.117857
13040041	58	0.1	-0.1	3.93424
13040041	59	0.1	-0.1	-3.36597
13040041	60	0.1	-0.1	-4.07979
13040041	61	0.1	-0.1	5.74225
13040041	62	0.1	-0.1	-4.79183
13040041	63	0.1	-0.1	0.370536
13040041	64	0.1	-0.1	5.39758
13040041	65	0.1	-0.1	-2.93486
13040041	66	0.1	-0.1	4.59866
13040041	67	0.1	-0.1	-0.105529
13040041	68	0.1	-0.1	3.67667
13040041	69	0.1	-0.1	4.1157
13040041	70	0.1	-0.1	5.74743
13040041	71	0.1	-0.1	0.428678
13040041	72	0.1	-0.1	2.08491
13040041	73	0.1	-0.1	-2.40433
13040041	74	0.1	-0.1	2.86046
13040041	75	0.1	-0.1	3.05871
13040041	76	0.1	-0.1	4.46688
13040041	77	0.1	-0.1	4.62947
13040041	78	0.1	-0.1	0.613818
13040041	79	0.1	-0.1	-5.00789
13040041	80	0.1	-0.1	-5.43992
13040041	81	0.1	-0.1	2.78643
13040041	82	0.1	-0.1	0.356993
13040041	83	0.1	-0.1	-1.321
13040041	84	0.1	-0.1	1.64958
13040041	85	0.1	-0.1	-0.597
13040041	86	0.1	-0.1	-5.30864
13040041	87	0.1	-0.1	-0.99396
13040041	88	0.1	-0.1	-4.76709
13040041	89	0.1	-0.1	-1.31467
13040041	90	0.1	-0.1	-1.14824
13040041	91	0.1	-0.1	4.61424
13040041	92	0.1	-0.1	2.76963
13040041	93	0.1	-0.1	1.83355
13040041	94	0.1	-0.1	-0.471072
13040041	95	0.1	-0.1	4.14058
13040041	96	0.1	-0.1	2.02009
13040041	97	0.1	-0.1	-1.7598
13040041	98	0.1	-0.1	2.34074
13040041	99	0.1	-0.1	3.75034
13040041	100	0.1	-0.1	3.02783
13040041	101	0.1	-0.1	1.15079
13040041	102	0.1	-0.1	0.938615
13040041	103	0.1	-0.1	-0.421014
13040041	104	0.1	-0.1	0.954826
13040041	105	0.1	-0.1	3.55864
13040041	106	0.1	-0.1	-5.40808
13040041	107	0.1	-0.1	-4.15065
13040041	108	0.1	-0.1	-5.32141
13040041	109	0.1	-0.1	-2.38128
13040041	110	0.1	-0.1	-5.02971
13040041	111	0.1	-0.1	3.03606
13040041	112	0.1	-0.1	-1.058
13040041	113	0.1	-0.1	4.61525
13040041	114	0.1	-0.1	-2.49159
13040041	115	0.1	-0.1	0.612202
13040041	116	0.1	-0.1	0.457723
13040041	117	0.1	-0.1	-2.29052
13040041	118	0.1	-0.1	5.24768
13040041	119	0.1	-0.1	2.49869
13040041	120	0.1	-0.1	5.77919
13040041	121	0.1	-0.1	-4.18317
13040041	122	0.1	-0.1	-2.04169
13040041	123	0.1	-0.1	4.43983
13040041	124	0.1	-0.1	4.62091
13040041	125	0.1	-0.1	-0.962522
13040041	126	0.1	-0.1	4.76944
13040041	127	0.1	-0.1	-4.89672
13040041	128	0.1	-0.1	4.13157
13040041	129	0.1	-0.1	3.61726
13040041	130	0.1	-0.1	4.86697
13040041	131	0.1	-0.1	5.31503
13040041	132	0.1	-0.1	1.71233
13040041	133	0.1	-0.1	-0.326963
13040041	134	0.1	-0.1	-4.37551
13040041	135	0.1	-0.1	5.08027
13040041	136	0.1	-0.1	0.00257828
13040041	137	0.1	-0.1	-0.689122
13040041	138	0.1	-0.1	0.259642
13040041	139	0.1	-0.1	3.60562
13040041	140	0.1	-0.1	5.47037
13040041	141	0.1	-0.1	1.27655
13040041	142	0.1	-0.1	2.27525
13040041	143	0.1	-0.1	3.67777
13040041	144	0.1	-0.1	0.271882
13040041	145	0.1	-0.1	4.21825
13040041	146	0.1	-0.1	-3.95901
13040041	147	0.1	-0.1	-5.71797
13040041	148	0.1	-0.1	3.481
13040041	149	0.1	-0.1	2.57835
13040041	150	0.1	-0.1	-4.65117
13040041	151	0.1	-0.1	0.96942
13040041	152	0.1	-0.1	-5.58684
13040041	153	0.1	-0.1	4.36099
13040041	154	0.1	-0.1	-3.19547
13040041	155	0.1	-0.1	-5.11083
13040041	156	0.1	-0.1	5.75833
13040041	157	0.1	-0.1	2.05042
13040041	158	0.1	-0.1	-1.55516
13040041	159	0.1	-0.1	-5.16837
13040041	160	0.1	-0.1	-5.8817
13040041	161	0.1	-0.1	-1.07482
13040041	162	0.1	-0.1	-0.349604
13040041	163	0.1	-0.1	-2.20256
13040041	164	0.1	-0.1	3.6311
13040041	165	0.1	-0.1	-0.385497
13040041	166	0.1	-0.1	-5.57562
13040041	167	0.1	-0.1	-5.4584
13040041	168	0.1	-0.1	5.37112
13040041	169	0.1	-0.1	-4.34904
13040041	170	0.1	-0.1	-4.38001
13040041	171	0.1	-0.1	5.69488
13040041	172	0.1	-0.1	2.10922
13040041	173	0.1	-0.1	-1.68617
13040041	174	0.1	-0.1	4.76081
13040041	175	0.1	-0.1	-2.63071
13040041	176	0.1	-0.1	-5.43473
13040041	177	0.1	-0.1	-3.15565
13040041	178	0.1	-0.1	2.75098
13040041	179	0.1	-0.1	1.57134
13040041	180	0.1	-0.1	-4.9851
13040041	181	0.1	-0.1	2.92394
13040041	182	0.1	-0.1	3.17947
13040041	183	0.1	-0.1	2.68338
13040041	184	0.1	-0.1	-0.377854
13040041	185	0.1	-0.1	-5.95035
13040041	186	0.1	-0.1	-5.85056
13040041	187	0.1	-0.1	3.26706
13040041	188	0.1	-0.1	-2.00139
13040041	189	0.1	-0.1	-0.986194
13040041	190	0.1	-0.1	-3.65654
13040041	191	0.1	-0.1	-1.83854
13040041	192	0.1	-0.1	-4.26484
13040041	193	0.1	-0.1	1.55049
13040041	194	0.1	-0.1	-1.75532
13040041	195	0.1	-0.1	-2.23311
13040041	196	0.1	-0.1	-4.05132
13040041	197	0.1	-0.1	0.804903
13040041	198	0.1	-0.1	-3.501
13040041	199	0.1	-0.1	3.71249
13040041	200	0.1	-0.1	-2.06541
13040041	201	0.1	-0.1	-5.22139
13040041	202	0.1	-0.1	5.16985
13040041	203	0.1	-0.1	2.43367
13040041	204	0.1	-0.1	0.700285
13040041	205	0.1	-0.1	1.68548
13040041	206	0.1	-0.1	-5.91166
13040041	207	0.1	-0.1	-3.1135
13040041	208	0.1	-0.1	4.49102
13040041	209	0.1	-0.1	-1.35071
13040041	210	0.1	-0.1	-5.3863
13040041	211	0.1	-0.1	5.23452
13040041	212	0.1	-0.1	2.90614
13040041	213	0.1	-0.1	-0.574138
13040041	214	0.1	-0.1	-5.42256
13040041	215	0.1	-0.1	0.268713
13040041	216	0.1	-0.1	-5.65621
13040041	217	0.1	-0.1	-1.17987
13040041	218	0.1	-0.1	-4.40397
13040041	219	0.1	-0.1	0.350139
13040041	220	0.1	-0.1	-1.18978
13040041	221	0.1	-0.1	-2.79633
13040041	222	0.1	-0.1	1.58482
13040041	223	0.1	-0.1	2.22252
13040041	224	0.1	-0.1	-1.49715
13040041	225	0.1	-0.1	-5.23189
13040041	226	0.1	-0.1	-3.84072
13040041	227	0.1	-0.1	-1.742
13040041	228	0.1	-0.1	-1.47603
13040041	229	0.1	-0.1	-5.10689
13040041	230	0.1	-0.1	1.63083
13040041	231	0.1	-0.1	4.64708
13040041	232	0.1	-0.1	-2.16005
13040041	233	0.1	-0.1	0.229411
13040041	234	0.1	-0.1	2.08048
13040041	235	0.1	-0.1	-2.24521
13040041	236	0.1	-0.1	4.83159
13040041	237	0.1	-0.1	3.0258
13040041	238	0.1	-0.1	1.53977
13040041	239	0.1	-0.1	0.722111
13040041	240	0.1	-0.1	2.35437
13040041	241	0.1	-0.1	5.26245
13040041	242	0.1	-0.1	-0.651125
13040041	243	0.1	-0.1	-4.45378
13040041	244	0.1	-0.1	-4.43203
13040041	245	0.1	-0.1	-5.51769
13040041	246	0.1	-0.1	0.081733
13040041	247	0.1	-0.1	2.99388
13040041	248	0.1	-0.1	-1.36879
13040041	249	0.1	-0.1	0.57275
13040041	250	0.1	-0.1	0.0290812
13040041	251	0.1	-0.1	-4.63975
13040041	252	0.1	-0.1	3.52999
13040041	253	0.1	-0.1	-4.66873
13040041	254	0.1	-0.1	1.31321
13040041	255	0.1	-0.1	-3.41894
13040041	256	0.1	-0.1	1.39139
13040041	257	0.1	-0.1	2.44035
13040041	258	0.1	-0.1	3.41779
13040041	259	0.1	-0.1	-3.94987
13040041	260	0.1	-0.1	-3.71008
13040041	261	0.1	-0.1	3.91079
13040041	262	0.1	-0.1	-4.05274
13040041	263	0.1	-0.1	-5.03877
13040041	264	0.1	-0.1	0.822026
13040041	265	0.1	-0.1	-0.46768
13040041	266	0.1	-0.1	-5.96438
13040041	267	0.1	-0.1	-4.61999
13040041	268	0.1	-0.1	-0.913417
13040041	269	0.1	-0.1	-3.30098
13040041	270	0.1	-0.1	2.13835
13040041	271	0.1	-0.1	-0.526096
13040041	272	0.1	-0.1	-1.31156
13040041	273	0.1	-0.1	4.10676
13040041	274	0.1	-0.1	5.56757
13040041	275	0.1	-0.1	-0.884745
13040041	276	0.1	-0.1	-0.812635
13040041	277	0.1	-0.1	-2.88452
13040041	278	0.1	-0.1	3.36263
13040041	279	0.1	-0.1	1.85435
13040041	280	0.1	-0.1	1.54622
13040041	281	0.1	-0.1	4.36479
13040041	282	0.1	-0.1	-5.211
13040041	283	0.1	-0.1	4.40794
13040041	284	0.1	-0.1	-0.728963
13040041	285	0.1	-0.1	3.53646
13040041	286	0.1	-0.1	-3.33897
13040041	287	0.1	-0.1	3.03988
13040041	288	0.1	-0.1	4.20756
13040041	289	0.1	-0.1	0.950799
13040041	290	0.1	-0.1	0.713138
13040041	291	0.1	-0.1	0.942836
13040041	292	0.1	-0.1	-3.83364
13040041	293	0.1	-0.1	-2.50771
13040041	294	0.1	-0.1	-5.9766
13040041	295	0.1	-0.1	3.98706
13040041	296	0.1	-0.1	-4.19023
13040041	297	0.1	-0.1	3.62652
13040041	298	0.1	-0.1	-2.10595
13040041	299	0.1	-0.1	5.48369
13040041	300	0.1	-0.1	-0.144835
13040041	301	0.1	-0.1	3.92206
13040041	302	0.1	-0.1	3.1889
13040041	303	0.1	-0.1	1.64578
13040041	304	0.1	-0.1	5.44761
13040041	305	0.1	-0.1	-4.87707
13040041	306	0.1	-0.1	-2.10631
13040041	307	0.1	-0.1	-0.683537
13040041	308	0.1	-0.1	-0.608121
13040041	309	0.1	-0.1	-4.13539
13040041	310	0.1	-0.1	4.33936
13040041	311	0.1	-0.1	-0.643167
13040041	312	0.1	-0.1	5.78599
13040041	313	0.1	-0.1	0.880252
13040041	314	0.1	-0.1	-0.511591
13040041	315	0.1	-0.1	-1.97075
13040041	316	0.1	-0.1	-5.19074
13040041	317	0.1	-0.1	3.15357
13040041	318	0.1	-0.1	-1.56153
13040041	319	0.1	-0.1	0.758243
13040041	320	0.1	-0.1	-0.399646
13040041	321	0.1	-0.1	2.53819
13040041	322	0.1	-0.1	-4.58019
13040041	323	0.1	-0.1	4.1588
13040041	324	0.1	-0.1	-0.862933
13040041	325	0.1	-0.1	3.75851
13040041	326	0.1	-0.1	-5.27375
13040041	327	0.1	-0.1	-3.96161
13040041	328	0.1	-0.1	1.48502
13040041	329	0.1	-0.1	2.04806
13040041	330	0.1	-0.1	4.11031
13040041	331	0.1	-0.1	-3.2952
13040041	332	0.1	-0.1	-1.27187
13040041	333	0.1	-0.1	-4.15378
13040041	334	0.1	-0.1	-3.58021
13040041	335	0.1	-0.1	1.68223
13040041	336	0.1	-0.1	2.93533
13040041	337	0.1	-0.1	5.65501
13040041	338	0.1	-0.1	4.95303
13040041	339	0.1	-0.1	1.6386
13040041	340	0.1	-0.1	-2.2544
13040041	341	0.1	-0.1	2.08409
13040041	342	0.1	-0.1	-2.25855
13040041	343	0.1	-0.1	-4.38104
13040041	344	0.1	-0.1	-5.46423
13040041	345	0.1	-0.1	-5.8648
13040041	346	0.1	-0.1	-5.68408
13040041	347	0.1	-0.1	0.483061
13040041	348	0.1	-0.1	5.19765
13040041	349	0.1	-0.1	-1.34823
13040041	350	0.1	-0.1	4.75667
13040041	351	0.1	-0.1	4.49011
13040041	352	0.1	-0.1	5.19358
13040041	353	0.1	-0.1	-4.14159
13040041	354	0.1	-0.1	-2.71905
13040041	355	0.1	-0.1	-5.85475
13040041	356	0.1	-0.1	-0.888322
13040041	357	0.1	-0.1	-5.16217
13040041	358	0.1	-0.1	-5.23988
13040041	359	0.1	-0.1	1.36513
13040041	360	0.1	-0.1	5.92629
13040041	361	0.1	-0.1	2.04416
13040041	362	0.1	-0.1	-5.77619
13040041	363	0.1	-0.1	-4.81881
13040041	364	0.1	-0.1	1.5586
13040041	365	0.1	-0.1	5.45798
13040041	366	0.1	-0.1	-2.69486
13040041	367	0.1	-0.1	-1.78676
13040041	368	0.1	-0.1	-5.75756
13040041	369	0.1	-0.1	4.43702
13040041	370	0.1	-0.1	-0.493616
13040041	371	0.1	-0.1	5.81389
13040041	372	0.1	-0.1	-1.71114
13040041	373	0.1	-0.1	4.56858
13040041	374	0.1	-0.1	1.32328
13040041	375	0.1	-0.1	2.89821
13040041	376	0.1	-0.1	5.90764
13040041	377	0.1	-0.1	-0.57937
13040041	378	0.1	-0.1	-5.28025
13040041	379	0.1	-0.1	4.98191
13040041	380	0.1	-0.1	-5.05407
13040041	381	0.1	-0.1	2.7035
13040041	382	0.1	-0.1	-3.37419
13040041	383	0.1	-0.1	-3.14776
13040041	384	0.1	-0.1	-4.82319
13040041	385	0.1	-0.1	-1.10457
13040041	386	0.1	-0.1	-3.43039
13040041	387	0.1	-0.1	-1.07564
13040041	388	0.1	-0.1	3.77602
13040041	389	0.1	-0.1	5.26308
13040041	390	0.1	-0.1	-4.94356
13040041	391	0.1	-0.1	0.207755
13040041	392	0.1	-0.1	5.15395
13040041	393	0.1	-0.1	-5.73421
13040041	394	0.1	-0.1	1.36001
13040041	395	0.1	-0.1	3.99788
13040041	396	0.1	-0.1	-0.54671
13040041	397	0.1	-0.1	5.69749
13040041	398	0.1	-0.1	-3.76571
13040041	399	0.1	-0.1	2.91318
13040041	400	0.1	-0.1	2.35732
13040041	401	0.1	-0.1	-2.36784
13040041	402	0.1	-0.1	2.9321
13040041	403	0.1	-0.1	-2.31658
13040041	404	0.1	-0.1	3.10945
13040041	405	0.1	-0.1	4.75961
13040041	406	0.1	-0.1	0.397599
13040041	407	0.1	-0.1	-1.19149
13040041	408	0.1	-0.1	-2.68845
13040041	409	0.1	-0.1	-2.58898
13040041	410	0.1	-0.1	-4.20148
13040041	411	0.1	-0.1	2.68156
13040041	412	0.1	-0.1	1.12893
13040041	413	0.1	-0.1	0.491496
13040041	414	0.1	-0.1	-1.85502
13040041	415	0.1	-0.1	0.121295
13040041	416	0.1	-0.1	-1.49792
13040041	417	0.1	-0.1	-2.95089
13040041	418	0.1	-0.1	-2.27774
13040041	419	0.1	-0.1	4.82023
13040041	420	0.1	-0.1	3.38666
13040041	421	0.1	-0.1	-0.00687336
13040041	422	0.1	-0.1	-4.19174
13040041	423	0.1	-0.1	-5.83732
13040041	424	0.1	-0.1	-2.732
13040041	425	0.1	-0.1	-2.42151
13040041	426	0.1	-0.1	1.12378
13040041	427	0.1	-0.1	2.55324
13040041	428	0.1	-0.1	-0.948706
13040041	429	0.1	-0.1	-1.71956
13040041	430	0.1	-0.1	-2.8312
13040041	431	0.1	-0.1	-3.30989
13040041	432	0.1	-0.1	0.660546
13040041	433	0.1	-0.1	-0.823689
13040041	434	0.1	-0.1	-2.08679
13040041	435	0.1	-0.1	-2.73012
13040041	436	0.1	-0.1	-1.30996
13040041	437	0.1	-0.1	2.05513
13040041	438	0.1	-0.1	-1.49611
13040041	439	0.1	-0.1	4.46083
13040041	440	0.1	-0.1	1.384
13040041	441	0.1	-0.1	-1.35403
13040041	442	0.1	-0.1	1.54501
13040041	443	0.1	-0.1	3.97887
13040041	444	0.1	-0.1	1.46249
13040041	445	0.1	-0.1	-3.0235
13040041	446	0.1	-0.1	-0.0901884
13040041	447	0.1	-0.1	-1.80808
13040041	448	0.1	-0.1	-5.52848
13040041	449	0.1	-0.1	5.31385
13040041	450	0.1	-0.1	2.46474
13040041	451	0.1	-0.1	-0.861959
13040041	452	0.1	-0.1	-0.23243
13040041	453	0.1	-0.1	-5.03277
13040041	454	0.1	-0.1	3.60974
13040041	455	0.1	-0.1	5.8498
13040041	456	0.1	-0.1	-1.07296
13040041	457	0.1	-0.1	1.66336
13040041	458	0.1	-0.1	-5.6562
13040041	459	0.1	-0.1	3.90325
13040041	460	0.1	-0.1	0.617404
13040041	461	0.1	-0.1	-0.443532
13040041	462	0.1	-0.1	-2.96705
13040041	463	0.1	-0.1	3.85754
13040041	464	0.1	-0.1	-4.95391
13040041	465	0.1	-0.1	-1.05458
13040041	466	0.1	-0.1	-3.26866
13040041	467	0.1	-0.1	-3.25031
13040041	468	0.1	-0.1	3.94616
13040041	469	0.1	-0.1	4.06864
13040041	470	0.1	-0.1	3.40569
13040041	471	0.1	-0.1	5.17926
13040041	472	0.1	-0.1	5.70087
13040041	473	0.1	-0.1	4.93389
13040041	474	0.1	-0.1	-4.63317
13040041	475	0.1	-0.1	-2.73183
13040041	476	0.1	-0.1	-2.00076
13040041	477	0.1	-0.1	0.0639631
13040041	478	0.1	-0.1	-1.46956
13040041	479	0.1	-0.1	-0.207162
13040041	480	0.1	-0.1	1.57355
13040041	481	0.1	-0.1	-1.0729
13040041	482	0.1	-0.1	-1.64683
13040041	483	0.1	-0.1	5.44929
13040041	484	0.1	-0.1	-0.735448
13040041	485	0.1	-0.1	5.78465
13040041	486	0.1	-0.1	3.64217
13040041	487	0.1	-0.1	-0.622627
13040041	488	0.1	-0.1	0.949117
13040041	489	0.1	-0.1	3.98179
13040041	490	0.1	-0.1	-4.64317
13040041	491	0.1	-0.1	2.07427
13040041	492	0.1	-0.1	-2.74454
13040041	493	0.1	-0.1	0.688037
13040041	494	0.1	-0.1	-5.45519
13040041	495	0.1	-0.1	-4.16953
13040041	496	0.1	-0.1	-1.61229
13040041	497	0.1	-0.1	-4.16703
13040041	498	0.1	-0.1	3.05101
13040041	499	0.1	-0.1	-2.33856
13040041	500	0.1	-0.1	4.79615
13040041	501	0.1	-0.1	-2.91083
13040041	502	0.1	-0.1	-1.27019
13040041	503	0.1	-0.1	0.677313
13040041	504	0.1	-0.1	-3.33838
13040041	505	0.1	-0.1	-4.76568
13040041	506	0.1	-0.1	5.85543
13040041	507	0.1	-0.1	5.26661
13040041	508	0.1	-0.1	0.590888
13040041	509	0.1	-0.1	-2.18927
13040041	510	0.1	-0.1	-2.53083
13040041	511	0.1	-0.1	-3.73916
13040041	512	0.1	-0.1	5.60672
13040041	513	0.1	-0.1	3.65741
13040041	514	0.1	-0.1	-4.71401
13040041	515	0.1	-0.1	-2.38913
13040041	516	0.1	-0.1	3.01804
13040041	517	0.1	-0.1	-3.07585
13040041	518	0.1	-0.1	0.933946
13040041	519	0.1	-0.1	-4.14748
13040041	520	0.1	-0.1	-1.07879
13040041	521	0.1	-0.1	4.40632
13040041	522	0.1	-0.1	2.57955
13040041	523	0.1	-0.1	0.864282
13040041	524	0.1	-0.1	-4.29162
13040041	525	0.1	-0.1	5.45167
13040041	526	0.1	-0.1	4.01649
13040041	527	0.1	-0.1	-2.81904
13040041	528	0.1	-0.1	2.87012
13040041	529	0.1	-0.1	-1.22522
13040041	530	0.1	-0.1	5.74249
13040041	531	0.1	-0.1	1.80918
13040041	532	0.1	-0.1	-3.11649
13040041	533	0.1	-0.1	-0.274797
13040041	534	0.1	-0.1	5.13636
13040041	535	0.1	-0.1	-2.27827
13040041	536	0.1	-0.1	-3.69757
13040041	537	0.1	-0.1	-0.510765
13040041	538	0.1	-0.1	5.98633
13040041	539	0.1	-0.1	-1.31369
13040041	540	0.1	-0.1	-1.18857
13040041	541	0.1	-0.1	3.17982
13040041	542	0.1	-0.1	-1.79428
13040041	543	0.1	-0.1	2.03927
13040041	544	0.1	-0.1	-0.432995
13040041	545	0.1	-0.1	4.10667
13040041	546	0.1	-0.1	-1.8472
13040041	547	0.1	-0.1	-5.1252
13040041	548	0.1	-0.1	3.47811
13040041	549	0.1	-0.1	3.05261
13040041	550	0.1	-0.1	3.79876
13040041	551	0.1	-0.1	3.27528
13040041	552	0.1	-0.1	3.66829
13040041	553	0.1	-0.1	1.04732
13040041	554	0.1	-0.1	5.85889
13040041	555	0.1	-0.1	2.95003
13040041	556	0.1	-0.1	-1.30532
13040041	557	0.1	-0.1	-3.73497
13040041	558	0.1	-0.1	-2.10213
13040041	559	0.1	-0.1	-0.103716
13040041	560	0.1	-0.1	0.851939
13040041	561	0.1	-0.1	4.87486
13040041	562	0.1	-0.1	-0.86812
13040041	563	0.1	-0.1	-3.23296
13040041	564	0.1	-0.1	-0.650816
13040041	565	0.1	-0.1	-3.23458
13040041	566	0.1	-0.1	-1.76795
13040041	567	0.1	-0.1	1.4627
13040041	568	0.1	-0.1	0.0725185
13040041	569	0.1	-0.1	5.12647
13040041	570	0.1	-0.1	1.26845
13040041	571	0.1	-0.1	3.04888
13040041	572	0.1	-0.1	-2.85727
13040041	573	0.1	-0.1	-4.86173
13040041	574	0.1	-0.1	3.15396
13040041	575	0.1	-0.1	5.17491
13040041	576	0.1	-0.1	-3.02227
13040041	577	0.1	-0.1	-3.14435
13040041	578	0.1	-0.1	1.3507
13040041	579	0.1	-0.1	0.0413983
13040041	580	0.1	-0.1	-2.04693
13040041	581	0.1	-0.1	3.31615
13040041	582	0.1	-0.1	1.81645
13040041	583	0.1	-0.1	0.829448
13040041	584	0.1	-0.1	-5.18779
13040041	585	0.1	-0.1	-1.3615
13040041	586	0.1	-0.1	4.93519
13040041	587	0.1	-0.1	-4.28239
13040041	588	0.1	-0.1	-0.097092
13040041	589	0.1	-0.1	-1.43128
13040041	590	0.1	-0.1	-3.69456
13040041	591	0.1	-0.1	3.36373
13040041	592	0.1	-0.1	-3.94501
13040041	593	0.1	-0.1	-3.36955
13040041	594	0.1	-0.1	-0.44208
13040041	595	0.1	-0.1	4.78268
13040041	596	0.1	-0.1	-3.36759
13040041	597	0.1	-0.1	5.5412
13040041	598	0.1	-0.1	-2.48368
13040041	599	0.1	-0.1	-3.59278
13040041	600	0.1	-0.1	-2.09816
13040041	601	0.1	-0.1	4.3593
13040041	602	0.1	-0.1	-1.58607
13040041	603	0.1	-0.1	4.71195
13040041	604	0.1	-0.1	2.47591
13040041	605	0.1	-0.1	-3.87847
13040041	606	0.1	-0.1	-5.05144
13040041	607	0.1	-0.1	-0.85862
13040041	608	0.1	-0.1	-3.91105
13040041	609	0.1	-0.1	0.755005
13040041	610	0.1	-0.1	-2.97639
13040041	611	0.1	-0.1	3.36791
13040041	612	0.1	-0.1	-2.29285
13040041	613	0.1	-0.1	-1.57116
13040041	614	0.1	-0.1	1.67947
13040041	615	0.1	-0.1	-4.76082
13040041	616	0.1	-0.1	-0.754328
13040041	617	0.1	-0.1	1.0892
13040041	618	0.1	-0.1	-4.48709
13040041	619	0.1	-0.1	3.94232
13040041	620	0.1	-0.1	-4.18205
13040041	621	0.1	-0.1	-2.46041
13040041	622	0.1	-0.1	-1.53963
13040041	623	0.1	-0.1	-5.4929
13040041	624	0.1	-0.1	2.04596
13040041	625	0.1	-0.1	5.60959
13040041	626	0.1	-0.1	-5.20557
13040041	627	0.1	-0.1	-5.20008
13040041	628	0.1	-0.1	-1.20143
13040041	629	0.1	-0.1	-5.30736
13040041	630	0.1	-0.1	1.73623
13040041	631	0.1	-0.1	1.92032
13040041	632	0.1	-0.1	-2.73404
13040041	633	0.1	-0.1	0.358515
13040041	634	0.1	-0.1	-2.22778
13040041	635	0.1	-0.1	0.527076
13040041	636	0.1	-0.1	-4.79372
13040041	637	0.1	-0.1	-2.00611
13040041	638	0.1	-0.1	-0.0914399
13040041	639	0.1	-0.1	-0.734846
13040041	640	0.1	-0.1	3.39878
13040041	641	0.1	-0.1	1.06322
13040041	642	0.1	-0.1	-5.20998
13040041	643	0.1	-0.1	-3.54614
13040041	644	0.1	-0.1	-0.493161
13040041	645	0.1	-0.1	-1.87186
13040041	646	0.1	-0.1	-2.45394
13040041	647	0.1	-0.1	1.31897
13040041	648	0.1	-0.1	3.8992
13040041	649	0.1	-0.1	4.48546
13040041	650	0.1	-0.1	5.72052
13040041	651	0.1	-0.1	4.50514
13040041	652	0.1	-0.1	5.05515
13040041	653	0.1	-0.1	-1.94729
13040041	654	0.1	-0.1	-2.27487
13040041	655	0.1	-0.1	2.84954
13040041	656	0.1	-0.1	-1.5596
13040041	657	0.1	-0.1	0.42404
13040041	658	0.1	-0.1	-5.03795
13040041	659	0.1	-0.1	-5.43649
13040041	660	0.1	-0.1	-3.90289
13040041	661	0.1	-0.1	-4.90532
13040041	662	0.1	-0.1	-1.53343
13040041	663	0.1	-0.1	-3.97465
13040041	664	0.1	-0.1	1.8312
13040041	665	0.1	-0.1	-5.69023
13040041	666	0.1	-0.1	2.16352
13040041	667	0.1	-0.1	2.43718
13040041	668	0.1	-0.1	-3.85144
13040041	669	0.1	-0.1	2.94361
13040041	670	0.1	-0.1	4.65806
13040041	671	0.1	-0.1	1.44253
13040041	672	0.1	-0.1	-0.236071
13040041	673	0.1	-0.1	5.81215
13040041	674	0.1	-0.1	1.96013
13040041	675	0.1	-0.1	-5.02145
13040041	676	0.1	-0.1	3.40469
13040041	677	0.1	-0.1	0.940443
13040041	678	0.1	-0.1	3.93544
13040041	679	0.1	-0.1	5.17089
13040041	680	0.1	-0.1	3.75376
13040041	681	0.1	-0.1	-2.2959
13040041	682	0.1	-0.1	2.981
13040041	683	0.1	-0.1	5.92747
13040041	684	0.1	-0.1	2.87115
13040041	685	0.1	-0.1	2.36257
13040041	686	0.1	-0.1	0.174793
13040041	687	0.1	-0.1	-1.29954
13040041	688	0.1	-0.1	1.74567
13040041	689	0.1	-0.1	3.99077
13040041	690	0.1	-0.1	-2.68006
13040041	691	0.1	-0.1	-1.54261
13040041	692	0.1	-0.1	3.06028
13040041	693	0.1	-0.1	-1.04898
13040041	694	0.1	-0.1	-3.9042
13040041	695	0.1	-0.1	4.03249
13040041	696	0.1	-0.1	2.01949
13040041	697	0.1	-0.1	0.53036
13040041	698	0.1	-0.1	1.74154
13040041	699	0.1	-0.1	-2.76819
13040041	700	0.1	-0.1	3.5922
13040041	701	0.1	-0.1	4.65808
13040041	702	0.1	-0.1	1.24002
13040041	703	0.1	-0.1	4.74374
13040041	704	0.1	-0.1	0.180476
13040041	705	0.1	-0.1	2.3233
13040041	706	0.1	-0.1	1.36513
13040041	707	0.1	-0.1	-4.53321
13040041	708	0.1	-0.1	-5.79651
13040041	709	0.1	-0.1	3.66521
13040041	710	0.1	-0.1	0.990254
13040041	711	0.1	-0.1	-2.68557
13040041	712	0.1	-0.1	-5.36097
13040041	713	0.1	-0.1	-4.69547
13040041	714	0.1	-0.1	2.71592
13040041	715	0.1	-0.1	-3.25544
13040041	716	0.1	-0.1	1.82755
13040041	717	0.1	-0.1	1.18696
13040041	718	0.1	-0.1	-0.20798
13040041	719	0.1	-0.1	-2.85451
13040041	720	0.1	-0.1	5.87724
13040041	721	0.1	-0.1	2.45095
13040041	722	0.1	-0.1	-3.30848
13040041	723	0.1	-0.1	-3.17724
13040041	724	0.1	-0.1	-0.954586
13040041	725	0.1	-0.1	5.67129
13040041	726	0.1	-0.1	0.722161
13040041	727	0.1	-0.1	4.91915
13040041	728	0.1	-0.1	0.25151
13040041	729	0.1	-0.1	1.90346
13040041	730	0.1	-0.1	2.12376
13040041	731	0.1	-0.1	-5.29054
13040041	732	0.1	-0.1	-0.719574
13040041	733	0.1	-0.1	1.69954
13040041	734	0.1	-0.1	3.57383
13040041	735	0.1	-0.1	5.87677
13040041	736	0.1	-0.1	5.95699
13040041	737	0.1	-0.1	5.57512
13040041	738	0.1	-0.1	0.101246
13040041	739	0.1	-0.1	-1.0809
13040041	740	0.1	-0.1	4.49816
13040041	741	0.1	-0.1	-1.77193
13040041	742	0.1	-0.1	-3.0468
13040041	743	0.1	-0.1	-2.4247
13040041	744	0.1	-0.1	-2.45605
13040041	745	0.1	-0.1	-2.40488
13040041	746	0.1	-0.1	-1.83172
13040041	747	0.1	-0.1	-1.34609
13040041	748	0.1	-0.1	1.86791
13040041	749	0.1	-0.1	0.533291
13040041	750	0.1	-0.1	3.31156
13040041	751	0.1	-0.1	-3.05371
13040041	752	0.1	-0.1	2.95524
13040041	753	0.1	-0.1	3.58933
13040041	754	0.1	-0.1	0.294622
13040041	755	0.1	-0.1	-2.50878
13040041	756	0.1	-0.1	-5.8949
13040041	757	0.1	-0.1	3.65397
13040041	758	0.1	-0.1	3.56663
13040041	759	0.1	-0.1	1.24933
13040041	760	0.1	-0.1	-5.41944
13040041	761	0.1	-0.1	-2.2394
13040041	762	0.1	-0.1	4.69554
13040041	763	0.1	-0.1	4.63677
13040041	764	0.1	-0.1	-4.12219
13040041	765	0.1	-0.1	3.60713
13040041	766	0.1	-0.1	-5.24726
13040041	767	0.1	-0.1	-0.946803
13040041	768	0.1	-0.1	-2.98206
13040041	769	0.1	-0.1	-4.13398
13040041	770	0.1	-0.1	-0.986171
13040041	771	0.1	-0.1	-0.379776
13040041	772	0.1	-0.1	0.642493
13040041	773	0.1	-0.1	-4.12939
13040041	774	0.1	-0.1	-4.68482
13040041	775	0.1	-0.1	0.0946727
13040041	776	0.1	-0.1	-5.59764
13040041	777	0.1	-0.1	-4.89363
13040041	778	0.1	-0.1	-4.04989
13040041	779	0.1	-0.1	-5.59604
13040041	780	0.1	-0.1	-3.64619
13040041	781	0.1	-0.1	-5.34455
13040041	782	0.1	-0.1	-1.79092
13040041	783	0.1	-0.1	-0.257781
13040041	784	0.1	-0.1	-5.85588
13040041	785	0.1	-0.1	-4.27277
13040041	786	0.1	-0.1	1.56261
13040041	787	0.1	-0.1	5.10248
13040041	788	0.1	-0.1	2.094
13040041	789	0.1	-0.1	1.01503
13040041	790	0.1	-0.1	2.5422
13040041	791	0.1	-0.1	-4.96819
13040041	792	0.1	-0.1	1.42615
13040041	793	0.1	-0.1	-1.06185
13040041	794	0.1	-0.1	-3.46764
13040041	795	0.1	-0.1	0.477644
13040041	796	0.1	-0.1	-5.55864
13040041	797	0.1	-0.1	2.89954
13040041	798	0.1	-0.1	-1.73606
13040041	799	0.1	-0.1	-3.97652
13040041	800	0.1	-0.1	-4.46988
13040041	801	0.1	-0.1	5.02451
13040041	802	0.1	-0.1	-5.98592
13040041	803	0.1	-0.1	-2.17082
13040041	804	0.1	-0.1	-5.03109
13040041	805	0.1	-0.1	2.66603
13040041	806	0.1	-0.1	-1.63756
13040041	807	0.1	-0.1	0.294944
13040041	808	0.1	-0.1	5.55841
13040041	809	0.1	-0.1	-2.10161
13040041	810	0.1	-0.1	-0.120591
13040041	811	0.1	-0.1	-3.41186
13040041	812	0.1	-0.1	-3.11654
13040041	813	0.1	-0.1	-5.53089
13040041	814	0.1	-0.1	-4.93626
13040041	815	0.1	-0.1	-0.254664
13040041	816	0.1	-0.1	-3.54738
13040041	817	0.1	-0.1	5.38693
13040041	818	0.1	-0.1	5.74996
13040041	819	0.1	-0.1	4.52743
13040041	820	0.1	-0.1	5.48415
13040041	821	0.1	-0.1	-0.787213
13040041	822	0.1	-0.1	-3.55112
13040041	823	0.1	-0.1	-1.33657
13040041	824	0.1	-0.1	-4.2987
13040041	825	0.1	-0.1	-5.2467
13040041	826	0.1	-0.1	-5.89043
13040041	827	0.1	-0.1	-0.770211
13040041	828	0.1	-0.1	5.05266
13040041	829	0.1	-0.1	5.43963
13040041	830	0.1	-0.1	5.48421
13040041	831	0.1	-0.1	1.90538
13040041	832	0.1	-0.1	3.66044
13040041	833	0.1	-0.1	-3.20389
13040041	834	0.1	-0.1	1.19721
13040041	835	0.1	-0.1	1.26785
13040041	836	0.1	-0.1	-4.28242
13040041	837	0.1	-0.1	0.171773
13040041	838	0.1	-0.1	4.88864
13040041	839	0.1	-0.1	-1.76326
13040041	840	0.1	-0.1	3.26545
13040041	841	0.1	-0.1	3.90491
13040041	842	0.1	-0.1	0.214902
13040041	843	0.1	-0.1	5.55142
13040041	844	0.1	-0.1	-4.53311
13040041	845	0.1	-0.1	3.58926
13040041	846	0.1	-0.1	-2.86968
13040041	847	0.1	-0.1	-4.18608
13040041	848	0.1	-0.1	5.1413
13040041	849	0.1	-0.1	2.06791
13040041	850	0.1	-0.1	1.48547
13040041	851	0.1	-0.1	4.97325
13040041	852	0.1	-0.1	-4.69027
13040041	853	0.1	-0.1	3.79092
13040041	854	0.1	-0.1	-1.29927
13040041	855	0.1	-0.1	-4.83368
13040041	856	0.1	-0.1	4.23384
13040041	857	0.1	-0.1	3.14573
13040041	858	0.1	-0.1	-5.43061
13040041	859	0.1	-0.1	-2.31707
13040041	860	0.1	-0.1	-3.25698
13040041	861	0.1	-0.1	-1.08469
13040041	862	0.1	-0.1	-0.847851
13040041	863	0.1	-0.1	1.77895
13040041	864	0.1	-0.1	-2.77965
13040041	865	0.1	-0.1	-0.107459
13040041	866	0.1	-0.1	2.8424
13040041	867	0.1	-0.1	3.10947
13040041	868	0.1	-0.1	3.4633
13040041	869	0.1	-0.1	1.51837
13040041	870	0.1	-0.1	2.30075
13040041	871	0.1	-0.1	-1.28043
13040041	872	0.1	-0.1	-0.814146
13040041	873	0.1	-0.1	4.36477
13040041	874	0.1	-0.1	-4.87271
13040041	875	0.1	-0.1	-5.25987
13040041	876	0.1	-0.1	0.449768
13040041	877	0.1	-0.1	0.0634856
13040041	878	0.1	-0.1	-4.4564
13040041	879	0.1	-0.1	-4.11764
13040041	880	0.1	-0.1	-1.29053
13040041	881	0.1	-0.1	1.70323
13040041	882	0.1	-0.1	-3.38803
13040041	883	0.1	-0.1	-2.21149
13040041	884	0.1	-0.1	2.35143
13040041	885	0.1	-0.1	-5.71994
13040041	886	0.1	-0.1	-1.58796
13040041	887	0.1	-0.1	1.47547
13040041	888	0.1	-0.1	-0.0725628
13040041	889	0.1	-0.1	-5.44408
13040041	890	0.1	-0.1	1.03706
13040041	891	0.1	-0.1	4.12046
13040041	892	0.1	-0.1	-0.997335
13040041	893	0.1	-0.1	4.14439
13040041	894	0.1	-0.1	-1.3055
13040041	895	0.1	-0.1	1.03982
13040041	896	0.1	-0.1	4.33807
13040041	897	0.1	-0.1	3.59111
13040041	898	0.1	-0.1	-2.28034
13040041	899	0.1	-0.1	4.09969
13040041	900	0.1	-0.1	-5.47734
13040041	901	0.1	-0.1	1.50617
13040041	902	0.1	-0.1	2.94357
13040041	903	0.1	-0.1	0.0484564
13040041	904	0.1	-0.1	-3.22202
13040041	905	0.1	-0.1	1.69451
13040041	906	0.1	-0.1	3.12652
13040041	907	0.1	-0.1	-1.19669
13040041	908	0.1	-0.1	4.75345
13040041	909	0.1	-0.1	5.08746
13040041	910	0.1	-0.1	4.68978
13040041	911	0.1	-0.1	0.350493
13040041	912	0.1	-0.1	1.74385
13040041	913	0.1	-0.1	5.26686
13040041	914	0.1	-0.1	1.76436
13040041	915	0.1	-0.1	0.951561
13040041	916	0.1	-0.1	4.84637
13040041	917	0.1	-0.1	4.68557
13040041	918	0.1	-0.1	3.69119
13040041	919	0.1	-0.1	-2.47093
13040041	920	0.1	-0.1	0.885193
13040041	921	0.1	-0.1	-1.47585
13040041	922	0.1	-0.1	5.56299
13040041	923	0.1	-0.1	0.793255
13040041	924	0.1	-0.1	-3.64204
13040041	925	0.1	-0.1	2.73581
13040041	926	0.1	-0.1	-1.09366
13040041	927	0.1	-0.1	1.5934
13040041	928	0.1	-0.1	3.06423
13040041	929	0.1	-0.1	3.56052
13040041	930	0.1	-0.1	-5.04359
13040041	931	0.1	-0.1	2.24484
13040041	932	0.1	-0.1	2.28697
13040041	933	0.1	-0.1	4.79161
13040041	934	0.1	-0.1	0.654654
13040041	935	0.1	-0.1	-2.81945
13040041	936	0.1	-0.1	-1.95487
13040041	937	0.1	-0.1	-2.16871
13040041	938	0.1	-0.1	-0.817358
13040041	939	0.1	-0.1	-5.77367
13040041	940	0.1	-0.1	5.21055
13040041	941	0.1	-0.1	-5.193
13040041	942	0.1	-0.1	4.35262
13040041	943	0.1	-0.1	-2.45784
13040041	944	0.1	-0.1	-3.48792
13040041	945	0.1	-0.1	0.55552
13040041	946	0.1	-0.1	-0.145681
13040041	947	0.1	-0.1	-2.4482
13040041	948	0.1	-0.1	-5.68962
13040041	949	0.1	-0.1	-5.82411
13040041	950	0.1	-0.1	-5.37197
13040041	951	0.1	-0.1	-2.76008
13040041	952	0.1	-0.1	4.67649
13040041	953	0.1	-0.1	-4.61063
13040041	954	0.1	-0.1	-4.73345
13040041	955	0.1	-0.1	5.77743
13040041	956	0.1	-0.1	4.24263
13040041	957	0.1	-0.1	4.51449
13040041	958	0.1	-0.1	-2.26397
13040041	959	0.1	-0.1	2.17758
13040041	960	0.1	-0.1	4.03977
13040041	961	0.1	-0.1	-1.66982
13040041	962	0.1	-0.1	1.0512
13040041	963	0.1	-0.1	-4.90723
13040041	964	0.1	-0.1	-2.13454
13040041	965	0.1	-0.1	0.997485
13040041	966	0.1	-0.1	-3.34789
13040041	967	0.1	-0.1	-0.639394
13040041	968	0.1	-0.1	4.21013
13040041	969	0.1	-0.1	-0.0390262
13040041	970	0.1	-0.1	-0.340662
13040041	971	0.1	-0.1	-0.563941
13040041	972	0.1	-0.1	-1.90135
13040041	973	0.1	-0.1	1.76351
13040041	974	0.1	-0.1	5.66932
13040041	975	0.1	-0.1	0.356357
13040041	976	0.1	-0.1	0.928873
13040041	977	0.1	-0.1	4.77204
13040041	978	0.1	-0.1	-1.29618
13040041	979	0.1	-0.1	1.51485
13040041	980	0.1	-0.1	3.47073
13040041	981	0.1	-0.1	0.0462488
13040041	982	0.1	-0.1	-1.23251
13040041	983	0.1	-0.1	1.91199
13040041	984	0.1	-0.1	5.35631
13040041	985	0.1	-0.1	-4.86891
13040041	986	0.1	-0.1	-2.84089
13040041	987	0.1	-0.1	-4.09589
13040041	988	0.1	-0.1	0.359307
13040041	989	0.1	-0.1	-1.11709
13040041	990	0.1	-0.1	-5.83938
13040041	991	0.1	-0.1	-5.42988
13040041	992	0.1	-0.1	-4.41928
13040041	993	0.1	-0.1	3.69516
13040041	994	0.1	-0.1	4.40026
13040041	995	0.1	-0.1	-5.74624
13040041	996	0.1	-0.1	5.45369
13040041	997	0.1	-0.1	-0.749001
13040041	998	0.1	-0.1	5.26408
13040041	999	0.1	-0.1	-0.377645
13040041	1000	0.1	-0.1	4.25992
