13043049	1	0.1	-0.1	-0.199805
13043049	2	0.1	-0.1	4.57962
13043049	3	0.1	-0.1	-4.60659
13043049	4	0.1	-0.1	5.51617
13043049	5	0.1	-0.1	0.964996
13043049	6	0.1	-0.1	-3.30559
13043049	7	0.1	-0.1	5.57946
13043049	8	0.1	-0.1	-1.31191
13043049	9	0.1	-0.1	-3.32968
13043049	10	0.1	-0.1	2.76387
13043049	11	0.1	-0.1	4.02008
13043049	12	0.1	-0.1	-3.94984
13043049	13	0.1	-0.1	-3.21913
13043049	14	0.1	-0.1	-5.40355
13043049	15	0.1	-0.1	0.995381
13043049	16	0.1	-0.1	1.56706
13043049	17	0.1	-0.1	-3.09869
13043049	18	0.1	-0.1	1.8473
13043049	19	0.1	-0.1	-4.81917
13043049	20	0.1	-0.1	0.837609
13043049	21	0.1	-0.1	1.85537
13043049	22	0.1	-0.1	-2.62432
13043049	23	0.1	-0.1	5.52734
13043049	24	0.1	-0.1	2.75069
13043049	25	0.1	-0.1	-0.148867
13043049	26	0.1	-0.1	-2.46225
13043049	27	0.1	-0.1	1.12474
13043049	28	0.1	-0.1	-4.96646
13043049	29	0.1	-0.1	1.8544
13043049	30	0.1	-0.1	5.82857
13043049	31	0.1	-0.1	-4.13789
13043049	32	0.1	-0.1	3.71198
13043049	33	0.1	-0.1	-4.03138
13043049	34	0.1	-0.1	-4.36074
13043049	35	0.1	-0.1	3.91971
13043049	36	0.1	-0.1	5.91677
13043049	37	0.1	-0.1	3.51583
13043049	38	0.1	-0.1	-0.813897
13043049	39	0.1	-0.1	-1.87233
13043049	40	0.1	-0.1	-1.52253
13043049	41	0.1	-0.1	-3.65399
13043049	42	0.1	-0.1	-1.02676
13043049	43	0.1	-0.1	-5.09925
13043049	44	0.1	-0.1	1.08739
13043049	45	0.1	-0.1	2.49739
13043049	46	0.1	-0.1	3.05561
13043049	47	0.1	-0.1	-2.42734
13043049	48	0.1	-0.1	2.15613
13043049	49	0.1	-0.1	-5.87179
13043049	50	0.1	-0.1	4.96435
13043049	51	0.1	-0.1	4.91797
13043049	52	0.1	-0.1	-5.48823
13043049	53	0.1	-0.1	2.19811
13043049	54	0.1	-0.1	-5.90702
13043049	55	0.1	-0.1	3.19956
13043049	56	0.1	-0.1	3.41314
13043049	57	0.1	-0.1	1.68518
13043049	58	0.1	-0.1	-3.34405
13043049	59	0.1	-0.1	2.30943
13043049	60	0.1	-0.1	5.09538
13043049	61	0.1	-0.1	5.52321
13043049	62	0.1	-0.1	4.01383
13043049	63	0.1	-0.1	5.24513
13043049	64	0.1	-0.1	5.15556
13043049	65	0.1	-0.1	-5.15331
13043049	66	0.1	-0.1	1.29376
13043049	67	0.1	-0.1	5.05605
13043049	68	0.1	-0.1	-3.8025
13043049	69	0.1	-0.1	0.533126
13043049	70	0.1	-0.1	-3.7972
13043049	71	0.1	-0.1	-2.07305
13043049	72	0.1	-0.1	-0.611181
13043049	73	0.1	-0.1	3.75676
13043049	74	0.1	-0.1	5.34373
13043049	75	0.1	-0.1	5.96342
13043049	76	0.1	-0.1	-5.03047
13043049	77	0.1	-0.1	-2.4036
13043049	78	0.1	-0.1	-4.33716
13043049	79	0.1	-0.1	-0.695893
13043049	80	0.1	-0.1	-2.11663
13043049	81	0.1	-0.1	-1.76469
13043049	82	0.1	-0.1	4.8849
13043049	83	0.1	-0.1	0.0249651
13043049	84	0.1	-0.1	3.50541
13043049	85	0.1	-0.1	-2.83948
13043049	86	0.1	-0.1	-4.92888
13043049	87	0.1	-0.1	2.2234
13043049	88	0.1	-0.1	-3.6651
13043049	89	0.1	-0.1	-3.49545
13043049	90	0.1	-0.1	2.21673
13043049	91	0.1	-0.1	-5.47921
13043049	92	0.1	-0.1	-1.22671
13043049	93	0.1	-0.1	1.55273
13043049	94	0.1	-0.1	-4.16398
13043049	95	0.1	-0.1	-4.21706
13043049	96	0.1	-0.1	-4.7049
13043049	97	0.1	-0.1	0.208629
13043049	98	0.1	-0.1	1.8698
13043049	99	0.1	-0.1	-2.71208
13043049	100	0.1	-0.1	2.42362
13043049	101	0.1	-0.1	5.7364
13043049	102	0.1	-0.1	-1.39444
13043049	103	0.1	-0.1	2.18378
13043049	104	0.1	-0.1	0.533076
13043049	105	0.1	-0.1	-1.25967
13043049	106	0.1	-0.1	-3.19406
13043049	107	0.1	-0.1	-3.80133
13043049	108	0.1	-0.1	2.41963
13043049	109	0.1	-0.1	-5.08283
13043049	110	0.1	-0.1	3.65325
13043049	111	0.1	-0.1	-5.03656
13043049	112	0.1	-0.1	-4.62406
13043049	113	0.1	-0.1	1.80096
13043049	114	0.1	-0.1	-0.0747487
13043049	115	0.1	-0.1	4.70743
13043049	116	0.1	-0.1	-5.8875
13043049	117	0.1	-0.1	1.68609
13043049	118	0.1	-0.1	1.44782
13043049	119	0.1	-0.1	-0.995888
13043049	120	0.1	-0.1	4.72363
13043049	121	0.1	-0.1	-0.539339
13043049	122	0.1	-0.1	1.21795
13043049	123	0.1	-0.1	0.531561
13043049	124	0.1	-0.1	4.52982
13043049	125	0.1	-0.1	-2.04484
13043049	126	0.1	-0.1	1.45441
13043049	127	0.1	-0.1	2.36423
13043049	128	0.1	-0.1	0.20637
13043049	129	0.1	-0.1	-1.87233
13043049	130	0.1	-0.1	-4.12364
13043049	131	0.1	-0.1	-4.34172
13043049	132	0.1	-0.1	-2.10606
13043049	133	0.1	-0.1	-0.42522
13043049	134	0.1	-0.1	4.05545
13043049	135	0.1	-0.1	-2.24747
13043049	136	0.1	-0.1	-1.41647
13043049	137	0.1	-0.1	2.91483
13043049	138	0.1	-0.1	3.04454
13043049	139	0.1	-0.1	-1.13125
13043049	140	0.1	-0.1	-4.45033
13043049	141	0.1	-0.1	-2.06072
13043049	142	0.1	-0.1	0.958921
13043049	143	0.1	-0.1	-5.22401
13043049	144	0.1	-0.1	4.81027
13043049	145	0.1	-0.1	2.50519
13043049	146	0.1	-0.1	-0.147781
13043049	147	0.1	-0.1	-3.49985
13043049	148	0.1	-0.1	3.72278
13043049	149	0.1	-0.1	0.263048
13043049	150	0.1	-0.1	0.159922
13043049	151	0.1	-0.1	4.88825
13043049	152	0.1	-0.1	3.03708
13043049	153	0.1	-0.1	-5.19208
13043049	154	0.1	-0.1	-0.997544
13043049	155	0.1	-0.1	-5.63621
13043049	156	0.1	-0.1	-5.99655
13043049	157	0.1	-0.1	5.12281
13043049	158	0.1	-0.1	-5.2645
13043049	159	0.1	-0.1	-2.29436
13043049	160	0.1	-0.1	-0.641214
13043049	161	0.1	-0.1	0.484248
13043049	162	0.1	-0.1	-4.63391
13043049	163	0.1	-0.1	-5.7232
13043049	164	0.1	-0.1	-5.81815
13043049	165	0.1	-0.1	0.0744725
13043049	166	0.1	-0.1	-0.379664
13043049	167	0.1	-0.1	-5.60358
13043049	168	0.1	-0.1	-4.01907
13043049	169	0.1	-0.1	-1.48802
13043049	170	0.1	-0.1	2.31002
13043049	171	0.1	-0.1	-1.70124
13043049	172	0.1	-0.1	-3.5401
13043049	173	0.1	-0.1	0.385379
13043049	174	0.1	-0.1	-1.00004
13043049	175	0.1	-0.1	-4.56412
13043049	176	0.1	-0.1	3.58644
13043049	177	0.1	-0.1	-2.08419
13043049	178	0.1	-0.1	-5.71501
13043049	179	0.1	-0.1	3.72131
13043049	180	0.1	-0.1	-5.90119
13043049	181	0.1	-0.1	0.0112226
13043049	182	0.1	-0.1	4.52608
13043049	183	0.1	-0.1	-5.91786
13043049	184	0.1	-0.1	0.19665
13043049	185	0.1	-0.1	-1.15842
13043049	186	0.1	-0.1	5.99645
13043049	187	0.1	-0.1	4.88224
13043049	188	0.1	-0.1	5.62722
13043049	189	0.1	-0.1	-3.82333
13043049	190	0.1	-0.1	1.74003
13043049	191	0.1	-0.1	-2.87601
13043049	192	0.1	-0.1	-5.33878
13043049	193	0.1	-0.1	4.49802
13043049	194	0.1	-0.1	5.78783
13043049	195	0.1	-0.1	-5.29791
13043049	196	0.1	-0.1	0.652345
13043049	197	0.1	-0.1	-5.857
13043049	198	0.1	-0.1	-1.23231
13043049	199	0.1	-0.1	2.54233
13043049	200	0.1	-0.1	-4.21978
13043049	201	0.1	-0.1	0.960362
13043049	202	0.1	-0.1	4.67529
13043049	203	0.1	-0.1	-5.95649
13043049	204	0.1	-0.1	-2.84516
13043049	205	0.1	-0.1	2.60876
13043049	206	0.1	-0.1	-0.579522
13043049	207	0.1	-0.1	-4.82694
13043049	208	0.1	-0.1	2.11122
13043049	209	0.1	-0.1	-5.83032
13043049	210	0.1	-0.1	-3.98307
13043049	211	0.1	-0.1	-5.50964
13043049	212	0.1	-0.1	-5.66751
13043049	213	0.1	-0.1	2.62833
13043049	214	0.1	-0.1	2.03009
13043049	215	0.1	-0.1	-5.13797
13043049	216	0.1	-0.1	3.04023
13043049	217	0.1	-0.1	5.90022
13043049	218	0.1	-0.1	4.04101
13043049	219	0.1	-0.1	-5.39796
13043049	220	0.1	-0.1	2.84055
13043049	221	0.1	-0.1	-1.67998
13043049	222	0.1	-0.1	1.80835
13043049	223	0.1	-0.1	-3.847
13043049	224	0.1	-0.1	1.38172
13043049	225	0.1	-0.1	-0.546841
13043049	226	0.1	-0.1	3.77708
13043049	227	0.1	-0.1	-0.396161
13043049	228	0.1	-0.1	-3.9684
13043049	229	0.1	-0.1	-5.54769
13043049	230	0.1	-0.1	-3.3022
13043049	231	0.1	-0.1	2.46076
13043049	232	0.1	-0.1	-0.824505
13043049	233	0.1	-0.1	3.40737
13043049	234	0.1	-0.1	0.175533
13043049	235	0.1	-0.1	-3.40159
13043049	236	0.1	-0.1	-2.82182
13043049	237	0.1	-0.1	-1.98858
13043049	238	0.1	-0.1	3.48394
13043049	239	0.1	-0.1	0.559393
13043049	240	0.1	-0.1	1.65238
13043049	241	0.1	-0.1	2.34698
13043049	242	0.1	-0.1	-5.14325
13043049	243	0.1	-0.1	-0.879371
13043049	244	0.1	-0.1	-2.19556
13043049	245	0.1	-0.1	2.93728
13043049	246	0.1	-0.1	-1.97829
13043049	247	0.1	-0.1	0.183422
13043049	248	0.1	-0.1	1.9498
13043049	249	0.1	-0.1	4.36447
13043049	250	0.1	-0.1	-1.06688
13043049	251	0.1	-0.1	-5.04782
13043049	252	0.1	-0.1	-0.388559
13043049	253	0.1	-0.1	5.50726
13043049	254	0.1	-0.1	2.66896
13043049	255	0.1	-0.1	5.28144
13043049	256	0.1	-0.1	-0.913711
13043049	257	0.1	-0.1	-0.319649
13043049	258	0.1	-0.1	-3.73133
13043049	259	0.1	-0.1	1.90555
13043049	260	0.1	-0.1	-0.952574
13043049	261	0.1	-0.1	-1.77649
13043049	262	0.1	-0.1	2.70105
13043049	263	0.1	-0.1	4.23039
13043049	264	0.1	-0.1	4.45017
13043049	265	0.1	-0.1	2.02862
13043049	266	0.1	-0.1	0.402075
13043049	267	0.1	-0.1	5.454
13043049	268	0.1	-0.1	-4.3831
13043049	269	0.1	-0.1	-3.35457
13043049	270	0.1	-0.1	-0.202303
13043049	271	0.1	-0.1	2.362
13043049	272	0.1	-0.1	-4.5772
13043049	273	0.1	-0.1	2.9374
13043049	274	0.1	-0.1	-1.78297
13043049	275	0.1	-0.1	1.32813
13043049	276	0.1	-0.1	-2.34969
13043049	277	0.1	-0.1	-4.31951
13043049	278	0.1	-0.1	0.738879
13043049	279	0.1	-0.1	4.09746
13043049	280	0.1	-0.1	5.8537
13043049	281	0.1	-0.1	-4.48937
13043049	282	0.1	-0.1	4.97304
13043049	283	0.1	-0.1	-0.964583
13043049	284	0.1	-0.1	-4.04092
13043049	285	0.1	-0.1	-2.8409
13043049	286	0.1	-0.1	-2.69784
13043049	287	0.1	-0.1	2.30429
13043049	288	0.1	-0.1	-2.25643
13043049	289	0.1	-0.1	-3.28441
13043049	290	0.1	-0.1	3.15263
13043049	291	0.1	-0.1	-4.21685
13043049	292	0.1	-0.1	-2.74223
13043049	293	0.1	-0.1	3.9924
13043049	294	0.1	-0.1	5.6313
13043049	295	0.1	-0.1	1.20261
13043049	296	0.1	-0.1	3.31483
13043049	297	0.1	-0.1	5.84333
13043049	298	0.1	-0.1	0.801205
13043049	299	0.1	-0.1	5.53038
13043049	300	0.1	-0.1	-3.23356
13043049	301	0.1	-0.1	2.66694
13043049	302	0.1	-0.1	0.380714
13043049	303	0.1	-0.1	-0.535383
13043049	304	0.1	-0.1	-3.37557
13043049	305	0.1	-0.1	-0.59193
13043049	306	0.1	-0.1	-0.873051
13043049	307	0.1	-0.1	-1.57733
13043049	308	0.1	-0.1	4.66899
13043049	309	0.1	-0.1	-3.25268
13043049	310	0.1	-0.1	-0.06069
13043049	311	0.1	-0.1	1.72827
13043049	312	0.1	-0.1	4.10618
13043049	313	0.1	-0.1	5.58371
13043049	314	0.1	-0.1	1.38931
13043049	315	0.1	-0.1	4.35997
13043049	316	0.1	-0.1	4.14323
13043049	317	0.1	-0.1	-4.08486
13043049	318	0.1	-0.1	-0.710879
13043049	319	0.1	-0.1	-2.31499
13043049	320	0.1	-0.1	5.02093
13043049	321	0.1	-0.1	-5.01512
13043049	322	0.1	-0.1	4.99457
13043049	323	0.1	-0.1	2.11784
13043049	324	0.1	-0.1	-0.503711
13043049	325	0.1	-0.1	2.12067
13043049	326	0.1	-0.1	3.12947
13043049	327	0.1	-0.1	-2.03942
13043049	328	0.1	-0.1	-2.45782
13043049	329	0.1	-0.1	-2.96639
13043049	330	0.1	-0.1	3.2855
13043049	331	0.1	-0.1	-4.78837
13043049	332	0.1	-0.1	-5.77644
13043049	333	0.1	-0.1	1.48706
13043049	334	0.1	-0.1	-3.01359
13043049	335	0.1	-0.1	-3.44871
13043049	336	0.1	-0.1	2.99856
13043049	337	0.1	-0.1	-5.16397
13043049	338	0.1	-0.1	-4.30038
13043049	339	0.1	-0.1	0.37744
13043049	340	0.1	-0.1	-1.46904
13043049	341	0.1	-0.1	3.88526
13043049	342	0.1	-0.1	3.86561
13043049	343	0.1	-0.1	-4.47275
13043049	344	0.1	-0.1	-4.7512
13043049	345	0.1	-0.1	-0.590815
13043049	346	0.1	-0.1	-2.09998
13043049	347	0.1	-0.1	-2.24449
13043049	348	0.1	-0.1	3.78367
13043049	349	0.1	-0.1	3.06896
13043049	350	0.1	-0.1	-4.77477
13043049	351	0.1	-0.1	4.08728
13043049	352	0.1	-0.1	0.469333
13043049	353	0.1	-0.1	2.3922
13043049	354	0.1	-0.1	3.15412
13043049	355	0.1	-0.1	5.15905
13043049	356	0.1	-0.1	-3.54684
13043049	357	0.1	-0.1	-3.13948
13043049	358	0.1	-0.1	-2.20932
13043049	359	0.1	-0.1	5.43738
13043049	360	0.1	-0.1	-4.77033
13043049	361	0.1	-0.1	-5.92096
13043049	362	0.1	-0.1	3.74219
13043049	363	0.1	-0.1	-5.97758
13043049	364	0.1	-0.1	5.20747
13043049	365	0.1	-0.1	-5.11012
13043049	366	0.1	-0.1	-3.74331
13043049	367	0.1	-0.1	2.4989
13043049	368	0.1	-0.1	-3.23355
13043049	369	0.1	-0.1	-0.466895
13043049	370	0.1	-0.1	-3.59437
13043049	371	0.1	-0.1	2.31512
13043049	372	0.1	-0.1	1.34336
13043049	373	0.1	-0.1	5.55549
13043049	374	0.1	-0.1	1.9632
13043049	375	0.1	-0.1	0.867831
13043049	376	0.1	-0.1	-3.94623
13043049	377	0.1	-0.1	1.86396
13043049	378	0.1	-0.1	2.8442
13043049	379	0.1	-0.1	5.66814
13043049	380	0.1	-0.1	-2.20982
13043049	381	0.1	-0.1	5.54529
13043049	382	0.1	-0.1	-2.41821
13043049	383	0.1	-0.1	1.53463
13043049	384	0.1	-0.1	-5.25471
13043049	385	0.1	-0.1	-5.29088
13043049	386	0.1	-0.1	-4.64192
13043049	387	0.1	-0.1	-5.55017
13043049	388	0.1	-0.1	-5.40322
13043049	389	0.1	-0.1	1.76573
13043049	390	0.1	-0.1	-3.63469
13043049	391	0.1	-0.1	5.12567
13043049	392	0.1	-0.1	-1.63413
13043049	393	0.1	-0.1	-4.33716
13043049	394	0.1	-0.1	5.60213
13043049	395	0.1	-0.1	5.60332
13043049	396	0.1	-0.1	-2.12845
13043049	397	0.1	-0.1	4.5334
13043049	398	0.1	-0.1	-3.4539
13043049	399	0.1	-0.1	5.29387
13043049	400	0.1	-0.1	-5.08193
13043049	401	0.1	-0.1	-3.83208
13043049	402	0.1	-0.1	-5.95847
13043049	403	0.1	-0.1	2.00102
13043049	404	0.1	-0.1	-0.0467027
13043049	405	0.1	-0.1	-4.14295
13043049	406	0.1	-0.1	-5.80078
13043049	407	0.1	-0.1	3.33309
13043049	408	0.1	-0.1	3.32195
13043049	409	0.1	-0.1	-0.449377
13043049	410	0.1	-0.1	0.725226
13043049	411	0.1	-0.1	-3.86991
13043049	412	0.1	-0.1	-1.31685
13043049	413	0.1	-0.1	-0.822097
13043049	414	0.1	-0.1	1.24847
13043049	415	0.1	-0.1	-2.55901
13043049	416	0.1	-0.1	-4.65651
13043049	417	0.1	-0.1	-4.14455
13043049	418	0.1	-0.1	-2.74884
13043049	419	0.1	-0.1	-3.19483
13043049	420	0.1	-0.1	4.21224
13043049	421	0.1	-0.1	-1.66674
13043049	422	0.1	-0.1	4.12021
13043049	423	0.1	-0.1	5.41659
13043049	424	0.1	-0.1	-0.956288
13043049	425	0.1	-0.1	-1.58567
13043049	426	0.1	-0.1	0.404193
13043049	427	0.1	-0.1	-5.55689
13043049	428	0.1	-0.1	4.31796
13043049	429	0.1	-0.1	3.24036
13043049	430	0.1	-0.1	-0.77575
13043049	431	0.1	-0.1	-5.46103
13043049	432	0.1	-0.1	-2.18321
13043049	433	0.1	-0.1	-4.06289
13043049	434	0.1	-0.1	3.54276
13043049	435	0.1	-0.1	5.8191
13043049	436	0.1	-0.1	5.71143
13043049	437	0.1	-0.1	4.65088
13043049	438	0.1	-0.1	0.118553
13043049	439	0.1	-0.1	0.738865
13043049	440	0.1	-0.1	-5.65395
13043049	441	0.1	-0.1	-0.309964
13043049	442	0.1	-0.1	-4.88283
13043049	443	0.1	-0.1	5.15586
13043049	444	0.1	-0.1	4.74953
13043049	445	0.1	-0.1	3.22221
13043049	446	0.1	-0.1	-3.50957
13043049	447	0.1	-0.1	-3.11415
13043049	448	0.1	-0.1	0.813026
13043049	449	0.1	-0.1	-1.38557
13043049	450	0.1	-0.1	-1.55548
13043049	451	0.1	-0.1	5.73404
13043049	452	0.1	-0.1	-5.07662
13043049	453	0.1	-0.1	4.74511
13043049	454	0.1	-0.1	1.92003
13043049	455	0.1	-0.1	-0.698367
13043049	456	0.1	-0.1	-1.82619
13043049	457	0.1	-0.1	-0.429792
13043049	458	0.1	-0.1	0.176394
13043049	459	0.1	-0.1	4.01488
13043049	460	0.1	-0.1	-3.20626
13043049	461	0.1	-0.1	-4.81887
13043049	462	0.1	-0.1	2.21417
13043049	463	0.1	-0.1	3.28263
13043049	464	0.1	-0.1	-3.15371
13043049	465	0.1	-0.1	-5.25906
13043049	466	0.1	-0.1	-0.514188
13043049	467	0.1	-0.1	-2.6962
13043049	468	0.1	-0.1	5.21675
13043049	469	0.1	-0.1	1.66591
13043049	470	0.1	-0.1	-3.10293
13043049	471	0.1	-0.1	-1.23808
13043049	472	0.1	-0.1	1.45374
13043049	473	0.1	-0.1	0.471403
13043049	474	0.1	-0.1	-5.14516
13043049	475	0.1	-0.1	5.07135
13043049	476	0.1	-0.1	-4.97504
13043049	477	0.1	-0.1	-5.94444
13043049	478	0.1	-0.1	2.23329
13043049	479	0.1	-0.1	-3.26131
13043049	480	0.1	-0.1	3.23638
13043049	481	0.1	-0.1	5.02276
13043049	482	0.1	-0.1	-0.164991
13043049	483	0.1	-0.1	-0.796331
13043049	484	0.1	-0.1	-2.3611
13043049	485	0.1	-0.1	5.42062
13043049	486	0.1	-0.1	1.64217
13043049	487	0.1	-0.1	-0.734568
13043049	488	0.1	-0.1	1.0108
13043049	489	0.1	-0.1	-2.35071
13043049	490	0.1	-0.1	-3.24417
13043049	491	0.1	-0.1	3.57256
13043049	492	0.1	-0.1	-5.32865
13043049	493	0.1	-0.1	-3.27078
13043049	494	0.1	-0.1	3.67217
13043049	495	0.1	-0.1	-2.50699
13043049	496	0.1	-0.1	-3.13389
13043049	497	0.1	-0.1	5.05065
13043049	498	0.1	-0.1	3.91343
13043049	499	0.1	-0.1	3.68056
13043049	500	0.1	-0.1	-2.03457
13043049	501	0.1	-0.1	-2.34232
13043049	502	0.1	-0.1	3.66047
13043049	503	0.1	-0.1	-2.96427
13043049	504	0.1	-0.1	1.63374
13043049	505	0.1	-0.1	1.68713
13043049	506	0.1	-0.1	4.99004
13043049	507	0.1	-0.1	2.62015
13043049	508	0.1	-0.1	5.28917
13043049	509	0.1	-0.1	5.42697
13043049	510	0.1	-0.1	3.58742
13043049	511	0.1	-0.1	1.37234
13043049	512	0.1	-0.1	2.63155
13043049	513	0.1	-0.1	0.671015
13043049	514	0.1	-0.1	3.65375
13043049	515	0.1	-0.1	-3.76058
13043049	516	0.1	-0.1	5.32593
13043049	517	0.1	-0.1	-1.08508
13043049	518	0.1	-0.1	4.82849
13043049	519	0.1	-0.1	-2.65969
13043049	520	0.1	-0.1	1.61389
13043049	521	0.1	-0.1	-2.81249
13043049	522	0.1	-0.1	-2.03397
13043049	523	0.1	-0.1	3.58429
13043049	524	0.1	-0.1	2.47817
13043049	525	0.1	-0.1	-0.158181
13043049	526	0.1	-0.1	-3.35567
13043049	527	0.1	-0.1	3.49803
13043049	528	0.1	-0.1	3.24455
13043049	529	0.1	-0.1	-3.169
13043049	530	0.1	-0.1	0.306383
13043049	531	0.1	-0.1	1.75432
13043049	532	0.1	-0.1	3.7898
13043049	533	0.1	-0.1	-4.60864
13043049	534	0.1	-0.1	-3.90064
13043049	535	0.1	-0.1	-1.5068
13043049	536	0.1	-0.1	-0.0732883
13043049	537	0.1	-0.1	1.28574
13043049	538	0.1	-0.1	3.43577
13043049	539	0.1	-0.1	-0.201164
13043049	540	0.1	-0.1	-0.624891
13043049	541	0.1	-0.1	-0.549939
13043049	542	0.1	-0.1	5.93857
13043049	543	0.1	-0.1	-4.66392
13043049	544	0.1	-0.1	-3.73042
13043049	545	0.1	-0.1	5.87889
13043049	546	0.1	-0.1	-0.515114
13043049	547	0.1	-0.1	-1.76365
13043049	548	0.1	-0.1	-5.88233
13043049	549	0.1	-0.1	-2.51421
13043049	550	0.1	-0.1	-3.28623
13043049	551	0.1	-0.1	-4.70258
13043049	552	0.1	-0.1	-5.12531
13043049	553	0.1	-0.1	-0.450248
13043049	554	0.1	-0.1	2.43257
13043049	555	0.1	-0.1	-0.235794
13043049	556	0.1	-0.1	3.14955
13043049	557	0.1	-0.1	-4.78322
13043049	558	0.1	-0.1	4.71545
13043049	559	0.1	-0.1	3.23569
13043049	560	0.1	-0.1	3.39547
13043049	561	0.1	-0.1	-1.88397
13043049	562	0.1	-0.1	-1.6471
13043049	563	0.1	-0.1	4.18841
13043049	564	0.1	-0.1	-1.24925
13043049	565	0.1	-0.1	0.937401
13043049	566	0.1	-0.1	-5.21858
13043049	567	0.1	-0.1	3.76951
13043049	568	0.1	-0.1	4.31935
13043049	569	0.1	-0.1	-3.52097
13043049	570	0.1	-0.1	-3.6491
13043049	571	0.1	-0.1	-2.32962
13043049	572	0.1	-0.1	2.144
13043049	573	0.1	-0.1	0.284784
13043049	574	0.1	-0.1	1.44926
13043049	575	0.1	-0.1	-5.9241
13043049	576	0.1	-0.1	-5.76953
13043049	577	0.1	-0.1	-0.454823
13043049	578	0.1	-0.1	-1.16792
13043049	579	0.1	-0.1	-1.18022
13043049	580	0.1	-0.1	-2.17659
13043049	581	0.1	-0.1	-0.69269
13043049	582	0.1	-0.1	4.58285
13043049	583	0.1	-0.1	3.93411
13043049	584	0.1	-0.1	-1.40469
13043049	585	0.1	-0.1	-2.88125
13043049	586	0.1	-0.1	-0.848404
13043049	587	0.1	-0.1	-1.76798
13043049	588	0.1	-0.1	4.62083
13043049	589	0.1	-0.1	1.56045
13043049	590	0.1	-0.1	4.897
13043049	591	0.1	-0.1	-0.0074465
13043049	592	0.1	-0.1	-5.36301
13043049	593	0.1	-0.1	-2.09869
13043049	594	0.1	-0.1	3.94793
13043049	595	0.1	-0.1	0.763725
13043049	596	0.1	-0.1	-4.63435
13043049	597	0.1	-0.1	2.88471
13043049	598	0.1	-0.1	1.10479
13043049	599	0.1	-0.1	0.750541
13043049	600	0.1	-0.1	-2.21127
13043049	601	0.1	-0.1	-5.3841
13043049	602	0.1	-0.1	-2.14536
13043049	603	0.1	-0.1	-2.78241
13043049	604	0.1	-0.1	-4.18455
13043049	605	0.1	-0.1	-0.676513
13043049	606	0.1	-0.1	1.50947
13043049	607	0.1	-0.1	4.35668
13043049	608	0.1	-0.1	-1.5072
13043049	609	0.1	-0.1	-2.58429
13043049	610	0.1	-0.1	3.82833
13043049	611	0.1	-0.1	-4.47942
13043049	612	0.1	-0.1	-5.54655
13043049	613	0.1	-0.1	5.94329
13043049	614	0.1	-0.1	5.06319
13043049	615	0.1	-0.1	-2.79804
13043049	616	0.1	-0.1	2.07845
13043049	617	0.1	-0.1	5.36843
13043049	618	0.1	-0.1	0.463014
13043049	619	0.1	-0.1	3.39926
13043049	620	0.1	-0.1	-5.58937
13043049	621	0.1	-0.1	2.12855
13043049	622	0.1	-0.1	-3.28514
13043049	623	0.1	-0.1	1.59833
13043049	624	0.1	-0.1	-5.57515
13043049	625	0.1	-0.1	0.049707
13043049	626	0.1	-0.1	-1.76182
13043049	627	0.1	-0.1	1.69798
13043049	628	0.1	-0.1	0.511219
13043049	629	0.1	-0.1	-0.990953
13043049	630	0.1	-0.1	3.02976
13043049	631	0.1	-0.1	-0.767745
13043049	632	0.1	-0.1	5.84782
13043049	633	0.1	-0.1	2.90614
13043049	634	0.1	-0.1	2.18701
13043049	635	0.1	-0.1	-4.82077
13043049	636	0.1	-0.1	0.958381
13043049	637	0.1	-0.1	0.773718
13043049	638	0.1	-0.1	-3.22417
13043049	639	0.1	-0.1	2.90319
13043049	640	0.1	-0.1	-2.96346
13043049	641	0.1	-0.1	-2.952
13043049	642	0.1	-0.1	-3.80048
13043049	643	0.1	-0.1	4.72965
13043049	644	0.1	-0.1	5.4513
13043049	645	0.1	-0.1	1.06864
13043049	646	0.1	-0.1	-0.811004
13043049	647	0.1	-0.1	-0.28496
13043049	648	0.1	-0.1	5.58738
13043049	649	0.1	-0.1	5.80502
13043049	650	0.1	-0.1	1.84978
13043049	651	0.1	-0.1	-4.55762
13043049	652	0.1	-0.1	-3.68211
13043049	653	0.1	-0.1	-1.84215
13043049	654	0.1	-0.1	2.96464
13043049	655	0.1	-0.1	2.59011
13043049	656	0.1	-0.1	-0.594299
13043049	657	0.1	-0.1	-1.96778
13043049	658	0.1	-0.1	5.77113
13043049	659	0.1	-0.1	2.27649
13043049	660	0.1	-0.1	1.67667
13043049	661	0.1	-0.1	3.07092
13043049	662	0.1	-0.1	5.78963
13043049	663	0.1	-0.1	0.458641
13043049	664	0.1	-0.1	3.64913
13043049	665	0.1	-0.1	4.89601
13043049	666	0.1	-0.1	1.10573
13043049	667	0.1	-0.1	2.59897
13043049	668	0.1	-0.1	-1.17807
13043049	669	0.1	-0.1	0.0560502
13043049	670	0.1	-0.1	-2.72305
13043049	671	0.1	-0.1	5.27333
13043049	672	0.1	-0.1	-5.00755
13043049	673	0.1	-0.1	-4.83025
13043049	674	0.1	-0.1	2.16606
13043049	675	0.1	-0.1	3.48431
13043049	676	0.1	-0.1	-0.699001
13043049	677	0.1	-0.1	3.86883
13043049	678	0.1	-0.1	2.57273
13043049	679	0.1	-0.1	-0.460246
13043049	680	0.1	-0.1	2.98802
13043049	681	0.1	-0.1	-3.00561
13043049	682	0.1	-0.1	-5.63968
13043049	683	0.1	-0.1	2.14352
13043049	684	0.1	-0.1	0.311351
13043049	685	0.1	-0.1	-1.84794
13043049	686	0.1	-0.1	-4.52088
13043049	687	0.1	-0.1	2.49589
13043049	688	0.1	-0.1	-5.967
13043049	689	0.1	-0.1	0.193426
13043049	690	0.1	-0.1	-3.12098
13043049	691	0.1	-0.1	0.551593
13043049	692	0.1	-0.1	4.38672
13043049	693	0.1	-0.1	-4.33559
13043049	694	0.1	-0.1	-2.35643
13043049	695	0.1	-0.1	3.13887
13043049	696	0.1	-0.1	-1.23866
13043049	697	0.1	-0.1	5.37551
13043049	698	0.1	-0.1	5.10179
13043049	699	0.1	-0.1	-0.458169
13043049	700	0.1	-0.1	1.24497
13043049	701	0.1	-0.1	-3.47104
13043049	702	0.1	-0.1	-1.54325
13043049	703	0.1	-0.1	1.21596
13043049	704	0.1	-0.1	3.41312
13043049	705	0.1	-0.1	5.05928
13043049	706	0.1	-0.1	4.1764
13043049	707	0.1	-0.1	0.268093
13043049	708	0.1	-0.1	3.25882
13043049	709	0.1	-0.1	4.8461
13043049	710	0.1	-0.1	-0.935016
13043049	711	0.1	-0.1	-4.90224
13043049	712	0.1	-0.1	3.85275
13043049	713	0.1	-0.1	-0.767051
13043049	714	0.1	-0.1	2.72753
13043049	715	0.1	-0.1	4.08077
13043049	716	0.1	-0.1	5.13793
13043049	717	0.1	-0.1	0.75455
13043049	718	0.1	-0.1	3.51357
13043049	719	0.1	-0.1	-0.190894
13043049	720	0.1	-0.1	-4.41179
13043049	721	0.1	-0.1	0.777964
13043049	722	0.1	-0.1	5.78832
13043049	723	0.1	-0.1	-4.66734
13043049	724	0.1	-0.1	-2.88961
13043049	725	0.1	-0.1	-2.11756
13043049	726	0.1	-0.1	4.96656
13043049	727	0.1	-0.1	-3.70261
13043049	728	0.1	-0.1	2.31372
13043049	729	0.1	-0.1	-0.876162
13043049	730	0.1	-0.1	3.92897
13043049	731	0.1	-0.1	-5.06129
13043049	732	0.1	-0.1	5.31202
13043049	733	0.1	-0.1	-1.40951
13043049	734	0.1	-0.1	3.88205
13043049	735	0.1	-0.1	-0.650493
13043049	736	0.1	-0.1	-0.295504
13043049	737	0.1	-0.1	-3.42027
13043049	738	0.1	-0.1	1.84526
13043049	739	0.1	-0.1	-5.86476
13043049	740	0.1	-0.1	4.48255
13043049	741	0.1	-0.1	1.39185
13043049	742	0.1	-0.1	-5.10055
13043049	743	0.1	-0.1	-3.29032
13043049	744	0.1	-0.1	-0.940613
13043049	745	0.1	-0.1	2.9058
13043049	746	0.1	-0.1	3.70307
13043049	747	0.1	-0.1	-4.63749
13043049	748	0.1	-0.1	-0.235171
13043049	749	0.1	-0.1	-2.54437
13043049	750	0.1	-0.1	-5.30277
13043049	751	0.1	-0.1	-3.62621
13043049	752	0.1	-0.1	1.02885
13043049	753	0.1	-0.1	-1.22714
13043049	754	0.1	-0.1	1.90523
13043049	755	0.1	-0.1	2.3892
13043049	756	0.1	-0.1	2.15263
13043049	757	0.1	-0.1	-3.34453
13043049	758	0.1	-0.1	-1.92633
13043049	759	0.1	-0.1	0.171123
13043049	760	0.1	-0.1	4.91053
13043049	761	0.1	-0.1	1.01776
13043049	762	0.1	-0.1	0.965133
13043049	763	0.1	-0.1	-1.57334
13043049	764	0.1	-0.1	-3.65074
13043049	765	0.1	-0.1	-0.543656
13043049	766	0.1	-0.1	-3.42376
13043049	767	0.1	-0.1	-3.68038
13043049	768	0.1	-0.1	-0.54441
13043049	769	0.1	-0.1	3.06434
13043049	770	0.1	-0.1	3.29999
13043049	771	0.1	-0.1	-0.26546
13043049	772	0.1	-0.1	-5.00718
13043049	773	0.1	-0.1	0.600976
13043049	774	0.1	-0.1	1.05539
13043049	775	0.1	-0.1	4.41059
13043049	776	0.1	-0.1	4.8694
13043049	777	0.1	-0.1	-0.794667
13043049	778	0.1	-0.1	3.7519
13043049	779	0.1	-0.1	5.55877
13043049	780	0.1	-0.1	-2.32503
13043049	781	0.1	-0.1	0.642647
13043049	782	0.1	-0.1	3.96885
13043049	783	0.1	-0.1	-2.43121
13043049	784	0.1	-0.1	3.91001
13043049	785	0.1	-0.1	4.32562
13043049	786	0.1	-0.1	0.810197
13043049	787	0.1	-0.1	-1.07455
13043049	788	0.1	-0.1	4.39349
13043049	789	0.1	-0.1	-2.65957
13043049	790	0.1	-0.1	4.15984
13043049	791	0.1	-0.1	4.37512
13043049	792	0.1	-0.1	3.78345
13043049	793	0.1	-0.1	2.39914
13043049	794	0.1	-0.1	5.85979
13043049	795	0.1	-0.1	-5.36958
13043049	796	0.1	-0.1	1.42429
13043049	797	0.1	-0.1	-2.333
13043049	798	0.1	-0.1	4.07106
13043049	799	0.1	-0.1	4.29086
13043049	800	0.1	-0.1	-2.95738
13043049	801	0.1	-0.1	-5.34221
13043049	802	0.1	-0.1	4.55177
13043049	803	0.1	-0.1	3.76819
13043049	804	0.1	-0.1	-4.64898
13043049	805	0.1	-0.1	-4.30421
13043049	806	0.1	-0.1	-5.15344
13043049	807	0.1	-0.1	-0.169032
13043049	808	0.1	-0.1	-4.96293
13043049	809	0.1	-0.1	2.24595
13043049	810	0.1	-0.1	0.853992
13043049	811	0.1	-0.1	0.635031
13043049	812	0.1	-0.1	3.003
13043049	813	0.1	-0.1	-0.296109
13043049	814	0.1	-0.1	3.8425
13043049	815	0.1	-0.1	-2.24246
13043049	816	0.1	-0.1	-5.79103
13043049	817	0.1	-0.1	-0.354425
13043049	818	0.1	-0.1	-5.04436
13043049	819	0.1	-0.1	2.99064
13043049	820	0.1	-0.1	-4.70011
13043049	821	0.1	-0.1	1.24245
13043049	822	0.1	-0.1	2.00727
13043049	823	0.1	-0.1	5.55685
13043049	824	0.1	-0.1	2.87723
13043049	825	0.1	-0.1	-2.09667
13043049	826	0.1	-0.1	-5.73439
13043049	827	0.1	-0.1	-2.08328
13043049	828	0.1	-0.1	-2.69545
13043049	829	0.1	-0.1	2.29886
13043049	830	0.1	-0.1	-2.55317
13043049	831	0.1	-0.1	1.94879
13043049	832	0.1	-0.1	-0.704212
13043049	833	0.1	-0.1	3.40521
13043049	834	0.1	-0.1	1.29288
13043049	835	0.1	-0.1	-3.46186
13043049	836	0.1	-0.1	-3.26476
13043049	837	0.1	-0.1	-3.21491
13043049	838	0.1	-0.1	-5.56361
13043049	839	0.1	-0.1	-2.22081
13043049	840	0.1	-0.1	-3.04824
13043049	841	0.1	-0.1	-2.9735
13043049	842	0.1	-0.1	3.53715
13043049	843	0.1	-0.1	5.62448
13043049	844	0.1	-0.1	-3.6926
13043049	845	0.1	-0.1	-0.744273
13043049	846	0.1	-0.1	-3.33871
13043049	847	0.1	-0.1	4.03274
13043049	848	0.1	-0.1	5.34055
13043049	849	0.1	-0.1	2.94443
13043049	850	0.1	-0.1	1.63175
13043049	851	0.1	-0.1	0.113457
13043049	852	0.1	-0.1	2.21872
13043049	853	0.1	-0.1	-4.13111
13043049	854	0.1	-0.1	-1.42884
13043049	855	0.1	-0.1	0.447883
13043049	856	0.1	-0.1	-5.99396
13043049	857	0.1	-0.1	2.65805
13043049	858	0.1	-0.1	2.58449
13043049	859	0.1	-0.1	-3.48238
13043049	860	0.1	-0.1	4.13526
13043049	861	0.1	-0.1	0.970856
13043049	862	0.1	-0.1	-4.46716
13043049	863	0.1	-0.1	-5.8742
13043049	864	0.1	-0.1	1.7776
13043049	865	0.1	-0.1	-1.58126
13043049	866	0.1	-0.1	2.16111
13043049	867	0.1	-0.1	2.99647
13043049	868	0.1	-0.1	-0.539016
13043049	869	0.1	-0.1	3.82136
13043049	870	0.1	-0.1	0.707835
13043049	871	0.1	-0.1	-5.87156
13043049	872	0.1	-0.1	4.18179
13043049	873	0.1	-0.1	2.63949
13043049	874	0.1	-0.1	-4.84152
13043049	875	0.1	-0.1	0.0780677
13043049	876	0.1	-0.1	-3.64873
13043049	877	0.1	-0.1	-1.95713
13043049	878	0.1	-0.1	-5.22047
13043049	879	0.1	-0.1	-1.78013
13043049	880	0.1	-0.1	0.731904
13043049	881	0.1	-0.1	1.99741
13043049	882	0.1	-0.1	-5.46574
13043049	883	0.1	-0.1	3.62165
13043049	884	0.1	-0.1	2.52558
13043049	885	0.1	-0.1	5.11774
13043049	886	0.1	-0.1	5.37992
13043049	887	0.1	-0.1	5.42777
13043049	888	0.1	-0.1	0.788679
13043049	889	0.1	-0.1	0.828774
13043049	890	0.1	-0.1	-2.36368
13043049	891	0.1	-0.1	-0.35068
13043049	892	0.1	-0.1	-0.886275
13043049	893	0.1	-0.1	-5.41919
13043049	894	0.1	-0.1	5.68518
13043049	895	0.1	-0.1	-5.06309
13043049	896	0.1	-0.1	3.75159
13043049	897	0.1	-0.1	4.53805
13043049	898	0.1	-0.1	0.55155
13043049	899	0.1	-0.1	-2.36797
13043049	900	0.1	-0.1	-0.111993
13043049	901	0.1	-0.1	-4.46584
13043049	902	0.1	-0.1	2.7902
13043049	903	0.1	-0.1	2.24484
13043049	904	0.1	-0.1	-4.55301
13043049	905	0.1	-0.1	3.12719
13043049	906	0.1	-0.1	1.00596
13043049	907	0.1	-0.1	4.78706
13043049	908	0.1	-0.1	-1.69397
13043049	909	0.1	-0.1	-2.07437
13043049	910	0.1	-0.1	-5.66121
13043049	911	0.1	-0.1	-5.88475
13043049	912	0.1	-0.1	-0.453865
13043049	913	0.1	-0.1	-5.89336
13043049	914	0.1	-0.1	4.2024
13043049	915	0.1	-0.1	-1.08949
13043049	916	0.1	-0.1	1.24939
13043049	917	0.1	-0.1	5.2319
13043049	918	0.1	-0.1	2.65905
13043049	919	0.1	-0.1	-5.48563
13043049	920	0.1	-0.1	-1.68915
13043049	921	0.1	-0.1	-0.483346
13043049	922	0.1	-0.1	3.12774
13043049	923	0.1	-0.1	-5.78028
13043049	924	0.1	-0.1	-2.52977
13043049	925	0.1	-0.1	-1.20261
13043049	926	0.1	-0.1	-4.24465
13043049	927	0.1	-0.1	1.05633
13043049	928	0.1	-0.1	1.35644
13043049	929	0.1	-0.1	1.95604
13043049	930	0.1	-0.1	-5.43623
13043049	931	0.1	-0.1	0.660751
13043049	932	0.1	-0.1	-4.43228
13043049	933	0.1	-0.1	5.4851
13043049	934	0.1	-0.1	0.161941
13043049	935	0.1	-0.1	5.74741
13043049	936	0.1	-0.1	0.0284982
13043049	937	0.1	-0.1	3.93472
13043049	938	0.1	-0.1	-4.71902
13043049	939	0.1	-0.1	-5.65867
13043049	940	0.1	-0.1	4.55263
13043049	941	0.1	-0.1	4.70132
13043049	942	0.1	-0.1	3.40214
13043049	943	0.1	-0.1	-0.465121
13043049	944	0.1	-0.1	-1.41037
13043049	945	0.1	-0.1	-0.10576
13043049	946	0.1	-0.1	-2.46724
13043049	947	0.1	-0.1	3.02961
13043049	948	0.1	-0.1	-0.0469439
13043049	949	0.1	-0.1	1.86643
13043049	950	0.1	-0.1	3.28983
13043049	951	0.1	-0.1	3.82693
13043049	952	0.1	-0.1	1.86278
13043049	953	0.1	-0.1	5.58231
13043049	954	0.1	-0.1	0.854304
13043049	955	0.1	-0.1	-0.263784
13043049	956	0.1	-0.1	-5.97033
13043049	957	0.1	-0.1	4.13443
13043049	958	0.1	-0.1	-0.182875
13043049	959	0.1	-0.1	1.46545
13043049	960	0.1	-0.1	5.5455
13043049	961	0.1	-0.1	2.79106
13043049	962	0.1	-0.1	-3.68523
13043049	963	0.1	-0.1	-2.89102
13043049	964	0.1	-0.1	-2.51256
13043049	965	0.1	-0.1	3.15266
13043049	966	0.1	-0.1	-2.30476
13043049	967	0.1	-0.1	-0.661751
13043049	968	0.1	-0.1	-5.67534
13043049	969	0.1	-0.1	1.03673
13043049	970	0.1	-0.1	1.02994
13043049	971	0.1	-0.1	4.26428
13043049	972	0.1	-0.1	3.4137
13043049	973	0.1	-0.1	4.39978
13043049	974	0.1	-0.1	0.603995
13043049	975	0.1	-0.1	5.36912
13043049	976	0.1	-0.1	0.64539
13043049	977	0.1	-0.1	4.9283
13043049	978	0.1	-0.1	-1.97754
13043049	979	0.1	-0.1	0.430949
13043049	980	0.1	-0.1	-4.22164
13043049	981	0.1	-0.1	2.95796
13043049	982	0.1	-0.1	-0.175709
13043049	983	0.1	-0.1	-2.7018
13043049	984	0.1	-0.1	-1.1723
13043049	985	0.1	-0.1	4.12187
13043049	986	0.1	-0.1	-4.37651
13043049	987	0.1	-0.1	-0.426866
13043049	988	0.1	-0.1	5.20622
13043049	989	0.1	-0.1	-3.02311
13043049	990	0.1	-0.1	4.58976
13043049	991	0.1	-0.1	2.36402
13043049	992	0.1	-0.1	-5.18218
13043049	993	0.1	-0.1	-4.20842
13043049	994	0.1	-0.1	-3.21087
13043049	995	0.1	-0.1	-3.49959
13043049	996	0.1	-0.1	-1.85174
13043049	997	0.1	-0.1	4.18343
13043049	998	0.1	-0.1	-4.29121
13043049	999	0.1	-0.1	5.59017
13043049	1000	0.1	-0.1	-3.60789
