13048013	1	0.1	-0.1	-4.13223
13048013	2	0.1	-0.1	4.29458
13048013	3	0.1	-0.1	1.22478
13048013	4	0.1	-0.1	5.71793
13048013	5	0.1	-0.1	0.310045
13048013	6	0.1	-0.1	-2.59907
13048013	7	0.1	-0.1	3.49489
13048013	8	0.1	-0.1	3.09027
13048013	9	0.1	-0.1	-4.02067
13048013	10	0.1	-0.1	-3.00101
13048013	11	0.1	-0.1	-0.21468
13048013	12	0.1	-0.1	0.798677
13048013	13	0.1	-0.1	-4.9116
13048013	14	0.1	-0.1	5.50313
13048013	15	0.1	-0.1	-5.63445
13048013	16	0.1	-0.1	1.62972
13048013	17	0.1	-0.1	5.45931
13048013	18	0.1	-0.1	0.475881
13048013	19	0.1	-0.1	-3.47169
13048013	20	0.1	-0.1	-0.608844
13048013	21	0.1	-0.1	-1.19012
13048013	22	0.1	-0.1	-2.64353
13048013	23	0.1	-0.1	0.837662
13048013	24	0.1	-0.1	-4.907
13048013	25	0.1	-0.1	4.2266
13048013	26	0.1	-0.1	-4.64044
13048013	27	0.1	-0.1	4.3815
13048013	28	0.1	-0.1	-4.53463
13048013	29	0.1	-0.1	-3.57601
13048013	30	0.1	-0.1	-4.86587
13048013	31	0.1	-0.1	-4.5859
13048013	32	0.1	-0.1	-4.03389
13048013	33	0.1	-0.1	3.36063
13048013	34	0.1	-0.1	4.06154
13048013	35	0.1	-0.1	1.51726
13048013	36	0.1	-0.1	-0.0316488
13048013	37	0.1	-0.1	5.30638
13048013	38	0.1	-0.1	1.83877
13048013	39	0.1	-0.1	1.18857
13048013	40	0.1	-0.1	5.71752
13048013	41	0.1	-0.1	3.94506
13048013	42	0.1	-0.1	-0.288086
13048013	43	0.1	-0.1	-0.203224
13048013	44	0.1	-0.1	2.28065
13048013	45	0.1	-0.1	-1.98484
13048013	46	0.1	-0.1	-5.57732
13048013	47	0.1	-0.1	-0.443361
13048013	48	0.1	-0.1	3.73277
13048013	49	0.1	-0.1	1.19463
13048013	50	0.1	-0.1	0.722903
13048013	51	0.1	-0.1	5.78084
13048013	52	0.1	-0.1	-4.17061
13048013	53	0.1	-0.1	4.51765
13048013	54	0.1	-0.1	0.801142
13048013	55	0.1	-0.1	4.60426
13048013	56	0.1	-0.1	0.269543
13048013	57	0.1	-0.1	2.86686
13048013	58	0.1	-0.1	4.98683
13048013	59	0.1	-0.1	2.71884
13048013	60	0.1	-0.1	4.02409
13048013	61	0.1	-0.1	-2.17091
13048013	62	0.1	-0.1	-2.40378
13048013	63	0.1	-0.1	0.403675
13048013	64	0.1	-0.1	1.88202
13048013	65	0.1	-0.1	-4.86701
13048013	66	0.1	-0.1	-2.09398
13048013	67	0.1	-0.1	-5.47551
13048013	68	0.1	-0.1	0.657456
13048013	69	0.1	-0.1	-2.31878
13048013	70	0.1	-0.1	4.7191
13048013	71	0.1	-0.1	2.9397
13048013	72	0.1	-0.1	3.35305
13048013	73	0.1	-0.1	-0.0411552
13048013	74	0.1	-0.1	3.05625
13048013	75	0.1	-0.1	-3.34186
13048013	76	0.1	-0.1	0.517927
13048013	77	0.1	-0.1	2.56488
13048013	78	0.1	-0.1	-4.08696
13048013	79	0.1	-0.1	1.08119
13048013	80	0.1	-0.1	2.35866
13048013	81	0.1	-0.1	4.50844
13048013	82	0.1	-0.1	0.567643
13048013	83	0.1	-0.1	-5.51616
13048013	84	0.1	-0.1	1.25218
13048013	85	0.1	-0.1	-5.9758
13048013	86	0.1	-0.1	-4.95501
13048013	87	0.1	-0.1	2.23764
13048013	88	0.1	-0.1	-2.06266
13048013	89	0.1	-0.1	3.71668
13048013	90	0.1	-0.1	-2.18313
13048013	91	0.1	-0.1	5.59901
13048013	92	0.1	-0.1	1.15688
13048013	93	0.1	-0.1	3.83208
13048013	94	0.1	-0.1	5.3749
13048013	95	0.1	-0.1	-5.64237
13048013	96	0.1	-0.1	0.810392
13048013	97	0.1	-0.1	3.06104
13048013	98	0.1	-0.1	-4.00255
13048013	99	0.1	-0.1	1.63819
13048013	100	0.1	-0.1	2.92451
13048013	101	0.1	-0.1	-2.30297
13048013	102	0.1	-0.1	-2.18343
13048013	103	0.1	-0.1	-0.460746
13048013	104	0.1	-0.1	-1.67725
13048013	105	0.1	-0.1	1.51615
13048013	106	0.1	-0.1	5.80114
13048013	107	0.1	-0.1	-2.16989
13048013	108	0.1	-0.1	-4.89851
13048013	109	0.1	-0.1	1.23005
13048013	110	0.1	-0.1	-3.66249
13048013	111	0.1	-0.1	-1.70684
13048013	112	0.1	-0.1	-5.70566
13048013	113	0.1	-0.1	4.8519
13048013	114	0.1	-0.1	3.37172
13048013	115	0.1	-0.1	1.22044
13048013	116	0.1	-0.1	-4.89215
13048013	117	0.1	-0.1	-1.17071
13048013	118	0.1	-0.1	5.50809
13048013	119	0.1	-0.1	1.47575
13048013	120	0.1	-0.1	-2.5807
13048013	121	0.1	-0.1	-1.90913
13048013	122	0.1	-0.1	-1.57566
13048013	123	0.1	-0.1	-0.675184
13048013	124	0.1	-0.1	2.57615
13048013	125	0.1	-0.1	3.35641
13048013	126	0.1	-0.1	-4.51002
13048013	127	0.1	-0.1	-5.92477
13048013	128	0.1	-0.1	-2.43655
13048013	129	0.1	-0.1	0.253128
13048013	130	0.1	-0.1	-1.45966
13048013	131	0.1	-0.1	-4.74175
13048013	132	0.1	-0.1	2.72168
13048013	133	0.1	-0.1	1.95805
13048013	134	0.1	-0.1	4.99882
13048013	135	0.1	-0.1	2.7642
13048013	136	0.1	-0.1	-4.93498
13048013	137	0.1	-0.1	-5.74867
13048013	138	0.1	-0.1	2.34966
13048013	139	0.1	-0.1	-4.33978
13048013	140	0.1	-0.1	3.25858
13048013	141	0.1	-0.1	1.16214
13048013	142	0.1	-0.1	1.57605
13048013	143	0.1	-0.1	0.484332
13048013	144	0.1	-0.1	-3.51282
13048013	145	0.1	-0.1	-3.88419
13048013	146	0.1	-0.1	2.6767
13048013	147	0.1	-0.1	-1.19838
13048013	148	0.1	-0.1	2.53894
13048013	149	0.1	-0.1	1.81294
13048013	150	0.1	-0.1	-3.19617
13048013	151	0.1	-0.1	-2.26582
13048013	152	0.1	-0.1	-3.25298
13048013	153	0.1	-0.1	1.4353
13048013	154	0.1	-0.1	1.35839
13048013	155	0.1	-0.1	4.84291
13048013	156	0.1	-0.1	5.32667
13048013	157	0.1	-0.1	5.64341
13048013	158	0.1	-0.1	-4.91173
13048013	159	0.1	-0.1	0.564862
13048013	160	0.1	-0.1	1.59571
13048013	161	0.1	-0.1	-4.26595
13048013	162	0.1	-0.1	-2.18372
13048013	163	0.1	-0.1	-3.33985
13048013	164	0.1	-0.1	4.02734
13048013	165	0.1	-0.1	-2.37684
13048013	166	0.1	-0.1	-3.05503
13048013	167	0.1	-0.1	2.09213
13048013	168	0.1	-0.1	-2.78957
13048013	169	0.1	-0.1	-5.66123
13048013	170	0.1	-0.1	3.31815
13048013	171	0.1	-0.1	-4.17828
13048013	172	0.1	-0.1	-2.53064
13048013	173	0.1	-0.1	5.06808
13048013	174	0.1	-0.1	-2.71251
13048013	175	0.1	-0.1	0.676762
13048013	176	0.1	-0.1	-3.4822
13048013	177	0.1	-0.1	3.78145
13048013	178	0.1	-0.1	-1.976
13048013	179	0.1	-0.1	-5.55616
13048013	180	0.1	-0.1	1.12668
13048013	181	0.1	-0.1	-3.30293
13048013	182	0.1	-0.1	3.15769
13048013	183	0.1	-0.1	-2.96815
13048013	184	0.1	-0.1	4.46543
13048013	185	0.1	-0.1	5.76278
13048013	186	0.1	-0.1	4.45225
13048013	187	0.1	-0.1	2.13476
13048013	188	0.1	-0.1	-3.52633
13048013	189	0.1	-0.1	-2.74277
13048013	190	0.1	-0.1	-5.28072
13048013	191	0.1	-0.1	0.927433
13048013	192	0.1	-0.1	-5.39346
13048013	193	0.1	-0.1	3.46995
13048013	194	0.1	-0.1	-1.41378
13048013	195	0.1	-0.1	1.36379
13048013	196	0.1	-0.1	-4.73064
13048013	197	0.1	-0.1	0.504624
13048013	198	0.1	-0.1	-4.08347
13048013	199	0.1	-0.1	3.99719
13048013	200	0.1	-0.1	4.65347
13048013	201	0.1	-0.1	-4.30817
13048013	202	0.1	-0.1	1.1391
13048013	203	0.1	-0.1	5.42146
13048013	204	0.1	-0.1	-4.20521
13048013	205	0.1	-0.1	-4.54531
13048013	206	0.1	-0.1	1.54826
13048013	207	0.1	-0.1	-3.22911
13048013	208	0.1	-0.1	-5.09725
13048013	209	0.1	-0.1	-5.08495
13048013	210	0.1	-0.1	0.143138
13048013	211	0.1	-0.1	-3.80359
13048013	212	0.1	-0.1	-3.60225
13048013	213	0.1	-0.1	-2.73096
13048013	214	0.1	-0.1	-1.77316
13048013	215	0.1	-0.1	-4.81796
13048013	216	0.1	-0.1	-2.79612
13048013	217	0.1	-0.1	-4.74767
13048013	218	0.1	-0.1	-3.40738
13048013	219	0.1	-0.1	-3.61406
13048013	220	0.1	-0.1	0.822133
13048013	221	0.1	-0.1	0.546295
13048013	222	0.1	-0.1	-0.562237
13048013	223	0.1	-0.1	-5.04331
13048013	224	0.1	-0.1	0.449065
13048013	225	0.1	-0.1	-0.554039
13048013	226	0.1	-0.1	-5.04623
13048013	227	0.1	-0.1	4.88069
13048013	228	0.1	-0.1	-1.26581
13048013	229	0.1	-0.1	4.22481
13048013	230	0.1	-0.1	-5.21159
13048013	231	0.1	-0.1	3.14029
13048013	232	0.1	-0.1	-5.22731
13048013	233	0.1	-0.1	0.125787
13048013	234	0.1	-0.1	-4.947
13048013	235	0.1	-0.1	-2.91035
13048013	236	0.1	-0.1	-5.19735
13048013	237	0.1	-0.1	-4.08012
13048013	238	0.1	-0.1	2.0602
13048013	239	0.1	-0.1	5.97729
13048013	240	0.1	-0.1	4.12448
13048013	241	0.1	-0.1	4.61911
13048013	242	0.1	-0.1	-5.66719
13048013	243	0.1	-0.1	2.73519
13048013	244	0.1	-0.1	-1.69765
13048013	245	0.1	-0.1	5.32251
13048013	246	0.1	-0.1	-4.56881
13048013	247	0.1	-0.1	2.73392
13048013	248	0.1	-0.1	-4.14961
13048013	249	0.1	-0.1	4.6883
13048013	250	0.1	-0.1	-4.49738
13048013	251	0.1	-0.1	4.42478
13048013	252	0.1	-0.1	-4.78424
13048013	253	0.1	-0.1	-2.45981
13048013	254	0.1	-0.1	4.21402
13048013	255	0.1	-0.1	1.09697
13048013	256	0.1	-0.1	-3.75967
13048013	257	0.1	-0.1	-5.83769
13048013	258	0.1	-0.1	4.08402
13048013	259	0.1	-0.1	3.39292
13048013	260	0.1	-0.1	-1.30968
13048013	261	0.1	-0.1	-1.86188
13048013	262	0.1	-0.1	2.56553
13048013	263	0.1	-0.1	-5.54429
13048013	264	0.1	-0.1	-3.1561
13048013	265	0.1	-0.1	-4.31903
13048013	266	0.1	-0.1	3.32537
13048013	267	0.1	-0.1	3.80427
13048013	268	0.1	-0.1	-2.96781
13048013	269	0.1	-0.1	-4.07158
13048013	270	0.1	-0.1	-2.36732
13048013	271	0.1	-0.1	-2.8302
13048013	272	0.1	-0.1	-4.46944
13048013	273	0.1	-0.1	2.25485
13048013	274	0.1	-0.1	3.80297
13048013	275	0.1	-0.1	-0.7937
13048013	276	0.1	-0.1	1.89951
13048013	277	0.1	-0.1	3.56507
13048013	278	0.1	-0.1	2.64481
13048013	279	0.1	-0.1	-0.391001
13048013	280	0.1	-0.1	0.681315
13048013	281	0.1	-0.1	-3.49232
13048013	282	0.1	-0.1	4.86717
13048013	283	0.1	-0.1	1.73409
13048013	284	0.1	-0.1	1.30023
13048013	285	0.1	-0.1	-3.2832
13048013	286	0.1	-0.1	-4.63678
13048013	287	0.1	-0.1	2.2849
13048013	288	0.1	-0.1	0.614865
13048013	289	0.1	-0.1	-4.00442
13048013	290	0.1	-0.1	-2.31097
13048013	291	0.1	-0.1	-0.0492542
13048013	292	0.1	-0.1	-0.950117
13048013	293	0.1	-0.1	2.45703
13048013	294	0.1	-0.1	4.14321
13048013	295	0.1	-0.1	0.479018
13048013	296	0.1	-0.1	-5.3165
13048013	297	0.1	-0.1	1.54679
13048013	298	0.1	-0.1	-5.49943
13048013	299	0.1	-0.1	-3.38106
13048013	300	0.1	-0.1	0.631156
13048013	301	0.1	-0.1	1.54133
13048013	302	0.1	-0.1	-4.37486
13048013	303	0.1	-0.1	-4.47648
13048013	304	0.1	-0.1	4.54841
13048013	305	0.1	-0.1	3.56369
13048013	306	0.1	-0.1	-3.86877
13048013	307	0.1	-0.1	-4.04781
13048013	308	0.1	-0.1	-1.17997
13048013	309	0.1	-0.1	4.94905
13048013	310	0.1	-0.1	-5.46208
13048013	311	0.1	-0.1	-1.58802
13048013	312	0.1	-0.1	-3.23707
13048013	313	0.1	-0.1	3.19772
13048013	314	0.1	-0.1	2.57335
13048013	315	0.1	-0.1	3.4518
13048013	316	0.1	-0.1	-2.30305
13048013	317	0.1	-0.1	-1.27906
13048013	318	0.1	-0.1	4.64895
13048013	319	0.1	-0.1	5.65749
13048013	320	0.1	-0.1	-5.11484
13048013	321	0.1	-0.1	-4.91117
13048013	322	0.1	-0.1	-1.61088
13048013	323	0.1	-0.1	4.14432
13048013	324	0.1	-0.1	1.43902
13048013	325	0.1	-0.1	2.675
13048013	326	0.1	-0.1	-0.630033
13048013	327	0.1	-0.1	-5.53929
13048013	328	0.1	-0.1	-0.668045
13048013	329	0.1	-0.1	-1.65357
13048013	330	0.1	-0.1	3.79322
13048013	331	0.1	-0.1	5.36268
13048013	332	0.1	-0.1	3.49693
13048013	333	0.1	-0.1	-2.45929
13048013	334	0.1	-0.1	-3.01831
13048013	335	0.1	-0.1	0.791743
13048013	336	0.1	-0.1	3.51398
13048013	337	0.1	-0.1	-2.68427
13048013	338	0.1	-0.1	1.65404
13048013	339	0.1	-0.1	4.43189
13048013	340	0.1	-0.1	0.542353
13048013	341	0.1	-0.1	-4.60753
13048013	342	0.1	-0.1	-0.92853
13048013	343	0.1	-0.1	-3.0887
13048013	344	0.1	-0.1	5.97545
13048013	345	0.1	-0.1	-3.43277
13048013	346	0.1	-0.1	2.9278
13048013	347	0.1	-0.1	-4.60884
13048013	348	0.1	-0.1	-1.93948
13048013	349	0.1	-0.1	2.76218
13048013	350	0.1	-0.1	2.56852
13048013	351	0.1	-0.1	0.908339
13048013	352	0.1	-0.1	-5.29269
13048013	353	0.1	-0.1	-3.05747
13048013	354	0.1	-0.1	4.57758
13048013	355	0.1	-0.1	-3.21247
13048013	356	0.1	-0.1	-3.18002
13048013	357	0.1	-0.1	-1.99549
13048013	358	0.1	-0.1	2.98328
13048013	359	0.1	-0.1	-2.69258
13048013	360	0.1	-0.1	-4.07569
13048013	361	0.1	-0.1	0.00511234
13048013	362	0.1	-0.1	2.96671
13048013	363	0.1	-0.1	-0.788603
13048013	364	0.1	-0.1	4.84369
13048013	365	0.1	-0.1	2.29128
13048013	366	0.1	-0.1	-4.71409
13048013	367	0.1	-0.1	-2.15765
13048013	368	0.1	-0.1	-0.0525524
13048013	369	0.1	-0.1	-4.51073
13048013	370	0.1	-0.1	-3.04178
13048013	371	0.1	-0.1	4.46981
13048013	372	0.1	-0.1	-1.26053
13048013	373	0.1	-0.1	-1.52923
13048013	374	0.1	-0.1	-1.34711
13048013	375	0.1	-0.1	3.46667
13048013	376	0.1	-0.1	0.553886
13048013	377	0.1	-0.1	4.33521
13048013	378	0.1	-0.1	-0.556127
13048013	379	0.1	-0.1	5.09631
13048013	380	0.1	-0.1	2.49861
13048013	381	0.1	-0.1	1.65362
13048013	382	0.1	-0.1	0.317119
13048013	383	0.1	-0.1	-5.23952
13048013	384	0.1	-0.1	-1.03352
13048013	385	0.1	-0.1	-2.29319
13048013	386	0.1	-0.1	4.22211
13048013	387	0.1	-0.1	1.28168
13048013	388	0.1	-0.1	2.55817
13048013	389	0.1	-0.1	-4.44036
13048013	390	0.1	-0.1	3.87615
13048013	391	0.1	-0.1	-4.69047
13048013	392	0.1	-0.1	-3.37387
13048013	393	0.1	-0.1	2.56384
13048013	394	0.1	-0.1	3.68154
13048013	395	0.1	-0.1	-3.23742
13048013	396	0.1	-0.1	1.98816
13048013	397	0.1	-0.1	-3.462
13048013	398	0.1	-0.1	-1.11531
13048013	399	0.1	-0.1	-4.95874
13048013	400	0.1	-0.1	1.55382
13048013	401	0.1	-0.1	-3.53864
13048013	402	0.1	-0.1	-4.21277
13048013	403	0.1	-0.1	4.56983
13048013	404	0.1	-0.1	0.991353
13048013	405	0.1	-0.1	0.810411
13048013	406	0.1	-0.1	-0.117403
13048013	407	0.1	-0.1	4.61446
13048013	408	0.1	-0.1	3.06941
13048013	409	0.1	-0.1	-5.19633
13048013	410	0.1	-0.1	-4.47237
13048013	411	0.1	-0.1	5.73463
13048013	412	0.1	-0.1	-3.42605
13048013	413	0.1	-0.1	1.56959
13048013	414	0.1	-0.1	1.75389
13048013	415	0.1	-0.1	-2.07965
13048013	416	0.1	-0.1	1.70332
13048013	417	0.1	-0.1	2.64984
13048013	418	0.1	-0.1	5.76881
13048013	419	0.1	-0.1	-0.147451
13048013	420	0.1	-0.1	3.24699
13048013	421	0.1	-0.1	-2.06109
13048013	422	0.1	-0.1	-3.8895
13048013	423	0.1	-0.1	-4.05548
13048013	424	0.1	-0.1	-4.03133
13048013	425	0.1	-0.1	-2.09252
13048013	426	0.1	-0.1	1.17971
13048013	427	0.1	-0.1	-0.98458
13048013	428	0.1	-0.1	4.31801
13048013	429	0.1	-0.1	4.716
13048013	430	0.1	-0.1	5.11433
13048013	431	0.1	-0.1	4.4974
13048013	432	0.1	-0.1	1.18118
13048013	433	0.1	-0.1	1.3178
13048013	434	0.1	-0.1	-1.17332
13048013	435	0.1	-0.1	-0.723734
13048013	436	0.1	-0.1	-3.61075
13048013	437	0.1	-0.1	2.94536
13048013	438	0.1	-0.1	-3.3188
13048013	439	0.1	-0.1	4.68855
13048013	440	0.1	-0.1	-2.24077
13048013	441	0.1	-0.1	-3.89528
13048013	442	0.1	-0.1	4.63729
13048013	443	0.1	-0.1	5.93178
13048013	444	0.1	-0.1	-3.31513
13048013	445	0.1	-0.1	5.03665
13048013	446	0.1	-0.1	-2.62796
13048013	447	0.1	-0.1	3.59229
13048013	448	0.1	-0.1	-1.12047
13048013	449	0.1	-0.1	-0.78489
13048013	450	0.1	-0.1	-2.82305
13048013	451	0.1	-0.1	-5.6249
13048013	452	0.1	-0.1	-5.54423
13048013	453	0.1	-0.1	-0.275233
13048013	454	0.1	-0.1	-2.42836
13048013	455	0.1	-0.1	-2.02416
13048013	456	0.1	-0.1	-2.14778
13048013	457	0.1	-0.1	1.20363
13048013	458	0.1	-0.1	3.05711
13048013	459	0.1	-0.1	3.52992
13048013	460	0.1	-0.1	-0.0127098
13048013	461	0.1	-0.1	-2.98257
13048013	462	0.1	-0.1	-1.59557
13048013	463	0.1	-0.1	-1.31585
13048013	464	0.1	-0.1	-3.16294
13048013	465	0.1	-0.1	-0.976409
13048013	466	0.1	-0.1	3.09379
13048013	467	0.1	-0.1	3.50067
13048013	468	0.1	-0.1	-5.8086
13048013	469	0.1	-0.1	-1.35948
13048013	470	0.1	-0.1	-1.174
13048013	471	0.1	-0.1	-1.73948
13048013	472	0.1	-0.1	-4.80663
13048013	473	0.1	-0.1	3.58813
13048013	474	0.1	-0.1	2.73583
13048013	475	0.1	-0.1	-5.81173
13048013	476	0.1	-0.1	4.67842
13048013	477	0.1	-0.1	-3.2426
13048013	478	0.1	-0.1	-5.31446
13048013	479	0.1	-0.1	4.77211
13048013	480	0.1	-0.1	-4.87073
13048013	481	0.1	-0.1	-2.43019
13048013	482	0.1	-0.1	4.22549
13048013	483	0.1	-0.1	-2.43325
13048013	484	0.1	-0.1	0.710646
13048013	485	0.1	-0.1	-1.78074
13048013	486	0.1	-0.1	3.57308
13048013	487	0.1	-0.1	5.54141
13048013	488	0.1	-0.1	-0.237885
13048013	489	0.1	-0.1	4.82731
13048013	490	0.1	-0.1	2.65741
13048013	491	0.1	-0.1	-4.76688
13048013	492	0.1	-0.1	-1.54366
13048013	493	0.1	-0.1	5.66072
13048013	494	0.1	-0.1	3.11376
13048013	495	0.1	-0.1	-3.44269
13048013	496	0.1	-0.1	-3.07213
13048013	497	0.1	-0.1	-5.09542
13048013	498	0.1	-0.1	4.61243
13048013	499	0.1	-0.1	-2.1344
13048013	500	0.1	-0.1	-5.90438
13048013	501	0.1	-0.1	-2.87371
13048013	502	0.1	-0.1	4.29931
13048013	503	0.1	-0.1	4.45103
13048013	504	0.1	-0.1	1.88801
13048013	505	0.1	-0.1	1.51585
13048013	506	0.1	-0.1	-1.27044
13048013	507	0.1	-0.1	2.91427
13048013	508	0.1	-0.1	-1.17545
13048013	509	0.1	-0.1	4.72516
13048013	510	0.1	-0.1	0.317851
13048013	511	0.1	-0.1	-4.43174
13048013	512	0.1	-0.1	-3.73244
13048013	513	0.1	-0.1	-5.60193
13048013	514	0.1	-0.1	0.103537
13048013	515	0.1	-0.1	4.11469
13048013	516	0.1	-0.1	0.226326
13048013	517	0.1	-0.1	0.374562
13048013	518	0.1	-0.1	-0.513424
13048013	519	0.1	-0.1	5.46738
13048013	520	0.1	-0.1	-1.94795
13048013	521	0.1	-0.1	-5.93517
13048013	522	0.1	-0.1	-1.30994
13048013	523	0.1	-0.1	-5.01563
13048013	524	0.1	-0.1	2.268
13048013	525	0.1	-0.1	-3.13914
13048013	526	0.1	-0.1	3.59538
13048013	527	0.1	-0.1	0.682508
13048013	528	0.1	-0.1	-0.445452
13048013	529	0.1	-0.1	4.54758
13048013	530	0.1	-0.1	-1.34545
13048013	531	0.1	-0.1	0.186263
13048013	532	0.1	-0.1	1.67916
13048013	533	0.1	-0.1	0.06124
13048013	534	0.1	-0.1	-5.68493
13048013	535	0.1	-0.1	-3.34336
13048013	536	0.1	-0.1	1.49078
13048013	537	0.1	-0.1	-4.0672
13048013	538	0.1	-0.1	-1.90822
13048013	539	0.1	-0.1	0.965151
13048013	540	0.1	-0.1	1.76945
13048013	541	0.1	-0.1	-2.99492
13048013	542	0.1	-0.1	3.58417
13048013	543	0.1	-0.1	-2.90445
13048013	544	0.1	-0.1	-1.58923
13048013	545	0.1	-0.1	-1.45723
13048013	546	0.1	-0.1	5.6742
13048013	547	0.1	-0.1	-3.07551
13048013	548	0.1	-0.1	-1.74228
13048013	549	0.1	-0.1	-1.50116
13048013	550	0.1	-0.1	4.89065
13048013	551	0.1	-0.1	-3.57703
13048013	552	0.1	-0.1	4.77588
13048013	553	0.1	-0.1	0.429443
13048013	554	0.1	-0.1	5.86325
13048013	555	0.1	-0.1	3.29627
13048013	556	0.1	-0.1	-3.22253
13048013	557	0.1	-0.1	5.17359
13048013	558	0.1	-0.1	2.42971
13048013	559	0.1	-0.1	-0.60531
13048013	560	0.1	-0.1	3.03744
13048013	561	0.1	-0.1	-4.82081
13048013	562	0.1	-0.1	3.88398
13048013	563	0.1	-0.1	-4.28948
13048013	564	0.1	-0.1	4.16212
13048013	565	0.1	-0.1	-3.69428
13048013	566	0.1	-0.1	-4.65018
13048013	567	0.1	-0.1	4.76558
13048013	568	0.1	-0.1	1.1347
13048013	569	0.1	-0.1	-0.0259708
13048013	570	0.1	-0.1	5.26952
13048013	571	0.1	-0.1	-2.06829
13048013	572	0.1	-0.1	-0.822128
13048013	573	0.1	-0.1	-2.63833
13048013	574	0.1	-0.1	1.24639
13048013	575	0.1	-0.1	4.20571
13048013	576	0.1	-0.1	5.12196
13048013	577	0.1	-0.1	4.13866
13048013	578	0.1	-0.1	-5.84176
13048013	579	0.1	-0.1	-5.39258
13048013	580	0.1	-0.1	-3.05046
13048013	581	0.1	-0.1	1.52618
13048013	582	0.1	-0.1	2.03524
13048013	583	0.1	-0.1	-1.62358
13048013	584	0.1	-0.1	-2.83314
13048013	585	0.1	-0.1	-4.52037
13048013	586	0.1	-0.1	-1.12546
13048013	587	0.1	-0.1	-3.70504
13048013	588	0.1	-0.1	5.95534
13048013	589	0.1	-0.1	1.97368
13048013	590	0.1	-0.1	-3.61081
13048013	591	0.1	-0.1	3.36391
13048013	592	0.1	-0.1	3.43695
13048013	593	0.1	-0.1	-3.36294
13048013	594	0.1	-0.1	3.7585
13048013	595	0.1	-0.1	0.816147
13048013	596	0.1	-0.1	0.917822
13048013	597	0.1	-0.1	-5.56492
13048013	598	0.1	-0.1	0.520756
13048013	599	0.1	-0.1	-5.1856
13048013	600	0.1	-0.1	5.91233
13048013	601	0.1	-0.1	4.79599
13048013	602	0.1	-0.1	-2.75491
13048013	603	0.1	-0.1	-0.917884
13048013	604	0.1	-0.1	1.06693
13048013	605	0.1	-0.1	-2.68154
13048013	606	0.1	-0.1	4.23908
13048013	607	0.1	-0.1	-2.16091
13048013	608	0.1	-0.1	-4.40113
13048013	609	0.1	-0.1	-1.40523
13048013	610	0.1	-0.1	-0.783235
13048013	611	0.1	-0.1	-1.14787
13048013	612	0.1	-0.1	-4.77176
13048013	613	0.1	-0.1	-4.11735
13048013	614	0.1	-0.1	-3.32537
13048013	615	0.1	-0.1	-0.961022
13048013	616	0.1	-0.1	-5.79409
13048013	617	0.1	-0.1	-3.55468
13048013	618	0.1	-0.1	-2.79012
13048013	619	0.1	-0.1	1.48685
13048013	620	0.1	-0.1	1.76715
13048013	621	0.1	-0.1	1.24264
13048013	622	0.1	-0.1	-4.55533
13048013	623	0.1	-0.1	-0.531023
13048013	624	0.1	-0.1	-4.83201
13048013	625	0.1	-0.1	3.85965
13048013	626	0.1	-0.1	3.37938
13048013	627	0.1	-0.1	-3.04187
13048013	628	0.1	-0.1	-1.03749
13048013	629	0.1	-0.1	-2.48586
13048013	630	0.1	-0.1	4.32633
13048013	631	0.1	-0.1	3.67573
13048013	632	0.1	-0.1	-1.69525
13048013	633	0.1	-0.1	5.06001
13048013	634	0.1	-0.1	-4.49018
13048013	635	0.1	-0.1	2.97797
13048013	636	0.1	-0.1	1.015
13048013	637	0.1	-0.1	-0.42416
13048013	638	0.1	-0.1	3.67865
13048013	639	0.1	-0.1	4.2994
13048013	640	0.1	-0.1	-0.369787
13048013	641	0.1	-0.1	2.10997
13048013	642	0.1	-0.1	2.99302
13048013	643	0.1	-0.1	4.35711
13048013	644	0.1	-0.1	-5.94761
13048013	645	0.1	-0.1	-1.8311
13048013	646	0.1	-0.1	-2.51605
13048013	647	0.1	-0.1	-2.85648
13048013	648	0.1	-0.1	2.17299
13048013	649	0.1	-0.1	-1.36899
13048013	650	0.1	-0.1	0.425402
13048013	651	0.1	-0.1	0.463916
13048013	652	0.1	-0.1	-0.905652
13048013	653	0.1	-0.1	5.00057
13048013	654	0.1	-0.1	1.84599
13048013	655	0.1	-0.1	-4.69832
13048013	656	0.1	-0.1	3.87319
13048013	657	0.1	-0.1	3.48956
13048013	658	0.1	-0.1	5.49806
13048013	659	0.1	-0.1	0.0856469
13048013	660	0.1	-0.1	-5.6838
13048013	661	0.1	-0.1	2.89418
13048013	662	0.1	-0.1	-1.94989
13048013	663	0.1	-0.1	3.2479
13048013	664	0.1	-0.1	2.16628
13048013	665	0.1	-0.1	-3.84934
13048013	666	0.1	-0.1	5.65668
13048013	667	0.1	-0.1	-4.16178
13048013	668	0.1	-0.1	3.06548
13048013	669	0.1	-0.1	-5.51394
13048013	670	0.1	-0.1	5.86074
13048013	671	0.1	-0.1	0.480575
13048013	672	0.1	-0.1	3.04367
13048013	673	0.1	-0.1	2.98521
13048013	674	0.1	-0.1	-1.47417
13048013	675	0.1	-0.1	5.81322
13048013	676	0.1	-0.1	0.0327699
13048013	677	0.1	-0.1	-1.15866
13048013	678	0.1	-0.1	-2.92166
13048013	679	0.1	-0.1	-1.35182
13048013	680	0.1	-0.1	-5.99738
13048013	681	0.1	-0.1	-1.78989
13048013	682	0.1	-0.1	1.42615
13048013	683	0.1	-0.1	5.51735
13048013	684	0.1	-0.1	-2.50401
13048013	685	0.1	-0.1	2.47018
13048013	686	0.1	-0.1	1.71544
13048013	687	0.1	-0.1	4.4271
13048013	688	0.1	-0.1	3.1407
13048013	689	0.1	-0.1	-2.39054
13048013	690	0.1	-0.1	-5.99967
13048013	691	0.1	-0.1	-0.536353
13048013	692	0.1	-0.1	-4.98942
13048013	693	0.1	-0.1	0.0883719
13048013	694	0.1	-0.1	5.13847
13048013	695	0.1	-0.1	-1.71705
13048013	696	0.1	-0.1	-0.483268
13048013	697	0.1	-0.1	-1.48699
13048013	698	0.1	-0.1	2.32086
13048013	699	0.1	-0.1	2.3551
13048013	700	0.1	-0.1	-1.61846
13048013	701	0.1	-0.1	4.61896
13048013	702	0.1	-0.1	2.29563
13048013	703	0.1	-0.1	-3.51063
13048013	704	0.1	-0.1	-5.6228
13048013	705	0.1	-0.1	-1.20738
13048013	706	0.1	-0.1	3.52263
13048013	707	0.1	-0.1	-2.88281
13048013	708	0.1	-0.1	-2.6361
13048013	709	0.1	-0.1	2.33974
13048013	710	0.1	-0.1	4.08212
13048013	711	0.1	-0.1	-2.21645
13048013	712	0.1	-0.1	-1.82867
13048013	713	0.1	-0.1	4.40025
13048013	714	0.1	-0.1	3.85908
13048013	715	0.1	-0.1	-2.88967
13048013	716	0.1	-0.1	-1.89549
13048013	717	0.1	-0.1	0.27401
13048013	718	0.1	-0.1	-3.07323
13048013	719	0.1	-0.1	-4.32567
13048013	720	0.1	-0.1	-3.64474
13048013	721	0.1	-0.1	-0.554186
13048013	722	0.1	-0.1	-3.25167
13048013	723	0.1	-0.1	4.08255
13048013	724	0.1	-0.1	1.38868
13048013	725	0.1	-0.1	2.41812
13048013	726	0.1	-0.1	3.02669
13048013	727	0.1	-0.1	-2.67797
13048013	728	0.1	-0.1	-1.38119
13048013	729	0.1	-0.1	-5.74798
13048013	730	0.1	-0.1	2.85939
13048013	731	0.1	-0.1	0.131471
13048013	732	0.1	-0.1	1.26264
13048013	733	0.1	-0.1	-4.96011
13048013	734	0.1	-0.1	3.85599
13048013	735	0.1	-0.1	-1.16682
13048013	736	0.1	-0.1	3.62043
13048013	737	0.1	-0.1	3.63062
13048013	738	0.1	-0.1	3.04388
13048013	739	0.1	-0.1	-5.78264
13048013	740	0.1	-0.1	-1.24045
13048013	741	0.1	-0.1	-5.9879
13048013	742	0.1	-0.1	0.461511
13048013	743	0.1	-0.1	-4.37864
13048013	744	0.1	-0.1	-3.27238
13048013	745	0.1	-0.1	5.55931
13048013	746	0.1	-0.1	2.47276
13048013	747	0.1	-0.1	3.28861
13048013	748	0.1	-0.1	-1.12167
13048013	749	0.1	-0.1	2.46414
13048013	750	0.1	-0.1	-2.53826
13048013	751	0.1	-0.1	4.08964
13048013	752	0.1	-0.1	-3.65036
13048013	753	0.1	-0.1	5.40821
13048013	754	0.1	-0.1	3.0208
13048013	755	0.1	-0.1	5.52117
13048013	756	0.1	-0.1	-4.82559
13048013	757	0.1	-0.1	-5.61893
13048013	758	0.1	-0.1	4.36444
13048013	759	0.1	-0.1	-5.34161
13048013	760	0.1	-0.1	0.867777
13048013	761	0.1	-0.1	-3.10146
13048013	762	0.1	-0.1	3.28037
13048013	763	0.1	-0.1	4.58222
13048013	764	0.1	-0.1	3.27643
13048013	765	0.1	-0.1	4.61432
13048013	766	0.1	-0.1	-1.12501
13048013	767	0.1	-0.1	3.51852
13048013	768	0.1	-0.1	-2.99154
13048013	769	0.1	-0.1	-4.33793
13048013	770	0.1	-0.1	3.74689
13048013	771	0.1	-0.1	-3.9279
13048013	772	0.1	-0.1	0.681947
13048013	773	0.1	-0.1	5.16822
13048013	774	0.1	-0.1	-3.9698
13048013	775	0.1	-0.1	3.63399
13048013	776	0.1	-0.1	-0.883194
13048013	777	0.1	-0.1	5.7771
13048013	778	0.1	-0.1	1.71259
13048013	779	0.1	-0.1	3.46727
13048013	780	0.1	-0.1	0.440074
13048013	781	0.1	-0.1	4.29023
13048013	782	0.1	-0.1	2.66154
13048013	783	0.1	-0.1	2.80332
13048013	784	0.1	-0.1	-2.19246
13048013	785	0.1	-0.1	5.84645
13048013	786	0.1	-0.1	-4.02202
13048013	787	0.1	-0.1	-2.1475
13048013	788	0.1	-0.1	5.18405
13048013	789	0.1	-0.1	-1.71934
13048013	790	0.1	-0.1	4.14443
13048013	791	0.1	-0.1	-5.85608
13048013	792	0.1	-0.1	-2.95375
13048013	793	0.1	-0.1	1.40695
13048013	794	0.1	-0.1	-5.43091
13048013	795	0.1	-0.1	-1.85604
13048013	796	0.1	-0.1	4.55344
13048013	797	0.1	-0.1	1.94208
13048013	798	0.1	-0.1	-0.484126
13048013	799	0.1	-0.1	2.08017
13048013	800	0.1	-0.1	-0.00613827
13048013	801	0.1	-0.1	0.140089
13048013	802	0.1	-0.1	-1.76851
13048013	803	0.1	-0.1	0.370561
13048013	804	0.1	-0.1	-0.675822
13048013	805	0.1	-0.1	2.45768
13048013	806	0.1	-0.1	-0.474844
13048013	807	0.1	-0.1	2.2969
13048013	808	0.1	-0.1	0.149118
13048013	809	0.1	-0.1	-5.48012
13048013	810	0.1	-0.1	-4.04889
13048013	811	0.1	-0.1	2.86181
13048013	812	0.1	-0.1	3.53848
13048013	813	0.1	-0.1	3.35424
13048013	814	0.1	-0.1	5.89522
13048013	815	0.1	-0.1	-3.75574
13048013	816	0.1	-0.1	-1.12868
13048013	817	0.1	-0.1	4.33223
13048013	818	0.1	-0.1	-5.91176
13048013	819	0.1	-0.1	-1.4973
13048013	820	0.1	-0.1	-0.710038
13048013	821	0.1	-0.1	1.7319
13048013	822	0.1	-0.1	4.57104
13048013	823	0.1	-0.1	-2.27219
13048013	824	0.1	-0.1	-0.4211
13048013	825	0.1	-0.1	-1.60402
13048013	826	0.1	-0.1	-1.98981
13048013	827	0.1	-0.1	-1.21257
13048013	828	0.1	-0.1	0.329052
13048013	829	0.1	-0.1	0.585466
13048013	830	0.1	-0.1	5.3972
13048013	831	0.1	-0.1	0.787498
13048013	832	0.1	-0.1	4.25136
13048013	833	0.1	-0.1	-3.52304
13048013	834	0.1	-0.1	1.49188
13048013	835	0.1	-0.1	-0.191891
13048013	836	0.1	-0.1	3.21792
13048013	837	0.1	-0.1	2.9774
13048013	838	0.1	-0.1	2.5241
13048013	839	0.1	-0.1	2.61123
13048013	840	0.1	-0.1	-1.8336
13048013	841	0.1	-0.1	-4.297
13048013	842	0.1	-0.1	0.592879
13048013	843	0.1	-0.1	-3.66335
13048013	844	0.1	-0.1	2.89191
13048013	845	0.1	-0.1	-2.97694
13048013	846	0.1	-0.1	2.18537
13048013	847	0.1	-0.1	2.49462
13048013	848	0.1	-0.1	-5.78217
13048013	849	0.1	-0.1	3.1573
13048013	850	0.1	-0.1	-3.23757
13048013	851	0.1	-0.1	-5.47448
13048013	852	0.1	-0.1	0.0713446
13048013	853	0.1	-0.1	5.41934
13048013	854	0.1	-0.1	1.01064
13048013	855	0.1	-0.1	2.57091
13048013	856	0.1	-0.1	4.48792
13048013	857	0.1	-0.1	-5.13513
13048013	858	0.1	-0.1	-1.91008
13048013	859	0.1	-0.1	5.48074
13048013	860	0.1	-0.1	2.54781
13048013	861	0.1	-0.1	0.893093
13048013	862	0.1	-0.1	-3.38778
13048013	863	0.1	-0.1	4.82896
13048013	864	0.1	-0.1	4.90635
13048013	865	0.1	-0.1	-0.283633
13048013	866	0.1	-0.1	2.20886
13048013	867	0.1	-0.1	4.80173
13048013	868	0.1	-0.1	-0.482392
13048013	869	0.1	-0.1	3.55784
13048013	870	0.1	-0.1	-2.49474
13048013	871	0.1	-0.1	-3.66894
13048013	872	0.1	-0.1	0.762532
13048013	873	0.1	-0.1	0.0250924
13048013	874	0.1	-0.1	-1.00071
13048013	875	0.1	-0.1	-1.17809
13048013	876	0.1	-0.1	-2.06808
13048013	877	0.1	-0.1	-5.70444
13048013	878	0.1	-0.1	-3.41414
13048013	879	0.1	-0.1	-1.25391
13048013	880	0.1	-0.1	1.53678
13048013	881	0.1	-0.1	1.51251
13048013	882	0.1	-0.1	5.92817
13048013	883	0.1	-0.1	2.74272
13048013	884	0.1	-0.1	2.51834
13048013	885	0.1	-0.1	-1.48178
13048013	886	0.1	-0.1	-1.9416
13048013	887	0.1	-0.1	-4.06907
13048013	888	0.1	-0.1	3.04467
13048013	889	0.1	-0.1	-3.10091
13048013	890	0.1	-0.1	-1.23398
13048013	891	0.1	-0.1	-2.29814
13048013	892	0.1	-0.1	0.796648
13048013	893	0.1	-0.1	3.89964
13048013	894	0.1	-0.1	3.57598
13048013	895	0.1	-0.1	-5.33306
13048013	896	0.1	-0.1	-4.87945
13048013	897	0.1	-0.1	2.61047
13048013	898	0.1	-0.1	-2.90005
13048013	899	0.1	-0.1	4.70993
13048013	900	0.1	-0.1	0.931214
13048013	901	0.1	-0.1	-1.6479
13048013	902	0.1	-0.1	3.56079
13048013	903	0.1	-0.1	5.96072
13048013	904	0.1	-0.1	-1.5275
13048013	905	0.1	-0.1	4.34082
13048013	906	0.1	-0.1	5.49569
13048013	907	0.1	-0.1	1.80549
13048013	908	0.1	-0.1	-3.13767
13048013	909	0.1	-0.1	-2.4
13048013	910	0.1	-0.1	-5.00462
13048013	911	0.1	-0.1	5.28952
13048013	912	0.1	-0.1	4.45977
13048013	913	0.1	-0.1	-3.71268
13048013	914	0.1	-0.1	5.52088
13048013	915	0.1	-0.1	3.35504
13048013	916	0.1	-0.1	1.94885
13048013	917	0.1	-0.1	5.20404
13048013	918	0.1	-0.1	0.919688
13048013	919	0.1	-0.1	-0.722703
13048013	920	0.1	-0.1	5.93768
13048013	921	0.1	-0.1	-1.92096
13048013	922	0.1	-0.1	2.83475
13048013	923	0.1	-0.1	-4.0417
13048013	924	0.1	-0.1	-4.40498
13048013	925	0.1	-0.1	-1.39772
13048013	926	0.1	-0.1	-4.06205
13048013	927	0.1	-0.1	-2.7738
13048013	928	0.1	-0.1	-0.614616
13048013	929	0.1	-0.1	-0.719328
13048013	930	0.1	-0.1	3.82122
13048013	931	0.1	-0.1	-1.44096
13048013	932	0.1	-0.1	5.54955
13048013	933	0.1	-0.1	-5.08648
13048013	934	0.1	-0.1	5.50115
13048013	935	0.1	-0.1	5.98492
13048013	936	0.1	-0.1	4.11628
13048013	937	0.1	-0.1	5.2868
13048013	938	0.1	-0.1	1.64178
13048013	939	0.1	-0.1	0.292674
13048013	940	0.1	-0.1	1.02936
13048013	941	0.1	-0.1	3.51259
13048013	942	0.1	-0.1	0.610919
13048013	943	0.1	-0.1	4.99307
13048013	944	0.1	-0.1	0.690923
13048013	945	0.1	-0.1	-4.06013
13048013	946	0.1	-0.1	2.71411
13048013	947	0.1	-0.1	1.52033
13048013	948	0.1	-0.1	2.32543
13048013	949	0.1	-0.1	3.66415
13048013	950	0.1	-0.1	3.91776
13048013	951	0.1	-0.1	-1.69234
13048013	952	0.1	-0.1	-5.41305
13048013	953	0.1	-0.1	-5.32247
13048013	954	0.1	-0.1	2.24481
13048013	955	0.1	-0.1	0.61681
13048013	956	0.1	-0.1	-4.11048
13048013	957	0.1	-0.1	-4.16168
13048013	958	0.1	-0.1	5.67805
13048013	959	0.1	-0.1	-5.85692
13048013	960	0.1	-0.1	1.62097
13048013	961	0.1	-0.1	-4.34809
13048013	962	0.1	-0.1	-0.828209
13048013	963	0.1	-0.1	2.80241
13048013	964	0.1	-0.1	3.20375
13048013	965	0.1	-0.1	-5.2061
13048013	966	0.1	-0.1	-1.93389
13048013	967	0.1	-0.1	-3.91398
13048013	968	0.1	-0.1	0.558016
13048013	969	0.1	-0.1	3.36486
13048013	970	0.1	-0.1	-3.31494
13048013	971	0.1	-0.1	-3.96272
13048013	972	0.1	-0.1	-1.9838
13048013	973	0.1	-0.1	-5.5684
13048013	974	0.1	-0.1	1.04769
13048013	975	0.1	-0.1	-2.29337
13048013	976	0.1	-0.1	-3.48024
13048013	977	0.1	-0.1	-5.79076
13048013	978	0.1	-0.1	0.483252
13048013	979	0.1	-0.1	-5.23826
13048013	980	0.1	-0.1	2.19245
13048013	981	0.1	-0.1	-3.94968
13048013	982	0.1	-0.1	0.826743
13048013	983	0.1	-0.1	3.9266
13048013	984	0.1	-0.1	-4.0467
13048013	985	0.1	-0.1	4.48226
13048013	986	0.1	-0.1	4.73853
13048013	987	0.1	-0.1	5.56642
13048013	988	0.1	-0.1	-2.04024
13048013	989	0.1	-0.1	-0.585753
13048013	990	0.1	-0.1	-4.64006
13048013	991	0.1	-0.1	-2.53828
13048013	992	0.1	-0.1	-2.60282
13048013	993	0.1	-0.1	0.728652
13048013	994	0.1	-0.1	-2.18459
13048013	995	0.1	-0.1	5.52491
13048013	996	0.1	-0.1	-4.71982
13048013	997	0.1	-0.1	-1.16366
13048013	998	0.1	-0.1	-3.94896
13048013	999	0.1	-0.1	4.68292
13048013	1000	0.1	-0.1	3.75705
