13059015	1	0.1	-0.1	0.124258
13059015	2	0.1	-0.1	-1.7048
13059015	3	0.1	-0.1	-3.66095
13059015	4	0.1	-0.1	4.15065
13059015	5	0.1	-0.1	-2.28896
13059015	6	0.1	-0.1	2.60662
13059015	7	0.1	-0.1	3.33644
13059015	8	0.1	-0.1	-4.89787
13059015	9	0.1	-0.1	2.69789
13059015	10	0.1	-0.1	1.33989
13059015	11	0.1	-0.1	1.7448
13059015	12	0.1	-0.1	-2.11336
13059015	13	0.1	-0.1	-1.52461
13059015	14	0.1	-0.1	1.61533
13059015	15	0.1	-0.1	-0.0543601
13059015	16	0.1	-0.1	-4.65186
13059015	17	0.1	-0.1	5.74579
13059015	18	0.1	-0.1	2.31043
13059015	19	0.1	-0.1	5.48207
13059015	20	0.1	-0.1	4.37665
13059015	21	0.1	-0.1	5.9678
13059015	22	0.1	-0.1	4.6451
13059015	23	0.1	-0.1	-2.98986
13059015	24	0.1	-0.1	0.921036
13059015	25	0.1	-0.1	0.29687
13059015	26	0.1	-0.1	4.91041
13059015	27	0.1	-0.1	-2.68462
13059015	28	0.1	-0.1	2.15435
13059015	29	0.1	-0.1	-1.02216
13059015	30	0.1	-0.1	-5.86317
13059015	31	0.1	-0.1	-4.8968
13059015	32	0.1	-0.1	-0.895924
13059015	33	0.1	-0.1	5.94091
13059015	34	0.1	-0.1	4.92983
13059015	35	0.1	-0.1	-5.74799
13059015	36	0.1	-0.1	-2.65807
13059015	37	0.1	-0.1	5.37534
13059015	38	0.1	-0.1	-1.83478
13059015	39	0.1	-0.1	4.52333
13059015	40	0.1	-0.1	4.28188
13059015	41	0.1	-0.1	5.38037
13059015	42	0.1	-0.1	4.77181
13059015	43	0.1	-0.1	2.71859
13059015	44	0.1	-0.1	3.02169
13059015	45	0.1	-0.1	3.34585
13059015	46	0.1	-0.1	5.85663
13059015	47	0.1	-0.1	3.33806
13059015	48	0.1	-0.1	-3.88394
13059015	49	0.1	-0.1	4.79982
13059015	50	0.1	-0.1	-1.49505
13059015	51	0.1	-0.1	-3.22274
13059015	52	0.1	-0.1	0.14561
13059015	53	0.1	-0.1	-2.97446
13059015	54	0.1	-0.1	-4.64173
13059015	55	0.1	-0.1	5.11111
13059015	56	0.1	-0.1	-3.95179
13059015	57	0.1	-0.1	1.33991
13059015	58	0.1	-0.1	-5.01566
13059015	59	0.1	-0.1	-2.55785
13059015	60	0.1	-0.1	-0.714414
13059015	61	0.1	-0.1	-1.1832
13059015	62	0.1	-0.1	0.574451
13059015	63	0.1	-0.1	-2.14335
13059015	64	0.1	-0.1	4.67138
13059015	65	0.1	-0.1	-4.68523
13059015	66	0.1	-0.1	-5.16371
13059015	67	0.1	-0.1	2.78614
13059015	68	0.1	-0.1	0.100914
13059015	69	0.1	-0.1	5.71645
13059015	70	0.1	-0.1	-4.59607
13059015	71	0.1	-0.1	-4.30382
13059015	72	0.1	-0.1	1.31945
13059015	73	0.1	-0.1	4.17473
13059015	74	0.1	-0.1	0.496836
13059015	75	0.1	-0.1	5.98197
13059015	76	0.1	-0.1	1.70557
13059015	77	0.1	-0.1	-5.51863
13059015	78	0.1	-0.1	-3.45537
13059015	79	0.1	-0.1	-1.10906
13059015	80	0.1	-0.1	-5.1357
13059015	81	0.1	-0.1	3.34484
13059015	82	0.1	-0.1	0.515758
13059015	83	0.1	-0.1	1.3135
13059015	84	0.1	-0.1	3.43921
13059015	85	0.1	-0.1	4.61968
13059015	86	0.1	-0.1	1.47022
13059015	87	0.1	-0.1	0.894686
13059015	88	0.1	-0.1	-0.724333
13059015	89	0.1	-0.1	-0.187897
13059015	90	0.1	-0.1	0.609486
13059015	91	0.1	-0.1	0.942584
13059015	92	0.1	-0.1	-2.78552
13059015	93	0.1	-0.1	-2.83182
13059015	94	0.1	-0.1	-5.24305
13059015	95	0.1	-0.1	5.97521
13059015	96	0.1	-0.1	1.88172
13059015	97	0.1	-0.1	-3.6852
13059015	98	0.1	-0.1	4.9156
13059015	99	0.1	-0.1	-1.14621
13059015	100	0.1	-0.1	-2.69491
13059015	101	0.1	-0.1	-2.66602
13059015	102	0.1	-0.1	-0.824029
13059015	103	0.1	-0.1	2.21761
13059015	104	0.1	-0.1	-0.729314
13059015	105	0.1	-0.1	-5.843
13059015	106	0.1	-0.1	0.971088
13059015	107	0.1	-0.1	-1.33329
13059015	108	0.1	-0.1	1.59861
13059015	109	0.1	-0.1	1.82754
13059015	110	0.1	-0.1	-3.59335
13059015	111	0.1	-0.1	-2.38737
13059015	112	0.1	-0.1	-5.139
13059015	113	0.1	-0.1	1.03285
13059015	114	0.1	-0.1	1.14535
13059015	115	0.1	-0.1	-2.71612
13059015	116	0.1	-0.1	5.59471
13059015	117	0.1	-0.1	-3.44642
13059015	118	0.1	-0.1	4.99293
13059015	119	0.1	-0.1	5.85228
13059015	120	0.1	-0.1	-5.59673
13059015	121	0.1	-0.1	1.66032
13059015	122	0.1	-0.1	5.19675
13059015	123	0.1	-0.1	1.51933
13059015	124	0.1	-0.1	3.52888
13059015	125	0.1	-0.1	4.83927
13059015	126	0.1	-0.1	4.15426
13059015	127	0.1	-0.1	-3.32885
13059015	128	0.1	-0.1	-3.65716
13059015	129	0.1	-0.1	-2.60983
13059015	130	0.1	-0.1	-4.73971
13059015	131	0.1	-0.1	1.44245
13059015	132	0.1	-0.1	-3.51442
13059015	133	0.1	-0.1	-4.29983
13059015	134	0.1	-0.1	-2.75362
13059015	135	0.1	-0.1	1.70596
13059015	136	0.1	-0.1	-2.55293
13059015	137	0.1	-0.1	5.11203
13059015	138	0.1	-0.1	0.965314
13059015	139	0.1	-0.1	-2.42703
13059015	140	0.1	-0.1	-3.87177
13059015	141	0.1	-0.1	3.60145
13059015	142	0.1	-0.1	-1.8263
13059015	143	0.1	-0.1	-0.562713
13059015	144	0.1	-0.1	-0.645124
13059015	145	0.1	-0.1	-4.66426
13059015	146	0.1	-0.1	-0.294023
13059015	147	0.1	-0.1	-3.2304
13059015	148	0.1	-0.1	-4.38892
13059015	149	0.1	-0.1	1.00708
13059015	150	0.1	-0.1	-4.25766
13059015	151	0.1	-0.1	3.39773
13059015	152	0.1	-0.1	-4.6683
13059015	153	0.1	-0.1	4.34365
13059015	154	0.1	-0.1	2.53197
13059015	155	0.1	-0.1	-2.68204
13059015	156	0.1	-0.1	1.9113
13059015	157	0.1	-0.1	-2.7852
13059015	158	0.1	-0.1	0.653042
13059015	159	0.1	-0.1	3.34887
13059015	160	0.1	-0.1	0.197258
13059015	161	0.1	-0.1	-3.93705
13059015	162	0.1	-0.1	2.89432
13059015	163	0.1	-0.1	-1.44805
13059015	164	0.1	-0.1	3.13679
13059015	165	0.1	-0.1	-1.71896
13059015	166	0.1	-0.1	1.11661
13059015	167	0.1	-0.1	3.15408
13059015	168	0.1	-0.1	-4.65434
13059015	169	0.1	-0.1	1.38711
13059015	170	0.1	-0.1	0.142903
13059015	171	0.1	-0.1	5.35655
13059015	172	0.1	-0.1	-4.40701
13059015	173	0.1	-0.1	4.69035
13059015	174	0.1	-0.1	-2.08061
13059015	175	0.1	-0.1	-5.35648
13059015	176	0.1	-0.1	2.22013
13059015	177	0.1	-0.1	-1.88425
13059015	178	0.1	-0.1	3.60605
13059015	179	0.1	-0.1	-5.60457
13059015	180	0.1	-0.1	-1.80336
13059015	181	0.1	-0.1	4.15738
13059015	182	0.1	-0.1	-2.29407
13059015	183	0.1	-0.1	-0.466989
13059015	184	0.1	-0.1	5.82129
13059015	185	0.1	-0.1	-3.06738
13059015	186	0.1	-0.1	5.05035
13059015	187	0.1	-0.1	-1.83223
13059015	188	0.1	-0.1	1.06217
13059015	189	0.1	-0.1	3.25254
13059015	190	0.1	-0.1	4.87673
13059015	191	0.1	-0.1	-2.1871
13059015	192	0.1	-0.1	1.05031
13059015	193	0.1	-0.1	2.17471
13059015	194	0.1	-0.1	-5.61161
13059015	195	0.1	-0.1	5.15948
13059015	196	0.1	-0.1	2.06306
13059015	197	0.1	-0.1	5.40197
13059015	198	0.1	-0.1	-2.17928
13059015	199	0.1	-0.1	5.54493
13059015	200	0.1	-0.1	-4.03434
13059015	201	0.1	-0.1	5.47763
13059015	202	0.1	-0.1	-3.15262
13059015	203	0.1	-0.1	4.26154
13059015	204	0.1	-0.1	3.04294
13059015	205	0.1	-0.1	0.336922
13059015	206	0.1	-0.1	2.49267
13059015	207	0.1	-0.1	-4.24632
13059015	208	0.1	-0.1	-3.29437
13059015	209	0.1	-0.1	4.35459
13059015	210	0.1	-0.1	-1.78189
13059015	211	0.1	-0.1	0.829108
13059015	212	0.1	-0.1	1.53355
13059015	213	0.1	-0.1	1.39765
13059015	214	0.1	-0.1	2.0669
13059015	215	0.1	-0.1	0.774084
13059015	216	0.1	-0.1	5.11012
13059015	217	0.1	-0.1	-4.91863
13059015	218	0.1	-0.1	-0.653513
13059015	219	0.1	-0.1	-0.184718
13059015	220	0.1	-0.1	-5.02527
13059015	221	0.1	-0.1	0.0651384
13059015	222	0.1	-0.1	-2.03113
13059015	223	0.1	-0.1	-5.34872
13059015	224	0.1	-0.1	-2.59347
13059015	225	0.1	-0.1	3.51182
13059015	226	0.1	-0.1	1.41175
13059015	227	0.1	-0.1	-5.97388
13059015	228	0.1	-0.1	1.29965
13059015	229	0.1	-0.1	-5.6115
13059015	230	0.1	-0.1	2.24133
13059015	231	0.1	-0.1	2.698
13059015	232	0.1	-0.1	-0.898749
13059015	233	0.1	-0.1	-1.83633
13059015	234	0.1	-0.1	-2.12278
13059015	235	0.1	-0.1	2.20541
13059015	236	0.1	-0.1	-2.85283
13059015	237	0.1	-0.1	2.19903
13059015	238	0.1	-0.1	4.7285
13059015	239	0.1	-0.1	-5.38903
13059015	240	0.1	-0.1	5.58116
13059015	241	0.1	-0.1	4.47312
13059015	242	0.1	-0.1	-0.556773
13059015	243	0.1	-0.1	-2.12872
13059015	244	0.1	-0.1	-3.33606
13059015	245	0.1	-0.1	-2.48767
13059015	246	0.1	-0.1	-2.71642
13059015	247	0.1	-0.1	2.62839
13059015	248	0.1	-0.1	-2.02407
13059015	249	0.1	-0.1	5.77162
13059015	250	0.1	-0.1	0.445728
13059015	251	0.1	-0.1	-4.81822
13059015	252	0.1	-0.1	4.62215
13059015	253	0.1	-0.1	2.2587
13059015	254	0.1	-0.1	0.448824
13059015	255	0.1	-0.1	-4.60918
13059015	256	0.1	-0.1	-4.81442
13059015	257	0.1	-0.1	-3.15059
13059015	258	0.1	-0.1	3.69627
13059015	259	0.1	-0.1	-0.0231467
13059015	260	0.1	-0.1	-3.87842
13059015	261	0.1	-0.1	4.80151
13059015	262	0.1	-0.1	-5.86953
13059015	263	0.1	-0.1	1.66226
13059015	264	0.1	-0.1	3.4525
13059015	265	0.1	-0.1	0.235127
13059015	266	0.1	-0.1	-1.71934
13059015	267	0.1	-0.1	1.56039
13059015	268	0.1	-0.1	-1.45244
13059015	269	0.1	-0.1	2.74454
13059015	270	0.1	-0.1	0.365637
13059015	271	0.1	-0.1	2.95071
13059015	272	0.1	-0.1	1.11889
13059015	273	0.1	-0.1	3.84117
13059015	274	0.1	-0.1	1.88935
13059015	275	0.1	-0.1	-1.75979
13059015	276	0.1	-0.1	-3.30765
13059015	277	0.1	-0.1	-4.79402
13059015	278	0.1	-0.1	1.71958
13059015	279	0.1	-0.1	2.91059
13059015	280	0.1	-0.1	5.93982
13059015	281	0.1	-0.1	2.05429
13059015	282	0.1	-0.1	0.680441
13059015	283	0.1	-0.1	4.09068
13059015	284	0.1	-0.1	3.26688
13059015	285	0.1	-0.1	5.39857
13059015	286	0.1	-0.1	5.53897
13059015	287	0.1	-0.1	-0.116501
13059015	288	0.1	-0.1	5.80759
13059015	289	0.1	-0.1	4.67021
13059015	290	0.1	-0.1	0.147087
13059015	291	0.1	-0.1	2.44052
13059015	292	0.1	-0.1	2.55709
13059015	293	0.1	-0.1	5.57556
13059015	294	0.1	-0.1	-3.38783
13059015	295	0.1	-0.1	-0.0254496
13059015	296	0.1	-0.1	2.24487
13059015	297	0.1	-0.1	-1.1402
13059015	298	0.1	-0.1	5.47536
13059015	299	0.1	-0.1	3.10236
13059015	300	0.1	-0.1	-5.65294
13059015	301	0.1	-0.1	-0.0692676
13059015	302	0.1	-0.1	-3.31185
13059015	303	0.1	-0.1	5.52979
13059015	304	0.1	-0.1	-0.365584
13059015	305	0.1	-0.1	2.99689
13059015	306	0.1	-0.1	-4.63328
13059015	307	0.1	-0.1	-1.29116
13059015	308	0.1	-0.1	-0.0635049
13059015	309	0.1	-0.1	-2.43957
13059015	310	0.1	-0.1	-0.664074
13059015	311	0.1	-0.1	-5.38723
13059015	312	0.1	-0.1	5.02578
13059015	313	0.1	-0.1	4.91834
13059015	314	0.1	-0.1	2.53938
13059015	315	0.1	-0.1	-1.83827
13059015	316	0.1	-0.1	-1.73675
13059015	317	0.1	-0.1	0.683384
13059015	318	0.1	-0.1	3.3106
13059015	319	0.1	-0.1	-2.23322
13059015	320	0.1	-0.1	-3.05925
13059015	321	0.1	-0.1	5.45904
13059015	322	0.1	-0.1	0.681386
13059015	323	0.1	-0.1	-5.45522
13059015	324	0.1	-0.1	3.53499
13059015	325	0.1	-0.1	5.23462
13059015	326	0.1	-0.1	1.57601
13059015	327	0.1	-0.1	3.10517
13059015	328	0.1	-0.1	5.62956
13059015	329	0.1	-0.1	-0.816664
13059015	330	0.1	-0.1	-1.42607
13059015	331	0.1	-0.1	-5.14245
13059015	332	0.1	-0.1	-1.22259
13059015	333	0.1	-0.1	3.86068
13059015	334	0.1	-0.1	-2.72118
13059015	335	0.1	-0.1	5.47753
13059015	336	0.1	-0.1	-2.62372
13059015	337	0.1	-0.1	2.8606
13059015	338	0.1	-0.1	0.370045
13059015	339	0.1	-0.1	-2.28432
13059015	340	0.1	-0.1	-3.6573
13059015	341	0.1	-0.1	1.66248
13059015	342	0.1	-0.1	5.43833
13059015	343	0.1	-0.1	0.657984
13059015	344	0.1	-0.1	-5.76728
13059015	345	0.1	-0.1	-1.06001
13059015	346	0.1	-0.1	4.05791
13059015	347	0.1	-0.1	0.998788
13059015	348	0.1	-0.1	-2.26702
13059015	349	0.1	-0.1	5.42946
13059015	350	0.1	-0.1	-3.46681
13059015	351	0.1	-0.1	5.34078
13059015	352	0.1	-0.1	0.146164
13059015	353	0.1	-0.1	5.95802
13059015	354	0.1	-0.1	2.12159
13059015	355	0.1	-0.1	-4.94875
13059015	356	0.1	-0.1	2.43404
13059015	357	0.1	-0.1	4.31472
13059015	358	0.1	-0.1	-0.0363711
13059015	359	0.1	-0.1	1.92413
13059015	360	0.1	-0.1	5.20728
13059015	361	0.1	-0.1	-5.7936
13059015	362	0.1	-0.1	3.70983
13059015	363	0.1	-0.1	-0.893573
13059015	364	0.1	-0.1	3.12151
13059015	365	0.1	-0.1	-3.47419
13059015	366	0.1	-0.1	-2.79405
13059015	367	0.1	-0.1	-0.973319
13059015	368	0.1	-0.1	5.4329
13059015	369	0.1	-0.1	-2.3999
13059015	370	0.1	-0.1	-5.58656
13059015	371	0.1	-0.1	1.54631
13059015	372	0.1	-0.1	-1.78251
13059015	373	0.1	-0.1	-3.21098
13059015	374	0.1	-0.1	4.04566
13059015	375	0.1	-0.1	5.81283
13059015	376	0.1	-0.1	2.65225
13059015	377	0.1	-0.1	4.58181
13059015	378	0.1	-0.1	-2.79801
13059015	379	0.1	-0.1	-5.02383
13059015	380	0.1	-0.1	5.26002
13059015	381	0.1	-0.1	-0.31689
13059015	382	0.1	-0.1	3.86186
13059015	383	0.1	-0.1	4.76342
13059015	384	0.1	-0.1	-4.94285
13059015	385	0.1	-0.1	4.24957
13059015	386	0.1	-0.1	-1.92457
13059015	387	0.1	-0.1	-1.68259
13059015	388	0.1	-0.1	0.519138
13059015	389	0.1	-0.1	-3.49424
13059015	390	0.1	-0.1	-4.55393
13059015	391	0.1	-0.1	-3.3016
13059015	392	0.1	-0.1	-5.43366
13059015	393	0.1	-0.1	-3.60406
13059015	394	0.1	-0.1	-0.762805
13059015	395	0.1	-0.1	-3.68266
13059015	396	0.1	-0.1	-4.58167
13059015	397	0.1	-0.1	3.28917
13059015	398	0.1	-0.1	-5.66642
13059015	399	0.1	-0.1	0.813068
13059015	400	0.1	-0.1	-2.63593
13059015	401	0.1	-0.1	-4.83834
13059015	402	0.1	-0.1	4.22848
13059015	403	0.1	-0.1	4.47143
13059015	404	0.1	-0.1	1.11847
13059015	405	0.1	-0.1	0.19625
13059015	406	0.1	-0.1	-2.38691
13059015	407	0.1	-0.1	-4.20546
13059015	408	0.1	-0.1	-3.58943
13059015	409	0.1	-0.1	4.42197
13059015	410	0.1	-0.1	3.04812
13059015	411	0.1	-0.1	-0.34894
13059015	412	0.1	-0.1	-4.06197
13059015	413	0.1	-0.1	0.883127
13059015	414	0.1	-0.1	-0.0982782
13059015	415	0.1	-0.1	0.735691
13059015	416	0.1	-0.1	4.83759
13059015	417	0.1	-0.1	0.906459
13059015	418	0.1	-0.1	4.54117
13059015	419	0.1	-0.1	-3.55087
13059015	420	0.1	-0.1	0.10666
13059015	421	0.1	-0.1	2.188
13059015	422	0.1	-0.1	-3.54251
13059015	423	0.1	-0.1	-0.524468
13059015	424	0.1	-0.1	-1.37128
13059015	425	0.1	-0.1	2.09131
13059015	426	0.1	-0.1	0.876368
13059015	427	0.1	-0.1	-4.42577
13059015	428	0.1	-0.1	0.428282
13059015	429	0.1	-0.1	3.3014
13059015	430	0.1	-0.1	3.38948
13059015	431	0.1	-0.1	-5.5943
13059015	432	0.1	-0.1	0.513528
13059015	433	0.1	-0.1	-3.08873
13059015	434	0.1	-0.1	-4.62827
13059015	435	0.1	-0.1	-5.71963
13059015	436	0.1	-0.1	5.55885
13059015	437	0.1	-0.1	-3.14158
13059015	438	0.1	-0.1	-0.882764
13059015	439	0.1	-0.1	5.46752
13059015	440	0.1	-0.1	5.42557
13059015	441	0.1	-0.1	-5.53733
13059015	442	0.1	-0.1	1.84487
13059015	443	0.1	-0.1	0.725532
13059015	444	0.1	-0.1	0.66109
13059015	445	0.1	-0.1	3.2696
13059015	446	0.1	-0.1	-5.47156
13059015	447	0.1	-0.1	-4.92938
13059015	448	0.1	-0.1	-2.65292
13059015	449	0.1	-0.1	-4.84095
13059015	450	0.1	-0.1	0.290062
13059015	451	0.1	-0.1	0.419911
13059015	452	0.1	-0.1	-4.66829
13059015	453	0.1	-0.1	3.15835
13059015	454	0.1	-0.1	-4.70296
13059015	455	0.1	-0.1	-0.526814
13059015	456	0.1	-0.1	-0.0211167
13059015	457	0.1	-0.1	3.54249
13059015	458	0.1	-0.1	0.0505335
13059015	459	0.1	-0.1	-0.871403
13059015	460	0.1	-0.1	-5.59329
13059015	461	0.1	-0.1	-5.60104
13059015	462	0.1	-0.1	-4.21758
13059015	463	0.1	-0.1	2.13755
13059015	464	0.1	-0.1	0.65383
13059015	465	0.1	-0.1	-4.52368
13059015	466	0.1	-0.1	-4.26738
13059015	467	0.1	-0.1	-4.2379
13059015	468	0.1	-0.1	2.32726
13059015	469	0.1	-0.1	5.76797
13059015	470	0.1	-0.1	-3.35529
13059015	471	0.1	-0.1	1.6106
13059015	472	0.1	-0.1	-2.92387
13059015	473	0.1	-0.1	-3.12945
13059015	474	0.1	-0.1	2.04242
13059015	475	0.1	-0.1	-3.38952
13059015	476	0.1	-0.1	-0.765804
13059015	477	0.1	-0.1	-5.36846
13059015	478	0.1	-0.1	-1.83547
13059015	479	0.1	-0.1	-3.29526
13059015	480	0.1	-0.1	3.50162
13059015	481	0.1	-0.1	5.28679
13059015	482	0.1	-0.1	3.30345
13059015	483	0.1	-0.1	-2.12585
13059015	484	0.1	-0.1	-5.34735
13059015	485	0.1	-0.1	-0.280348
13059015	486	0.1	-0.1	-2.40681
13059015	487	0.1	-0.1	1.29626
13059015	488	0.1	-0.1	5.70536
13059015	489	0.1	-0.1	0.57866
13059015	490	0.1	-0.1	1.7478
13059015	491	0.1	-0.1	5.04308
13059015	492	0.1	-0.1	-1.41312
13059015	493	0.1	-0.1	4.40011
13059015	494	0.1	-0.1	4.46182
13059015	495	0.1	-0.1	0.387999
13059015	496	0.1	-0.1	-3.82677
13059015	497	0.1	-0.1	5.41021
13059015	498	0.1	-0.1	0.211818
13059015	499	0.1	-0.1	-5.90455
13059015	500	0.1	-0.1	-4.36848
13059015	501	0.1	-0.1	2.85935
13059015	502	0.1	-0.1	1.56491
13059015	503	0.1	-0.1	-0.965119
13059015	504	0.1	-0.1	4.21492
13059015	505	0.1	-0.1	-3.73334
13059015	506	0.1	-0.1	-0.917149
13059015	507	0.1	-0.1	5.40268
13059015	508	0.1	-0.1	1.48728
13059015	509	0.1	-0.1	-1.65254
13059015	510	0.1	-0.1	-0.741206
13059015	511	0.1	-0.1	-1.07862
13059015	512	0.1	-0.1	0.0719458
13059015	513	0.1	-0.1	-2.866
13059015	514	0.1	-0.1	-4.062
13059015	515	0.1	-0.1	-3.52752
13059015	516	0.1	-0.1	-5.89254
13059015	517	0.1	-0.1	2.80809
13059015	518	0.1	-0.1	1.86619
13059015	519	0.1	-0.1	-5.49598
13059015	520	0.1	-0.1	5.98404
13059015	521	0.1	-0.1	1.01411
13059015	522	0.1	-0.1	-2.22529
13059015	523	0.1	-0.1	1.79973
13059015	524	0.1	-0.1	3.3984
13059015	525	0.1	-0.1	3.4763
13059015	526	0.1	-0.1	4.7058
13059015	527	0.1	-0.1	5.4848
13059015	528	0.1	-0.1	2.98781
13059015	529	0.1	-0.1	3.86549
13059015	530	0.1	-0.1	2.05791
13059015	531	0.1	-0.1	-5.88071
13059015	532	0.1	-0.1	-5.09966
13059015	533	0.1	-0.1	-1.94852
13059015	534	0.1	-0.1	0.609612
13059015	535	0.1	-0.1	-1.26342
13059015	536	0.1	-0.1	-2.82116
13059015	537	0.1	-0.1	5.46373
13059015	538	0.1	-0.1	-2.97527
13059015	539	0.1	-0.1	5.20399
13059015	540	0.1	-0.1	5.6492
13059015	541	0.1	-0.1	-5.64985
13059015	542	0.1	-0.1	0.787784
13059015	543	0.1	-0.1	-0.438766
13059015	544	0.1	-0.1	0.317092
13059015	545	0.1	-0.1	0.0970305
13059015	546	0.1	-0.1	2.38215
13059015	547	0.1	-0.1	3.10366
13059015	548	0.1	-0.1	1.52777
13059015	549	0.1	-0.1	3.65779
13059015	550	0.1	-0.1	-2.43286
13059015	551	0.1	-0.1	2.39691
13059015	552	0.1	-0.1	-1.38652
13059015	553	0.1	-0.1	-1.43429
13059015	554	0.1	-0.1	-5.82574
13059015	555	0.1	-0.1	2.83821
13059015	556	0.1	-0.1	2.16469
13059015	557	0.1	-0.1	1.29568
13059015	558	0.1	-0.1	-0.0641644
13059015	559	0.1	-0.1	5.47574
13059015	560	0.1	-0.1	3.07885
13059015	561	0.1	-0.1	-2.90215
13059015	562	0.1	-0.1	-2.21877
13059015	563	0.1	-0.1	2.65959
13059015	564	0.1	-0.1	-2.3542
13059015	565	0.1	-0.1	4.05798
13059015	566	0.1	-0.1	-0.489553
13059015	567	0.1	-0.1	2.23725
13059015	568	0.1	-0.1	-5.01013
13059015	569	0.1	-0.1	-4.85362
13059015	570	0.1	-0.1	0.365882
13059015	571	0.1	-0.1	-2.02526
13059015	572	0.1	-0.1	4.8149
13059015	573	0.1	-0.1	0.901242
13059015	574	0.1	-0.1	-1.40008
13059015	575	0.1	-0.1	-5.41685
13059015	576	0.1	-0.1	-1.25934
13059015	577	0.1	-0.1	-3.2073
13059015	578	0.1	-0.1	-1.94051
13059015	579	0.1	-0.1	4.02839
13059015	580	0.1	-0.1	3.80899
13059015	581	0.1	-0.1	3.13632
13059015	582	0.1	-0.1	1.95671
13059015	583	0.1	-0.1	-1.72884
13059015	584	0.1	-0.1	-2.6566
13059015	585	0.1	-0.1	1.93292
13059015	586	0.1	-0.1	-0.136595
13059015	587	0.1	-0.1	-2.44848
13059015	588	0.1	-0.1	3.09658
13059015	589	0.1	-0.1	5.01614
13059015	590	0.1	-0.1	2.09401
13059015	591	0.1	-0.1	-4.16739
13059015	592	0.1	-0.1	-3.22543
13059015	593	0.1	-0.1	4.54131
13059015	594	0.1	-0.1	-2.60167
13059015	595	0.1	-0.1	4.83905
13059015	596	0.1	-0.1	-4.60736
13059015	597	0.1	-0.1	5.35413
13059015	598	0.1	-0.1	1.86785
13059015	599	0.1	-0.1	-3.53943
13059015	600	0.1	-0.1	3.16374
13059015	601	0.1	-0.1	-5.92672
13059015	602	0.1	-0.1	-0.00749598
13059015	603	0.1	-0.1	4.8268
13059015	604	0.1	-0.1	4.71507
13059015	605	0.1	-0.1	-4.07024
13059015	606	0.1	-0.1	-1.67086
13059015	607	0.1	-0.1	4.81113
13059015	608	0.1	-0.1	-4.5294
13059015	609	0.1	-0.1	1.61123
13059015	610	0.1	-0.1	-2.17733
13059015	611	0.1	-0.1	1.49001
13059015	612	0.1	-0.1	1.73163
13059015	613	0.1	-0.1	-1.95832
13059015	614	0.1	-0.1	-3.53542
13059015	615	0.1	-0.1	3.4139
13059015	616	0.1	-0.1	-1.54488
13059015	617	0.1	-0.1	-1.3129
13059015	618	0.1	-0.1	-5.09962
13059015	619	0.1	-0.1	3.35006
13059015	620	0.1	-0.1	4.98144
13059015	621	0.1	-0.1	1.19204
13059015	622	0.1	-0.1	-2.69305
13059015	623	0.1	-0.1	-0.138808
13059015	624	0.1	-0.1	-4.87265
13059015	625	0.1	-0.1	-5.81406
13059015	626	0.1	-0.1	-4.39669
13059015	627	0.1	-0.1	1.52462
13059015	628	0.1	-0.1	-1.40667
13059015	629	0.1	-0.1	0.917421
13059015	630	0.1	-0.1	-2.67205
13059015	631	0.1	-0.1	1.13166
13059015	632	0.1	-0.1	-5.1298
13059015	633	0.1	-0.1	0.829304
13059015	634	0.1	-0.1	-1.84816
13059015	635	0.1	-0.1	-4.82368
13059015	636	0.1	-0.1	-0.748248
13059015	637	0.1	-0.1	-2.31527
13059015	638	0.1	-0.1	2.71257
13059015	639	0.1	-0.1	-4.98739
13059015	640	0.1	-0.1	-3.71533
13059015	641	0.1	-0.1	-5.19438
13059015	642	0.1	-0.1	2.9478
13059015	643	0.1	-0.1	-0.334824
13059015	644	0.1	-0.1	0.21277
13059015	645	0.1	-0.1	-4.69932
13059015	646	0.1	-0.1	1.08574
13059015	647	0.1	-0.1	-1.61852
13059015	648	0.1	-0.1	0.591342
13059015	649	0.1	-0.1	-3.22834
13059015	650	0.1	-0.1	-3.8425
13059015	651	0.1	-0.1	0.242376
13059015	652	0.1	-0.1	2.37888
13059015	653	0.1	-0.1	-5.74521
13059015	654	0.1	-0.1	-1.56503
13059015	655	0.1	-0.1	5.60877
13059015	656	0.1	-0.1	-3.54849
13059015	657	0.1	-0.1	-0.480252
13059015	658	0.1	-0.1	1.10692
13059015	659	0.1	-0.1	-5.6157
13059015	660	0.1	-0.1	1.45269
13059015	661	0.1	-0.1	5.14796
13059015	662	0.1	-0.1	4.03359
13059015	663	0.1	-0.1	4.91075
13059015	664	0.1	-0.1	4.35691
13059015	665	0.1	-0.1	3.41616
13059015	666	0.1	-0.1	-0.943288
13059015	667	0.1	-0.1	4.16738
13059015	668	0.1	-0.1	-5.53139
13059015	669	0.1	-0.1	2.98353
13059015	670	0.1	-0.1	2.38931
13059015	671	0.1	-0.1	2.51703
13059015	672	0.1	-0.1	-0.111154
13059015	673	0.1	-0.1	0.918847
13059015	674	0.1	-0.1	3.71546
13059015	675	0.1	-0.1	2.6289
13059015	676	0.1	-0.1	-0.757735
13059015	677	0.1	-0.1	0.291474
13059015	678	0.1	-0.1	4.67766
13059015	679	0.1	-0.1	1.24176
13059015	680	0.1	-0.1	-0.299582
13059015	681	0.1	-0.1	-3.84732
13059015	682	0.1	-0.1	4.79871
13059015	683	0.1	-0.1	-2.09662
13059015	684	0.1	-0.1	2.36018
13059015	685	0.1	-0.1	5.51817
13059015	686	0.1	-0.1	0.972278
13059015	687	0.1	-0.1	5.32924
13059015	688	0.1	-0.1	-1.12635
13059015	689	0.1	-0.1	4.62935
13059015	690	0.1	-0.1	-4.19735
13059015	691	0.1	-0.1	2.67666
13059015	692	0.1	-0.1	1.22504
13059015	693	0.1	-0.1	3.11373
13059015	694	0.1	-0.1	-5.65494
13059015	695	0.1	-0.1	-1.10309
13059015	696	0.1	-0.1	5.60035
13059015	697	0.1	-0.1	-0.650712
13059015	698	0.1	-0.1	-4.42626
13059015	699	0.1	-0.1	2.47309
13059015	700	0.1	-0.1	-3.25657
13059015	701	0.1	-0.1	1.90829
13059015	702	0.1	-0.1	4.0312
13059015	703	0.1	-0.1	-3.67738
13059015	704	0.1	-0.1	-1.55448
13059015	705	0.1	-0.1	0.404868
13059015	706	0.1	-0.1	-0.199061
13059015	707	0.1	-0.1	5.29666
13059015	708	0.1	-0.1	5.88061
13059015	709	0.1	-0.1	-4.82444
13059015	710	0.1	-0.1	-3.2938
13059015	711	0.1	-0.1	5.18105
13059015	712	0.1	-0.1	2.02199
13059015	713	0.1	-0.1	2.1442
13059015	714	0.1	-0.1	-5.68649
13059015	715	0.1	-0.1	5.89353
13059015	716	0.1	-0.1	3.63292
13059015	717	0.1	-0.1	3.40785
13059015	718	0.1	-0.1	2.15916
13059015	719	0.1	-0.1	2.48422
13059015	720	0.1	-0.1	2.51025
13059015	721	0.1	-0.1	5.62375
13059015	722	0.1	-0.1	0.0435125
13059015	723	0.1	-0.1	2.42118
13059015	724	0.1	-0.1	4.90444
13059015	725	0.1	-0.1	5.1549
13059015	726	0.1	-0.1	-5.69883
13059015	727	0.1	-0.1	2.97598
13059015	728	0.1	-0.1	4.52728
13059015	729	0.1	-0.1	-1.60907
13059015	730	0.1	-0.1	-5.216
13059015	731	0.1	-0.1	2.92493
13059015	732	0.1	-0.1	-2.78032
13059015	733	0.1	-0.1	-1.42817
13059015	734	0.1	-0.1	0.389043
13059015	735	0.1	-0.1	3.61424
13059015	736	0.1	-0.1	-1.6309
13059015	737	0.1	-0.1	3.20882
13059015	738	0.1	-0.1	3.20184
13059015	739	0.1	-0.1	2.47974
13059015	740	0.1	-0.1	0.70562
13059015	741	0.1	-0.1	2.04125
13059015	742	0.1	-0.1	-2.36009
13059015	743	0.1	-0.1	1.57791
13059015	744	0.1	-0.1	2.35707
13059015	745	0.1	-0.1	-1.18648
13059015	746	0.1	-0.1	-4.58826
13059015	747	0.1	-0.1	-2.05669
13059015	748	0.1	-0.1	4.66227
13059015	749	0.1	-0.1	-0.323716
13059015	750	0.1	-0.1	0.720287
13059015	751	0.1	-0.1	3.59635
13059015	752	0.1	-0.1	2.24421
13059015	753	0.1	-0.1	-0.11936
13059015	754	0.1	-0.1	5.37269
13059015	755	0.1	-0.1	-4.85926
13059015	756	0.1	-0.1	-3.93082
13059015	757	0.1	-0.1	-5.70703
13059015	758	0.1	-0.1	3.60392
13059015	759	0.1	-0.1	2.64967
13059015	760	0.1	-0.1	-0.535817
13059015	761	0.1	-0.1	-1.25528
13059015	762	0.1	-0.1	-3.2085
13059015	763	0.1	-0.1	4.87741
13059015	764	0.1	-0.1	2.88999
13059015	765	0.1	-0.1	-1.80621
13059015	766	0.1	-0.1	3.42806
13059015	767	0.1	-0.1	-3.95782
13059015	768	0.1	-0.1	5.27123
13059015	769	0.1	-0.1	-4.06899
13059015	770	0.1	-0.1	-1.75255
13059015	771	0.1	-0.1	-3.84393
13059015	772	0.1	-0.1	-1.30371
13059015	773	0.1	-0.1	1.87956
13059015	774	0.1	-0.1	-4.28979
13059015	775	0.1	-0.1	5.65502
13059015	776	0.1	-0.1	1.21546
13059015	777	0.1	-0.1	-3.75404
13059015	778	0.1	-0.1	2.87643
13059015	779	0.1	-0.1	-0.750188
13059015	780	0.1	-0.1	-5.02918
13059015	781	0.1	-0.1	2.56547
13059015	782	0.1	-0.1	-4.53703
13059015	783	0.1	-0.1	1.7681
13059015	784	0.1	-0.1	3.83691
13059015	785	0.1	-0.1	4.06853
13059015	786	0.1	-0.1	4.62824
13059015	787	0.1	-0.1	-0.48292
13059015	788	0.1	-0.1	0.301486
13059015	789	0.1	-0.1	3.30271
13059015	790	0.1	-0.1	5.93714
13059015	791	0.1	-0.1	3.22729
13059015	792	0.1	-0.1	3.96812
13059015	793	0.1	-0.1	-4.18433
13059015	794	0.1	-0.1	-4.77884
13059015	795	0.1	-0.1	-0.539197
13059015	796	0.1	-0.1	-4.05301
13059015	797	0.1	-0.1	4.29279
13059015	798	0.1	-0.1	-0.502867
13059015	799	0.1	-0.1	1.05972
13059015	800	0.1	-0.1	3.14112
13059015	801	0.1	-0.1	-3.5278
13059015	802	0.1	-0.1	5.76614
13059015	803	0.1	-0.1	-2.90314
13059015	804	0.1	-0.1	-0.394792
13059015	805	0.1	-0.1	-2.96137
13059015	806	0.1	-0.1	-1.01988
13059015	807	0.1	-0.1	2.82686
13059015	808	0.1	-0.1	3.97252
13059015	809	0.1	-0.1	-4.16092
13059015	810	0.1	-0.1	-0.47766
13059015	811	0.1	-0.1	-0.458798
13059015	812	0.1	-0.1	-0.805267
13059015	813	0.1	-0.1	-2.60064
13059015	814	0.1	-0.1	-2.5142
13059015	815	0.1	-0.1	-3.44097
13059015	816	0.1	-0.1	3.80232
13059015	817	0.1	-0.1	4.24766
13059015	818	0.1	-0.1	-3.93489
13059015	819	0.1	-0.1	-1.17236
13059015	820	0.1	-0.1	-4.44927
13059015	821	0.1	-0.1	2.12941
13059015	822	0.1	-0.1	3.87195
13059015	823	0.1	-0.1	1.877
13059015	824	0.1	-0.1	-0.32157
13059015	825	0.1	-0.1	-5.66658
13059015	826	0.1	-0.1	5.90148
13059015	827	0.1	-0.1	4.94685
13059015	828	0.1	-0.1	2.80532
13059015	829	0.1	-0.1	-1.92692
13059015	830	0.1	-0.1	-1.35107
13059015	831	0.1	-0.1	-4.93059
13059015	832	0.1	-0.1	3.02517
13059015	833	0.1	-0.1	5.46985
13059015	834	0.1	-0.1	-0.0466555
13059015	835	0.1	-0.1	-1.08425
13059015	836	0.1	-0.1	3.7262
13059015	837	0.1	-0.1	-3.14564
13059015	838	0.1	-0.1	-5.78061
13059015	839	0.1	-0.1	-4.89704
13059015	840	0.1	-0.1	1.54474
13059015	841	0.1	-0.1	4.56203
13059015	842	0.1	-0.1	3.87583
13059015	843	0.1	-0.1	3.34587
13059015	844	0.1	-0.1	0.14901
13059015	845	0.1	-0.1	4.56102
13059015	846	0.1	-0.1	-4.01892
13059015	847	0.1	-0.1	-1.91265
13059015	848	0.1	-0.1	-5.86783
13059015	849	0.1	-0.1	-3.06873
13059015	850	0.1	-0.1	-3.74761
13059015	851	0.1	-0.1	-4.46588
13059015	852	0.1	-0.1	-4.19129
13059015	853	0.1	-0.1	4.55929
13059015	854	0.1	-0.1	-3.59225
13059015	855	0.1	-0.1	-5.0919
13059015	856	0.1	-0.1	0.550794
13059015	857	0.1	-0.1	-1.86291
13059015	858	0.1	-0.1	3.85821
13059015	859	0.1	-0.1	-2.51377
13059015	860	0.1	-0.1	-1.5123
13059015	861	0.1	-0.1	-0.859531
13059015	862	0.1	-0.1	-3.95575
13059015	863	0.1	-0.1	3.20055
13059015	864	0.1	-0.1	-2.26175
13059015	865	0.1	-0.1	-4.1804
13059015	866	0.1	-0.1	-0.988105
13059015	867	0.1	-0.1	1.42142
13059015	868	0.1	-0.1	4.41489
13059015	869	0.1	-0.1	-2.54652
13059015	870	0.1	-0.1	-4.4824
13059015	871	0.1	-0.1	-0.0494663
13059015	872	0.1	-0.1	2.2057
13059015	873	0.1	-0.1	-4.25431
13059015	874	0.1	-0.1	4.43537
13059015	875	0.1	-0.1	-0.138042
13059015	876	0.1	-0.1	-0.156306
13059015	877	0.1	-0.1	-1.08036
13059015	878	0.1	-0.1	-2.22906
13059015	879	0.1	-0.1	-4.60771
13059015	880	0.1	-0.1	-0.622283
13059015	881	0.1	-0.1	-0.765732
13059015	882	0.1	-0.1	1.30555
13059015	883	0.1	-0.1	3.65023
13059015	884	0.1	-0.1	5.13366
13059015	885	0.1	-0.1	4.85038
13059015	886	0.1	-0.1	5.28535
13059015	887	0.1	-0.1	-5.67988
13059015	888	0.1	-0.1	0.0308511
13059015	889	0.1	-0.1	3.58459
13059015	890	0.1	-0.1	-0.00180636
13059015	891	0.1	-0.1	-3.73978
13059015	892	0.1	-0.1	3.39571
13059015	893	0.1	-0.1	-1.11401
13059015	894	0.1	-0.1	2.70645
13059015	895	0.1	-0.1	3.50888
13059015	896	0.1	-0.1	1.83298
13059015	897	0.1	-0.1	-5.21226
13059015	898	0.1	-0.1	-0.87286
13059015	899	0.1	-0.1	3.07971
13059015	900	0.1	-0.1	-0.814736
13059015	901	0.1	-0.1	-3.16083
13059015	902	0.1	-0.1	3.83313
13059015	903	0.1	-0.1	-2.75386
13059015	904	0.1	-0.1	-1.74426
13059015	905	0.1	-0.1	3.00962
13059015	906	0.1	-0.1	-0.290784
13059015	907	0.1	-0.1	0.0963145
13059015	908	0.1	-0.1	-2.39226
13059015	909	0.1	-0.1	-4.98826
13059015	910	0.1	-0.1	1.27425
13059015	911	0.1	-0.1	0.164096
13059015	912	0.1	-0.1	-2.57868
13059015	913	0.1	-0.1	5.36364
13059015	914	0.1	-0.1	-2.207
13059015	915	0.1	-0.1	4.94552
13059015	916	0.1	-0.1	1.10645
13059015	917	0.1	-0.1	-1.33224
13059015	918	0.1	-0.1	-5.29079
13059015	919	0.1	-0.1	-1.43207
13059015	920	0.1	-0.1	-1.46367
13059015	921	0.1	-0.1	2.10384
13059015	922	0.1	-0.1	1.38301
13059015	923	0.1	-0.1	-0.869942
13059015	924	0.1	-0.1	1.10822
13059015	925	0.1	-0.1	0.886055
13059015	926	0.1	-0.1	-4.36346
13059015	927	0.1	-0.1	4.09265
13059015	928	0.1	-0.1	-3.99127
13059015	929	0.1	-0.1	1.88027
13059015	930	0.1	-0.1	5.75677
13059015	931	0.1	-0.1	-2.04874
13059015	932	0.1	-0.1	-2.58331
13059015	933	0.1	-0.1	3.83202
13059015	934	0.1	-0.1	4.54279
13059015	935	0.1	-0.1	-0.36729
13059015	936	0.1	-0.1	-3.39133
13059015	937	0.1	-0.1	-1.97095
13059015	938	0.1	-0.1	0.772279
13059015	939	0.1	-0.1	3.56596
13059015	940	0.1	-0.1	-4.60249
13059015	941	0.1	-0.1	-5.91352
13059015	942	0.1	-0.1	5.14629
13059015	943	0.1	-0.1	1.1274
13059015	944	0.1	-0.1	5.38432
13059015	945	0.1	-0.1	-4.60756
13059015	946	0.1	-0.1	2.39539
13059015	947	0.1	-0.1	-1.25833
13059015	948	0.1	-0.1	3.01044
13059015	949	0.1	-0.1	-3.86658
13059015	950	0.1	-0.1	-1.2299
13059015	951	0.1	-0.1	-2.93204
13059015	952	0.1	-0.1	2.73854
13059015	953	0.1	-0.1	-3.05059
13059015	954	0.1	-0.1	-5.75305
13059015	955	0.1	-0.1	-2.54767
13059015	956	0.1	-0.1	-3.80924
13059015	957	0.1	-0.1	-1.72519
13059015	958	0.1	-0.1	5.1376
13059015	959	0.1	-0.1	0.259306
13059015	960	0.1	-0.1	-0.835579
13059015	961	0.1	-0.1	3.6813
13059015	962	0.1	-0.1	1.96526
13059015	963	0.1	-0.1	1.47567
13059015	964	0.1	-0.1	5.21293
13059015	965	0.1	-0.1	-2.95287
13059015	966	0.1	-0.1	1.88957
13059015	967	0.1	-0.1	-0.017303
13059015	968	0.1	-0.1	2.61821
13059015	969	0.1	-0.1	4.77493
13059015	970	0.1	-0.1	-5.50223
13059015	971	0.1	-0.1	-3.14561
13059015	972	0.1	-0.1	0.622403
13059015	973	0.1	-0.1	5.42977
13059015	974	0.1	-0.1	-2.81363
13059015	975	0.1	-0.1	0.951105
13059015	976	0.1	-0.1	4.73393
13059015	977	0.1	-0.1	2.6959
13059015	978	0.1	-0.1	-0.602121
13059015	979	0.1	-0.1	-3.33887
13059015	980	0.1	-0.1	-0.255799
13059015	981	0.1	-0.1	-3.89715
13059015	982	0.1	-0.1	-5.21175
13059015	983	0.1	-0.1	1.49772
13059015	984	0.1	-0.1	3.2259
13059015	985	0.1	-0.1	2.40955
13059015	986	0.1	-0.1	5.07706
13059015	987	0.1	-0.1	0.626834
13059015	988	0.1	-0.1	-5.30575
13059015	989	0.1	-0.1	1.5281
13059015	990	0.1	-0.1	-5.72662
13059015	991	0.1	-0.1	-4.0477
13059015	992	0.1	-0.1	2.31063
13059015	993	0.1	-0.1	-5.5399
13059015	994	0.1	-0.1	-1.2661
13059015	995	0.1	-0.1	-1.96959
13059015	996	0.1	-0.1	-5.06857
13059015	997	0.1	-0.1	1.43303
13059015	998	0.1	-0.1	3.16394
13059015	999	0.1	-0.1	-4.09223
13059015	1000	0.1	-0.1	-2.49569
