13052045	1	0.1	-0.1	-2.30303
13052045	2	0.1	-0.1	3.91715
13052045	3	0.1	-0.1	-4.7325
13052045	4	0.1	-0.1	2.22303
13052045	5	0.1	-0.1	-5.61216
13052045	6	0.1	-0.1	0.521968
13052045	7	0.1	-0.1	3.19841
13052045	8	0.1	-0.1	-4.502
13052045	9	0.1	-0.1	-3.87617
13052045	10	0.1	-0.1	4.05025
13052045	11	0.1	-0.1	0.449582
13052045	12	0.1	-0.1	-2.90264
13052045	13	0.1	-0.1	1.40587
13052045	14	0.1	-0.1	-3.74624
13052045	15	0.1	-0.1	1.77485
13052045	16	0.1	-0.1	4.33882
13052045	17	0.1	-0.1	-0.275164
13052045	18	0.1	-0.1	-2.71278
13052045	19	0.1	-0.1	-1.02033
13052045	20	0.1	-0.1	4.93099
13052045	21	0.1	-0.1	-1.3912
13052045	22	0.1	-0.1	-3.03737
13052045	23	0.1	-0.1	-4.48402
13052045	24	0.1	-0.1	3.48989
13052045	25	0.1	-0.1	4.39248
13052045	26	0.1	-0.1	-4.12794
13052045	27	0.1	-0.1	-5.16792
13052045	28	0.1	-0.1	-4.14454
13052045	29	0.1	-0.1	1.71371
13052045	30	0.1	-0.1	-0.596577
13052045	31	0.1	-0.1	3.01178
13052045	32	0.1	-0.1	4.49051
13052045	33	0.1	-0.1	-5.38185
13052045	34	0.1	-0.1	0.0874294
13052045	35	0.1	-0.1	2.11176
13052045	36	0.1	-0.1	5.8353
13052045	37	0.1	-0.1	-3.13819
13052045	38	0.1	-0.1	-3.32347
13052045	39	0.1	-0.1	0.0323342
13052045	40	0.1	-0.1	-5.58489
13052045	41	0.1	-0.1	-3.5502
13052045	42	0.1	-0.1	-4.44866
13052045	43	0.1	-0.1	-3.20528
13052045	44	0.1	-0.1	-3.71613
13052045	45	0.1	-0.1	1.24742
13052045	46	0.1	-0.1	-4.5588
13052045	47	0.1	-0.1	-1.57868
13052045	48	0.1	-0.1	5.74564
13052045	49	0.1	-0.1	-2.83516
13052045	50	0.1	-0.1	0.96596
13052045	51	0.1	-0.1	4.62687
13052045	52	0.1	-0.1	0.30587
13052045	53	0.1	-0.1	-2.99
13052045	54	0.1	-0.1	2.60872
13052045	55	0.1	-0.1	-1.6111
13052045	56	0.1	-0.1	1.97917
13052045	57	0.1	-0.1	1.02589
13052045	58	0.1	-0.1	5.59151
13052045	59	0.1	-0.1	4.86109
13052045	60	0.1	-0.1	2.69322
13052045	61	0.1	-0.1	4.32411
13052045	62	0.1	-0.1	1.59791
13052045	63	0.1	-0.1	-4.19751
13052045	64	0.1	-0.1	-2.35421
13052045	65	0.1	-0.1	-5.78246
13052045	66	0.1	-0.1	5.66192
13052045	67	0.1	-0.1	-1.40582
13052045	68	0.1	-0.1	2.90882
13052045	69	0.1	-0.1	-5.82041
13052045	70	0.1	-0.1	-2.0822
13052045	71	0.1	-0.1	0.465032
13052045	72	0.1	-0.1	-1.90385
13052045	73	0.1	-0.1	-3.09296
13052045	74	0.1	-0.1	4.56863
13052045	75	0.1	-0.1	-4.21594
13052045	76	0.1	-0.1	3.68992
13052045	77	0.1	-0.1	-4.08743
13052045	78	0.1	-0.1	-1.08222
13052045	79	0.1	-0.1	4.3084
13052045	80	0.1	-0.1	2.18925
13052045	81	0.1	-0.1	1.62204
13052045	82	0.1	-0.1	1.26423
13052045	83	0.1	-0.1	3.57645
13052045	84	0.1	-0.1	-0.196951
13052045	85	0.1	-0.1	1.62739
13052045	86	0.1	-0.1	-4.10815
13052045	87	0.1	-0.1	0.459851
13052045	88	0.1	-0.1	-3.74928
13052045	89	0.1	-0.1	-1.6573
13052045	90	0.1	-0.1	-0.592522
13052045	91	0.1	-0.1	1.29065
13052045	92	0.1	-0.1	1.55125
13052045	93	0.1	-0.1	-3.67568
13052045	94	0.1	-0.1	0.990006
13052045	95	0.1	-0.1	2.4701
13052045	96	0.1	-0.1	2.49253
13052045	97	0.1	-0.1	-2.61994
13052045	98	0.1	-0.1	-4.19383
13052045	99	0.1	-0.1	-0.0666863
13052045	100	0.1	-0.1	0.392539
13052045	101	0.1	-0.1	-3.69283
13052045	102	0.1	-0.1	5.65995
13052045	103	0.1	-0.1	-2.79623
13052045	104	0.1	-0.1	1.02821
13052045	105	0.1	-0.1	-0.944493
13052045	106	0.1	-0.1	-0.233053
13052045	107	0.1	-0.1	-4.65587
13052045	108	0.1	-0.1	-4.05535
13052045	109	0.1	-0.1	-5.92646
13052045	110	0.1	-0.1	-5.74905
13052045	111	0.1	-0.1	5.83273
13052045	112	0.1	-0.1	3.24203
13052045	113	0.1	-0.1	1.7811
13052045	114	0.1	-0.1	-0.383614
13052045	115	0.1	-0.1	3.20113
13052045	116	0.1	-0.1	2.67408
13052045	117	0.1	-0.1	-3.08343
13052045	118	0.1	-0.1	3.41631
13052045	119	0.1	-0.1	5.69423
13052045	120	0.1	-0.1	-5.32145
13052045	121	0.1	-0.1	0.895862
13052045	122	0.1	-0.1	4.55231
13052045	123	0.1	-0.1	2.28992
13052045	124	0.1	-0.1	1.83691
13052045	125	0.1	-0.1	3.56138
13052045	126	0.1	-0.1	-2.88591
13052045	127	0.1	-0.1	-2.01159
13052045	128	0.1	-0.1	2.67212
13052045	129	0.1	-0.1	-4.55145
13052045	130	0.1	-0.1	-1.08773
13052045	131	0.1	-0.1	4.99148
13052045	132	0.1	-0.1	-2.29496
13052045	133	0.1	-0.1	-0.25773
13052045	134	0.1	-0.1	1.5296
13052045	135	0.1	-0.1	1.62245
13052045	136	0.1	-0.1	1.49959
13052045	137	0.1	-0.1	5.08228
13052045	138	0.1	-0.1	1.27513
13052045	139	0.1	-0.1	1.07892
13052045	140	0.1	-0.1	-3.7317
13052045	141	0.1	-0.1	-0.0367524
13052045	142	0.1	-0.1	-2.82339
13052045	143	0.1	-0.1	2.01849
13052045	144	0.1	-0.1	-1.52827
13052045	145	0.1	-0.1	1.50547
13052045	146	0.1	-0.1	-0.707972
13052045	147	0.1	-0.1	0.79768
13052045	148	0.1	-0.1	5.99378
13052045	149	0.1	-0.1	0.593853
13052045	150	0.1	-0.1	-1.50133
13052045	151	0.1	-0.1	-4.12292
13052045	152	0.1	-0.1	-3.24572
13052045	153	0.1	-0.1	-5.99235
13052045	154	0.1	-0.1	-3.52534
13052045	155	0.1	-0.1	3.31143
13052045	156	0.1	-0.1	2.23762
13052045	157	0.1	-0.1	-2.34658
13052045	158	0.1	-0.1	1.31304
13052045	159	0.1	-0.1	-2.84735
13052045	160	0.1	-0.1	3.82783
13052045	161	0.1	-0.1	-0.647449
13052045	162	0.1	-0.1	-0.988751
13052045	163	0.1	-0.1	-3.68471
13052045	164	0.1	-0.1	-3.41004
13052045	165	0.1	-0.1	2.25328
13052045	166	0.1	-0.1	5.2109
13052045	167	0.1	-0.1	-5.5834
13052045	168	0.1	-0.1	-1.59074
13052045	169	0.1	-0.1	4.11309
13052045	170	0.1	-0.1	5.13541
13052045	171	0.1	-0.1	-4.18257
13052045	172	0.1	-0.1	1.00899
13052045	173	0.1	-0.1	-0.123156
13052045	174	0.1	-0.1	-0.301238
13052045	175	0.1	-0.1	2.01622
13052045	176	0.1	-0.1	-3.48865
13052045	177	0.1	-0.1	5.54416
13052045	178	0.1	-0.1	-2.01382
13052045	179	0.1	-0.1	-3.74308
13052045	180	0.1	-0.1	-1.79258
13052045	181	0.1	-0.1	-2.5576
13052045	182	0.1	-0.1	-0.399132
13052045	183	0.1	-0.1	-2.69673
13052045	184	0.1	-0.1	2.61803
13052045	185	0.1	-0.1	-5.69733
13052045	186	0.1	-0.1	-4.39885
13052045	187	0.1	-0.1	-1.16374
13052045	188	0.1	-0.1	1.63268
13052045	189	0.1	-0.1	-4.70704
13052045	190	0.1	-0.1	3.19715
13052045	191	0.1	-0.1	-0.741178
13052045	192	0.1	-0.1	-2.94266
13052045	193	0.1	-0.1	-1.97974
13052045	194	0.1	-0.1	-2.24719
13052045	195	0.1	-0.1	2.76585
13052045	196	0.1	-0.1	5.8322
13052045	197	0.1	-0.1	-5.53325
13052045	198	0.1	-0.1	-3.3703
13052045	199	0.1	-0.1	3.42836
13052045	200	0.1	-0.1	-2.67106
13052045	201	0.1	-0.1	-5.77611
13052045	202	0.1	-0.1	-4.77473
13052045	203	0.1	-0.1	0.437514
13052045	204	0.1	-0.1	0.387071
13052045	205	0.1	-0.1	-2.01125
13052045	206	0.1	-0.1	2.91492
13052045	207	0.1	-0.1	-2.24005
13052045	208	0.1	-0.1	3.38873
13052045	209	0.1	-0.1	-3.26553
13052045	210	0.1	-0.1	-1.6941
13052045	211	0.1	-0.1	1.10965
13052045	212	0.1	-0.1	-0.519468
13052045	213	0.1	-0.1	4.20174
13052045	214	0.1	-0.1	1.09712
13052045	215	0.1	-0.1	-3.11956
13052045	216	0.1	-0.1	-3.10021
13052045	217	0.1	-0.1	-0.350308
13052045	218	0.1	-0.1	0.921308
13052045	219	0.1	-0.1	4.78081
13052045	220	0.1	-0.1	-3.20359
13052045	221	0.1	-0.1	-0.270608
13052045	222	0.1	-0.1	0.151692
13052045	223	0.1	-0.1	-2.10526
13052045	224	0.1	-0.1	-0.642897
13052045	225	0.1	-0.1	0.285051
13052045	226	0.1	-0.1	1.22513
13052045	227	0.1	-0.1	5.7978
13052045	228	0.1	-0.1	5.68739
13052045	229	0.1	-0.1	3.99961
13052045	230	0.1	-0.1	0.576468
13052045	231	0.1	-0.1	-4.56437
13052045	232	0.1	-0.1	-1.56147
13052045	233	0.1	-0.1	-5.75914
13052045	234	0.1	-0.1	4.05917
13052045	235	0.1	-0.1	4.47828
13052045	236	0.1	-0.1	4.72046
13052045	237	0.1	-0.1	0.584622
13052045	238	0.1	-0.1	-5.39464
13052045	239	0.1	-0.1	-5.86987
13052045	240	0.1	-0.1	-4.23156
13052045	241	0.1	-0.1	-1.69936
13052045	242	0.1	-0.1	2.96356
13052045	243	0.1	-0.1	-2.03476
13052045	244	0.1	-0.1	2.42221
13052045	245	0.1	-0.1	-1.02669
13052045	246	0.1	-0.1	-2.45775
13052045	247	0.1	-0.1	3.01054
13052045	248	0.1	-0.1	1.99799
13052045	249	0.1	-0.1	-2.66878
13052045	250	0.1	-0.1	-1.24097
13052045	251	0.1	-0.1	-0.991634
13052045	252	0.1	-0.1	5.54633
13052045	253	0.1	-0.1	-5.48916
13052045	254	0.1	-0.1	-2.64632
13052045	255	0.1	-0.1	-5.43691
13052045	256	0.1	-0.1	-0.553825
13052045	257	0.1	-0.1	-1.82746
13052045	258	0.1	-0.1	-2.79412
13052045	259	0.1	-0.1	-2.95426
13052045	260	0.1	-0.1	-3.60501
13052045	261	0.1	-0.1	0.0445165
13052045	262	0.1	-0.1	1.54935
13052045	263	0.1	-0.1	-3.35746
13052045	264	0.1	-0.1	-5.51091
13052045	265	0.1	-0.1	5.4058
13052045	266	0.1	-0.1	1.06089
13052045	267	0.1	-0.1	-2.20354
13052045	268	0.1	-0.1	-3.43868
13052045	269	0.1	-0.1	4.86701
13052045	270	0.1	-0.1	-4.58203
13052045	271	0.1	-0.1	-4.2888
13052045	272	0.1	-0.1	-1.69492
13052045	273	0.1	-0.1	-0.999247
13052045	274	0.1	-0.1	1.00533
13052045	275	0.1	-0.1	3.96425
13052045	276	0.1	-0.1	-0.391444
13052045	277	0.1	-0.1	3.22145
13052045	278	0.1	-0.1	-4.50496
13052045	279	0.1	-0.1	-2.72234
13052045	280	0.1	-0.1	-3.9751
13052045	281	0.1	-0.1	5.3252
13052045	282	0.1	-0.1	0.819227
13052045	283	0.1	-0.1	3.72848
13052045	284	0.1	-0.1	-4.08106
13052045	285	0.1	-0.1	3.6306
13052045	286	0.1	-0.1	2.58143
13052045	287	0.1	-0.1	4.97944
13052045	288	0.1	-0.1	3.87518
13052045	289	0.1	-0.1	-4.72191
13052045	290	0.1	-0.1	-1.5427
13052045	291	0.1	-0.1	-5.12502
13052045	292	0.1	-0.1	-5.93819
13052045	293	0.1	-0.1	5.3052
13052045	294	0.1	-0.1	5.31951
13052045	295	0.1	-0.1	-0.289923
13052045	296	0.1	-0.1	5.69692
13052045	297	0.1	-0.1	1.93596
13052045	298	0.1	-0.1	-0.449448
13052045	299	0.1	-0.1	2.18211
13052045	300	0.1	-0.1	-5.01609
13052045	301	0.1	-0.1	-0.496832
13052045	302	0.1	-0.1	1.36951
13052045	303	0.1	-0.1	0.696887
13052045	304	0.1	-0.1	-5.42185
13052045	305	0.1	-0.1	0.950153
13052045	306	0.1	-0.1	2.40808
13052045	307	0.1	-0.1	3.49317
13052045	308	0.1	-0.1	0.056649
13052045	309	0.1	-0.1	0.57648
13052045	310	0.1	-0.1	1.62434
13052045	311	0.1	-0.1	-5.72634
13052045	312	0.1	-0.1	-4.90842
13052045	313	0.1	-0.1	3.34633
13052045	314	0.1	-0.1	2.08164
13052045	315	0.1	-0.1	-3.36261
13052045	316	0.1	-0.1	-0.816352
13052045	317	0.1	-0.1	5.09594
13052045	318	0.1	-0.1	-3.55674
13052045	319	0.1	-0.1	-2.49535
13052045	320	0.1	-0.1	-2.81227
13052045	321	0.1	-0.1	-3.64736
13052045	322	0.1	-0.1	1.23684
13052045	323	0.1	-0.1	-5.93828
13052045	324	0.1	-0.1	-4.9135
13052045	325	0.1	-0.1	2.35967
13052045	326	0.1	-0.1	0.512197
13052045	327	0.1	-0.1	0.484025
13052045	328	0.1	-0.1	-4.91774
13052045	329	0.1	-0.1	0.0286026
13052045	330	0.1	-0.1	-1.0191
13052045	331	0.1	-0.1	1.99018
13052045	332	0.1	-0.1	1.81772
13052045	333	0.1	-0.1	4.99965
13052045	334	0.1	-0.1	3.72987
13052045	335	0.1	-0.1	-0.723888
13052045	336	0.1	-0.1	-5.54902
13052045	337	0.1	-0.1	1.06585
13052045	338	0.1	-0.1	-1.41101
13052045	339	0.1	-0.1	5.8011
13052045	340	0.1	-0.1	-2.75501
13052045	341	0.1	-0.1	-0.652252
13052045	342	0.1	-0.1	5.58558
13052045	343	0.1	-0.1	-0.729929
13052045	344	0.1	-0.1	4.07294
13052045	345	0.1	-0.1	-1.54738
13052045	346	0.1	-0.1	0.724877
13052045	347	0.1	-0.1	4.08711
13052045	348	0.1	-0.1	3.62674
13052045	349	0.1	-0.1	1.88847
13052045	350	0.1	-0.1	-4.21541
13052045	351	0.1	-0.1	-0.745788
13052045	352	0.1	-0.1	-2.35805
13052045	353	0.1	-0.1	-1.24819
13052045	354	0.1	-0.1	-0.468209
13052045	355	0.1	-0.1	-1.36842
13052045	356	0.1	-0.1	5.43678
13052045	357	0.1	-0.1	-0.730304
13052045	358	0.1	-0.1	-5.86705
13052045	359	0.1	-0.1	3.67097
13052045	360	0.1	-0.1	1.69615
13052045	361	0.1	-0.1	4.81265
13052045	362	0.1	-0.1	-1.04182
13052045	363	0.1	-0.1	-2.60751
13052045	364	0.1	-0.1	-0.961547
13052045	365	0.1	-0.1	-1.56774
13052045	366	0.1	-0.1	-4.14203
13052045	367	0.1	-0.1	3.14571
13052045	368	0.1	-0.1	-2.2203
13052045	369	0.1	-0.1	-1.23143
13052045	370	0.1	-0.1	5.37315
13052045	371	0.1	-0.1	-2.12848
13052045	372	0.1	-0.1	-5.55904
13052045	373	0.1	-0.1	5.05703
13052045	374	0.1	-0.1	-4.98116
13052045	375	0.1	-0.1	1.30753
13052045	376	0.1	-0.1	-0.74096
13052045	377	0.1	-0.1	-5.03473
13052045	378	0.1	-0.1	-3.72123
13052045	379	0.1	-0.1	0.173525
13052045	380	0.1	-0.1	-4.69386
13052045	381	0.1	-0.1	3.98565
13052045	382	0.1	-0.1	0.829437
13052045	383	0.1	-0.1	-4.34155
13052045	384	0.1	-0.1	-4.77969
13052045	385	0.1	-0.1	-3.75967
13052045	386	0.1	-0.1	-3.7155
13052045	387	0.1	-0.1	-4.27413
13052045	388	0.1	-0.1	0.444729
13052045	389	0.1	-0.1	-1.05638
13052045	390	0.1	-0.1	-3.1585
13052045	391	0.1	-0.1	2.94704
13052045	392	0.1	-0.1	4.09535
13052045	393	0.1	-0.1	1.29011
13052045	394	0.1	-0.1	1.21831
13052045	395	0.1	-0.1	-0.0526927
13052045	396	0.1	-0.1	4.90029
13052045	397	0.1	-0.1	2.0029
13052045	398	0.1	-0.1	4.10447
13052045	399	0.1	-0.1	2.85165
13052045	400	0.1	-0.1	0.761536
13052045	401	0.1	-0.1	-2.11778
13052045	402	0.1	-0.1	5.37167
13052045	403	0.1	-0.1	0.853479
13052045	404	0.1	-0.1	-3.50687
13052045	405	0.1	-0.1	-3.62108
13052045	406	0.1	-0.1	5.93668
13052045	407	0.1	-0.1	1.45495
13052045	408	0.1	-0.1	-5.27004
13052045	409	0.1	-0.1	-2.94381
13052045	410	0.1	-0.1	3.19504
13052045	411	0.1	-0.1	-3.33033
13052045	412	0.1	-0.1	0.465651
13052045	413	0.1	-0.1	0.563796
13052045	414	0.1	-0.1	1.95495
13052045	415	0.1	-0.1	-2.8095
13052045	416	0.1	-0.1	-5.79965
13052045	417	0.1	-0.1	3.98823
13052045	418	0.1	-0.1	2.65841
13052045	419	0.1	-0.1	-4.70331
13052045	420	0.1	-0.1	-3.49641
13052045	421	0.1	-0.1	4.0586
13052045	422	0.1	-0.1	0.377668
13052045	423	0.1	-0.1	-4.33314
13052045	424	0.1	-0.1	-4.2738
13052045	425	0.1	-0.1	-3.92763
13052045	426	0.1	-0.1	-0.620622
13052045	427	0.1	-0.1	1.38665
13052045	428	0.1	-0.1	-3.07722
13052045	429	0.1	-0.1	-5.09853
13052045	430	0.1	-0.1	-0.252077
13052045	431	0.1	-0.1	-1.60432
13052045	432	0.1	-0.1	3.58233
13052045	433	0.1	-0.1	1.51218
13052045	434	0.1	-0.1	3.84494
13052045	435	0.1	-0.1	-2.08002
13052045	436	0.1	-0.1	5.78497
13052045	437	0.1	-0.1	1.40499
13052045	438	0.1	-0.1	-1.45
13052045	439	0.1	-0.1	4.95609
13052045	440	0.1	-0.1	-4.88774
13052045	441	0.1	-0.1	2.10946
13052045	442	0.1	-0.1	0.726694
13052045	443	0.1	-0.1	-3.00346
13052045	444	0.1	-0.1	4.91562
13052045	445	0.1	-0.1	-3.22864
13052045	446	0.1	-0.1	2.2203
13052045	447	0.1	-0.1	4.83458
13052045	448	0.1	-0.1	4.53972
13052045	449	0.1	-0.1	-5.01263
13052045	450	0.1	-0.1	-2.04979
13052045	451	0.1	-0.1	2.82713
13052045	452	0.1	-0.1	-2.75967
13052045	453	0.1	-0.1	1.36569
13052045	454	0.1	-0.1	-0.653581
13052045	455	0.1	-0.1	-0.347379
13052045	456	0.1	-0.1	-4.81597
13052045	457	0.1	-0.1	2.62382
13052045	458	0.1	-0.1	-1.36042
13052045	459	0.1	-0.1	-1.89641
13052045	460	0.1	-0.1	-4.71196
13052045	461	0.1	-0.1	-1.49399
13052045	462	0.1	-0.1	1.19761
13052045	463	0.1	-0.1	-0.634607
13052045	464	0.1	-0.1	0.685116
13052045	465	0.1	-0.1	-4.90854
13052045	466	0.1	-0.1	-4.25513
13052045	467	0.1	-0.1	2.67446
13052045	468	0.1	-0.1	-0.965179
13052045	469	0.1	-0.1	3.76807
13052045	470	0.1	-0.1	2.88086
13052045	471	0.1	-0.1	2.0809
13052045	472	0.1	-0.1	5.32066
13052045	473	0.1	-0.1	-3.08211
13052045	474	0.1	-0.1	0.657127
13052045	475	0.1	-0.1	-2.35641
13052045	476	0.1	-0.1	5.52976
13052045	477	0.1	-0.1	-4.37023
13052045	478	0.1	-0.1	-3.82372
13052045	479	0.1	-0.1	-0.363377
13052045	480	0.1	-0.1	4.58292
13052045	481	0.1	-0.1	3.70663
13052045	482	0.1	-0.1	3.54385
13052045	483	0.1	-0.1	4.4699
13052045	484	0.1	-0.1	-1.94655
13052045	485	0.1	-0.1	2.46275
13052045	486	0.1	-0.1	-3.73004
13052045	487	0.1	-0.1	-4.37421
13052045	488	0.1	-0.1	4.09849
13052045	489	0.1	-0.1	2.82578
13052045	490	0.1	-0.1	-1.34045
13052045	491	0.1	-0.1	1.68201
13052045	492	0.1	-0.1	-0.523235
13052045	493	0.1	-0.1	-5.5637
13052045	494	0.1	-0.1	-2.35632
13052045	495	0.1	-0.1	2.33417
13052045	496	0.1	-0.1	0.816748
13052045	497	0.1	-0.1	-3.74339
13052045	498	0.1	-0.1	5.16738
13052045	499	0.1	-0.1	4.49355
13052045	500	0.1	-0.1	-0.897984
13052045	501	0.1	-0.1	2.78833
13052045	502	0.1	-0.1	-4.09572
13052045	503	0.1	-0.1	-1.1762
13052045	504	0.1	-0.1	-4.84986
13052045	505	0.1	-0.1	-3.64136
13052045	506	0.1	-0.1	3.38614
13052045	507	0.1	-0.1	-1.42711
13052045	508	0.1	-0.1	5.21303
13052045	509	0.1	-0.1	1.52286
13052045	510	0.1	-0.1	-2.35469
13052045	511	0.1	-0.1	-2.6722
13052045	512	0.1	-0.1	5.73
13052045	513	0.1	-0.1	-0.0265305
13052045	514	0.1	-0.1	-1.52109
13052045	515	0.1	-0.1	4.3516
13052045	516	0.1	-0.1	4.33614
13052045	517	0.1	-0.1	-2.69727
13052045	518	0.1	-0.1	-5.26802
13052045	519	0.1	-0.1	-3.75587
13052045	520	0.1	-0.1	0.830516
13052045	521	0.1	-0.1	4.03982
13052045	522	0.1	-0.1	-3.79978
13052045	523	0.1	-0.1	0.870225
13052045	524	0.1	-0.1	0.217142
13052045	525	0.1	-0.1	4.60423
13052045	526	0.1	-0.1	4.09916
13052045	527	0.1	-0.1	-4.06353
13052045	528	0.1	-0.1	-3.23532
13052045	529	0.1	-0.1	-5.67193
13052045	530	0.1	-0.1	2.89141
13052045	531	0.1	-0.1	3.16594
13052045	532	0.1	-0.1	-1.78773
13052045	533	0.1	-0.1	-0.779025
13052045	534	0.1	-0.1	3.1477
13052045	535	0.1	-0.1	5.96315
13052045	536	0.1	-0.1	-3.51285
13052045	537	0.1	-0.1	5.00085
13052045	538	0.1	-0.1	-4.48956
13052045	539	0.1	-0.1	-5.35562
13052045	540	0.1	-0.1	0.265756
13052045	541	0.1	-0.1	-3.84415
13052045	542	0.1	-0.1	3.83525
13052045	543	0.1	-0.1	-3.017
13052045	544	0.1	-0.1	5.98798
13052045	545	0.1	-0.1	-0.848141
13052045	546	0.1	-0.1	3.23189
13052045	547	0.1	-0.1	5.18901
13052045	548	0.1	-0.1	4.33194
13052045	549	0.1	-0.1	-2.35536
13052045	550	0.1	-0.1	-5.48389
13052045	551	0.1	-0.1	-1.91168
13052045	552	0.1	-0.1	-0.11513
13052045	553	0.1	-0.1	3.42372
13052045	554	0.1	-0.1	4.27791
13052045	555	0.1	-0.1	0.949344
13052045	556	0.1	-0.1	1.70929
13052045	557	0.1	-0.1	-0.801627
13052045	558	0.1	-0.1	-1.31262
13052045	559	0.1	-0.1	1.00078
13052045	560	0.1	-0.1	5.80986
13052045	561	0.1	-0.1	1.43051
13052045	562	0.1	-0.1	5.57563
13052045	563	0.1	-0.1	-0.710151
13052045	564	0.1	-0.1	-3.56103
13052045	565	0.1	-0.1	-5.44542
13052045	566	0.1	-0.1	-0.875356
13052045	567	0.1	-0.1	-2.97171
13052045	568	0.1	-0.1	-1.22133
13052045	569	0.1	-0.1	4.39889
13052045	570	0.1	-0.1	5.69639
13052045	571	0.1	-0.1	-2.49444
13052045	572	0.1	-0.1	-4.21917
13052045	573	0.1	-0.1	-2.48804
13052045	574	0.1	-0.1	5.81595
13052045	575	0.1	-0.1	2.38684
13052045	576	0.1	-0.1	0.267853
13052045	577	0.1	-0.1	-2.1634
13052045	578	0.1	-0.1	2.25926
13052045	579	0.1	-0.1	3.23096
13052045	580	0.1	-0.1	0.183673
13052045	581	0.1	-0.1	0.606335
13052045	582	0.1	-0.1	-1.28177
13052045	583	0.1	-0.1	-1.1804
13052045	584	0.1	-0.1	-0.131969
13052045	585	0.1	-0.1	-4.51769
13052045	586	0.1	-0.1	4.22653
13052045	587	0.1	-0.1	-1.85643
13052045	588	0.1	-0.1	-2.64007
13052045	589	0.1	-0.1	3.73436
13052045	590	0.1	-0.1	-1.84851
13052045	591	0.1	-0.1	-3.18618
13052045	592	0.1	-0.1	-1.39526
13052045	593	0.1	-0.1	0.233437
13052045	594	0.1	-0.1	5.15839
13052045	595	0.1	-0.1	1.64092
13052045	596	0.1	-0.1	5.32616
13052045	597	0.1	-0.1	5.73216
13052045	598	0.1	-0.1	-2.06487
13052045	599	0.1	-0.1	-0.488958
13052045	600	0.1	-0.1	-2.29284
13052045	601	0.1	-0.1	5.5866
13052045	602	0.1	-0.1	5.85399
13052045	603	0.1	-0.1	4.45349
13052045	604	0.1	-0.1	-1.79094
13052045	605	0.1	-0.1	-4.02988
13052045	606	0.1	-0.1	-2.18609
13052045	607	0.1	-0.1	-5.68491
13052045	608	0.1	-0.1	3.01126
13052045	609	0.1	-0.1	-5.13127
13052045	610	0.1	-0.1	2.15051
13052045	611	0.1	-0.1	-2.05587
13052045	612	0.1	-0.1	-4.18778
13052045	613	0.1	-0.1	-2.24927
13052045	614	0.1	-0.1	-5.06101
13052045	615	0.1	-0.1	4.02737
13052045	616	0.1	-0.1	1.90118
13052045	617	0.1	-0.1	-1.23116
13052045	618	0.1	-0.1	-0.681646
13052045	619	0.1	-0.1	-4.50327
13052045	620	0.1	-0.1	-5.62265
13052045	621	0.1	-0.1	-2.00041
13052045	622	0.1	-0.1	4.77959
13052045	623	0.1	-0.1	4.1801
13052045	624	0.1	-0.1	5.72995
13052045	625	0.1	-0.1	4.71151
13052045	626	0.1	-0.1	3.62257
13052045	627	0.1	-0.1	2.98387
13052045	628	0.1	-0.1	-4.3864
13052045	629	0.1	-0.1	-1.11652
13052045	630	0.1	-0.1	4.13401
13052045	631	0.1	-0.1	-2.24621
13052045	632	0.1	-0.1	-1.59647
13052045	633	0.1	-0.1	-5.34304
13052045	634	0.1	-0.1	3.03478
13052045	635	0.1	-0.1	-2.36192
13052045	636	0.1	-0.1	0.18311
13052045	637	0.1	-0.1	4.50973
13052045	638	0.1	-0.1	-2.65263
13052045	639	0.1	-0.1	-4.86557
13052045	640	0.1	-0.1	3.71243
13052045	641	0.1	-0.1	1.80253
13052045	642	0.1	-0.1	4.94947
13052045	643	0.1	-0.1	0.45387
13052045	644	0.1	-0.1	-2.50537
13052045	645	0.1	-0.1	3.33093
13052045	646	0.1	-0.1	-1.3033
13052045	647	0.1	-0.1	4.1944
13052045	648	0.1	-0.1	-2.46325
13052045	649	0.1	-0.1	1.998
13052045	650	0.1	-0.1	-4.89227
13052045	651	0.1	-0.1	-3.33684
13052045	652	0.1	-0.1	5.87511
13052045	653	0.1	-0.1	1.98597
13052045	654	0.1	-0.1	-0.4044
13052045	655	0.1	-0.1	-3.58117
13052045	656	0.1	-0.1	1.10565
13052045	657	0.1	-0.1	0.946027
13052045	658	0.1	-0.1	0.124927
13052045	659	0.1	-0.1	-3.70016
13052045	660	0.1	-0.1	-0.235827
13052045	661	0.1	-0.1	-5.4218
13052045	662	0.1	-0.1	1.11844
13052045	663	0.1	-0.1	-4.28391
13052045	664	0.1	-0.1	-0.622325
13052045	665	0.1	-0.1	-4.68479
13052045	666	0.1	-0.1	3.36893
13052045	667	0.1	-0.1	-4.37522
13052045	668	0.1	-0.1	2.673
13052045	669	0.1	-0.1	0.910194
13052045	670	0.1	-0.1	-4.50537
13052045	671	0.1	-0.1	-3.82178
13052045	672	0.1	-0.1	-0.0744157
13052045	673	0.1	-0.1	1.01203
13052045	674	0.1	-0.1	5.20183
13052045	675	0.1	-0.1	-2.63433
13052045	676	0.1	-0.1	4.77157
13052045	677	0.1	-0.1	3.88265
13052045	678	0.1	-0.1	-3.28652
13052045	679	0.1	-0.1	2.23281
13052045	680	0.1	-0.1	-5.26769
13052045	681	0.1	-0.1	2.62342
13052045	682	0.1	-0.1	-1.758
13052045	683	0.1	-0.1	1.28864
13052045	684	0.1	-0.1	-2.85021
13052045	685	0.1	-0.1	-4.41621
13052045	686	0.1	-0.1	2.75143
13052045	687	0.1	-0.1	-4.79978
13052045	688	0.1	-0.1	-0.231821
13052045	689	0.1	-0.1	-1.4061
13052045	690	0.1	-0.1	0.861268
13052045	691	0.1	-0.1	-3.24987
13052045	692	0.1	-0.1	3.80681
13052045	693	0.1	-0.1	-3.80674
13052045	694	0.1	-0.1	-2.14899
13052045	695	0.1	-0.1	-4.86386
13052045	696	0.1	-0.1	3.33354
13052045	697	0.1	-0.1	-0.597031
13052045	698	0.1	-0.1	2.56657
13052045	699	0.1	-0.1	4.88148
13052045	700	0.1	-0.1	1.85352
13052045	701	0.1	-0.1	-0.798784
13052045	702	0.1	-0.1	2.30514
13052045	703	0.1	-0.1	5.86787
13052045	704	0.1	-0.1	-2.47933
13052045	705	0.1	-0.1	-0.812634
13052045	706	0.1	-0.1	0.123756
13052045	707	0.1	-0.1	0.0983236
13052045	708	0.1	-0.1	-2.31685
13052045	709	0.1	-0.1	4.44474
13052045	710	0.1	-0.1	-0.440188
13052045	711	0.1	-0.1	-0.8867
13052045	712	0.1	-0.1	2.61877
13052045	713	0.1	-0.1	2.30731
13052045	714	0.1	-0.1	0.345142
13052045	715	0.1	-0.1	-1.70081
13052045	716	0.1	-0.1	5.1183
13052045	717	0.1	-0.1	0.813229
13052045	718	0.1	-0.1	5.19954
13052045	719	0.1	-0.1	-1.14632
13052045	720	0.1	-0.1	5.11187
13052045	721	0.1	-0.1	-0.973073
13052045	722	0.1	-0.1	4.96815
13052045	723	0.1	-0.1	3.74202
13052045	724	0.1	-0.1	-2.6771
13052045	725	0.1	-0.1	-3.47116
13052045	726	0.1	-0.1	3.65493
13052045	727	0.1	-0.1	-4.50674
13052045	728	0.1	-0.1	-0.797297
13052045	729	0.1	-0.1	-3.05821
13052045	730	0.1	-0.1	-1.82522
13052045	731	0.1	-0.1	4.77475
13052045	732	0.1	-0.1	2.79558
13052045	733	0.1	-0.1	0.926343
13052045	734	0.1	-0.1	-4.31472
13052045	735	0.1	-0.1	1.429
13052045	736	0.1	-0.1	5.20108
13052045	737	0.1	-0.1	-2.07609
13052045	738	0.1	-0.1	5.94665
13052045	739	0.1	-0.1	0.777493
13052045	740	0.1	-0.1	-4.17129
13052045	741	0.1	-0.1	5.8585
13052045	742	0.1	-0.1	2.95315
13052045	743	0.1	-0.1	2.94207
13052045	744	0.1	-0.1	3.71093
13052045	745	0.1	-0.1	0.870213
13052045	746	0.1	-0.1	-2.69382
13052045	747	0.1	-0.1	2.64838
13052045	748	0.1	-0.1	-4.25508
13052045	749	0.1	-0.1	0.117558
13052045	750	0.1	-0.1	-0.353576
13052045	751	0.1	-0.1	-0.189956
13052045	752	0.1	-0.1	-0.0671921
13052045	753	0.1	-0.1	2.00687
13052045	754	0.1	-0.1	5.32919
13052045	755	0.1	-0.1	2.06062
13052045	756	0.1	-0.1	-1.10833
13052045	757	0.1	-0.1	3.53539
13052045	758	0.1	-0.1	-1.26312
13052045	759	0.1	-0.1	-3.94051
13052045	760	0.1	-0.1	-5.39305
13052045	761	0.1	-0.1	-2.46217
13052045	762	0.1	-0.1	3.20179
13052045	763	0.1	-0.1	0.0362089
13052045	764	0.1	-0.1	5.32135
13052045	765	0.1	-0.1	2.7306
13052045	766	0.1	-0.1	5.55738
13052045	767	0.1	-0.1	-0.117999
13052045	768	0.1	-0.1	-2.31766
13052045	769	0.1	-0.1	-3.25208
13052045	770	0.1	-0.1	2.99901
13052045	771	0.1	-0.1	-2.17871
13052045	772	0.1	-0.1	-1.3413
13052045	773	0.1	-0.1	1.30294
13052045	774	0.1	-0.1	-2.32559
13052045	775	0.1	-0.1	-3.10321
13052045	776	0.1	-0.1	2.7703
13052045	777	0.1	-0.1	-1.30697
13052045	778	0.1	-0.1	-4.97642
13052045	779	0.1	-0.1	4.34581
13052045	780	0.1	-0.1	5.0786
13052045	781	0.1	-0.1	-4.79142
13052045	782	0.1	-0.1	5.05541
13052045	783	0.1	-0.1	5.55998
13052045	784	0.1	-0.1	-1.2758
13052045	785	0.1	-0.1	4.0304
13052045	786	0.1	-0.1	-5.08578
13052045	787	0.1	-0.1	0.435175
13052045	788	0.1	-0.1	1.37127
13052045	789	0.1	-0.1	-0.135923
13052045	790	0.1	-0.1	2.39506
13052045	791	0.1	-0.1	3.15675
13052045	792	0.1	-0.1	4.06418
13052045	793	0.1	-0.1	2.37388
13052045	794	0.1	-0.1	0.166376
13052045	795	0.1	-0.1	3.83986
13052045	796	0.1	-0.1	-4.21639
13052045	797	0.1	-0.1	-0.612524
13052045	798	0.1	-0.1	-3.85953
13052045	799	0.1	-0.1	-1.64751
13052045	800	0.1	-0.1	2.57973
13052045	801	0.1	-0.1	5.52071
13052045	802	0.1	-0.1	2.94719
13052045	803	0.1	-0.1	1.42604
13052045	804	0.1	-0.1	-0.188529
13052045	805	0.1	-0.1	4.37865
13052045	806	0.1	-0.1	-3.762
13052045	807	0.1	-0.1	4.25398
13052045	808	0.1	-0.1	-5.09004
13052045	809	0.1	-0.1	-3.67842
13052045	810	0.1	-0.1	2.41874
13052045	811	0.1	-0.1	2.55625
13052045	812	0.1	-0.1	-1.16845
13052045	813	0.1	-0.1	1.90329
13052045	814	0.1	-0.1	4.26319
13052045	815	0.1	-0.1	1.82202
13052045	816	0.1	-0.1	3.65573
13052045	817	0.1	-0.1	1.05166
13052045	818	0.1	-0.1	-0.560118
13052045	819	0.1	-0.1	5.10938
13052045	820	0.1	-0.1	1.67606
13052045	821	0.1	-0.1	0.625688
13052045	822	0.1	-0.1	3.21058
13052045	823	0.1	-0.1	4.81368
13052045	824	0.1	-0.1	0.599916
13052045	825	0.1	-0.1	-1.13341
13052045	826	0.1	-0.1	-4.2515
13052045	827	0.1	-0.1	1.09805
13052045	828	0.1	-0.1	3.00285
13052045	829	0.1	-0.1	-3.39776
13052045	830	0.1	-0.1	-5.61674
13052045	831	0.1	-0.1	4.79229
13052045	832	0.1	-0.1	-4.47618
13052045	833	0.1	-0.1	2.13308
13052045	834	0.1	-0.1	-3.17439
13052045	835	0.1	-0.1	1.94031
13052045	836	0.1	-0.1	4.62778
13052045	837	0.1	-0.1	0.830596
13052045	838	0.1	-0.1	5.93597
13052045	839	0.1	-0.1	-3.62165
13052045	840	0.1	-0.1	-0.465423
13052045	841	0.1	-0.1	2.83512
13052045	842	0.1	-0.1	1.82907
13052045	843	0.1	-0.1	4.14033
13052045	844	0.1	-0.1	2.46294
13052045	845	0.1	-0.1	3.61409
13052045	846	0.1	-0.1	5.85206
13052045	847	0.1	-0.1	3.38323
13052045	848	0.1	-0.1	-0.279757
13052045	849	0.1	-0.1	-5.04824
13052045	850	0.1	-0.1	5.5503
13052045	851	0.1	-0.1	2.19251
13052045	852	0.1	-0.1	-5.60209
13052045	853	0.1	-0.1	3.5432
13052045	854	0.1	-0.1	1.83221
13052045	855	0.1	-0.1	3.55862
13052045	856	0.1	-0.1	-3.72153
13052045	857	0.1	-0.1	-5.41117
13052045	858	0.1	-0.1	-2.3815
13052045	859	0.1	-0.1	-5.9084
13052045	860	0.1	-0.1	3.23776
13052045	861	0.1	-0.1	0.488339
13052045	862	0.1	-0.1	-5.4269
13052045	863	0.1	-0.1	2.93618
13052045	864	0.1	-0.1	-3.13609
13052045	865	0.1	-0.1	-1.0415
13052045	866	0.1	-0.1	-2.67405
13052045	867	0.1	-0.1	-1.71196
13052045	868	0.1	-0.1	5.51176
13052045	869	0.1	-0.1	0.766331
13052045	870	0.1	-0.1	-5.16043
13052045	871	0.1	-0.1	-2.65878
13052045	872	0.1	-0.1	-5.35466
13052045	873	0.1	-0.1	2.84196
13052045	874	0.1	-0.1	4.86278
13052045	875	0.1	-0.1	0.202084
13052045	876	0.1	-0.1	4.52306
13052045	877	0.1	-0.1	2.55639
13052045	878	0.1	-0.1	0.35249
13052045	879	0.1	-0.1	2.55206
13052045	880	0.1	-0.1	3.69606
13052045	881	0.1	-0.1	-2.08844
13052045	882	0.1	-0.1	2.55772
13052045	883	0.1	-0.1	-4.00748
13052045	884	0.1	-0.1	-4.19625
13052045	885	0.1	-0.1	-3.37566
13052045	886	0.1	-0.1	2.13773
13052045	887	0.1	-0.1	-2.79972
13052045	888	0.1	-0.1	-3.50007
13052045	889	0.1	-0.1	5.52223
13052045	890	0.1	-0.1	-5.67591
13052045	891	0.1	-0.1	-3.81071
13052045	892	0.1	-0.1	4.62722
13052045	893	0.1	-0.1	2.56677
13052045	894	0.1	-0.1	2.91711
13052045	895	0.1	-0.1	-2.4851
13052045	896	0.1	-0.1	0.139682
13052045	897	0.1	-0.1	5.31967
13052045	898	0.1	-0.1	3.1905
13052045	899	0.1	-0.1	-1.82636
13052045	900	0.1	-0.1	1.40293
13052045	901	0.1	-0.1	1.23429
13052045	902	0.1	-0.1	-5.14426
13052045	903	0.1	-0.1	-2.61589
13052045	904	0.1	-0.1	4.63734
13052045	905	0.1	-0.1	-4.55085
13052045	906	0.1	-0.1	-5.5108
13052045	907	0.1	-0.1	0.0728784
13052045	908	0.1	-0.1	3.7674
13052045	909	0.1	-0.1	5.14987
13052045	910	0.1	-0.1	2.44101
13052045	911	0.1	-0.1	4.37662
13052045	912	0.1	-0.1	-3.57055
13052045	913	0.1	-0.1	5.642
13052045	914	0.1	-0.1	5.71279
13052045	915	0.1	-0.1	-1.30249
13052045	916	0.1	-0.1	-4.93809
13052045	917	0.1	-0.1	-3.28419
13052045	918	0.1	-0.1	-3.05659
13052045	919	0.1	-0.1	2.09368
13052045	920	0.1	-0.1	2.00443
13052045	921	0.1	-0.1	1.7516
13052045	922	0.1	-0.1	5.22163
13052045	923	0.1	-0.1	4.22318
13052045	924	0.1	-0.1	-3.92679
13052045	925	0.1	-0.1	0.086471
13052045	926	0.1	-0.1	5.24142
13052045	927	0.1	-0.1	-0.367187
13052045	928	0.1	-0.1	1.10079
13052045	929	0.1	-0.1	-5.75246
13052045	930	0.1	-0.1	-0.239285
13052045	931	0.1	-0.1	2.41706
13052045	932	0.1	-0.1	0.290414
13052045	933	0.1	-0.1	-3.20516
13052045	934	0.1	-0.1	2.31408
13052045	935	0.1	-0.1	2.00602
13052045	936	0.1	-0.1	-3.12321
13052045	937	0.1	-0.1	2.06528
13052045	938	0.1	-0.1	-3.12524
13052045	939	0.1	-0.1	-4.07744
13052045	940	0.1	-0.1	-4.11687
13052045	941	0.1	-0.1	2.0052
13052045	942	0.1	-0.1	-0.996018
13052045	943	0.1	-0.1	1.4598
13052045	944	0.1	-0.1	-5.9425
13052045	945	0.1	-0.1	-2.82407
13052045	946	0.1	-0.1	-2.00732
13052045	947	0.1	-0.1	0.0317093
13052045	948	0.1	-0.1	-1.39848
13052045	949	0.1	-0.1	5.1754
13052045	950	0.1	-0.1	-0.884275
13052045	951	0.1	-0.1	5.95211
13052045	952	0.1	-0.1	-1.38438
13052045	953	0.1	-0.1	-1.69242
13052045	954	0.1	-0.1	-1.22667
13052045	955	0.1	-0.1	-3.05609
13052045	956	0.1	-0.1	0.901018
13052045	957	0.1	-0.1	5.02457
13052045	958	0.1	-0.1	0.530978
13052045	959	0.1	-0.1	1.02863
13052045	960	0.1	-0.1	1.33694
13052045	961	0.1	-0.1	5.1414
13052045	962	0.1	-0.1	-3.9936
13052045	963	0.1	-0.1	2.84435
13052045	964	0.1	-0.1	-5.39129
13052045	965	0.1	-0.1	2.61039
13052045	966	0.1	-0.1	1.48032
13052045	967	0.1	-0.1	2.00253
13052045	968	0.1	-0.1	-3.75882
13052045	969	0.1	-0.1	4.38935
13052045	970	0.1	-0.1	3.90567
13052045	971	0.1	-0.1	-0.128576
13052045	972	0.1	-0.1	0.220876
13052045	973	0.1	-0.1	-4.88038
13052045	974	0.1	-0.1	3.86146
13052045	975	0.1	-0.1	1.44604
13052045	976	0.1	-0.1	-0.884922
13052045	977	0.1	-0.1	2.2708
13052045	978	0.1	-0.1	3.13593
13052045	979	0.1	-0.1	-1.70625
13052045	980	0.1	-0.1	-1.34499
13052045	981	0.1	-0.1	5.15074
13052045	982	0.1	-0.1	4.28285
13052045	983	0.1	-0.1	-5.35898
13052045	984	0.1	-0.1	-1.72364
13052045	985	0.1	-0.1	-1.24844
13052045	986	0.1	-0.1	-0.118428
13052045	987	0.1	-0.1	-5.82013
13052045	988	0.1	-0.1	5.82309
13052045	989	0.1	-0.1	1.94223
13052045	990	0.1	-0.1	3.5988
13052045	991	0.1	-0.1	4.56662
13052045	992	0.1	-0.1	-5.05155
13052045	993	0.1	-0.1	-3.08733
13052045	994	0.1	-0.1	-0.462596
13052045	995	0.1	-0.1	-4.15886
13052045	996	0.1	-0.1	-1.19033
13052045	997	0.1	-0.1	4.29371
13052045	998	0.1	-0.1	-5.40882
13052045	999	0.1	-0.1	-1.19441
13052045	1000	0.1	-0.1	-0.75315
