13050023	1	0.1	-0.1	2.50836
13050023	2	0.1	-0.1	3.21882
13050023	3	0.1	-0.1	-4.47255
13050023	4	0.1	-0.1	-2.47263
13050023	5	0.1	-0.1	3.68332
13050023	6	0.1	-0.1	-2.17084
13050023	7	0.1	-0.1	4.18411
13050023	8	0.1	-0.1	-5.26141
13050023	9	0.1	-0.1	1.44182
13050023	10	0.1	-0.1	0.702401
13050023	11	0.1	-0.1	4.96557
13050023	12	0.1	-0.1	4.15213
13050023	13	0.1	-0.1	-2.37202
13050023	14	0.1	-0.1	-0.228943
13050023	15	0.1	-0.1	4.09122
13050023	16	0.1	-0.1	-0.279377
13050023	17	0.1	-0.1	-1.34742
13050023	18	0.1	-0.1	3.94892
13050023	19	0.1	-0.1	0.719428
13050023	20	0.1	-0.1	-2.73789
13050023	21	0.1	-0.1	5.58951
13050023	22	0.1	-0.1	1.65572
13050023	23	0.1	-0.1	-5.3003
13050023	24	0.1	-0.1	-5.24922
13050023	25	0.1	-0.1	3.11504
13050023	26	0.1	-0.1	-2.0112
13050023	27	0.1	-0.1	-2.44238
13050023	28	0.1	-0.1	0.692723
13050023	29	0.1	-0.1	-0.694608
13050023	30	0.1	-0.1	5.80424
13050023	31	0.1	-0.1	4.36239
13050023	32	0.1	-0.1	2.15667
13050023	33	0.1	-0.1	-5.91703
13050023	34	0.1	-0.1	1.82418
13050023	35	0.1	-0.1	3.39691
13050023	36	0.1	-0.1	-1.40397
13050023	37	0.1	-0.1	2.88307
13050023	38	0.1	-0.1	-3.90906
13050023	39	0.1	-0.1	1.21864
13050023	40	0.1	-0.1	-3.1894
13050023	41	0.1	-0.1	-4.32725
13050023	42	0.1	-0.1	-5.19501
13050023	43	0.1	-0.1	-1.92033
13050023	44	0.1	-0.1	3.39053
13050023	45	0.1	-0.1	-3.65933
13050023	46	0.1	-0.1	-1.01631
13050023	47	0.1	-0.1	5.07707
13050023	48	0.1	-0.1	2.00296
13050023	49	0.1	-0.1	-1.50818
13050023	50	0.1	-0.1	-2.57288
13050023	51	0.1	-0.1	4.96564
13050023	52	0.1	-0.1	-3.46468
13050023	53	0.1	-0.1	2.49469
13050023	54	0.1	-0.1	-3.06568
13050023	55	0.1	-0.1	-1.31772
13050023	56	0.1	-0.1	3.69278
13050023	57	0.1	-0.1	0.787378
13050023	58	0.1	-0.1	-0.241743
13050023	59	0.1	-0.1	3.38345
13050023	60	0.1	-0.1	1.51973
13050023	61	0.1	-0.1	1.03804
13050023	62	0.1	-0.1	-4.37293
13050023	63	0.1	-0.1	4.12748
13050023	64	0.1	-0.1	-1.41192
13050023	65	0.1	-0.1	0.442048
13050023	66	0.1	-0.1	-1.77485
13050023	67	0.1	-0.1	2.09411
13050023	68	0.1	-0.1	3.35678
13050023	69	0.1	-0.1	1.2815
13050023	70	0.1	-0.1	5.80941
13050023	71	0.1	-0.1	2.90318
13050023	72	0.1	-0.1	3.20997
13050023	73	0.1	-0.1	2.26333
13050023	74	0.1	-0.1	-3.50521
13050023	75	0.1	-0.1	3.31667
13050023	76	0.1	-0.1	-3.68283
13050023	77	0.1	-0.1	-1.05549
13050023	78	0.1	-0.1	-1.6527
13050023	79	0.1	-0.1	5.80821
13050023	80	0.1	-0.1	-5.78145
13050023	81	0.1	-0.1	-0.280195
13050023	82	0.1	-0.1	1.0093
13050023	83	0.1	-0.1	2.37915
13050023	84	0.1	-0.1	0.536065
13050023	85	0.1	-0.1	-0.516186
13050023	86	0.1	-0.1	3.82297
13050023	87	0.1	-0.1	-1.43189
13050023	88	0.1	-0.1	-0.092412
13050023	89	0.1	-0.1	4.3804
13050023	90	0.1	-0.1	-2.64628
13050023	91	0.1	-0.1	-1.66418
13050023	92	0.1	-0.1	-2.31206
13050023	93	0.1	-0.1	2.58594
13050023	94	0.1	-0.1	4.14425
13050023	95	0.1	-0.1	0.804644
13050023	96	0.1	-0.1	-1.56
13050023	97	0.1	-0.1	2.08053
13050023	98	0.1	-0.1	-2.43509
13050023	99	0.1	-0.1	1.93929
13050023	100	0.1	-0.1	2.44614
13050023	101	0.1	-0.1	-5.2369
13050023	102	0.1	-0.1	-1.13846
13050023	103	0.1	-0.1	-0.793399
13050023	104	0.1	-0.1	-1.09072
13050023	105	0.1	-0.1	-3.577
13050023	106	0.1	-0.1	0.830948
13050023	107	0.1	-0.1	-1.97326
13050023	108	0.1	-0.1	2.46076
13050023	109	0.1	-0.1	5.99842
13050023	110	0.1	-0.1	-4.00278
13050023	111	0.1	-0.1	-1.56339
13050023	112	0.1	-0.1	3.68684
13050023	113	0.1	-0.1	5.47392
13050023	114	0.1	-0.1	5.53689
13050023	115	0.1	-0.1	-1.24142
13050023	116	0.1	-0.1	-3.90545
13050023	117	0.1	-0.1	0.0565186
13050023	118	0.1	-0.1	-1.81561
13050023	119	0.1	-0.1	5.66755
13050023	120	0.1	-0.1	-3.23093
13050023	121	0.1	-0.1	5.10955
13050023	122	0.1	-0.1	2.38163
13050023	123	0.1	-0.1	1.78365
13050023	124	0.1	-0.1	-3.58563
13050023	125	0.1	-0.1	-3.53938
13050023	126	0.1	-0.1	3.80352
13050023	127	0.1	-0.1	-1.67263
13050023	128	0.1	-0.1	4.92584
13050023	129	0.1	-0.1	-4.35661
13050023	130	0.1	-0.1	1.49368
13050023	131	0.1	-0.1	-0.640385
13050023	132	0.1	-0.1	5.09089
13050023	133	0.1	-0.1	0.569727
13050023	134	0.1	-0.1	-0.344482
13050023	135	0.1	-0.1	4.07723
13050023	136	0.1	-0.1	-5.28635
13050023	137	0.1	-0.1	5.61529
13050023	138	0.1	-0.1	-1.99788
13050023	139	0.1	-0.1	4.55461
13050023	140	0.1	-0.1	5.17513
13050023	141	0.1	-0.1	0.511248
13050023	142	0.1	-0.1	3.98618
13050023	143	0.1	-0.1	-2.06226
13050023	144	0.1	-0.1	-3.72157
13050023	145	0.1	-0.1	5.59862
13050023	146	0.1	-0.1	2.20284
13050023	147	0.1	-0.1	0.486388
13050023	148	0.1	-0.1	-4.17349
13050023	149	0.1	-0.1	5.88513
13050023	150	0.1	-0.1	-4.48426
13050023	151	0.1	-0.1	-3.75055
13050023	152	0.1	-0.1	5.95439
13050023	153	0.1	-0.1	0.199304
13050023	154	0.1	-0.1	-0.0294429
13050023	155	0.1	-0.1	5.64846
13050023	156	0.1	-0.1	1.36045
13050023	157	0.1	-0.1	3.69938
13050023	158	0.1	-0.1	-1.2779
13050023	159	0.1	-0.1	-2.64106
13050023	160	0.1	-0.1	1.54117
13050023	161	0.1	-0.1	-3.95001
13050023	162	0.1	-0.1	-4.78484
13050023	163	0.1	-0.1	0.535357
13050023	164	0.1	-0.1	-5.78472
13050023	165	0.1	-0.1	2.71479
13050023	166	0.1	-0.1	2.91102
13050023	167	0.1	-0.1	1.82784
13050023	168	0.1	-0.1	1.62471
13050023	169	0.1	-0.1	-0.477048
13050023	170	0.1	-0.1	0.56332
13050023	171	0.1	-0.1	5.77588
13050023	172	0.1	-0.1	-5.20239
13050023	173	0.1	-0.1	-5.28954
13050023	174	0.1	-0.1	5.13262
13050023	175	0.1	-0.1	-2.19721
13050023	176	0.1	-0.1	-3.65525
13050023	177	0.1	-0.1	-3.6051
13050023	178	0.1	-0.1	-2.63804
13050023	179	0.1	-0.1	-0.624661
13050023	180	0.1	-0.1	-0.912501
13050023	181	0.1	-0.1	2.79542
13050023	182	0.1	-0.1	0.429555
13050023	183	0.1	-0.1	-2.28701
13050023	184	0.1	-0.1	0.474055
13050023	185	0.1	-0.1	-3.85769
13050023	186	0.1	-0.1	-0.160908
13050023	187	0.1	-0.1	-1.53844
13050023	188	0.1	-0.1	1.13804
13050023	189	0.1	-0.1	-5.8008
13050023	190	0.1	-0.1	0.52577
13050023	191	0.1	-0.1	0.252847
13050023	192	0.1	-0.1	-1.48841
13050023	193	0.1	-0.1	1.24921
13050023	194	0.1	-0.1	4.40494
13050023	195	0.1	-0.1	5.89004
13050023	196	0.1	-0.1	-5.4929
13050023	197	0.1	-0.1	3.58512
13050023	198	0.1	-0.1	5.79718
13050023	199	0.1	-0.1	-3.9553
13050023	200	0.1	-0.1	2.08797
13050023	201	0.1	-0.1	-1.60028
13050023	202	0.1	-0.1	-4.19264
13050023	203	0.1	-0.1	5.22033
13050023	204	0.1	-0.1	-2.55322
13050023	205	0.1	-0.1	-3.08515
13050023	206	0.1	-0.1	5.48277
13050023	207	0.1	-0.1	-3.61748
13050023	208	0.1	-0.1	1.57825
13050023	209	0.1	-0.1	5.71082
13050023	210	0.1	-0.1	1.22521
13050023	211	0.1	-0.1	3.89275
13050023	212	0.1	-0.1	-4.60209
13050023	213	0.1	-0.1	4.58438
13050023	214	0.1	-0.1	-1.37223
13050023	215	0.1	-0.1	4.27039
13050023	216	0.1	-0.1	-1.72637
13050023	217	0.1	-0.1	1.38298
13050023	218	0.1	-0.1	3.78707
13050023	219	0.1	-0.1	-2.72346
13050023	220	0.1	-0.1	-0.841817
13050023	221	0.1	-0.1	5.82168
13050023	222	0.1	-0.1	3.5269
13050023	223	0.1	-0.1	1.2861
13050023	224	0.1	-0.1	-5.97797
13050023	225	0.1	-0.1	-3.3845
13050023	226	0.1	-0.1	-3.1102
13050023	227	0.1	-0.1	-2.27454
13050023	228	0.1	-0.1	-3.32502
13050023	229	0.1	-0.1	-1.50997
13050023	230	0.1	-0.1	-3.62791
13050023	231	0.1	-0.1	-4.94689
13050023	232	0.1	-0.1	1.31494
13050023	233	0.1	-0.1	-1.30438
13050023	234	0.1	-0.1	0.253461
13050023	235	0.1	-0.1	-0.228626
13050023	236	0.1	-0.1	5.29441
13050023	237	0.1	-0.1	-1.35064
13050023	238	0.1	-0.1	-2.58878
13050023	239	0.1	-0.1	-5.64732
13050023	240	0.1	-0.1	4.17711
13050023	241	0.1	-0.1	4.94116
13050023	242	0.1	-0.1	-1.54918
13050023	243	0.1	-0.1	3.3984
13050023	244	0.1	-0.1	-3.74867
13050023	245	0.1	-0.1	2.34687
13050023	246	0.1	-0.1	5.52684
13050023	247	0.1	-0.1	0.56809
13050023	248	0.1	-0.1	-3.95899
13050023	249	0.1	-0.1	1.18624
13050023	250	0.1	-0.1	-5.58455
13050023	251	0.1	-0.1	0.0465282
13050023	252	0.1	-0.1	1.46026
13050023	253	0.1	-0.1	3.60136
13050023	254	0.1	-0.1	0.357526
13050023	255	0.1	-0.1	-1.19337
13050023	256	0.1	-0.1	5.31378
13050023	257	0.1	-0.1	1.92316
13050023	258	0.1	-0.1	-0.305345
13050023	259	0.1	-0.1	-1.37473
13050023	260	0.1	-0.1	2.60085
13050023	261	0.1	-0.1	0.452892
13050023	262	0.1	-0.1	2.86774
13050023	263	0.1	-0.1	-2.54126
13050023	264	0.1	-0.1	-3.28416
13050023	265	0.1	-0.1	2.28634
13050023	266	0.1	-0.1	0.138057
13050023	267	0.1	-0.1	3.59856
13050023	268	0.1	-0.1	-1.48576
13050023	269	0.1	-0.1	5.80164
13050023	270	0.1	-0.1	3.73746
13050023	271	0.1	-0.1	-4.63013
13050023	272	0.1	-0.1	-2.34249
13050023	273	0.1	-0.1	-4.04216
13050023	274	0.1	-0.1	-5.74423
13050023	275	0.1	-0.1	-2.15158
13050023	276	0.1	-0.1	1.9628
13050023	277	0.1	-0.1	2.96418
13050023	278	0.1	-0.1	-3.26638
13050023	279	0.1	-0.1	-0.821776
13050023	280	0.1	-0.1	-5.2017
13050023	281	0.1	-0.1	-4.32234
13050023	282	0.1	-0.1	4.93939
13050023	283	0.1	-0.1	-3.21287
13050023	284	0.1	-0.1	-1.29177
13050023	285	0.1	-0.1	3.77469
13050023	286	0.1	-0.1	0.231863
13050023	287	0.1	-0.1	-1.45373
13050023	288	0.1	-0.1	-0.502571
13050023	289	0.1	-0.1	4.18757
13050023	290	0.1	-0.1	-1.64087
13050023	291	0.1	-0.1	-2.03048
13050023	292	0.1	-0.1	-4.8004
13050023	293	0.1	-0.1	-5.36837
13050023	294	0.1	-0.1	4.36778
13050023	295	0.1	-0.1	-1.12732
13050023	296	0.1	-0.1	-0.109885
13050023	297	0.1	-0.1	-2.77882
13050023	298	0.1	-0.1	0.195718
13050023	299	0.1	-0.1	-2.37723
13050023	300	0.1	-0.1	2.04818
13050023	301	0.1	-0.1	3.09669
13050023	302	0.1	-0.1	-0.532996
13050023	303	0.1	-0.1	2.99409
13050023	304	0.1	-0.1	-4.78121
13050023	305	0.1	-0.1	0.578068
13050023	306	0.1	-0.1	3.47535
13050023	307	0.1	-0.1	-0.646493
13050023	308	0.1	-0.1	1.27653
13050023	309	0.1	-0.1	-2.50825
13050023	310	0.1	-0.1	-2.44841
13050023	311	0.1	-0.1	-5.21869
13050023	312	0.1	-0.1	3.88478
13050023	313	0.1	-0.1	5.89877
13050023	314	0.1	-0.1	-4.58193
13050023	315	0.1	-0.1	4.33115
13050023	316	0.1	-0.1	-0.168673
13050023	317	0.1	-0.1	3.27397
13050023	318	0.1	-0.1	-2.09707
13050023	319	0.1	-0.1	-3.43971
13050023	320	0.1	-0.1	-3.15918
13050023	321	0.1	-0.1	-4.59091
13050023	322	0.1	-0.1	-4.08206
13050023	323	0.1	-0.1	3.93709
13050023	324	0.1	-0.1	-2.30175
13050023	325	0.1	-0.1	-3.55138
13050023	326	0.1	-0.1	-3.29534
13050023	327	0.1	-0.1	0.139199
13050023	328	0.1	-0.1	-0.826063
13050023	329	0.1	-0.1	0.675224
13050023	330	0.1	-0.1	1.10303
13050023	331	0.1	-0.1	-3.60394
13050023	332	0.1	-0.1	2.45724
13050023	333	0.1	-0.1	-4.77772
13050023	334	0.1	-0.1	2.50772
13050023	335	0.1	-0.1	-3.81337
13050023	336	0.1	-0.1	5.915
13050023	337	0.1	-0.1	3.78897
13050023	338	0.1	-0.1	-1.14748
13050023	339	0.1	-0.1	4.95695
13050023	340	0.1	-0.1	5.25982
13050023	341	0.1	-0.1	1.60338
13050023	342	0.1	-0.1	0.790199
13050023	343	0.1	-0.1	-2.52534
13050023	344	0.1	-0.1	2.73404
13050023	345	0.1	-0.1	5.41444
13050023	346	0.1	-0.1	0.203789
13050023	347	0.1	-0.1	2.64573
13050023	348	0.1	-0.1	-4.23595
13050023	349	0.1	-0.1	-3.94358
13050023	350	0.1	-0.1	3.9493
13050023	351	0.1	-0.1	-0.421394
13050023	352	0.1	-0.1	5.92816
13050023	353	0.1	-0.1	-0.798764
13050023	354	0.1	-0.1	-0.39329
13050023	355	0.1	-0.1	-5.89786
13050023	356	0.1	-0.1	4.56946
13050023	357	0.1	-0.1	5.87325
13050023	358	0.1	-0.1	-5.95917
13050023	359	0.1	-0.1	-0.130953
13050023	360	0.1	-0.1	-1.55333
13050023	361	0.1	-0.1	5.37001
13050023	362	0.1	-0.1	-2.84452
13050023	363	0.1	-0.1	-2.57791
13050023	364	0.1	-0.1	5.76836
13050023	365	0.1	-0.1	-4.30367
13050023	366	0.1	-0.1	-2.8622
13050023	367	0.1	-0.1	3.66097
13050023	368	0.1	-0.1	-2.38238
13050023	369	0.1	-0.1	3.50605
13050023	370	0.1	-0.1	2.5944
13050023	371	0.1	-0.1	3.42324
13050023	372	0.1	-0.1	0.453234
13050023	373	0.1	-0.1	1.25742
13050023	374	0.1	-0.1	-4.1795
13050023	375	0.1	-0.1	-5.976
13050023	376	0.1	-0.1	1.02207
13050023	377	0.1	-0.1	4.68357
13050023	378	0.1	-0.1	-0.454458
13050023	379	0.1	-0.1	-1.6458
13050023	380	0.1	-0.1	2.45602
13050023	381	0.1	-0.1	2.44155
13050023	382	0.1	-0.1	0.523137
13050023	383	0.1	-0.1	-5.44078
13050023	384	0.1	-0.1	-1.75353
13050023	385	0.1	-0.1	-0.0771345
13050023	386	0.1	-0.1	-0.68006
13050023	387	0.1	-0.1	-5.11581
13050023	388	0.1	-0.1	5.06398
13050023	389	0.1	-0.1	5.26004
13050023	390	0.1	-0.1	-3.03376
13050023	391	0.1	-0.1	-2.57668
13050023	392	0.1	-0.1	0.375346
13050023	393	0.1	-0.1	2.91775
13050023	394	0.1	-0.1	-2.70375
13050023	395	0.1	-0.1	0.202522
13050023	396	0.1	-0.1	3.24825
13050023	397	0.1	-0.1	1.36777
13050023	398	0.1	-0.1	4.13649
13050023	399	0.1	-0.1	-3.1095
13050023	400	0.1	-0.1	5.37977
13050023	401	0.1	-0.1	-1.549
13050023	402	0.1	-0.1	4.9319
13050023	403	0.1	-0.1	0.573567
13050023	404	0.1	-0.1	0.136835
13050023	405	0.1	-0.1	-4.08065
13050023	406	0.1	-0.1	4.22383
13050023	407	0.1	-0.1	-2.66901
13050023	408	0.1	-0.1	-3.68727
13050023	409	0.1	-0.1	-2.60205
13050023	410	0.1	-0.1	2.36155
13050023	411	0.1	-0.1	5.38788
13050023	412	0.1	-0.1	1.42116
13050023	413	0.1	-0.1	-3.71227
13050023	414	0.1	-0.1	-5.30929
13050023	415	0.1	-0.1	2.6811
13050023	416	0.1	-0.1	0.956753
13050023	417	0.1	-0.1	4.10099
13050023	418	0.1	-0.1	-3.2739
13050023	419	0.1	-0.1	-2.58591
13050023	420	0.1	-0.1	-1.79386
13050023	421	0.1	-0.1	-4.53403
13050023	422	0.1	-0.1	4.3863
13050023	423	0.1	-0.1	0.837209
13050023	424	0.1	-0.1	-4.78404
13050023	425	0.1	-0.1	-2.56063
13050023	426	0.1	-0.1	-5.36542
13050023	427	0.1	-0.1	-2.2707
13050023	428	0.1	-0.1	-4.82344
13050023	429	0.1	-0.1	-1.08349
13050023	430	0.1	-0.1	-5.69728
13050023	431	0.1	-0.1	2.18248
13050023	432	0.1	-0.1	-4.53996
13050023	433	0.1	-0.1	2.86441
13050023	434	0.1	-0.1	-2.60069
13050023	435	0.1	-0.1	4.53309
13050023	436	0.1	-0.1	-0.150055
13050023	437	0.1	-0.1	-5.9184
13050023	438	0.1	-0.1	-0.0573
13050023	439	0.1	-0.1	-0.867815
13050023	440	0.1	-0.1	-2.07142
13050023	441	0.1	-0.1	0.528708
13050023	442	0.1	-0.1	-2.73982
13050023	443	0.1	-0.1	0.631891
13050023	444	0.1	-0.1	-3.29357
13050023	445	0.1	-0.1	-0.157011
13050023	446	0.1	-0.1	1.07021
13050023	447	0.1	-0.1	-3.13792
13050023	448	0.1	-0.1	0.610104
13050023	449	0.1	-0.1	0.950433
13050023	450	0.1	-0.1	-5.65667
13050023	451	0.1	-0.1	1.83791
13050023	452	0.1	-0.1	-2.57837
13050023	453	0.1	-0.1	-5.60112
13050023	454	0.1	-0.1	1.15789
13050023	455	0.1	-0.1	-4.50282
13050023	456	0.1	-0.1	-1.36146
13050023	457	0.1	-0.1	-1.73296
13050023	458	0.1	-0.1	-4.13497
13050023	459	0.1	-0.1	-3.01733
13050023	460	0.1	-0.1	3.90459
13050023	461	0.1	-0.1	-2.06279
13050023	462	0.1	-0.1	-5.17688
13050023	463	0.1	-0.1	0.41868
13050023	464	0.1	-0.1	-4.15129
13050023	465	0.1	-0.1	1.32123
13050023	466	0.1	-0.1	4.79069
13050023	467	0.1	-0.1	2.16894
13050023	468	0.1	-0.1	-3.87773
13050023	469	0.1	-0.1	1.23378
13050023	470	0.1	-0.1	1.07531
13050023	471	0.1	-0.1	-4.03104
13050023	472	0.1	-0.1	1.77947
13050023	473	0.1	-0.1	-0.337999
13050023	474	0.1	-0.1	3.15698
13050023	475	0.1	-0.1	-4.4093
13050023	476	0.1	-0.1	-1.7749
13050023	477	0.1	-0.1	3.88725
13050023	478	0.1	-0.1	2.84941
13050023	479	0.1	-0.1	4.1111
13050023	480	0.1	-0.1	5.19942
13050023	481	0.1	-0.1	3.59985
13050023	482	0.1	-0.1	5.48274
13050023	483	0.1	-0.1	-0.736046
13050023	484	0.1	-0.1	-2.47137
13050023	485	0.1	-0.1	-2.98428
13050023	486	0.1	-0.1	-4.83106
13050023	487	0.1	-0.1	3.02889
13050023	488	0.1	-0.1	-3.96956
13050023	489	0.1	-0.1	2.26229
13050023	490	0.1	-0.1	-3.17663
13050023	491	0.1	-0.1	-5.59653
13050023	492	0.1	-0.1	-0.456514
13050023	493	0.1	-0.1	-4.50953
13050023	494	0.1	-0.1	-3.93861
13050023	495	0.1	-0.1	-3.62925
13050023	496	0.1	-0.1	-1.60789
13050023	497	0.1	-0.1	0.439916
13050023	498	0.1	-0.1	-4.52664
13050023	499	0.1	-0.1	2.74497
13050023	500	0.1	-0.1	-4.54455
13050023	501	0.1	-0.1	5.03714
13050023	502	0.1	-0.1	-2.05354
13050023	503	0.1	-0.1	0.893248
13050023	504	0.1	-0.1	5.77682
13050023	505	0.1	-0.1	-4.74445
13050023	506	0.1	-0.1	-1.91056
13050023	507	0.1	-0.1	-1.07248
13050023	508	0.1	-0.1	0.00216422
13050023	509	0.1	-0.1	5.79597
13050023	510	0.1	-0.1	-0.601129
13050023	511	0.1	-0.1	-3.14294
13050023	512	0.1	-0.1	-4.48073
13050023	513	0.1	-0.1	-3.45684
13050023	514	0.1	-0.1	5.80126
13050023	515	0.1	-0.1	-4.76444
13050023	516	0.1	-0.1	5.0321
13050023	517	0.1	-0.1	0.322549
13050023	518	0.1	-0.1	1.45195
13050023	519	0.1	-0.1	-0.912655
13050023	520	0.1	-0.1	1.6503
13050023	521	0.1	-0.1	-1.99272
13050023	522	0.1	-0.1	-2.45144
13050023	523	0.1	-0.1	5.21137
13050023	524	0.1	-0.1	5.60401
13050023	525	0.1	-0.1	1.37076
13050023	526	0.1	-0.1	2.97843
13050023	527	0.1	-0.1	-3.25387
13050023	528	0.1	-0.1	1.21771
13050023	529	0.1	-0.1	0.481587
13050023	530	0.1	-0.1	-1.37129
13050023	531	0.1	-0.1	-4.68475
13050023	532	0.1	-0.1	-0.300455
13050023	533	0.1	-0.1	-3.24449
13050023	534	0.1	-0.1	-5.002
13050023	535	0.1	-0.1	-3.07871
13050023	536	0.1	-0.1	2.2862
13050023	537	0.1	-0.1	-4.54119
13050023	538	0.1	-0.1	3.2961
13050023	539	0.1	-0.1	0.338218
13050023	540	0.1	-0.1	5.42056
13050023	541	0.1	-0.1	-2.27558
13050023	542	0.1	-0.1	-3.17952
13050023	543	0.1	-0.1	-0.580858
13050023	544	0.1	-0.1	-1.67203
13050023	545	0.1	-0.1	-3.04967
13050023	546	0.1	-0.1	0.199066
13050023	547	0.1	-0.1	0.603514
13050023	548	0.1	-0.1	3.5517
13050023	549	0.1	-0.1	3.6142
13050023	550	0.1	-0.1	-5.06612
13050023	551	0.1	-0.1	2.66211
13050023	552	0.1	-0.1	-0.284612
13050023	553	0.1	-0.1	-2.75909
13050023	554	0.1	-0.1	-2.20997
13050023	555	0.1	-0.1	3.19367
13050023	556	0.1	-0.1	-3.86127
13050023	557	0.1	-0.1	-0.736859
13050023	558	0.1	-0.1	0.930134
13050023	559	0.1	-0.1	1.59951
13050023	560	0.1	-0.1	-3.85506
13050023	561	0.1	-0.1	5.36381
13050023	562	0.1	-0.1	2.55775
13050023	563	0.1	-0.1	5.25181
13050023	564	0.1	-0.1	3.64442
13050023	565	0.1	-0.1	5.86573
13050023	566	0.1	-0.1	-1.87061
13050023	567	0.1	-0.1	-2.64315
13050023	568	0.1	-0.1	0.147457
13050023	569	0.1	-0.1	-1.75025
13050023	570	0.1	-0.1	5.23331
13050023	571	0.1	-0.1	-0.523348
13050023	572	0.1	-0.1	1.67789
13050023	573	0.1	-0.1	2.85063
13050023	574	0.1	-0.1	0.606041
13050023	575	0.1	-0.1	1.69214
13050023	576	0.1	-0.1	4.24915
13050023	577	0.1	-0.1	-0.56168
13050023	578	0.1	-0.1	1.32659
13050023	579	0.1	-0.1	-5.60306
13050023	580	0.1	-0.1	-3.07209
13050023	581	0.1	-0.1	5.21851
13050023	582	0.1	-0.1	-2.54661
13050023	583	0.1	-0.1	1.85957
13050023	584	0.1	-0.1	-4.04064
13050023	585	0.1	-0.1	3.34453
13050023	586	0.1	-0.1	-2.39056
13050023	587	0.1	-0.1	-1.52264
13050023	588	0.1	-0.1	-4.34724
13050023	589	0.1	-0.1	3.06992
13050023	590	0.1	-0.1	-2.69441
13050023	591	0.1	-0.1	0.142672
13050023	592	0.1	-0.1	2.27591
13050023	593	0.1	-0.1	4.77266
13050023	594	0.1	-0.1	0.341373
13050023	595	0.1	-0.1	-4.18445
13050023	596	0.1	-0.1	0.624746
13050023	597	0.1	-0.1	-0.521804
13050023	598	0.1	-0.1	4.11904
13050023	599	0.1	-0.1	-0.352271
13050023	600	0.1	-0.1	-0.129216
13050023	601	0.1	-0.1	1.17911
13050023	602	0.1	-0.1	3.08032
13050023	603	0.1	-0.1	4.04898
13050023	604	0.1	-0.1	-0.0891767
13050023	605	0.1	-0.1	-2.15402
13050023	606	0.1	-0.1	2.89015
13050023	607	0.1	-0.1	-3.32595
13050023	608	0.1	-0.1	-1.57163
13050023	609	0.1	-0.1	-0.525376
13050023	610	0.1	-0.1	-5.40782
13050023	611	0.1	-0.1	-5.09684
13050023	612	0.1	-0.1	0.828564
13050023	613	0.1	-0.1	4.77379
13050023	614	0.1	-0.1	3.00541
13050023	615	0.1	-0.1	-5.71947
13050023	616	0.1	-0.1	-2.06771
13050023	617	0.1	-0.1	-2.72848
13050023	618	0.1	-0.1	0.7946
13050023	619	0.1	-0.1	4.25794
13050023	620	0.1	-0.1	0.711291
13050023	621	0.1	-0.1	4.80031
13050023	622	0.1	-0.1	-4.25946
13050023	623	0.1	-0.1	1.53627
13050023	624	0.1	-0.1	-5.03172
13050023	625	0.1	-0.1	0.89166
13050023	626	0.1	-0.1	4.05338
13050023	627	0.1	-0.1	-0.017499
13050023	628	0.1	-0.1	1.92766
13050023	629	0.1	-0.1	1.95859
13050023	630	0.1	-0.1	3.95111
13050023	631	0.1	-0.1	-0.0375759
13050023	632	0.1	-0.1	0.765446
13050023	633	0.1	-0.1	2.33865
13050023	634	0.1	-0.1	-2.083
13050023	635	0.1	-0.1	-3.5605
13050023	636	0.1	-0.1	-1.54495
13050023	637	0.1	-0.1	4.58418
13050023	638	0.1	-0.1	4.81324
13050023	639	0.1	-0.1	1.6523
13050023	640	0.1	-0.1	5.85908
13050023	641	0.1	-0.1	-2.90379
13050023	642	0.1	-0.1	-2.52205
13050023	643	0.1	-0.1	0.20543
13050023	644	0.1	-0.1	3.79903
13050023	645	0.1	-0.1	-2.52879
13050023	646	0.1	-0.1	-3.10425
13050023	647	0.1	-0.1	3.49823
13050023	648	0.1	-0.1	-3.79842
13050023	649	0.1	-0.1	-2.07863
13050023	650	0.1	-0.1	0.943824
13050023	651	0.1	-0.1	-5.25333
13050023	652	0.1	-0.1	5.37184
13050023	653	0.1	-0.1	2.15924
13050023	654	0.1	-0.1	-5.01313
13050023	655	0.1	-0.1	5.15834
13050023	656	0.1	-0.1	1.67992
13050023	657	0.1	-0.1	5.11337
13050023	658	0.1	-0.1	-1.67342
13050023	659	0.1	-0.1	-2.22681
13050023	660	0.1	-0.1	3.0996
13050023	661	0.1	-0.1	-3.33546
13050023	662	0.1	-0.1	-1.49384
13050023	663	0.1	-0.1	-0.034523
13050023	664	0.1	-0.1	2.47621
13050023	665	0.1	-0.1	0.818553
13050023	666	0.1	-0.1	0.782714
13050023	667	0.1	-0.1	-0.598845
13050023	668	0.1	-0.1	2.22154
13050023	669	0.1	-0.1	-5.49565
13050023	670	0.1	-0.1	-3.83009
13050023	671	0.1	-0.1	5.3139
13050023	672	0.1	-0.1	5.38172
13050023	673	0.1	-0.1	-1.72819
13050023	674	0.1	-0.1	-5.59073
13050023	675	0.1	-0.1	3.55902
13050023	676	0.1	-0.1	3.193
13050023	677	0.1	-0.1	5.42912
13050023	678	0.1	-0.1	-3.15793
13050023	679	0.1	-0.1	0.623192
13050023	680	0.1	-0.1	-0.46441
13050023	681	0.1	-0.1	4.61195
13050023	682	0.1	-0.1	-3.28819
13050023	683	0.1	-0.1	2.40752
13050023	684	0.1	-0.1	2.51787
13050023	685	0.1	-0.1	-1.556
13050023	686	0.1	-0.1	1.19295
13050023	687	0.1	-0.1	-1.36949
13050023	688	0.1	-0.1	-0.185009
13050023	689	0.1	-0.1	2.14686
13050023	690	0.1	-0.1	4.0042
13050023	691	0.1	-0.1	5.08336
13050023	692	0.1	-0.1	-4.54157
13050023	693	0.1	-0.1	-3.20527
13050023	694	0.1	-0.1	5.84423
13050023	695	0.1	-0.1	1.35151
13050023	696	0.1	-0.1	0.325162
13050023	697	0.1	-0.1	-4.9359
13050023	698	0.1	-0.1	-1.01185
13050023	699	0.1	-0.1	-1.64639
13050023	700	0.1	-0.1	5.51066
13050023	701	0.1	-0.1	-4.05543
13050023	702	0.1	-0.1	-3.34077
13050023	703	0.1	-0.1	4.24857
13050023	704	0.1	-0.1	2.36744
13050023	705	0.1	-0.1	-1.24447
13050023	706	0.1	-0.1	-2.15741
13050023	707	0.1	-0.1	-4.07012
13050023	708	0.1	-0.1	3.20276
13050023	709	0.1	-0.1	4.01276
13050023	710	0.1	-0.1	-4.89362
13050023	711	0.1	-0.1	-3.03185
13050023	712	0.1	-0.1	-4.91439
13050023	713	0.1	-0.1	4.99716
13050023	714	0.1	-0.1	3.58697
13050023	715	0.1	-0.1	3.66987
13050023	716	0.1	-0.1	-5.92648
13050023	717	0.1	-0.1	-5.14932
13050023	718	0.1	-0.1	4.43049
13050023	719	0.1	-0.1	5.55353
13050023	720	0.1	-0.1	0.0670037
13050023	721	0.1	-0.1	1.73503
13050023	722	0.1	-0.1	-3.12682
13050023	723	0.1	-0.1	-1.53086
13050023	724	0.1	-0.1	5.31218
13050023	725	0.1	-0.1	3.57686
13050023	726	0.1	-0.1	4.70886
13050023	727	0.1	-0.1	-4.87971
13050023	728	0.1	-0.1	2.82912
13050023	729	0.1	-0.1	-1.29993
13050023	730	0.1	-0.1	2.41631
13050023	731	0.1	-0.1	2.20285
13050023	732	0.1	-0.1	3.32575
13050023	733	0.1	-0.1	1.66344
13050023	734	0.1	-0.1	0.550731
13050023	735	0.1	-0.1	-2.15467
13050023	736	0.1	-0.1	5.2122
13050023	737	0.1	-0.1	3.45543
13050023	738	0.1	-0.1	-5.22056
13050023	739	0.1	-0.1	-4.63878
13050023	740	0.1	-0.1	3.84496
13050023	741	0.1	-0.1	5.83638
13050023	742	0.1	-0.1	5.07235
13050023	743	0.1	-0.1	-2.70853
13050023	744	0.1	-0.1	-3.78207
13050023	745	0.1	-0.1	2.06867
13050023	746	0.1	-0.1	-1.93204
13050023	747	0.1	-0.1	-4.88483
13050023	748	0.1	-0.1	-2.22922
13050023	749	0.1	-0.1	-4.51775
13050023	750	0.1	-0.1	0.301889
13050023	751	0.1	-0.1	-1.87106
13050023	752	0.1	-0.1	3.74305
13050023	753	0.1	-0.1	0.4385
13050023	754	0.1	-0.1	1.50982
13050023	755	0.1	-0.1	-1.01205
13050023	756	0.1	-0.1	2.67835
13050023	757	0.1	-0.1	-5.4135
13050023	758	0.1	-0.1	0.760752
13050023	759	0.1	-0.1	-2.86207
13050023	760	0.1	-0.1	-5.45733
13050023	761	0.1	-0.1	-3.30513
13050023	762	0.1	-0.1	-5.10164
13050023	763	0.1	-0.1	4.38622
13050023	764	0.1	-0.1	-3.4726
13050023	765	0.1	-0.1	-1.49278
13050023	766	0.1	-0.1	4.08798
13050023	767	0.1	-0.1	-4.49747
13050023	768	0.1	-0.1	-2.87523
13050023	769	0.1	-0.1	-0.623742
13050023	770	0.1	-0.1	0.352993
13050023	771	0.1	-0.1	-3.69796
13050023	772	0.1	-0.1	1.28337
13050023	773	0.1	-0.1	-3.61777
13050023	774	0.1	-0.1	-4.87882
13050023	775	0.1	-0.1	-4.74594
13050023	776	0.1	-0.1	1.36437
13050023	777	0.1	-0.1	-2.51764
13050023	778	0.1	-0.1	-5.32376
13050023	779	0.1	-0.1	-2.73349
13050023	780	0.1	-0.1	-4.63958
13050023	781	0.1	-0.1	4.02991
13050023	782	0.1	-0.1	-3.59323
13050023	783	0.1	-0.1	3.44738
13050023	784	0.1	-0.1	-3.06067
13050023	785	0.1	-0.1	-1.49768
13050023	786	0.1	-0.1	-4.80913
13050023	787	0.1	-0.1	-1.18078
13050023	788	0.1	-0.1	-5.73298
13050023	789	0.1	-0.1	-3.54206
13050023	790	0.1	-0.1	-5.7657
13050023	791	0.1	-0.1	1.96099
13050023	792	0.1	-0.1	-0.269594
13050023	793	0.1	-0.1	-3.07257
13050023	794	0.1	-0.1	4.11184
13050023	795	0.1	-0.1	0.562669
13050023	796	0.1	-0.1	2.15664
13050023	797	0.1	-0.1	5.84344
13050023	798	0.1	-0.1	-3.90726
13050023	799	0.1	-0.1	-4.20882
13050023	800	0.1	-0.1	2.83176
13050023	801	0.1	-0.1	-4.81608
13050023	802	0.1	-0.1	0.759554
13050023	803	0.1	-0.1	-1.87158
13050023	804	0.1	-0.1	2.35679
13050023	805	0.1	-0.1	4.47339
13050023	806	0.1	-0.1	-0.275092
13050023	807	0.1	-0.1	3.41984
13050023	808	0.1	-0.1	2.05561
13050023	809	0.1	-0.1	-1.88052
13050023	810	0.1	-0.1	-3.76686
13050023	811	0.1	-0.1	-5.51545
13050023	812	0.1	-0.1	1.91255
13050023	813	0.1	-0.1	-2.01997
13050023	814	0.1	-0.1	4.09554
13050023	815	0.1	-0.1	-5.86855
13050023	816	0.1	-0.1	-0.174483
13050023	817	0.1	-0.1	-1.4119
13050023	818	0.1	-0.1	-5.42415
13050023	819	0.1	-0.1	1.96211
13050023	820	0.1	-0.1	0.128982
13050023	821	0.1	-0.1	0.103757
13050023	822	0.1	-0.1	3.68066
13050023	823	0.1	-0.1	2.15593
13050023	824	0.1	-0.1	-4.20426
13050023	825	0.1	-0.1	-4.98402
13050023	826	0.1	-0.1	-1.15956
13050023	827	0.1	-0.1	2.06597
13050023	828	0.1	-0.1	2.42822
13050023	829	0.1	-0.1	-5.14739
13050023	830	0.1	-0.1	-1.56059
13050023	831	0.1	-0.1	3.90492
13050023	832	0.1	-0.1	3.13883
13050023	833	0.1	-0.1	-1.15401
13050023	834	0.1	-0.1	-2.84633
13050023	835	0.1	-0.1	0.942073
13050023	836	0.1	-0.1	3.36261
13050023	837	0.1	-0.1	1.98788
13050023	838	0.1	-0.1	-5.1046
13050023	839	0.1	-0.1	4.13511
13050023	840	0.1	-0.1	5.37926
13050023	841	0.1	-0.1	4.41621
13050023	842	0.1	-0.1	2.04184
13050023	843	0.1	-0.1	-4.08225
13050023	844	0.1	-0.1	3.03901
13050023	845	0.1	-0.1	4.55848
13050023	846	0.1	-0.1	-4.66472
13050023	847	0.1	-0.1	-5.02385
13050023	848	0.1	-0.1	-5.96002
13050023	849	0.1	-0.1	4.1484
13050023	850	0.1	-0.1	-1.03671
13050023	851	0.1	-0.1	1.25372
13050023	852	0.1	-0.1	1.48609
13050023	853	0.1	-0.1	4.05325
13050023	854	0.1	-0.1	3.92102
13050023	855	0.1	-0.1	4.80792
13050023	856	0.1	-0.1	5.34062
13050023	857	0.1	-0.1	4.92603
13050023	858	0.1	-0.1	3.27847
13050023	859	0.1	-0.1	-2.23135
13050023	860	0.1	-0.1	-4.96556
13050023	861	0.1	-0.1	2.31509
13050023	862	0.1	-0.1	3.62778
13050023	863	0.1	-0.1	-0.884115
13050023	864	0.1	-0.1	5.75536
13050023	865	0.1	-0.1	5.18829
13050023	866	0.1	-0.1	-5.8472
13050023	867	0.1	-0.1	-1.85237
13050023	868	0.1	-0.1	-4.17898
13050023	869	0.1	-0.1	-5.76964
13050023	870	0.1	-0.1	-3.42558
13050023	871	0.1	-0.1	-1.74696
13050023	872	0.1	-0.1	-0.836762
13050023	873	0.1	-0.1	2.91475
13050023	874	0.1	-0.1	0.743352
13050023	875	0.1	-0.1	-0.537622
13050023	876	0.1	-0.1	-3.56289
13050023	877	0.1	-0.1	-2.34541
13050023	878	0.1	-0.1	0.810417
13050023	879	0.1	-0.1	2.61283
13050023	880	0.1	-0.1	-5.83335
13050023	881	0.1	-0.1	2.80655
13050023	882	0.1	-0.1	-1.5893
13050023	883	0.1	-0.1	1.12829
13050023	884	0.1	-0.1	2.14387
13050023	885	0.1	-0.1	0.331367
13050023	886	0.1	-0.1	-0.447963
13050023	887	0.1	-0.1	0.832391
13050023	888	0.1	-0.1	0.258004
13050023	889	0.1	-0.1	-2.97986
13050023	890	0.1	-0.1	-5.66359
13050023	891	0.1	-0.1	-2.63384
13050023	892	0.1	-0.1	-2.54914
13050023	893	0.1	-0.1	-5.88967
13050023	894	0.1	-0.1	2.91719
13050023	895	0.1	-0.1	1.58873
13050023	896	0.1	-0.1	-2.08193
13050023	897	0.1	-0.1	2.20999
13050023	898	0.1	-0.1	1.16501
13050023	899	0.1	-0.1	-4.74394
13050023	900	0.1	-0.1	-0.0951095
13050023	901	0.1	-0.1	-5.23479
13050023	902	0.1	-0.1	-0.916169
13050023	903	0.1	-0.1	-4.61527
13050023	904	0.1	-0.1	5.06393
13050023	905	0.1	-0.1	-4.60973
13050023	906	0.1	-0.1	3.79787
13050023	907	0.1	-0.1	-5.67166
13050023	908	0.1	-0.1	4.96351
13050023	909	0.1	-0.1	-5.21376
13050023	910	0.1	-0.1	-4.82717
13050023	911	0.1	-0.1	0.215599
13050023	912	0.1	-0.1	5.37054
13050023	913	0.1	-0.1	-5.5318
13050023	914	0.1	-0.1	3.83754
13050023	915	0.1	-0.1	-1.85167
13050023	916	0.1	-0.1	-1.92653
13050023	917	0.1	-0.1	-0.850951
13050023	918	0.1	-0.1	-3.33077
13050023	919	0.1	-0.1	-1.35843
13050023	920	0.1	-0.1	-4.9353
13050023	921	0.1	-0.1	-2.5589
13050023	922	0.1	-0.1	-5.56974
13050023	923	0.1	-0.1	5.32046
13050023	924	0.1	-0.1	5.17672
13050023	925	0.1	-0.1	0.0882213
13050023	926	0.1	-0.1	-3.83268
13050023	927	0.1	-0.1	-1.58619
13050023	928	0.1	-0.1	0.459888
13050023	929	0.1	-0.1	1.15996
13050023	930	0.1	-0.1	2.7786
13050023	931	0.1	-0.1	-5.79466
13050023	932	0.1	-0.1	-4.99744
13050023	933	0.1	-0.1	2.44237
13050023	934	0.1	-0.1	5.55108
13050023	935	0.1	-0.1	-5.61233
13050023	936	0.1	-0.1	-4.37848
13050023	937	0.1	-0.1	0.647673
13050023	938	0.1	-0.1	1.33005
13050023	939	0.1	-0.1	-3.12174
13050023	940	0.1	-0.1	-4.1382
13050023	941	0.1	-0.1	4.55615
13050023	942	0.1	-0.1	4.66366
13050023	943	0.1	-0.1	2.12229
13050023	944	0.1	-0.1	1.64346
13050023	945	0.1	-0.1	-1.62443
13050023	946	0.1	-0.1	-4.70995
13050023	947	0.1	-0.1	-5.86201
13050023	948	0.1	-0.1	4.39859
13050023	949	0.1	-0.1	-1.61816
13050023	950	0.1	-0.1	4.76158
13050023	951	0.1	-0.1	-0.229333
13050023	952	0.1	-0.1	-5.05554
13050023	953	0.1	-0.1	-3.59781
13050023	954	0.1	-0.1	2.52069
13050023	955	0.1	-0.1	5.67121
13050023	956	0.1	-0.1	-4.9503
13050023	957	0.1	-0.1	-3.87574
13050023	958	0.1	-0.1	3.08664
13050023	959	0.1	-0.1	1.73186
13050023	960	0.1	-0.1	5.76346
13050023	961	0.1	-0.1	4.30569
13050023	962	0.1	-0.1	2.21453
13050023	963	0.1	-0.1	-1.92667
13050023	964	0.1	-0.1	-1.04876
13050023	965	0.1	-0.1	0.0250156
13050023	966	0.1	-0.1	-4.88492
13050023	967	0.1	-0.1	-4.20435
13050023	968	0.1	-0.1	3.49591
13050023	969	0.1	-0.1	2.72179
13050023	970	0.1	-0.1	4.67259
13050023	971	0.1	-0.1	5.85485
13050023	972	0.1	-0.1	0.574883
13050023	973	0.1	-0.1	5.67388
13050023	974	0.1	-0.1	2.96332
13050023	975	0.1	-0.1	5.53039
13050023	976	0.1	-0.1	-1.81878
13050023	977	0.1	-0.1	0.744133
13050023	978	0.1	-0.1	-0.574837
13050023	979	0.1	-0.1	1.45666
13050023	980	0.1	-0.1	0.543819
13050023	981	0.1	-0.1	-1.13895
13050023	982	0.1	-0.1	2.99798
13050023	983	0.1	-0.1	-2.24191
13050023	984	0.1	-0.1	-4.02672
13050023	985	0.1	-0.1	-3.12531
13050023	986	0.1	-0.1	5.75052
13050023	987	0.1	-0.1	2.09416
13050023	988	0.1	-0.1	-1.71771
13050023	989	0.1	-0.1	-3.29848
13050023	990	0.1	-0.1	-2.22601
13050023	991	0.1	-0.1	-0.00611285
13050023	992	0.1	-0.1	0.5246
13050023	993	0.1	-0.1	0.698484
13050023	994	0.1	-0.1	4.70857
13050023	995	0.1	-0.1	1.50697
13050023	996	0.1	-0.1	5.92384
13050023	997	0.1	-0.1	3.93115
13050023	998	0.1	-0.1	5.50976
13050023	999	0.1	-0.1	1.04712
13050023	1000	0.1	-0.1	0.805806
