13059085	1	0.1	-0.1	-0.487993
13059085	2	0.1	-0.1	5.57309
13059085	3	0.1	-0.1	4.99733
13059085	4	0.1	-0.1	5.93481
13059085	5	0.1	-0.1	0.921283
13059085	6	0.1	-0.1	4.42167
13059085	7	0.1	-0.1	-1.79378
13059085	8	0.1	-0.1	0.935315
13059085	9	0.1	-0.1	4.49527
13059085	10	0.1	-0.1	-3.31892
13059085	11	0.1	-0.1	-2.13506
13059085	12	0.1	-0.1	-2.63013
13059085	13	0.1	-0.1	1.3908
13059085	14	0.1	-0.1	0.584396
13059085	15	0.1	-0.1	-0.82517
13059085	16	0.1	-0.1	1.88149
13059085	17	0.1	-0.1	0.0345022
13059085	18	0.1	-0.1	-2.76305
13059085	19	0.1	-0.1	5.07164
13059085	20	0.1	-0.1	4.79218
13059085	21	0.1	-0.1	2.82623
13059085	22	0.1	-0.1	3.22553
13059085	23	0.1	-0.1	5.16715
13059085	24	0.1	-0.1	3.16129
13059085	25	0.1	-0.1	-1.60699
13059085	26	0.1	-0.1	3.20799
13059085	27	0.1	-0.1	0.315398
13059085	28	0.1	-0.1	4.80806
13059085	29	0.1	-0.1	0.459904
13059085	30	0.1	-0.1	4.94814
13059085	31	0.1	-0.1	3.89172
13059085	32	0.1	-0.1	4.83915
13059085	33	0.1	-0.1	5.29332
13059085	34	0.1	-0.1	-4.27463
13059085	35	0.1	-0.1	-2.92758
13059085	36	0.1	-0.1	-2.56369
13059085	37	0.1	-0.1	-2.49982
13059085	38	0.1	-0.1	-3.17398
13059085	39	0.1	-0.1	-2.98538
13059085	40	0.1	-0.1	-1.36139
13059085	41	0.1	-0.1	2.5557
13059085	42	0.1	-0.1	-2.92238
13059085	43	0.1	-0.1	3.01795
13059085	44	0.1	-0.1	5.16252
13059085	45	0.1	-0.1	-5.05858
13059085	46	0.1	-0.1	5.05345
13059085	47	0.1	-0.1	-0.538378
13059085	48	0.1	-0.1	2.30392
13059085	49	0.1	-0.1	-0.839988
13059085	50	0.1	-0.1	-1.54818
13059085	51	0.1	-0.1	-1.9461
13059085	52	0.1	-0.1	1.37272
13059085	53	0.1	-0.1	-3.58447
13059085	54	0.1	-0.1	1.91634
13059085	55	0.1	-0.1	3.69736
13059085	56	0.1	-0.1	4.70063
13059085	57	0.1	-0.1	-0.828015
13059085	58	0.1	-0.1	2.64467
13059085	59	0.1	-0.1	-1.46139
13059085	60	0.1	-0.1	3.88525
13059085	61	0.1	-0.1	5.51227
13059085	62	0.1	-0.1	-1.97018
13059085	63	0.1	-0.1	-2.02539
13059085	64	0.1	-0.1	-5.507
13059085	65	0.1	-0.1	-3.9294
13059085	66	0.1	-0.1	2.27896
13059085	67	0.1	-0.1	-2.00209
13059085	68	0.1	-0.1	5.06242
13059085	69	0.1	-0.1	1.81569
13059085	70	0.1	-0.1	4.29477
13059085	71	0.1	-0.1	3.60136
13059085	72	0.1	-0.1	3.13036
13059085	73	0.1	-0.1	5.16942
13059085	74	0.1	-0.1	5.0838
13059085	75	0.1	-0.1	1.32446
13059085	76	0.1	-0.1	2.41034
13059085	77	0.1	-0.1	2.03539
13059085	78	0.1	-0.1	4.93294
13059085	79	0.1	-0.1	1.51652
13059085	80	0.1	-0.1	-1.71532
13059085	81	0.1	-0.1	5.89577
13059085	82	0.1	-0.1	-4.16247
13059085	83	0.1	-0.1	-5.7886
13059085	84	0.1	-0.1	-4.74605
13059085	85	0.1	-0.1	-1.90691
13059085	86	0.1	-0.1	-2.50106
13059085	87	0.1	-0.1	3.11193
13059085	88	0.1	-0.1	4.64808
13059085	89	0.1	-0.1	-3.86744
13059085	90	0.1	-0.1	2.27024
13059085	91	0.1	-0.1	-1.30614
13059085	92	0.1	-0.1	-1.56221
13059085	93	0.1	-0.1	-1.4799
13059085	94	0.1	-0.1	3.23079
13059085	95	0.1	-0.1	2.31568
13059085	96	0.1	-0.1	-2.35983
13059085	97	0.1	-0.1	5.09244
13059085	98	0.1	-0.1	-2.43253
13059085	99	0.1	-0.1	1.89335
13059085	100	0.1	-0.1	1.02472
13059085	101	0.1	-0.1	-1.07636
13059085	102	0.1	-0.1	-1.49863
13059085	103	0.1	-0.1	2.6335
13059085	104	0.1	-0.1	-4.2993
13059085	105	0.1	-0.1	4.8764
13059085	106	0.1	-0.1	0.566758
13059085	107	0.1	-0.1	-3.68418
13059085	108	0.1	-0.1	-5.96534
13059085	109	0.1	-0.1	-1.814
13059085	110	0.1	-0.1	-0.334942
13059085	111	0.1	-0.1	-2.78545
13059085	112	0.1	-0.1	0.305062
13059085	113	0.1	-0.1	5.34607
13059085	114	0.1	-0.1	-2.95867
13059085	115	0.1	-0.1	-2.1952
13059085	116	0.1	-0.1	4.54099
13059085	117	0.1	-0.1	-2.94905
13059085	118	0.1	-0.1	4.84112
13059085	119	0.1	-0.1	1.77826
13059085	120	0.1	-0.1	-4.70649
13059085	121	0.1	-0.1	-1.6299
13059085	122	0.1	-0.1	-0.610035
13059085	123	0.1	-0.1	5.97481
13059085	124	0.1	-0.1	2.16386
13059085	125	0.1	-0.1	1.39853
13059085	126	0.1	-0.1	2.37329
13059085	127	0.1	-0.1	0.802525
13059085	128	0.1	-0.1	3.39769
13059085	129	0.1	-0.1	1.27936
13059085	130	0.1	-0.1	-2.43915
13059085	131	0.1	-0.1	2.34672
13059085	132	0.1	-0.1	-1.43848
13059085	133	0.1	-0.1	1.45915
13059085	134	0.1	-0.1	-5.44871
13059085	135	0.1	-0.1	2.83027
13059085	136	0.1	-0.1	-5.30679
13059085	137	0.1	-0.1	2.94158
13059085	138	0.1	-0.1	2.8706
13059085	139	0.1	-0.1	5.79567
13059085	140	0.1	-0.1	2.68536
13059085	141	0.1	-0.1	-3.40268
13059085	142	0.1	-0.1	4.64834
13059085	143	0.1	-0.1	2.52241
13059085	144	0.1	-0.1	1.18828
13059085	145	0.1	-0.1	5.37776
13059085	146	0.1	-0.1	3.81345
13059085	147	0.1	-0.1	4.84559
13059085	148	0.1	-0.1	1.15534
13059085	149	0.1	-0.1	-1.17655
13059085	150	0.1	-0.1	5.30149
13059085	151	0.1	-0.1	0.184729
13059085	152	0.1	-0.1	-5.9592
13059085	153	0.1	-0.1	-5.21295
13059085	154	0.1	-0.1	-2.5856
13059085	155	0.1	-0.1	-5.10029
13059085	156	0.1	-0.1	-5.53855
13059085	157	0.1	-0.1	5.51763
13059085	158	0.1	-0.1	5.87054
13059085	159	0.1	-0.1	3.51324
13059085	160	0.1	-0.1	1.88045
13059085	161	0.1	-0.1	-4.3291
13059085	162	0.1	-0.1	-2.45131
13059085	163	0.1	-0.1	-5.40089
13059085	164	0.1	-0.1	-2.88089
13059085	165	0.1	-0.1	-0.172316
13059085	166	0.1	-0.1	4.41882
13059085	167	0.1	-0.1	-5.15879
13059085	168	0.1	-0.1	-5.2574
13059085	169	0.1	-0.1	4.08896
13059085	170	0.1	-0.1	-1.01724
13059085	171	0.1	-0.1	-2.92021
13059085	172	0.1	-0.1	1.09599
13059085	173	0.1	-0.1	2.91793
13059085	174	0.1	-0.1	2.71148
13059085	175	0.1	-0.1	-4.92833
13059085	176	0.1	-0.1	-0.584799
13059085	177	0.1	-0.1	-5.53098
13059085	178	0.1	-0.1	2.06782
13059085	179	0.1	-0.1	-2.60156
13059085	180	0.1	-0.1	5.98003
13059085	181	0.1	-0.1	-5.82636
13059085	182	0.1	-0.1	-0.705978
13059085	183	0.1	-0.1	-4.61155
13059085	184	0.1	-0.1	-3.79929
13059085	185	0.1	-0.1	-5.19121
13059085	186	0.1	-0.1	-1.87964
13059085	187	0.1	-0.1	3.93119
13059085	188	0.1	-0.1	-1.49513
13059085	189	0.1	-0.1	-3.11295
13059085	190	0.1	-0.1	2.55052
13059085	191	0.1	-0.1	4.7943
13059085	192	0.1	-0.1	2.14287
13059085	193	0.1	-0.1	5.6847
13059085	194	0.1	-0.1	-3.42471
13059085	195	0.1	-0.1	4.16792
13059085	196	0.1	-0.1	1.74218
13059085	197	0.1	-0.1	1.2469
13059085	198	0.1	-0.1	0.596362
13059085	199	0.1	-0.1	2.8201
13059085	200	0.1	-0.1	-1.82988
13059085	201	0.1	-0.1	0.197956
13059085	202	0.1	-0.1	4.62275
13059085	203	0.1	-0.1	-3.33214
13059085	204	0.1	-0.1	4.50634
13059085	205	0.1	-0.1	5.56807
13059085	206	0.1	-0.1	-0.692656
13059085	207	0.1	-0.1	-5.19242
13059085	208	0.1	-0.1	3.13633
13059085	209	0.1	-0.1	4.49312
13059085	210	0.1	-0.1	-5.38148
13059085	211	0.1	-0.1	0.620516
13059085	212	0.1	-0.1	-0.880176
13059085	213	0.1	-0.1	-0.521799
13059085	214	0.1	-0.1	-1.44568
13059085	215	0.1	-0.1	-0.418121
13059085	216	0.1	-0.1	2.62492
13059085	217	0.1	-0.1	2.28131
13059085	218	0.1	-0.1	-5.53181
13059085	219	0.1	-0.1	1.84357
13059085	220	0.1	-0.1	1.33496
13059085	221	0.1	-0.1	3.79065
13059085	222	0.1	-0.1	-2.24568
13059085	223	0.1	-0.1	-2.96406
13059085	224	0.1	-0.1	3.57171
13059085	225	0.1	-0.1	-4.68905
13059085	226	0.1	-0.1	-2.16309
13059085	227	0.1	-0.1	2.45824
13059085	228	0.1	-0.1	-2.50284
13059085	229	0.1	-0.1	5.22373
13059085	230	0.1	-0.1	-5.85164
13059085	231	0.1	-0.1	2.72719
13059085	232	0.1	-0.1	5.86179
13059085	233	0.1	-0.1	-3.90453
13059085	234	0.1	-0.1	3.20904
13059085	235	0.1	-0.1	-2.69891
13059085	236	0.1	-0.1	1.82093
13059085	237	0.1	-0.1	1.7067
13059085	238	0.1	-0.1	0.35813
13059085	239	0.1	-0.1	-1.28849
13059085	240	0.1	-0.1	1.11852
13059085	241	0.1	-0.1	1.73222
13059085	242	0.1	-0.1	4.22172
13059085	243	0.1	-0.1	-2.58479
13059085	244	0.1	-0.1	1.69717
13059085	245	0.1	-0.1	0.591994
13059085	246	0.1	-0.1	2.05992
13059085	247	0.1	-0.1	-0.216918
13059085	248	0.1	-0.1	-0.756639
13059085	249	0.1	-0.1	0.415454
13059085	250	0.1	-0.1	-1.08056
13059085	251	0.1	-0.1	2.50486
13059085	252	0.1	-0.1	-5.94408
13059085	253	0.1	-0.1	-1.117
13059085	254	0.1	-0.1	0.72428
13059085	255	0.1	-0.1	3.15782
13059085	256	0.1	-0.1	0.239597
13059085	257	0.1	-0.1	-4.33884
13059085	258	0.1	-0.1	0.14329
13059085	259	0.1	-0.1	0.291542
13059085	260	0.1	-0.1	-0.143501
13059085	261	0.1	-0.1	-4.2612
13059085	262	0.1	-0.1	-2.04419
13059085	263	0.1	-0.1	-5.94845
13059085	264	0.1	-0.1	3.30565
13059085	265	0.1	-0.1	5.93069
13059085	266	0.1	-0.1	2.56188
13059085	267	0.1	-0.1	-5.09967
13059085	268	0.1	-0.1	2.73615
13059085	269	0.1	-0.1	2.4759
13059085	270	0.1	-0.1	-5.98312
13059085	271	0.1	-0.1	2.42093
13059085	272	0.1	-0.1	-4.60592
13059085	273	0.1	-0.1	1.82711
13059085	274	0.1	-0.1	-0.0491763
13059085	275	0.1	-0.1	5.53021
13059085	276	0.1	-0.1	-2.28253
13059085	277	0.1	-0.1	3.97357
13059085	278	0.1	-0.1	0.728253
13059085	279	0.1	-0.1	1.65988
13059085	280	0.1	-0.1	0.0951926
13059085	281	0.1	-0.1	5.49535
13059085	282	0.1	-0.1	4.70852
13059085	283	0.1	-0.1	-0.626194
13059085	284	0.1	-0.1	4.4003
13059085	285	0.1	-0.1	-0.093247
13059085	286	0.1	-0.1	-1.9963
13059085	287	0.1	-0.1	5.57763
13059085	288	0.1	-0.1	-3.62955
13059085	289	0.1	-0.1	5.33995
13059085	290	0.1	-0.1	0.445934
13059085	291	0.1	-0.1	3.63405
13059085	292	0.1	-0.1	1.98678
13059085	293	0.1	-0.1	-1.36427
13059085	294	0.1	-0.1	4.53492
13059085	295	0.1	-0.1	-2.21282
13059085	296	0.1	-0.1	-1.3209
13059085	297	0.1	-0.1	5.15544
13059085	298	0.1	-0.1	2.28608
13059085	299	0.1	-0.1	1.95464
13059085	300	0.1	-0.1	3.61302
13059085	301	0.1	-0.1	0.848657
13059085	302	0.1	-0.1	-3.43814
13059085	303	0.1	-0.1	-5.24494
13059085	304	0.1	-0.1	-3.58601
13059085	305	0.1	-0.1	5.55406
13059085	306	0.1	-0.1	-2.57763
13059085	307	0.1	-0.1	5.2135
13059085	308	0.1	-0.1	-5.34697
13059085	309	0.1	-0.1	-0.40823
13059085	310	0.1	-0.1	1.42765
13059085	311	0.1	-0.1	0.0132428
13059085	312	0.1	-0.1	-1.61492
13059085	313	0.1	-0.1	-0.0340718
13059085	314	0.1	-0.1	2.13876
13059085	315	0.1	-0.1	0.836062
13059085	316	0.1	-0.1	0.777806
13059085	317	0.1	-0.1	5.02343
13059085	318	0.1	-0.1	4.33248
13059085	319	0.1	-0.1	5.4675
13059085	320	0.1	-0.1	0.376592
13059085	321	0.1	-0.1	0.578242
13059085	322	0.1	-0.1	3.79868
13059085	323	0.1	-0.1	3.45513
13059085	324	0.1	-0.1	-0.374467
13059085	325	0.1	-0.1	2.34785
13059085	326	0.1	-0.1	-2.51305
13059085	327	0.1	-0.1	0.219012
13059085	328	0.1	-0.1	-1.90056
13059085	329	0.1	-0.1	3.61477
13059085	330	0.1	-0.1	5.4965
13059085	331	0.1	-0.1	4.61094
13059085	332	0.1	-0.1	3.07177
13059085	333	0.1	-0.1	2.10278
13059085	334	0.1	-0.1	1.05029
13059085	335	0.1	-0.1	-5.04915
13059085	336	0.1	-0.1	-0.965476
13059085	337	0.1	-0.1	1.36248
13059085	338	0.1	-0.1	-4.6736
13059085	339	0.1	-0.1	-2.61693
13059085	340	0.1	-0.1	-0.328843
13059085	341	0.1	-0.1	1.5364
13059085	342	0.1	-0.1	-2.99843
13059085	343	0.1	-0.1	2.55213
13059085	344	0.1	-0.1	3.49854
13059085	345	0.1	-0.1	-3.4613
13059085	346	0.1	-0.1	1.52676
13059085	347	0.1	-0.1	-5.81482
13059085	348	0.1	-0.1	-4.37237
13059085	349	0.1	-0.1	-1.52226
13059085	350	0.1	-0.1	1.86125
13059085	351	0.1	-0.1	-0.275891
13059085	352	0.1	-0.1	-0.393978
13059085	353	0.1	-0.1	1.13609
13059085	354	0.1	-0.1	3.06582
13059085	355	0.1	-0.1	-4.60222
13059085	356	0.1	-0.1	1.7137
13059085	357	0.1	-0.1	-5.84079
13059085	358	0.1	-0.1	1.69207
13059085	359	0.1	-0.1	1.1015
13059085	360	0.1	-0.1	-5.91755
13059085	361	0.1	-0.1	-0.718773
13059085	362	0.1	-0.1	-5.01262
13059085	363	0.1	-0.1	0.351585
13059085	364	0.1	-0.1	4.7445
13059085	365	0.1	-0.1	-3.19094
13059085	366	0.1	-0.1	4.28337
13059085	367	0.1	-0.1	-0.239771
13059085	368	0.1	-0.1	-4.06626
13059085	369	0.1	-0.1	4.4595
13059085	370	0.1	-0.1	1.52945
13059085	371	0.1	-0.1	5.3939
13059085	372	0.1	-0.1	1.51079
13059085	373	0.1	-0.1	5.47526
13059085	374	0.1	-0.1	-1.58429
13059085	375	0.1	-0.1	-0.0319211
13059085	376	0.1	-0.1	5.87516
13059085	377	0.1	-0.1	1.78407
13059085	378	0.1	-0.1	-0.229109
13059085	379	0.1	-0.1	4.47931
13059085	380	0.1	-0.1	5.35349
13059085	381	0.1	-0.1	0.135909
13059085	382	0.1	-0.1	1.75368
13059085	383	0.1	-0.1	2.27141
13059085	384	0.1	-0.1	5.1159
13059085	385	0.1	-0.1	-2.06595
13059085	386	0.1	-0.1	2.24683
13059085	387	0.1	-0.1	4.85957
13059085	388	0.1	-0.1	2.63905
13059085	389	0.1	-0.1	-0.0237234
13059085	390	0.1	-0.1	-4.19737
13059085	391	0.1	-0.1	4.78838
13059085	392	0.1	-0.1	1.07116
13059085	393	0.1	-0.1	5.03756
13059085	394	0.1	-0.1	-1.46632
13059085	395	0.1	-0.1	1.42948
13059085	396	0.1	-0.1	2.94134
13059085	397	0.1	-0.1	0.25601
13059085	398	0.1	-0.1	5.89103
13059085	399	0.1	-0.1	-1.08656
13059085	400	0.1	-0.1	1.99618
13059085	401	0.1	-0.1	-0.256575
13059085	402	0.1	-0.1	5.31013
13059085	403	0.1	-0.1	-4.97255
13059085	404	0.1	-0.1	-5.24179
13059085	405	0.1	-0.1	-4.95117
13059085	406	0.1	-0.1	-1.81271
13059085	407	0.1	-0.1	-3.28684
13059085	408	0.1	-0.1	-5.18658
13059085	409	0.1	-0.1	-5.4551
13059085	410	0.1	-0.1	3.94109
13059085	411	0.1	-0.1	4.52741
13059085	412	0.1	-0.1	-2.41576
13059085	413	0.1	-0.1	-5.23027
13059085	414	0.1	-0.1	-1.87882
13059085	415	0.1	-0.1	0.415209
13059085	416	0.1	-0.1	0.61077
13059085	417	0.1	-0.1	-2.96719
13059085	418	0.1	-0.1	-1.1323
13059085	419	0.1	-0.1	-1.46688
13059085	420	0.1	-0.1	3.24574
13059085	421	0.1	-0.1	3.44944
13059085	422	0.1	-0.1	-4.7953
13059085	423	0.1	-0.1	0.100897
13059085	424	0.1	-0.1	-4.33117
13059085	425	0.1	-0.1	-5.0734
13059085	426	0.1	-0.1	4.69049
13059085	427	0.1	-0.1	-2.60087
13059085	428	0.1	-0.1	-5.24345
13059085	429	0.1	-0.1	-0.971829
13059085	430	0.1	-0.1	-5.5805
13059085	431	0.1	-0.1	-1.09319
13059085	432	0.1	-0.1	0.268695
13059085	433	0.1	-0.1	3.53371
13059085	434	0.1	-0.1	5.61194
13059085	435	0.1	-0.1	3.02994
13059085	436	0.1	-0.1	-5.83773
13059085	437	0.1	-0.1	1.18194
13059085	438	0.1	-0.1	3.81251
13059085	439	0.1	-0.1	5.25395
13059085	440	0.1	-0.1	1.80663
13059085	441	0.1	-0.1	-0.515834
13059085	442	0.1	-0.1	2.06987
13059085	443	0.1	-0.1	0.518763
13059085	444	0.1	-0.1	2.43481
13059085	445	0.1	-0.1	-2.36415
13059085	446	0.1	-0.1	5.42676
13059085	447	0.1	-0.1	1.61022
13059085	448	0.1	-0.1	4.68053
13059085	449	0.1	-0.1	-4.56471
13059085	450	0.1	-0.1	2.15274
13059085	451	0.1	-0.1	1.65392
13059085	452	0.1	-0.1	-0.477354
13059085	453	0.1	-0.1	2.28476
13059085	454	0.1	-0.1	3.83998
13059085	455	0.1	-0.1	-0.669659
13059085	456	0.1	-0.1	5.85915
13059085	457	0.1	-0.1	-2.12573
13059085	458	0.1	-0.1	0.78278
13059085	459	0.1	-0.1	1.14599
13059085	460	0.1	-0.1	-1.38061
13059085	461	0.1	-0.1	-0.892215
13059085	462	0.1	-0.1	-3.99696
13059085	463	0.1	-0.1	3.7908
13059085	464	0.1	-0.1	-1.19014
13059085	465	0.1	-0.1	-0.41506
13059085	466	0.1	-0.1	-0.686433
13059085	467	0.1	-0.1	5.40117
13059085	468	0.1	-0.1	-2.1796
13059085	469	0.1	-0.1	-0.639456
13059085	470	0.1	-0.1	5.44674
13059085	471	0.1	-0.1	2.0829
13059085	472	0.1	-0.1	-4.89588
13059085	473	0.1	-0.1	-0.178617
13059085	474	0.1	-0.1	5.75318
13059085	475	0.1	-0.1	0.378535
13059085	476	0.1	-0.1	1.82815
13059085	477	0.1	-0.1	-5.00814
13059085	478	0.1	-0.1	3.84438
13059085	479	0.1	-0.1	-1.74511
13059085	480	0.1	-0.1	-2.95262
13059085	481	0.1	-0.1	-3.95178
13059085	482	0.1	-0.1	5.53016
13059085	483	0.1	-0.1	-3.04708
13059085	484	0.1	-0.1	-1.2992
13059085	485	0.1	-0.1	2.4474
13059085	486	0.1	-0.1	0.729231
13059085	487	0.1	-0.1	4.15378
13059085	488	0.1	-0.1	-3.80384
13059085	489	0.1	-0.1	-1.26471
13059085	490	0.1	-0.1	2.94592
13059085	491	0.1	-0.1	1.22053
13059085	492	0.1	-0.1	3.82531
13059085	493	0.1	-0.1	-5.86176
13059085	494	0.1	-0.1	2.39046
13059085	495	0.1	-0.1	-4.38354
13059085	496	0.1	-0.1	-1.08218
13059085	497	0.1	-0.1	4.04564
13059085	498	0.1	-0.1	-2.59989
13059085	499	0.1	-0.1	4.20813
13059085	500	0.1	-0.1	4.37081
13059085	501	0.1	-0.1	-4.24568
13059085	502	0.1	-0.1	-3.69985
13059085	503	0.1	-0.1	-0.657891
13059085	504	0.1	-0.1	5.58912
13059085	505	0.1	-0.1	-4.18165
13059085	506	0.1	-0.1	-0.227444
13059085	507	0.1	-0.1	1.37923
13059085	508	0.1	-0.1	-5.68848
13059085	509	0.1	-0.1	3.26168
13059085	510	0.1	-0.1	0.171815
13059085	511	0.1	-0.1	5.18578
13059085	512	0.1	-0.1	0.650104
13059085	513	0.1	-0.1	-5.52074
13059085	514	0.1	-0.1	5.82273
13059085	515	0.1	-0.1	0.0614917
13059085	516	0.1	-0.1	-5.44346
13059085	517	0.1	-0.1	3.48643
13059085	518	0.1	-0.1	-0.92188
13059085	519	0.1	-0.1	4.79543
13059085	520	0.1	-0.1	-4.43042
13059085	521	0.1	-0.1	4.83141
13059085	522	0.1	-0.1	2.08899
13059085	523	0.1	-0.1	5.78143
13059085	524	0.1	-0.1	0.920045
13059085	525	0.1	-0.1	5.32109
13059085	526	0.1	-0.1	-1.13192
13059085	527	0.1	-0.1	3.8023
13059085	528	0.1	-0.1	3.52783
13059085	529	0.1	-0.1	-1.27562
13059085	530	0.1	-0.1	3.65996
13059085	531	0.1	-0.1	-2.92932
13059085	532	0.1	-0.1	5.6816
13059085	533	0.1	-0.1	1.48471
13059085	534	0.1	-0.1	-1.86001
13059085	535	0.1	-0.1	-3.63895
13059085	536	0.1	-0.1	4.55453
13059085	537	0.1	-0.1	-0.69988
13059085	538	0.1	-0.1	5.72406
13059085	539	0.1	-0.1	-0.89848
13059085	540	0.1	-0.1	3.89838
13059085	541	0.1	-0.1	2.71495
13059085	542	0.1	-0.1	4.19821
13059085	543	0.1	-0.1	-2.02965
13059085	544	0.1	-0.1	-1.40013
13059085	545	0.1	-0.1	-3.3589
13059085	546	0.1	-0.1	5.98252
13059085	547	0.1	-0.1	1.25457
13059085	548	0.1	-0.1	-2.74321
13059085	549	0.1	-0.1	-3.54776
13059085	550	0.1	-0.1	-0.181497
13059085	551	0.1	-0.1	-2.96396
13059085	552	0.1	-0.1	-0.534906
13059085	553	0.1	-0.1	-4.71011
13059085	554	0.1	-0.1	2.91791
13059085	555	0.1	-0.1	-5.61799
13059085	556	0.1	-0.1	-1.02947
13059085	557	0.1	-0.1	1.14691
13059085	558	0.1	-0.1	-2.00202
13059085	559	0.1	-0.1	-0.262089
13059085	560	0.1	-0.1	2.20838
13059085	561	0.1	-0.1	-5.9558
13059085	562	0.1	-0.1	-1.26749
13059085	563	0.1	-0.1	3.95875
13059085	564	0.1	-0.1	-3.35112
13059085	565	0.1	-0.1	0.0516976
13059085	566	0.1	-0.1	1.39341
13059085	567	0.1	-0.1	-3.99014
13059085	568	0.1	-0.1	5.38126
13059085	569	0.1	-0.1	4.54118
13059085	570	0.1	-0.1	-0.170796
13059085	571	0.1	-0.1	4.03602
13059085	572	0.1	-0.1	-4.16537
13059085	573	0.1	-0.1	-5.1394
13059085	574	0.1	-0.1	-0.519786
13059085	575	0.1	-0.1	-4.58493
13059085	576	0.1	-0.1	3.742
13059085	577	0.1	-0.1	5.06873
13059085	578	0.1	-0.1	2.47398
13059085	579	0.1	-0.1	2.82999
13059085	580	0.1	-0.1	-2.4447
13059085	581	0.1	-0.1	0.394227
13059085	582	0.1	-0.1	-4.7458
13059085	583	0.1	-0.1	3.04782
13059085	584	0.1	-0.1	0.00190591
13059085	585	0.1	-0.1	-4.44578
13059085	586	0.1	-0.1	1.85846
13059085	587	0.1	-0.1	2.80095
13059085	588	0.1	-0.1	-4.16492
13059085	589	0.1	-0.1	-4.18655
13059085	590	0.1	-0.1	-0.644765
13059085	591	0.1	-0.1	-2.84177
13059085	592	0.1	-0.1	1.42296
13059085	593	0.1	-0.1	4.05551
13059085	594	0.1	-0.1	-3.45438
13059085	595	0.1	-0.1	-5.3791
13059085	596	0.1	-0.1	-5.1836
13059085	597	0.1	-0.1	-1.43416
13059085	598	0.1	-0.1	-2.56235
13059085	599	0.1	-0.1	-3.01015
13059085	600	0.1	-0.1	1.88794
13059085	601	0.1	-0.1	-0.575756
13059085	602	0.1	-0.1	-4.66141
13059085	603	0.1	-0.1	0.670795
13059085	604	0.1	-0.1	1.51278
13059085	605	0.1	-0.1	-2.21783
13059085	606	0.1	-0.1	2.46615
13059085	607	0.1	-0.1	3.88277
13059085	608	0.1	-0.1	-1.30511
13059085	609	0.1	-0.1	-3.0004
13059085	610	0.1	-0.1	3.54398
13059085	611	0.1	-0.1	-2.95329
13059085	612	0.1	-0.1	-3.44204
13059085	613	0.1	-0.1	5.68029
13059085	614	0.1	-0.1	-5.85743
13059085	615	0.1	-0.1	0.432728
13059085	616	0.1	-0.1	0.966476
13059085	617	0.1	-0.1	-5.54297
13059085	618	0.1	-0.1	-4.86886
13059085	619	0.1	-0.1	-3.03963
13059085	620	0.1	-0.1	-3.0448
13059085	621	0.1	-0.1	5.68641
13059085	622	0.1	-0.1	-3.56858
13059085	623	0.1	-0.1	-0.838595
13059085	624	0.1	-0.1	5.49507
13059085	625	0.1	-0.1	1.03516
13059085	626	0.1	-0.1	-1.76176
13059085	627	0.1	-0.1	-2.05545
13059085	628	0.1	-0.1	-1.73114
13059085	629	0.1	-0.1	3.01858
13059085	630	0.1	-0.1	-5.29222
13059085	631	0.1	-0.1	0.903337
13059085	632	0.1	-0.1	-0.753365
13059085	633	0.1	-0.1	5.38639
13059085	634	0.1	-0.1	0.953356
13059085	635	0.1	-0.1	2.7288
13059085	636	0.1	-0.1	-3.64546
13059085	637	0.1	-0.1	-3.16997
13059085	638	0.1	-0.1	-3.67103
13059085	639	0.1	-0.1	2.88856
13059085	640	0.1	-0.1	0.449924
13059085	641	0.1	-0.1	4.66738
13059085	642	0.1	-0.1	1.48976
13059085	643	0.1	-0.1	1.85118
13059085	644	0.1	-0.1	1.53456
13059085	645	0.1	-0.1	-4.36687
13059085	646	0.1	-0.1	-3.23008
13059085	647	0.1	-0.1	-5.74883
13059085	648	0.1	-0.1	-5.44333
13059085	649	0.1	-0.1	-2.37452
13059085	650	0.1	-0.1	-4.84126
13059085	651	0.1	-0.1	-0.662297
13059085	652	0.1	-0.1	-5.53738
13059085	653	0.1	-0.1	3.49902
13059085	654	0.1	-0.1	-0.943228
13059085	655	0.1	-0.1	5.97169
13059085	656	0.1	-0.1	5.94145
13059085	657	0.1	-0.1	3.4638
13059085	658	0.1	-0.1	-0.652284
13059085	659	0.1	-0.1	-4.75928
13059085	660	0.1	-0.1	1.85177
13059085	661	0.1	-0.1	-1.83706
13059085	662	0.1	-0.1	-3.15508
13059085	663	0.1	-0.1	5.4912
13059085	664	0.1	-0.1	-5.75351
13059085	665	0.1	-0.1	2.92283
13059085	666	0.1	-0.1	3.69938
13059085	667	0.1	-0.1	-5.19347
13059085	668	0.1	-0.1	-5.26736
13059085	669	0.1	-0.1	-2.79398
13059085	670	0.1	-0.1	5.72301
13059085	671	0.1	-0.1	5.54443
13059085	672	0.1	-0.1	1.03419
13059085	673	0.1	-0.1	2.23433
13059085	674	0.1	-0.1	4.09913
13059085	675	0.1	-0.1	5.02872
13059085	676	0.1	-0.1	-5.38904
13059085	677	0.1	-0.1	-4.73273
13059085	678	0.1	-0.1	-1.87434
13059085	679	0.1	-0.1	-3.45399
13059085	680	0.1	-0.1	0.959793
13059085	681	0.1	-0.1	2.92412
13059085	682	0.1	-0.1	-5.84846
13059085	683	0.1	-0.1	-5.50937
13059085	684	0.1	-0.1	0.514225
13059085	685	0.1	-0.1	4.23989
13059085	686	0.1	-0.1	-4.06285
13059085	687	0.1	-0.1	3.50052
13059085	688	0.1	-0.1	-2.19019
13059085	689	0.1	-0.1	0.33273
13059085	690	0.1	-0.1	3.47487
13059085	691	0.1	-0.1	0.163563
13059085	692	0.1	-0.1	-2.06454
13059085	693	0.1	-0.1	-0.454309
13059085	694	0.1	-0.1	4.92587
13059085	695	0.1	-0.1	5.42234
13059085	696	0.1	-0.1	-3.12404
13059085	697	0.1	-0.1	-3.96694
13059085	698	0.1	-0.1	-3.67742
13059085	699	0.1	-0.1	-1.62002
13059085	700	0.1	-0.1	4.66882
13059085	701	0.1	-0.1	-2.39105
13059085	702	0.1	-0.1	3.48062
13059085	703	0.1	-0.1	0.66258
13059085	704	0.1	-0.1	-4.64313
13059085	705	0.1	-0.1	-0.265578
13059085	706	0.1	-0.1	-4.21372
13059085	707	0.1	-0.1	5.67331
13059085	708	0.1	-0.1	3.38982
13059085	709	0.1	-0.1	0.525843
13059085	710	0.1	-0.1	2.57714
13059085	711	0.1	-0.1	2.93841
13059085	712	0.1	-0.1	0.961075
13059085	713	0.1	-0.1	-5.81464
13059085	714	0.1	-0.1	-2.44653
13059085	715	0.1	-0.1	4.89131
13059085	716	0.1	-0.1	3.88616
13059085	717	0.1	-0.1	-1.87168
13059085	718	0.1	-0.1	-3.51982
13059085	719	0.1	-0.1	-3.32423
13059085	720	0.1	-0.1	-0.662011
13059085	721	0.1	-0.1	3.42528
13059085	722	0.1	-0.1	-3.89507
13059085	723	0.1	-0.1	1.82473
13059085	724	0.1	-0.1	1.5775
13059085	725	0.1	-0.1	-4.36008
13059085	726	0.1	-0.1	3.66262
13059085	727	0.1	-0.1	0.130548
13059085	728	0.1	-0.1	3.46732
13059085	729	0.1	-0.1	3.13004
13059085	730	0.1	-0.1	2.184
13059085	731	0.1	-0.1	-5.01941
13059085	732	0.1	-0.1	0.267083
13059085	733	0.1	-0.1	-5.19195
13059085	734	0.1	-0.1	-2.34449
13059085	735	0.1	-0.1	-0.622454
13059085	736	0.1	-0.1	-5.69833
13059085	737	0.1	-0.1	-0.823756
13059085	738	0.1	-0.1	-3.14289
13059085	739	0.1	-0.1	0.87732
13059085	740	0.1	-0.1	-5.69408
13059085	741	0.1	-0.1	0.306901
13059085	742	0.1	-0.1	-1.94464
13059085	743	0.1	-0.1	4.6173
13059085	744	0.1	-0.1	-5.48873
13059085	745	0.1	-0.1	-5.95553
13059085	746	0.1	-0.1	-4.84773
13059085	747	0.1	-0.1	-2.56866
13059085	748	0.1	-0.1	-2.74588
13059085	749	0.1	-0.1	-2.05813
13059085	750	0.1	-0.1	4.03551
13059085	751	0.1	-0.1	-4.70531
13059085	752	0.1	-0.1	2.44739
13059085	753	0.1	-0.1	5.81804
13059085	754	0.1	-0.1	-0.288136
13059085	755	0.1	-0.1	0.949977
13059085	756	0.1	-0.1	5.15582
13059085	757	0.1	-0.1	3.08106
13059085	758	0.1	-0.1	4.31986
13059085	759	0.1	-0.1	5.33355
13059085	760	0.1	-0.1	-1.36445
13059085	761	0.1	-0.1	3.94665
13059085	762	0.1	-0.1	-2.93515
13059085	763	0.1	-0.1	-3.15029
13059085	764	0.1	-0.1	-1.89099
13059085	765	0.1	-0.1	3.37102
13059085	766	0.1	-0.1	5.2217
13059085	767	0.1	-0.1	3.99558
13059085	768	0.1	-0.1	-2.12279
13059085	769	0.1	-0.1	1.17251
13059085	770	0.1	-0.1	5.19449
13059085	771	0.1	-0.1	-1.57123
13059085	772	0.1	-0.1	-2.90159
13059085	773	0.1	-0.1	0.954934
13059085	774	0.1	-0.1	2.73148
13059085	775	0.1	-0.1	-2.96756
13059085	776	0.1	-0.1	-2.51962
13059085	777	0.1	-0.1	3.78284
13059085	778	0.1	-0.1	-5.693
13059085	779	0.1	-0.1	1.74072
13059085	780	0.1	-0.1	-4.58053
13059085	781	0.1	-0.1	-2.87366
13059085	782	0.1	-0.1	2.01957
13059085	783	0.1	-0.1	0.335644
13059085	784	0.1	-0.1	-1.08923
13059085	785	0.1	-0.1	1.14163
13059085	786	0.1	-0.1	-1.03925
13059085	787	0.1	-0.1	3.60882
13059085	788	0.1	-0.1	-4.23128
13059085	789	0.1	-0.1	1.97615
13059085	790	0.1	-0.1	0.576061
13059085	791	0.1	-0.1	4.17615
13059085	792	0.1	-0.1	1.63812
13059085	793	0.1	-0.1	3.29137
13059085	794	0.1	-0.1	0.129341
13059085	795	0.1	-0.1	-2.05327
13059085	796	0.1	-0.1	-5.58237
13059085	797	0.1	-0.1	2.95945
13059085	798	0.1	-0.1	4.8158
13059085	799	0.1	-0.1	0.790509
13059085	800	0.1	-0.1	0.624936
13059085	801	0.1	-0.1	-1.75945
13059085	802	0.1	-0.1	2.24286
13059085	803	0.1	-0.1	-2.0225
13059085	804	0.1	-0.1	4.15601
13059085	805	0.1	-0.1	5.07875
13059085	806	0.1	-0.1	4.17765
13059085	807	0.1	-0.1	5.96587
13059085	808	0.1	-0.1	1.38265
13059085	809	0.1	-0.1	-2.65337
13059085	810	0.1	-0.1	2.77411
13059085	811	0.1	-0.1	5.4984
13059085	812	0.1	-0.1	5.47669
13059085	813	0.1	-0.1	0.287658
13059085	814	0.1	-0.1	-5.12678
13059085	815	0.1	-0.1	2.80557
13059085	816	0.1	-0.1	-4.85974
13059085	817	0.1	-0.1	5.89531
13059085	818	0.1	-0.1	-4.82556
13059085	819	0.1	-0.1	-2.6629
13059085	820	0.1	-0.1	-0.780877
13059085	821	0.1	-0.1	-5.14134
13059085	822	0.1	-0.1	0.876318
13059085	823	0.1	-0.1	-0.382952
13059085	824	0.1	-0.1	-1.89188
13059085	825	0.1	-0.1	2.11903
13059085	826	0.1	-0.1	0.825488
13059085	827	0.1	-0.1	-5.88566
13059085	828	0.1	-0.1	1.85785
13059085	829	0.1	-0.1	2.55466
13059085	830	0.1	-0.1	1.62131
13059085	831	0.1	-0.1	-2.20366
13059085	832	0.1	-0.1	2.15628
13059085	833	0.1	-0.1	0.447741
13059085	834	0.1	-0.1	0.457754
13059085	835	0.1	-0.1	-3.05077
13059085	836	0.1	-0.1	-5.86077
13059085	837	0.1	-0.1	-5.0368
13059085	838	0.1	-0.1	4.39087
13059085	839	0.1	-0.1	1.95341
13059085	840	0.1	-0.1	-4.46935
13059085	841	0.1	-0.1	3.80096
13059085	842	0.1	-0.1	-1.70831
13059085	843	0.1	-0.1	-5.03526
13059085	844	0.1	-0.1	0.0730727
13059085	845	0.1	-0.1	-4.03336
13059085	846	0.1	-0.1	-4.35171
13059085	847	0.1	-0.1	-4.96715
13059085	848	0.1	-0.1	-0.508736
13059085	849	0.1	-0.1	0.801649
13059085	850	0.1	-0.1	-4.04827
13059085	851	0.1	-0.1	-4.19299
13059085	852	0.1	-0.1	5.55059
13059085	853	0.1	-0.1	-1.45685
13059085	854	0.1	-0.1	-3.83798
13059085	855	0.1	-0.1	5.03513
13059085	856	0.1	-0.1	4.96738
13059085	857	0.1	-0.1	2.68387
13059085	858	0.1	-0.1	-5.98734
13059085	859	0.1	-0.1	2.07924
13059085	860	0.1	-0.1	5.45584
13059085	861	0.1	-0.1	0.598916
13059085	862	0.1	-0.1	1.78093
13059085	863	0.1	-0.1	-3.33974
13059085	864	0.1	-0.1	3.82204
13059085	865	0.1	-0.1	-5.60233
13059085	866	0.1	-0.1	-1.44932
13059085	867	0.1	-0.1	-2.99619
13059085	868	0.1	-0.1	0.019837
13059085	869	0.1	-0.1	4.9567
13059085	870	0.1	-0.1	2.03955
13059085	871	0.1	-0.1	0.574748
13059085	872	0.1	-0.1	-0.0171205
13059085	873	0.1	-0.1	4.74991
13059085	874	0.1	-0.1	-0.128697
13059085	875	0.1	-0.1	2.28835
13059085	876	0.1	-0.1	3.62804
13059085	877	0.1	-0.1	-5.07131
13059085	878	0.1	-0.1	-4.19368
13059085	879	0.1	-0.1	5.90443
13059085	880	0.1	-0.1	3.77559
13059085	881	0.1	-0.1	1.01838
13059085	882	0.1	-0.1	-4.34394
13059085	883	0.1	-0.1	0.111239
13059085	884	0.1	-0.1	-5.82743
13059085	885	0.1	-0.1	-3.54661
13059085	886	0.1	-0.1	2.36727
13059085	887	0.1	-0.1	-0.756976
13059085	888	0.1	-0.1	1.32189
13059085	889	0.1	-0.1	-4.97837
13059085	890	0.1	-0.1	-5.69116
13059085	891	0.1	-0.1	0.136879
13059085	892	0.1	-0.1	3.2899
13059085	893	0.1	-0.1	3.81688
13059085	894	0.1	-0.1	-0.498287
13059085	895	0.1	-0.1	-2.73441
13059085	896	0.1	-0.1	-0.12985
13059085	897	0.1	-0.1	1.04891
13059085	898	0.1	-0.1	-1.19421
13059085	899	0.1	-0.1	2.41453
13059085	900	0.1	-0.1	3.54987
13059085	901	0.1	-0.1	2.45066
13059085	902	0.1	-0.1	-3.55325
13059085	903	0.1	-0.1	-5.16808
13059085	904	0.1	-0.1	3.96292
13059085	905	0.1	-0.1	-1.13436
13059085	906	0.1	-0.1	-5.68524
13059085	907	0.1	-0.1	2.14668
13059085	908	0.1	-0.1	1.84611
13059085	909	0.1	-0.1	-0.62524
13059085	910	0.1	-0.1	0.887655
13059085	911	0.1	-0.1	0.647036
13059085	912	0.1	-0.1	-5.93067
13059085	913	0.1	-0.1	1.50804
13059085	914	0.1	-0.1	4.86786
13059085	915	0.1	-0.1	1.59509
13059085	916	0.1	-0.1	-1.01483
13059085	917	0.1	-0.1	5.66236
13059085	918	0.1	-0.1	-5.14833
13059085	919	0.1	-0.1	-5.90441
13059085	920	0.1	-0.1	-4.53221
13059085	921	0.1	-0.1	1.63144
13059085	922	0.1	-0.1	-2.24017
13059085	923	0.1	-0.1	-3.86863
13059085	924	0.1	-0.1	-0.834259
13059085	925	0.1	-0.1	4.11383
13059085	926	0.1	-0.1	4.54212
13059085	927	0.1	-0.1	2.84329
13059085	928	0.1	-0.1	-1.34319
13059085	929	0.1	-0.1	3.933
13059085	930	0.1	-0.1	-0.727964
13059085	931	0.1	-0.1	-1.71388
13059085	932	0.1	-0.1	2.76289
13059085	933	0.1	-0.1	0.192524
13059085	934	0.1	-0.1	-0.783882
13059085	935	0.1	-0.1	-2.28441
13059085	936	0.1	-0.1	3.30988
13059085	937	0.1	-0.1	5.66476
13059085	938	0.1	-0.1	3.58344
13059085	939	0.1	-0.1	-1.98359
13059085	940	0.1	-0.1	1.33766
13059085	941	0.1	-0.1	-4.65391
13059085	942	0.1	-0.1	4.22542
13059085	943	0.1	-0.1	-2.02607
13059085	944	0.1	-0.1	1.60173
13059085	945	0.1	-0.1	4.36595
13059085	946	0.1	-0.1	3.69664
13059085	947	0.1	-0.1	-2.50281
13059085	948	0.1	-0.1	-2.61602
13059085	949	0.1	-0.1	5.69117
13059085	950	0.1	-0.1	1.15009
13059085	951	0.1	-0.1	-2.33087
13059085	952	0.1	-0.1	4.85895
13059085	953	0.1	-0.1	2.69575
13059085	954	0.1	-0.1	3.86928
13059085	955	0.1	-0.1	-4.74541
13059085	956	0.1	-0.1	-3.06369
13059085	957	0.1	-0.1	-3.42829
13059085	958	0.1	-0.1	2.76797
13059085	959	0.1	-0.1	4.76041
13059085	960	0.1	-0.1	-5.9741
13059085	961	0.1	-0.1	0.541004
13059085	962	0.1	-0.1	4.91142
13059085	963	0.1	-0.1	3.19261
13059085	964	0.1	-0.1	-4.16367
13059085	965	0.1	-0.1	-0.394106
13059085	966	0.1	-0.1	-0.870634
13059085	967	0.1	-0.1	-1.51497
13059085	968	0.1	-0.1	-3.23097
13059085	969	0.1	-0.1	-1.69755
13059085	970	0.1	-0.1	-5.3262
13059085	971	0.1	-0.1	-2.94723
13059085	972	0.1	-0.1	-5.88334
13059085	973	0.1	-0.1	-5.92125
13059085	974	0.1	-0.1	-0.926107
13059085	975	0.1	-0.1	5.12631
13059085	976	0.1	-0.1	3.34489
13059085	977	0.1	-0.1	-5.39188
13059085	978	0.1	-0.1	-4.7075
13059085	979	0.1	-0.1	4.65634
13059085	980	0.1	-0.1	-3.20186
13059085	981	0.1	-0.1	1.52857
13059085	982	0.1	-0.1	1.19703
13059085	983	0.1	-0.1	2.26413
13059085	984	0.1	-0.1	-3.05193
13059085	985	0.1	-0.1	5.92398
13059085	986	0.1	-0.1	4.28214
13059085	987	0.1	-0.1	-1.2342
13059085	988	0.1	-0.1	-0.274714
13059085	989	0.1	-0.1	-3.47877
13059085	990	0.1	-0.1	-0.108819
13059085	991	0.1	-0.1	-1.05641
13059085	992	0.1	-0.1	0.175284
13059085	993	0.1	-0.1	3.3447
13059085	994	0.1	-0.1	2.75956
13059085	995	0.1	-0.1	3.16775
13059085	996	0.1	-0.1	0.591073
13059085	997	0.1	-0.1	2.05297
13059085	998	0.1	-0.1	4.36189
13059085	999	0.1	-0.1	4.17318
13059085	1000	0.1	-0.1	-4.4838
