13052009	1	0.1	-0.1	3.97368
13052009	2	0.1	-0.1	0.762012
13052009	3	0.1	-0.1	1.33332
13052009	4	0.1	-0.1	-3.94924
13052009	5	0.1	-0.1	4.65307
13052009	6	0.1	-0.1	-2.15977
13052009	7	0.1	-0.1	2.88902
13052009	8	0.1	-0.1	-4.5335
13052009	9	0.1	-0.1	-5.2743
13052009	10	0.1	-0.1	-3.52092
13052009	11	0.1	-0.1	-4.55862
13052009	12	0.1	-0.1	5.95521
13052009	13	0.1	-0.1	2.03516
13052009	14	0.1	-0.1	-0.0201822
13052009	15	0.1	-0.1	-1.54309
13052009	16	0.1	-0.1	4.02283
13052009	17	0.1	-0.1	-1.27854
13052009	18	0.1	-0.1	2.63829
13052009	19	0.1	-0.1	-1.54298
13052009	20	0.1	-0.1	-3.83911
13052009	21	0.1	-0.1	4.04634
13052009	22	0.1	-0.1	-4.80283
13052009	23	0.1	-0.1	-0.859887
13052009	24	0.1	-0.1	-1.69177
13052009	25	0.1	-0.1	-3.65131
13052009	26	0.1	-0.1	-4.25114
13052009	27	0.1	-0.1	2.37269
13052009	28	0.1	-0.1	-3.90267
13052009	29	0.1	-0.1	-2.00936
13052009	30	0.1	-0.1	2.60234
13052009	31	0.1	-0.1	-4.90182
13052009	32	0.1	-0.1	-1.44967
13052009	33	0.1	-0.1	2.16594
13052009	34	0.1	-0.1	0.455415
13052009	35	0.1	-0.1	-2.17609
13052009	36	0.1	-0.1	-0.534883
13052009	37	0.1	-0.1	5.81284
13052009	38	0.1	-0.1	-5.66926
13052009	39	0.1	-0.1	0.426184
13052009	40	0.1	-0.1	-3.0616
13052009	41	0.1	-0.1	-3.82112
13052009	42	0.1	-0.1	3.27231
13052009	43	0.1	-0.1	-4.32168
13052009	44	0.1	-0.1	-2.05043
13052009	45	0.1	-0.1	-1.90155
13052009	46	0.1	-0.1	3.6305
13052009	47	0.1	-0.1	2.57028
13052009	48	0.1	-0.1	-4.84966
13052009	49	0.1	-0.1	-0.63336
13052009	50	0.1	-0.1	-4.965
13052009	51	0.1	-0.1	1.43763
13052009	52	0.1	-0.1	-1.19732
13052009	53	0.1	-0.1	0.46209
13052009	54	0.1	-0.1	3.0154
13052009	55	0.1	-0.1	5.70404
13052009	56	0.1	-0.1	-5.28873
13052009	57	0.1	-0.1	-5.10468
13052009	58	0.1	-0.1	-2.26068
13052009	59	0.1	-0.1	3.43768
13052009	60	0.1	-0.1	-3.50814
13052009	61	0.1	-0.1	-2.77691
13052009	62	0.1	-0.1	-1.99133
13052009	63	0.1	-0.1	4.56056
13052009	64	0.1	-0.1	-1.80316
13052009	65	0.1	-0.1	-4.7731
13052009	66	0.1	-0.1	1.80562
13052009	67	0.1	-0.1	3.04408
13052009	68	0.1	-0.1	-5.98202
13052009	69	0.1	-0.1	-0.295201
13052009	70	0.1	-0.1	-0.442658
13052009	71	0.1	-0.1	-5.42746
13052009	72	0.1	-0.1	-2.32394
13052009	73	0.1	-0.1	-3.09565
13052009	74	0.1	-0.1	-4.82639
13052009	75	0.1	-0.1	4.25436
13052009	76	0.1	-0.1	-5.66102
13052009	77	0.1	-0.1	-0.615719
13052009	78	0.1	-0.1	4.93444
13052009	79	0.1	-0.1	3.55863
13052009	80	0.1	-0.1	-2.6323
13052009	81	0.1	-0.1	-0.23716
13052009	82	0.1	-0.1	0.892749
13052009	83	0.1	-0.1	1.47621
13052009	84	0.1	-0.1	-2.8504
13052009	85	0.1	-0.1	-2.34621
13052009	86	0.1	-0.1	0.600074
13052009	87	0.1	-0.1	5.31664
13052009	88	0.1	-0.1	-1.94445
13052009	89	0.1	-0.1	3.97866
13052009	90	0.1	-0.1	0.100024
13052009	91	0.1	-0.1	0.129086
13052009	92	0.1	-0.1	-3.76824
13052009	93	0.1	-0.1	5.76334
13052009	94	0.1	-0.1	3.84663
13052009	95	0.1	-0.1	-0.665624
13052009	96	0.1	-0.1	-0.209453
13052009	97	0.1	-0.1	-3.09739
13052009	98	0.1	-0.1	5.09191
13052009	99	0.1	-0.1	-4.55338
13052009	100	0.1	-0.1	3.83418
13052009	101	0.1	-0.1	1.64329
13052009	102	0.1	-0.1	-3.83225
13052009	103	0.1	-0.1	4.62753
13052009	104	0.1	-0.1	-3.15514
13052009	105	0.1	-0.1	-3.34385
13052009	106	0.1	-0.1	4.1287
13052009	107	0.1	-0.1	-4.07835
13052009	108	0.1	-0.1	0.701434
13052009	109	0.1	-0.1	5.53845
13052009	110	0.1	-0.1	-2.74045
13052009	111	0.1	-0.1	-0.358765
13052009	112	0.1	-0.1	0.539086
13052009	113	0.1	-0.1	5.79848
13052009	114	0.1	-0.1	0.217871
13052009	115	0.1	-0.1	5.74515
13052009	116	0.1	-0.1	2.6969
13052009	117	0.1	-0.1	-2.54139
13052009	118	0.1	-0.1	-2.62281
13052009	119	0.1	-0.1	0.842444
13052009	120	0.1	-0.1	0.451045
13052009	121	0.1	-0.1	-4.54752
13052009	122	0.1	-0.1	-3.17951
13052009	123	0.1	-0.1	-1.27448
13052009	124	0.1	-0.1	2.68713
13052009	125	0.1	-0.1	3.31827
13052009	126	0.1	-0.1	-5.15824
13052009	127	0.1	-0.1	-5.1902
13052009	128	0.1	-0.1	-1.33769
13052009	129	0.1	-0.1	3.19122
13052009	130	0.1	-0.1	3.29732
13052009	131	0.1	-0.1	3.24497
13052009	132	0.1	-0.1	-1.09012
13052009	133	0.1	-0.1	2.78656
13052009	134	0.1	-0.1	0.85479
13052009	135	0.1	-0.1	0.0766517
13052009	136	0.1	-0.1	2.43315
13052009	137	0.1	-0.1	-5.38427
13052009	138	0.1	-0.1	-2.84577
13052009	139	0.1	-0.1	2.64051
13052009	140	0.1	-0.1	-4.72332
13052009	141	0.1	-0.1	-5.3662
13052009	142	0.1	-0.1	-0.678001
13052009	143	0.1	-0.1	-1.16217
13052009	144	0.1	-0.1	2.82489
13052009	145	0.1	-0.1	0.231431
13052009	146	0.1	-0.1	1.84238
13052009	147	0.1	-0.1	-5.50931
13052009	148	0.1	-0.1	-2.10897
13052009	149	0.1	-0.1	-4.72411
13052009	150	0.1	-0.1	4.78244
13052009	151	0.1	-0.1	2.72544
13052009	152	0.1	-0.1	-5.4895
13052009	153	0.1	-0.1	-5.39556
13052009	154	0.1	-0.1	2.14925
13052009	155	0.1	-0.1	3.9815
13052009	156	0.1	-0.1	2.30261
13052009	157	0.1	-0.1	4.49596
13052009	158	0.1	-0.1	5.12938
13052009	159	0.1	-0.1	-2.41414
13052009	160	0.1	-0.1	-0.296026
13052009	161	0.1	-0.1	-1.74717
13052009	162	0.1	-0.1	-4.61467
13052009	163	0.1	-0.1	1.98531
13052009	164	0.1	-0.1	-3.25735
13052009	165	0.1	-0.1	-2.66476
13052009	166	0.1	-0.1	-4.29936
13052009	167	0.1	-0.1	-4.40811
13052009	168	0.1	-0.1	-1.75819
13052009	169	0.1	-0.1	0.98711
13052009	170	0.1	-0.1	1.64039
13052009	171	0.1	-0.1	5.33276
13052009	172	0.1	-0.1	-5.02246
13052009	173	0.1	-0.1	5.93785
13052009	174	0.1	-0.1	-4.26084
13052009	175	0.1	-0.1	4.5721
13052009	176	0.1	-0.1	-4.31332
13052009	177	0.1	-0.1	-0.957164
13052009	178	0.1	-0.1	-3.78144
13052009	179	0.1	-0.1	-1.21456
13052009	180	0.1	-0.1	5.41387
13052009	181	0.1	-0.1	-3.16658
13052009	182	0.1	-0.1	5.55038
13052009	183	0.1	-0.1	-3.94723
13052009	184	0.1	-0.1	2.49817
13052009	185	0.1	-0.1	0.264596
13052009	186	0.1	-0.1	5.99387
13052009	187	0.1	-0.1	-2.97481
13052009	188	0.1	-0.1	2.85385
13052009	189	0.1	-0.1	-2.55943
13052009	190	0.1	-0.1	0.703079
13052009	191	0.1	-0.1	-5.84001
13052009	192	0.1	-0.1	-1.38449
13052009	193	0.1	-0.1	5.33384
13052009	194	0.1	-0.1	1.87454
13052009	195	0.1	-0.1	3.7601
13052009	196	0.1	-0.1	-4.21174
13052009	197	0.1	-0.1	-0.00541506
13052009	198	0.1	-0.1	2.61474
13052009	199	0.1	-0.1	-3.45215
13052009	200	0.1	-0.1	-2.57392
13052009	201	0.1	-0.1	3.2307
13052009	202	0.1	-0.1	3.62415
13052009	203	0.1	-0.1	3.87004
13052009	204	0.1	-0.1	3.18247
13052009	205	0.1	-0.1	-3.81282
13052009	206	0.1	-0.1	1.4189
13052009	207	0.1	-0.1	-0.763889
13052009	208	0.1	-0.1	5.94805
13052009	209	0.1	-0.1	-0.434727
13052009	210	0.1	-0.1	-5.16329
13052009	211	0.1	-0.1	1.02214
13052009	212	0.1	-0.1	5.55234
13052009	213	0.1	-0.1	-5.13151
13052009	214	0.1	-0.1	3.92109
13052009	215	0.1	-0.1	5.61398
13052009	216	0.1	-0.1	-2.87012
13052009	217	0.1	-0.1	-4.76085
13052009	218	0.1	-0.1	1.61399
13052009	219	0.1	-0.1	-4.97363
13052009	220	0.1	-0.1	-0.639261
13052009	221	0.1	-0.1	-4.8562
13052009	222	0.1	-0.1	3.77964
13052009	223	0.1	-0.1	0.261138
13052009	224	0.1	-0.1	-2.50345
13052009	225	0.1	-0.1	4.84348
13052009	226	0.1	-0.1	1.68433
13052009	227	0.1	-0.1	3.22062
13052009	228	0.1	-0.1	-4.5646
13052009	229	0.1	-0.1	1.47412
13052009	230	0.1	-0.1	-1.72743
13052009	231	0.1	-0.1	-1.84896
13052009	232	0.1	-0.1	-2.81944
13052009	233	0.1	-0.1	0.115756
13052009	234	0.1	-0.1	0.981038
13052009	235	0.1	-0.1	1.63917
13052009	236	0.1	-0.1	1.28577
13052009	237	0.1	-0.1	-3.13896
13052009	238	0.1	-0.1	-5.65455
13052009	239	0.1	-0.1	-4.83621
13052009	240	0.1	-0.1	5.33854
13052009	241	0.1	-0.1	-4.67734
13052009	242	0.1	-0.1	-1.78297
13052009	243	0.1	-0.1	0.322058
13052009	244	0.1	-0.1	5.20899
13052009	245	0.1	-0.1	-3.90834
13052009	246	0.1	-0.1	5.54866
13052009	247	0.1	-0.1	-5.8683
13052009	248	0.1	-0.1	-4.22879
13052009	249	0.1	-0.1	-0.742482
13052009	250	0.1	-0.1	-1.13681
13052009	251	0.1	-0.1	5.8002
13052009	252	0.1	-0.1	2.31538
13052009	253	0.1	-0.1	5.21741
13052009	254	0.1	-0.1	1.97525
13052009	255	0.1	-0.1	3.15989
13052009	256	0.1	-0.1	-1.23964
13052009	257	0.1	-0.1	-2.82585
13052009	258	0.1	-0.1	0.392918
13052009	259	0.1	-0.1	5.43376
13052009	260	0.1	-0.1	2.8611
13052009	261	0.1	-0.1	-3.63983
13052009	262	0.1	-0.1	-5.15708
13052009	263	0.1	-0.1	5.8048
13052009	264	0.1	-0.1	-0.223459
13052009	265	0.1	-0.1	2.17289
13052009	266	0.1	-0.1	1.11047
13052009	267	0.1	-0.1	-5.39586
13052009	268	0.1	-0.1	1.25965
13052009	269	0.1	-0.1	-1.27982
13052009	270	0.1	-0.1	1.02713
13052009	271	0.1	-0.1	-4.65884
13052009	272	0.1	-0.1	-2.99123
13052009	273	0.1	-0.1	1.41098
13052009	274	0.1	-0.1	-3.52903
13052009	275	0.1	-0.1	5.55462
13052009	276	0.1	-0.1	3.62082
13052009	277	0.1	-0.1	-2.25957
13052009	278	0.1	-0.1	-5.81677
13052009	279	0.1	-0.1	5.41466
13052009	280	0.1	-0.1	-1.11042
13052009	281	0.1	-0.1	-1.87994
13052009	282	0.1	-0.1	1.5982
13052009	283	0.1	-0.1	-5.38861
13052009	284	0.1	-0.1	-3.99327
13052009	285	0.1	-0.1	4.0726
13052009	286	0.1	-0.1	4.95627
13052009	287	0.1	-0.1	-1.53505
13052009	288	0.1	-0.1	-4.46993
13052009	289	0.1	-0.1	-4.90452
13052009	290	0.1	-0.1	2.585
13052009	291	0.1	-0.1	2.68369
13052009	292	0.1	-0.1	1.41221
13052009	293	0.1	-0.1	-5.68244
13052009	294	0.1	-0.1	-1.28315
13052009	295	0.1	-0.1	-3.71929
13052009	296	0.1	-0.1	1.1649
13052009	297	0.1	-0.1	-2.5324
13052009	298	0.1	-0.1	4.28922
13052009	299	0.1	-0.1	0.143152
13052009	300	0.1	-0.1	-5.10328
13052009	301	0.1	-0.1	-3.51422
13052009	302	0.1	-0.1	5.01841
13052009	303	0.1	-0.1	-5.33068
13052009	304	0.1	-0.1	-2.71524
13052009	305	0.1	-0.1	-5.73638
13052009	306	0.1	-0.1	-0.833962
13052009	307	0.1	-0.1	4.29376
13052009	308	0.1	-0.1	2.9369
13052009	309	0.1	-0.1	1.20563
13052009	310	0.1	-0.1	-4.74117
13052009	311	0.1	-0.1	-5.69299
13052009	312	0.1	-0.1	3.32467
13052009	313	0.1	-0.1	5.08017
13052009	314	0.1	-0.1	1.14615
13052009	315	0.1	-0.1	0.801423
13052009	316	0.1	-0.1	1.69255
13052009	317	0.1	-0.1	3.72162
13052009	318	0.1	-0.1	-4.92252
13052009	319	0.1	-0.1	1.19107
13052009	320	0.1	-0.1	4.26437
13052009	321	0.1	-0.1	-1.18767
13052009	322	0.1	-0.1	2.94063
13052009	323	0.1	-0.1	-0.0900901
13052009	324	0.1	-0.1	5.8085
13052009	325	0.1	-0.1	5.04915
13052009	326	0.1	-0.1	-5.03103
13052009	327	0.1	-0.1	0.814793
13052009	328	0.1	-0.1	-1.74977
13052009	329	0.1	-0.1	-3.46723
13052009	330	0.1	-0.1	2.00291
13052009	331	0.1	-0.1	1.39796
13052009	332	0.1	-0.1	5.68157
13052009	333	0.1	-0.1	-3.37995
13052009	334	0.1	-0.1	4.93596
13052009	335	0.1	-0.1	-1.42633
13052009	336	0.1	-0.1	-0.0530053
13052009	337	0.1	-0.1	5.42277
13052009	338	0.1	-0.1	4.08844
13052009	339	0.1	-0.1	3.37283
13052009	340	0.1	-0.1	1.72651
13052009	341	0.1	-0.1	0.481057
13052009	342	0.1	-0.1	1.30978
13052009	343	0.1	-0.1	3.1591
13052009	344	0.1	-0.1	-2.9823
13052009	345	0.1	-0.1	-1.71503
13052009	346	0.1	-0.1	2.84032
13052009	347	0.1	-0.1	-1.12902
13052009	348	0.1	-0.1	1.72548
13052009	349	0.1	-0.1	4.2016
13052009	350	0.1	-0.1	0.316725
13052009	351	0.1	-0.1	1.00697
13052009	352	0.1	-0.1	-5.8865
13052009	353	0.1	-0.1	-4.18602
13052009	354	0.1	-0.1	-4.14412
13052009	355	0.1	-0.1	-3.72978
13052009	356	0.1	-0.1	-3.78676
13052009	357	0.1	-0.1	-4.73005
13052009	358	0.1	-0.1	-4.40682
13052009	359	0.1	-0.1	-0.633159
13052009	360	0.1	-0.1	3.70584
13052009	361	0.1	-0.1	2.85531
13052009	362	0.1	-0.1	-5.37605
13052009	363	0.1	-0.1	-2.51432
13052009	364	0.1	-0.1	2.65943
13052009	365	0.1	-0.1	-2.91778
13052009	366	0.1	-0.1	-3.09379
13052009	367	0.1	-0.1	4.0339
13052009	368	0.1	-0.1	5.8688
13052009	369	0.1	-0.1	2.39178
13052009	370	0.1	-0.1	3.10076
13052009	371	0.1	-0.1	0.442612
13052009	372	0.1	-0.1	-5.60895
13052009	373	0.1	-0.1	-0.23529
13052009	374	0.1	-0.1	5.12138
13052009	375	0.1	-0.1	5.39488
13052009	376	0.1	-0.1	-3.12205
13052009	377	0.1	-0.1	-2.46959
13052009	378	0.1	-0.1	-4.67625
13052009	379	0.1	-0.1	5.50584
13052009	380	0.1	-0.1	5.03213
13052009	381	0.1	-0.1	-4.39129
13052009	382	0.1	-0.1	0.129226
13052009	383	0.1	-0.1	-3.63779
13052009	384	0.1	-0.1	-3.81265
13052009	385	0.1	-0.1	0.878268
13052009	386	0.1	-0.1	-4.62597
13052009	387	0.1	-0.1	1.90912
13052009	388	0.1	-0.1	-2.85264
13052009	389	0.1	-0.1	0.452608
13052009	390	0.1	-0.1	-2.66327
13052009	391	0.1	-0.1	-4.32806
13052009	392	0.1	-0.1	-0.334485
13052009	393	0.1	-0.1	-3.08686
13052009	394	0.1	-0.1	-2.78871
13052009	395	0.1	-0.1	-4.01102
13052009	396	0.1	-0.1	3.96885
13052009	397	0.1	-0.1	-0.0852906
13052009	398	0.1	-0.1	-5.68461
13052009	399	0.1	-0.1	-2.83321
13052009	400	0.1	-0.1	-4.67204
13052009	401	0.1	-0.1	3.30679
13052009	402	0.1	-0.1	-0.078124
13052009	403	0.1	-0.1	4.34469
13052009	404	0.1	-0.1	-2.27022
13052009	405	0.1	-0.1	-0.423175
13052009	406	0.1	-0.1	-2.5817
13052009	407	0.1	-0.1	4.95362
13052009	408	0.1	-0.1	4.19368
13052009	409	0.1	-0.1	3.83676
13052009	410	0.1	-0.1	-1.8828
13052009	411	0.1	-0.1	4.45939
13052009	412	0.1	-0.1	-3.67437
13052009	413	0.1	-0.1	3.83507
13052009	414	0.1	-0.1	-5.36336
13052009	415	0.1	-0.1	-5.80962
13052009	416	0.1	-0.1	2.92719
13052009	417	0.1	-0.1	-0.721524
13052009	418	0.1	-0.1	-4.15144
13052009	419	0.1	-0.1	1.02447
13052009	420	0.1	-0.1	2.35799
13052009	421	0.1	-0.1	-5.6095
13052009	422	0.1	-0.1	2.29662
13052009	423	0.1	-0.1	-4.99568
13052009	424	0.1	-0.1	5.21004
13052009	425	0.1	-0.1	-4.42179
13052009	426	0.1	-0.1	5.72113
13052009	427	0.1	-0.1	-0.273953
13052009	428	0.1	-0.1	-1.4301
13052009	429	0.1	-0.1	-3.25163
13052009	430	0.1	-0.1	-5.19172
13052009	431	0.1	-0.1	-1.31763
13052009	432	0.1	-0.1	-0.160001
13052009	433	0.1	-0.1	5.78442
13052009	434	0.1	-0.1	-1.32661
13052009	435	0.1	-0.1	5.32124
13052009	436	0.1	-0.1	-3.40215
13052009	437	0.1	-0.1	3.71098
13052009	438	0.1	-0.1	5.87363
13052009	439	0.1	-0.1	-3.31926
13052009	440	0.1	-0.1	-3.17461
13052009	441	0.1	-0.1	4.41059
13052009	442	0.1	-0.1	-2.59261
13052009	443	0.1	-0.1	-3.87698
13052009	444	0.1	-0.1	-0.662388
13052009	445	0.1	-0.1	4.18646
13052009	446	0.1	-0.1	3.8994
13052009	447	0.1	-0.1	-1.70249
13052009	448	0.1	-0.1	2.47672
13052009	449	0.1	-0.1	-5.0095
13052009	450	0.1	-0.1	3.54158
13052009	451	0.1	-0.1	-3.24808
13052009	452	0.1	-0.1	-2.07402
13052009	453	0.1	-0.1	0.708025
13052009	454	0.1	-0.1	-5.04905
13052009	455	0.1	-0.1	2.05428
13052009	456	0.1	-0.1	-2.62015
13052009	457	0.1	-0.1	-4.2927
13052009	458	0.1	-0.1	-1.66793
13052009	459	0.1	-0.1	-5.45007
13052009	460	0.1	-0.1	-0.030767
13052009	461	0.1	-0.1	5.67106
13052009	462	0.1	-0.1	2.3143
13052009	463	0.1	-0.1	-2.06196
13052009	464	0.1	-0.1	3.46732
13052009	465	0.1	-0.1	0.935389
13052009	466	0.1	-0.1	5.91816
13052009	467	0.1	-0.1	-4.26845
13052009	468	0.1	-0.1	-5.15001
13052009	469	0.1	-0.1	5.43066
13052009	470	0.1	-0.1	-4.27933
13052009	471	0.1	-0.1	4.51877
13052009	472	0.1	-0.1	4.75853
13052009	473	0.1	-0.1	5.72
13052009	474	0.1	-0.1	5.59939
13052009	475	0.1	-0.1	0.775452
13052009	476	0.1	-0.1	-5.63695
13052009	477	0.1	-0.1	-1.60599
13052009	478	0.1	-0.1	3.78092
13052009	479	0.1	-0.1	2.12426
13052009	480	0.1	-0.1	3.26652
13052009	481	0.1	-0.1	-1.81353
13052009	482	0.1	-0.1	2.62965
13052009	483	0.1	-0.1	-5.40326
13052009	484	0.1	-0.1	5.0627
13052009	485	0.1	-0.1	0.470756
13052009	486	0.1	-0.1	3.41181
13052009	487	0.1	-0.1	3.79875
13052009	488	0.1	-0.1	4.28804
13052009	489	0.1	-0.1	5.46637
13052009	490	0.1	-0.1	5.84065
13052009	491	0.1	-0.1	-3.40952
13052009	492	0.1	-0.1	-4.03198
13052009	493	0.1	-0.1	1.05534
13052009	494	0.1	-0.1	3.77505
13052009	495	0.1	-0.1	2.77206
13052009	496	0.1	-0.1	-4.77959
13052009	497	0.1	-0.1	4.64383
13052009	498	0.1	-0.1	-4.34099
13052009	499	0.1	-0.1	-4.53534
13052009	500	0.1	-0.1	-1.07221
13052009	501	0.1	-0.1	-1.68654
13052009	502	0.1	-0.1	-1.74195
13052009	503	0.1	-0.1	-4.80363
13052009	504	0.1	-0.1	5.54111
13052009	505	0.1	-0.1	-5.36119
13052009	506	0.1	-0.1	-4.48893
13052009	507	0.1	-0.1	-1.13849
13052009	508	0.1	-0.1	-5.62962
13052009	509	0.1	-0.1	-1.58603
13052009	510	0.1	-0.1	2.41082
13052009	511	0.1	-0.1	-5.49387
13052009	512	0.1	-0.1	-2.56779
13052009	513	0.1	-0.1	-1.54126
13052009	514	0.1	-0.1	1.40588
13052009	515	0.1	-0.1	-1.89959
13052009	516	0.1	-0.1	4.90461
13052009	517	0.1	-0.1	5.76625
13052009	518	0.1	-0.1	-2.2437
13052009	519	0.1	-0.1	4.6048
13052009	520	0.1	-0.1	3.44817
13052009	521	0.1	-0.1	-5.96359
13052009	522	0.1	-0.1	-0.159161
13052009	523	0.1	-0.1	-2.45806
13052009	524	0.1	-0.1	-2.94688
13052009	525	0.1	-0.1	-3.86944
13052009	526	0.1	-0.1	-2.12736
13052009	527	0.1	-0.1	-4.43211
13052009	528	0.1	-0.1	5.40424
13052009	529	0.1	-0.1	-0.563495
13052009	530	0.1	-0.1	-1.05254
13052009	531	0.1	-0.1	4.71959
13052009	532	0.1	-0.1	-1.23562
13052009	533	0.1	-0.1	5.73964
13052009	534	0.1	-0.1	-1.86207
13052009	535	0.1	-0.1	1.87434
13052009	536	0.1	-0.1	2.29007
13052009	537	0.1	-0.1	-0.33811
13052009	538	0.1	-0.1	-0.130111
13052009	539	0.1	-0.1	-2.3019
13052009	540	0.1	-0.1	1.99871
13052009	541	0.1	-0.1	0.581642
13052009	542	0.1	-0.1	-1.20832
13052009	543	0.1	-0.1	-2.43732
13052009	544	0.1	-0.1	-1.8496
13052009	545	0.1	-0.1	4.70015
13052009	546	0.1	-0.1	5.29865
13052009	547	0.1	-0.1	3.17035
13052009	548	0.1	-0.1	-1.67856
13052009	549	0.1	-0.1	-3.7262
13052009	550	0.1	-0.1	-5.89142
13052009	551	0.1	-0.1	4.0965
13052009	552	0.1	-0.1	5.44564
13052009	553	0.1	-0.1	-1.6318
13052009	554	0.1	-0.1	-5.0575
13052009	555	0.1	-0.1	-3.60196
13052009	556	0.1	-0.1	4.28108
13052009	557	0.1	-0.1	-2.91174
13052009	558	0.1	-0.1	-4.27765
13052009	559	0.1	-0.1	5.53123
13052009	560	0.1	-0.1	3.07053
13052009	561	0.1	-0.1	3.50821
13052009	562	0.1	-0.1	3.98977
13052009	563	0.1	-0.1	4.60249
13052009	564	0.1	-0.1	-3.81747
13052009	565	0.1	-0.1	-0.476336
13052009	566	0.1	-0.1	5.72785
13052009	567	0.1	-0.1	4.31101
13052009	568	0.1	-0.1	-3.41534
13052009	569	0.1	-0.1	5.67757
13052009	570	0.1	-0.1	-0.144561
13052009	571	0.1	-0.1	-4.75392
13052009	572	0.1	-0.1	-2.9389
13052009	573	0.1	-0.1	-3.63473
13052009	574	0.1	-0.1	-2.66958
13052009	575	0.1	-0.1	2.52028
13052009	576	0.1	-0.1	-3.08776
13052009	577	0.1	-0.1	2.40311
13052009	578	0.1	-0.1	5.01411
13052009	579	0.1	-0.1	-3.52958
13052009	580	0.1	-0.1	-2.33489
13052009	581	0.1	-0.1	4.17168
13052009	582	0.1	-0.1	5.00441
13052009	583	0.1	-0.1	4.79165
13052009	584	0.1	-0.1	1.2039
13052009	585	0.1	-0.1	-5.98404
13052009	586	0.1	-0.1	-0.298087
13052009	587	0.1	-0.1	4.89185
13052009	588	0.1	-0.1	3.52834
13052009	589	0.1	-0.1	0.725356
13052009	590	0.1	-0.1	-5.92827
13052009	591	0.1	-0.1	2.39401
13052009	592	0.1	-0.1	-2.2135
13052009	593	0.1	-0.1	-2.52146
13052009	594	0.1	-0.1	-5.36183
13052009	595	0.1	-0.1	4.02762
13052009	596	0.1	-0.1	-2.0507
13052009	597	0.1	-0.1	-2.60184
13052009	598	0.1	-0.1	-0.424364
13052009	599	0.1	-0.1	-2.87515
13052009	600	0.1	-0.1	-2.38738
13052009	601	0.1	-0.1	-3.24916
13052009	602	0.1	-0.1	4.45232
13052009	603	0.1	-0.1	2.89728
13052009	604	0.1	-0.1	-0.601206
13052009	605	0.1	-0.1	-2.16971
13052009	606	0.1	-0.1	1.16627
13052009	607	0.1	-0.1	5.4764
13052009	608	0.1	-0.1	-3.35037
13052009	609	0.1	-0.1	-5.82117
13052009	610	0.1	-0.1	-1.87668
13052009	611	0.1	-0.1	1.84654
13052009	612	0.1	-0.1	-3.33935
13052009	613	0.1	-0.1	-1.61006
13052009	614	0.1	-0.1	1.16149
13052009	615	0.1	-0.1	3.55763
13052009	616	0.1	-0.1	2.23813
13052009	617	0.1	-0.1	-1.32566
13052009	618	0.1	-0.1	0.209802
13052009	619	0.1	-0.1	-1.54952
13052009	620	0.1	-0.1	1.03591
13052009	621	0.1	-0.1	-5.82998
13052009	622	0.1	-0.1	-1.17653
13052009	623	0.1	-0.1	-3.60298
13052009	624	0.1	-0.1	-2.83036
13052009	625	0.1	-0.1	-1.63567
13052009	626	0.1	-0.1	0.0910094
13052009	627	0.1	-0.1	0.823258
13052009	628	0.1	-0.1	-5.00495
13052009	629	0.1	-0.1	1.35152
13052009	630	0.1	-0.1	-0.557296
13052009	631	0.1	-0.1	4.19278
13052009	632	0.1	-0.1	3.23017
13052009	633	0.1	-0.1	2.507
13052009	634	0.1	-0.1	1.6973
13052009	635	0.1	-0.1	0.715572
13052009	636	0.1	-0.1	4.1632
13052009	637	0.1	-0.1	4.69109
13052009	638	0.1	-0.1	-0.162359
13052009	639	0.1	-0.1	-4.6202
13052009	640	0.1	-0.1	-5.6545
13052009	641	0.1	-0.1	0.461165
13052009	642	0.1	-0.1	-5.34897
13052009	643	0.1	-0.1	1.59777
13052009	644	0.1	-0.1	-1.53762
13052009	645	0.1	-0.1	-4.91895
13052009	646	0.1	-0.1	-2.83616
13052009	647	0.1	-0.1	-1.51395
13052009	648	0.1	-0.1	-1.18697
13052009	649	0.1	-0.1	-4.02584
13052009	650	0.1	-0.1	-4.29911
13052009	651	0.1	-0.1	-5.97408
13052009	652	0.1	-0.1	-3.42929
13052009	653	0.1	-0.1	-2.45829
13052009	654	0.1	-0.1	-2.79603
13052009	655	0.1	-0.1	1.93539
13052009	656	0.1	-0.1	4.97304
13052009	657	0.1	-0.1	-5.56275
13052009	658	0.1	-0.1	-4.25864
13052009	659	0.1	-0.1	3.50134
13052009	660	0.1	-0.1	-5.83935
13052009	661	0.1	-0.1	-2.67798
13052009	662	0.1	-0.1	0.666327
13052009	663	0.1	-0.1	-3.6139
13052009	664	0.1	-0.1	-4.4688
13052009	665	0.1	-0.1	-2.57126
13052009	666	0.1	-0.1	1.0425
13052009	667	0.1	-0.1	3.08553
13052009	668	0.1	-0.1	-4.11545
13052009	669	0.1	-0.1	-5.49131
13052009	670	0.1	-0.1	-5.607
13052009	671	0.1	-0.1	1.00563
13052009	672	0.1	-0.1	4.4274
13052009	673	0.1	-0.1	-5.75965
13052009	674	0.1	-0.1	5.03848
13052009	675	0.1	-0.1	-0.378878
13052009	676	0.1	-0.1	-3.81674
13052009	677	0.1	-0.1	0.972413
13052009	678	0.1	-0.1	-5.5893
13052009	679	0.1	-0.1	4.43514
13052009	680	0.1	-0.1	4.68719
13052009	681	0.1	-0.1	-4.58087
13052009	682	0.1	-0.1	-4.46532
13052009	683	0.1	-0.1	1.47805
13052009	684	0.1	-0.1	0.979472
13052009	685	0.1	-0.1	5.61743
13052009	686	0.1	-0.1	-3.30409
13052009	687	0.1	-0.1	2.27979
13052009	688	0.1	-0.1	-4.71009
13052009	689	0.1	-0.1	2.47434
13052009	690	0.1	-0.1	-5.57524
13052009	691	0.1	-0.1	-3.12776
13052009	692	0.1	-0.1	-3.90276
13052009	693	0.1	-0.1	-1.26235
13052009	694	0.1	-0.1	1.3141
13052009	695	0.1	-0.1	-4.20681
13052009	696	0.1	-0.1	-1.4937
13052009	697	0.1	-0.1	4.10079
13052009	698	0.1	-0.1	-5.322
13052009	699	0.1	-0.1	-1.06626
13052009	700	0.1	-0.1	5.16358
13052009	701	0.1	-0.1	3.79721
13052009	702	0.1	-0.1	-1.06095
13052009	703	0.1	-0.1	2.36015
13052009	704	0.1	-0.1	0.465099
13052009	705	0.1	-0.1	2.29001
13052009	706	0.1	-0.1	4.36929
13052009	707	0.1	-0.1	4.17614
13052009	708	0.1	-0.1	4.82451
13052009	709	0.1	-0.1	-3.48389
13052009	710	0.1	-0.1	-2.4136
13052009	711	0.1	-0.1	2.76619
13052009	712	0.1	-0.1	4.19815
13052009	713	0.1	-0.1	0.1943
13052009	714	0.1	-0.1	-3.41892
13052009	715	0.1	-0.1	3.12148
13052009	716	0.1	-0.1	-2.46441
13052009	717	0.1	-0.1	0.758112
13052009	718	0.1	-0.1	3.06715
13052009	719	0.1	-0.1	-2.51422
13052009	720	0.1	-0.1	3.48278
13052009	721	0.1	-0.1	5.70055
13052009	722	0.1	-0.1	-2.74302
13052009	723	0.1	-0.1	4.04013
13052009	724	0.1	-0.1	3.96408
13052009	725	0.1	-0.1	4.89691
13052009	726	0.1	-0.1	-1.82128
13052009	727	0.1	-0.1	-4.493
13052009	728	0.1	-0.1	2.79611
13052009	729	0.1	-0.1	-2.25294
13052009	730	0.1	-0.1	-5.81237
13052009	731	0.1	-0.1	-5.68233
13052009	732	0.1	-0.1	3.35515
13052009	733	0.1	-0.1	2.44327
13052009	734	0.1	-0.1	2.36297
13052009	735	0.1	-0.1	-3.57983
13052009	736	0.1	-0.1	3.04978
13052009	737	0.1	-0.1	1.05861
13052009	738	0.1	-0.1	-2.89383
13052009	739	0.1	-0.1	-4.12409
13052009	740	0.1	-0.1	5.90648
13052009	741	0.1	-0.1	-4.66437
13052009	742	0.1	-0.1	4.29986
13052009	743	0.1	-0.1	-3.89996
13052009	744	0.1	-0.1	-5.47062
13052009	745	0.1	-0.1	4.84613
13052009	746	0.1	-0.1	3.65488
13052009	747	0.1	-0.1	1.6678
13052009	748	0.1	-0.1	-1.52441
13052009	749	0.1	-0.1	4.34191
13052009	750	0.1	-0.1	-4.69721
13052009	751	0.1	-0.1	-1.70274
13052009	752	0.1	-0.1	3.35853
13052009	753	0.1	-0.1	-4.16197
13052009	754	0.1	-0.1	2.27516
13052009	755	0.1	-0.1	5.55565
13052009	756	0.1	-0.1	0.446026
13052009	757	0.1	-0.1	4.33937
13052009	758	0.1	-0.1	-2.94441
13052009	759	0.1	-0.1	-3.71881
13052009	760	0.1	-0.1	5.96692
13052009	761	0.1	-0.1	3.57638
13052009	762	0.1	-0.1	-2.21422
13052009	763	0.1	-0.1	3.00286
13052009	764	0.1	-0.1	4.38322
13052009	765	0.1	-0.1	-2.05492
13052009	766	0.1	-0.1	-4.76245
13052009	767	0.1	-0.1	2.26269
13052009	768	0.1	-0.1	-0.120895
13052009	769	0.1	-0.1	-0.520551
13052009	770	0.1	-0.1	0.569555
13052009	771	0.1	-0.1	-3.68408
13052009	772	0.1	-0.1	3.66576
13052009	773	0.1	-0.1	1.28659
13052009	774	0.1	-0.1	-5.99968
13052009	775	0.1	-0.1	4.78073
13052009	776	0.1	-0.1	1.64224
13052009	777	0.1	-0.1	-2.65784
13052009	778	0.1	-0.1	-1.95498
13052009	779	0.1	-0.1	2.23763
13052009	780	0.1	-0.1	-4.11467
13052009	781	0.1	-0.1	-0.99703
13052009	782	0.1	-0.1	5.45659
13052009	783	0.1	-0.1	-1.05004
13052009	784	0.1	-0.1	-5.85179
13052009	785	0.1	-0.1	-2.48853
13052009	786	0.1	-0.1	-0.681376
13052009	787	0.1	-0.1	4.73987
13052009	788	0.1	-0.1	5.3122
13052009	789	0.1	-0.1	4.48489
13052009	790	0.1	-0.1	1.32599
13052009	791	0.1	-0.1	-5.7924
13052009	792	0.1	-0.1	-5.37522
13052009	793	0.1	-0.1	-0.899992
13052009	794	0.1	-0.1	1.77961
13052009	795	0.1	-0.1	-1.58255
13052009	796	0.1	-0.1	2.13047
13052009	797	0.1	-0.1	4.19521
13052009	798	0.1	-0.1	-4.02705
13052009	799	0.1	-0.1	0.193224
13052009	800	0.1	-0.1	4.3936
13052009	801	0.1	-0.1	4.1252
13052009	802	0.1	-0.1	-1.43573
13052009	803	0.1	-0.1	-4.60596
13052009	804	0.1	-0.1	0.48156
13052009	805	0.1	-0.1	3.50108
13052009	806	0.1	-0.1	4.32281
13052009	807	0.1	-0.1	1.43578
13052009	808	0.1	-0.1	-0.893276
13052009	809	0.1	-0.1	0.986794
13052009	810	0.1	-0.1	2.41845
13052009	811	0.1	-0.1	4.49179
13052009	812	0.1	-0.1	-0.0544509
13052009	813	0.1	-0.1	-3.78647
13052009	814	0.1	-0.1	-3.38051
13052009	815	0.1	-0.1	-5.62987
13052009	816	0.1	-0.1	-5.27426
13052009	817	0.1	-0.1	1.04281
13052009	818	0.1	-0.1	-5.48246
13052009	819	0.1	-0.1	-5.40876
13052009	820	0.1	-0.1	4.16815
13052009	821	0.1	-0.1	-5.67688
13052009	822	0.1	-0.1	-2.37702
13052009	823	0.1	-0.1	0.0391456
13052009	824	0.1	-0.1	-4.23583
13052009	825	0.1	-0.1	-5.57043
13052009	826	0.1	-0.1	3.48511
13052009	827	0.1	-0.1	4.96783
13052009	828	0.1	-0.1	-3.5848
13052009	829	0.1	-0.1	-1.67184
13052009	830	0.1	-0.1	4.67025
13052009	831	0.1	-0.1	2.41406
13052009	832	0.1	-0.1	2.85253
13052009	833	0.1	-0.1	-1.72198
13052009	834	0.1	-0.1	-0.879456
13052009	835	0.1	-0.1	3.26796
13052009	836	0.1	-0.1	-4.61197
13052009	837	0.1	-0.1	-3.50749
13052009	838	0.1	-0.1	4.78145
13052009	839	0.1	-0.1	-5.30856
13052009	840	0.1	-0.1	-3.91067
13052009	841	0.1	-0.1	-1.19151
13052009	842	0.1	-0.1	-0.970875
13052009	843	0.1	-0.1	1.07546
13052009	844	0.1	-0.1	2.8046
13052009	845	0.1	-0.1	1.12277
13052009	846	0.1	-0.1	0.646473
13052009	847	0.1	-0.1	5.64808
13052009	848	0.1	-0.1	-3.60612
13052009	849	0.1	-0.1	5.30644
13052009	850	0.1	-0.1	-5.11832
13052009	851	0.1	-0.1	5.72838
13052009	852	0.1	-0.1	1.47726
13052009	853	0.1	-0.1	4.74038
13052009	854	0.1	-0.1	4.88417
13052009	855	0.1	-0.1	1.69289
13052009	856	0.1	-0.1	3.73371
13052009	857	0.1	-0.1	-2.26166
13052009	858	0.1	-0.1	-1.48089
13052009	859	0.1	-0.1	4.78563
13052009	860	0.1	-0.1	2.47817
13052009	861	0.1	-0.1	4.38236
13052009	862	0.1	-0.1	-1.11677
13052009	863	0.1	-0.1	0.668255
13052009	864	0.1	-0.1	-2.42563
13052009	865	0.1	-0.1	-5.42916
13052009	866	0.1	-0.1	3.88821
13052009	867	0.1	-0.1	-2.84414
13052009	868	0.1	-0.1	-2.56692
13052009	869	0.1	-0.1	2.30545
13052009	870	0.1	-0.1	-5.90301
13052009	871	0.1	-0.1	-2.99657
13052009	872	0.1	-0.1	5.83977
13052009	873	0.1	-0.1	-5.94168
13052009	874	0.1	-0.1	-3.14016
13052009	875	0.1	-0.1	2.29021
13052009	876	0.1	-0.1	1.84972
13052009	877	0.1	-0.1	-2.78725
13052009	878	0.1	-0.1	-5.03837
13052009	879	0.1	-0.1	-5.04408
13052009	880	0.1	-0.1	3.19668
13052009	881	0.1	-0.1	-2.95355
13052009	882	0.1	-0.1	4.59172
13052009	883	0.1	-0.1	-0.345161
13052009	884	0.1	-0.1	1.05143
13052009	885	0.1	-0.1	-4.45638
13052009	886	0.1	-0.1	-3.1971
13052009	887	0.1	-0.1	5.23224
13052009	888	0.1	-0.1	3.47824
13052009	889	0.1	-0.1	-3.70303
13052009	890	0.1	-0.1	3.25757
13052009	891	0.1	-0.1	-2.66775
13052009	892	0.1	-0.1	2.3226
13052009	893	0.1	-0.1	-0.664864
13052009	894	0.1	-0.1	3.12841
13052009	895	0.1	-0.1	4.85916
13052009	896	0.1	-0.1	5.0445
13052009	897	0.1	-0.1	4.04492
13052009	898	0.1	-0.1	4.26337
13052009	899	0.1	-0.1	1.9938
13052009	900	0.1	-0.1	3.77017
13052009	901	0.1	-0.1	2.39304
13052009	902	0.1	-0.1	-0.533193
13052009	903	0.1	-0.1	-0.16216
13052009	904	0.1	-0.1	1.675
13052009	905	0.1	-0.1	-2.89499
13052009	906	0.1	-0.1	5.26052
13052009	907	0.1	-0.1	5.22662
13052009	908	0.1	-0.1	-0.925856
13052009	909	0.1	-0.1	5.61218
13052009	910	0.1	-0.1	0.376101
13052009	911	0.1	-0.1	5.50933
13052009	912	0.1	-0.1	-5.72395
13052009	913	0.1	-0.1	4.94272
13052009	914	0.1	-0.1	5.53966
13052009	915	0.1	-0.1	5.14722
13052009	916	0.1	-0.1	2.55497
13052009	917	0.1	-0.1	2.07546
13052009	918	0.1	-0.1	4.61117
13052009	919	0.1	-0.1	-0.0877091
13052009	920	0.1	-0.1	1.371
13052009	921	0.1	-0.1	-0.0367463
13052009	922	0.1	-0.1	3.4882
13052009	923	0.1	-0.1	-5.75629
13052009	924	0.1	-0.1	1.73344
13052009	925	0.1	-0.1	2.85329
13052009	926	0.1	-0.1	0.756149
13052009	927	0.1	-0.1	-3.62699
13052009	928	0.1	-0.1	-0.478116
13052009	929	0.1	-0.1	-3.44336
13052009	930	0.1	-0.1	3.49126
13052009	931	0.1	-0.1	1.86812
13052009	932	0.1	-0.1	0.157837
13052009	933	0.1	-0.1	0.304111
13052009	934	0.1	-0.1	-3.45002
13052009	935	0.1	-0.1	-3.43073
13052009	936	0.1	-0.1	-4.6549
13052009	937	0.1	-0.1	-2.11258
13052009	938	0.1	-0.1	-3.79939
13052009	939	0.1	-0.1	-4.53193
13052009	940	0.1	-0.1	4.95141
13052009	941	0.1	-0.1	-2.22926
13052009	942	0.1	-0.1	1.60938
13052009	943	0.1	-0.1	5.98448
13052009	944	0.1	-0.1	0.337604
13052009	945	0.1	-0.1	0.877523
13052009	946	0.1	-0.1	5.83145
13052009	947	0.1	-0.1	0.6747
13052009	948	0.1	-0.1	-2.18579
13052009	949	0.1	-0.1	-2.14743
13052009	950	0.1	-0.1	3.10508
13052009	951	0.1	-0.1	4.85568
13052009	952	0.1	-0.1	4.58552
13052009	953	0.1	-0.1	5.78299
13052009	954	0.1	-0.1	0.28549
13052009	955	0.1	-0.1	2.04213
13052009	956	0.1	-0.1	-4.61297
13052009	957	0.1	-0.1	-5.40753
13052009	958	0.1	-0.1	-3.76779
13052009	959	0.1	-0.1	0.0798746
13052009	960	0.1	-0.1	-1.2251
13052009	961	0.1	-0.1	2.15288
13052009	962	0.1	-0.1	0.898566
13052009	963	0.1	-0.1	0.89273
13052009	964	0.1	-0.1	3.76278
13052009	965	0.1	-0.1	-0.596643
13052009	966	0.1	-0.1	-1.08638
13052009	967	0.1	-0.1	-2.12739
13052009	968	0.1	-0.1	0.0318506
13052009	969	0.1	-0.1	-3.97424
13052009	970	0.1	-0.1	2.94219
13052009	971	0.1	-0.1	-1.85811
13052009	972	0.1	-0.1	1.3814
13052009	973	0.1	-0.1	4.68056
13052009	974	0.1	-0.1	-5.21473
13052009	975	0.1	-0.1	4.08248
13052009	976	0.1	-0.1	-2.17616
13052009	977	0.1	-0.1	4.65307
13052009	978	0.1	-0.1	-0.39456
13052009	979	0.1	-0.1	-3.8329
13052009	980	0.1	-0.1	2.1058
13052009	981	0.1	-0.1	-4.2656
13052009	982	0.1	-0.1	-4.12456
13052009	983	0.1	-0.1	-3.25076
13052009	984	0.1	-0.1	-3.18516
13052009	985	0.1	-0.1	2.18916
13052009	986	0.1	-0.1	1.72084
13052009	987	0.1	-0.1	0.76797
13052009	988	0.1	-0.1	-1.76556
13052009	989	0.1	-0.1	-0.483217
13052009	990	0.1	-0.1	2.06726
13052009	991	0.1	-0.1	-4.52271
13052009	992	0.1	-0.1	-4.21399
13052009	993	0.1	-0.1	-1.07608
13052009	994	0.1	-0.1	-5.9315
13052009	995	0.1	-0.1	3.65657
13052009	996	0.1	-0.1	-2.1058
13052009	997	0.1	-0.1	-0.0667712
13052009	998	0.1	-0.1	2.12821
13052009	999	0.1	-0.1	-0.383204
13052009	1000	0.1	-0.1	-2.04145
