13054068	1	0.1	-0.1	5.16015
13054068	2	0.1	-0.1	0.156877
13054068	3	0.1	-0.1	4.4537
13054068	4	0.1	-0.1	-3.92841
13054068	5	0.1	-0.1	5.4558
13054068	6	0.1	-0.1	4.16001
13054068	7	0.1	-0.1	-1.6415
13054068	8	0.1	-0.1	4.79938
13054068	9	0.1	-0.1	4.70202
13054068	10	0.1	-0.1	2.80813
13054068	11	0.1	-0.1	0.387415
13054068	12	0.1	-0.1	-4.80093
13054068	13	0.1	-0.1	-1.41888
13054068	14	0.1	-0.1	5.73001
13054068	15	0.1	-0.1	-2.91985
13054068	16	0.1	-0.1	1.93832
13054068	17	0.1	-0.1	4.52076
13054068	18	0.1	-0.1	3.42128
13054068	19	0.1	-0.1	2.73021
13054068	20	0.1	-0.1	-4.40516
13054068	21	0.1	-0.1	-4.74585
13054068	22	0.1	-0.1	-5.6011
13054068	23	0.1	-0.1	5.02145
13054068	24	0.1	-0.1	4.36329
13054068	25	0.1	-0.1	-2.40444
13054068	26	0.1	-0.1	4.55514
13054068	27	0.1	-0.1	2.23336
13054068	28	0.1	-0.1	-5.96632
13054068	29	0.1	-0.1	1.44652
13054068	30	0.1	-0.1	0.257608
13054068	31	0.1	-0.1	-5.11666
13054068	32	0.1	-0.1	-5.89796
13054068	33	0.1	-0.1	-2.51877
13054068	34	0.1	-0.1	-3.38149
13054068	35	0.1	-0.1	-4.43429
13054068	36	0.1	-0.1	-2.50915
13054068	37	0.1	-0.1	3.66948
13054068	38	0.1	-0.1	2.07901
13054068	39	0.1	-0.1	2.46873
13054068	40	0.1	-0.1	-4.4897
13054068	41	0.1	-0.1	-3.87471
13054068	42	0.1	-0.1	1.03899
13054068	43	0.1	-0.1	1.82801
13054068	44	0.1	-0.1	1.02364
13054068	45	0.1	-0.1	-4.34057
13054068	46	0.1	-0.1	-0.789048
13054068	47	0.1	-0.1	-4.12133
13054068	48	0.1	-0.1	-1.20276
13054068	49	0.1	-0.1	0.17565
13054068	50	0.1	-0.1	-0.265938
13054068	51	0.1	-0.1	1.84277
13054068	52	0.1	-0.1	3.50209
13054068	53	0.1	-0.1	-5.43321
13054068	54	0.1	-0.1	-4.33384
13054068	55	0.1	-0.1	0.411161
13054068	56	0.1	-0.1	3.54119
13054068	57	0.1	-0.1	5.81694
13054068	58	0.1	-0.1	0.213349
13054068	59	0.1	-0.1	-5.91413
13054068	60	0.1	-0.1	-4.16646
13054068	61	0.1	-0.1	-5.53478
13054068	62	0.1	-0.1	1.97509
13054068	63	0.1	-0.1	-1.05943
13054068	64	0.1	-0.1	-1.33896
13054068	65	0.1	-0.1	-1.74795
13054068	66	0.1	-0.1	-1.40393
13054068	67	0.1	-0.1	-4.62006
13054068	68	0.1	-0.1	-2.25791
13054068	69	0.1	-0.1	3.69654
13054068	70	0.1	-0.1	-5.34401
13054068	71	0.1	-0.1	-4.21456
13054068	72	0.1	-0.1	1.79525
13054068	73	0.1	-0.1	1.13789
13054068	74	0.1	-0.1	5.94443
13054068	75	0.1	-0.1	2.471
13054068	76	0.1	-0.1	-1.06598
13054068	77	0.1	-0.1	1.00114
13054068	78	0.1	-0.1	-2.50666
13054068	79	0.1	-0.1	1.78199
13054068	80	0.1	-0.1	-1.59039
13054068	81	0.1	-0.1	-1.86766
13054068	82	0.1	-0.1	-2.23593
13054068	83	0.1	-0.1	-5.87104
13054068	84	0.1	-0.1	-0.494953
13054068	85	0.1	-0.1	-3.45726
13054068	86	0.1	-0.1	-1.11188
13054068	87	0.1	-0.1	-3.8872
13054068	88	0.1	-0.1	3.65758
13054068	89	0.1	-0.1	-1.7347
13054068	90	0.1	-0.1	-0.388772
13054068	91	0.1	-0.1	-2.8539
13054068	92	0.1	-0.1	4.60523
13054068	93	0.1	-0.1	-2.7768
13054068	94	0.1	-0.1	-4.60962
13054068	95	0.1	-0.1	0.352944
13054068	96	0.1	-0.1	-2.86428
13054068	97	0.1	-0.1	4.7195
13054068	98	0.1	-0.1	3.96286
13054068	99	0.1	-0.1	0.0929337
13054068	100	0.1	-0.1	5.90256
13054068	101	0.1	-0.1	2.35483
13054068	102	0.1	-0.1	-5.78911
13054068	103	0.1	-0.1	-4.44343
13054068	104	0.1	-0.1	-3.49967
13054068	105	0.1	-0.1	4.9308
13054068	106	0.1	-0.1	-0.949674
13054068	107	0.1	-0.1	4.22358
13054068	108	0.1	-0.1	1.94781
13054068	109	0.1	-0.1	3.2721
13054068	110	0.1	-0.1	-5.18448
13054068	111	0.1	-0.1	-4.5772
13054068	112	0.1	-0.1	4.8052
13054068	113	0.1	-0.1	-0.593374
13054068	114	0.1	-0.1	-2.47016
13054068	115	0.1	-0.1	-1.06947
13054068	116	0.1	-0.1	3.89558
13054068	117	0.1	-0.1	4.12544
13054068	118	0.1	-0.1	3.54418
13054068	119	0.1	-0.1	-2.14976
13054068	120	0.1	-0.1	-0.237116
13054068	121	0.1	-0.1	1.05825
13054068	122	0.1	-0.1	-4.9573
13054068	123	0.1	-0.1	2.04711
13054068	124	0.1	-0.1	-0.40289
13054068	125	0.1	-0.1	0.769281
13054068	126	0.1	-0.1	-2.17805
13054068	127	0.1	-0.1	5.0809
13054068	128	0.1	-0.1	0.617314
13054068	129	0.1	-0.1	4.21727
13054068	130	0.1	-0.1	0.403826
13054068	131	0.1	-0.1	-0.414622
13054068	132	0.1	-0.1	-4.9181
13054068	133	0.1	-0.1	-2.45404
13054068	134	0.1	-0.1	-4.82236
13054068	135	0.1	-0.1	3.80978
13054068	136	0.1	-0.1	-4.34991
13054068	137	0.1	-0.1	5.15513
13054068	138	0.1	-0.1	5.98678
13054068	139	0.1	-0.1	1.35016
13054068	140	0.1	-0.1	-0.267916
13054068	141	0.1	-0.1	4.99929
13054068	142	0.1	-0.1	-5.92325
13054068	143	0.1	-0.1	-2.76501
13054068	144	0.1	-0.1	-1.82653
13054068	145	0.1	-0.1	-2.87999
13054068	146	0.1	-0.1	2.173
13054068	147	0.1	-0.1	0.0542587
13054068	148	0.1	-0.1	-1.57621
13054068	149	0.1	-0.1	-5.64866
13054068	150	0.1	-0.1	-3.16888
13054068	151	0.1	-0.1	-4.06488
13054068	152	0.1	-0.1	1.85304
13054068	153	0.1	-0.1	3.35565
13054068	154	0.1	-0.1	-3.84088
13054068	155	0.1	-0.1	5.419
13054068	156	0.1	-0.1	1.39478
13054068	157	0.1	-0.1	5.55269
13054068	158	0.1	-0.1	-5.67369
13054068	159	0.1	-0.1	3.00618
13054068	160	0.1	-0.1	-1.30269
13054068	161	0.1	-0.1	-1.40316
13054068	162	0.1	-0.1	-5.79338
13054068	163	0.1	-0.1	0.978199
13054068	164	0.1	-0.1	-0.221635
13054068	165	0.1	-0.1	-3.39675
13054068	166	0.1	-0.1	-5.10783
13054068	167	0.1	-0.1	4.01904
13054068	168	0.1	-0.1	-1.23561
13054068	169	0.1	-0.1	-0.0212855
13054068	170	0.1	-0.1	2.30455
13054068	171	0.1	-0.1	2.05088
13054068	172	0.1	-0.1	2.13755
13054068	173	0.1	-0.1	-0.200966
13054068	174	0.1	-0.1	-1.34671
13054068	175	0.1	-0.1	2.46137
13054068	176	0.1	-0.1	0.238317
13054068	177	0.1	-0.1	-3.78695
13054068	178	0.1	-0.1	5.73205
13054068	179	0.1	-0.1	-3.12288
13054068	180	0.1	-0.1	-4.44205
13054068	181	0.1	-0.1	0.771648
13054068	182	0.1	-0.1	-1.63534
13054068	183	0.1	-0.1	2.30482
13054068	184	0.1	-0.1	5.93454
13054068	185	0.1	-0.1	-4.27398
13054068	186	0.1	-0.1	3.80699
13054068	187	0.1	-0.1	1.72391
13054068	188	0.1	-0.1	-3.09046
13054068	189	0.1	-0.1	-2.59866
13054068	190	0.1	-0.1	-5.89693
13054068	191	0.1	-0.1	3.42929
13054068	192	0.1	-0.1	-2.86509
13054068	193	0.1	-0.1	4.12476
13054068	194	0.1	-0.1	2.06315
13054068	195	0.1	-0.1	-0.154044
13054068	196	0.1	-0.1	-3.75732
13054068	197	0.1	-0.1	1.70047
13054068	198	0.1	-0.1	-5.81377
13054068	199	0.1	-0.1	-5.29756
13054068	200	0.1	-0.1	4.19095
13054068	201	0.1	-0.1	5.57679
13054068	202	0.1	-0.1	-0.560596
13054068	203	0.1	-0.1	5.81651
13054068	204	0.1	-0.1	-2.15268
13054068	205	0.1	-0.1	0.690547
13054068	206	0.1	-0.1	3.2948
13054068	207	0.1	-0.1	-2.10351
13054068	208	0.1	-0.1	-0.633074
13054068	209	0.1	-0.1	-3.30329
13054068	210	0.1	-0.1	5.37643
13054068	211	0.1	-0.1	5.58697
13054068	212	0.1	-0.1	4.28149
13054068	213	0.1	-0.1	-2.94212
13054068	214	0.1	-0.1	0.254941
13054068	215	0.1	-0.1	2.45233
13054068	216	0.1	-0.1	-1.25616
13054068	217	0.1	-0.1	-0.210156
13054068	218	0.1	-0.1	-0.150733
13054068	219	0.1	-0.1	2.22088
13054068	220	0.1	-0.1	-1.99603
13054068	221	0.1	-0.1	-0.562563
13054068	222	0.1	-0.1	-1.59755
13054068	223	0.1	-0.1	4.44607
13054068	224	0.1	-0.1	3.37126
13054068	225	0.1	-0.1	1.86846
13054068	226	0.1	-0.1	5.1033
13054068	227	0.1	-0.1	0.0733693
13054068	228	0.1	-0.1	-0.687257
13054068	229	0.1	-0.1	0.589143
13054068	230	0.1	-0.1	1.03635
13054068	231	0.1	-0.1	0.122697
13054068	232	0.1	-0.1	4.00155
13054068	233	0.1	-0.1	1.86056
13054068	234	0.1	-0.1	4.6653
13054068	235	0.1	-0.1	-5.82585
13054068	236	0.1	-0.1	0.715861
13054068	237	0.1	-0.1	-5.72635
13054068	238	0.1	-0.1	-1.63123
13054068	239	0.1	-0.1	-2.75228
13054068	240	0.1	-0.1	-5.54454
13054068	241	0.1	-0.1	2.31275
13054068	242	0.1	-0.1	5.58419
13054068	243	0.1	-0.1	-0.780268
13054068	244	0.1	-0.1	-1.36364
13054068	245	0.1	-0.1	-0.502012
13054068	246	0.1	-0.1	0.930626
13054068	247	0.1	-0.1	1.94778
13054068	248	0.1	-0.1	3.36172
13054068	249	0.1	-0.1	1.14603
13054068	250	0.1	-0.1	-1.06912
13054068	251	0.1	-0.1	-3.8124
13054068	252	0.1	-0.1	3.04636
13054068	253	0.1	-0.1	-1.85209
13054068	254	0.1	-0.1	1.98343
13054068	255	0.1	-0.1	-4.19453
13054068	256	0.1	-0.1	2.31821
13054068	257	0.1	-0.1	3.31045
13054068	258	0.1	-0.1	5.41886
13054068	259	0.1	-0.1	-2.37013
13054068	260	0.1	-0.1	4.34504
13054068	261	0.1	-0.1	2.90613
13054068	262	0.1	-0.1	-3.70162
13054068	263	0.1	-0.1	2.69687
13054068	264	0.1	-0.1	-5.57279
13054068	265	0.1	-0.1	4.63894
13054068	266	0.1	-0.1	1.61695
13054068	267	0.1	-0.1	-0.193335
13054068	268	0.1	-0.1	3.22669
13054068	269	0.1	-0.1	4.13575
13054068	270	0.1	-0.1	-5.53608
13054068	271	0.1	-0.1	4.49926
13054068	272	0.1	-0.1	-4.96873
13054068	273	0.1	-0.1	2.17208
13054068	274	0.1	-0.1	-2.74382
13054068	275	0.1	-0.1	-2.98429
13054068	276	0.1	-0.1	-0.517266
13054068	277	0.1	-0.1	2.30877
13054068	278	0.1	-0.1	4.26277
13054068	279	0.1	-0.1	5.74679
13054068	280	0.1	-0.1	-5.40437
13054068	281	0.1	-0.1	2.45233
13054068	282	0.1	-0.1	5.65617
13054068	283	0.1	-0.1	4.55279
13054068	284	0.1	-0.1	-5.81503
13054068	285	0.1	-0.1	-4.5596
13054068	286	0.1	-0.1	-4.61049
13054068	287	0.1	-0.1	5.79176
13054068	288	0.1	-0.1	0.604065
13054068	289	0.1	-0.1	-0.937633
13054068	290	0.1	-0.1	-3.99319
13054068	291	0.1	-0.1	0.896362
13054068	292	0.1	-0.1	-5.86758
13054068	293	0.1	-0.1	-2.85879
13054068	294	0.1	-0.1	5.52715
13054068	295	0.1	-0.1	0.176915
13054068	296	0.1	-0.1	-4.11199
13054068	297	0.1	-0.1	5.41695
13054068	298	0.1	-0.1	0.00835077
13054068	299	0.1	-0.1	-3.22283
13054068	300	0.1	-0.1	0.521158
13054068	301	0.1	-0.1	4.25612
13054068	302	0.1	-0.1	4.27669
13054068	303	0.1	-0.1	-5.97509
13054068	304	0.1	-0.1	4.89952
13054068	305	0.1	-0.1	5.7103
13054068	306	0.1	-0.1	2.39169
13054068	307	0.1	-0.1	2.04837
13054068	308	0.1	-0.1	-1.6666
13054068	309	0.1	-0.1	2.57945
13054068	310	0.1	-0.1	-1.18971
13054068	311	0.1	-0.1	5.8634
13054068	312	0.1	-0.1	5.82453
13054068	313	0.1	-0.1	0.113229
13054068	314	0.1	-0.1	-2.92405
13054068	315	0.1	-0.1	4.68509
13054068	316	0.1	-0.1	-2.42575
13054068	317	0.1	-0.1	5.11622
13054068	318	0.1	-0.1	2.19704
13054068	319	0.1	-0.1	-0.320779
13054068	320	0.1	-0.1	0.494133
13054068	321	0.1	-0.1	-4.75604
13054068	322	0.1	-0.1	5.03768
13054068	323	0.1	-0.1	3.7655
13054068	324	0.1	-0.1	2.98072
13054068	325	0.1	-0.1	5.11942
13054068	326	0.1	-0.1	5.65212
13054068	327	0.1	-0.1	3.89609
13054068	328	0.1	-0.1	1.50678
13054068	329	0.1	-0.1	5.05953
13054068	330	0.1	-0.1	0.317533
13054068	331	0.1	-0.1	-5.80882
13054068	332	0.1	-0.1	-5.62894
13054068	333	0.1	-0.1	4.29774
13054068	334	0.1	-0.1	-1.85919
13054068	335	0.1	-0.1	-4.81557
13054068	336	0.1	-0.1	2.22982
13054068	337	0.1	-0.1	-4.43837
13054068	338	0.1	-0.1	-5.98624
13054068	339	0.1	-0.1	3.40585
13054068	340	0.1	-0.1	5.343
13054068	341	0.1	-0.1	-2.34072
13054068	342	0.1	-0.1	-0.595701
13054068	343	0.1	-0.1	-4.72962
13054068	344	0.1	-0.1	4.97242
13054068	345	0.1	-0.1	5.37122
13054068	346	0.1	-0.1	-4.5121
13054068	347	0.1	-0.1	-0.570521
13054068	348	0.1	-0.1	-2.53156
13054068	349	0.1	-0.1	4.21878
13054068	350	0.1	-0.1	0.505848
13054068	351	0.1	-0.1	-0.295318
13054068	352	0.1	-0.1	-4.19171
13054068	353	0.1	-0.1	5.97369
13054068	354	0.1	-0.1	0.526438
13054068	355	0.1	-0.1	-1.54782
13054068	356	0.1	-0.1	1.71376
13054068	357	0.1	-0.1	1.19351
13054068	358	0.1	-0.1	-1.64706
13054068	359	0.1	-0.1	1.77398
13054068	360	0.1	-0.1	-4.23521
13054068	361	0.1	-0.1	1.89047
13054068	362	0.1	-0.1	-3.12208
13054068	363	0.1	-0.1	-3.06831
13054068	364	0.1	-0.1	-3.31695
13054068	365	0.1	-0.1	-1.11499
13054068	366	0.1	-0.1	-3.47276
13054068	367	0.1	-0.1	-5.13443
13054068	368	0.1	-0.1	-5.10305
13054068	369	0.1	-0.1	-1.70559
13054068	370	0.1	-0.1	-5.58158
13054068	371	0.1	-0.1	4.2186
13054068	372	0.1	-0.1	4.20762
13054068	373	0.1	-0.1	4.70662
13054068	374	0.1	-0.1	-1.07274
13054068	375	0.1	-0.1	-5.12553
13054068	376	0.1	-0.1	-3.40415
13054068	377	0.1	-0.1	-3.07469
13054068	378	0.1	-0.1	1.32339
13054068	379	0.1	-0.1	4.05118
13054068	380	0.1	-0.1	4.9021
13054068	381	0.1	-0.1	4.62564
13054068	382	0.1	-0.1	-2.60757
13054068	383	0.1	-0.1	5.39699
13054068	384	0.1	-0.1	-1.46833
13054068	385	0.1	-0.1	5.83392
13054068	386	0.1	-0.1	2.96294
13054068	387	0.1	-0.1	-1.06752
13054068	388	0.1	-0.1	1.06076
13054068	389	0.1	-0.1	4.5851
13054068	390	0.1	-0.1	-5.79791
13054068	391	0.1	-0.1	-1.31833
13054068	392	0.1	-0.1	5.29362
13054068	393	0.1	-0.1	3.58659
13054068	394	0.1	-0.1	4.57638
13054068	395	0.1	-0.1	4.69827
13054068	396	0.1	-0.1	1.47694
13054068	397	0.1	-0.1	-2.24629
13054068	398	0.1	-0.1	-1.63094
13054068	399	0.1	-0.1	2.94827
13054068	400	0.1	-0.1	-5.03259
13054068	401	0.1	-0.1	0.881117
13054068	402	0.1	-0.1	1.76216
13054068	403	0.1	-0.1	4.05721
13054068	404	0.1	-0.1	-2.31161
13054068	405	0.1	-0.1	-0.772687
13054068	406	0.1	-0.1	-1.63825
13054068	407	0.1	-0.1	5.00692
13054068	408	0.1	-0.1	3.68603
13054068	409	0.1	-0.1	-5.99331
13054068	410	0.1	-0.1	1.19438
13054068	411	0.1	-0.1	-3.49645
13054068	412	0.1	-0.1	1.0403
13054068	413	0.1	-0.1	-4.69035
13054068	414	0.1	-0.1	5.79332
13054068	415	0.1	-0.1	1.88573
13054068	416	0.1	-0.1	-1.28936
13054068	417	0.1	-0.1	-3.6317
13054068	418	0.1	-0.1	-1.07352
13054068	419	0.1	-0.1	-0.0831945
13054068	420	0.1	-0.1	-3.9847
13054068	421	0.1	-0.1	0.135924
13054068	422	0.1	-0.1	-5.86498
13054068	423	0.1	-0.1	4.62392
13054068	424	0.1	-0.1	-0.823449
13054068	425	0.1	-0.1	1.97724
13054068	426	0.1	-0.1	4.17641
13054068	427	0.1	-0.1	5.17772
13054068	428	0.1	-0.1	4.7215
13054068	429	0.1	-0.1	3.11281
13054068	430	0.1	-0.1	5.73191
13054068	431	0.1	-0.1	-1.91992
13054068	432	0.1	-0.1	-3.91494
13054068	433	0.1	-0.1	3.24776
13054068	434	0.1	-0.1	4.55434
13054068	435	0.1	-0.1	3.70177
13054068	436	0.1	-0.1	-2.74415
13054068	437	0.1	-0.1	0.596989
13054068	438	0.1	-0.1	3.27806
13054068	439	0.1	-0.1	1.62371
13054068	440	0.1	-0.1	4.89172
13054068	441	0.1	-0.1	-2.07884
13054068	442	0.1	-0.1	-3.23244
13054068	443	0.1	-0.1	-2.65074
13054068	444	0.1	-0.1	-5.29791
13054068	445	0.1	-0.1	1.06282
13054068	446	0.1	-0.1	-5.95159
13054068	447	0.1	-0.1	4.08162
13054068	448	0.1	-0.1	5.806
13054068	449	0.1	-0.1	-3.21435
13054068	450	0.1	-0.1	0.515177
13054068	451	0.1	-0.1	-4.86328
13054068	452	0.1	-0.1	4.14267
13054068	453	0.1	-0.1	-5.08804
13054068	454	0.1	-0.1	2.97343
13054068	455	0.1	-0.1	-1.14415
13054068	456	0.1	-0.1	-4.60613
13054068	457	0.1	-0.1	-0.960154
13054068	458	0.1	-0.1	-5.12148
13054068	459	0.1	-0.1	0.329137
13054068	460	0.1	-0.1	3.11978
13054068	461	0.1	-0.1	-5.01399
13054068	462	0.1	-0.1	2.20626
13054068	463	0.1	-0.1	0.83077
13054068	464	0.1	-0.1	-1.16158
13054068	465	0.1	-0.1	0.0551435
13054068	466	0.1	-0.1	5.99565
13054068	467	0.1	-0.1	1.64725
13054068	468	0.1	-0.1	-5.6126
13054068	469	0.1	-0.1	5.68482
13054068	470	0.1	-0.1	-1.05386
13054068	471	0.1	-0.1	5.14263
13054068	472	0.1	-0.1	0.949812
13054068	473	0.1	-0.1	-1.11853
13054068	474	0.1	-0.1	-4.28708
13054068	475	0.1	-0.1	0.384728
13054068	476	0.1	-0.1	-3.53565
13054068	477	0.1	-0.1	-5.90778
13054068	478	0.1	-0.1	-1.33828
13054068	479	0.1	-0.1	5.78013
13054068	480	0.1	-0.1	4.27462
13054068	481	0.1	-0.1	-5.38127
13054068	482	0.1	-0.1	-4.08029
13054068	483	0.1	-0.1	-4.50308
13054068	484	0.1	-0.1	4.87748
13054068	485	0.1	-0.1	0.646297
13054068	486	0.1	-0.1	3.15133
13054068	487	0.1	-0.1	-2.29482
13054068	488	0.1	-0.1	-5.55541
13054068	489	0.1	-0.1	-0.664162
13054068	490	0.1	-0.1	3.29674
13054068	491	0.1	-0.1	-4.33593
13054068	492	0.1	-0.1	-2.31661
13054068	493	0.1	-0.1	5.75189
13054068	494	0.1	-0.1	2.996
13054068	495	0.1	-0.1	-1.2134
13054068	496	0.1	-0.1	-5.59253
13054068	497	0.1	-0.1	-4.86134
13054068	498	0.1	-0.1	0.0296256
13054068	499	0.1	-0.1	-4.31067
13054068	500	0.1	-0.1	5.59026
13054068	501	0.1	-0.1	1.96569
13054068	502	0.1	-0.1	-1.66745
13054068	503	0.1	-0.1	-0.818224
13054068	504	0.1	-0.1	5.1247
13054068	505	0.1	-0.1	0.66411
13054068	506	0.1	-0.1	0.0537469
13054068	507	0.1	-0.1	-2.16442
13054068	508	0.1	-0.1	-3.42232
13054068	509	0.1	-0.1	-4.94642
13054068	510	0.1	-0.1	0.309968
13054068	511	0.1	-0.1	5.04442
13054068	512	0.1	-0.1	0.150445
13054068	513	0.1	-0.1	-1.51061
13054068	514	0.1	-0.1	2.32087
13054068	515	0.1	-0.1	3.99736
13054068	516	0.1	-0.1	-3.44165
13054068	517	0.1	-0.1	5.08551
13054068	518	0.1	-0.1	-2.87364
13054068	519	0.1	-0.1	5.49779
13054068	520	0.1	-0.1	0.395189
13054068	521	0.1	-0.1	0.784941
13054068	522	0.1	-0.1	5.86491
13054068	523	0.1	-0.1	2.04568
13054068	524	0.1	-0.1	-4.03704
13054068	525	0.1	-0.1	-1.20564
13054068	526	0.1	-0.1	-2.41854
13054068	527	0.1	-0.1	2.19338
13054068	528	0.1	-0.1	-2.4034
13054068	529	0.1	-0.1	3.3892
13054068	530	0.1	-0.1	4.06158
13054068	531	0.1	-0.1	0.692165
13054068	532	0.1	-0.1	-2.40196
13054068	533	0.1	-0.1	-1.36125
13054068	534	0.1	-0.1	-3.3347
13054068	535	0.1	-0.1	3.46042
13054068	536	0.1	-0.1	0.615338
13054068	537	0.1	-0.1	-5.52384
13054068	538	0.1	-0.1	0.717039
13054068	539	0.1	-0.1	-1.74281
13054068	540	0.1	-0.1	3.0076
13054068	541	0.1	-0.1	-3.78657
13054068	542	0.1	-0.1	-4.30275
13054068	543	0.1	-0.1	0.0175157
13054068	544	0.1	-0.1	1.85502
13054068	545	0.1	-0.1	3.06156
13054068	546	0.1	-0.1	-0.900438
13054068	547	0.1	-0.1	-2.68534
13054068	548	0.1	-0.1	-2.23943
13054068	549	0.1	-0.1	0.579945
13054068	550	0.1	-0.1	1.1185
13054068	551	0.1	-0.1	-1.67251
13054068	552	0.1	-0.1	0.531249
13054068	553	0.1	-0.1	2.50314
13054068	554	0.1	-0.1	1.96934
13054068	555	0.1	-0.1	1.73007
13054068	556	0.1	-0.1	5.49177
13054068	557	0.1	-0.1	5.9449
13054068	558	0.1	-0.1	-0.617837
13054068	559	0.1	-0.1	1.83909
13054068	560	0.1	-0.1	4.86636
13054068	561	0.1	-0.1	-2.90544
13054068	562	0.1	-0.1	-4.67791
13054068	563	0.1	-0.1	2.26869
13054068	564	0.1	-0.1	-4.28278
13054068	565	0.1	-0.1	-0.586349
13054068	566	0.1	-0.1	1.59135
13054068	567	0.1	-0.1	3.12909
13054068	568	0.1	-0.1	5.87322
13054068	569	0.1	-0.1	5.53556
13054068	570	0.1	-0.1	-0.459275
13054068	571	0.1	-0.1	4.28067
13054068	572	0.1	-0.1	2.67603
13054068	573	0.1	-0.1	5.37339
13054068	574	0.1	-0.1	5.28662
13054068	575	0.1	-0.1	3.8519
13054068	576	0.1	-0.1	1.43031
13054068	577	0.1	-0.1	2.26527
13054068	578	0.1	-0.1	5.67864
13054068	579	0.1	-0.1	3.91488
13054068	580	0.1	-0.1	5.26771
13054068	581	0.1	-0.1	1.13489
13054068	582	0.1	-0.1	3.82394
13054068	583	0.1	-0.1	5.42192
13054068	584	0.1	-0.1	-2.20967
13054068	585	0.1	-0.1	2.13799
13054068	586	0.1	-0.1	-3.59687
13054068	587	0.1	-0.1	0.350507
13054068	588	0.1	-0.1	-5.14988
13054068	589	0.1	-0.1	1.80823
13054068	590	0.1	-0.1	3.90201
13054068	591	0.1	-0.1	5.67681
13054068	592	0.1	-0.1	5.78818
13054068	593	0.1	-0.1	-4.46559
13054068	594	0.1	-0.1	1.89387
13054068	595	0.1	-0.1	-5.25109
13054068	596	0.1	-0.1	-0.291285
13054068	597	0.1	-0.1	2.34961
13054068	598	0.1	-0.1	-1.75705
13054068	599	0.1	-0.1	-1.67494
13054068	600	0.1	-0.1	-4.10989
13054068	601	0.1	-0.1	2.84873
13054068	602	0.1	-0.1	-4.8838
13054068	603	0.1	-0.1	0.666006
13054068	604	0.1	-0.1	-1.65874
13054068	605	0.1	-0.1	2.76179
13054068	606	0.1	-0.1	-1.85841
13054068	607	0.1	-0.1	4.24978
13054068	608	0.1	-0.1	5.04523
13054068	609	0.1	-0.1	-0.180048
13054068	610	0.1	-0.1	-5.08363
13054068	611	0.1	-0.1	-4.88515
13054068	612	0.1	-0.1	5.27885
13054068	613	0.1	-0.1	5.21529
13054068	614	0.1	-0.1	-3.48622
13054068	615	0.1	-0.1	-3.55193
13054068	616	0.1	-0.1	-0.432315
13054068	617	0.1	-0.1	-3.322
13054068	618	0.1	-0.1	3.27556
13054068	619	0.1	-0.1	4.30542
13054068	620	0.1	-0.1	-0.407439
13054068	621	0.1	-0.1	-5.65649
13054068	622	0.1	-0.1	-3.99631
13054068	623	0.1	-0.1	2.62524
13054068	624	0.1	-0.1	0.953926
13054068	625	0.1	-0.1	4.74581
13054068	626	0.1	-0.1	-2.97091
13054068	627	0.1	-0.1	-3.24007
13054068	628	0.1	-0.1	1.03777
13054068	629	0.1	-0.1	5.31472
13054068	630	0.1	-0.1	-5.77686
13054068	631	0.1	-0.1	-4.77494
13054068	632	0.1	-0.1	2.68065
13054068	633	0.1	-0.1	-1.4272
13054068	634	0.1	-0.1	-4.84931
13054068	635	0.1	-0.1	3.73451
13054068	636	0.1	-0.1	-0.752448
13054068	637	0.1	-0.1	-2.05326
13054068	638	0.1	-0.1	0.135585
13054068	639	0.1	-0.1	2.83236
13054068	640	0.1	-0.1	-5.06495
13054068	641	0.1	-0.1	-3.69584
13054068	642	0.1	-0.1	5.15943
13054068	643	0.1	-0.1	-2.85354
13054068	644	0.1	-0.1	1.07982
13054068	645	0.1	-0.1	2.60674
13054068	646	0.1	-0.1	-3.09401
13054068	647	0.1	-0.1	-3.07198
13054068	648	0.1	-0.1	0.634718
13054068	649	0.1	-0.1	-0.180771
13054068	650	0.1	-0.1	0.995194
13054068	651	0.1	-0.1	-4.31814
13054068	652	0.1	-0.1	5.97474
13054068	653	0.1	-0.1	3.36552
13054068	654	0.1	-0.1	-5.30737
13054068	655	0.1	-0.1	3.80145
13054068	656	0.1	-0.1	-4.97264
13054068	657	0.1	-0.1	1.24603
13054068	658	0.1	-0.1	3.52036
13054068	659	0.1	-0.1	5.47734
13054068	660	0.1	-0.1	3.43969
13054068	661	0.1	-0.1	-2.45716
13054068	662	0.1	-0.1	5.4398
13054068	663	0.1	-0.1	2.8151
13054068	664	0.1	-0.1	0.0230044
13054068	665	0.1	-0.1	-4.72568
13054068	666	0.1	-0.1	-1.87293
13054068	667	0.1	-0.1	4.42091
13054068	668	0.1	-0.1	3.45806
13054068	669	0.1	-0.1	-3.37569
13054068	670	0.1	-0.1	-5.85941
13054068	671	0.1	-0.1	4.09178
13054068	672	0.1	-0.1	-3.62832
13054068	673	0.1	-0.1	-5.73672
13054068	674	0.1	-0.1	5.60581
13054068	675	0.1	-0.1	2.19642
13054068	676	0.1	-0.1	-0.487793
13054068	677	0.1	-0.1	-0.980559
13054068	678	0.1	-0.1	-2.30696
13054068	679	0.1	-0.1	-2.70705
13054068	680	0.1	-0.1	5.45226
13054068	681	0.1	-0.1	-1.72298
13054068	682	0.1	-0.1	4.73642
13054068	683	0.1	-0.1	-5.80687
13054068	684	0.1	-0.1	-2.28984
13054068	685	0.1	-0.1	4.42393
13054068	686	0.1	-0.1	-3.51926
13054068	687	0.1	-0.1	-4.08663
13054068	688	0.1	-0.1	-1.05521
13054068	689	0.1	-0.1	-0.925597
13054068	690	0.1	-0.1	-0.389675
13054068	691	0.1	-0.1	-2.19198
13054068	692	0.1	-0.1	1.50735
13054068	693	0.1	-0.1	0.426916
13054068	694	0.1	-0.1	3.3525
13054068	695	0.1	-0.1	5.1227
13054068	696	0.1	-0.1	0.35018
13054068	697	0.1	-0.1	-2.85293
13054068	698	0.1	-0.1	5.22069
13054068	699	0.1	-0.1	-0.154619
13054068	700	0.1	-0.1	3.74861
13054068	701	0.1	-0.1	-5.35302
13054068	702	0.1	-0.1	-4.78753
13054068	703	0.1	-0.1	-1.1221
13054068	704	0.1	-0.1	5.10801
13054068	705	0.1	-0.1	5.87624
13054068	706	0.1	-0.1	0.0969256
13054068	707	0.1	-0.1	2.96445
13054068	708	0.1	-0.1	-2.40814
13054068	709	0.1	-0.1	-3.50197
13054068	710	0.1	-0.1	-2.53908
13054068	711	0.1	-0.1	-5.07641
13054068	712	0.1	-0.1	-5.81739
13054068	713	0.1	-0.1	5.7173
13054068	714	0.1	-0.1	-1.09829
13054068	715	0.1	-0.1	-2.42566
13054068	716	0.1	-0.1	-0.83407
13054068	717	0.1	-0.1	1.89181
13054068	718	0.1	-0.1	0.191556
13054068	719	0.1	-0.1	5.81154
13054068	720	0.1	-0.1	0.388854
13054068	721	0.1	-0.1	-4.63969
13054068	722	0.1	-0.1	-4.74955
13054068	723	0.1	-0.1	-0.501864
13054068	724	0.1	-0.1	-5.82324
13054068	725	0.1	-0.1	-1.89913
13054068	726	0.1	-0.1	5.14189
13054068	727	0.1	-0.1	0.00120151
13054068	728	0.1	-0.1	-5.10513
13054068	729	0.1	-0.1	-3.77116
13054068	730	0.1	-0.1	5.94868
13054068	731	0.1	-0.1	3.72575
13054068	732	0.1	-0.1	1.11167
13054068	733	0.1	-0.1	-5.49712
13054068	734	0.1	-0.1	-1.7151
13054068	735	0.1	-0.1	2.22245
13054068	736	0.1	-0.1	-3.72999
13054068	737	0.1	-0.1	-2.35364
13054068	738	0.1	-0.1	-3.95841
13054068	739	0.1	-0.1	0.796113
13054068	740	0.1	-0.1	1.7049
13054068	741	0.1	-0.1	-4.7136
13054068	742	0.1	-0.1	-5.32127
13054068	743	0.1	-0.1	3.15966
13054068	744	0.1	-0.1	3.99901
13054068	745	0.1	-0.1	4.01256
13054068	746	0.1	-0.1	3.28707
13054068	747	0.1	-0.1	2.90803
13054068	748	0.1	-0.1	5.71072
13054068	749	0.1	-0.1	0.815529
13054068	750	0.1	-0.1	1.72123
13054068	751	0.1	-0.1	-4.5776
13054068	752	0.1	-0.1	0.705919
13054068	753	0.1	-0.1	-4.52893
13054068	754	0.1	-0.1	-3.51775
13054068	755	0.1	-0.1	-0.16955
13054068	756	0.1	-0.1	5.06374
13054068	757	0.1	-0.1	-2.65727
13054068	758	0.1	-0.1	-3.97161
13054068	759	0.1	-0.1	3.54069
13054068	760	0.1	-0.1	-4.62975
13054068	761	0.1	-0.1	4.72843
13054068	762	0.1	-0.1	-4.18363
13054068	763	0.1	-0.1	-0.259304
13054068	764	0.1	-0.1	-3.65195
13054068	765	0.1	-0.1	1.59781
13054068	766	0.1	-0.1	1.26628
13054068	767	0.1	-0.1	-4.32406
13054068	768	0.1	-0.1	-0.651461
13054068	769	0.1	-0.1	-3.63348
13054068	770	0.1	-0.1	5.57004
13054068	771	0.1	-0.1	-2.40477
13054068	772	0.1	-0.1	4.61007
13054068	773	0.1	-0.1	-2.10622
13054068	774	0.1	-0.1	5.22219
13054068	775	0.1	-0.1	3.04854
13054068	776	0.1	-0.1	-5.60724
13054068	777	0.1	-0.1	-5.47274
13054068	778	0.1	-0.1	2.248
13054068	779	0.1	-0.1	-4.60423
13054068	780	0.1	-0.1	2.19401
13054068	781	0.1	-0.1	5.34011
13054068	782	0.1	-0.1	-0.178835
13054068	783	0.1	-0.1	-0.193862
13054068	784	0.1	-0.1	-1.1637
13054068	785	0.1	-0.1	5.22372
13054068	786	0.1	-0.1	1.34575
13054068	787	0.1	-0.1	5.36651
13054068	788	0.1	-0.1	3.80591
13054068	789	0.1	-0.1	-3.08667
13054068	790	0.1	-0.1	3.77594
13054068	791	0.1	-0.1	-2.837
13054068	792	0.1	-0.1	0.544296
13054068	793	0.1	-0.1	-0.255844
13054068	794	0.1	-0.1	-0.119768
13054068	795	0.1	-0.1	1.36331
13054068	796	0.1	-0.1	1.43632
13054068	797	0.1	-0.1	-4.23536
13054068	798	0.1	-0.1	0.929485
13054068	799	0.1	-0.1	-1.70377
13054068	800	0.1	-0.1	-0.256025
13054068	801	0.1	-0.1	-3.11687
13054068	802	0.1	-0.1	-3.24471
13054068	803	0.1	-0.1	-1.24582
13054068	804	0.1	-0.1	-1.91499
13054068	805	0.1	-0.1	0.271121
13054068	806	0.1	-0.1	3.32793
13054068	807	0.1	-0.1	2.96799
13054068	808	0.1	-0.1	4.40819
13054068	809	0.1	-0.1	-3.87435
13054068	810	0.1	-0.1	-2.49237
13054068	811	0.1	-0.1	-2.50222
13054068	812	0.1	-0.1	-2.26353
13054068	813	0.1	-0.1	-4.3284
13054068	814	0.1	-0.1	-4.685
13054068	815	0.1	-0.1	-5.74899
13054068	816	0.1	-0.1	2.68963
13054068	817	0.1	-0.1	-3.52063
13054068	818	0.1	-0.1	3.60911
13054068	819	0.1	-0.1	-5.22989
13054068	820	0.1	-0.1	0.372706
13054068	821	0.1	-0.1	0.560629
13054068	822	0.1	-0.1	-4.56225
13054068	823	0.1	-0.1	-4.85848
13054068	824	0.1	-0.1	-0.452829
13054068	825	0.1	-0.1	0.891233
13054068	826	0.1	-0.1	2.9241
13054068	827	0.1	-0.1	1.95671
13054068	828	0.1	-0.1	-0.996678
13054068	829	0.1	-0.1	-1.07958
13054068	830	0.1	-0.1	-1.35665
13054068	831	0.1	-0.1	-3.51465
13054068	832	0.1	-0.1	-0.231371
13054068	833	0.1	-0.1	3.28314
13054068	834	0.1	-0.1	1.77993
13054068	835	0.1	-0.1	-3.68774
13054068	836	0.1	-0.1	-5.77723
13054068	837	0.1	-0.1	3.90191
13054068	838	0.1	-0.1	3.94932
13054068	839	0.1	-0.1	2.71109
13054068	840	0.1	-0.1	-0.597525
13054068	841	0.1	-0.1	-2.82901
13054068	842	0.1	-0.1	4.72026
13054068	843	0.1	-0.1	3.52896
13054068	844	0.1	-0.1	-2.77917
13054068	845	0.1	-0.1	-4.26034
13054068	846	0.1	-0.1	-1.59677
13054068	847	0.1	-0.1	-5.60887
13054068	848	0.1	-0.1	1.04691
13054068	849	0.1	-0.1	-0.319007
13054068	850	0.1	-0.1	0.118884
13054068	851	0.1	-0.1	4.49417
13054068	852	0.1	-0.1	-3.89186
13054068	853	0.1	-0.1	0.775179
13054068	854	0.1	-0.1	3.60373
13054068	855	0.1	-0.1	-0.390328
13054068	856	0.1	-0.1	-3.97021
13054068	857	0.1	-0.1	5.757
13054068	858	0.1	-0.1	1.43213
13054068	859	0.1	-0.1	3.96376
13054068	860	0.1	-0.1	-1.20239
13054068	861	0.1	-0.1	-0.285464
13054068	862	0.1	-0.1	-0.609451
13054068	863	0.1	-0.1	-0.624344
13054068	864	0.1	-0.1	0.917857
13054068	865	0.1	-0.1	-0.902639
13054068	866	0.1	-0.1	-5.64246
13054068	867	0.1	-0.1	-3.57846
13054068	868	0.1	-0.1	4.54507
13054068	869	0.1	-0.1	-3.91043
13054068	870	0.1	-0.1	-0.190053
13054068	871	0.1	-0.1	3.15538
13054068	872	0.1	-0.1	1.18365
13054068	873	0.1	-0.1	4.49847
13054068	874	0.1	-0.1	0.0621814
13054068	875	0.1	-0.1	3.11319
13054068	876	0.1	-0.1	-2.59058
13054068	877	0.1	-0.1	-3.5606
13054068	878	0.1	-0.1	0.901951
13054068	879	0.1	-0.1	-4.7328
13054068	880	0.1	-0.1	3.89554
13054068	881	0.1	-0.1	5.36465
13054068	882	0.1	-0.1	5.31245
13054068	883	0.1	-0.1	3.24989
13054068	884	0.1	-0.1	-0.262806
13054068	885	0.1	-0.1	3.71655
13054068	886	0.1	-0.1	0.117202
13054068	887	0.1	-0.1	-3.9522
13054068	888	0.1	-0.1	-4.44583
13054068	889	0.1	-0.1	1.38569
13054068	890	0.1	-0.1	4.97805
13054068	891	0.1	-0.1	2.69798
13054068	892	0.1	-0.1	-3.11355
13054068	893	0.1	-0.1	0.0402289
13054068	894	0.1	-0.1	4.52734
13054068	895	0.1	-0.1	2.51713
13054068	896	0.1	-0.1	0.774685
13054068	897	0.1	-0.1	5.15989
13054068	898	0.1	-0.1	5.02486
13054068	899	0.1	-0.1	-5.2919
13054068	900	0.1	-0.1	0.526196
13054068	901	0.1	-0.1	0.847178
13054068	902	0.1	-0.1	-5.45402
13054068	903	0.1	-0.1	-4.41915
13054068	904	0.1	-0.1	-3.97498
13054068	905	0.1	-0.1	-4.60235
13054068	906	0.1	-0.1	-0.536514
13054068	907	0.1	-0.1	-0.960166
13054068	908	0.1	-0.1	0.369147
13054068	909	0.1	-0.1	5.89772
13054068	910	0.1	-0.1	-2.22936
13054068	911	0.1	-0.1	3.37138
13054068	912	0.1	-0.1	0.171899
13054068	913	0.1	-0.1	-3.03369
13054068	914	0.1	-0.1	2.49127
13054068	915	0.1	-0.1	-0.270255
13054068	916	0.1	-0.1	-0.999318
13054068	917	0.1	-0.1	-1.89429
13054068	918	0.1	-0.1	3.74641
13054068	919	0.1	-0.1	-0.823398
13054068	920	0.1	-0.1	1.99189
13054068	921	0.1	-0.1	2.23344
13054068	922	0.1	-0.1	5.16366
13054068	923	0.1	-0.1	3.50919
13054068	924	0.1	-0.1	4.8222
13054068	925	0.1	-0.1	-1.2951
13054068	926	0.1	-0.1	-1.87905
13054068	927	0.1	-0.1	5.52605
13054068	928	0.1	-0.1	3.70931
13054068	929	0.1	-0.1	-3.18126
13054068	930	0.1	-0.1	4.57126
13054068	931	0.1	-0.1	-5.8663
13054068	932	0.1	-0.1	0.380104
13054068	933	0.1	-0.1	2.09143
13054068	934	0.1	-0.1	4.06772
13054068	935	0.1	-0.1	-1.01458
13054068	936	0.1	-0.1	4.1248
13054068	937	0.1	-0.1	-2.89545
13054068	938	0.1	-0.1	-4.48429
13054068	939	0.1	-0.1	-5.71698
13054068	940	0.1	-0.1	2.24604
13054068	941	0.1	-0.1	1.18944
13054068	942	0.1	-0.1	-2.77938
13054068	943	0.1	-0.1	-2.63619
13054068	944	0.1	-0.1	-1.19261
13054068	945	0.1	-0.1	3.10326
13054068	946	0.1	-0.1	-5.17625
13054068	947	0.1	-0.1	-4.99028
13054068	948	0.1	-0.1	-2.81605
13054068	949	0.1	-0.1	3.31591
13054068	950	0.1	-0.1	2.69799
13054068	951	0.1	-0.1	-3.08513
13054068	952	0.1	-0.1	4.21512
13054068	953	0.1	-0.1	-0.864946
13054068	954	0.1	-0.1	-0.810721
13054068	955	0.1	-0.1	-4.97663
13054068	956	0.1	-0.1	-2.85382
13054068	957	0.1	-0.1	5.85817
13054068	958	0.1	-0.1	1.12095
13054068	959	0.1	-0.1	3.55252
13054068	960	0.1	-0.1	-2.97626
13054068	961	0.1	-0.1	-5.60031
13054068	962	0.1	-0.1	2.69289
13054068	963	0.1	-0.1	-5.60456
13054068	964	0.1	-0.1	3.40664
13054068	965	0.1	-0.1	0.151459
13054068	966	0.1	-0.1	-3.76193
13054068	967	0.1	-0.1	-0.470248
13054068	968	0.1	-0.1	-3.45816
13054068	969	0.1	-0.1	-0.193895
13054068	970	0.1	-0.1	-1.93899
13054068	971	0.1	-0.1	-2.84244
13054068	972	0.1	-0.1	1.21229
13054068	973	0.1	-0.1	-5.11785
13054068	974	0.1	-0.1	2.78841
13054068	975	0.1	-0.1	-5.4576
13054068	976	0.1	-0.1	2.64154
13054068	977	0.1	-0.1	1.64433
13054068	978	0.1	-0.1	-2.54332
13054068	979	0.1	-0.1	-4.52959
13054068	980	0.1	-0.1	4.53384
13054068	981	0.1	-0.1	1.57532
13054068	982	0.1	-0.1	-2.11057
13054068	983	0.1	-0.1	-1.59612
13054068	984	0.1	-0.1	1.84072
13054068	985	0.1	-0.1	-4.65336
13054068	986	0.1	-0.1	3.53846
13054068	987	0.1	-0.1	2.93546
13054068	988	0.1	-0.1	-3.90524
13054068	989	0.1	-0.1	0.393678
13054068	990	0.1	-0.1	2.08804
13054068	991	0.1	-0.1	-1.96151
13054068	992	0.1	-0.1	2.13591
13054068	993	0.1	-0.1	-4.73197
13054068	994	0.1	-0.1	5.67199
13054068	995	0.1	-0.1	-0.854664
13054068	996	0.1	-0.1	2.52092
13054068	997	0.1	-0.1	-2.06509
13054068	998	0.1	-0.1	4.40456
13054068	999	0.1	-0.1	-0.350563
13054068	1000	0.1	-0.1	4.72242
