13051080	1	0.1	-0.1	5.16438
13051080	2	0.1	-0.1	0.200697
13051080	3	0.1	-0.1	3.72723
13051080	4	0.1	-0.1	-2.92102
13051080	5	0.1	-0.1	-5.73896
13051080	6	0.1	-0.1	4.73076
13051080	7	0.1	-0.1	-2.88397
13051080	8	0.1	-0.1	5.67281
13051080	9	0.1	-0.1	1.84165
13051080	10	0.1	-0.1	4.8387
13051080	11	0.1	-0.1	-2.18672
13051080	12	0.1	-0.1	1.17668
13051080	13	0.1	-0.1	-3.29139
13051080	14	0.1	-0.1	-3.77585
13051080	15	0.1	-0.1	-3.58563
13051080	16	0.1	-0.1	-3.88325
13051080	17	0.1	-0.1	5.91233
13051080	18	0.1	-0.1	3.17449
13051080	19	0.1	-0.1	1.59592
13051080	20	0.1	-0.1	-1.47332
13051080	21	0.1	-0.1	3.94841
13051080	22	0.1	-0.1	4.22542
13051080	23	0.1	-0.1	2.5733
13051080	24	0.1	-0.1	4.26044
13051080	25	0.1	-0.1	-1.23815
13051080	26	0.1	-0.1	-2.89226
13051080	27	0.1	-0.1	-1.71513
13051080	28	0.1	-0.1	-4.75269
13051080	29	0.1	-0.1	4.0903
13051080	30	0.1	-0.1	-0.552338
13051080	31	0.1	-0.1	-0.733898
13051080	32	0.1	-0.1	-0.154476
13051080	33	0.1	-0.1	2.75556
13051080	34	0.1	-0.1	-2.29155
13051080	35	0.1	-0.1	-5.36049
13051080	36	0.1	-0.1	0.821982
13051080	37	0.1	-0.1	0.640771
13051080	38	0.1	-0.1	-1.33222
13051080	39	0.1	-0.1	-1.56985
13051080	40	0.1	-0.1	5.11518
13051080	41	0.1	-0.1	4.83782
13051080	42	0.1	-0.1	-3.11501
13051080	43	0.1	-0.1	5.92209
13051080	44	0.1	-0.1	0.202223
13051080	45	0.1	-0.1	5.19991
13051080	46	0.1	-0.1	-2.91309
13051080	47	0.1	-0.1	3.40707
13051080	48	0.1	-0.1	-5.18824
13051080	49	0.1	-0.1	0.714787
13051080	50	0.1	-0.1	-4.85067
13051080	51	0.1	-0.1	-4.4796
13051080	52	0.1	-0.1	3.44609
13051080	53	0.1	-0.1	-3.11991
13051080	54	0.1	-0.1	1.14553
13051080	55	0.1	-0.1	2.01097
13051080	56	0.1	-0.1	0.663357
13051080	57	0.1	-0.1	-4.82434
13051080	58	0.1	-0.1	-4.64928
13051080	59	0.1	-0.1	1.14446
13051080	60	0.1	-0.1	1.26522
13051080	61	0.1	-0.1	3.31058
13051080	62	0.1	-0.1	-4.14313
13051080	63	0.1	-0.1	-4.75295
13051080	64	0.1	-0.1	-4.4954
13051080	65	0.1	-0.1	0.707511
13051080	66	0.1	-0.1	0.089385
13051080	67	0.1	-0.1	5.65561
13051080	68	0.1	-0.1	-5.16893
13051080	69	0.1	-0.1	-1.22624
13051080	70	0.1	-0.1	-0.874811
13051080	71	0.1	-0.1	0.813754
13051080	72	0.1	-0.1	4.25245
13051080	73	0.1	-0.1	-3.09807
13051080	74	0.1	-0.1	5.96795
13051080	75	0.1	-0.1	-1.74535
13051080	76	0.1	-0.1	-2.37733
13051080	77	0.1	-0.1	1.32285
13051080	78	0.1	-0.1	0.392251
13051080	79	0.1	-0.1	3.09659
13051080	80	0.1	-0.1	0.821613
13051080	81	0.1	-0.1	-4.19579
13051080	82	0.1	-0.1	-1.65926
13051080	83	0.1	-0.1	-4.60633
13051080	84	0.1	-0.1	3.44253
13051080	85	0.1	-0.1	2.04505
13051080	86	0.1	-0.1	-1.15163
13051080	87	0.1	-0.1	5.11702
13051080	88	0.1	-0.1	-5.03724
13051080	89	0.1	-0.1	5.07842
13051080	90	0.1	-0.1	-5.15832
13051080	91	0.1	-0.1	2.20582
13051080	92	0.1	-0.1	4.33355
13051080	93	0.1	-0.1	5.42003
13051080	94	0.1	-0.1	3.95555
13051080	95	0.1	-0.1	-3.21466
13051080	96	0.1	-0.1	-5.06341
13051080	97	0.1	-0.1	-3.56234
13051080	98	0.1	-0.1	3.82446
13051080	99	0.1	-0.1	-1.66871
13051080	100	0.1	-0.1	-4.90339
13051080	101	0.1	-0.1	-2.1888
13051080	102	0.1	-0.1	-2.28465
13051080	103	0.1	-0.1	-3.64142
13051080	104	0.1	-0.1	4.41703
13051080	105	0.1	-0.1	0.0756135
13051080	106	0.1	-0.1	2.83584
13051080	107	0.1	-0.1	-4.8866
13051080	108	0.1	-0.1	0.377994
13051080	109	0.1	-0.1	3.90271
13051080	110	0.1	-0.1	-3.29006
13051080	111	0.1	-0.1	4.45175
13051080	112	0.1	-0.1	-1.58247
13051080	113	0.1	-0.1	5.72709
13051080	114	0.1	-0.1	-0.74557
13051080	115	0.1	-0.1	-0.890046
13051080	116	0.1	-0.1	0.0922153
13051080	117	0.1	-0.1	5.23974
13051080	118	0.1	-0.1	0.5345
13051080	119	0.1	-0.1	5.66125
13051080	120	0.1	-0.1	-3.86715
13051080	121	0.1	-0.1	-4.38611
13051080	122	0.1	-0.1	5.99935
13051080	123	0.1	-0.1	-1.05272
13051080	124	0.1	-0.1	-3.89632
13051080	125	0.1	-0.1	-2.91028
13051080	126	0.1	-0.1	-0.846779
13051080	127	0.1	-0.1	2.95798
13051080	128	0.1	-0.1	-4.14194
13051080	129	0.1	-0.1	-2.56689
13051080	130	0.1	-0.1	5.18994
13051080	131	0.1	-0.1	-2.95841
13051080	132	0.1	-0.1	-0.485348
13051080	133	0.1	-0.1	-2.28899
13051080	134	0.1	-0.1	3.46015
13051080	135	0.1	-0.1	-5.8334
13051080	136	0.1	-0.1	-5.96942
13051080	137	0.1	-0.1	-1.60247
13051080	138	0.1	-0.1	-0.95507
13051080	139	0.1	-0.1	3.65356
13051080	140	0.1	-0.1	5.61225
13051080	141	0.1	-0.1	3.16313
13051080	142	0.1	-0.1	2.02859
13051080	143	0.1	-0.1	1.63139
13051080	144	0.1	-0.1	1.18994
13051080	145	0.1	-0.1	2.14947
13051080	146	0.1	-0.1	0.990491
13051080	147	0.1	-0.1	0.0522591
13051080	148	0.1	-0.1	0.473113
13051080	149	0.1	-0.1	5.90494
13051080	150	0.1	-0.1	5.35109
13051080	151	0.1	-0.1	4.10718
13051080	152	0.1	-0.1	-3.49781
13051080	153	0.1	-0.1	-0.00245483
13051080	154	0.1	-0.1	-3.80579
13051080	155	0.1	-0.1	1.07409
13051080	156	0.1	-0.1	4.5143
13051080	157	0.1	-0.1	-3.38039
13051080	158	0.1	-0.1	-4.49234
13051080	159	0.1	-0.1	-4.48078
13051080	160	0.1	-0.1	0.333961
13051080	161	0.1	-0.1	-2.59538
13051080	162	0.1	-0.1	-3.3065
13051080	163	0.1	-0.1	3.11232
13051080	164	0.1	-0.1	5.58303
13051080	165	0.1	-0.1	1.8468
13051080	166	0.1	-0.1	1.47117
13051080	167	0.1	-0.1	1.89121
13051080	168	0.1	-0.1	2.94827
13051080	169	0.1	-0.1	0.856236
13051080	170	0.1	-0.1	3.57284
13051080	171	0.1	-0.1	0.859496
13051080	172	0.1	-0.1	-0.625119
13051080	173	0.1	-0.1	-2.96885
13051080	174	0.1	-0.1	-2.48375
13051080	175	0.1	-0.1	-1.69989
13051080	176	0.1	-0.1	1.07649
13051080	177	0.1	-0.1	-5.22606
13051080	178	0.1	-0.1	5.88662
13051080	179	0.1	-0.1	3.9485
13051080	180	0.1	-0.1	5.11556
13051080	181	0.1	-0.1	3.35251
13051080	182	0.1	-0.1	4.44758
13051080	183	0.1	-0.1	1.10143
13051080	184	0.1	-0.1	2.59423
13051080	185	0.1	-0.1	2.66186
13051080	186	0.1	-0.1	3.33915
13051080	187	0.1	-0.1	5.731
13051080	188	0.1	-0.1	5.53735
13051080	189	0.1	-0.1	4.21047
13051080	190	0.1	-0.1	0.096969
13051080	191	0.1	-0.1	-0.590622
13051080	192	0.1	-0.1	-3.45602
13051080	193	0.1	-0.1	-5.54388
13051080	194	0.1	-0.1	-4.28773
13051080	195	0.1	-0.1	-0.633356
13051080	196	0.1	-0.1	5.03377
13051080	197	0.1	-0.1	-0.82473
13051080	198	0.1	-0.1	0.919217
13051080	199	0.1	-0.1	-3.93521
13051080	200	0.1	-0.1	-3.21326
13051080	201	0.1	-0.1	-2.9853
13051080	202	0.1	-0.1	-0.297548
13051080	203	0.1	-0.1	2.90931
13051080	204	0.1	-0.1	-5.91368
13051080	205	0.1	-0.1	-2.90978
13051080	206	0.1	-0.1	4.69103
13051080	207	0.1	-0.1	-5.72354
13051080	208	0.1	-0.1	3.52537
13051080	209	0.1	-0.1	5.8779
13051080	210	0.1	-0.1	-5.96941
13051080	211	0.1	-0.1	0.883812
13051080	212	0.1	-0.1	2.86279
13051080	213	0.1	-0.1	4.37109
13051080	214	0.1	-0.1	3.10121
13051080	215	0.1	-0.1	-4.53199
13051080	216	0.1	-0.1	-2.61166
13051080	217	0.1	-0.1	1.31622
13051080	218	0.1	-0.1	-0.410396
13051080	219	0.1	-0.1	3.45561
13051080	220	0.1	-0.1	5.39096
13051080	221	0.1	-0.1	1.86521
13051080	222	0.1	-0.1	1.99136
13051080	223	0.1	-0.1	-0.603994
13051080	224	0.1	-0.1	2.00825
13051080	225	0.1	-0.1	-3.2558
13051080	226	0.1	-0.1	3.76683
13051080	227	0.1	-0.1	4.72119
13051080	228	0.1	-0.1	3.98366
13051080	229	0.1	-0.1	-3.2205
13051080	230	0.1	-0.1	-1.86272
13051080	231	0.1	-0.1	1.58634
13051080	232	0.1	-0.1	4.97174
13051080	233	0.1	-0.1	-3.45253
13051080	234	0.1	-0.1	-1.82551
13051080	235	0.1	-0.1	3.32474
13051080	236	0.1	-0.1	-2.00084
13051080	237	0.1	-0.1	-2.0295
13051080	238	0.1	-0.1	-3.98493
13051080	239	0.1	-0.1	-0.62027
13051080	240	0.1	-0.1	-3.21056
13051080	241	0.1	-0.1	1.36904
13051080	242	0.1	-0.1	2.97352
13051080	243	0.1	-0.1	-4.42948
13051080	244	0.1	-0.1	1.21623
13051080	245	0.1	-0.1	2.82528
13051080	246	0.1	-0.1	-2.56468
13051080	247	0.1	-0.1	-4.06976
13051080	248	0.1	-0.1	-5.87893
13051080	249	0.1	-0.1	-2.33126
13051080	250	0.1	-0.1	2.39027
13051080	251	0.1	-0.1	3.38589
13051080	252	0.1	-0.1	-2.2505
13051080	253	0.1	-0.1	-3.99394
13051080	254	0.1	-0.1	-1.2477
13051080	255	0.1	-0.1	-1.3547
13051080	256	0.1	-0.1	-0.0086117
13051080	257	0.1	-0.1	-0.570109
13051080	258	0.1	-0.1	5.29417
13051080	259	0.1	-0.1	4.61055
13051080	260	0.1	-0.1	4.96836
13051080	261	0.1	-0.1	-0.0850862
13051080	262	0.1	-0.1	-4.17147
13051080	263	0.1	-0.1	-3.72827
13051080	264	0.1	-0.1	1.73271
13051080	265	0.1	-0.1	-3.43211
13051080	266	0.1	-0.1	-3.87245
13051080	267	0.1	-0.1	1.66237
13051080	268	0.1	-0.1	0.41187
13051080	269	0.1	-0.1	0.448236
13051080	270	0.1	-0.1	-3.1079
13051080	271	0.1	-0.1	3.58698
13051080	272	0.1	-0.1	-5.496
13051080	273	0.1	-0.1	1.05785
13051080	274	0.1	-0.1	2.26077
13051080	275	0.1	-0.1	1.98211
13051080	276	0.1	-0.1	-0.599281
13051080	277	0.1	-0.1	4.14166
13051080	278	0.1	-0.1	2.3188
13051080	279	0.1	-0.1	1.42984
13051080	280	0.1	-0.1	1.91728
13051080	281	0.1	-0.1	-0.300337
13051080	282	0.1	-0.1	4.81862
13051080	283	0.1	-0.1	-5.38502
13051080	284	0.1	-0.1	-2.54061
13051080	285	0.1	-0.1	3.25606
13051080	286	0.1	-0.1	5.05285
13051080	287	0.1	-0.1	2.81888
13051080	288	0.1	-0.1	-1.77171
13051080	289	0.1	-0.1	-2.79976
13051080	290	0.1	-0.1	-5.6858
13051080	291	0.1	-0.1	-5.57389
13051080	292	0.1	-0.1	0.849123
13051080	293	0.1	-0.1	-0.857023
13051080	294	0.1	-0.1	0.782744
13051080	295	0.1	-0.1	-1.81089
13051080	296	0.1	-0.1	-5.67825
13051080	297	0.1	-0.1	-0.841953
13051080	298	0.1	-0.1	-1.86545
13051080	299	0.1	-0.1	1.55888
13051080	300	0.1	-0.1	2.65374
13051080	301	0.1	-0.1	0.930527
13051080	302	0.1	-0.1	5.27075
13051080	303	0.1	-0.1	1.48569
13051080	304	0.1	-0.1	5.42021
13051080	305	0.1	-0.1	-2.85738
13051080	306	0.1	-0.1	2.88021
13051080	307	0.1	-0.1	-2.25037
13051080	308	0.1	-0.1	4.61357
13051080	309	0.1	-0.1	0.13063
13051080	310	0.1	-0.1	0.617574
13051080	311	0.1	-0.1	-4.9553
13051080	312	0.1	-0.1	-5.19254
13051080	313	0.1	-0.1	5.24563
13051080	314	0.1	-0.1	2.81709
13051080	315	0.1	-0.1	1.02925
13051080	316	0.1	-0.1	3.48525
13051080	317	0.1	-0.1	-4.76775
13051080	318	0.1	-0.1	4.67538
13051080	319	0.1	-0.1	2.90931
13051080	320	0.1	-0.1	4.91585
13051080	321	0.1	-0.1	5.59301
13051080	322	0.1	-0.1	3.93274
13051080	323	0.1	-0.1	-1.17181
13051080	324	0.1	-0.1	5.28085
13051080	325	0.1	-0.1	-2.32202
13051080	326	0.1	-0.1	1.46136
13051080	327	0.1	-0.1	-3.43274
13051080	328	0.1	-0.1	-3.13343
13051080	329	0.1	-0.1	1.21058
13051080	330	0.1	-0.1	5.18261
13051080	331	0.1	-0.1	5.45857
13051080	332	0.1	-0.1	-0.858038
13051080	333	0.1	-0.1	-2.81929
13051080	334	0.1	-0.1	-3.93158
13051080	335	0.1	-0.1	-1.09799
13051080	336	0.1	-0.1	-1.11392
13051080	337	0.1	-0.1	-0.406881
13051080	338	0.1	-0.1	2.95255
13051080	339	0.1	-0.1	5.61202
13051080	340	0.1	-0.1	-0.346842
13051080	341	0.1	-0.1	-5.8574
13051080	342	0.1	-0.1	-2.81678
13051080	343	0.1	-0.1	-2.90076
13051080	344	0.1	-0.1	-5.03064
13051080	345	0.1	-0.1	-4.5359
13051080	346	0.1	-0.1	-2.36276
13051080	347	0.1	-0.1	1.08116
13051080	348	0.1	-0.1	-0.772013
13051080	349	0.1	-0.1	4.25955
13051080	350	0.1	-0.1	-3.59452
13051080	351	0.1	-0.1	-0.804985
13051080	352	0.1	-0.1	-0.483983
13051080	353	0.1	-0.1	4.79321
13051080	354	0.1	-0.1	1.5382
13051080	355	0.1	-0.1	-5.32208
13051080	356	0.1	-0.1	1.14087
13051080	357	0.1	-0.1	-5.97855
13051080	358	0.1	-0.1	1.3274
13051080	359	0.1	-0.1	5.26099
13051080	360	0.1	-0.1	-2.58187
13051080	361	0.1	-0.1	2.48633
13051080	362	0.1	-0.1	1.79734
13051080	363	0.1	-0.1	-1.26164
13051080	364	0.1	-0.1	-1.94175
13051080	365	0.1	-0.1	1.05606
13051080	366	0.1	-0.1	3.61679
13051080	367	0.1	-0.1	1.03532
13051080	368	0.1	-0.1	-5.03953
13051080	369	0.1	-0.1	0.67902
13051080	370	0.1	-0.1	0.292296
13051080	371	0.1	-0.1	-2.1621
13051080	372	0.1	-0.1	3.60865
13051080	373	0.1	-0.1	5.0337
13051080	374	0.1	-0.1	5.0952
13051080	375	0.1	-0.1	3.13477
13051080	376	0.1	-0.1	2.64059
13051080	377	0.1	-0.1	3.9489
13051080	378	0.1	-0.1	5.91705
13051080	379	0.1	-0.1	2.85447
13051080	380	0.1	-0.1	3.85122
13051080	381	0.1	-0.1	4.3815
13051080	382	0.1	-0.1	-1.87365
13051080	383	0.1	-0.1	-1.47371
13051080	384	0.1	-0.1	-0.696291
13051080	385	0.1	-0.1	1.5575
13051080	386	0.1	-0.1	-1.47015
13051080	387	0.1	-0.1	2.87831
13051080	388	0.1	-0.1	1.56769
13051080	389	0.1	-0.1	1.32615
13051080	390	0.1	-0.1	-0.40114
13051080	391	0.1	-0.1	-3.76139
13051080	392	0.1	-0.1	3.00926
13051080	393	0.1	-0.1	5.8829
13051080	394	0.1	-0.1	4.12705
13051080	395	0.1	-0.1	3.18296
13051080	396	0.1	-0.1	0.132145
13051080	397	0.1	-0.1	4.2234
13051080	398	0.1	-0.1	0.790923
13051080	399	0.1	-0.1	2.36854
13051080	400	0.1	-0.1	-1.14899
13051080	401	0.1	-0.1	0.0196875
13051080	402	0.1	-0.1	-1.74073
13051080	403	0.1	-0.1	5.71824
13051080	404	0.1	-0.1	-1.78937
13051080	405	0.1	-0.1	-0.199843
13051080	406	0.1	-0.1	-4.08661
13051080	407	0.1	-0.1	-2.26771
13051080	408	0.1	-0.1	-0.625485
13051080	409	0.1	-0.1	-2.49746
13051080	410	0.1	-0.1	-2.20231
13051080	411	0.1	-0.1	0.521286
13051080	412	0.1	-0.1	4.38388
13051080	413	0.1	-0.1	-4.84166
13051080	414	0.1	-0.1	2.07717
13051080	415	0.1	-0.1	-3.68161
13051080	416	0.1	-0.1	-0.506715
13051080	417	0.1	-0.1	-3.79326
13051080	418	0.1	-0.1	3.94975
13051080	419	0.1	-0.1	-1.29767
13051080	420	0.1	-0.1	5.02662
13051080	421	0.1	-0.1	-1.90827
13051080	422	0.1	-0.1	-2.61322
13051080	423	0.1	-0.1	2.99339
13051080	424	0.1	-0.1	5.81395
13051080	425	0.1	-0.1	-3.0983
13051080	426	0.1	-0.1	0.374779
13051080	427	0.1	-0.1	-3.20508
13051080	428	0.1	-0.1	-2.34495
13051080	429	0.1	-0.1	-2.94912
13051080	430	0.1	-0.1	-2.01378
13051080	431	0.1	-0.1	-1.8187
13051080	432	0.1	-0.1	0.109539
13051080	433	0.1	-0.1	3.51831
13051080	434	0.1	-0.1	3.48
13051080	435	0.1	-0.1	-0.769803
13051080	436	0.1	-0.1	3.83642
13051080	437	0.1	-0.1	0.0993336
13051080	438	0.1	-0.1	-4.45865
13051080	439	0.1	-0.1	-1.99047
13051080	440	0.1	-0.1	-5.1741
13051080	441	0.1	-0.1	0.63305
13051080	442	0.1	-0.1	-3.9872
13051080	443	0.1	-0.1	-3.61141
13051080	444	0.1	-0.1	0.615182
13051080	445	0.1	-0.1	-5.86499
13051080	446	0.1	-0.1	0.882318
13051080	447	0.1	-0.1	-4.82578
13051080	448	0.1	-0.1	3.45459
13051080	449	0.1	-0.1	2.4402
13051080	450	0.1	-0.1	2.50384
13051080	451	0.1	-0.1	-5.476
13051080	452	0.1	-0.1	3.9246
13051080	453	0.1	-0.1	1.75768
13051080	454	0.1	-0.1	-4.15013
13051080	455	0.1	-0.1	4.75474
13051080	456	0.1	-0.1	-3.68278
13051080	457	0.1	-0.1	3.89677
13051080	458	0.1	-0.1	-3.34094
13051080	459	0.1	-0.1	-1.36891
13051080	460	0.1	-0.1	-2.13024
13051080	461	0.1	-0.1	3.88555
13051080	462	0.1	-0.1	3.50403
13051080	463	0.1	-0.1	-4.00174
13051080	464	0.1	-0.1	-3.24896
13051080	465	0.1	-0.1	-2.61823
13051080	466	0.1	-0.1	-5.04465
13051080	467	0.1	-0.1	4.2826
13051080	468	0.1	-0.1	0.109171
13051080	469	0.1	-0.1	2.35277
13051080	470	0.1	-0.1	-1.6389
13051080	471	0.1	-0.1	-0.89635
13051080	472	0.1	-0.1	0.59797
13051080	473	0.1	-0.1	-2.91014
13051080	474	0.1	-0.1	5.92697
13051080	475	0.1	-0.1	5.09464
13051080	476	0.1	-0.1	-1.31757
13051080	477	0.1	-0.1	2.42735
13051080	478	0.1	-0.1	-4.27967
13051080	479	0.1	-0.1	-3.7718
13051080	480	0.1	-0.1	0.481275
13051080	481	0.1	-0.1	-0.358389
13051080	482	0.1	-0.1	0.368171
13051080	483	0.1	-0.1	-5.62473
13051080	484	0.1	-0.1	-3.49308
13051080	485	0.1	-0.1	0.311199
13051080	486	0.1	-0.1	5.33228
13051080	487	0.1	-0.1	5.14915
13051080	488	0.1	-0.1	-1.64783
13051080	489	0.1	-0.1	0.374056
13051080	490	0.1	-0.1	-0.00939704
13051080	491	0.1	-0.1	1.89383
13051080	492	0.1	-0.1	4.5956
13051080	493	0.1	-0.1	-4.33672
13051080	494	0.1	-0.1	1.85301
13051080	495	0.1	-0.1	-4.06657
13051080	496	0.1	-0.1	-4.63072
13051080	497	0.1	-0.1	5.99448
13051080	498	0.1	-0.1	0.895274
13051080	499	0.1	-0.1	-3.83811
13051080	500	0.1	-0.1	2.03551
13051080	501	0.1	-0.1	0.769488
13051080	502	0.1	-0.1	-4.87189
13051080	503	0.1	-0.1	1.83655
13051080	504	0.1	-0.1	1.35808
13051080	505	0.1	-0.1	4.46181
13051080	506	0.1	-0.1	-1.90941
13051080	507	0.1	-0.1	2.11907
13051080	508	0.1	-0.1	4.29867
13051080	509	0.1	-0.1	3.02269
13051080	510	0.1	-0.1	1.64612
13051080	511	0.1	-0.1	-2.46558
13051080	512	0.1	-0.1	4.02157
13051080	513	0.1	-0.1	-4.27236
13051080	514	0.1	-0.1	-0.0873763
13051080	515	0.1	-0.1	-4.79676
13051080	516	0.1	-0.1	-2.45683
13051080	517	0.1	-0.1	-0.340299
13051080	518	0.1	-0.1	1.5625
13051080	519	0.1	-0.1	3.24515
13051080	520	0.1	-0.1	3.92667
13051080	521	0.1	-0.1	0.844962
13051080	522	0.1	-0.1	-5.2196
13051080	523	0.1	-0.1	1.39423
13051080	524	0.1	-0.1	3.07605
13051080	525	0.1	-0.1	4.18962
13051080	526	0.1	-0.1	2.59165
13051080	527	0.1	-0.1	-4.44754
13051080	528	0.1	-0.1	2.16661
13051080	529	0.1	-0.1	2.35821
13051080	530	0.1	-0.1	5.23499
13051080	531	0.1	-0.1	-3.38779
13051080	532	0.1	-0.1	-2.5105
13051080	533	0.1	-0.1	-4.63365
13051080	534	0.1	-0.1	-4.39489
13051080	535	0.1	-0.1	5.29375
13051080	536	0.1	-0.1	-1.66625
13051080	537	0.1	-0.1	-4.60691
13051080	538	0.1	-0.1	-5.65503
13051080	539	0.1	-0.1	2.5806
13051080	540	0.1	-0.1	-0.614702
13051080	541	0.1	-0.1	0.899557
13051080	542	0.1	-0.1	2.18633
13051080	543	0.1	-0.1	2.6465
13051080	544	0.1	-0.1	1.04205
13051080	545	0.1	-0.1	-1.91745
13051080	546	0.1	-0.1	-0.217204
13051080	547	0.1	-0.1	1.13759
13051080	548	0.1	-0.1	-1.99796
13051080	549	0.1	-0.1	-5.45475
13051080	550	0.1	-0.1	-2.68796
13051080	551	0.1	-0.1	-4.26763
13051080	552	0.1	-0.1	-5.11712
13051080	553	0.1	-0.1	4.26399
13051080	554	0.1	-0.1	-0.349775
13051080	555	0.1	-0.1	-3.75974
13051080	556	0.1	-0.1	2.83509
13051080	557	0.1	-0.1	-1.52785
13051080	558	0.1	-0.1	3.74961
13051080	559	0.1	-0.1	4.98657
13051080	560	0.1	-0.1	-0.734463
13051080	561	0.1	-0.1	4.20492
13051080	562	0.1	-0.1	1.5666
13051080	563	0.1	-0.1	0.754242
13051080	564	0.1	-0.1	-4.10783
13051080	565	0.1	-0.1	-5.45967
13051080	566	0.1	-0.1	-2.88203
13051080	567	0.1	-0.1	-5.24887
13051080	568	0.1	-0.1	-2.65273
13051080	569	0.1	-0.1	5.49449
13051080	570	0.1	-0.1	5.14277
13051080	571	0.1	-0.1	0.328822
13051080	572	0.1	-0.1	3.87869
13051080	573	0.1	-0.1	3.7205
13051080	574	0.1	-0.1	-4.16877
13051080	575	0.1	-0.1	-3.14099
13051080	576	0.1	-0.1	-0.854938
13051080	577	0.1	-0.1	2.46063
13051080	578	0.1	-0.1	-4.40778
13051080	579	0.1	-0.1	3.68008
13051080	580	0.1	-0.1	-0.486842
13051080	581	0.1	-0.1	0.559564
13051080	582	0.1	-0.1	-4.9005
13051080	583	0.1	-0.1	-1.44836
13051080	584	0.1	-0.1	-2.83122
13051080	585	0.1	-0.1	4.49404
13051080	586	0.1	-0.1	-3.44095
13051080	587	0.1	-0.1	4.15735
13051080	588	0.1	-0.1	0.188668
13051080	589	0.1	-0.1	-4.42017
13051080	590	0.1	-0.1	-2.4847
13051080	591	0.1	-0.1	-2.95687
13051080	592	0.1	-0.1	3.45369
13051080	593	0.1	-0.1	-0.298186
13051080	594	0.1	-0.1	0.635964
13051080	595	0.1	-0.1	-3.42303
13051080	596	0.1	-0.1	4.21318
13051080	597	0.1	-0.1	5.57778
13051080	598	0.1	-0.1	-2.50624
13051080	599	0.1	-0.1	0.17209
13051080	600	0.1	-0.1	5.41943
13051080	601	0.1	-0.1	0.507451
13051080	602	0.1	-0.1	-5.02475
13051080	603	0.1	-0.1	-1.86962
13051080	604	0.1	-0.1	0.452846
13051080	605	0.1	-0.1	2.28834
13051080	606	0.1	-0.1	-4.12204
13051080	607	0.1	-0.1	-3.38958
13051080	608	0.1	-0.1	-0.0632257
13051080	609	0.1	-0.1	-1.78689
13051080	610	0.1	-0.1	-5.51353
13051080	611	0.1	-0.1	3.85672
13051080	612	0.1	-0.1	-3.20891
13051080	613	0.1	-0.1	-1.89134
13051080	614	0.1	-0.1	4.23591
13051080	615	0.1	-0.1	-3.16874
13051080	616	0.1	-0.1	2.37675
13051080	617	0.1	-0.1	1.12695
13051080	618	0.1	-0.1	-3.7572
13051080	619	0.1	-0.1	-0.271943
13051080	620	0.1	-0.1	-2.65317
13051080	621	0.1	-0.1	-1.30177
13051080	622	0.1	-0.1	0.910853
13051080	623	0.1	-0.1	3.64134
13051080	624	0.1	-0.1	-3.23623
13051080	625	0.1	-0.1	1.31944
13051080	626	0.1	-0.1	-5.50715
13051080	627	0.1	-0.1	1.57733
13051080	628	0.1	-0.1	-4.82724
13051080	629	0.1	-0.1	4.89183
13051080	630	0.1	-0.1	-2.57257
13051080	631	0.1	-0.1	3.87285
13051080	632	0.1	-0.1	3.7426
13051080	633	0.1	-0.1	5.12881
13051080	634	0.1	-0.1	-3.76153
13051080	635	0.1	-0.1	-5.83238
13051080	636	0.1	-0.1	1.93955
13051080	637	0.1	-0.1	-5.68459
13051080	638	0.1	-0.1	4.54092
13051080	639	0.1	-0.1	-4.82448
13051080	640	0.1	-0.1	-5.0845
13051080	641	0.1	-0.1	-3.40509
13051080	642	0.1	-0.1	-2.61283
13051080	643	0.1	-0.1	-4.29616
13051080	644	0.1	-0.1	3.77321
13051080	645	0.1	-0.1	4.47559
13051080	646	0.1	-0.1	2.88601
13051080	647	0.1	-0.1	-4.29326
13051080	648	0.1	-0.1	-5.29685
13051080	649	0.1	-0.1	-1.00544
13051080	650	0.1	-0.1	-5.38047
13051080	651	0.1	-0.1	0.699722
13051080	652	0.1	-0.1	3.68924
13051080	653	0.1	-0.1	4.63285
13051080	654	0.1	-0.1	-3.36595
13051080	655	0.1	-0.1	-3.49421
13051080	656	0.1	-0.1	-5.98146
13051080	657	0.1	-0.1	-2.17862
13051080	658	0.1	-0.1	-2.94076
13051080	659	0.1	-0.1	-0.140029
13051080	660	0.1	-0.1	3.1175
13051080	661	0.1	-0.1	-0.74381
13051080	662	0.1	-0.1	-1.42448
13051080	663	0.1	-0.1	5.45539
13051080	664	0.1	-0.1	5.05943
13051080	665	0.1	-0.1	-0.626572
13051080	666	0.1	-0.1	0.986621
13051080	667	0.1	-0.1	-0.392406
13051080	668	0.1	-0.1	-2.9476
13051080	669	0.1	-0.1	-2.60609
13051080	670	0.1	-0.1	-4.04706
13051080	671	0.1	-0.1	2.01405
13051080	672	0.1	-0.1	2.57665
13051080	673	0.1	-0.1	-2.94792
13051080	674	0.1	-0.1	3.14262
13051080	675	0.1	-0.1	-2.28956
13051080	676	0.1	-0.1	-0.854861
13051080	677	0.1	-0.1	-2.08581
13051080	678	0.1	-0.1	0.867715
13051080	679	0.1	-0.1	0.83575
13051080	680	0.1	-0.1	5.64234
13051080	681	0.1	-0.1	3.37395
13051080	682	0.1	-0.1	0.400134
13051080	683	0.1	-0.1	-5.0852
13051080	684	0.1	-0.1	-3.58895
13051080	685	0.1	-0.1	-2.69523
13051080	686	0.1	-0.1	-1.98277
13051080	687	0.1	-0.1	2.03416
13051080	688	0.1	-0.1	-5.33401
13051080	689	0.1	-0.1	-5.92069
13051080	690	0.1	-0.1	-3.11673
13051080	691	0.1	-0.1	-2.09184
13051080	692	0.1	-0.1	-5.95216
13051080	693	0.1	-0.1	-3.80186
13051080	694	0.1	-0.1	-4.10825
13051080	695	0.1	-0.1	2.69743
13051080	696	0.1	-0.1	4.14055
13051080	697	0.1	-0.1	5.21187
13051080	698	0.1	-0.1	2.68146
13051080	699	0.1	-0.1	0.337749
13051080	700	0.1	-0.1	-5.24944
13051080	701	0.1	-0.1	-2.27897
13051080	702	0.1	-0.1	-3.13454
13051080	703	0.1	-0.1	-4.22058
13051080	704	0.1	-0.1	-2.52925
13051080	705	0.1	-0.1	3.39741
13051080	706	0.1	-0.1	-0.584419
13051080	707	0.1	-0.1	-5.93448
13051080	708	0.1	-0.1	-5.67323
13051080	709	0.1	-0.1	2.08436
13051080	710	0.1	-0.1	5.98563
13051080	711	0.1	-0.1	3.94623
13051080	712	0.1	-0.1	1.21217
13051080	713	0.1	-0.1	5.75567
13051080	714	0.1	-0.1	-4.30262
13051080	715	0.1	-0.1	1.3161
13051080	716	0.1	-0.1	-4.61127
13051080	717	0.1	-0.1	2.07835
13051080	718	0.1	-0.1	-3.8818
13051080	719	0.1	-0.1	4.72944
13051080	720	0.1	-0.1	-0.908128
13051080	721	0.1	-0.1	-2.40258
13051080	722	0.1	-0.1	-5.426
13051080	723	0.1	-0.1	0.411694
13051080	724	0.1	-0.1	-0.800615
13051080	725	0.1	-0.1	0.223555
13051080	726	0.1	-0.1	5.79678
13051080	727	0.1	-0.1	1.87074
13051080	728	0.1	-0.1	1.41188
13051080	729	0.1	-0.1	3.42141
13051080	730	0.1	-0.1	1.6184
13051080	731	0.1	-0.1	-5.0886
13051080	732	0.1	-0.1	1.34653
13051080	733	0.1	-0.1	-3.69329
13051080	734	0.1	-0.1	4.73796
13051080	735	0.1	-0.1	3.47285
13051080	736	0.1	-0.1	-4.5046
13051080	737	0.1	-0.1	-2.0603
13051080	738	0.1	-0.1	4.19225
13051080	739	0.1	-0.1	-3.41652
13051080	740	0.1	-0.1	5.21891
13051080	741	0.1	-0.1	-4.67941
13051080	742	0.1	-0.1	5.41912
13051080	743	0.1	-0.1	2.74852
13051080	744	0.1	-0.1	-4.2582
13051080	745	0.1	-0.1	-0.818265
13051080	746	0.1	-0.1	0.901023
13051080	747	0.1	-0.1	-2.79342
13051080	748	0.1	-0.1	-5.73393
13051080	749	0.1	-0.1	3.75082
13051080	750	0.1	-0.1	-1.87262
13051080	751	0.1	-0.1	-2.63235
13051080	752	0.1	-0.1	-3.25782
13051080	753	0.1	-0.1	2.51574
13051080	754	0.1	-0.1	-2.12278
13051080	755	0.1	-0.1	1.38016
13051080	756	0.1	-0.1	3.13163
13051080	757	0.1	-0.1	3.34599
13051080	758	0.1	-0.1	0.65096
13051080	759	0.1	-0.1	0.851133
13051080	760	0.1	-0.1	-5.96622
13051080	761	0.1	-0.1	-3.57728
13051080	762	0.1	-0.1	-4.64055
13051080	763	0.1	-0.1	-5.1476
13051080	764	0.1	-0.1	-1.04914
13051080	765	0.1	-0.1	1.37323
13051080	766	0.1	-0.1	5.8914
13051080	767	0.1	-0.1	2.82389
13051080	768	0.1	-0.1	-4.8869
13051080	769	0.1	-0.1	-0.489352
13051080	770	0.1	-0.1	-2.1651
13051080	771	0.1	-0.1	0.904491
13051080	772	0.1	-0.1	4.07725
13051080	773	0.1	-0.1	-3.39403
13051080	774	0.1	-0.1	-3.11367
13051080	775	0.1	-0.1	-4.56175
13051080	776	0.1	-0.1	1.33326
13051080	777	0.1	-0.1	-3.91538
13051080	778	0.1	-0.1	5.47448
13051080	779	0.1	-0.1	-0.507093
13051080	780	0.1	-0.1	-5.5405
13051080	781	0.1	-0.1	3.71297
13051080	782	0.1	-0.1	-2.59389
13051080	783	0.1	-0.1	-5.81318
13051080	784	0.1	-0.1	-1.92777
13051080	785	0.1	-0.1	-1.57684
13051080	786	0.1	-0.1	3.96135
13051080	787	0.1	-0.1	-3.33665
13051080	788	0.1	-0.1	-4.95564
13051080	789	0.1	-0.1	4.77893
13051080	790	0.1	-0.1	2.92055
13051080	791	0.1	-0.1	0.140701
13051080	792	0.1	-0.1	4.49889
13051080	793	0.1	-0.1	3.26368
13051080	794	0.1	-0.1	-1.31962
13051080	795	0.1	-0.1	3.06599
13051080	796	0.1	-0.1	0.168641
13051080	797	0.1	-0.1	-4.79426
13051080	798	0.1	-0.1	0.363203
13051080	799	0.1	-0.1	-0.844537
13051080	800	0.1	-0.1	1.27205
13051080	801	0.1	-0.1	-3.39701
13051080	802	0.1	-0.1	-2.51046
13051080	803	0.1	-0.1	4.46851
13051080	804	0.1	-0.1	-3.82049
13051080	805	0.1	-0.1	-0.204892
13051080	806	0.1	-0.1	-3.30088
13051080	807	0.1	-0.1	-2.66144
13051080	808	0.1	-0.1	2.7565
13051080	809	0.1	-0.1	3.98846
13051080	810	0.1	-0.1	-4.37693
13051080	811	0.1	-0.1	-3.38026
13051080	812	0.1	-0.1	-3.83979
13051080	813	0.1	-0.1	-4.17791
13051080	814	0.1	-0.1	5.56323
13051080	815	0.1	-0.1	-1.01624
13051080	816	0.1	-0.1	-0.487738
13051080	817	0.1	-0.1	4.25322
13051080	818	0.1	-0.1	1.06483
13051080	819	0.1	-0.1	-3.33154
13051080	820	0.1	-0.1	-3.56256
13051080	821	0.1	-0.1	-5.48016
13051080	822	0.1	-0.1	-2.45863
13051080	823	0.1	-0.1	1.83431
13051080	824	0.1	-0.1	-0.488106
13051080	825	0.1	-0.1	-2.40699
13051080	826	0.1	-0.1	3.00096
13051080	827	0.1	-0.1	-1.54647
13051080	828	0.1	-0.1	4.04818
13051080	829	0.1	-0.1	1.2691
13051080	830	0.1	-0.1	2.09398
13051080	831	0.1	-0.1	-3.15378
13051080	832	0.1	-0.1	2.78879
13051080	833	0.1	-0.1	-2.46021
13051080	834	0.1	-0.1	2.39851
13051080	835	0.1	-0.1	3.75405
13051080	836	0.1	-0.1	-2.93225
13051080	837	0.1	-0.1	2.89053
13051080	838	0.1	-0.1	-3.46864
13051080	839	0.1	-0.1	-2.74972
13051080	840	0.1	-0.1	-4.60145
13051080	841	0.1	-0.1	4.63247
13051080	842	0.1	-0.1	-1.62287
13051080	843	0.1	-0.1	1.90358
13051080	844	0.1	-0.1	4.40487
13051080	845	0.1	-0.1	5.3794
13051080	846	0.1	-0.1	-5.52009
13051080	847	0.1	-0.1	-4.2201
13051080	848	0.1	-0.1	-5.88701
13051080	849	0.1	-0.1	-4.36786
13051080	850	0.1	-0.1	0.124246
13051080	851	0.1	-0.1	0.442063
13051080	852	0.1	-0.1	-3.81976
13051080	853	0.1	-0.1	4.79847
13051080	854	0.1	-0.1	5.06346
13051080	855	0.1	-0.1	5.68413
13051080	856	0.1	-0.1	-4.21605
13051080	857	0.1	-0.1	4.17426
13051080	858	0.1	-0.1	-4.98167
13051080	859	0.1	-0.1	0.619184
13051080	860	0.1	-0.1	1.7892
13051080	861	0.1	-0.1	0.471439
13051080	862	0.1	-0.1	3.06828
13051080	863	0.1	-0.1	-2.12961
13051080	864	0.1	-0.1	-1.05245
13051080	865	0.1	-0.1	0.924976
13051080	866	0.1	-0.1	2.63995
13051080	867	0.1	-0.1	-0.183079
13051080	868	0.1	-0.1	-2.77118
13051080	869	0.1	-0.1	-4.53955
13051080	870	0.1	-0.1	0.309219
13051080	871	0.1	-0.1	2.83521
13051080	872	0.1	-0.1	-0.637809
13051080	873	0.1	-0.1	-2.82614
13051080	874	0.1	-0.1	-1.65388
13051080	875	0.1	-0.1	3.55752
13051080	876	0.1	-0.1	-5.20515
13051080	877	0.1	-0.1	4.67864
13051080	878	0.1	-0.1	-5.50948
13051080	879	0.1	-0.1	3.31085
13051080	880	0.1	-0.1	2.98278
13051080	881	0.1	-0.1	3.4135
13051080	882	0.1	-0.1	0.0651009
13051080	883	0.1	-0.1	-5.55432
13051080	884	0.1	-0.1	4.99637
13051080	885	0.1	-0.1	-2.55583
13051080	886	0.1	-0.1	5.09678
13051080	887	0.1	-0.1	-5.85008
13051080	888	0.1	-0.1	4.99087
13051080	889	0.1	-0.1	-5.61803
13051080	890	0.1	-0.1	4.03904
13051080	891	0.1	-0.1	2.48228
13051080	892	0.1	-0.1	-5.45769
13051080	893	0.1	-0.1	-5.66085
13051080	894	0.1	-0.1	4.31867
13051080	895	0.1	-0.1	-2.9934
13051080	896	0.1	-0.1	2.11096
13051080	897	0.1	-0.1	-0.410344
13051080	898	0.1	-0.1	4.26056
13051080	899	0.1	-0.1	5.83331
13051080	900	0.1	-0.1	-0.228787
13051080	901	0.1	-0.1	-1.87928
13051080	902	0.1	-0.1	-2.5595
13051080	903	0.1	-0.1	1.66006
13051080	904	0.1	-0.1	-2.79206
13051080	905	0.1	-0.1	-0.0764846
13051080	906	0.1	-0.1	5.97013
13051080	907	0.1	-0.1	-1.91377
13051080	908	0.1	-0.1	-3.01185
13051080	909	0.1	-0.1	-4.58001
13051080	910	0.1	-0.1	0.653649
13051080	911	0.1	-0.1	-5.90338
13051080	912	0.1	-0.1	3.96661
13051080	913	0.1	-0.1	0.85541
13051080	914	0.1	-0.1	2.02678
13051080	915	0.1	-0.1	2.36277
13051080	916	0.1	-0.1	2.33733
13051080	917	0.1	-0.1	-3.71892
13051080	918	0.1	-0.1	1.58467
13051080	919	0.1	-0.1	0.452298
13051080	920	0.1	-0.1	0.00816164
13051080	921	0.1	-0.1	3.23461
13051080	922	0.1	-0.1	5.26252
13051080	923	0.1	-0.1	2.74372
13051080	924	0.1	-0.1	-1.07468
13051080	925	0.1	-0.1	-4.55598
13051080	926	0.1	-0.1	1.73055
13051080	927	0.1	-0.1	0.911329
13051080	928	0.1	-0.1	1.83939
13051080	929	0.1	-0.1	-1.81985
13051080	930	0.1	-0.1	-2.43228
13051080	931	0.1	-0.1	-3.56572
13051080	932	0.1	-0.1	5.1517
13051080	933	0.1	-0.1	-5.20176
13051080	934	0.1	-0.1	-2.5937
13051080	935	0.1	-0.1	-4.2427
13051080	936	0.1	-0.1	-0.880265
13051080	937	0.1	-0.1	-0.260263
13051080	938	0.1	-0.1	5.68759
13051080	939	0.1	-0.1	1.21819
13051080	940	0.1	-0.1	-1.98574
13051080	941	0.1	-0.1	0.921584
13051080	942	0.1	-0.1	-1.50285
13051080	943	0.1	-0.1	5.24293
13051080	944	0.1	-0.1	-5.09463
13051080	945	0.1	-0.1	3.03314
13051080	946	0.1	-0.1	-1.87132
13051080	947	0.1	-0.1	-2.76905
13051080	948	0.1	-0.1	0.0640377
13051080	949	0.1	-0.1	-4.02897
13051080	950	0.1	-0.1	3.92014
13051080	951	0.1	-0.1	-5.18007
13051080	952	0.1	-0.1	0.418289
13051080	953	0.1	-0.1	-4.41721
13051080	954	0.1	-0.1	-1.12147
13051080	955	0.1	-0.1	-2.0598
13051080	956	0.1	-0.1	5.68007
13051080	957	0.1	-0.1	3.27097
13051080	958	0.1	-0.1	-5.92679
13051080	959	0.1	-0.1	5.24206
13051080	960	0.1	-0.1	-3.90763
13051080	961	0.1	-0.1	5.80964
13051080	962	0.1	-0.1	-5.90147
13051080	963	0.1	-0.1	-0.0551092
13051080	964	0.1	-0.1	0.102446
13051080	965	0.1	-0.1	2.50985
13051080	966	0.1	-0.1	4.74417
13051080	967	0.1	-0.1	-4.26922
13051080	968	0.1	-0.1	-4.71333
13051080	969	0.1	-0.1	4.69573
13051080	970	0.1	-0.1	-1.1436
13051080	971	0.1	-0.1	-5.23164
13051080	972	0.1	-0.1	0.835118
13051080	973	0.1	-0.1	-3.25616
13051080	974	0.1	-0.1	1.62447
13051080	975	0.1	-0.1	3.56507
13051080	976	0.1	-0.1	-1.63888
13051080	977	0.1	-0.1	-0.564073
13051080	978	0.1	-0.1	0.924386
13051080	979	0.1	-0.1	-3.80044
13051080	980	0.1	-0.1	2.62276
13051080	981	0.1	-0.1	-4.33005
13051080	982	0.1	-0.1	2.27266
13051080	983	0.1	-0.1	0.939393
13051080	984	0.1	-0.1	4.64897
13051080	985	0.1	-0.1	2.06499
13051080	986	0.1	-0.1	-5.75274
13051080	987	0.1	-0.1	1.4786
13051080	988	0.1	-0.1	3.487
13051080	989	0.1	-0.1	-5.66257
13051080	990	0.1	-0.1	-5.40904
13051080	991	0.1	-0.1	-4.94931
13051080	992	0.1	-0.1	4.98099
13051080	993	0.1	-0.1	-5.04381
13051080	994	0.1	-0.1	4.45149
13051080	995	0.1	-0.1	4.65904
13051080	996	0.1	-0.1	4.79478
13051080	997	0.1	-0.1	4.48354
13051080	998	0.1	-0.1	0.860046
13051080	999	0.1	-0.1	2.44727
13051080	1000	0.1	-0.1	5.72688
