13059087	1	0.1	-0.1	5.61301
13059087	2	0.1	-0.1	0.503775
13059087	3	0.1	-0.1	2.61089
13059087	4	0.1	-0.1	-2.1752
13059087	5	0.1	-0.1	4.61202
13059087	6	0.1	-0.1	-3.5906
13059087	7	0.1	-0.1	-0.201338
13059087	8	0.1	-0.1	3.00858
13059087	9	0.1	-0.1	1.34372
13059087	10	0.1	-0.1	-1.15045
13059087	11	0.1	-0.1	-3.93453
13059087	12	0.1	-0.1	0.412078
13059087	13	0.1	-0.1	0.94735
13059087	14	0.1	-0.1	-1.57462
13059087	15	0.1	-0.1	2.64794
13059087	16	0.1	-0.1	4.50419
13059087	17	0.1	-0.1	-1.17441
13059087	18	0.1	-0.1	-0.678585
13059087	19	0.1	-0.1	3.74463
13059087	20	0.1	-0.1	-2.68209
13059087	21	0.1	-0.1	3.55102
13059087	22	0.1	-0.1	3.37685
13059087	23	0.1	-0.1	-3.93192
13059087	24	0.1	-0.1	4.59811
13059087	25	0.1	-0.1	0.949823
13059087	26	0.1	-0.1	-2.74973
13059087	27	0.1	-0.1	5.87724
13059087	28	0.1	-0.1	2.92355
13059087	29	0.1	-0.1	0.276063
13059087	30	0.1	-0.1	3.94535
13059087	31	0.1	-0.1	3.44561
13059087	32	0.1	-0.1	4.32278
13059087	33	0.1	-0.1	1.23458
13059087	34	0.1	-0.1	5.47889
13059087	35	0.1	-0.1	3.20106
13059087	36	0.1	-0.1	-1.44818
13059087	37	0.1	-0.1	2.45014
13059087	38	0.1	-0.1	2.43183
13059087	39	0.1	-0.1	-4.62144
13059087	40	0.1	-0.1	4.97044
13059087	41	0.1	-0.1	-5.42517
13059087	42	0.1	-0.1	5.52656
13059087	43	0.1	-0.1	3.38995
13059087	44	0.1	-0.1	-0.338975
13059087	45	0.1	-0.1	-5.6814
13059087	46	0.1	-0.1	5.2744
13059087	47	0.1	-0.1	1.51693
13059087	48	0.1	-0.1	1.39043
13059087	49	0.1	-0.1	-2.79591
13059087	50	0.1	-0.1	4.2485
13059087	51	0.1	-0.1	-2.02047
13059087	52	0.1	-0.1	1.26683
13059087	53	0.1	-0.1	1.39687
13059087	54	0.1	-0.1	2.32905
13059087	55	0.1	-0.1	5.33666
13059087	56	0.1	-0.1	2.86017
13059087	57	0.1	-0.1	0.385478
13059087	58	0.1	-0.1	-4.79193
13059087	59	0.1	-0.1	4.25782
13059087	60	0.1	-0.1	-3.15903
13059087	61	0.1	-0.1	1.92387
13059087	62	0.1	-0.1	5.88015
13059087	63	0.1	-0.1	2.83586
13059087	64	0.1	-0.1	2.60156
13059087	65	0.1	-0.1	-0.0733865
13059087	66	0.1	-0.1	-1.53117
13059087	67	0.1	-0.1	-0.246251
13059087	68	0.1	-0.1	2.76501
13059087	69	0.1	-0.1	2.85219
13059087	70	0.1	-0.1	-0.615974
13059087	71	0.1	-0.1	5.35161
13059087	72	0.1	-0.1	-4.65138
13059087	73	0.1	-0.1	1.34422
13059087	74	0.1	-0.1	-2.01503
13059087	75	0.1	-0.1	-1.4944
13059087	76	0.1	-0.1	5.59275
13059087	77	0.1	-0.1	-5.46939
13059087	78	0.1	-0.1	-3.46741
13059087	79	0.1	-0.1	-5.31029
13059087	80	0.1	-0.1	2.23139
13059087	81	0.1	-0.1	1.84963
13059087	82	0.1	-0.1	-3.12741
13059087	83	0.1	-0.1	2.76197
13059087	84	0.1	-0.1	-4.62689
13059087	85	0.1	-0.1	1.63035
13059087	86	0.1	-0.1	5.3723
13059087	87	0.1	-0.1	-1.48382
13059087	88	0.1	-0.1	-4.21829
13059087	89	0.1	-0.1	-1.73044
13059087	90	0.1	-0.1	-2.36853
13059087	91	0.1	-0.1	5.85088
13059087	92	0.1	-0.1	4.39815
13059087	93	0.1	-0.1	-0.610089
13059087	94	0.1	-0.1	-1.35125
13059087	95	0.1	-0.1	-1.91521
13059087	96	0.1	-0.1	0.377104
13059087	97	0.1	-0.1	5.2625
13059087	98	0.1	-0.1	0.887607
13059087	99	0.1	-0.1	-3.68119
13059087	100	0.1	-0.1	-0.578297
13059087	101	0.1	-0.1	4.07716
13059087	102	0.1	-0.1	-1.39652
13059087	103	0.1	-0.1	-3.4081
13059087	104	0.1	-0.1	-1.62653
13059087	105	0.1	-0.1	-2.47826
13059087	106	0.1	-0.1	-1.40721
13059087	107	0.1	-0.1	-0.634453
13059087	108	0.1	-0.1	-5.0935
13059087	109	0.1	-0.1	-4.35594
13059087	110	0.1	-0.1	-1.61908
13059087	111	0.1	-0.1	-3.11785
13059087	112	0.1	-0.1	5.21287
13059087	113	0.1	-0.1	-1.95419
13059087	114	0.1	-0.1	2.44721
13059087	115	0.1	-0.1	2.10269
13059087	116	0.1	-0.1	-2.30243
13059087	117	0.1	-0.1	1.51271
13059087	118	0.1	-0.1	1.36179
13059087	119	0.1	-0.1	-0.972117
13059087	120	0.1	-0.1	-1.68319
13059087	121	0.1	-0.1	-5.03598
13059087	122	0.1	-0.1	5.36181
13059087	123	0.1	-0.1	4.07064
13059087	124	0.1	-0.1	3.08414
13059087	125	0.1	-0.1	5.31715
13059087	126	0.1	-0.1	1.51642
13059087	127	0.1	-0.1	-1.74708
13059087	128	0.1	-0.1	-1.61147
13059087	129	0.1	-0.1	1.24997
13059087	130	0.1	-0.1	-0.391841
13059087	131	0.1	-0.1	0.120442
13059087	132	0.1	-0.1	5.71539
13059087	133	0.1	-0.1	-5.87731
13059087	134	0.1	-0.1	4.7802
13059087	135	0.1	-0.1	5.32928
13059087	136	0.1	-0.1	-2.21128
13059087	137	0.1	-0.1	-1.32998
13059087	138	0.1	-0.1	-0.958998
13059087	139	0.1	-0.1	-1.77178
13059087	140	0.1	-0.1	-5.18665
13059087	141	0.1	-0.1	3.48649
13059087	142	0.1	-0.1	1.47246
13059087	143	0.1	-0.1	-5.82073
13059087	144	0.1	-0.1	3.05148
13059087	145	0.1	-0.1	-5.96313
13059087	146	0.1	-0.1	3.83447
13059087	147	0.1	-0.1	-3.54157
13059087	148	0.1	-0.1	0.778309
13059087	149	0.1	-0.1	3.92402
13059087	150	0.1	-0.1	4.81935
13059087	151	0.1	-0.1	5.57042
13059087	152	0.1	-0.1	-2.45876
13059087	153	0.1	-0.1	-4.51482
13059087	154	0.1	-0.1	-0.411805
13059087	155	0.1	-0.1	-2.29388
13059087	156	0.1	-0.1	-3.95185
13059087	157	0.1	-0.1	-1.36904
13059087	158	0.1	-0.1	-3.39249
13059087	159	0.1	-0.1	-0.986252
13059087	160	0.1	-0.1	-5.29622
13059087	161	0.1	-0.1	5.96152
13059087	162	0.1	-0.1	-4.77819
13059087	163	0.1	-0.1	-4.57613
13059087	164	0.1	-0.1	4.84107
13059087	165	0.1	-0.1	-3.95704
13059087	166	0.1	-0.1	-1.15334
13059087	167	0.1	-0.1	-3.31744
13059087	168	0.1	-0.1	2.05478
13059087	169	0.1	-0.1	5.70596
13059087	170	0.1	-0.1	3.57686
13059087	171	0.1	-0.1	-2.81973
13059087	172	0.1	-0.1	-4.417
13059087	173	0.1	-0.1	-4.76112
13059087	174	0.1	-0.1	1.19379
13059087	175	0.1	-0.1	-5.61163
13059087	176	0.1	-0.1	-3.15431
13059087	177	0.1	-0.1	-1.82191
13059087	178	0.1	-0.1	2.5232
13059087	179	0.1	-0.1	-3.83589
13059087	180	0.1	-0.1	5.64142
13059087	181	0.1	-0.1	-4.09739
13059087	182	0.1	-0.1	-3.96934
13059087	183	0.1	-0.1	-0.28441
13059087	184	0.1	-0.1	4.3201
13059087	185	0.1	-0.1	-1.32232
13059087	186	0.1	-0.1	-1.14548
13059087	187	0.1	-0.1	-4.5522
13059087	188	0.1	-0.1	1.80355
13059087	189	0.1	-0.1	1.884
13059087	190	0.1	-0.1	-4.77099
13059087	191	0.1	-0.1	-2.51224
13059087	192	0.1	-0.1	-4.75929
13059087	193	0.1	-0.1	-0.4539
13059087	194	0.1	-0.1	1.41899
13059087	195	0.1	-0.1	-0.991235
13059087	196	0.1	-0.1	-5.148
13059087	197	0.1	-0.1	1.52196
13059087	198	0.1	-0.1	3.09746
13059087	199	0.1	-0.1	4.39496
13059087	200	0.1	-0.1	-5.30935
13059087	201	0.1	-0.1	-1.08935
13059087	202	0.1	-0.1	5.79053
13059087	203	0.1	-0.1	4.93172
13059087	204	0.1	-0.1	-1.64047
13059087	205	0.1	-0.1	-2.05837
13059087	206	0.1	-0.1	-2.31886
13059087	207	0.1	-0.1	5.07599
13059087	208	0.1	-0.1	4.81864
13059087	209	0.1	-0.1	3.18792
13059087	210	0.1	-0.1	0.643926
13059087	211	0.1	-0.1	-5.49066
13059087	212	0.1	-0.1	4.91742
13059087	213	0.1	-0.1	-5.18237
13059087	214	0.1	-0.1	3.1117
13059087	215	0.1	-0.1	-3.57083
13059087	216	0.1	-0.1	1.09013
13059087	217	0.1	-0.1	2.6386
13059087	218	0.1	-0.1	0.256679
13059087	219	0.1	-0.1	-5.77858
13059087	220	0.1	-0.1	-5.89569
13059087	221	0.1	-0.1	-2.15547
13059087	222	0.1	-0.1	-2.21829
13059087	223	0.1	-0.1	4.04617
13059087	224	0.1	-0.1	-1.01751
13059087	225	0.1	-0.1	0.556966
13059087	226	0.1	-0.1	-3.05913
13059087	227	0.1	-0.1	-1.21828
13059087	228	0.1	-0.1	-3.19539
13059087	229	0.1	-0.1	-3.18066
13059087	230	0.1	-0.1	-1.83598
13059087	231	0.1	-0.1	0.81628
13059087	232	0.1	-0.1	-5.32571
13059087	233	0.1	-0.1	3.04057
13059087	234	0.1	-0.1	-0.223802
13059087	235	0.1	-0.1	-1.54697
13059087	236	0.1	-0.1	5.53264
13059087	237	0.1	-0.1	2.0067
13059087	238	0.1	-0.1	-3.2663
13059087	239	0.1	-0.1	5.52987
13059087	240	0.1	-0.1	-1.20132
13059087	241	0.1	-0.1	-1.44765
13059087	242	0.1	-0.1	2.25897
13059087	243	0.1	-0.1	-5.76762
13059087	244	0.1	-0.1	-4.26137
13059087	245	0.1	-0.1	-5.19952
13059087	246	0.1	-0.1	0.193842
13059087	247	0.1	-0.1	2.99286
13059087	248	0.1	-0.1	-5.38621
13059087	249	0.1	-0.1	2.26537
13059087	250	0.1	-0.1	-5.01444
13059087	251	0.1	-0.1	-4.00402
13059087	252	0.1	-0.1	5.30989
13059087	253	0.1	-0.1	-5.05832
13059087	254	0.1	-0.1	-1.23047
13059087	255	0.1	-0.1	2.78541
13059087	256	0.1	-0.1	3.92498
13059087	257	0.1	-0.1	-1.95397
13059087	258	0.1	-0.1	-1.48249
13059087	259	0.1	-0.1	-0.878114
13059087	260	0.1	-0.1	0.512765
13059087	261	0.1	-0.1	-1.37802
13059087	262	0.1	-0.1	1.52678
13059087	263	0.1	-0.1	-0.602681
13059087	264	0.1	-0.1	-3.87858
13059087	265	0.1	-0.1	-2.91526
13059087	266	0.1	-0.1	2.46896
13059087	267	0.1	-0.1	-4.59878
13059087	268	0.1	-0.1	1.41819
13059087	269	0.1	-0.1	5.25931
13059087	270	0.1	-0.1	2.19963
13059087	271	0.1	-0.1	1.08101
13059087	272	0.1	-0.1	3.02478
13059087	273	0.1	-0.1	-2.38002
13059087	274	0.1	-0.1	-3.54543
13059087	275	0.1	-0.1	3.33195
13059087	276	0.1	-0.1	4.78751
13059087	277	0.1	-0.1	-4.99455
13059087	278	0.1	-0.1	-3.72175
13059087	279	0.1	-0.1	5.50075
13059087	280	0.1	-0.1	1.53313
13059087	281	0.1	-0.1	-4.82492
13059087	282	0.1	-0.1	2.87502
13059087	283	0.1	-0.1	-1.35291
13059087	284	0.1	-0.1	-2.98431
13059087	285	0.1	-0.1	-3.97685
13059087	286	0.1	-0.1	1.64937
13059087	287	0.1	-0.1	-0.0111606
13059087	288	0.1	-0.1	2.83779
13059087	289	0.1	-0.1	0.145064
13059087	290	0.1	-0.1	0.018163
13059087	291	0.1	-0.1	-1.41087
13059087	292	0.1	-0.1	-2.16849
13059087	293	0.1	-0.1	-1.09484
13059087	294	0.1	-0.1	-3.37913
13059087	295	0.1	-0.1	-3.92526
13059087	296	0.1	-0.1	0.168253
13059087	297	0.1	-0.1	-1.39768
13059087	298	0.1	-0.1	1.8977
13059087	299	0.1	-0.1	-0.176298
13059087	300	0.1	-0.1	-3.30917
13059087	301	0.1	-0.1	-1.29932
13059087	302	0.1	-0.1	-3.01496
13059087	303	0.1	-0.1	-2.23517
13059087	304	0.1	-0.1	-5.49201
13059087	305	0.1	-0.1	5.65859
13059087	306	0.1	-0.1	2.3034
13059087	307	0.1	-0.1	1.54491
13059087	308	0.1	-0.1	1.51348
13059087	309	0.1	-0.1	4.76147
13059087	310	0.1	-0.1	2.92913
13059087	311	0.1	-0.1	-3.19508
13059087	312	0.1	-0.1	-0.782156
13059087	313	0.1	-0.1	2.97843
13059087	314	0.1	-0.1	-1.43434
13059087	315	0.1	-0.1	4.2162
13059087	316	0.1	-0.1	-5.60157
13059087	317	0.1	-0.1	-5.19101
13059087	318	0.1	-0.1	1.41316
13059087	319	0.1	-0.1	-4.73445
13059087	320	0.1	-0.1	4.91801
13059087	321	0.1	-0.1	-0.600705
13059087	322	0.1	-0.1	5.33641
13059087	323	0.1	-0.1	-2.28427
13059087	324	0.1	-0.1	3.31272
13059087	325	0.1	-0.1	-3.4916
13059087	326	0.1	-0.1	-5.21891
13059087	327	0.1	-0.1	5.0637
13059087	328	0.1	-0.1	2.94994
13059087	329	0.1	-0.1	4.92432
13059087	330	0.1	-0.1	0.106094
13059087	331	0.1	-0.1	1.07766
13059087	332	0.1	-0.1	4.56815
13059087	333	0.1	-0.1	4.98636
13059087	334	0.1	-0.1	-2.04277
13059087	335	0.1	-0.1	-1.58701
13059087	336	0.1	-0.1	5.13796
13059087	337	0.1	-0.1	2.74408
13059087	338	0.1	-0.1	0.366803
13059087	339	0.1	-0.1	1.3862
13059087	340	0.1	-0.1	-3.92008
13059087	341	0.1	-0.1	-4.59302
13059087	342	0.1	-0.1	-2.40218
13059087	343	0.1	-0.1	5.63993
13059087	344	0.1	-0.1	-1.4918
13059087	345	0.1	-0.1	2.07691
13059087	346	0.1	-0.1	4.18485
13059087	347	0.1	-0.1	3.09748
13059087	348	0.1	-0.1	3.10651
13059087	349	0.1	-0.1	1.9479
13059087	350	0.1	-0.1	0.034205
13059087	351	0.1	-0.1	1.67064
13059087	352	0.1	-0.1	3.50881
13059087	353	0.1	-0.1	-1.32957
13059087	354	0.1	-0.1	-4.02277
13059087	355	0.1	-0.1	0.638402
13059087	356	0.1	-0.1	1.95633
13059087	357	0.1	-0.1	5.27214
13059087	358	0.1	-0.1	1.9844
13059087	359	0.1	-0.1	-4.12574
13059087	360	0.1	-0.1	0.606274
13059087	361	0.1	-0.1	5.84485
13059087	362	0.1	-0.1	-2.07009
13059087	363	0.1	-0.1	3.96956
13059087	364	0.1	-0.1	-0.793644
13059087	365	0.1	-0.1	5.37097
13059087	366	0.1	-0.1	-1.70935
13059087	367	0.1	-0.1	5.96125
13059087	368	0.1	-0.1	-1.49795
13059087	369	0.1	-0.1	-4.24283
13059087	370	0.1	-0.1	-1.67931
13059087	371	0.1	-0.1	-4.64406
13059087	372	0.1	-0.1	-0.425888
13059087	373	0.1	-0.1	4.69908
13059087	374	0.1	-0.1	-1.31363
13059087	375	0.1	-0.1	-0.576326
13059087	376	0.1	-0.1	3.61203
13059087	377	0.1	-0.1	0.937401
13059087	378	0.1	-0.1	3.12506
13059087	379	0.1	-0.1	0.9056
13059087	380	0.1	-0.1	-5.77272
13059087	381	0.1	-0.1	3.52669
13059087	382	0.1	-0.1	5.2021
13059087	383	0.1	-0.1	-2.34643
13059087	384	0.1	-0.1	1.45309
13059087	385	0.1	-0.1	-2.60193
13059087	386	0.1	-0.1	-4.26761
13059087	387	0.1	-0.1	-4.4535
13059087	388	0.1	-0.1	1.43921
13059087	389	0.1	-0.1	3.37126
13059087	390	0.1	-0.1	-1.12594
13059087	391	0.1	-0.1	-5.77795
13059087	392	0.1	-0.1	-4.59363
13059087	393	0.1	-0.1	3.1407
13059087	394	0.1	-0.1	3.74288
13059087	395	0.1	-0.1	-3.98803
13059087	396	0.1	-0.1	-4.36938
13059087	397	0.1	-0.1	-4.90401
13059087	398	0.1	-0.1	0.386027
13059087	399	0.1	-0.1	1.86929
13059087	400	0.1	-0.1	1.46489
13059087	401	0.1	-0.1	-4.05222
13059087	402	0.1	-0.1	-2.74487
13059087	403	0.1	-0.1	3.64167
13059087	404	0.1	-0.1	5.47674
13059087	405	0.1	-0.1	-1.76478
13059087	406	0.1	-0.1	-5.10897
13059087	407	0.1	-0.1	-1.20151
13059087	408	0.1	-0.1	5.57141
13059087	409	0.1	-0.1	-1.3117
13059087	410	0.1	-0.1	4.11069
13059087	411	0.1	-0.1	0.687182
13059087	412	0.1	-0.1	0.663984
13059087	413	0.1	-0.1	2.25654
13059087	414	0.1	-0.1	3.54684
13059087	415	0.1	-0.1	-1.83974
13059087	416	0.1	-0.1	2.7434
13059087	417	0.1	-0.1	-5.26967
13059087	418	0.1	-0.1	-0.387176
13059087	419	0.1	-0.1	-0.0288693
13059087	420	0.1	-0.1	-4.51583
13059087	421	0.1	-0.1	1.3881
13059087	422	0.1	-0.1	4.86021
13059087	423	0.1	-0.1	2.31894
13059087	424	0.1	-0.1	-0.600962
13059087	425	0.1	-0.1	0.678258
13059087	426	0.1	-0.1	1.50182
13059087	427	0.1	-0.1	5.49959
13059087	428	0.1	-0.1	-2.64602
13059087	429	0.1	-0.1	0.641442
13059087	430	0.1	-0.1	0.531929
13059087	431	0.1	-0.1	2.70168
13059087	432	0.1	-0.1	5.08251
13059087	433	0.1	-0.1	-2.18875
13059087	434	0.1	-0.1	-1.91024
13059087	435	0.1	-0.1	5.71453
13059087	436	0.1	-0.1	-0.077254
13059087	437	0.1	-0.1	5.20161
13059087	438	0.1	-0.1	-1.55611
13059087	439	0.1	-0.1	-5.56719
13059087	440	0.1	-0.1	3.30505
13059087	441	0.1	-0.1	0.0220662
13059087	442	0.1	-0.1	-5.70472
13059087	443	0.1	-0.1	-0.754376
13059087	444	0.1	-0.1	2.68622
13059087	445	0.1	-0.1	4.17264
13059087	446	0.1	-0.1	-4.79373
13059087	447	0.1	-0.1	-4.06251
13059087	448	0.1	-0.1	-0.146157
13059087	449	0.1	-0.1	4.30211
13059087	450	0.1	-0.1	-1.05411
13059087	451	0.1	-0.1	1.99724
13059087	452	0.1	-0.1	5.30781
13059087	453	0.1	-0.1	-1.78559
13059087	454	0.1	-0.1	-0.446848
13059087	455	0.1	-0.1	-4.63987
13059087	456	0.1	-0.1	5.19254
13059087	457	0.1	-0.1	-2.60408
13059087	458	0.1	-0.1	3.15068
13059087	459	0.1	-0.1	3.89047
13059087	460	0.1	-0.1	-2.30697
13059087	461	0.1	-0.1	2.79744
13059087	462	0.1	-0.1	-3.42072
13059087	463	0.1	-0.1	-1.10359
13059087	464	0.1	-0.1	4.61051
13059087	465	0.1	-0.1	-2.58897
13059087	466	0.1	-0.1	2.28088
13059087	467	0.1	-0.1	4.9443
13059087	468	0.1	-0.1	2.88737
13059087	469	0.1	-0.1	5.27676
13059087	470	0.1	-0.1	3.67175
13059087	471	0.1	-0.1	-0.50364
13059087	472	0.1	-0.1	0.283797
13059087	473	0.1	-0.1	-5.47168
13059087	474	0.1	-0.1	-0.4068
13059087	475	0.1	-0.1	-1.13691
13059087	476	0.1	-0.1	-5.29301
13059087	477	0.1	-0.1	-3.39068
13059087	478	0.1	-0.1	2.0921
13059087	479	0.1	-0.1	-2.4723
13059087	480	0.1	-0.1	-2.18008
13059087	481	0.1	-0.1	-3.41391
13059087	482	0.1	-0.1	-5.50404
13059087	483	0.1	-0.1	5.12265
13059087	484	0.1	-0.1	2.84931
13059087	485	0.1	-0.1	5.21475
13059087	486	0.1	-0.1	5.6005
13059087	487	0.1	-0.1	-5.66583
13059087	488	0.1	-0.1	5.22752
13059087	489	0.1	-0.1	0.0709365
13059087	490	0.1	-0.1	-0.60436
13059087	491	0.1	-0.1	-3.06359
13059087	492	0.1	-0.1	-3.84908
13059087	493	0.1	-0.1	2.0762
13059087	494	0.1	-0.1	2.72667
13059087	495	0.1	-0.1	-2.90028
13059087	496	0.1	-0.1	5.80367
13059087	497	0.1	-0.1	0.334562
13059087	498	0.1	-0.1	-1.17299
13059087	499	0.1	-0.1	4.20111
13059087	500	0.1	-0.1	-0.434466
13059087	501	0.1	-0.1	2.84282
13059087	502	0.1	-0.1	2.12797
13059087	503	0.1	-0.1	0.175348
13059087	504	0.1	-0.1	1.85535
13059087	505	0.1	-0.1	-3.73619
13059087	506	0.1	-0.1	-2.543
13059087	507	0.1	-0.1	-0.182174
13059087	508	0.1	-0.1	-0.459511
13059087	509	0.1	-0.1	3.14271
13059087	510	0.1	-0.1	0.841362
13059087	511	0.1	-0.1	-2.52696
13059087	512	0.1	-0.1	2.29984
13059087	513	0.1	-0.1	-2.82288
13059087	514	0.1	-0.1	-1.0496
13059087	515	0.1	-0.1	-1.24236
13059087	516	0.1	-0.1	5.62436
13059087	517	0.1	-0.1	-0.0179678
13059087	518	0.1	-0.1	-5.52889
13059087	519	0.1	-0.1	-1.17756
13059087	520	0.1	-0.1	4.50363
13059087	521	0.1	-0.1	-1.88744
13059087	522	0.1	-0.1	-5.22298
13059087	523	0.1	-0.1	-2.33516
13059087	524	0.1	-0.1	-4.60798
13059087	525	0.1	-0.1	-2.60655
13059087	526	0.1	-0.1	0.74168
13059087	527	0.1	-0.1	-1.20611
13059087	528	0.1	-0.1	-1.64349
13059087	529	0.1	-0.1	1.80805
13059087	530	0.1	-0.1	2.90986
13059087	531	0.1	-0.1	4.12439
13059087	532	0.1	-0.1	-3.06163
13059087	533	0.1	-0.1	-1.44218
13059087	534	0.1	-0.1	-1.99536
13059087	535	0.1	-0.1	1.42986
13059087	536	0.1	-0.1	-1.75323
13059087	537	0.1	-0.1	5.5363
13059087	538	0.1	-0.1	5.88595
13059087	539	0.1	-0.1	0.836767
13059087	540	0.1	-0.1	0.489508
13059087	541	0.1	-0.1	-0.711357
13059087	542	0.1	-0.1	-5.60802
13059087	543	0.1	-0.1	-5.05889
13059087	544	0.1	-0.1	-1.01565
13059087	545	0.1	-0.1	5.93387
13059087	546	0.1	-0.1	4.27837
13059087	547	0.1	-0.1	-5.21237
13059087	548	0.1	-0.1	2.03231
13059087	549	0.1	-0.1	0.32011
13059087	550	0.1	-0.1	-5.16288
13059087	551	0.1	-0.1	1.49864
13059087	552	0.1	-0.1	0.216234
13059087	553	0.1	-0.1	3.8075
13059087	554	0.1	-0.1	3.23518
13059087	555	0.1	-0.1	3.77872
13059087	556	0.1	-0.1	-4.60097
13059087	557	0.1	-0.1	-3.76933
13059087	558	0.1	-0.1	-1.3086
13059087	559	0.1	-0.1	-5.26355
13059087	560	0.1	-0.1	4.51313
13059087	561	0.1	-0.1	1.05346
13059087	562	0.1	-0.1	-5.41764
13059087	563	0.1	-0.1	4.93435
13059087	564	0.1	-0.1	-2.57611
13059087	565	0.1	-0.1	-2.17061
13059087	566	0.1	-0.1	-0.903218
13059087	567	0.1	-0.1	-4.10919
13059087	568	0.1	-0.1	-1.80503
13059087	569	0.1	-0.1	-3.60889
13059087	570	0.1	-0.1	4.77416
13059087	571	0.1	-0.1	0.291812
13059087	572	0.1	-0.1	2.07068
13059087	573	0.1	-0.1	2.41431
13059087	574	0.1	-0.1	2.87341
13059087	575	0.1	-0.1	-1.31117
13059087	576	0.1	-0.1	0.630564
13059087	577	0.1	-0.1	-0.175317
13059087	578	0.1	-0.1	-2.09758
13059087	579	0.1	-0.1	1.31582
13059087	580	0.1	-0.1	0.459671
13059087	581	0.1	-0.1	-3.21985
13059087	582	0.1	-0.1	-2.58641
13059087	583	0.1	-0.1	3.64491
13059087	584	0.1	-0.1	4.57476
13059087	585	0.1	-0.1	3.92685
13059087	586	0.1	-0.1	-5.71382
13059087	587	0.1	-0.1	-1.05037
13059087	588	0.1	-0.1	4.28833
13059087	589	0.1	-0.1	1.45064
13059087	590	0.1	-0.1	4.42415
13059087	591	0.1	-0.1	-2.11525
13059087	592	0.1	-0.1	2.89189
13059087	593	0.1	-0.1	-5.18481
13059087	594	0.1	-0.1	3.22117
13059087	595	0.1	-0.1	3.00786
13059087	596	0.1	-0.1	3.23519
13059087	597	0.1	-0.1	-2.35109
13059087	598	0.1	-0.1	-3.39303
13059087	599	0.1	-0.1	-4.79322
13059087	600	0.1	-0.1	1.69052
13059087	601	0.1	-0.1	5.88927
13059087	602	0.1	-0.1	4.94271
13059087	603	0.1	-0.1	-5.7391
13059087	604	0.1	-0.1	1.63741
13059087	605	0.1	-0.1	2.65107
13059087	606	0.1	-0.1	1.43455
13059087	607	0.1	-0.1	4.85663
13059087	608	0.1	-0.1	-5.36189
13059087	609	0.1	-0.1	-3.26398
13059087	610	0.1	-0.1	2.82222
13059087	611	0.1	-0.1	3.17802
13059087	612	0.1	-0.1	1.7415
13059087	613	0.1	-0.1	5.45387
13059087	614	0.1	-0.1	4.89917
13059087	615	0.1	-0.1	-1.47615
13059087	616	0.1	-0.1	3.17153
13059087	617	0.1	-0.1	-4.89933
13059087	618	0.1	-0.1	-4.758
13059087	619	0.1	-0.1	1.29599
13059087	620	0.1	-0.1	-0.0380776
13059087	621	0.1	-0.1	0.438079
13059087	622	0.1	-0.1	5.28849
13059087	623	0.1	-0.1	5.56314
13059087	624	0.1	-0.1	3.26407
13059087	625	0.1	-0.1	3.68146
13059087	626	0.1	-0.1	-0.821024
13059087	627	0.1	-0.1	0.932412
13059087	628	0.1	-0.1	-1.33239
13059087	629	0.1	-0.1	-4.92039
13059087	630	0.1	-0.1	-4.41269
13059087	631	0.1	-0.1	0.149449
13059087	632	0.1	-0.1	4.89521
13059087	633	0.1	-0.1	-2.35035
13059087	634	0.1	-0.1	-3.00538
13059087	635	0.1	-0.1	-4.63237
13059087	636	0.1	-0.1	-0.0714688
13059087	637	0.1	-0.1	-3.79149
13059087	638	0.1	-0.1	3.03488
13059087	639	0.1	-0.1	-1.24714
13059087	640	0.1	-0.1	1.81604
13059087	641	0.1	-0.1	1.31215
13059087	642	0.1	-0.1	3.63135
13059087	643	0.1	-0.1	-0.270189
13059087	644	0.1	-0.1	-4.97041
13059087	645	0.1	-0.1	-5.00599
13059087	646	0.1	-0.1	0.983842
13059087	647	0.1	-0.1	-4.5942
13059087	648	0.1	-0.1	4.93473
13059087	649	0.1	-0.1	4.90433
13059087	650	0.1	-0.1	1.75227
13059087	651	0.1	-0.1	2.90632
13059087	652	0.1	-0.1	-2.71804
13059087	653	0.1	-0.1	0.255629
13059087	654	0.1	-0.1	-3.59399
13059087	655	0.1	-0.1	-0.884635
13059087	656	0.1	-0.1	-4.97525
13059087	657	0.1	-0.1	-0.0877906
13059087	658	0.1	-0.1	-0.477322
13059087	659	0.1	-0.1	-1.27808
13059087	660	0.1	-0.1	5.59888
13059087	661	0.1	-0.1	0.250792
13059087	662	0.1	-0.1	4.70466
13059087	663	0.1	-0.1	-5.27608
13059087	664	0.1	-0.1	-0.0189054
13059087	665	0.1	-0.1	2.15527
13059087	666	0.1	-0.1	-1.15476
13059087	667	0.1	-0.1	2.71647
13059087	668	0.1	-0.1	-4.31018
13059087	669	0.1	-0.1	2.83082
13059087	670	0.1	-0.1	-4.94342
13059087	671	0.1	-0.1	4.01548
13059087	672	0.1	-0.1	-5.55025
13059087	673	0.1	-0.1	-4.04161
13059087	674	0.1	-0.1	-2.55899
13059087	675	0.1	-0.1	-2.57731
13059087	676	0.1	-0.1	-2.93384
13059087	677	0.1	-0.1	-4.2389
13059087	678	0.1	-0.1	-1.66753
13059087	679	0.1	-0.1	-5.65167
13059087	680	0.1	-0.1	-1.10108
13059087	681	0.1	-0.1	-2.35983
13059087	682	0.1	-0.1	2.11259
13059087	683	0.1	-0.1	-5.11574
13059087	684	0.1	-0.1	-3.90732
13059087	685	0.1	-0.1	0.464943
13059087	686	0.1	-0.1	-0.90579
13059087	687	0.1	-0.1	-4.37284
13059087	688	0.1	-0.1	0.795939
13059087	689	0.1	-0.1	5.21805
13059087	690	0.1	-0.1	-4.93482
13059087	691	0.1	-0.1	-1.60528
13059087	692	0.1	-0.1	-5.45166
13059087	693	0.1	-0.1	-4.95292
13059087	694	0.1	-0.1	-3.73756
13059087	695	0.1	-0.1	5.08535
13059087	696	0.1	-0.1	4.48073
13059087	697	0.1	-0.1	3.66308
13059087	698	0.1	-0.1	2.24953
13059087	699	0.1	-0.1	2.48569
13059087	700	0.1	-0.1	-0.311226
13059087	701	0.1	-0.1	-0.334008
13059087	702	0.1	-0.1	0.220511
13059087	703	0.1	-0.1	-2.57591
13059087	704	0.1	-0.1	-1.85695
13059087	705	0.1	-0.1	-2.62658
13059087	706	0.1	-0.1	-3.49866
13059087	707	0.1	-0.1	0.371335
13059087	708	0.1	-0.1	1.7169
13059087	709	0.1	-0.1	2.03491
13059087	710	0.1	-0.1	2.4959
13059087	711	0.1	-0.1	-2.61469
13059087	712	0.1	-0.1	4.99059
13059087	713	0.1	-0.1	-1.45473
13059087	714	0.1	-0.1	4.8097
13059087	715	0.1	-0.1	0.779586
13059087	716	0.1	-0.1	-2.79959
13059087	717	0.1	-0.1	4.7971
13059087	718	0.1	-0.1	-4.39823
13059087	719	0.1	-0.1	3.75733
13059087	720	0.1	-0.1	3.89827
13059087	721	0.1	-0.1	0.328529
13059087	722	0.1	-0.1	-3.88986
13059087	723	0.1	-0.1	1.263
13059087	724	0.1	-0.1	5.2823
13059087	725	0.1	-0.1	-1.53428
13059087	726	0.1	-0.1	-3.1273
13059087	727	0.1	-0.1	5.92662
13059087	728	0.1	-0.1	-4.02533
13059087	729	0.1	-0.1	4.58114
13059087	730	0.1	-0.1	-5.03524
13059087	731	0.1	-0.1	5.77484
13059087	732	0.1	-0.1	1.42609
13059087	733	0.1	-0.1	-3.3844
13059087	734	0.1	-0.1	-2.65652
13059087	735	0.1	-0.1	0.961084
13059087	736	0.1	-0.1	-4.45163
13059087	737	0.1	-0.1	2.20223
13059087	738	0.1	-0.1	0.602561
13059087	739	0.1	-0.1	4.27294
13059087	740	0.1	-0.1	-5.2481
13059087	741	0.1	-0.1	-2.31214
13059087	742	0.1	-0.1	3.38841
13059087	743	0.1	-0.1	4.52011
13059087	744	0.1	-0.1	1.92448
13059087	745	0.1	-0.1	-4.0684
13059087	746	0.1	-0.1	4.77348
13059087	747	0.1	-0.1	-4.65528
13059087	748	0.1	-0.1	-3.46495
13059087	749	0.1	-0.1	2.46536
13059087	750	0.1	-0.1	-4.97373
13059087	751	0.1	-0.1	5.25246
13059087	752	0.1	-0.1	-1.46031
13059087	753	0.1	-0.1	-5.80247
13059087	754	0.1	-0.1	-4.34217
13059087	755	0.1	-0.1	4.28356
13059087	756	0.1	-0.1	-3.19577
13059087	757	0.1	-0.1	0.104283
13059087	758	0.1	-0.1	-0.85046
13059087	759	0.1	-0.1	4.89637
13059087	760	0.1	-0.1	1.20752
13059087	761	0.1	-0.1	5.92654
13059087	762	0.1	-0.1	-1.7257
13059087	763	0.1	-0.1	5.73852
13059087	764	0.1	-0.1	-4.73871
13059087	765	0.1	-0.1	5.88766
13059087	766	0.1	-0.1	3.23333
13059087	767	0.1	-0.1	3.70663
13059087	768	0.1	-0.1	0.462137
13059087	769	0.1	-0.1	-4.03229
13059087	770	0.1	-0.1	3.75809
13059087	771	0.1	-0.1	-4.40534
13059087	772	0.1	-0.1	0.631039
13059087	773	0.1	-0.1	-5.14989
13059087	774	0.1	-0.1	1.29764
13059087	775	0.1	-0.1	5.88016
13059087	776	0.1	-0.1	4.37516
13059087	777	0.1	-0.1	-3.13732
13059087	778	0.1	-0.1	1.12756
13059087	779	0.1	-0.1	3.06209
13059087	780	0.1	-0.1	5.23311
13059087	781	0.1	-0.1	1.12084
13059087	782	0.1	-0.1	-4.34296
13059087	783	0.1	-0.1	3.84792
13059087	784	0.1	-0.1	4.99034
13059087	785	0.1	-0.1	0.712178
13059087	786	0.1	-0.1	5.84813
13059087	787	0.1	-0.1	-0.0874289
13059087	788	0.1	-0.1	0.942516
13059087	789	0.1	-0.1	-1.0775
13059087	790	0.1	-0.1	1.82678
13059087	791	0.1	-0.1	5.16159
13059087	792	0.1	-0.1	1.59836
13059087	793	0.1	-0.1	5.83325
13059087	794	0.1	-0.1	3.08901
13059087	795	0.1	-0.1	1.67778
13059087	796	0.1	-0.1	-5.02741
13059087	797	0.1	-0.1	-0.0858725
13059087	798	0.1	-0.1	-5.87085
13059087	799	0.1	-0.1	3.02835
13059087	800	0.1	-0.1	3.98451
13059087	801	0.1	-0.1	-1.42406
13059087	802	0.1	-0.1	1.33874
13059087	803	0.1	-0.1	3.41356
13059087	804	0.1	-0.1	-5.46276
13059087	805	0.1	-0.1	3.64432
13059087	806	0.1	-0.1	0.273682
13059087	807	0.1	-0.1	-5.14707
13059087	808	0.1	-0.1	1.61802
13059087	809	0.1	-0.1	0.320803
13059087	810	0.1	-0.1	-0.860663
13059087	811	0.1	-0.1	0.701639
13059087	812	0.1	-0.1	4.31127
13059087	813	0.1	-0.1	-2.18356
13059087	814	0.1	-0.1	-1.50626
13059087	815	0.1	-0.1	-3.27775
13059087	816	0.1	-0.1	3.65232
13059087	817	0.1	-0.1	-2.6465
13059087	818	0.1	-0.1	2.62007
13059087	819	0.1	-0.1	-3.40674
13059087	820	0.1	-0.1	-2.96906
13059087	821	0.1	-0.1	-5.6984
13059087	822	0.1	-0.1	0.566458
13059087	823	0.1	-0.1	0.798191
13059087	824	0.1	-0.1	5.27362
13059087	825	0.1	-0.1	4.85285
13059087	826	0.1	-0.1	3.07116
13059087	827	0.1	-0.1	-0.642361
13059087	828	0.1	-0.1	4.91471
13059087	829	0.1	-0.1	1.51278
13059087	830	0.1	-0.1	3.21668
13059087	831	0.1	-0.1	4.0293
13059087	832	0.1	-0.1	2.36155
13059087	833	0.1	-0.1	-5.4723
13059087	834	0.1	-0.1	5.40194
13059087	835	0.1	-0.1	5.46061
13059087	836	0.1	-0.1	3.44672
13059087	837	0.1	-0.1	2.93598
13059087	838	0.1	-0.1	0.88595
13059087	839	0.1	-0.1	-1.30288
13059087	840	0.1	-0.1	-2.31405
13059087	841	0.1	-0.1	4.00908
13059087	842	0.1	-0.1	-5.03233
13059087	843	0.1	-0.1	-5.27068
13059087	844	0.1	-0.1	3.87576
13059087	845	0.1	-0.1	-4.41067
13059087	846	0.1	-0.1	4.10377
13059087	847	0.1	-0.1	-5.58166
13059087	848	0.1	-0.1	3.25381
13059087	849	0.1	-0.1	-1.30478
13059087	850	0.1	-0.1	0.174311
13059087	851	0.1	-0.1	5.04776
13059087	852	0.1	-0.1	-0.595135
13059087	853	0.1	-0.1	1.55544
13059087	854	0.1	-0.1	-0.151608
13059087	855	0.1	-0.1	1.55769
13059087	856	0.1	-0.1	-0.446972
13059087	857	0.1	-0.1	-0.197771
13059087	858	0.1	-0.1	5.75327
13059087	859	0.1	-0.1	1.22737
13059087	860	0.1	-0.1	2.96158
13059087	861	0.1	-0.1	5.12895
13059087	862	0.1	-0.1	-5.5418
13059087	863	0.1	-0.1	0.123447
13059087	864	0.1	-0.1	3.00001
13059087	865	0.1	-0.1	-1.20886
13059087	866	0.1	-0.1	-1.53387
13059087	867	0.1	-0.1	2.54221
13059087	868	0.1	-0.1	-4.2223
13059087	869	0.1	-0.1	5.63941
13059087	870	0.1	-0.1	1.88973
13059087	871	0.1	-0.1	-0.810606
13059087	872	0.1	-0.1	1.48871
13059087	873	0.1	-0.1	-0.541284
13059087	874	0.1	-0.1	-5.45839
13059087	875	0.1	-0.1	4.7251
13059087	876	0.1	-0.1	-0.123144
13059087	877	0.1	-0.1	-0.777014
13059087	878	0.1	-0.1	-0.912891
13059087	879	0.1	-0.1	-5.78992
13059087	880	0.1	-0.1	3.7765
13059087	881	0.1	-0.1	-1.13881
13059087	882	0.1	-0.1	3.22003
13059087	883	0.1	-0.1	2.13299
13059087	884	0.1	-0.1	1.88714
13059087	885	0.1	-0.1	5.25403
13059087	886	0.1	-0.1	-1.2596
13059087	887	0.1	-0.1	-4.53692
13059087	888	0.1	-0.1	2.04629
13059087	889	0.1	-0.1	-3.25648
13059087	890	0.1	-0.1	-3.33149
13059087	891	0.1	-0.1	-3.07493
13059087	892	0.1	-0.1	0.000162335
13059087	893	0.1	-0.1	3.55095
13059087	894	0.1	-0.1	-2.81633
13059087	895	0.1	-0.1	4.59448
13059087	896	0.1	-0.1	-1.5455
13059087	897	0.1	-0.1	-4.00496
13059087	898	0.1	-0.1	0.771938
13059087	899	0.1	-0.1	3.10205
13059087	900	0.1	-0.1	-1.68509
13059087	901	0.1	-0.1	3.10566
13059087	902	0.1	-0.1	-1.54842
13059087	903	0.1	-0.1	4.78406
13059087	904	0.1	-0.1	-1.22633
13059087	905	0.1	-0.1	2.81192
13059087	906	0.1	-0.1	-1.87848
13059087	907	0.1	-0.1	-3.55322
13059087	908	0.1	-0.1	3.3288
13059087	909	0.1	-0.1	-2.24777
13059087	910	0.1	-0.1	-2.40074
13059087	911	0.1	-0.1	-2.34682
13059087	912	0.1	-0.1	5.23021
13059087	913	0.1	-0.1	0.06462
13059087	914	0.1	-0.1	5.24312
13059087	915	0.1	-0.1	-2.85846
13059087	916	0.1	-0.1	-0.160615
13059087	917	0.1	-0.1	5.92615
13059087	918	0.1	-0.1	5.70915
13059087	919	0.1	-0.1	-1.3588
13059087	920	0.1	-0.1	5.18098
13059087	921	0.1	-0.1	-0.837408
13059087	922	0.1	-0.1	-4.34633
13059087	923	0.1	-0.1	0.158124
13059087	924	0.1	-0.1	4.8928
13059087	925	0.1	-0.1	-4.7253
13059087	926	0.1	-0.1	-1.37941
13059087	927	0.1	-0.1	-1.13444
13059087	928	0.1	-0.1	0.539213
13059087	929	0.1	-0.1	1.54668
13059087	930	0.1	-0.1	5.61537
13059087	931	0.1	-0.1	2.41315
13059087	932	0.1	-0.1	5.45017
13059087	933	0.1	-0.1	3.57487
13059087	934	0.1	-0.1	2.0776
13059087	935	0.1	-0.1	-5.63228
13059087	936	0.1	-0.1	-0.147781
13059087	937	0.1	-0.1	-3.96994
13059087	938	0.1	-0.1	3.57294
13059087	939	0.1	-0.1	3.52779
13059087	940	0.1	-0.1	-0.950461
13059087	941	0.1	-0.1	-4.37207
13059087	942	0.1	-0.1	-1.2427
13059087	943	0.1	-0.1	-3.93488
13059087	944	0.1	-0.1	-3.66213
13059087	945	0.1	-0.1	-2.84617
13059087	946	0.1	-0.1	3.7263
13059087	947	0.1	-0.1	2.67658
13059087	948	0.1	-0.1	4.94326
13059087	949	0.1	-0.1	4.5801
13059087	950	0.1	-0.1	1.30518
13059087	951	0.1	-0.1	-4.66563
13059087	952	0.1	-0.1	-1.58503
13059087	953	0.1	-0.1	-5.38156
13059087	954	0.1	-0.1	3.75217
13059087	955	0.1	-0.1	2.71474
13059087	956	0.1	-0.1	-1.19121
13059087	957	0.1	-0.1	-3.92393
13059087	958	0.1	-0.1	0.422246
13059087	959	0.1	-0.1	1.93796
13059087	960	0.1	-0.1	5.14876
13059087	961	0.1	-0.1	-5.80952
13059087	962	0.1	-0.1	-4.25828
13059087	963	0.1	-0.1	0.686437
13059087	964	0.1	-0.1	5.11446
13059087	965	0.1	-0.1	4.17304
13059087	966	0.1	-0.1	1.28801
13059087	967	0.1	-0.1	-1.96282
13059087	968	0.1	-0.1	-5.86572
13059087	969	0.1	-0.1	5.016
13059087	970	0.1	-0.1	-4.5374
13059087	971	0.1	-0.1	3.07461
13059087	972	0.1	-0.1	0.900593
13059087	973	0.1	-0.1	-0.0685986
13059087	974	0.1	-0.1	-2.12746
13059087	975	0.1	-0.1	-5.03857
13059087	976	0.1	-0.1	1.06445
13059087	977	0.1	-0.1	2.71199
13059087	978	0.1	-0.1	-5.25477
13059087	979	0.1	-0.1	5.4683
13059087	980	0.1	-0.1	-1.74182
13059087	981	0.1	-0.1	-2.16329
13059087	982	0.1	-0.1	-4.02494
13059087	983	0.1	-0.1	1.53882
13059087	984	0.1	-0.1	-4.0409
13059087	985	0.1	-0.1	-0.198409
13059087	986	0.1	-0.1	-2.09865
13059087	987	0.1	-0.1	-3.15311
13059087	988	0.1	-0.1	1.93707
13059087	989	0.1	-0.1	-0.588385
13059087	990	0.1	-0.1	-0.96551
13059087	991	0.1	-0.1	4.8663
13059087	992	0.1	-0.1	1.6132
13059087	993	0.1	-0.1	3.35309
13059087	994	0.1	-0.1	-1.86848
13059087	995	0.1	-0.1	-1.83268
13059087	996	0.1	-0.1	-5.99217
13059087	997	0.1	-0.1	2.26765
13059087	998	0.1	-0.1	1.31476
13059087	999	0.1	-0.1	-4.35477
13059087	1000	0.1	-0.1	5.44046
