13056034	1	0.1	-0.1	0.0181744
13056034	2	0.1	-0.1	4.06116
13056034	3	0.1	-0.1	-5.1117
13056034	4	0.1	-0.1	2.28319
13056034	5	0.1	-0.1	-3.3155
13056034	6	0.1	-0.1	3.52958
13056034	7	0.1	-0.1	-4.39539
13056034	8	0.1	-0.1	5.29858
13056034	9	0.1	-0.1	3.82459
13056034	10	0.1	-0.1	-2.13806
13056034	11	0.1	-0.1	1.47259
13056034	12	0.1	-0.1	1.3136
13056034	13	0.1	-0.1	-4.23755
13056034	14	0.1	-0.1	-3.88991
13056034	15	0.1	-0.1	-0.313069
13056034	16	0.1	-0.1	5.76914
13056034	17	0.1	-0.1	-5.16094
13056034	18	0.1	-0.1	5.86074
13056034	19	0.1	-0.1	-0.305054
13056034	20	0.1	-0.1	4.01915
13056034	21	0.1	-0.1	5.68658
13056034	22	0.1	-0.1	-1.98457
13056034	23	0.1	-0.1	3.93286
13056034	24	0.1	-0.1	-0.851544
13056034	25	0.1	-0.1	-0.4173
13056034	26	0.1	-0.1	-0.874454
13056034	27	0.1	-0.1	1.33913
13056034	28	0.1	-0.1	-2.76132
13056034	29	0.1	-0.1	0.438809
13056034	30	0.1	-0.1	2.63617
13056034	31	0.1	-0.1	-0.652887
13056034	32	0.1	-0.1	2.39853
13056034	33	0.1	-0.1	-0.887906
13056034	34	0.1	-0.1	5.75591
13056034	35	0.1	-0.1	2.75493
13056034	36	0.1	-0.1	-2.05963
13056034	37	0.1	-0.1	4.51382
13056034	38	0.1	-0.1	-5.56427
13056034	39	0.1	-0.1	2.66533
13056034	40	0.1	-0.1	-5.79294
13056034	41	0.1	-0.1	-1.6242
13056034	42	0.1	-0.1	0.474817
13056034	43	0.1	-0.1	-1.91781
13056034	44	0.1	-0.1	2.09014
13056034	45	0.1	-0.1	-0.451242
13056034	46	0.1	-0.1	-1.30011
13056034	47	0.1	-0.1	0.344177
13056034	48	0.1	-0.1	1.12148
13056034	49	0.1	-0.1	0.325675
13056034	50	0.1	-0.1	0.981838
13056034	51	0.1	-0.1	-5.91584
13056034	52	0.1	-0.1	-5.16425
13056034	53	0.1	-0.1	-0.940051
13056034	54	0.1	-0.1	-0.452385
13056034	55	0.1	-0.1	4.69934
13056034	56	0.1	-0.1	1.02024
13056034	57	0.1	-0.1	-1.02868
13056034	58	0.1	-0.1	5.64646
13056034	59	0.1	-0.1	2.43088
13056034	60	0.1	-0.1	-5.00225
13056034	61	0.1	-0.1	1.50161
13056034	62	0.1	-0.1	-3.90366
13056034	63	0.1	-0.1	5.19468
13056034	64	0.1	-0.1	-1.52338
13056034	65	0.1	-0.1	1.74444
13056034	66	0.1	-0.1	0.241527
13056034	67	0.1	-0.1	-2.82383
13056034	68	0.1	-0.1	-3.95606
13056034	69	0.1	-0.1	1.461
13056034	70	0.1	-0.1	0.591726
13056034	71	0.1	-0.1	-2.55851
13056034	72	0.1	-0.1	4.37505
13056034	73	0.1	-0.1	-3.3363
13056034	74	0.1	-0.1	-4.25517
13056034	75	0.1	-0.1	-0.157027
13056034	76	0.1	-0.1	-5.8243
13056034	77	0.1	-0.1	0.764153
13056034	78	0.1	-0.1	4.18465
13056034	79	0.1	-0.1	4.18133
13056034	80	0.1	-0.1	4.25213
13056034	81	0.1	-0.1	-2.28693
13056034	82	0.1	-0.1	-5.12288
13056034	83	0.1	-0.1	-2.57711
13056034	84	0.1	-0.1	2.24501
13056034	85	0.1	-0.1	1.6671
13056034	86	0.1	-0.1	1.33006
13056034	87	0.1	-0.1	3.44151
13056034	88	0.1	-0.1	5.16333
13056034	89	0.1	-0.1	4.68006
13056034	90	0.1	-0.1	-3.53412
13056034	91	0.1	-0.1	3.58459
13056034	92	0.1	-0.1	1.73001
13056034	93	0.1	-0.1	0.101739
13056034	94	0.1	-0.1	-2.03763
13056034	95	0.1	-0.1	4.33953
13056034	96	0.1	-0.1	4.72939
13056034	97	0.1	-0.1	-3.32574
13056034	98	0.1	-0.1	-3.08174
13056034	99	0.1	-0.1	1.58512
13056034	100	0.1	-0.1	4.59401
13056034	101	0.1	-0.1	-5.20967
13056034	102	0.1	-0.1	2.0549
13056034	103	0.1	-0.1	-5.82635
13056034	104	0.1	-0.1	-0.418232
13056034	105	0.1	-0.1	3.44716
13056034	106	0.1	-0.1	4.52055
13056034	107	0.1	-0.1	4.07465
13056034	108	0.1	-0.1	5.19756
13056034	109	0.1	-0.1	2.39803
13056034	110	0.1	-0.1	-4.11089
13056034	111	0.1	-0.1	-5.39235
13056034	112	0.1	-0.1	-4.42618
13056034	113	0.1	-0.1	3.10098
13056034	114	0.1	-0.1	-4.42298
13056034	115	0.1	-0.1	-5.09108
13056034	116	0.1	-0.1	3.77543
13056034	117	0.1	-0.1	4.45074
13056034	118	0.1	-0.1	-1.62011
13056034	119	0.1	-0.1	-0.77731
13056034	120	0.1	-0.1	-5.32868
13056034	121	0.1	-0.1	4.17402
13056034	122	0.1	-0.1	-2.62022
13056034	123	0.1	-0.1	4.26921
13056034	124	0.1	-0.1	1.07078
13056034	125	0.1	-0.1	-0.0832105
13056034	126	0.1	-0.1	4.66009
13056034	127	0.1	-0.1	-3.45584
13056034	128	0.1	-0.1	-5.15229
13056034	129	0.1	-0.1	3.93325
13056034	130	0.1	-0.1	5.05531
13056034	131	0.1	-0.1	-0.734059
13056034	132	0.1	-0.1	-1.45299
13056034	133	0.1	-0.1	-4.84767
13056034	134	0.1	-0.1	-4.36666
13056034	135	0.1	-0.1	4.57778
13056034	136	0.1	-0.1	-4.17388
13056034	137	0.1	-0.1	-4.35716
13056034	138	0.1	-0.1	4.60694
13056034	139	0.1	-0.1	3.61078
13056034	140	0.1	-0.1	3.96032
13056034	141	0.1	-0.1	-3.07155
13056034	142	0.1	-0.1	1.30564
13056034	143	0.1	-0.1	2.54666
13056034	144	0.1	-0.1	5.58321
13056034	145	0.1	-0.1	5.86303
13056034	146	0.1	-0.1	1.14739
13056034	147	0.1	-0.1	-1.03754
13056034	148	0.1	-0.1	-1.88311
13056034	149	0.1	-0.1	3.6819
13056034	150	0.1	-0.1	-5.00745
13056034	151	0.1	-0.1	-1.85595
13056034	152	0.1	-0.1	4.71768
13056034	153	0.1	-0.1	-0.830567
13056034	154	0.1	-0.1	4.09645
13056034	155	0.1	-0.1	-0.821025
13056034	156	0.1	-0.1	5.65737
13056034	157	0.1	-0.1	-5.72829
13056034	158	0.1	-0.1	-1.64081
13056034	159	0.1	-0.1	-5.57011
13056034	160	0.1	-0.1	-5.82577
13056034	161	0.1	-0.1	-4.47457
13056034	162	0.1	-0.1	3.88248
13056034	163	0.1	-0.1	-5.88544
13056034	164	0.1	-0.1	-2.74567
13056034	165	0.1	-0.1	4.96097
13056034	166	0.1	-0.1	-2.7806
13056034	167	0.1	-0.1	4.8753
13056034	168	0.1	-0.1	-0.509471
13056034	169	0.1	-0.1	3.42435
13056034	170	0.1	-0.1	-2.85627
13056034	171	0.1	-0.1	0.435764
13056034	172	0.1	-0.1	-3.3586
13056034	173	0.1	-0.1	-4.05677
13056034	174	0.1	-0.1	1.24068
13056034	175	0.1	-0.1	0.461094
13056034	176	0.1	-0.1	3.55422
13056034	177	0.1	-0.1	-5.1342
13056034	178	0.1	-0.1	-1.80306
13056034	179	0.1	-0.1	3.83984
13056034	180	0.1	-0.1	-5.95341
13056034	181	0.1	-0.1	5.32449
13056034	182	0.1	-0.1	5.10858
13056034	183	0.1	-0.1	-1.34
13056034	184	0.1	-0.1	0.556882
13056034	185	0.1	-0.1	0.912406
13056034	186	0.1	-0.1	5.95546
13056034	187	0.1	-0.1	3.57856
13056034	188	0.1	-0.1	-2.46655
13056034	189	0.1	-0.1	0.804209
13056034	190	0.1	-0.1	5.28057
13056034	191	0.1	-0.1	1.80864
13056034	192	0.1	-0.1	-3.5831
13056034	193	0.1	-0.1	2.33692
13056034	194	0.1	-0.1	4.22935
13056034	195	0.1	-0.1	2.86917
13056034	196	0.1	-0.1	-0.0942915
13056034	197	0.1	-0.1	-0.430677
13056034	198	0.1	-0.1	1.72906
13056034	199	0.1	-0.1	3.11136
13056034	200	0.1	-0.1	1.70057
13056034	201	0.1	-0.1	-0.300868
13056034	202	0.1	-0.1	-1.12497
13056034	203	0.1	-0.1	-5.52586
13056034	204	0.1	-0.1	-5.2011
13056034	205	0.1	-0.1	0.952958
13056034	206	0.1	-0.1	-0.921922
13056034	207	0.1	-0.1	1.83259
13056034	208	0.1	-0.1	-5.87101
13056034	209	0.1	-0.1	1.54401
13056034	210	0.1	-0.1	-5.28006
13056034	211	0.1	-0.1	2.74995
13056034	212	0.1	-0.1	-1.9638
13056034	213	0.1	-0.1	0.616283
13056034	214	0.1	-0.1	3.01408
13056034	215	0.1	-0.1	5.19706
13056034	216	0.1	-0.1	-1.64249
13056034	217	0.1	-0.1	-1.52899
13056034	218	0.1	-0.1	-0.769595
13056034	219	0.1	-0.1	2.75193
13056034	220	0.1	-0.1	-3.09926
13056034	221	0.1	-0.1	-5.02675
13056034	222	0.1	-0.1	-3.88424
13056034	223	0.1	-0.1	-0.0125336
13056034	224	0.1	-0.1	2.82453
13056034	225	0.1	-0.1	-4.03844
13056034	226	0.1	-0.1	-1.77515
13056034	227	0.1	-0.1	4.06143
13056034	228	0.1	-0.1	-1.01612
13056034	229	0.1	-0.1	0.886287
13056034	230	0.1	-0.1	3.4642
13056034	231	0.1	-0.1	-4.94068
13056034	232	0.1	-0.1	-3.32393
13056034	233	0.1	-0.1	-3.40017
13056034	234	0.1	-0.1	-3.06005
13056034	235	0.1	-0.1	-5.63405
13056034	236	0.1	-0.1	-4.11333
13056034	237	0.1	-0.1	-1.28782
13056034	238	0.1	-0.1	-0.374428
13056034	239	0.1	-0.1	-1.37787
13056034	240	0.1	-0.1	0.675943
13056034	241	0.1	-0.1	-4.06234
13056034	242	0.1	-0.1	3.2667
13056034	243	0.1	-0.1	0.0534267
13056034	244	0.1	-0.1	-2.05238
13056034	245	0.1	-0.1	-0.233181
13056034	246	0.1	-0.1	5.09805
13056034	247	0.1	-0.1	-1.55307
13056034	248	0.1	-0.1	3.63463
13056034	249	0.1	-0.1	3.49245
13056034	250	0.1	-0.1	3.59643
13056034	251	0.1	-0.1	5.19408
13056034	252	0.1	-0.1	-3.77617
13056034	253	0.1	-0.1	4.55647
13056034	254	0.1	-0.1	1.99348
13056034	255	0.1	-0.1	-4.21876
13056034	256	0.1	-0.1	5.80354
13056034	257	0.1	-0.1	3.12608
13056034	258	0.1	-0.1	3.74399
13056034	259	0.1	-0.1	-3.90993
13056034	260	0.1	-0.1	2.95973
13056034	261	0.1	-0.1	4.80801
13056034	262	0.1	-0.1	-5.69102
13056034	263	0.1	-0.1	2.08663
13056034	264	0.1	-0.1	5.33742
13056034	265	0.1	-0.1	-5.31154
13056034	266	0.1	-0.1	-5.73102
13056034	267	0.1	-0.1	-3.18535
13056034	268	0.1	-0.1	5.69259
13056034	269	0.1	-0.1	-4.8121
13056034	270	0.1	-0.1	-5.34258
13056034	271	0.1	-0.1	4.57475
13056034	272	0.1	-0.1	-2.42421
13056034	273	0.1	-0.1	-1.32627
13056034	274	0.1	-0.1	0.510116
13056034	275	0.1	-0.1	1.43346
13056034	276	0.1	-0.1	0.184038
13056034	277	0.1	-0.1	-3.96149
13056034	278	0.1	-0.1	-1.80628
13056034	279	0.1	-0.1	5.68715
13056034	280	0.1	-0.1	-1.10121
13056034	281	0.1	-0.1	-3.4355
13056034	282	0.1	-0.1	3.77187
13056034	283	0.1	-0.1	-0.866708
13056034	284	0.1	-0.1	0.412376
13056034	285	0.1	-0.1	5.42944
13056034	286	0.1	-0.1	2.64057
13056034	287	0.1	-0.1	0.3514
13056034	288	0.1	-0.1	-5.1903
13056034	289	0.1	-0.1	-4.60153
13056034	290	0.1	-0.1	5.74047
13056034	291	0.1	-0.1	5.30916
13056034	292	0.1	-0.1	-5.45258
13056034	293	0.1	-0.1	-2.48063
13056034	294	0.1	-0.1	-5.24289
13056034	295	0.1	-0.1	-2.33608
13056034	296	0.1	-0.1	3.31328
13056034	297	0.1	-0.1	0.473461
13056034	298	0.1	-0.1	-1.3936
13056034	299	0.1	-0.1	5.74448
13056034	300	0.1	-0.1	4.46718
13056034	301	0.1	-0.1	-1.94395
13056034	302	0.1	-0.1	-0.254016
13056034	303	0.1	-0.1	-2.77029
13056034	304	0.1	-0.1	4.95698
13056034	305	0.1	-0.1	-4.86608
13056034	306	0.1	-0.1	4.6558
13056034	307	0.1	-0.1	0.600402
13056034	308	0.1	-0.1	2.97563
13056034	309	0.1	-0.1	-2.53369
13056034	310	0.1	-0.1	-3.97048
13056034	311	0.1	-0.1	1.70118
13056034	312	0.1	-0.1	1.77359
13056034	313	0.1	-0.1	3.38612
13056034	314	0.1	-0.1	-4.98613
13056034	315	0.1	-0.1	4.05114
13056034	316	0.1	-0.1	2.80655
13056034	317	0.1	-0.1	0.757598
13056034	318	0.1	-0.1	-2.71637
13056034	319	0.1	-0.1	4.60415
13056034	320	0.1	-0.1	-1.87723
13056034	321	0.1	-0.1	-1.28721
13056034	322	0.1	-0.1	-0.577948
13056034	323	0.1	-0.1	5.35222
13056034	324	0.1	-0.1	-3.89908
13056034	325	0.1	-0.1	-4.39439
13056034	326	0.1	-0.1	-0.703823
13056034	327	0.1	-0.1	5.74918
13056034	328	0.1	-0.1	2.30712
13056034	329	0.1	-0.1	-3.40107
13056034	330	0.1	-0.1	0.251384
13056034	331	0.1	-0.1	-2.79833
13056034	332	0.1	-0.1	-1.42079
13056034	333	0.1	-0.1	2.87547
13056034	334	0.1	-0.1	4.79328
13056034	335	0.1	-0.1	-3.65059
13056034	336	0.1	-0.1	0.604963
13056034	337	0.1	-0.1	-5.80453
13056034	338	0.1	-0.1	4.29554
13056034	339	0.1	-0.1	3.29258
13056034	340	0.1	-0.1	-2.12354
13056034	341	0.1	-0.1	4.26534
13056034	342	0.1	-0.1	-5.60998
13056034	343	0.1	-0.1	-5.38695
13056034	344	0.1	-0.1	5.30812
13056034	345	0.1	-0.1	2.33477
13056034	346	0.1	-0.1	-3.22847
13056034	347	0.1	-0.1	0.269063
13056034	348	0.1	-0.1	-3.42304
13056034	349	0.1	-0.1	4.56198
13056034	350	0.1	-0.1	-3.60612
13056034	351	0.1	-0.1	3.69905
13056034	352	0.1	-0.1	4.96901
13056034	353	0.1	-0.1	-4.25601
13056034	354	0.1	-0.1	-2.64809
13056034	355	0.1	-0.1	4.43753
13056034	356	0.1	-0.1	5.78791
13056034	357	0.1	-0.1	1.1554
13056034	358	0.1	-0.1	-2.95262
13056034	359	0.1	-0.1	-1.44143
13056034	360	0.1	-0.1	-0.939038
13056034	361	0.1	-0.1	-2.2546
13056034	362	0.1	-0.1	-4.96515
13056034	363	0.1	-0.1	3.48902
13056034	364	0.1	-0.1	0.0183555
13056034	365	0.1	-0.1	3.83849
13056034	366	0.1	-0.1	-3.32275
13056034	367	0.1	-0.1	-1.46205
13056034	368	0.1	-0.1	-0.0724423
13056034	369	0.1	-0.1	5.38486
13056034	370	0.1	-0.1	-1.44653
13056034	371	0.1	-0.1	-1.14424
13056034	372	0.1	-0.1	1.21753
13056034	373	0.1	-0.1	3.68
13056034	374	0.1	-0.1	-3.34684
13056034	375	0.1	-0.1	5.29696
13056034	376	0.1	-0.1	4.36086
13056034	377	0.1	-0.1	-1.38222
13056034	378	0.1	-0.1	4.87921
13056034	379	0.1	-0.1	5.60382
13056034	380	0.1	-0.1	-4.70474
13056034	381	0.1	-0.1	5.79639
13056034	382	0.1	-0.1	0.42219
13056034	383	0.1	-0.1	-3.60439
13056034	384	0.1	-0.1	3.18463
13056034	385	0.1	-0.1	2.93149
13056034	386	0.1	-0.1	-5.34615
13056034	387	0.1	-0.1	-3.70532
13056034	388	0.1	-0.1	-0.12735
13056034	389	0.1	-0.1	-2.07704
13056034	390	0.1	-0.1	4.91936
13056034	391	0.1	-0.1	0.110729
13056034	392	0.1	-0.1	-3.50566
13056034	393	0.1	-0.1	1.34566
13056034	394	0.1	-0.1	-5.46915
13056034	395	0.1	-0.1	2.70137
13056034	396	0.1	-0.1	0.0608638
13056034	397	0.1	-0.1	-5.11505
13056034	398	0.1	-0.1	-4.83603
13056034	399	0.1	-0.1	1.22693
13056034	400	0.1	-0.1	0.321859
13056034	401	0.1	-0.1	4.40937
13056034	402	0.1	-0.1	-1.29521
13056034	403	0.1	-0.1	-0.219685
13056034	404	0.1	-0.1	3.94988
13056034	405	0.1	-0.1	-0.314043
13056034	406	0.1	-0.1	-0.0949236
13056034	407	0.1	-0.1	5.39325
13056034	408	0.1	-0.1	-5.23994
13056034	409	0.1	-0.1	-2.59983
13056034	410	0.1	-0.1	1.6829
13056034	411	0.1	-0.1	1.13748
13056034	412	0.1	-0.1	-3.0782
13056034	413	0.1	-0.1	-3.27576
13056034	414	0.1	-0.1	-4.89187
13056034	415	0.1	-0.1	-3.15252
13056034	416	0.1	-0.1	3.28216
13056034	417	0.1	-0.1	3.05115
13056034	418	0.1	-0.1	2.6801
13056034	419	0.1	-0.1	-0.0767248
13056034	420	0.1	-0.1	-5.66468
13056034	421	0.1	-0.1	4.44887
13056034	422	0.1	-0.1	-5.7931
13056034	423	0.1	-0.1	-0.849042
13056034	424	0.1	-0.1	-5.21016
13056034	425	0.1	-0.1	0.732037
13056034	426	0.1	-0.1	2.47196
13056034	427	0.1	-0.1	2.85881
13056034	428	0.1	-0.1	0.863744
13056034	429	0.1	-0.1	3.41915
13056034	430	0.1	-0.1	0.887292
13056034	431	0.1	-0.1	-0.890086
13056034	432	0.1	-0.1	-5.51622
13056034	433	0.1	-0.1	-4.92968
13056034	434	0.1	-0.1	0.346204
13056034	435	0.1	-0.1	-4.82523
13056034	436	0.1	-0.1	5.88977
13056034	437	0.1	-0.1	3.37021
13056034	438	0.1	-0.1	-0.762692
13056034	439	0.1	-0.1	-0.490517
13056034	440	0.1	-0.1	0.33694
13056034	441	0.1	-0.1	-4.22079
13056034	442	0.1	-0.1	-1.11859
13056034	443	0.1	-0.1	5.62613
13056034	444	0.1	-0.1	-5.35744
13056034	445	0.1	-0.1	5.16928
13056034	446	0.1	-0.1	-5.6776
13056034	447	0.1	-0.1	-4.4941
13056034	448	0.1	-0.1	5.49119
13056034	449	0.1	-0.1	-1.80848
13056034	450	0.1	-0.1	2.31698
13056034	451	0.1	-0.1	4.3971
13056034	452	0.1	-0.1	5.89343
13056034	453	0.1	-0.1	0.994317
13056034	454	0.1	-0.1	-2.74069
13056034	455	0.1	-0.1	1.79325
13056034	456	0.1	-0.1	-2.93533
13056034	457	0.1	-0.1	1.79589
13056034	458	0.1	-0.1	3.40695
13056034	459	0.1	-0.1	-5.80828
13056034	460	0.1	-0.1	5.46872
13056034	461	0.1	-0.1	0.757291
13056034	462	0.1	-0.1	0.25533
13056034	463	0.1	-0.1	3.6223
13056034	464	0.1	-0.1	5.83484
13056034	465	0.1	-0.1	0.716862
13056034	466	0.1	-0.1	5.92316
13056034	467	0.1	-0.1	-1.2041
13056034	468	0.1	-0.1	0.618459
13056034	469	0.1	-0.1	3.81613
13056034	470	0.1	-0.1	1.17743
13056034	471	0.1	-0.1	-0.944728
13056034	472	0.1	-0.1	1.02408
13056034	473	0.1	-0.1	4.48711
13056034	474	0.1	-0.1	-3.82687
13056034	475	0.1	-0.1	3.80345
13056034	476	0.1	-0.1	5.54533
13056034	477	0.1	-0.1	-5.66452
13056034	478	0.1	-0.1	-2.58542
13056034	479	0.1	-0.1	0.413389
13056034	480	0.1	-0.1	3.36129
13056034	481	0.1	-0.1	4.86404
13056034	482	0.1	-0.1	-5.56259
13056034	483	0.1	-0.1	2.75802
13056034	484	0.1	-0.1	-2.87781
13056034	485	0.1	-0.1	2.40695
13056034	486	0.1	-0.1	3.38444
13056034	487	0.1	-0.1	2.07745
13056034	488	0.1	-0.1	0.0637547
13056034	489	0.1	-0.1	5.42296
13056034	490	0.1	-0.1	0.395536
13056034	491	0.1	-0.1	-4.88274
13056034	492	0.1	-0.1	-2.57344
13056034	493	0.1	-0.1	-5.51283
13056034	494	0.1	-0.1	1.11394
13056034	495	0.1	-0.1	-1.14078
13056034	496	0.1	-0.1	-2.53458
13056034	497	0.1	-0.1	2.9937
13056034	498	0.1	-0.1	0.579487
13056034	499	0.1	-0.1	-4.4353
13056034	500	0.1	-0.1	-2.72556
13056034	501	0.1	-0.1	-2.07609
13056034	502	0.1	-0.1	-1.52299
13056034	503	0.1	-0.1	4.78959
13056034	504	0.1	-0.1	-3.95157
13056034	505	0.1	-0.1	-4.28903
13056034	506	0.1	-0.1	5.54993
13056034	507	0.1	-0.1	2.61992
13056034	508	0.1	-0.1	1.39013
13056034	509	0.1	-0.1	0.0767158
13056034	510	0.1	-0.1	-1.67462
13056034	511	0.1	-0.1	-2.21876
13056034	512	0.1	-0.1	0.217133
13056034	513	0.1	-0.1	-3.30461
13056034	514	0.1	-0.1	4.33328
13056034	515	0.1	-0.1	5.00786
13056034	516	0.1	-0.1	-3.45169
13056034	517	0.1	-0.1	-2.94516
13056034	518	0.1	-0.1	5.33355
13056034	519	0.1	-0.1	-4.57853
13056034	520	0.1	-0.1	-2.21963
13056034	521	0.1	-0.1	2.02306
13056034	522	0.1	-0.1	-5.08927
13056034	523	0.1	-0.1	4.44249
13056034	524	0.1	-0.1	3.69661
13056034	525	0.1	-0.1	-0.808536
13056034	526	0.1	-0.1	-0.854048
13056034	527	0.1	-0.1	-1.98913
13056034	528	0.1	-0.1	1.58852
13056034	529	0.1	-0.1	3.76775
13056034	530	0.1	-0.1	-1.37021
13056034	531	0.1	-0.1	-2.39213
13056034	532	0.1	-0.1	-5.92942
13056034	533	0.1	-0.1	3.07157
13056034	534	0.1	-0.1	4.24628
13056034	535	0.1	-0.1	4.84679
13056034	536	0.1	-0.1	2.65341
13056034	537	0.1	-0.1	3.82759
13056034	538	0.1	-0.1	4.40264
13056034	539	0.1	-0.1	3.43781
13056034	540	0.1	-0.1	-2.54594
13056034	541	0.1	-0.1	-4.65904
13056034	542	0.1	-0.1	4.03004
13056034	543	0.1	-0.1	2.00256
13056034	544	0.1	-0.1	-3.2071
13056034	545	0.1	-0.1	-3.16535
13056034	546	0.1	-0.1	-1.82564
13056034	547	0.1	-0.1	2.23529
13056034	548	0.1	-0.1	2.32443
13056034	549	0.1	-0.1	1.32375
13056034	550	0.1	-0.1	-3.64598
13056034	551	0.1	-0.1	5.36866
13056034	552	0.1	-0.1	4.03573
13056034	553	0.1	-0.1	-3.84304
13056034	554	0.1	-0.1	-5.46546
13056034	555	0.1	-0.1	-5.54637
13056034	556	0.1	-0.1	-0.0903085
13056034	557	0.1	-0.1	2.90336
13056034	558	0.1	-0.1	4.50159
13056034	559	0.1	-0.1	-4.79986
13056034	560	0.1	-0.1	-2.07572
13056034	561	0.1	-0.1	1.92177
13056034	562	0.1	-0.1	-4.46016
13056034	563	0.1	-0.1	-2.67878
13056034	564	0.1	-0.1	1.13851
13056034	565	0.1	-0.1	-5.6051
13056034	566	0.1	-0.1	0.130306
13056034	567	0.1	-0.1	-1.95907
13056034	568	0.1	-0.1	-4.24339
13056034	569	0.1	-0.1	3.82806
13056034	570	0.1	-0.1	4.16052
13056034	571	0.1	-0.1	5.00411
13056034	572	0.1	-0.1	-1.03685
13056034	573	0.1	-0.1	2.82024
13056034	574	0.1	-0.1	2.48161
13056034	575	0.1	-0.1	4.37446
13056034	576	0.1	-0.1	-2.73994
13056034	577	0.1	-0.1	-5.17331
13056034	578	0.1	-0.1	0.783074
13056034	579	0.1	-0.1	1.11147
13056034	580	0.1	-0.1	-3.90413
13056034	581	0.1	-0.1	4.91087
13056034	582	0.1	-0.1	-1.1731
13056034	583	0.1	-0.1	-0.547572
13056034	584	0.1	-0.1	4.74064
13056034	585	0.1	-0.1	-2.56297
13056034	586	0.1	-0.1	0.302994
13056034	587	0.1	-0.1	3.41865
13056034	588	0.1	-0.1	-0.936344
13056034	589	0.1	-0.1	4.01372
13056034	590	0.1	-0.1	-5.99257
13056034	591	0.1	-0.1	5.74341
13056034	592	0.1	-0.1	5.70814
13056034	593	0.1	-0.1	3.18855
13056034	594	0.1	-0.1	-1.56573
13056034	595	0.1	-0.1	3.99446
13056034	596	0.1	-0.1	-2.86018
13056034	597	0.1	-0.1	-2.4362
13056034	598	0.1	-0.1	-5.56355
13056034	599	0.1	-0.1	-3.04958
13056034	600	0.1	-0.1	5.56758
13056034	601	0.1	-0.1	4.96947
13056034	602	0.1	-0.1	0.827044
13056034	603	0.1	-0.1	4.42287
13056034	604	0.1	-0.1	-0.861905
13056034	605	0.1	-0.1	1.31834
13056034	606	0.1	-0.1	-4.04821
13056034	607	0.1	-0.1	1.83258
13056034	608	0.1	-0.1	3.15415
13056034	609	0.1	-0.1	3.98749
13056034	610	0.1	-0.1	3.68368
13056034	611	0.1	-0.1	1.46152
13056034	612	0.1	-0.1	4.41561
13056034	613	0.1	-0.1	1.74316
13056034	614	0.1	-0.1	5.25005
13056034	615	0.1	-0.1	1.81353
13056034	616	0.1	-0.1	4.61857
13056034	617	0.1	-0.1	1.80676
13056034	618	0.1	-0.1	2.9668
13056034	619	0.1	-0.1	-1.36475
13056034	620	0.1	-0.1	-4.0543
13056034	621	0.1	-0.1	-2.67238
13056034	622	0.1	-0.1	-3.24465
13056034	623	0.1	-0.1	-4.86778
13056034	624	0.1	-0.1	-0.832439
13056034	625	0.1	-0.1	3.67256
13056034	626	0.1	-0.1	-0.949701
13056034	627	0.1	-0.1	-1.81498
13056034	628	0.1	-0.1	-5.85043
13056034	629	0.1	-0.1	-0.17256
13056034	630	0.1	-0.1	2.18766
13056034	631	0.1	-0.1	1.63625
13056034	632	0.1	-0.1	0.435839
13056034	633	0.1	-0.1	-1.14624
13056034	634	0.1	-0.1	-2.79507
13056034	635	0.1	-0.1	0.666217
13056034	636	0.1	-0.1	-5.28135
13056034	637	0.1	-0.1	4.39205
13056034	638	0.1	-0.1	-0.177946
13056034	639	0.1	-0.1	-5.51673
13056034	640	0.1	-0.1	3.43426
13056034	641	0.1	-0.1	-5.06522
13056034	642	0.1	-0.1	-3.26851
13056034	643	0.1	-0.1	5.36124
13056034	644	0.1	-0.1	5.42345
13056034	645	0.1	-0.1	2.82328
13056034	646	0.1	-0.1	-3.99802
13056034	647	0.1	-0.1	-5.39564
13056034	648	0.1	-0.1	1.28135
13056034	649	0.1	-0.1	-0.551989
13056034	650	0.1	-0.1	-3.55865
13056034	651	0.1	-0.1	1.31832
13056034	652	0.1	-0.1	-2.72931
13056034	653	0.1	-0.1	0.772593
13056034	654	0.1	-0.1	2.31693
13056034	655	0.1	-0.1	-2.63119
13056034	656	0.1	-0.1	4.45415
13056034	657	0.1	-0.1	-2.42728
13056034	658	0.1	-0.1	-2.31339
13056034	659	0.1	-0.1	-4.18873
13056034	660	0.1	-0.1	2.14552
13056034	661	0.1	-0.1	5.6935
13056034	662	0.1	-0.1	1.9968
13056034	663	0.1	-0.1	-3.88776
13056034	664	0.1	-0.1	0.0958301
13056034	665	0.1	-0.1	3.41863
13056034	666	0.1	-0.1	-0.637595
13056034	667	0.1	-0.1	-0.405813
13056034	668	0.1	-0.1	2.02265
13056034	669	0.1	-0.1	3.81727
13056034	670	0.1	-0.1	-0.526529
13056034	671	0.1	-0.1	2.08624
13056034	672	0.1	-0.1	-5.00561
13056034	673	0.1	-0.1	-1.70249
13056034	674	0.1	-0.1	-3.05616
13056034	675	0.1	-0.1	-5.63792
13056034	676	0.1	-0.1	-0.340041
13056034	677	0.1	-0.1	2.60279
13056034	678	0.1	-0.1	-1.7406
13056034	679	0.1	-0.1	-0.416691
13056034	680	0.1	-0.1	-4.3615
13056034	681	0.1	-0.1	-2.62327
13056034	682	0.1	-0.1	5.14672
13056034	683	0.1	-0.1	1.44592
13056034	684	0.1	-0.1	-5.44713
13056034	685	0.1	-0.1	-1.74935
13056034	686	0.1	-0.1	1.09233
13056034	687	0.1	-0.1	-1.09783
13056034	688	0.1	-0.1	-4.02047
13056034	689	0.1	-0.1	5.31291
13056034	690	0.1	-0.1	-2.91918
13056034	691	0.1	-0.1	3.77668
13056034	692	0.1	-0.1	-5.16339
13056034	693	0.1	-0.1	5.88899
13056034	694	0.1	-0.1	3.77896
13056034	695	0.1	-0.1	-0.435714
13056034	696	0.1	-0.1	0.730145
13056034	697	0.1	-0.1	-0.657602
13056034	698	0.1	-0.1	5.20101
13056034	699	0.1	-0.1	3.76511
13056034	700	0.1	-0.1	5.84919
13056034	701	0.1	-0.1	-1.42481
13056034	702	0.1	-0.1	2.71831
13056034	703	0.1	-0.1	-1.62316
13056034	704	0.1	-0.1	1.77972
13056034	705	0.1	-0.1	2.12007
13056034	706	0.1	-0.1	-3.15273
13056034	707	0.1	-0.1	-5.79081
13056034	708	0.1	-0.1	3.77814
13056034	709	0.1	-0.1	0.489012
13056034	710	0.1	-0.1	-5.41819
13056034	711	0.1	-0.1	1.99942
13056034	712	0.1	-0.1	0.894778
13056034	713	0.1	-0.1	1.43559
13056034	714	0.1	-0.1	-1.57986
13056034	715	0.1	-0.1	-3.42055
13056034	716	0.1	-0.1	-0.748451
13056034	717	0.1	-0.1	-4.5269
13056034	718	0.1	-0.1	-5.65887
13056034	719	0.1	-0.1	-2.07659
13056034	720	0.1	-0.1	1.25098
13056034	721	0.1	-0.1	2.88615
13056034	722	0.1	-0.1	-0.766444
13056034	723	0.1	-0.1	4.22967
13056034	724	0.1	-0.1	3.76711
13056034	725	0.1	-0.1	2.09714
13056034	726	0.1	-0.1	3.44433
13056034	727	0.1	-0.1	-0.539117
13056034	728	0.1	-0.1	-4.11744
13056034	729	0.1	-0.1	-0.423081
13056034	730	0.1	-0.1	3.72886
13056034	731	0.1	-0.1	1.62794
13056034	732	0.1	-0.1	-1.63452
13056034	733	0.1	-0.1	-1.58828
13056034	734	0.1	-0.1	-5.10897
13056034	735	0.1	-0.1	2.18595
13056034	736	0.1	-0.1	-3.11896
13056034	737	0.1	-0.1	0.594547
13056034	738	0.1	-0.1	3.79437
13056034	739	0.1	-0.1	-4.13598
13056034	740	0.1	-0.1	-4.28954
13056034	741	0.1	-0.1	-4.35262
13056034	742	0.1	-0.1	5.7858
13056034	743	0.1	-0.1	-4.8788
13056034	744	0.1	-0.1	-2.79948
13056034	745	0.1	-0.1	-0.36252
13056034	746	0.1	-0.1	-4.17657
13056034	747	0.1	-0.1	-3.16933
13056034	748	0.1	-0.1	-5.99113
13056034	749	0.1	-0.1	-5.40818
13056034	750	0.1	-0.1	4.44838
13056034	751	0.1	-0.1	-2.9554
13056034	752	0.1	-0.1	-3.47682
13056034	753	0.1	-0.1	0.484604
13056034	754	0.1	-0.1	4.02132
13056034	755	0.1	-0.1	-0.484499
13056034	756	0.1	-0.1	1.83107
13056034	757	0.1	-0.1	4.53076
13056034	758	0.1	-0.1	-4.27807
13056034	759	0.1	-0.1	2.49264
13056034	760	0.1	-0.1	2.47892
13056034	761	0.1	-0.1	3.68263
13056034	762	0.1	-0.1	-4.89339
13056034	763	0.1	-0.1	1.57308
13056034	764	0.1	-0.1	0.220494
13056034	765	0.1	-0.1	3.7328
13056034	766	0.1	-0.1	-1.04243
13056034	767	0.1	-0.1	-0.869821
13056034	768	0.1	-0.1	-5.45785
13056034	769	0.1	-0.1	-4.7308
13056034	770	0.1	-0.1	3.76214
13056034	771	0.1	-0.1	4.98777
13056034	772	0.1	-0.1	-4.40899
13056034	773	0.1	-0.1	3.47524
13056034	774	0.1	-0.1	3.12776
13056034	775	0.1	-0.1	-0.388627
13056034	776	0.1	-0.1	4.78045
13056034	777	0.1	-0.1	4.80805
13056034	778	0.1	-0.1	-5.49353
13056034	779	0.1	-0.1	4.59669
13056034	780	0.1	-0.1	1.27595
13056034	781	0.1	-0.1	3.97399
13056034	782	0.1	-0.1	0.0308918
13056034	783	0.1	-0.1	5.72464
13056034	784	0.1	-0.1	4.80942
13056034	785	0.1	-0.1	-2.22751
13056034	786	0.1	-0.1	4.63475
13056034	787	0.1	-0.1	3.66208
13056034	788	0.1	-0.1	5.17636
13056034	789	0.1	-0.1	-2.96829
13056034	790	0.1	-0.1	1.88599
13056034	791	0.1	-0.1	1.55121
13056034	792	0.1	-0.1	-1.62474
13056034	793	0.1	-0.1	1.34111
13056034	794	0.1	-0.1	0.0496294
13056034	795	0.1	-0.1	-1.02197
13056034	796	0.1	-0.1	4.88056
13056034	797	0.1	-0.1	-1.8017
13056034	798	0.1	-0.1	0.364806
13056034	799	0.1	-0.1	3.53003
13056034	800	0.1	-0.1	5.89195
13056034	801	0.1	-0.1	-5.54699
13056034	802	0.1	-0.1	-5.76151
13056034	803	0.1	-0.1	4.61914
13056034	804	0.1	-0.1	-1.56557
13056034	805	0.1	-0.1	3.91353
13056034	806	0.1	-0.1	0.210943
13056034	807	0.1	-0.1	-2.57673
13056034	808	0.1	-0.1	-5.21762
13056034	809	0.1	-0.1	4.50446
13056034	810	0.1	-0.1	-3.40931
13056034	811	0.1	-0.1	-1.01106
13056034	812	0.1	-0.1	-0.688106
13056034	813	0.1	-0.1	0.506612
13056034	814	0.1	-0.1	-4.44024
13056034	815	0.1	-0.1	1.04073
13056034	816	0.1	-0.1	-4.30245
13056034	817	0.1	-0.1	-1.2367
13056034	818	0.1	-0.1	-4.19337
13056034	819	0.1	-0.1	-1.31235
13056034	820	0.1	-0.1	-3.10487
13056034	821	0.1	-0.1	-1.00055
13056034	822	0.1	-0.1	-0.402621
13056034	823	0.1	-0.1	0.0706195
13056034	824	0.1	-0.1	2.12695
13056034	825	0.1	-0.1	-1.97379
13056034	826	0.1	-0.1	0.704833
13056034	827	0.1	-0.1	-4.43586
13056034	828	0.1	-0.1	5.31276
13056034	829	0.1	-0.1	5.01634
13056034	830	0.1	-0.1	0.191603
13056034	831	0.1	-0.1	-5.2434
13056034	832	0.1	-0.1	0.569803
13056034	833	0.1	-0.1	4.97095
13056034	834	0.1	-0.1	-3.65261
13056034	835	0.1	-0.1	-3.24641
13056034	836	0.1	-0.1	2.87457
13056034	837	0.1	-0.1	2.7529
13056034	838	0.1	-0.1	-1.20204
13056034	839	0.1	-0.1	2.36836
13056034	840	0.1	-0.1	4.94719
13056034	841	0.1	-0.1	-2.46136
13056034	842	0.1	-0.1	-1.74907
13056034	843	0.1	-0.1	-1.60665
13056034	844	0.1	-0.1	-2.76386
13056034	845	0.1	-0.1	-1.2995
13056034	846	0.1	-0.1	3.23895
13056034	847	0.1	-0.1	-3.26763
13056034	848	0.1	-0.1	2.90975
13056034	849	0.1	-0.1	0.754193
13056034	850	0.1	-0.1	2.12605
13056034	851	0.1	-0.1	1.93569
13056034	852	0.1	-0.1	2.35957
13056034	853	0.1	-0.1	2.78762
13056034	854	0.1	-0.1	0.032007
13056034	855	0.1	-0.1	-1.43832
13056034	856	0.1	-0.1	2.39299
13056034	857	0.1	-0.1	2.81785
13056034	858	0.1	-0.1	-4.84476
13056034	859	0.1	-0.1	-5.3169
13056034	860	0.1	-0.1	-3.28372
13056034	861	0.1	-0.1	0.481086
13056034	862	0.1	-0.1	4.7721
13056034	863	0.1	-0.1	5.9794
13056034	864	0.1	-0.1	4.96309
13056034	865	0.1	-0.1	-1.66253
13056034	866	0.1	-0.1	1.42908
13056034	867	0.1	-0.1	3.99407
13056034	868	0.1	-0.1	2.77876
13056034	869	0.1	-0.1	2.06916
13056034	870	0.1	-0.1	-2.43237
13056034	871	0.1	-0.1	0.880576
13056034	872	0.1	-0.1	-4.97371
13056034	873	0.1	-0.1	0.873739
13056034	874	0.1	-0.1	1.34642
13056034	875	0.1	-0.1	5.77745
13056034	876	0.1	-0.1	-3.5948
13056034	877	0.1	-0.1	-2.80143
13056034	878	0.1	-0.1	-4.67834
13056034	879	0.1	-0.1	-3.89337
13056034	880	0.1	-0.1	-1.44615
13056034	881	0.1	-0.1	-1.77136
13056034	882	0.1	-0.1	-5.07167
13056034	883	0.1	-0.1	-0.698489
13056034	884	0.1	-0.1	0.632905
13056034	885	0.1	-0.1	1.93837
13056034	886	0.1	-0.1	-1.45632
13056034	887	0.1	-0.1	2.07563
13056034	888	0.1	-0.1	-4.08711
13056034	889	0.1	-0.1	3.42479
13056034	890	0.1	-0.1	5.31097
13056034	891	0.1	-0.1	4.67266
13056034	892	0.1	-0.1	5.10223
13056034	893	0.1	-0.1	-4.48508
13056034	894	0.1	-0.1	-5.53936
13056034	895	0.1	-0.1	-2.21218
13056034	896	0.1	-0.1	2.41901
13056034	897	0.1	-0.1	-0.215125
13056034	898	0.1	-0.1	3.4075
13056034	899	0.1	-0.1	1.91555
13056034	900	0.1	-0.1	0.309838
13056034	901	0.1	-0.1	2.87422
13056034	902	0.1	-0.1	1.98054
13056034	903	0.1	-0.1	0.125639
13056034	904	0.1	-0.1	-0.638515
13056034	905	0.1	-0.1	3.59555
13056034	906	0.1	-0.1	-5.41046
13056034	907	0.1	-0.1	-2.90822
13056034	908	0.1	-0.1	-3.13576
13056034	909	0.1	-0.1	-4.29988
13056034	910	0.1	-0.1	1.8777
13056034	911	0.1	-0.1	-4.69126
13056034	912	0.1	-0.1	-0.140783
13056034	913	0.1	-0.1	4.19726
13056034	914	0.1	-0.1	0.204435
13056034	915	0.1	-0.1	0.586726
13056034	916	0.1	-0.1	-0.315035
13056034	917	0.1	-0.1	1.2314
13056034	918	0.1	-0.1	3.89992
13056034	919	0.1	-0.1	5.25354
13056034	920	0.1	-0.1	2.01384
13056034	921	0.1	-0.1	2.12989
13056034	922	0.1	-0.1	-4.96661
13056034	923	0.1	-0.1	3.40837
13056034	924	0.1	-0.1	-3.80422
13056034	925	0.1	-0.1	2.89937
13056034	926	0.1	-0.1	5.1824
13056034	927	0.1	-0.1	-3.64501
13056034	928	0.1	-0.1	1.7509
13056034	929	0.1	-0.1	-0.120633
13056034	930	0.1	-0.1	-4.74497
13056034	931	0.1	-0.1	-4.05013
13056034	932	0.1	-0.1	4.6386
13056034	933	0.1	-0.1	0.975494
13056034	934	0.1	-0.1	3.46905
13056034	935	0.1	-0.1	-1.3213
13056034	936	0.1	-0.1	-5.22103
13056034	937	0.1	-0.1	2.26759
13056034	938	0.1	-0.1	2.06893
13056034	939	0.1	-0.1	-5.28602
13056034	940	0.1	-0.1	2.01934
13056034	941	0.1	-0.1	-3.32734
13056034	942	0.1	-0.1	-0.504573
13056034	943	0.1	-0.1	-2.87786
13056034	944	0.1	-0.1	-5.51807
13056034	945	0.1	-0.1	-4.55584
13056034	946	0.1	-0.1	-1.48167
13056034	947	0.1	-0.1	-1.93143
13056034	948	0.1	-0.1	0.92212
13056034	949	0.1	-0.1	5.34759
13056034	950	0.1	-0.1	-1.06346
13056034	951	0.1	-0.1	4.82362
13056034	952	0.1	-0.1	3.58475
13056034	953	0.1	-0.1	-3.66344
13056034	954	0.1	-0.1	2.9208
13056034	955	0.1	-0.1	-1.07724
13056034	956	0.1	-0.1	-4.37594
13056034	957	0.1	-0.1	3.89241
13056034	958	0.1	-0.1	-2.96867
13056034	959	0.1	-0.1	2.99502
13056034	960	0.1	-0.1	-3.23798
13056034	961	0.1	-0.1	-4.51145
13056034	962	0.1	-0.1	4.81157
13056034	963	0.1	-0.1	-5.61077
13056034	964	0.1	-0.1	-0.523203
13056034	965	0.1	-0.1	4.88949
13056034	966	0.1	-0.1	5.98235
13056034	967	0.1	-0.1	5.57129
13056034	968	0.1	-0.1	1.39607
13056034	969	0.1	-0.1	-2.31495
13056034	970	0.1	-0.1	2.76237
13056034	971	0.1	-0.1	1.86937
13056034	972	0.1	-0.1	4.56451
13056034	973	0.1	-0.1	5.60341
13056034	974	0.1	-0.1	3.68319
13056034	975	0.1	-0.1	-0.0482812
13056034	976	0.1	-0.1	-1.73826
13056034	977	0.1	-0.1	3.68996
13056034	978	0.1	-0.1	-5.6455
13056034	979	0.1	-0.1	-2.1576
13056034	980	0.1	-0.1	5.04418
13056034	981	0.1	-0.1	-0.699978
13056034	982	0.1	-0.1	-4.68059
13056034	983	0.1	-0.1	1.56221
13056034	984	0.1	-0.1	0.517135
13056034	985	0.1	-0.1	-1.52268
13056034	986	0.1	-0.1	-1.95009
13056034	987	0.1	-0.1	0.303553
13056034	988	0.1	-0.1	2.38047
13056034	989	0.1	-0.1	1.16815
13056034	990	0.1	-0.1	-4.3442
13056034	991	0.1	-0.1	0.217419
13056034	992	0.1	-0.1	-4.36132
13056034	993	0.1	-0.1	4.27789
13056034	994	0.1	-0.1	3.61468
13056034	995	0.1	-0.1	4.02994
13056034	996	0.1	-0.1	4.13322
13056034	997	0.1	-0.1	-4.6613
13056034	998	0.1	-0.1	-3.84875
13056034	999	0.1	-0.1	5.96877
13056034	1000	0.1	-0.1	4.99895
