13059037	1	0.1	-0.1	-4.62496
13059037	2	0.1	-0.1	-5.49276
13059037	3	0.1	-0.1	-2.45875
13059037	4	0.1	-0.1	-5.36393
13059037	5	0.1	-0.1	0.117287
13059037	6	0.1	-0.1	-4.57761
13059037	7	0.1	-0.1	-0.87688
13059037	8	0.1	-0.1	4.88062
13059037	9	0.1	-0.1	1.08373
13059037	10	0.1	-0.1	-3.80885
13059037	11	0.1	-0.1	-2.43454
13059037	12	0.1	-0.1	-4.67234
13059037	13	0.1	-0.1	0.696254
13059037	14	0.1	-0.1	-5.1467
13059037	15	0.1	-0.1	-4.72387
13059037	16	0.1	-0.1	0.0307779
13059037	17	0.1	-0.1	-3.86026
13059037	18	0.1	-0.1	2.09548
13059037	19	0.1	-0.1	-1.89622
13059037	20	0.1	-0.1	-3.14405
13059037	21	0.1	-0.1	2.00966
13059037	22	0.1	-0.1	0.661705
13059037	23	0.1	-0.1	-1.79277
13059037	24	0.1	-0.1	1.16088
13059037	25	0.1	-0.1	3.02015
13059037	26	0.1	-0.1	-1.18817
13059037	27	0.1	-0.1	3.20578
13059037	28	0.1	-0.1	-1.18942
13059037	29	0.1	-0.1	3.1622
13059037	30	0.1	-0.1	-5.89705
13059037	31	0.1	-0.1	-5.62531
13059037	32	0.1	-0.1	5.00763
13059037	33	0.1	-0.1	5.03045
13059037	34	0.1	-0.1	4.59956
13059037	35	0.1	-0.1	-5.85068
13059037	36	0.1	-0.1	5.02444
13059037	37	0.1	-0.1	1.71301
13059037	38	0.1	-0.1	2.58369
13059037	39	0.1	-0.1	-1.33191
13059037	40	0.1	-0.1	-4.58986
13059037	41	0.1	-0.1	4.11773
13059037	42	0.1	-0.1	1.03176
13059037	43	0.1	-0.1	5.75716
13059037	44	0.1	-0.1	-0.582442
13059037	45	0.1	-0.1	-4.20238
13059037	46	0.1	-0.1	4.65658
13059037	47	0.1	-0.1	-3.8622
13059037	48	0.1	-0.1	1.96195
13059037	49	0.1	-0.1	3.00839
13059037	50	0.1	-0.1	-2.11817
13059037	51	0.1	-0.1	3.4962
13059037	52	0.1	-0.1	4.31564
13059037	53	0.1	-0.1	-4.01895
13059037	54	0.1	-0.1	0.964859
13059037	55	0.1	-0.1	0.619487
13059037	56	0.1	-0.1	-0.967652
13059037	57	0.1	-0.1	-2.65677
13059037	58	0.1	-0.1	-4.23499
13059037	59	0.1	-0.1	4.67917
13059037	60	0.1	-0.1	-0.719385
13059037	61	0.1	-0.1	-4.46903
13059037	62	0.1	-0.1	4.5021
13059037	63	0.1	-0.1	3.63824
13059037	64	0.1	-0.1	0.521462
13059037	65	0.1	-0.1	3.60523
13059037	66	0.1	-0.1	5.47702
13059037	67	0.1	-0.1	-0.702596
13059037	68	0.1	-0.1	5.52423
13059037	69	0.1	-0.1	3.78959
13059037	70	0.1	-0.1	4.37081
13059037	71	0.1	-0.1	-0.979852
13059037	72	0.1	-0.1	1.05159
13059037	73	0.1	-0.1	2.56801
13059037	74	0.1	-0.1	3.19913
13059037	75	0.1	-0.1	1.51719
13059037	76	0.1	-0.1	4.16859
13059037	77	0.1	-0.1	2.37009
13059037	78	0.1	-0.1	-4.69191
13059037	79	0.1	-0.1	2.36123
13059037	80	0.1	-0.1	-4.69046
13059037	81	0.1	-0.1	3.38227
13059037	82	0.1	-0.1	5.51082
13059037	83	0.1	-0.1	-3.81355
13059037	84	0.1	-0.1	-3.36399
13059037	85	0.1	-0.1	3.18621
13059037	86	0.1	-0.1	-2.23596
13059037	87	0.1	-0.1	-0.998229
13059037	88	0.1	-0.1	-2.08868
13059037	89	0.1	-0.1	5.50652
13059037	90	0.1	-0.1	3.36571
13059037	91	0.1	-0.1	2.51829
13059037	92	0.1	-0.1	-1.67434
13059037	93	0.1	-0.1	-0.236288
13059037	94	0.1	-0.1	-2.94079
13059037	95	0.1	-0.1	0.0578328
13059037	96	0.1	-0.1	-2.01296
13059037	97	0.1	-0.1	1.39423
13059037	98	0.1	-0.1	-0.469365
13059037	99	0.1	-0.1	-2.84343
13059037	100	0.1	-0.1	5.66591
13059037	101	0.1	-0.1	-4.49041
13059037	102	0.1	-0.1	1.97231
13059037	103	0.1	-0.1	-4.73065
13059037	104	0.1	-0.1	-5.52693
13059037	105	0.1	-0.1	-5.07834
13059037	106	0.1	-0.1	1.17986
13059037	107	0.1	-0.1	-2.37847
13059037	108	0.1	-0.1	-4.49179
13059037	109	0.1	-0.1	3.35489
13059037	110	0.1	-0.1	4.79198
13059037	111	0.1	-0.1	-4.43847
13059037	112	0.1	-0.1	1.25047
13059037	113	0.1	-0.1	2.7438
13059037	114	0.1	-0.1	5.28504
13059037	115	0.1	-0.1	5.47077
13059037	116	0.1	-0.1	3.93668
13059037	117	0.1	-0.1	-0.16601
13059037	118	0.1	-0.1	1.92334
13059037	119	0.1	-0.1	4.32094
13059037	120	0.1	-0.1	1.64235
13059037	121	0.1	-0.1	1.14516
13059037	122	0.1	-0.1	-4.17024
13059037	123	0.1	-0.1	-0.1106
13059037	124	0.1	-0.1	-0.199568
13059037	125	0.1	-0.1	-4.45637
13059037	126	0.1	-0.1	-1.80872
13059037	127	0.1	-0.1	4.75595
13059037	128	0.1	-0.1	2.63124
13059037	129	0.1	-0.1	4.93513
13059037	130	0.1	-0.1	-1.66324
13059037	131	0.1	-0.1	0.541741
13059037	132	0.1	-0.1	-1.1569
13059037	133	0.1	-0.1	-3.16711
13059037	134	0.1	-0.1	-2.07939
13059037	135	0.1	-0.1	-0.458397
13059037	136	0.1	-0.1	2.07597
13059037	137	0.1	-0.1	-5.23153
13059037	138	0.1	-0.1	-3.45005
13059037	139	0.1	-0.1	2.35087
13059037	140	0.1	-0.1	-1.08695
13059037	141	0.1	-0.1	-3.02949
13059037	142	0.1	-0.1	-0.869496
13059037	143	0.1	-0.1	1.83509
13059037	144	0.1	-0.1	-5.24465
13059037	145	0.1	-0.1	-3.96661
13059037	146	0.1	-0.1	1.64877
13059037	147	0.1	-0.1	3.2744
13059037	148	0.1	-0.1	-0.728883
13059037	149	0.1	-0.1	1.96326
13059037	150	0.1	-0.1	-2.41777
13059037	151	0.1	-0.1	1.2899
13059037	152	0.1	-0.1	-2.53079
13059037	153	0.1	-0.1	-4.04891
13059037	154	0.1	-0.1	-2.08129
13059037	155	0.1	-0.1	0.81051
13059037	156	0.1	-0.1	5.98607
13059037	157	0.1	-0.1	0.362211
13059037	158	0.1	-0.1	-3.64239
13059037	159	0.1	-0.1	5.08499
13059037	160	0.1	-0.1	2.60255
13059037	161	0.1	-0.1	-0.863697
13059037	162	0.1	-0.1	4.74865
13059037	163	0.1	-0.1	5.09363
13059037	164	0.1	-0.1	-1.56888
13059037	165	0.1	-0.1	-3.57086
13059037	166	0.1	-0.1	-4.6326
13059037	167	0.1	-0.1	-3.8546
13059037	168	0.1	-0.1	3.71803
13059037	169	0.1	-0.1	3.80731
13059037	170	0.1	-0.1	0.488938
13059037	171	0.1	-0.1	-3.26421
13059037	172	0.1	-0.1	-0.10457
13059037	173	0.1	-0.1	1.67845
13059037	174	0.1	-0.1	-5.84725
13059037	175	0.1	-0.1	-2.27517
13059037	176	0.1	-0.1	4.97453
13059037	177	0.1	-0.1	-5.25948
13059037	178	0.1	-0.1	3.14674
13059037	179	0.1	-0.1	1.71162
13059037	180	0.1	-0.1	4.72413
13059037	181	0.1	-0.1	-1.58758
13059037	182	0.1	-0.1	-4.24888
13059037	183	0.1	-0.1	-3.74722
13059037	184	0.1	-0.1	-5.68981
13059037	185	0.1	-0.1	-3.64758
13059037	186	0.1	-0.1	-2.55991
13059037	187	0.1	-0.1	0.096227
13059037	188	0.1	-0.1	2.56728
13059037	189	0.1	-0.1	3.8428
13059037	190	0.1	-0.1	-2.95521
13059037	191	0.1	-0.1	-2.90289
13059037	192	0.1	-0.1	-4.11537
13059037	193	0.1	-0.1	-0.0148755
13059037	194	0.1	-0.1	-4.99298
13059037	195	0.1	-0.1	2.65909
13059037	196	0.1	-0.1	1.85665
13059037	197	0.1	-0.1	1.19396
13059037	198	0.1	-0.1	3.98074
13059037	199	0.1	-0.1	-3.76051
13059037	200	0.1	-0.1	-2.40935
13059037	201	0.1	-0.1	-5.25419
13059037	202	0.1	-0.1	4.8174
13059037	203	0.1	-0.1	-5.77255
13059037	204	0.1	-0.1	0.493298
13059037	205	0.1	-0.1	0.105109
13059037	206	0.1	-0.1	-0.533135
13059037	207	0.1	-0.1	-3.71726
13059037	208	0.1	-0.1	3.93786
13059037	209	0.1	-0.1	-2.0436
13059037	210	0.1	-0.1	1.2657
13059037	211	0.1	-0.1	-5.50377
13059037	212	0.1	-0.1	0.118454
13059037	213	0.1	-0.1	2.62863
13059037	214	0.1	-0.1	-4.25241
13059037	215	0.1	-0.1	0.442562
13059037	216	0.1	-0.1	-2.08798
13059037	217	0.1	-0.1	5.02273
13059037	218	0.1	-0.1	5.31782
13059037	219	0.1	-0.1	-2.78858
13059037	220	0.1	-0.1	5.01579
13059037	221	0.1	-0.1	-3.45959
13059037	222	0.1	-0.1	1.82577
13059037	223	0.1	-0.1	-3.95836
13059037	224	0.1	-0.1	-0.468422
13059037	225	0.1	-0.1	-4.78985
13059037	226	0.1	-0.1	5.04611
13059037	227	0.1	-0.1	3.61643
13059037	228	0.1	-0.1	-5.80791
13059037	229	0.1	-0.1	0.339783
13059037	230	0.1	-0.1	5.69573
13059037	231	0.1	-0.1	-0.174288
13059037	232	0.1	-0.1	0.835602
13059037	233	0.1	-0.1	2.90468
13059037	234	0.1	-0.1	5.96455
13059037	235	0.1	-0.1	-1.15913
13059037	236	0.1	-0.1	1.44857
13059037	237	0.1	-0.1	5.63823
13059037	238	0.1	-0.1	2.30421
13059037	239	0.1	-0.1	-5.61969
13059037	240	0.1	-0.1	-1.30415
13059037	241	0.1	-0.1	2.67594
13059037	242	0.1	-0.1	3.28026
13059037	243	0.1	-0.1	3.25237
13059037	244	0.1	-0.1	4.22164
13059037	245	0.1	-0.1	-4.92519
13059037	246	0.1	-0.1	3.48611
13059037	247	0.1	-0.1	5.75227
13059037	248	0.1	-0.1	-3.67043
13059037	249	0.1	-0.1	-3.2879
13059037	250	0.1	-0.1	4.41341
13059037	251	0.1	-0.1	1.90727
13059037	252	0.1	-0.1	-0.76214
13059037	253	0.1	-0.1	5.18278
13059037	254	0.1	-0.1	3.49751
13059037	255	0.1	-0.1	3.49374
13059037	256	0.1	-0.1	-4.51046
13059037	257	0.1	-0.1	-1.45459
13059037	258	0.1	-0.1	-3.94668
13059037	259	0.1	-0.1	2.1997
13059037	260	0.1	-0.1	-2.4312
13059037	261	0.1	-0.1	-1.61343
13059037	262	0.1	-0.1	-5.55155
13059037	263	0.1	-0.1	2.73344
13059037	264	0.1	-0.1	-0.130836
13059037	265	0.1	-0.1	-1.13796
13059037	266	0.1	-0.1	-0.238827
13059037	267	0.1	-0.1	0.721768
13059037	268	0.1	-0.1	0.927708
13059037	269	0.1	-0.1	0.381604
13059037	270	0.1	-0.1	-4.55524
13059037	271	0.1	-0.1	-1.45241
13059037	272	0.1	-0.1	-4.56183
13059037	273	0.1	-0.1	2.97026
13059037	274	0.1	-0.1	-0.558627
13059037	275	0.1	-0.1	2.95695
13059037	276	0.1	-0.1	0.278811
13059037	277	0.1	-0.1	0.636566
13059037	278	0.1	-0.1	-0.956821
13059037	279	0.1	-0.1	-4.23635
13059037	280	0.1	-0.1	3.88791
13059037	281	0.1	-0.1	0.631339
13059037	282	0.1	-0.1	5.27071
13059037	283	0.1	-0.1	2.32859
13059037	284	0.1	-0.1	-3.77532
13059037	285	0.1	-0.1	5.5205
13059037	286	0.1	-0.1	-1.39567
13059037	287	0.1	-0.1	3.52492
13059037	288	0.1	-0.1	-3.40771
13059037	289	0.1	-0.1	-2.33843
13059037	290	0.1	-0.1	0.805856
13059037	291	0.1	-0.1	-1.00761
13059037	292	0.1	-0.1	-4.05659
13059037	293	0.1	-0.1	4.78057
13059037	294	0.1	-0.1	5.78818
13059037	295	0.1	-0.1	3.24803
13059037	296	0.1	-0.1	0.263841
13059037	297	0.1	-0.1	-1.12654
13059037	298	0.1	-0.1	-3.76424
13059037	299	0.1	-0.1	-4.42955
13059037	300	0.1	-0.1	-2.33882
13059037	301	0.1	-0.1	2.63867
13059037	302	0.1	-0.1	3.06754
13059037	303	0.1	-0.1	4.51887
13059037	304	0.1	-0.1	-0.952966
13059037	305	0.1	-0.1	1.17827
13059037	306	0.1	-0.1	-1.27984
13059037	307	0.1	-0.1	-0.0255507
13059037	308	0.1	-0.1	-5.58152
13059037	309	0.1	-0.1	-3.74505
13059037	310	0.1	-0.1	5.55165
13059037	311	0.1	-0.1	-0.811346
13059037	312	0.1	-0.1	1.73708
13059037	313	0.1	-0.1	-1.37863
13059037	314	0.1	-0.1	3.95725
13059037	315	0.1	-0.1	4.94642
13059037	316	0.1	-0.1	-3.21529
13059037	317	0.1	-0.1	1.92903
13059037	318	0.1	-0.1	-3.22369
13059037	319	0.1	-0.1	-3.31616
13059037	320	0.1	-0.1	4.71929
13059037	321	0.1	-0.1	-4.26331
13059037	322	0.1	-0.1	-5.7518
13059037	323	0.1	-0.1	5.64496
13059037	324	0.1	-0.1	1.88123
13059037	325	0.1	-0.1	4.3482
13059037	326	0.1	-0.1	3.11336
13059037	327	0.1	-0.1	-4.66683
13059037	328	0.1	-0.1	-4.6043
13059037	329	0.1	-0.1	5.35149
13059037	330	0.1	-0.1	-5.18141
13059037	331	0.1	-0.1	-1.96713
13059037	332	0.1	-0.1	2.87525
13059037	333	0.1	-0.1	-0.783009
13059037	334	0.1	-0.1	1.8897
13059037	335	0.1	-0.1	1.63357
13059037	336	0.1	-0.1	-4.80893
13059037	337	0.1	-0.1	-4.14304
13059037	338	0.1	-0.1	4.72719
13059037	339	0.1	-0.1	5.75852
13059037	340	0.1	-0.1	1.40561
13059037	341	0.1	-0.1	-1.21527
13059037	342	0.1	-0.1	-4.36424
13059037	343	0.1	-0.1	4.41221
13059037	344	0.1	-0.1	3.99396
13059037	345	0.1	-0.1	2.99159
13059037	346	0.1	-0.1	-1.20135
13059037	347	0.1	-0.1	2.7619
13059037	348	0.1	-0.1	-5.6156
13059037	349	0.1	-0.1	4.17088
13059037	350	0.1	-0.1	-4.73947
13059037	351	0.1	-0.1	-5.80684
13059037	352	0.1	-0.1	-3.89053
13059037	353	0.1	-0.1	3.30042
13059037	354	0.1	-0.1	1.91913
13059037	355	0.1	-0.1	1.2787
13059037	356	0.1	-0.1	-2.47735
13059037	357	0.1	-0.1	3.46676
13059037	358	0.1	-0.1	-1.55865
13059037	359	0.1	-0.1	-5.36817
13059037	360	0.1	-0.1	3.20227
13059037	361	0.1	-0.1	1.12131
13059037	362	0.1	-0.1	2.83007
13059037	363	0.1	-0.1	-2.31818
13059037	364	0.1	-0.1	5.72893
13059037	365	0.1	-0.1	4.07527
13059037	366	0.1	-0.1	2.1533
13059037	367	0.1	-0.1	-0.168255
13059037	368	0.1	-0.1	-3.98911
13059037	369	0.1	-0.1	-2.65688
13059037	370	0.1	-0.1	0.0804209
13059037	371	0.1	-0.1	-1.1909
13059037	372	0.1	-0.1	0.760382
13059037	373	0.1	-0.1	2.64388
13059037	374	0.1	-0.1	-1.10624
13059037	375	0.1	-0.1	2.11132
13059037	376	0.1	-0.1	0.865405
13059037	377	0.1	-0.1	-3.90625
13059037	378	0.1	-0.1	-4.70774
13059037	379	0.1	-0.1	-3.86463
13059037	380	0.1	-0.1	-3.14166
13059037	381	0.1	-0.1	2.76483
13059037	382	0.1	-0.1	-2.06747
13059037	383	0.1	-0.1	4.82379
13059037	384	0.1	-0.1	-3.20378
13059037	385	0.1	-0.1	3.26261
13059037	386	0.1	-0.1	-5.61588
13059037	387	0.1	-0.1	1.83699
13059037	388	0.1	-0.1	-5.57362
13059037	389	0.1	-0.1	-1.64529
13059037	390	0.1	-0.1	-1.31425
13059037	391	0.1	-0.1	-2.67187
13059037	392	0.1	-0.1	2.51786
13059037	393	0.1	-0.1	-5.99609
13059037	394	0.1	-0.1	-3.22064
13059037	395	0.1	-0.1	-0.88109
13059037	396	0.1	-0.1	3.86422
13059037	397	0.1	-0.1	2.98118
13059037	398	0.1	-0.1	-1.03383
13059037	399	0.1	-0.1	5.4177
13059037	400	0.1	-0.1	0.0479446
13059037	401	0.1	-0.1	-0.384729
13059037	402	0.1	-0.1	-4.98687
13059037	403	0.1	-0.1	-4.49354
13059037	404	0.1	-0.1	-3.96768
13059037	405	0.1	-0.1	3.67083
13059037	406	0.1	-0.1	5.49539
13059037	407	0.1	-0.1	-1.18346
13059037	408	0.1	-0.1	0.0559925
13059037	409	0.1	-0.1	5.09938
13059037	410	0.1	-0.1	-2.71084
13059037	411	0.1	-0.1	4.35447
13059037	412	0.1	-0.1	5.13758
13059037	413	0.1	-0.1	5.67611
13059037	414	0.1	-0.1	-1.08484
13059037	415	0.1	-0.1	-4.2289
13059037	416	0.1	-0.1	-0.611458
13059037	417	0.1	-0.1	-3.55275
13059037	418	0.1	-0.1	-4.39015
13059037	419	0.1	-0.1	-0.667738
13059037	420	0.1	-0.1	1.75449
13059037	421	0.1	-0.1	5.98018
13059037	422	0.1	-0.1	-3.72474
13059037	423	0.1	-0.1	-4.82056
13059037	424	0.1	-0.1	1.93716
13059037	425	0.1	-0.1	3.98485
13059037	426	0.1	-0.1	-0.616721
13059037	427	0.1	-0.1	-5.85639
13059037	428	0.1	-0.1	-1.12012
13059037	429	0.1	-0.1	1.76037
13059037	430	0.1	-0.1	0.0235228
13059037	431	0.1	-0.1	-1.35633
13059037	432	0.1	-0.1	-2.66335
13059037	433	0.1	-0.1	1.64391
13059037	434	0.1	-0.1	5.74822
13059037	435	0.1	-0.1	2.48206
13059037	436	0.1	-0.1	-4.20619
13059037	437	0.1	-0.1	-5.60573
13059037	438	0.1	-0.1	-1.28502
13059037	439	0.1	-0.1	-4.87071
13059037	440	0.1	-0.1	4.96943
13059037	441	0.1	-0.1	-3.27133
13059037	442	0.1	-0.1	-2.34199
13059037	443	0.1	-0.1	5.44423
13059037	444	0.1	-0.1	-0.895672
13059037	445	0.1	-0.1	4.05963
13059037	446	0.1	-0.1	-5.01241
13059037	447	0.1	-0.1	-4.05138
13059037	448	0.1	-0.1	-5.53551
13059037	449	0.1	-0.1	-4.69419
13059037	450	0.1	-0.1	0.859793
13059037	451	0.1	-0.1	0.184956
13059037	452	0.1	-0.1	4.66509
13059037	453	0.1	-0.1	-2.57027
13059037	454	0.1	-0.1	-4.61619
13059037	455	0.1	-0.1	-1.01082
13059037	456	0.1	-0.1	-4.70959
13059037	457	0.1	-0.1	5.53453
13059037	458	0.1	-0.1	2.78061
13059037	459	0.1	-0.1	-1.73644
13059037	460	0.1	-0.1	-3.39707
13059037	461	0.1	-0.1	-4.75085
13059037	462	0.1	-0.1	-0.597513
13059037	463	0.1	-0.1	4.66185
13059037	464	0.1	-0.1	1.0195
13059037	465	0.1	-0.1	-5.48929
13059037	466	0.1	-0.1	4.73422
13059037	467	0.1	-0.1	0.526476
13059037	468	0.1	-0.1	1.12722
13059037	469	0.1	-0.1	0.842141
13059037	470	0.1	-0.1	-5.05528
13059037	471	0.1	-0.1	-0.452761
13059037	472	0.1	-0.1	5.49748
13059037	473	0.1	-0.1	1.55629
13059037	474	0.1	-0.1	2.243
13059037	475	0.1	-0.1	-1.75236
13059037	476	0.1	-0.1	-4.71307
13059037	477	0.1	-0.1	3.8686
13059037	478	0.1	-0.1	-5.93286
13059037	479	0.1	-0.1	2.17948
13059037	480	0.1	-0.1	-5.34931
13059037	481	0.1	-0.1	5.96731
13059037	482	0.1	-0.1	0.160541
13059037	483	0.1	-0.1	3.6999
13059037	484	0.1	-0.1	-5.64521
13059037	485	0.1	-0.1	-2.0821
13059037	486	0.1	-0.1	5.68805
13059037	487	0.1	-0.1	-2.99074
13059037	488	0.1	-0.1	-4.07211
13059037	489	0.1	-0.1	-0.535148
13059037	490	0.1	-0.1	-5.87669
13059037	491	0.1	-0.1	4.13501
13059037	492	0.1	-0.1	5.6278
13059037	493	0.1	-0.1	4.85939
13059037	494	0.1	-0.1	4.48306
13059037	495	0.1	-0.1	-0.97919
13059037	496	0.1	-0.1	-3.00104
13059037	497	0.1	-0.1	5.16968
13059037	498	0.1	-0.1	-5.52574
13059037	499	0.1	-0.1	2.29548
13059037	500	0.1	-0.1	1.67895
13059037	501	0.1	-0.1	-4.41166
13059037	502	0.1	-0.1	-5.19899
13059037	503	0.1	-0.1	4.05282
13059037	504	0.1	-0.1	-5.08265
13059037	505	0.1	-0.1	2.56076
13059037	506	0.1	-0.1	-0.936577
13059037	507	0.1	-0.1	-5.71267
13059037	508	0.1	-0.1	2.74687
13059037	509	0.1	-0.1	4.04847
13059037	510	0.1	-0.1	1.85993
13059037	511	0.1	-0.1	3.3338
13059037	512	0.1	-0.1	-2.50445
13059037	513	0.1	-0.1	-2.42482
13059037	514	0.1	-0.1	-1.81907
13059037	515	0.1	-0.1	-3.20024
13059037	516	0.1	-0.1	4.99117
13059037	517	0.1	-0.1	-5.73398
13059037	518	0.1	-0.1	0.228283
13059037	519	0.1	-0.1	-1.38311
13059037	520	0.1	-0.1	1.40289
13059037	521	0.1	-0.1	-4.53224
13059037	522	0.1	-0.1	4.2304
13059037	523	0.1	-0.1	2.32441
13059037	524	0.1	-0.1	-3.72192
13059037	525	0.1	-0.1	5.98666
13059037	526	0.1	-0.1	-0.445627
13059037	527	0.1	-0.1	-1.80083
13059037	528	0.1	-0.1	3.4681
13059037	529	0.1	-0.1	-4.78905
13059037	530	0.1	-0.1	-0.311472
13059037	531	0.1	-0.1	3.45671
13059037	532	0.1	-0.1	0.0198507
13059037	533	0.1	-0.1	1.10078
13059037	534	0.1	-0.1	-1.53108
13059037	535	0.1	-0.1	-0.98438
13059037	536	0.1	-0.1	-3.85702
13059037	537	0.1	-0.1	5.73053
13059037	538	0.1	-0.1	-2.94391
13059037	539	0.1	-0.1	4.2321
13059037	540	0.1	-0.1	-1.73876
13059037	541	0.1	-0.1	-5.41545
13059037	542	0.1	-0.1	1.90164
13059037	543	0.1	-0.1	2.16836
13059037	544	0.1	-0.1	-3.33488
13059037	545	0.1	-0.1	3.3823
13059037	546	0.1	-0.1	-0.185995
13059037	547	0.1	-0.1	-3.01318
13059037	548	0.1	-0.1	0.0333272
13059037	549	0.1	-0.1	5.00223
13059037	550	0.1	-0.1	-0.528289
13059037	551	0.1	-0.1	-5.63869
13059037	552	0.1	-0.1	-5.15392
13059037	553	0.1	-0.1	0.419648
13059037	554	0.1	-0.1	4.31311
13059037	555	0.1	-0.1	3.1236
13059037	556	0.1	-0.1	4.37309
13059037	557	0.1	-0.1	-4.34081
13059037	558	0.1	-0.1	-1.1515
13059037	559	0.1	-0.1	4.41419
13059037	560	0.1	-0.1	1.96319
13059037	561	0.1	-0.1	3.37351
13059037	562	0.1	-0.1	0.876383
13059037	563	0.1	-0.1	1.92474
13059037	564	0.1	-0.1	-4.27219
13059037	565	0.1	-0.1	5.31335
13059037	566	0.1	-0.1	-5.74147
13059037	567	0.1	-0.1	-2.81198
13059037	568	0.1	-0.1	3.05063
13059037	569	0.1	-0.1	-2.57424
13059037	570	0.1	-0.1	-5.14733
13059037	571	0.1	-0.1	-5.98674
13059037	572	0.1	-0.1	5.9477
13059037	573	0.1	-0.1	-3.89929
13059037	574	0.1	-0.1	-1.09426
13059037	575	0.1	-0.1	-4.26365
13059037	576	0.1	-0.1	2.77168
13059037	577	0.1	-0.1	-4.44971
13059037	578	0.1	-0.1	-5.77554
13059037	579	0.1	-0.1	-4.08613
13059037	580	0.1	-0.1	-0.464556
13059037	581	0.1	-0.1	3.12947
13059037	582	0.1	-0.1	-0.12641
13059037	583	0.1	-0.1	-4.4098
13059037	584	0.1	-0.1	0.105629
13059037	585	0.1	-0.1	5.14181
13059037	586	0.1	-0.1	3.64998
13059037	587	0.1	-0.1	1.7092
13059037	588	0.1	-0.1	2.43425
13059037	589	0.1	-0.1	1.78413
13059037	590	0.1	-0.1	-2.9001
13059037	591	0.1	-0.1	-2.27327
13059037	592	0.1	-0.1	5.29832
13059037	593	0.1	-0.1	3.68277
13059037	594	0.1	-0.1	3.15226
13059037	595	0.1	-0.1	5.62668
13059037	596	0.1	-0.1	3.07021
13059037	597	0.1	-0.1	2.89348
13059037	598	0.1	-0.1	-4.92093
13059037	599	0.1	-0.1	1.05869
13059037	600	0.1	-0.1	5.7954
13059037	601	0.1	-0.1	-1.11146
13059037	602	0.1	-0.1	-5.73286
13059037	603	0.1	-0.1	5.54348
13059037	604	0.1	-0.1	3.28337
13059037	605	0.1	-0.1	-5.74344
13059037	606	0.1	-0.1	3.04578
13059037	607	0.1	-0.1	-0.229423
13059037	608	0.1	-0.1	1.18186
13059037	609	0.1	-0.1	0.855528
13059037	610	0.1	-0.1	5.98501
13059037	611	0.1	-0.1	-2.99609
13059037	612	0.1	-0.1	-0.673335
13059037	613	0.1	-0.1	0.72341
13059037	614	0.1	-0.1	4.72659
13059037	615	0.1	-0.1	3.22168
13059037	616	0.1	-0.1	1.7227
13059037	617	0.1	-0.1	0.0216088
13059037	618	0.1	-0.1	-1.21219
13059037	619	0.1	-0.1	-5.63233
13059037	620	0.1	-0.1	-1.8408
13059037	621	0.1	-0.1	-1.3794
13059037	622	0.1	-0.1	3.04051
13059037	623	0.1	-0.1	5.36245
13059037	624	0.1	-0.1	4.02029
13059037	625	0.1	-0.1	-4.21256
13059037	626	0.1	-0.1	-5.98321
13059037	627	0.1	-0.1	-3.29601
13059037	628	0.1	-0.1	0.227199
13059037	629	0.1	-0.1	1.7341
13059037	630	0.1	-0.1	3.43376
13059037	631	0.1	-0.1	3.20523
13059037	632	0.1	-0.1	0.0273358
13059037	633	0.1	-0.1	-4.27453
13059037	634	0.1	-0.1	2.08453
13059037	635	0.1	-0.1	-4.82004
13059037	636	0.1	-0.1	3.74279
13059037	637	0.1	-0.1	-5.91438
13059037	638	0.1	-0.1	2.51576
13059037	639	0.1	-0.1	5.5157
13059037	640	0.1	-0.1	-3.12462
13059037	641	0.1	-0.1	4.92571
13059037	642	0.1	-0.1	4.00736
13059037	643	0.1	-0.1	-3.32235
13059037	644	0.1	-0.1	5.99999
13059037	645	0.1	-0.1	1.49303
13059037	646	0.1	-0.1	5.95707
13059037	647	0.1	-0.1	-1.52641
13059037	648	0.1	-0.1	2.1769
13059037	649	0.1	-0.1	-3.54421
13059037	650	0.1	-0.1	-2.67979
13059037	651	0.1	-0.1	0.844378
13059037	652	0.1	-0.1	-3.7288
13059037	653	0.1	-0.1	2.12676
13059037	654	0.1	-0.1	1.35845
13059037	655	0.1	-0.1	1.46168
13059037	656	0.1	-0.1	-3.95885
13059037	657	0.1	-0.1	-2.76273
13059037	658	0.1	-0.1	4.20391
13059037	659	0.1	-0.1	3.63515
13059037	660	0.1	-0.1	1.49561
13059037	661	0.1	-0.1	-0.0793811
13059037	662	0.1	-0.1	2.21498
13059037	663	0.1	-0.1	-3.72152
13059037	664	0.1	-0.1	-3.1855
13059037	665	0.1	-0.1	2.55203
13059037	666	0.1	-0.1	-2.98667
13059037	667	0.1	-0.1	2.9522
13059037	668	0.1	-0.1	-3.27291
13059037	669	0.1	-0.1	0.801883
13059037	670	0.1	-0.1	5.49959
13059037	671	0.1	-0.1	2.76401
13059037	672	0.1	-0.1	1.87045
13059037	673	0.1	-0.1	-2.72311
13059037	674	0.1	-0.1	-1.65475
13059037	675	0.1	-0.1	-1.49954
13059037	676	0.1	-0.1	1.65374
13059037	677	0.1	-0.1	2.41229
13059037	678	0.1	-0.1	2.8338
13059037	679	0.1	-0.1	5.19716
13059037	680	0.1	-0.1	-3.8868
13059037	681	0.1	-0.1	2.07496
13059037	682	0.1	-0.1	-2.85245
13059037	683	0.1	-0.1	2.92525
13059037	684	0.1	-0.1	4.92132
13059037	685	0.1	-0.1	3.73723
13059037	686	0.1	-0.1	2.34006
13059037	687	0.1	-0.1	-1.07479
13059037	688	0.1	-0.1	-4.07517
13059037	689	0.1	-0.1	1.10782
13059037	690	0.1	-0.1	5.03044
13059037	691	0.1	-0.1	-4.31138
13059037	692	0.1	-0.1	-0.34771
13059037	693	0.1	-0.1	2.21337
13059037	694	0.1	-0.1	5.73753
13059037	695	0.1	-0.1	0.639143
13059037	696	0.1	-0.1	0.706045
13059037	697	0.1	-0.1	-2.6096
13059037	698	0.1	-0.1	-5.00504
13059037	699	0.1	-0.1	1.73416
13059037	700	0.1	-0.1	-1.478
13059037	701	0.1	-0.1	5.91184
13059037	702	0.1	-0.1	-3.776
13059037	703	0.1	-0.1	4.69222
13059037	704	0.1	-0.1	4.68867
13059037	705	0.1	-0.1	-4.40163
13059037	706	0.1	-0.1	-4.63349
13059037	707	0.1	-0.1	3.29996
13059037	708	0.1	-0.1	0.715876
13059037	709	0.1	-0.1	1.56349
13059037	710	0.1	-0.1	-4.04528
13059037	711	0.1	-0.1	-1.60513
13059037	712	0.1	-0.1	-3.02288
13059037	713	0.1	-0.1	-5.79192
13059037	714	0.1	-0.1	5.23964
13059037	715	0.1	-0.1	0.468843
13059037	716	0.1	-0.1	1.41743
13059037	717	0.1	-0.1	3.9062
13059037	718	0.1	-0.1	-2.51782
13059037	719	0.1	-0.1	4.05233
13059037	720	0.1	-0.1	3.81248
13059037	721	0.1	-0.1	-4.41932
13059037	722	0.1	-0.1	2.2341
13059037	723	0.1	-0.1	-2.46974
13059037	724	0.1	-0.1	-1.84597
13059037	725	0.1	-0.1	3.66232
13059037	726	0.1	-0.1	3.44002
13059037	727	0.1	-0.1	5.10023
13059037	728	0.1	-0.1	-5.89056
13059037	729	0.1	-0.1	-0.177029
13059037	730	0.1	-0.1	-1.68206
13059037	731	0.1	-0.1	-5.8695
13059037	732	0.1	-0.1	4.53998
13059037	733	0.1	-0.1	0.35271
13059037	734	0.1	-0.1	1.5212
13059037	735	0.1	-0.1	2.69104
13059037	736	0.1	-0.1	2.71046
13059037	737	0.1	-0.1	5.92076
13059037	738	0.1	-0.1	-4.01934
13059037	739	0.1	-0.1	1.11891
13059037	740	0.1	-0.1	-3.14769
13059037	741	0.1	-0.1	-0.648076
13059037	742	0.1	-0.1	-4.37575
13059037	743	0.1	-0.1	-3.21104
13059037	744	0.1	-0.1	-4.19126
13059037	745	0.1	-0.1	-5.07928
13059037	746	0.1	-0.1	-5.8599
13059037	747	0.1	-0.1	-1.29948
13059037	748	0.1	-0.1	-3.44483
13059037	749	0.1	-0.1	-0.377121
13059037	750	0.1	-0.1	4.11789
13059037	751	0.1	-0.1	3.36213
13059037	752	0.1	-0.1	-5.3734
13059037	753	0.1	-0.1	2.57293
13059037	754	0.1	-0.1	3.49721
13059037	755	0.1	-0.1	3.01387
13059037	756	0.1	-0.1	1.71442
13059037	757	0.1	-0.1	-1.14856
13059037	758	0.1	-0.1	-0.543911
13059037	759	0.1	-0.1	1.64974
13059037	760	0.1	-0.1	5.53724
13059037	761	0.1	-0.1	-2.00227
13059037	762	0.1	-0.1	-5.62118
13059037	763	0.1	-0.1	4.72239
13059037	764	0.1	-0.1	3.2826
13059037	765	0.1	-0.1	-4.87103
13059037	766	0.1	-0.1	2.99196
13059037	767	0.1	-0.1	4.99117
13059037	768	0.1	-0.1	-1.60858
13059037	769	0.1	-0.1	3.77691
13059037	770	0.1	-0.1	-3.66164
13059037	771	0.1	-0.1	4.20542
13059037	772	0.1	-0.1	-4.01428
13059037	773	0.1	-0.1	-2.81306
13059037	774	0.1	-0.1	1.62264
13059037	775	0.1	-0.1	3.83509
13059037	776	0.1	-0.1	-4.6153
13059037	777	0.1	-0.1	-4.87309
13059037	778	0.1	-0.1	-1.7308
13059037	779	0.1	-0.1	-5.02612
13059037	780	0.1	-0.1	1.48898
13059037	781	0.1	-0.1	-0.581024
13059037	782	0.1	-0.1	2.44564
13059037	783	0.1	-0.1	-3.48684
13059037	784	0.1	-0.1	-5.63719
13059037	785	0.1	-0.1	5.62539
13059037	786	0.1	-0.1	4.27362
13059037	787	0.1	-0.1	-0.746702
13059037	788	0.1	-0.1	0.770201
13059037	789	0.1	-0.1	5.17999
13059037	790	0.1	-0.1	-5.11055
13059037	791	0.1	-0.1	5.00469
13059037	792	0.1	-0.1	5.78565
13059037	793	0.1	-0.1	-4.91804
13059037	794	0.1	-0.1	2.22757
13059037	795	0.1	-0.1	3.31487
13059037	796	0.1	-0.1	-4.80774
13059037	797	0.1	-0.1	2.56701
13059037	798	0.1	-0.1	-3.37056
13059037	799	0.1	-0.1	1.68426
13059037	800	0.1	-0.1	-5.08869
13059037	801	0.1	-0.1	-3.98683
13059037	802	0.1	-0.1	-4.46228
13059037	803	0.1	-0.1	-3.85386
13059037	804	0.1	-0.1	-5.94208
13059037	805	0.1	-0.1	1.54085
13059037	806	0.1	-0.1	-1.19065
13059037	807	0.1	-0.1	-1.75963
13059037	808	0.1	-0.1	3.31238
13059037	809	0.1	-0.1	4.41397
13059037	810	0.1	-0.1	4.38926
13059037	811	0.1	-0.1	4.44456
13059037	812	0.1	-0.1	-0.11479
13059037	813	0.1	-0.1	1.35278
13059037	814	0.1	-0.1	-5.98829
13059037	815	0.1	-0.1	-3.88243
13059037	816	0.1	-0.1	-1.64275
13059037	817	0.1	-0.1	-0.368363
13059037	818	0.1	-0.1	-2.97157
13059037	819	0.1	-0.1	-2.93566
13059037	820	0.1	-0.1	1.38872
13059037	821	0.1	-0.1	-3.42203
13059037	822	0.1	-0.1	1.90319
13059037	823	0.1	-0.1	0.717187
13059037	824	0.1	-0.1	5.34993
13059037	825	0.1	-0.1	3.25863
13059037	826	0.1	-0.1	-4.64512
13059037	827	0.1	-0.1	3.40566
13059037	828	0.1	-0.1	-3.88359
13059037	829	0.1	-0.1	4.20112
13059037	830	0.1	-0.1	-1.41658
13059037	831	0.1	-0.1	-2.71305
13059037	832	0.1	-0.1	-5.44155
13059037	833	0.1	-0.1	0.0896305
13059037	834	0.1	-0.1	-2.82963
13059037	835	0.1	-0.1	5.95628
13059037	836	0.1	-0.1	1.93256
13059037	837	0.1	-0.1	-4.244
13059037	838	0.1	-0.1	-4.79531
13059037	839	0.1	-0.1	2.88778
13059037	840	0.1	-0.1	-5.19159
13059037	841	0.1	-0.1	-4.42635
13059037	842	0.1	-0.1	0.776567
13059037	843	0.1	-0.1	-5.18774
13059037	844	0.1	-0.1	3.14646
13059037	845	0.1	-0.1	4.31033
13059037	846	0.1	-0.1	4.64615
13059037	847	0.1	-0.1	-4.76207
13059037	848	0.1	-0.1	-0.633503
13059037	849	0.1	-0.1	-5.83019
13059037	850	0.1	-0.1	4.62278
13059037	851	0.1	-0.1	-5.05458
13059037	852	0.1	-0.1	-1.66356
13059037	853	0.1	-0.1	4.72872
13059037	854	0.1	-0.1	-4.83957
13059037	855	0.1	-0.1	2.86592
13059037	856	0.1	-0.1	-3.00586
13059037	857	0.1	-0.1	0.975974
13059037	858	0.1	-0.1	-4.91219
13059037	859	0.1	-0.1	0.804359
13059037	860	0.1	-0.1	1.04735
13059037	861	0.1	-0.1	4.66908
13059037	862	0.1	-0.1	-3.47821
13059037	863	0.1	-0.1	-5.61809
13059037	864	0.1	-0.1	3.85038
13059037	865	0.1	-0.1	-1.22397
13059037	866	0.1	-0.1	1.27601
13059037	867	0.1	-0.1	-5.73605
13059037	868	0.1	-0.1	1.42847
13059037	869	0.1	-0.1	-0.283454
13059037	870	0.1	-0.1	5.40287
13059037	871	0.1	-0.1	-0.0506148
13059037	872	0.1	-0.1	-0.967896
13059037	873	0.1	-0.1	3.13864
13059037	874	0.1	-0.1	-1.11502
13059037	875	0.1	-0.1	3.64329
13059037	876	0.1	-0.1	5.82457
13059037	877	0.1	-0.1	3.66588
13059037	878	0.1	-0.1	-0.940288
13059037	879	0.1	-0.1	4.5784
13059037	880	0.1	-0.1	-3.19916
13059037	881	0.1	-0.1	1.26008
13059037	882	0.1	-0.1	1.82571
13059037	883	0.1	-0.1	-0.155873
13059037	884	0.1	-0.1	-2.71356
13059037	885	0.1	-0.1	3.82064
13059037	886	0.1	-0.1	2.14079
13059037	887	0.1	-0.1	-1.1203
13059037	888	0.1	-0.1	-4.51597
13059037	889	0.1	-0.1	-5.51207
13059037	890	0.1	-0.1	0.88688
13059037	891	0.1	-0.1	3.29789
13059037	892	0.1	-0.1	5.52059
13059037	893	0.1	-0.1	3.14583
13059037	894	0.1	-0.1	2.31789
13059037	895	0.1	-0.1	-3.76381
13059037	896	0.1	-0.1	2.8839
13059037	897	0.1	-0.1	-2.81759
13059037	898	0.1	-0.1	3.72979
13059037	899	0.1	-0.1	-4.76446
13059037	900	0.1	-0.1	5.97784
13059037	901	0.1	-0.1	5.40498
13059037	902	0.1	-0.1	-2.82246
13059037	903	0.1	-0.1	-3.97221
13059037	904	0.1	-0.1	1.96494
13059037	905	0.1	-0.1	-1.39644
13059037	906	0.1	-0.1	-0.658944
13059037	907	0.1	-0.1	4.50634
13059037	908	0.1	-0.1	-2.69878
13059037	909	0.1	-0.1	5.69499
13059037	910	0.1	-0.1	-0.134062
13059037	911	0.1	-0.1	-0.835619
13059037	912	0.1	-0.1	1.13584
13059037	913	0.1	-0.1	-5.1316
13059037	914	0.1	-0.1	-2.6961
13059037	915	0.1	-0.1	-5.52078
13059037	916	0.1	-0.1	-4.668
13059037	917	0.1	-0.1	-2.46619
13059037	918	0.1	-0.1	3.21421
13059037	919	0.1	-0.1	2.81442
13059037	920	0.1	-0.1	-1.59006
13059037	921	0.1	-0.1	-0.994042
13059037	922	0.1	-0.1	-4.25141
13059037	923	0.1	-0.1	0.845088
13059037	924	0.1	-0.1	1.08285
13059037	925	0.1	-0.1	-5.99024
13059037	926	0.1	-0.1	-0.554032
13059037	927	0.1	-0.1	2.84293
13059037	928	0.1	-0.1	3.49196
13059037	929	0.1	-0.1	0.186597
13059037	930	0.1	-0.1	-1.73551
13059037	931	0.1	-0.1	-0.424375
13059037	932	0.1	-0.1	4.4294
13059037	933	0.1	-0.1	4.2986
13059037	934	0.1	-0.1	-5.11676
13059037	935	0.1	-0.1	-5.42598
13059037	936	0.1	-0.1	3.33257
13059037	937	0.1	-0.1	3.02491
13059037	938	0.1	-0.1	4.64891
13059037	939	0.1	-0.1	3.6609
13059037	940	0.1	-0.1	0.994787
13059037	941	0.1	-0.1	-2.52309
13059037	942	0.1	-0.1	2.81003
13059037	943	0.1	-0.1	4.77893
13059037	944	0.1	-0.1	-2.77069
13059037	945	0.1	-0.1	-1.82342
13059037	946	0.1	-0.1	-4.67357
13059037	947	0.1	-0.1	-0.00175948
13059037	948	0.1	-0.1	-0.231517
13059037	949	0.1	-0.1	-2.67972
13059037	950	0.1	-0.1	0.332251
13059037	951	0.1	-0.1	2.39562
13059037	952	0.1	-0.1	-1.77267
13059037	953	0.1	-0.1	-2.50143
13059037	954	0.1	-0.1	-0.720669
13059037	955	0.1	-0.1	-0.354175
13059037	956	0.1	-0.1	-4.29849
13059037	957	0.1	-0.1	4.66981
13059037	958	0.1	-0.1	1.80475
13059037	959	0.1	-0.1	3.17336
13059037	960	0.1	-0.1	3.99572
13059037	961	0.1	-0.1	5.41256
13059037	962	0.1	-0.1	-2.17351
13059037	963	0.1	-0.1	-2.60784
13059037	964	0.1	-0.1	4.6974
13059037	965	0.1	-0.1	2.61715
13059037	966	0.1	-0.1	-1.89205
13059037	967	0.1	-0.1	1.01235
13059037	968	0.1	-0.1	-1.59459
13059037	969	0.1	-0.1	-5.4673
13059037	970	0.1	-0.1	3.19381
13059037	971	0.1	-0.1	0.829882
13059037	972	0.1	-0.1	-4.09758
13059037	973	0.1	-0.1	0.422541
13059037	974	0.1	-0.1	-5.02093
13059037	975	0.1	-0.1	5.95605
13059037	976	0.1	-0.1	2.1229
13059037	977	0.1	-0.1	2.16382
13059037	978	0.1	-0.1	4.1567
13059037	979	0.1	-0.1	-3.9489
13059037	980	0.1	-0.1	-1.80906
13059037	981	0.1	-0.1	-1.51441
13059037	982	0.1	-0.1	4.95929
13059037	983	0.1	-0.1	-0.676533
13059037	984	0.1	-0.1	5.00816
13059037	985	0.1	-0.1	3.81675
13059037	986	0.1	-0.1	-0.908865
13059037	987	0.1	-0.1	1.44057
13059037	988	0.1	-0.1	2.50521
13059037	989	0.1	-0.1	-3.87937
13059037	990	0.1	-0.1	3.39579
13059037	991	0.1	-0.1	4.47359
13059037	992	0.1	-0.1	-0.724667
13059037	993	0.1	-0.1	-4.45703
13059037	994	0.1	-0.1	-2.11838
13059037	995	0.1	-0.1	-3.17773
13059037	996	0.1	-0.1	5.52368
13059037	997	0.1	-0.1	-3.00816
13059037	998	0.1	-0.1	-1.98298
13059037	999	0.1	-0.1	-3.49657
13059037	1000	0.1	-0.1	1.45542
