13052042	1	0.1	-0.1	-2.70604
13052042	2	0.1	-0.1	3.53806
13052042	3	0.1	-0.1	-3.35667
13052042	4	0.1	-0.1	4.21283
13052042	5	0.1	-0.1	-3.453
13052042	6	0.1	-0.1	5.02244
13052042	7	0.1	-0.1	2.76622
13052042	8	0.1	-0.1	4.29523
13052042	9	0.1	-0.1	-0.986671
13052042	10	0.1	-0.1	3.9155
13052042	11	0.1	-0.1	-3.43585
13052042	12	0.1	-0.1	1.61204
13052042	13	0.1	-0.1	1.33318
13052042	14	0.1	-0.1	3.66864
13052042	15	0.1	-0.1	3.66551
13052042	16	0.1	-0.1	0.960983
13052042	17	0.1	-0.1	-0.29926
13052042	18	0.1	-0.1	0.338548
13052042	19	0.1	-0.1	3.77598
13052042	20	0.1	-0.1	-4.01468
13052042	21	0.1	-0.1	1.92934
13052042	22	0.1	-0.1	5.70377
13052042	23	0.1	-0.1	-1.71429
13052042	24	0.1	-0.1	4.6723
13052042	25	0.1	-0.1	3.53232
13052042	26	0.1	-0.1	-5.24007
13052042	27	0.1	-0.1	-2.84884
13052042	28	0.1	-0.1	4.645
13052042	29	0.1	-0.1	-2.02565
13052042	30	0.1	-0.1	2.68755
13052042	31	0.1	-0.1	0.175194
13052042	32	0.1	-0.1	-5.07459
13052042	33	0.1	-0.1	2.04063
13052042	34	0.1	-0.1	2.65726
13052042	35	0.1	-0.1	-3.49922
13052042	36	0.1	-0.1	-5.10057
13052042	37	0.1	-0.1	5.35558
13052042	38	0.1	-0.1	-1.35427
13052042	39	0.1	-0.1	4.46099
13052042	40	0.1	-0.1	-5.70627
13052042	41	0.1	-0.1	-5.20981
13052042	42	0.1	-0.1	-1.56531
13052042	43	0.1	-0.1	3.33331
13052042	44	0.1	-0.1	4.37692
13052042	45	0.1	-0.1	3.40625
13052042	46	0.1	-0.1	-5.58234
13052042	47	0.1	-0.1	-3.01057
13052042	48	0.1	-0.1	5.90696
13052042	49	0.1	-0.1	1.30932
13052042	50	0.1	-0.1	-5.4853
13052042	51	0.1	-0.1	3.77928
13052042	52	0.1	-0.1	2.83067
13052042	53	0.1	-0.1	4.22319
13052042	54	0.1	-0.1	1.75712
13052042	55	0.1	-0.1	2.53036
13052042	56	0.1	-0.1	-4.79738
13052042	57	0.1	-0.1	-0.168242
13052042	58	0.1	-0.1	-0.210581
13052042	59	0.1	-0.1	-3.64222
13052042	60	0.1	-0.1	-4.39236
13052042	61	0.1	-0.1	-4.02644
13052042	62	0.1	-0.1	2.87731
13052042	63	0.1	-0.1	-1.26091
13052042	64	0.1	-0.1	3.86334
13052042	65	0.1	-0.1	-2.86092
13052042	66	0.1	-0.1	5.95737
13052042	67	0.1	-0.1	-2.67316
13052042	68	0.1	-0.1	0.649691
13052042	69	0.1	-0.1	0.74283
13052042	70	0.1	-0.1	1.72957
13052042	71	0.1	-0.1	0.607706
13052042	72	0.1	-0.1	-0.208704
13052042	73	0.1	-0.1	5.46887
13052042	74	0.1	-0.1	-4.53684
13052042	75	0.1	-0.1	3.45394
13052042	76	0.1	-0.1	2.94705
13052042	77	0.1	-0.1	5.97954
13052042	78	0.1	-0.1	-1.38653
13052042	79	0.1	-0.1	-2.09169
13052042	80	0.1	-0.1	-4.28174
13052042	81	0.1	-0.1	-4.23095
13052042	82	0.1	-0.1	-4.74006
13052042	83	0.1	-0.1	0.568032
13052042	84	0.1	-0.1	0.377641
13052042	85	0.1	-0.1	-1.97181
13052042	86	0.1	-0.1	4.31592
13052042	87	0.1	-0.1	0.308493
13052042	88	0.1	-0.1	1.21302
13052042	89	0.1	-0.1	-0.735547
13052042	90	0.1	-0.1	-2.68805
13052042	91	0.1	-0.1	1.30215
13052042	92	0.1	-0.1	0.245964
13052042	93	0.1	-0.1	-2.63229
13052042	94	0.1	-0.1	-2.2507
13052042	95	0.1	-0.1	-2.32902
13052042	96	0.1	-0.1	0.688643
13052042	97	0.1	-0.1	-3.45351
13052042	98	0.1	-0.1	-0.420406
13052042	99	0.1	-0.1	5.59325
13052042	100	0.1	-0.1	-5.10982
13052042	101	0.1	-0.1	4.23715
13052042	102	0.1	-0.1	3.86427
13052042	103	0.1	-0.1	2.0413
13052042	104	0.1	-0.1	4.97845
13052042	105	0.1	-0.1	-4.0958
13052042	106	0.1	-0.1	-5.263
13052042	107	0.1	-0.1	4.75637
13052042	108	0.1	-0.1	3.75813
13052042	109	0.1	-0.1	1.70419
13052042	110	0.1	-0.1	2.1174
13052042	111	0.1	-0.1	4.72327
13052042	112	0.1	-0.1	-3.33178
13052042	113	0.1	-0.1	3.33273
13052042	114	0.1	-0.1	-5.2475
13052042	115	0.1	-0.1	-2.36005
13052042	116	0.1	-0.1	-3.3594
13052042	117	0.1	-0.1	5.32079
13052042	118	0.1	-0.1	-0.071349
13052042	119	0.1	-0.1	-5.38368
13052042	120	0.1	-0.1	5.43918
13052042	121	0.1	-0.1	1.3474
13052042	122	0.1	-0.1	-1.6048
13052042	123	0.1	-0.1	2.26655
13052042	124	0.1	-0.1	-5.35765
13052042	125	0.1	-0.1	-4.89058
13052042	126	0.1	-0.1	4.6679
13052042	127	0.1	-0.1	-0.864056
13052042	128	0.1	-0.1	-5.03536
13052042	129	0.1	-0.1	3.70651
13052042	130	0.1	-0.1	4.70371
13052042	131	0.1	-0.1	-4.8901
13052042	132	0.1	-0.1	5.10866
13052042	133	0.1	-0.1	-5.05584
13052042	134	0.1	-0.1	3.43485
13052042	135	0.1	-0.1	0.949798
13052042	136	0.1	-0.1	-5.04592
13052042	137	0.1	-0.1	-2.69343
13052042	138	0.1	-0.1	-0.632687
13052042	139	0.1	-0.1	4.62184
13052042	140	0.1	-0.1	3.46284
13052042	141	0.1	-0.1	5.63769
13052042	142	0.1	-0.1	3.60143
13052042	143	0.1	-0.1	-4.53833
13052042	144	0.1	-0.1	-1.41755
13052042	145	0.1	-0.1	0.690852
13052042	146	0.1	-0.1	-2.3546
13052042	147	0.1	-0.1	4.36861
13052042	148	0.1	-0.1	2.10232
13052042	149	0.1	-0.1	4.91774
13052042	150	0.1	-0.1	-4.42747
13052042	151	0.1	-0.1	1.31255
13052042	152	0.1	-0.1	1.95163
13052042	153	0.1	-0.1	0.523042
13052042	154	0.1	-0.1	-5.81832
13052042	155	0.1	-0.1	1.97243
13052042	156	0.1	-0.1	-2.30877
13052042	157	0.1	-0.1	-1.95959
13052042	158	0.1	-0.1	-0.438405
13052042	159	0.1	-0.1	-4.63544
13052042	160	0.1	-0.1	3.13221
13052042	161	0.1	-0.1	-0.718974
13052042	162	0.1	-0.1	-3.2071
13052042	163	0.1	-0.1	4.27057
13052042	164	0.1	-0.1	-1.77456
13052042	165	0.1	-0.1	2.09615
13052042	166	0.1	-0.1	-5.54933
13052042	167	0.1	-0.1	-2.52111
13052042	168	0.1	-0.1	-5.75568
13052042	169	0.1	-0.1	1.03081
13052042	170	0.1	-0.1	-3.68342
13052042	171	0.1	-0.1	2.76281
13052042	172	0.1	-0.1	-4.30815
13052042	173	0.1	-0.1	0.436227
13052042	174	0.1	-0.1	1.08563
13052042	175	0.1	-0.1	0.525581
13052042	176	0.1	-0.1	0.192126
13052042	177	0.1	-0.1	5.36306
13052042	178	0.1	-0.1	0.339047
13052042	179	0.1	-0.1	5.40694
13052042	180	0.1	-0.1	-4.36328
13052042	181	0.1	-0.1	1.30956
13052042	182	0.1	-0.1	1.48005
13052042	183	0.1	-0.1	5.13325
13052042	184	0.1	-0.1	4.97174
13052042	185	0.1	-0.1	4.86546
13052042	186	0.1	-0.1	-4.54755
13052042	187	0.1	-0.1	2.09861
13052042	188	0.1	-0.1	5.94073
13052042	189	0.1	-0.1	3.0743
13052042	190	0.1	-0.1	-4.55874
13052042	191	0.1	-0.1	-5.39194
13052042	192	0.1	-0.1	4.00001
13052042	193	0.1	-0.1	2.19473
13052042	194	0.1	-0.1	-2.26548
13052042	195	0.1	-0.1	-1.11354
13052042	196	0.1	-0.1	5.97683
13052042	197	0.1	-0.1	-5.34128
13052042	198	0.1	-0.1	-4.07159
13052042	199	0.1	-0.1	3.0144
13052042	200	0.1	-0.1	-2.9185
13052042	201	0.1	-0.1	4.04712
13052042	202	0.1	-0.1	1.33832
13052042	203	0.1	-0.1	-4.57908
13052042	204	0.1	-0.1	-0.11734
13052042	205	0.1	-0.1	4.83703
13052042	206	0.1	-0.1	-2.64285
13052042	207	0.1	-0.1	2.62939
13052042	208	0.1	-0.1	5.11089
13052042	209	0.1	-0.1	-0.191222
13052042	210	0.1	-0.1	-4.66662
13052042	211	0.1	-0.1	2.90851
13052042	212	0.1	-0.1	-2.76184
13052042	213	0.1	-0.1	2.44488
13052042	214	0.1	-0.1	-5.51641
13052042	215	0.1	-0.1	-1.49849
13052042	216	0.1	-0.1	-4.52229
13052042	217	0.1	-0.1	-1.92072
13052042	218	0.1	-0.1	-5.16464
13052042	219	0.1	-0.1	2.92231
13052042	220	0.1	-0.1	-0.79079
13052042	221	0.1	-0.1	1.55546
13052042	222	0.1	-0.1	-2.34515
13052042	223	0.1	-0.1	-1.41663
13052042	224	0.1	-0.1	1.27197
13052042	225	0.1	-0.1	-4.38505
13052042	226	0.1	-0.1	-2.48695
13052042	227	0.1	-0.1	5.31143
13052042	228	0.1	-0.1	-0.276931
13052042	229	0.1	-0.1	-4.41227
13052042	230	0.1	-0.1	-3.50256
13052042	231	0.1	-0.1	1.43266
13052042	232	0.1	-0.1	5.68765
13052042	233	0.1	-0.1	-4.59865
13052042	234	0.1	-0.1	4.73901
13052042	235	0.1	-0.1	4.87463
13052042	236	0.1	-0.1	-1.12597
13052042	237	0.1	-0.1	4.38668
13052042	238	0.1	-0.1	3.0508
13052042	239	0.1	-0.1	-0.146939
13052042	240	0.1	-0.1	0.260657
13052042	241	0.1	-0.1	-5.39773
13052042	242	0.1	-0.1	4.60959
13052042	243	0.1	-0.1	2.06538
13052042	244	0.1	-0.1	5.43768
13052042	245	0.1	-0.1	4.10336
13052042	246	0.1	-0.1	-2.90581
13052042	247	0.1	-0.1	2.85941
13052042	248	0.1	-0.1	0.834803
13052042	249	0.1	-0.1	0.956491
13052042	250	0.1	-0.1	-5.76772
13052042	251	0.1	-0.1	1.67909
13052042	252	0.1	-0.1	3.19382
13052042	253	0.1	-0.1	-0.129826
13052042	254	0.1	-0.1	-4.39457
13052042	255	0.1	-0.1	-4.85003
13052042	256	0.1	-0.1	-5.45075
13052042	257	0.1	-0.1	1.30896
13052042	258	0.1	-0.1	2.12601
13052042	259	0.1	-0.1	-5.04883
13052042	260	0.1	-0.1	-3.00141
13052042	261	0.1	-0.1	-3.3634
13052042	262	0.1	-0.1	3.60408
13052042	263	0.1	-0.1	-0.685661
13052042	264	0.1	-0.1	4.09931
13052042	265	0.1	-0.1	1.46613
13052042	266	0.1	-0.1	-2.69799
13052042	267	0.1	-0.1	5.65742
13052042	268	0.1	-0.1	-5.42878
13052042	269	0.1	-0.1	5.93234
13052042	270	0.1	-0.1	-3.23853
13052042	271	0.1	-0.1	-2.49855
13052042	272	0.1	-0.1	0.174461
13052042	273	0.1	-0.1	4.01005
13052042	274	0.1	-0.1	2.08938
13052042	275	0.1	-0.1	0.507503
13052042	276	0.1	-0.1	3.21257
13052042	277	0.1	-0.1	-3.34186
13052042	278	0.1	-0.1	-3.04495
13052042	279	0.1	-0.1	-2.2417
13052042	280	0.1	-0.1	-2.5545
13052042	281	0.1	-0.1	-5.36745
13052042	282	0.1	-0.1	-1.11705
13052042	283	0.1	-0.1	2.42667
13052042	284	0.1	-0.1	5.05428
13052042	285	0.1	-0.1	1.4359
13052042	286	0.1	-0.1	-0.0684044
13052042	287	0.1	-0.1	4.0409
13052042	288	0.1	-0.1	-3.53407
13052042	289	0.1	-0.1	1.81618
13052042	290	0.1	-0.1	1.70435
13052042	291	0.1	-0.1	4.68866
13052042	292	0.1	-0.1	1.17239
13052042	293	0.1	-0.1	5.91614
13052042	294	0.1	-0.1	-0.795185
13052042	295	0.1	-0.1	5.86781
13052042	296	0.1	-0.1	-3.0424
13052042	297	0.1	-0.1	-3.37417
13052042	298	0.1	-0.1	4.76612
13052042	299	0.1	-0.1	0.593388
13052042	300	0.1	-0.1	-1.7451
13052042	301	0.1	-0.1	3.85913
13052042	302	0.1	-0.1	4.34404
13052042	303	0.1	-0.1	1.54558
13052042	304	0.1	-0.1	2.15636
13052042	305	0.1	-0.1	-1.17982
13052042	306	0.1	-0.1	1.9926
13052042	307	0.1	-0.1	1.72942
13052042	308	0.1	-0.1	-4.64812
13052042	309	0.1	-0.1	-3.61279
13052042	310	0.1	-0.1	3.29363
13052042	311	0.1	-0.1	-1.1529
13052042	312	0.1	-0.1	1.41211
13052042	313	0.1	-0.1	-0.191847
13052042	314	0.1	-0.1	-0.945582
13052042	315	0.1	-0.1	-4.20001
13052042	316	0.1	-0.1	-3.7717
13052042	317	0.1	-0.1	2.30159
13052042	318	0.1	-0.1	-4.2504
13052042	319	0.1	-0.1	4.05212
13052042	320	0.1	-0.1	-3.8095
13052042	321	0.1	-0.1	-5.87659
13052042	322	0.1	-0.1	4.41674
13052042	323	0.1	-0.1	-2.50453
13052042	324	0.1	-0.1	4.81779
13052042	325	0.1	-0.1	-5.24436
13052042	326	0.1	-0.1	4.74795
13052042	327	0.1	-0.1	-3.76285
13052042	328	0.1	-0.1	-3.53424
13052042	329	0.1	-0.1	-0.06536
13052042	330	0.1	-0.1	-4.17118
13052042	331	0.1	-0.1	-5.74127
13052042	332	0.1	-0.1	-3.29153
13052042	333	0.1	-0.1	-3.70802
13052042	334	0.1	-0.1	-1.19876
13052042	335	0.1	-0.1	-4.50523
13052042	336	0.1	-0.1	2.76475
13052042	337	0.1	-0.1	4.463
13052042	338	0.1	-0.1	-3.76441
13052042	339	0.1	-0.1	3.0934
13052042	340	0.1	-0.1	0.522216
13052042	341	0.1	-0.1	4.9965
13052042	342	0.1	-0.1	-5.89484
13052042	343	0.1	-0.1	-5.3806
13052042	344	0.1	-0.1	0.021239
13052042	345	0.1	-0.1	0.855466
13052042	346	0.1	-0.1	3.87437
13052042	347	0.1	-0.1	1.588
13052042	348	0.1	-0.1	-3.73179
13052042	349	0.1	-0.1	4.21692
13052042	350	0.1	-0.1	-3.41768
13052042	351	0.1	-0.1	-2.75297
13052042	352	0.1	-0.1	2.73726
13052042	353	0.1	-0.1	-3.48821
13052042	354	0.1	-0.1	-0.911587
13052042	355	0.1	-0.1	-1.0285
13052042	356	0.1	-0.1	-5.41346
13052042	357	0.1	-0.1	-0.852265
13052042	358	0.1	-0.1	-3.01743
13052042	359	0.1	-0.1	1.62
13052042	360	0.1	-0.1	2.84141
13052042	361	0.1	-0.1	4.90272
13052042	362	0.1	-0.1	-5.08816
13052042	363	0.1	-0.1	2.72156
13052042	364	0.1	-0.1	2.24884
13052042	365	0.1	-0.1	-3.93757
13052042	366	0.1	-0.1	-3.9743
13052042	367	0.1	-0.1	-1.44469
13052042	368	0.1	-0.1	5.75354
13052042	369	0.1	-0.1	4.51979
13052042	370	0.1	-0.1	-4.38567
13052042	371	0.1	-0.1	3.65073
13052042	372	0.1	-0.1	5.9189
13052042	373	0.1	-0.1	-5.60534
13052042	374	0.1	-0.1	4.03317
13052042	375	0.1	-0.1	1.35249
13052042	376	0.1	-0.1	5.06757
13052042	377	0.1	-0.1	-5.43033
13052042	378	0.1	-0.1	0.274679
13052042	379	0.1	-0.1	0.343997
13052042	380	0.1	-0.1	0.161607
13052042	381	0.1	-0.1	3.71058
13052042	382	0.1	-0.1	4.54188
13052042	383	0.1	-0.1	5.16458
13052042	384	0.1	-0.1	-1.0434
13052042	385	0.1	-0.1	-0.89038
13052042	386	0.1	-0.1	2.51043
13052042	387	0.1	-0.1	5.40689
13052042	388	0.1	-0.1	2.89365
13052042	389	0.1	-0.1	-2.62857
13052042	390	0.1	-0.1	-5.951
13052042	391	0.1	-0.1	-2.74054
13052042	392	0.1	-0.1	-1.10352
13052042	393	0.1	-0.1	0.422267
13052042	394	0.1	-0.1	-2.67463
13052042	395	0.1	-0.1	-3.98435
13052042	396	0.1	-0.1	-3.61789
13052042	397	0.1	-0.1	0.550997
13052042	398	0.1	-0.1	5.28482
13052042	399	0.1	-0.1	-4.40651
13052042	400	0.1	-0.1	3.62873
13052042	401	0.1	-0.1	-2.93214
13052042	402	0.1	-0.1	-4.88177
13052042	403	0.1	-0.1	3.05573
13052042	404	0.1	-0.1	-3.25495
13052042	405	0.1	-0.1	2.66928
13052042	406	0.1	-0.1	-5.47532
13052042	407	0.1	-0.1	1.73561
13052042	408	0.1	-0.1	2.78229
13052042	409	0.1	-0.1	5.117
13052042	410	0.1	-0.1	2.37207
13052042	411	0.1	-0.1	3.05423
13052042	412	0.1	-0.1	-2.3383
13052042	413	0.1	-0.1	-0.100194
13052042	414	0.1	-0.1	3.9828
13052042	415	0.1	-0.1	-1.0376
13052042	416	0.1	-0.1	-5.22626
13052042	417	0.1	-0.1	-0.243327
13052042	418	0.1	-0.1	-0.0554131
13052042	419	0.1	-0.1	0.0241277
13052042	420	0.1	-0.1	1.84304
13052042	421	0.1	-0.1	-1.42152
13052042	422	0.1	-0.1	3.78366
13052042	423	0.1	-0.1	2.05421
13052042	424	0.1	-0.1	2.04966
13052042	425	0.1	-0.1	0.239512
13052042	426	0.1	-0.1	-3.20623
13052042	427	0.1	-0.1	-3.09327
13052042	428	0.1	-0.1	5.41664
13052042	429	0.1	-0.1	5.38958
13052042	430	0.1	-0.1	-4.47722
13052042	431	0.1	-0.1	-3.16493
13052042	432	0.1	-0.1	3.6499
13052042	433	0.1	-0.1	3.42024
13052042	434	0.1	-0.1	3.90911
13052042	435	0.1	-0.1	-0.165286
13052042	436	0.1	-0.1	1.82624
13052042	437	0.1	-0.1	4.22914
13052042	438	0.1	-0.1	-4.4195
13052042	439	0.1	-0.1	-0.118913
13052042	440	0.1	-0.1	0.717065
13052042	441	0.1	-0.1	4.25233
13052042	442	0.1	-0.1	-3.40924
13052042	443	0.1	-0.1	5.22734
13052042	444	0.1	-0.1	0.943904
13052042	445	0.1	-0.1	-3.34302
13052042	446	0.1	-0.1	1.81691
13052042	447	0.1	-0.1	-2.78349
13052042	448	0.1	-0.1	-0.43375
13052042	449	0.1	-0.1	0.583366
13052042	450	0.1	-0.1	-5.96527
13052042	451	0.1	-0.1	5.59102
13052042	452	0.1	-0.1	2.96886
13052042	453	0.1	-0.1	2.55436
13052042	454	0.1	-0.1	-1.70188
13052042	455	0.1	-0.1	-1.45802
13052042	456	0.1	-0.1	-0.158048
13052042	457	0.1	-0.1	-4.96569
13052042	458	0.1	-0.1	2.5027
13052042	459	0.1	-0.1	-4.12748
13052042	460	0.1	-0.1	0.390525
13052042	461	0.1	-0.1	-2.1072
13052042	462	0.1	-0.1	-4.21956
13052042	463	0.1	-0.1	2.10954
13052042	464	0.1	-0.1	-4.49374
13052042	465	0.1	-0.1	-2.97436
13052042	466	0.1	-0.1	2.31333
13052042	467	0.1	-0.1	3.00406
13052042	468	0.1	-0.1	-4.89577
13052042	469	0.1	-0.1	0.0588411
13052042	470	0.1	-0.1	4.29714
13052042	471	0.1	-0.1	-1.47016
13052042	472	0.1	-0.1	-2.66966
13052042	473	0.1	-0.1	2.87369
13052042	474	0.1	-0.1	-1.51598
13052042	475	0.1	-0.1	-3.30647
13052042	476	0.1	-0.1	0.726484
13052042	477	0.1	-0.1	-5.07703
13052042	478	0.1	-0.1	-2.2561
13052042	479	0.1	-0.1	3.07372
13052042	480	0.1	-0.1	2.93975
13052042	481	0.1	-0.1	4.62585
13052042	482	0.1	-0.1	3.52058
13052042	483	0.1	-0.1	4.20245
13052042	484	0.1	-0.1	2.44123
13052042	485	0.1	-0.1	-4.58671
13052042	486	0.1	-0.1	-4.323
13052042	487	0.1	-0.1	-2.82283
13052042	488	0.1	-0.1	5.40486
13052042	489	0.1	-0.1	-1.76519
13052042	490	0.1	-0.1	-3.96141
13052042	491	0.1	-0.1	1.84714
13052042	492	0.1	-0.1	-1.51824
13052042	493	0.1	-0.1	5.87278
13052042	494	0.1	-0.1	-2.32953
13052042	495	0.1	-0.1	-4.22005
13052042	496	0.1	-0.1	-3.55955
13052042	497	0.1	-0.1	3.55526
13052042	498	0.1	-0.1	5.84672
13052042	499	0.1	-0.1	-3.51968
13052042	500	0.1	-0.1	1.89014
13052042	501	0.1	-0.1	1.52413
13052042	502	0.1	-0.1	-1.20944
13052042	503	0.1	-0.1	3.42185
13052042	504	0.1	-0.1	-3.60498
13052042	505	0.1	-0.1	-2.32573
13052042	506	0.1	-0.1	-4.50607
13052042	507	0.1	-0.1	1.14611
13052042	508	0.1	-0.1	-2.91256
13052042	509	0.1	-0.1	-0.0642749
13052042	510	0.1	-0.1	-4.55553
13052042	511	0.1	-0.1	1.00173
13052042	512	0.1	-0.1	4.51044
13052042	513	0.1	-0.1	-0.740793
13052042	514	0.1	-0.1	4.47191
13052042	515	0.1	-0.1	-1.47075
13052042	516	0.1	-0.1	3.92347
13052042	517	0.1	-0.1	-3.172
13052042	518	0.1	-0.1	-4.95663
13052042	519	0.1	-0.1	-0.835393
13052042	520	0.1	-0.1	-4.11763
13052042	521	0.1	-0.1	2.04126
13052042	522	0.1	-0.1	-4.91741
13052042	523	0.1	-0.1	-5.44209
13052042	524	0.1	-0.1	2.49855
13052042	525	0.1	-0.1	-5.3857
13052042	526	0.1	-0.1	1.75664
13052042	527	0.1	-0.1	1.22466
13052042	528	0.1	-0.1	-5.07696
13052042	529	0.1	-0.1	-5.61186
13052042	530	0.1	-0.1	-1.88204
13052042	531	0.1	-0.1	-5.34692
13052042	532	0.1	-0.1	3.08365
13052042	533	0.1	-0.1	-0.343797
13052042	534	0.1	-0.1	3.27529
13052042	535	0.1	-0.1	4.87681
13052042	536	0.1	-0.1	-4.09086
13052042	537	0.1	-0.1	-0.691117
13052042	538	0.1	-0.1	3.4829
13052042	539	0.1	-0.1	1.77521
13052042	540	0.1	-0.1	2.9166
13052042	541	0.1	-0.1	0.350719
13052042	542	0.1	-0.1	4.39977
13052042	543	0.1	-0.1	1.4365
13052042	544	0.1	-0.1	-3.88519
13052042	545	0.1	-0.1	-5.1945
13052042	546	0.1	-0.1	-4.13473
13052042	547	0.1	-0.1	4.64655
13052042	548	0.1	-0.1	-2.50665
13052042	549	0.1	-0.1	2.29931
13052042	550	0.1	-0.1	-4.01088
13052042	551	0.1	-0.1	2.1949
13052042	552	0.1	-0.1	-1.49679
13052042	553	0.1	-0.1	4.2526
13052042	554	0.1	-0.1	4.5001
13052042	555	0.1	-0.1	-5.19075
13052042	556	0.1	-0.1	2.45588
13052042	557	0.1	-0.1	4.27916
13052042	558	0.1	-0.1	-2.81485
13052042	559	0.1	-0.1	3.87272
13052042	560	0.1	-0.1	4.00582
13052042	561	0.1	-0.1	-4.44039
13052042	562	0.1	-0.1	-4.84565
13052042	563	0.1	-0.1	-1.95257
13052042	564	0.1	-0.1	-4.603
13052042	565	0.1	-0.1	1.64606
13052042	566	0.1	-0.1	-3.937
13052042	567	0.1	-0.1	-2.07923
13052042	568	0.1	-0.1	0.476166
13052042	569	0.1	-0.1	-0.038053
13052042	570	0.1	-0.1	-4.61396
13052042	571	0.1	-0.1	0.239302
13052042	572	0.1	-0.1	0.469202
13052042	573	0.1	-0.1	3.29822
13052042	574	0.1	-0.1	1.50952
13052042	575	0.1	-0.1	4.47718
13052042	576	0.1	-0.1	2.31834
13052042	577	0.1	-0.1	-0.0863662
13052042	578	0.1	-0.1	-3.85237
13052042	579	0.1	-0.1	-0.84299
13052042	580	0.1	-0.1	-2.14473
13052042	581	0.1	-0.1	-1.12768
13052042	582	0.1	-0.1	-2.22582
13052042	583	0.1	-0.1	3.24129
13052042	584	0.1	-0.1	5.16328
13052042	585	0.1	-0.1	-4.27313
13052042	586	0.1	-0.1	-2.7268
13052042	587	0.1	-0.1	5.68804
13052042	588	0.1	-0.1	5.46159
13052042	589	0.1	-0.1	-5.16889
13052042	590	0.1	-0.1	-4.0717
13052042	591	0.1	-0.1	4.20246
13052042	592	0.1	-0.1	-1.02606
13052042	593	0.1	-0.1	-2.44446
13052042	594	0.1	-0.1	1.77482
13052042	595	0.1	-0.1	-0.300359
13052042	596	0.1	-0.1	-1.99033
13052042	597	0.1	-0.1	-1.17713
13052042	598	0.1	-0.1	-2.21689
13052042	599	0.1	-0.1	-5.3509
13052042	600	0.1	-0.1	-1.14704
13052042	601	0.1	-0.1	1.57286
13052042	602	0.1	-0.1	-5.93503
13052042	603	0.1	-0.1	4.11266
13052042	604	0.1	-0.1	-3.24977
13052042	605	0.1	-0.1	-5.45035
13052042	606	0.1	-0.1	-3.76248
13052042	607	0.1	-0.1	-4.59066
13052042	608	0.1	-0.1	-1.24177
13052042	609	0.1	-0.1	1.86997
13052042	610	0.1	-0.1	-5.36489
13052042	611	0.1	-0.1	5.3178
13052042	612	0.1	-0.1	2.88736
13052042	613	0.1	-0.1	4.47725
13052042	614	0.1	-0.1	-4.25723
13052042	615	0.1	-0.1	-3.76657
13052042	616	0.1	-0.1	1.09005
13052042	617	0.1	-0.1	-1.16756
13052042	618	0.1	-0.1	-3.54253
13052042	619	0.1	-0.1	5.57189
13052042	620	0.1	-0.1	-0.0710339
13052042	621	0.1	-0.1	4.14918
13052042	622	0.1	-0.1	-3.48875
13052042	623	0.1	-0.1	1.20906
13052042	624	0.1	-0.1	-2.26706
13052042	625	0.1	-0.1	-1.29792
13052042	626	0.1	-0.1	1.17266
13052042	627	0.1	-0.1	4.2281
13052042	628	0.1	-0.1	-4.47092
13052042	629	0.1	-0.1	2.96132
13052042	630	0.1	-0.1	-5.16937
13052042	631	0.1	-0.1	-4.24966
13052042	632	0.1	-0.1	1.72074
13052042	633	0.1	-0.1	4.40951
13052042	634	0.1	-0.1	-0.361305
13052042	635	0.1	-0.1	3.39909
13052042	636	0.1	-0.1	-0.597128
13052042	637	0.1	-0.1	-0.78076
13052042	638	0.1	-0.1	-0.296909
13052042	639	0.1	-0.1	-3.75494
13052042	640	0.1	-0.1	-0.408432
13052042	641	0.1	-0.1	4.19745
13052042	642	0.1	-0.1	-5.71051
13052042	643	0.1	-0.1	0.780421
13052042	644	0.1	-0.1	0.759567
13052042	645	0.1	-0.1	-2.70724
13052042	646	0.1	-0.1	2.98547
13052042	647	0.1	-0.1	5.70087
13052042	648	0.1	-0.1	2.06036
13052042	649	0.1	-0.1	5.21733
13052042	650	0.1	-0.1	-2.58968
13052042	651	0.1	-0.1	2.49022
13052042	652	0.1	-0.1	4.34683
13052042	653	0.1	-0.1	-0.853095
13052042	654	0.1	-0.1	4.19873
13052042	655	0.1	-0.1	-2.83746
13052042	656	0.1	-0.1	-5.78102
13052042	657	0.1	-0.1	-3.02201
13052042	658	0.1	-0.1	2.46726
13052042	659	0.1	-0.1	-4.95808
13052042	660	0.1	-0.1	-0.989087
13052042	661	0.1	-0.1	-4.73859
13052042	662	0.1	-0.1	3.47062
13052042	663	0.1	-0.1	-4.69597
13052042	664	0.1	-0.1	-4.01808
13052042	665	0.1	-0.1	-5.47155
13052042	666	0.1	-0.1	1.19003
13052042	667	0.1	-0.1	-2.95265
13052042	668	0.1	-0.1	-1.13183
13052042	669	0.1	-0.1	5.28022
13052042	670	0.1	-0.1	-2.28853
13052042	671	0.1	-0.1	-0.103995
13052042	672	0.1	-0.1	-4.35728
13052042	673	0.1	-0.1	-1.72764
13052042	674	0.1	-0.1	-5.57861
13052042	675	0.1	-0.1	-5.15061
13052042	676	0.1	-0.1	1.28019
13052042	677	0.1	-0.1	-4.91443
13052042	678	0.1	-0.1	-2.0891
13052042	679	0.1	-0.1	-1.92465
13052042	680	0.1	-0.1	4.55618
13052042	681	0.1	-0.1	3.88925
13052042	682	0.1	-0.1	-2.4041
13052042	683	0.1	-0.1	0.442983
13052042	684	0.1	-0.1	3.6581
13052042	685	0.1	-0.1	3.91694
13052042	686	0.1	-0.1	-5.75415
13052042	687	0.1	-0.1	-0.454449
13052042	688	0.1	-0.1	-1.13524
13052042	689	0.1	-0.1	0.29143
13052042	690	0.1	-0.1	0.387367
13052042	691	0.1	-0.1	1.20891
13052042	692	0.1	-0.1	-3.61986
13052042	693	0.1	-0.1	-5.13329
13052042	694	0.1	-0.1	3.25861
13052042	695	0.1	-0.1	2.69993
13052042	696	0.1	-0.1	-3.41798
13052042	697	0.1	-0.1	4.92783
13052042	698	0.1	-0.1	-1.12789
13052042	699	0.1	-0.1	3.90835
13052042	700	0.1	-0.1	0.230009
13052042	701	0.1	-0.1	1.006
13052042	702	0.1	-0.1	1.28928
13052042	703	0.1	-0.1	2.92858
13052042	704	0.1	-0.1	3.62202
13052042	705	0.1	-0.1	3.40246
13052042	706	0.1	-0.1	-5.1156
13052042	707	0.1	-0.1	-3.77585
13052042	708	0.1	-0.1	3.47631
13052042	709	0.1	-0.1	-3.60297
13052042	710	0.1	-0.1	-4.9211
13052042	711	0.1	-0.1	0.885183
13052042	712	0.1	-0.1	4.33152
13052042	713	0.1	-0.1	-0.865603
13052042	714	0.1	-0.1	0.0506708
13052042	715	0.1	-0.1	2.15618
13052042	716	0.1	-0.1	4.00752
13052042	717	0.1	-0.1	-1.26296
13052042	718	0.1	-0.1	4.49256
13052042	719	0.1	-0.1	4.99847
13052042	720	0.1	-0.1	5.78286
13052042	721	0.1	-0.1	-3.08347
13052042	722	0.1	-0.1	4.92231
13052042	723	0.1	-0.1	-0.677587
13052042	724	0.1	-0.1	-2.24401
13052042	725	0.1	-0.1	-2.44428
13052042	726	0.1	-0.1	-5.9466
13052042	727	0.1	-0.1	3.4332
13052042	728	0.1	-0.1	0.622396
13052042	729	0.1	-0.1	-4.01863
13052042	730	0.1	-0.1	-3.53789
13052042	731	0.1	-0.1	4.6862
13052042	732	0.1	-0.1	1.99708
13052042	733	0.1	-0.1	-5.66406
13052042	734	0.1	-0.1	-3.38071
13052042	735	0.1	-0.1	4.81473
13052042	736	0.1	-0.1	5.63511
13052042	737	0.1	-0.1	1.70905
13052042	738	0.1	-0.1	-3.99369
13052042	739	0.1	-0.1	-2.39232
13052042	740	0.1	-0.1	4.90956
13052042	741	0.1	-0.1	5.26301
13052042	742	0.1	-0.1	1.93745
13052042	743	0.1	-0.1	3.85347
13052042	744	0.1	-0.1	-2.46274
13052042	745	0.1	-0.1	-2.85759
13052042	746	0.1	-0.1	2.49483
13052042	747	0.1	-0.1	4.95284
13052042	748	0.1	-0.1	0.259794
13052042	749	0.1	-0.1	5.62447
13052042	750	0.1	-0.1	-2.85678
13052042	751	0.1	-0.1	4.02641
13052042	752	0.1	-0.1	-0.217164
13052042	753	0.1	-0.1	-5.27583
13052042	754	0.1	-0.1	-0.166753
13052042	755	0.1	-0.1	3.87293
13052042	756	0.1	-0.1	-1.68889
13052042	757	0.1	-0.1	3.00312
13052042	758	0.1	-0.1	-0.110638
13052042	759	0.1	-0.1	-5.11025
13052042	760	0.1	-0.1	2.25424
13052042	761	0.1	-0.1	4.2983
13052042	762	0.1	-0.1	0.56787
13052042	763	0.1	-0.1	0.0836182
13052042	764	0.1	-0.1	1.03312
13052042	765	0.1	-0.1	4.5068
13052042	766	0.1	-0.1	-0.667717
13052042	767	0.1	-0.1	-5.2987
13052042	768	0.1	-0.1	-0.817763
13052042	769	0.1	-0.1	3.7894
13052042	770	0.1	-0.1	0.912201
13052042	771	0.1	-0.1	-1.11199
13052042	772	0.1	-0.1	-1.31165
13052042	773	0.1	-0.1	3.70911
13052042	774	0.1	-0.1	-3.10295
13052042	775	0.1	-0.1	-3.60666
13052042	776	0.1	-0.1	-4.23831
13052042	777	0.1	-0.1	2.66221
13052042	778	0.1	-0.1	-0.442748
13052042	779	0.1	-0.1	5.62994
13052042	780	0.1	-0.1	-3.28775
13052042	781	0.1	-0.1	3.85443
13052042	782	0.1	-0.1	4.57159
13052042	783	0.1	-0.1	-4.98573
13052042	784	0.1	-0.1	-3.03089
13052042	785	0.1	-0.1	-0.214405
13052042	786	0.1	-0.1	-5.10217
13052042	787	0.1	-0.1	-5.81841
13052042	788	0.1	-0.1	-3.19859
13052042	789	0.1	-0.1	5.84456
13052042	790	0.1	-0.1	1.37498
13052042	791	0.1	-0.1	1.57321
13052042	792	0.1	-0.1	0.0335191
13052042	793	0.1	-0.1	0.0310499
13052042	794	0.1	-0.1	-4.37005
13052042	795	0.1	-0.1	0.885803
13052042	796	0.1	-0.1	2.26594
13052042	797	0.1	-0.1	-0.0615668
13052042	798	0.1	-0.1	-0.513506
13052042	799	0.1	-0.1	-0.910942
13052042	800	0.1	-0.1	4.36605
13052042	801	0.1	-0.1	-1.82183
13052042	802	0.1	-0.1	-0.645293
13052042	803	0.1	-0.1	2.56247
13052042	804	0.1	-0.1	2.20729
13052042	805	0.1	-0.1	0.586347
13052042	806	0.1	-0.1	2.83142
13052042	807	0.1	-0.1	4.15268
13052042	808	0.1	-0.1	-3.0522
13052042	809	0.1	-0.1	-4.82269
13052042	810	0.1	-0.1	3.27938
13052042	811	0.1	-0.1	0.877059
13052042	812	0.1	-0.1	-2.56532
13052042	813	0.1	-0.1	2.02017
13052042	814	0.1	-0.1	-4.2074
13052042	815	0.1	-0.1	-1.41087
13052042	816	0.1	-0.1	1.94937
13052042	817	0.1	-0.1	0.816382
13052042	818	0.1	-0.1	-4.72794
13052042	819	0.1	-0.1	5.22129
13052042	820	0.1	-0.1	-3.78061
13052042	821	0.1	-0.1	-1.33858
13052042	822	0.1	-0.1	-5.43588
13052042	823	0.1	-0.1	1.3621
13052042	824	0.1	-0.1	-3.3178
13052042	825	0.1	-0.1	1.17659
13052042	826	0.1	-0.1	0.85828
13052042	827	0.1	-0.1	5.04664
13052042	828	0.1	-0.1	0.108317
13052042	829	0.1	-0.1	-1.52418
13052042	830	0.1	-0.1	4.42242
13052042	831	0.1	-0.1	2.58961
13052042	832	0.1	-0.1	-0.587484
13052042	833	0.1	-0.1	-5.20457
13052042	834	0.1	-0.1	-1.19126
13052042	835	0.1	-0.1	-0.94467
13052042	836	0.1	-0.1	-3.52245
13052042	837	0.1	-0.1	5.28047
13052042	838	0.1	-0.1	-0.125572
13052042	839	0.1	-0.1	0.295004
13052042	840	0.1	-0.1	-3.78765
13052042	841	0.1	-0.1	1.13886
13052042	842	0.1	-0.1	-3.67311
13052042	843	0.1	-0.1	-3.19014
13052042	844	0.1	-0.1	1.6213
13052042	845	0.1	-0.1	-1.91445
13052042	846	0.1	-0.1	0.578772
13052042	847	0.1	-0.1	-4.76401
13052042	848	0.1	-0.1	-4.2799
13052042	849	0.1	-0.1	5.9453
13052042	850	0.1	-0.1	4.19652
13052042	851	0.1	-0.1	-1.0383
13052042	852	0.1	-0.1	-5.27485
13052042	853	0.1	-0.1	1.45529
13052042	854	0.1	-0.1	-5.864
13052042	855	0.1	-0.1	-0.943057
13052042	856	0.1	-0.1	4.52243
13052042	857	0.1	-0.1	4.83177
13052042	858	0.1	-0.1	0.868063
13052042	859	0.1	-0.1	5.0191
13052042	860	0.1	-0.1	3.9462
13052042	861	0.1	-0.1	-0.295868
13052042	862	0.1	-0.1	1.78893
13052042	863	0.1	-0.1	4.32193
13052042	864	0.1	-0.1	-4.35834
13052042	865	0.1	-0.1	-5.0436
13052042	866	0.1	-0.1	-4.59958
13052042	867	0.1	-0.1	3.70569
13052042	868	0.1	-0.1	-1.73736
13052042	869	0.1	-0.1	-5.41648
13052042	870	0.1	-0.1	-3.28676
13052042	871	0.1	-0.1	-1.17768
13052042	872	0.1	-0.1	-3.40597
13052042	873	0.1	-0.1	0.217843
13052042	874	0.1	-0.1	0.781904
13052042	875	0.1	-0.1	-0.509497
13052042	876	0.1	-0.1	4.37199
13052042	877	0.1	-0.1	4.0441
13052042	878	0.1	-0.1	-4.76046
13052042	879	0.1	-0.1	-0.709919
13052042	880	0.1	-0.1	-2.32547
13052042	881	0.1	-0.1	-1.47707
13052042	882	0.1	-0.1	-3.96349
13052042	883	0.1	-0.1	-0.217036
13052042	884	0.1	-0.1	5.95556
13052042	885	0.1	-0.1	-4.46727
13052042	886	0.1	-0.1	2.49149
13052042	887	0.1	-0.1	2.1921
13052042	888	0.1	-0.1	0.3994
13052042	889	0.1	-0.1	-5.31824
13052042	890	0.1	-0.1	-4.73314
13052042	891	0.1	-0.1	-3.41368
13052042	892	0.1	-0.1	1.9779
13052042	893	0.1	-0.1	-5.87326
13052042	894	0.1	-0.1	-2.08089
13052042	895	0.1	-0.1	4.87589
13052042	896	0.1	-0.1	-2.2543
13052042	897	0.1	-0.1	0.380912
13052042	898	0.1	-0.1	5.41293
13052042	899	0.1	-0.1	4.02021
13052042	900	0.1	-0.1	4.62916
13052042	901	0.1	-0.1	5.36852
13052042	902	0.1	-0.1	0.136343
13052042	903	0.1	-0.1	-3.1775
13052042	904	0.1	-0.1	5.16752
13052042	905	0.1	-0.1	2.46884
13052042	906	0.1	-0.1	3.74196
13052042	907	0.1	-0.1	-2.67737
13052042	908	0.1	-0.1	2.89413
13052042	909	0.1	-0.1	4.56508
13052042	910	0.1	-0.1	-3.44412
13052042	911	0.1	-0.1	-4.14662
13052042	912	0.1	-0.1	5.27531
13052042	913	0.1	-0.1	-1.02687
13052042	914	0.1	-0.1	5.71221
13052042	915	0.1	-0.1	4.27836
13052042	916	0.1	-0.1	-3.92629
13052042	917	0.1	-0.1	-3.32198
13052042	918	0.1	-0.1	-5.84848
13052042	919	0.1	-0.1	-5.37967
13052042	920	0.1	-0.1	-0.791108
13052042	921	0.1	-0.1	0.650415
13052042	922	0.1	-0.1	2.8904
13052042	923	0.1	-0.1	5.86957
13052042	924	0.1	-0.1	-5.27987
13052042	925	0.1	-0.1	-1.95252
13052042	926	0.1	-0.1	-0.144747
13052042	927	0.1	-0.1	-2.59346
13052042	928	0.1	-0.1	-4.80484
13052042	929	0.1	-0.1	1.59383
13052042	930	0.1	-0.1	-4.29355
13052042	931	0.1	-0.1	0.489441
13052042	932	0.1	-0.1	-4.28464
13052042	933	0.1	-0.1	-2.95659
13052042	934	0.1	-0.1	-4.25935
13052042	935	0.1	-0.1	1.10167
13052042	936	0.1	-0.1	-1.9661
13052042	937	0.1	-0.1	3.68833
13052042	938	0.1	-0.1	-4.89262
13052042	939	0.1	-0.1	1.39308
13052042	940	0.1	-0.1	4.69469
13052042	941	0.1	-0.1	-0.744271
13052042	942	0.1	-0.1	-0.493899
13052042	943	0.1	-0.1	4.01162
13052042	944	0.1	-0.1	-4.5061
13052042	945	0.1	-0.1	-1.38604
13052042	946	0.1	-0.1	4.02202
13052042	947	0.1	-0.1	-1.62025
13052042	948	0.1	-0.1	2.92309
13052042	949	0.1	-0.1	-0.279745
13052042	950	0.1	-0.1	-3.34605
13052042	951	0.1	-0.1	0.526434
13052042	952	0.1	-0.1	0.150518
13052042	953	0.1	-0.1	3.28533
13052042	954	0.1	-0.1	2.6833
13052042	955	0.1	-0.1	1.23466
13052042	956	0.1	-0.1	2.66231
13052042	957	0.1	-0.1	-0.360688
13052042	958	0.1	-0.1	4.0765
13052042	959	0.1	-0.1	-3.59194
13052042	960	0.1	-0.1	5.93396
13052042	961	0.1	-0.1	-0.39948
13052042	962	0.1	-0.1	-5.76061
13052042	963	0.1	-0.1	1.05745
13052042	964	0.1	-0.1	1.96997
13052042	965	0.1	-0.1	1.75564
13052042	966	0.1	-0.1	-1.04487
13052042	967	0.1	-0.1	4.94516
13052042	968	0.1	-0.1	5.35426
13052042	969	0.1	-0.1	-4.10807
13052042	970	0.1	-0.1	1.71085
13052042	971	0.1	-0.1	1.33972
13052042	972	0.1	-0.1	-3.55526
13052042	973	0.1	-0.1	5.38656
13052042	974	0.1	-0.1	1.69827
13052042	975	0.1	-0.1	1.79602
13052042	976	0.1	-0.1	-3.79121
13052042	977	0.1	-0.1	4.76665
13052042	978	0.1	-0.1	3.08661
13052042	979	0.1	-0.1	-3.77622
13052042	980	0.1	-0.1	2.92839
13052042	981	0.1	-0.1	4.13434
13052042	982	0.1	-0.1	-4.0869
13052042	983	0.1	-0.1	-5.71305
13052042	984	0.1	-0.1	-0.738255
13052042	985	0.1	-0.1	3.72827
13052042	986	0.1	-0.1	-4.67601
13052042	987	0.1	-0.1	-3.63731
13052042	988	0.1	-0.1	-3.27553
13052042	989	0.1	-0.1	4.62123
13052042	990	0.1	-0.1	0.235728
13052042	991	0.1	-0.1	5.07012
13052042	992	0.1	-0.1	3.75881
13052042	993	0.1	-0.1	5.4457
13052042	994	0.1	-0.1	1.1089
13052042	995	0.1	-0.1	-1.1212
13052042	996	0.1	-0.1	1.74902
13052042	997	0.1	-0.1	-0.72691
13052042	998	0.1	-0.1	-0.15946
13052042	999	0.1	-0.1	4.35709
13052042	1000	0.1	-0.1	3.62505
