13050012	1	0.1	-0.1	-0.912132
13050012	2	0.1	-0.1	-5.14143
13050012	3	0.1	-0.1	-0.380394
13050012	4	0.1	-0.1	1.76369
13050012	5	0.1	-0.1	-5.59146
13050012	6	0.1	-0.1	0.413986
13050012	7	0.1	-0.1	-0.224573
13050012	8	0.1	-0.1	-1.6615
13050012	9	0.1	-0.1	3.58227
13050012	10	0.1	-0.1	1.14268
13050012	11	0.1	-0.1	1.63279
13050012	12	0.1	-0.1	3.13717
13050012	13	0.1	-0.1	4.87347
13050012	14	0.1	-0.1	4.91877
13050012	15	0.1	-0.1	4.30274
13050012	16	0.1	-0.1	-3.05981
13050012	17	0.1	-0.1	-2.03142
13050012	18	0.1	-0.1	-1.8881
13050012	19	0.1	-0.1	-0.036797
13050012	20	0.1	-0.1	-1.84835
13050012	21	0.1	-0.1	5.12277
13050012	22	0.1	-0.1	-5.15026
13050012	23	0.1	-0.1	5.71498
13050012	24	0.1	-0.1	0.88154
13050012	25	0.1	-0.1	-0.155669
13050012	26	0.1	-0.1	0.282311
13050012	27	0.1	-0.1	-4.96473
13050012	28	0.1	-0.1	-2.16464
13050012	29	0.1	-0.1	4.15445
13050012	30	0.1	-0.1	-3.28419
13050012	31	0.1	-0.1	1.03169
13050012	32	0.1	-0.1	0.863798
13050012	33	0.1	-0.1	2.04586
13050012	34	0.1	-0.1	5.64952
13050012	35	0.1	-0.1	-0.0997749
13050012	36	0.1	-0.1	-3.44001
13050012	37	0.1	-0.1	1.72371
13050012	38	0.1	-0.1	1.38092
13050012	39	0.1	-0.1	5.50532
13050012	40	0.1	-0.1	2.68912
13050012	41	0.1	-0.1	5.51649
13050012	42	0.1	-0.1	1.26658
13050012	43	0.1	-0.1	-0.731191
13050012	44	0.1	-0.1	4.05937
13050012	45	0.1	-0.1	0.387817
13050012	46	0.1	-0.1	0.31966
13050012	47	0.1	-0.1	3.16874
13050012	48	0.1	-0.1	1.53671
13050012	49	0.1	-0.1	-3.77646
13050012	50	0.1	-0.1	-1.34226
13050012	51	0.1	-0.1	0.143194
13050012	52	0.1	-0.1	4.55069
13050012	53	0.1	-0.1	-3.64126
13050012	54	0.1	-0.1	2.36112
13050012	55	0.1	-0.1	-1.30814
13050012	56	0.1	-0.1	0.28131
13050012	57	0.1	-0.1	1.81586
13050012	58	0.1	-0.1	5.41607
13050012	59	0.1	-0.1	0.152223
13050012	60	0.1	-0.1	0.824889
13050012	61	0.1	-0.1	2.10016
13050012	62	0.1	-0.1	-5.01194
13050012	63	0.1	-0.1	3.22423
13050012	64	0.1	-0.1	2.30761
13050012	65	0.1	-0.1	1.26651
13050012	66	0.1	-0.1	2.55043
13050012	67	0.1	-0.1	5.69422
13050012	68	0.1	-0.1	-4.37338
13050012	69	0.1	-0.1	3.5095
13050012	70	0.1	-0.1	2.42261
13050012	71	0.1	-0.1	5.37273
13050012	72	0.1	-0.1	-2.81397
13050012	73	0.1	-0.1	-4.60883
13050012	74	0.1	-0.1	5.21986
13050012	75	0.1	-0.1	-5.51132
13050012	76	0.1	-0.1	-1.84835
13050012	77	0.1	-0.1	4.08698
13050012	78	0.1	-0.1	-2.83367
13050012	79	0.1	-0.1	-0.826639
13050012	80	0.1	-0.1	-0.204595
13050012	81	0.1	-0.1	0.151605
13050012	82	0.1	-0.1	-5.09362
13050012	83	0.1	-0.1	4.7955
13050012	84	0.1	-0.1	-5.16155
13050012	85	0.1	-0.1	1.21253
13050012	86	0.1	-0.1	-3.55301
13050012	87	0.1	-0.1	-1.697
13050012	88	0.1	-0.1	-1.15642
13050012	89	0.1	-0.1	-3.13447
13050012	90	0.1	-0.1	2.2286
13050012	91	0.1	-0.1	1.33376
13050012	92	0.1	-0.1	-5.48545
13050012	93	0.1	-0.1	-2.42273
13050012	94	0.1	-0.1	4.2229
13050012	95	0.1	-0.1	1.12693
13050012	96	0.1	-0.1	-0.271022
13050012	97	0.1	-0.1	-4.40733
13050012	98	0.1	-0.1	2.84754
13050012	99	0.1	-0.1	-1.09988
13050012	100	0.1	-0.1	-5.62904
13050012	101	0.1	-0.1	-0.552732
13050012	102	0.1	-0.1	4.48592
13050012	103	0.1	-0.1	0.101182
13050012	104	0.1	-0.1	-3.03877
13050012	105	0.1	-0.1	-4.62078
13050012	106	0.1	-0.1	-5.57178
13050012	107	0.1	-0.1	-1.32184
13050012	108	0.1	-0.1	0.646193
13050012	109	0.1	-0.1	-0.0906709
13050012	110	0.1	-0.1	1.88076
13050012	111	0.1	-0.1	-1.34112
13050012	112	0.1	-0.1	-1.73932
13050012	113	0.1	-0.1	-3.79306
13050012	114	0.1	-0.1	-2.7818
13050012	115	0.1	-0.1	4.7427
13050012	116	0.1	-0.1	-3.51964
13050012	117	0.1	-0.1	-0.149006
13050012	118	0.1	-0.1	4.08969
13050012	119	0.1	-0.1	3.92225
13050012	120	0.1	-0.1	-5.59656
13050012	121	0.1	-0.1	0.840132
13050012	122	0.1	-0.1	-1.21755
13050012	123	0.1	-0.1	1.07289
13050012	124	0.1	-0.1	5.25259
13050012	125	0.1	-0.1	-4.08002
13050012	126	0.1	-0.1	2.95984
13050012	127	0.1	-0.1	-5.81461
13050012	128	0.1	-0.1	5.66285
13050012	129	0.1	-0.1	-5.17016
13050012	130	0.1	-0.1	-5.50978
13050012	131	0.1	-0.1	4.63128
13050012	132	0.1	-0.1	-2.23714
13050012	133	0.1	-0.1	-5.08863
13050012	134	0.1	-0.1	5.95355
13050012	135	0.1	-0.1	-2.72639
13050012	136	0.1	-0.1	-2.44259
13050012	137	0.1	-0.1	-5.41086
13050012	138	0.1	-0.1	-5.83536
13050012	139	0.1	-0.1	3.13806
13050012	140	0.1	-0.1	0.754011
13050012	141	0.1	-0.1	2.60006
13050012	142	0.1	-0.1	5.85048
13050012	143	0.1	-0.1	0.254178
13050012	144	0.1	-0.1	2.07062
13050012	145	0.1	-0.1	2.73118
13050012	146	0.1	-0.1	1.09105
13050012	147	0.1	-0.1	-5.56007
13050012	148	0.1	-0.1	1.4249
13050012	149	0.1	-0.1	3.3048
13050012	150	0.1	-0.1	-1.83975
13050012	151	0.1	-0.1	-3.41128
13050012	152	0.1	-0.1	5.43153
13050012	153	0.1	-0.1	-0.771393
13050012	154	0.1	-0.1	-4.12916
13050012	155	0.1	-0.1	3.46679
13050012	156	0.1	-0.1	5.18153
13050012	157	0.1	-0.1	-0.695687
13050012	158	0.1	-0.1	1.17099
13050012	159	0.1	-0.1	1.10605
13050012	160	0.1	-0.1	-4.12947
13050012	161	0.1	-0.1	5.73965
13050012	162	0.1	-0.1	-5.83987
13050012	163	0.1	-0.1	1.7484
13050012	164	0.1	-0.1	0.579237
13050012	165	0.1	-0.1	-2.66706
13050012	166	0.1	-0.1	-0.0188301
13050012	167	0.1	-0.1	-1.13708
13050012	168	0.1	-0.1	4.58657
13050012	169	0.1	-0.1	-2.67198
13050012	170	0.1	-0.1	4.12082
13050012	171	0.1	-0.1	-3.73223
13050012	172	0.1	-0.1	5.99247
13050012	173	0.1	-0.1	3.44254
13050012	174	0.1	-0.1	-4.95766
13050012	175	0.1	-0.1	-0.116909
13050012	176	0.1	-0.1	3.07579
13050012	177	0.1	-0.1	5.45104
13050012	178	0.1	-0.1	-0.0321199
13050012	179	0.1	-0.1	4.85372
13050012	180	0.1	-0.1	1.63871
13050012	181	0.1	-0.1	0.284221
13050012	182	0.1	-0.1	0.372377
13050012	183	0.1	-0.1	-3.69617
13050012	184	0.1	-0.1	0.181591
13050012	185	0.1	-0.1	-0.0639013
13050012	186	0.1	-0.1	-4.86447
13050012	187	0.1	-0.1	0.79868
13050012	188	0.1	-0.1	5.01414
13050012	189	0.1	-0.1	0.169247
13050012	190	0.1	-0.1	-5.05724
13050012	191	0.1	-0.1	-2.61294
13050012	192	0.1	-0.1	-5.33752
13050012	193	0.1	-0.1	-0.606297
13050012	194	0.1	-0.1	4.27928
13050012	195	0.1	-0.1	2.89771
13050012	196	0.1	-0.1	1.43032
13050012	197	0.1	-0.1	4.60018
13050012	198	0.1	-0.1	-3.20478
13050012	199	0.1	-0.1	-0.579475
13050012	200	0.1	-0.1	-4.2858
13050012	201	0.1	-0.1	2.70077
13050012	202	0.1	-0.1	-3.60952
13050012	203	0.1	-0.1	4.42704
13050012	204	0.1	-0.1	-4.22758
13050012	205	0.1	-0.1	5.7375
13050012	206	0.1	-0.1	-0.44157
13050012	207	0.1	-0.1	-0.719626
13050012	208	0.1	-0.1	0.211256
13050012	209	0.1	-0.1	5.05679
13050012	210	0.1	-0.1	-5.13254
13050012	211	0.1	-0.1	1.4566
13050012	212	0.1	-0.1	-2.29111
13050012	213	0.1	-0.1	2.37264
13050012	214	0.1	-0.1	3.45163
13050012	215	0.1	-0.1	-2.9414
13050012	216	0.1	-0.1	4.50553
13050012	217	0.1	-0.1	1.50956
13050012	218	0.1	-0.1	3.4042
13050012	219	0.1	-0.1	3.50441
13050012	220	0.1	-0.1	5.10463
13050012	221	0.1	-0.1	2.63275
13050012	222	0.1	-0.1	-0.603974
13050012	223	0.1	-0.1	-1.68598
13050012	224	0.1	-0.1	1.36597
13050012	225	0.1	-0.1	3.19734
13050012	226	0.1	-0.1	-5.36946
13050012	227	0.1	-0.1	-0.244607
13050012	228	0.1	-0.1	-5.39886
13050012	229	0.1	-0.1	-2.83416
13050012	230	0.1	-0.1	5.25692
13050012	231	0.1	-0.1	-1.869
13050012	232	0.1	-0.1	5.77681
13050012	233	0.1	-0.1	-0.990108
13050012	234	0.1	-0.1	0.961819
13050012	235	0.1	-0.1	-0.802502
13050012	236	0.1	-0.1	3.99796
13050012	237	0.1	-0.1	-1.67283
13050012	238	0.1	-0.1	3.41868
13050012	239	0.1	-0.1	-1.59716
13050012	240	0.1	-0.1	4.65585
13050012	241	0.1	-0.1	-1.98196
13050012	242	0.1	-0.1	-5.44917
13050012	243	0.1	-0.1	2.09063
13050012	244	0.1	-0.1	-1.76876
13050012	245	0.1	-0.1	-3.18468
13050012	246	0.1	-0.1	-4.61331
13050012	247	0.1	-0.1	4.27812
13050012	248	0.1	-0.1	-0.0472649
13050012	249	0.1	-0.1	-4.65749
13050012	250	0.1	-0.1	5.33694
13050012	251	0.1	-0.1	-0.455106
13050012	252	0.1	-0.1	2.6807
13050012	253	0.1	-0.1	-3.78473
13050012	254	0.1	-0.1	-3.65741
13050012	255	0.1	-0.1	-0.400218
13050012	256	0.1	-0.1	-4.97383
13050012	257	0.1	-0.1	0.665323
13050012	258	0.1	-0.1	-4.74741
13050012	259	0.1	-0.1	-2.0612
13050012	260	0.1	-0.1	3.24851
13050012	261	0.1	-0.1	3.66246
13050012	262	0.1	-0.1	4.75611
13050012	263	0.1	-0.1	0.878849
13050012	264	0.1	-0.1	-1.82576
13050012	265	0.1	-0.1	-5.19588
13050012	266	0.1	-0.1	5.49553
13050012	267	0.1	-0.1	0.523162
13050012	268	0.1	-0.1	-4.98863
13050012	269	0.1	-0.1	-0.187607
13050012	270	0.1	-0.1	-5.77144
13050012	271	0.1	-0.1	5.99849
13050012	272	0.1	-0.1	3.36106
13050012	273	0.1	-0.1	2.21115
13050012	274	0.1	-0.1	3.89724
13050012	275	0.1	-0.1	2.85529
13050012	276	0.1	-0.1	-0.0436821
13050012	277	0.1	-0.1	5.31555
13050012	278	0.1	-0.1	-2.56207
13050012	279	0.1	-0.1	-4.59411
13050012	280	0.1	-0.1	5.69875
13050012	281	0.1	-0.1	-4.47102
13050012	282	0.1	-0.1	-2.74848
13050012	283	0.1	-0.1	-3.27278
13050012	284	0.1	-0.1	-0.156704
13050012	285	0.1	-0.1	3.82423
13050012	286	0.1	-0.1	2.56945
13050012	287	0.1	-0.1	1.33968
13050012	288	0.1	-0.1	-0.223216
13050012	289	0.1	-0.1	4.14063
13050012	290	0.1	-0.1	2.506
13050012	291	0.1	-0.1	0.335094
13050012	292	0.1	-0.1	5.46363
13050012	293	0.1	-0.1	1.36341
13050012	294	0.1	-0.1	-4.04394
13050012	295	0.1	-0.1	0.258772
13050012	296	0.1	-0.1	-1.64711
13050012	297	0.1	-0.1	2.51695
13050012	298	0.1	-0.1	4.22439
13050012	299	0.1	-0.1	-0.577434
13050012	300	0.1	-0.1	0.943604
13050012	301	0.1	-0.1	-5.97991
13050012	302	0.1	-0.1	-2.55507
13050012	303	0.1	-0.1	1.7458
13050012	304	0.1	-0.1	-1.65435
13050012	305	0.1	-0.1	-2.81851
13050012	306	0.1	-0.1	0.988148
13050012	307	0.1	-0.1	-5.86635
13050012	308	0.1	-0.1	0.506564
13050012	309	0.1	-0.1	-0.945717
13050012	310	0.1	-0.1	2.63034
13050012	311	0.1	-0.1	2.31756
13050012	312	0.1	-0.1	0.173474
13050012	313	0.1	-0.1	0.341368
13050012	314	0.1	-0.1	4.86539
13050012	315	0.1	-0.1	0.952063
13050012	316	0.1	-0.1	-5.12323
13050012	317	0.1	-0.1	-2.98829
13050012	318	0.1	-0.1	-2.7391
13050012	319	0.1	-0.1	3.54631
13050012	320	0.1	-0.1	-1.99808
13050012	321	0.1	-0.1	-3.78262
13050012	322	0.1	-0.1	3.69653
13050012	323	0.1	-0.1	-0.93181
13050012	324	0.1	-0.1	4.06453
13050012	325	0.1	-0.1	1.10965
13050012	326	0.1	-0.1	0.743112
13050012	327	0.1	-0.1	3.14796
13050012	328	0.1	-0.1	-5.34672
13050012	329	0.1	-0.1	-5.09577
13050012	330	0.1	-0.1	2.51987
13050012	331	0.1	-0.1	0.548517
13050012	332	0.1	-0.1	5.69548
13050012	333	0.1	-0.1	-4.02362
13050012	334	0.1	-0.1	-5.53215
13050012	335	0.1	-0.1	1.20264
13050012	336	0.1	-0.1	2.14372
13050012	337	0.1	-0.1	-0.513063
13050012	338	0.1	-0.1	2.06738
13050012	339	0.1	-0.1	5.80747
13050012	340	0.1	-0.1	-2.92485
13050012	341	0.1	-0.1	0.236528
13050012	342	0.1	-0.1	-4.08068
13050012	343	0.1	-0.1	-1.2615
13050012	344	0.1	-0.1	1.20996
13050012	345	0.1	-0.1	-3.94703
13050012	346	0.1	-0.1	1.87454
13050012	347	0.1	-0.1	2.04526
13050012	348	0.1	-0.1	-5.63627
13050012	349	0.1	-0.1	-5.39589
13050012	350	0.1	-0.1	-0.649521
13050012	351	0.1	-0.1	4.24356
13050012	352	0.1	-0.1	3.79973
13050012	353	0.1	-0.1	0.711584
13050012	354	0.1	-0.1	4.73831
13050012	355	0.1	-0.1	4.91553
13050012	356	0.1	-0.1	1.15252
13050012	357	0.1	-0.1	5.85687
13050012	358	0.1	-0.1	5.41733
13050012	359	0.1	-0.1	-3.8046
13050012	360	0.1	-0.1	-3.61335
13050012	361	0.1	-0.1	-3.55713
13050012	362	0.1	-0.1	-0.027178
13050012	363	0.1	-0.1	2.59223
13050012	364	0.1	-0.1	3.18884
13050012	365	0.1	-0.1	3.17367
13050012	366	0.1	-0.1	-4.19156
13050012	367	0.1	-0.1	-5.05704
13050012	368	0.1	-0.1	3.54816
13050012	369	0.1	-0.1	4.77098
13050012	370	0.1	-0.1	4.89215
13050012	371	0.1	-0.1	-0.830581
13050012	372	0.1	-0.1	3.58661
13050012	373	0.1	-0.1	-2.92589
13050012	374	0.1	-0.1	3.89696
13050012	375	0.1	-0.1	-2.46337
13050012	376	0.1	-0.1	-3.88235
13050012	377	0.1	-0.1	-5.69588
13050012	378	0.1	-0.1	5.42471
13050012	379	0.1	-0.1	4.46418
13050012	380	0.1	-0.1	3.87403
13050012	381	0.1	-0.1	-5.51006
13050012	382	0.1	-0.1	-4.18894
13050012	383	0.1	-0.1	3.05684
13050012	384	0.1	-0.1	3.40435
13050012	385	0.1	-0.1	-3.56548
13050012	386	0.1	-0.1	-3.01846
13050012	387	0.1	-0.1	-3.39602
13050012	388	0.1	-0.1	4.64069
13050012	389	0.1	-0.1	1.55031
13050012	390	0.1	-0.1	1.32207
13050012	391	0.1	-0.1	1.2305
13050012	392	0.1	-0.1	4.1942
13050012	393	0.1	-0.1	1.20527
13050012	394	0.1	-0.1	0.978234
13050012	395	0.1	-0.1	-3.22516
13050012	396	0.1	-0.1	2.23534
13050012	397	0.1	-0.1	0.504451
13050012	398	0.1	-0.1	5.67064
13050012	399	0.1	-0.1	5.85229
13050012	400	0.1	-0.1	-4.74089
13050012	401	0.1	-0.1	1.34415
13050012	402	0.1	-0.1	-5.66674
13050012	403	0.1	-0.1	-5.92919
13050012	404	0.1	-0.1	3.82563
13050012	405	0.1	-0.1	-2.48768
13050012	406	0.1	-0.1	1.2982
13050012	407	0.1	-0.1	1.30738
13050012	408	0.1	-0.1	-2.2384
13050012	409	0.1	-0.1	3.92489
13050012	410	0.1	-0.1	-4.2953
13050012	411	0.1	-0.1	-0.111155
13050012	412	0.1	-0.1	3.53623
13050012	413	0.1	-0.1	-0.155802
13050012	414	0.1	-0.1	-1.90979
13050012	415	0.1	-0.1	2.39869
13050012	416	0.1	-0.1	-1.15922
13050012	417	0.1	-0.1	-5.60653
13050012	418	0.1	-0.1	-3.34317
13050012	419	0.1	-0.1	-1.8127
13050012	420	0.1	-0.1	3.56766
13050012	421	0.1	-0.1	2.89642
13050012	422	0.1	-0.1	-2.1526
13050012	423	0.1	-0.1	1.83788
13050012	424	0.1	-0.1	-4.93601
13050012	425	0.1	-0.1	-3.9668
13050012	426	0.1	-0.1	0.792959
13050012	427	0.1	-0.1	0.293257
13050012	428	0.1	-0.1	0.149811
13050012	429	0.1	-0.1	-3.62307
13050012	430	0.1	-0.1	-2.11618
13050012	431	0.1	-0.1	4.85307
13050012	432	0.1	-0.1	-2.02484
13050012	433	0.1	-0.1	1.6458
13050012	434	0.1	-0.1	-3.50163
13050012	435	0.1	-0.1	-4.70614
13050012	436	0.1	-0.1	5.95895
13050012	437	0.1	-0.1	3.6116
13050012	438	0.1	-0.1	-2.15856
13050012	439	0.1	-0.1	-4.50796
13050012	440	0.1	-0.1	-0.443185
13050012	441	0.1	-0.1	0.521351
13050012	442	0.1	-0.1	2.06008
13050012	443	0.1	-0.1	-5.06945
13050012	444	0.1	-0.1	0.839412
13050012	445	0.1	-0.1	-3.21993
13050012	446	0.1	-0.1	0.0789322
13050012	447	0.1	-0.1	3.39424
13050012	448	0.1	-0.1	0.572342
13050012	449	0.1	-0.1	-1.0504
13050012	450	0.1	-0.1	2.78884
13050012	451	0.1	-0.1	-3.04042
13050012	452	0.1	-0.1	-4.28894
13050012	453	0.1	-0.1	1.26689
13050012	454	0.1	-0.1	-1.95395
13050012	455	0.1	-0.1	5.71893
13050012	456	0.1	-0.1	4.32189
13050012	457	0.1	-0.1	5.75334
13050012	458	0.1	-0.1	-3.80651
13050012	459	0.1	-0.1	-0.145872
13050012	460	0.1	-0.1	-3.80281
13050012	461	0.1	-0.1	2.14935
13050012	462	0.1	-0.1	-1.60958
13050012	463	0.1	-0.1	5.86825
13050012	464	0.1	-0.1	-0.534558
13050012	465	0.1	-0.1	-0.319415
13050012	466	0.1	-0.1	-1.86568
13050012	467	0.1	-0.1	1.07916
13050012	468	0.1	-0.1	0.73647
13050012	469	0.1	-0.1	0.639105
13050012	470	0.1	-0.1	-1.22136
13050012	471	0.1	-0.1	2.69164
13050012	472	0.1	-0.1	-2.85235
13050012	473	0.1	-0.1	-2.71925
13050012	474	0.1	-0.1	-1.16121
13050012	475	0.1	-0.1	0.996934
13050012	476	0.1	-0.1	2.81074
13050012	477	0.1	-0.1	5.03609
13050012	478	0.1	-0.1	2.77507
13050012	479	0.1	-0.1	-4.56093
13050012	480	0.1	-0.1	1.13582
13050012	481	0.1	-0.1	-1.08839
13050012	482	0.1	-0.1	2.80895
13050012	483	0.1	-0.1	-5.01095
13050012	484	0.1	-0.1	5.75747
13050012	485	0.1	-0.1	3.1413
13050012	486	0.1	-0.1	-3.77367
13050012	487	0.1	-0.1	3.84595
13050012	488	0.1	-0.1	-2.31506
13050012	489	0.1	-0.1	-4.82137
13050012	490	0.1	-0.1	0.850409
13050012	491	0.1	-0.1	-3.90744
13050012	492	0.1	-0.1	-0.923502
13050012	493	0.1	-0.1	0.395097
13050012	494	0.1	-0.1	-3.24334
13050012	495	0.1	-0.1	2.23494
13050012	496	0.1	-0.1	-3.53594
13050012	497	0.1	-0.1	-4.11306
13050012	498	0.1	-0.1	-3.11408
13050012	499	0.1	-0.1	-3.37869
13050012	500	0.1	-0.1	1.04502
13050012	501	0.1	-0.1	3.63612
13050012	502	0.1	-0.1	-2.63534
13050012	503	0.1	-0.1	1.05194
13050012	504	0.1	-0.1	-2.38624
13050012	505	0.1	-0.1	-1.23659
13050012	506	0.1	-0.1	5.79641
13050012	507	0.1	-0.1	-4.50367
13050012	508	0.1	-0.1	-1.79517
13050012	509	0.1	-0.1	-1.62802
13050012	510	0.1	-0.1	-4.10086
13050012	511	0.1	-0.1	4.05227
13050012	512	0.1	-0.1	1.1991
13050012	513	0.1	-0.1	-0.61891
13050012	514	0.1	-0.1	3.48282
13050012	515	0.1	-0.1	-0.916885
13050012	516	0.1	-0.1	-1.05489
13050012	517	0.1	-0.1	-2.94794
13050012	518	0.1	-0.1	0.263605
13050012	519	0.1	-0.1	-1.65856
13050012	520	0.1	-0.1	1.15399
13050012	521	0.1	-0.1	1.46197
13050012	522	0.1	-0.1	1.02472
13050012	523	0.1	-0.1	5.17824
13050012	524	0.1	-0.1	-3.67531
13050012	525	0.1	-0.1	-4.427
13050012	526	0.1	-0.1	3.77936
13050012	527	0.1	-0.1	-1.17521
13050012	528	0.1	-0.1	5.77715
13050012	529	0.1	-0.1	4.02305
13050012	530	0.1	-0.1	3.53107
13050012	531	0.1	-0.1	-3.72974
13050012	532	0.1	-0.1	0.860086
13050012	533	0.1	-0.1	-5.55654
13050012	534	0.1	-0.1	-2.2269
13050012	535	0.1	-0.1	-1.18622
13050012	536	0.1	-0.1	-1.88645
13050012	537	0.1	-0.1	-3.28345
13050012	538	0.1	-0.1	-1.13082
13050012	539	0.1	-0.1	-2.3764
13050012	540	0.1	-0.1	-1.59608
13050012	541	0.1	-0.1	4.72515
13050012	542	0.1	-0.1	-3.2535
13050012	543	0.1	-0.1	5.7863
13050012	544	0.1	-0.1	-1.1876
13050012	545	0.1	-0.1	2.27368
13050012	546	0.1	-0.1	2.08243
13050012	547	0.1	-0.1	-4.66851
13050012	548	0.1	-0.1	3.6619
13050012	549	0.1	-0.1	-3.63956
13050012	550	0.1	-0.1	-0.298033
13050012	551	0.1	-0.1	5.0177
13050012	552	0.1	-0.1	4.79576
13050012	553	0.1	-0.1	3.20753
13050012	554	0.1	-0.1	-0.15063
13050012	555	0.1	-0.1	4.39784
13050012	556	0.1	-0.1	2.16223
13050012	557	0.1	-0.1	4.44509
13050012	558	0.1	-0.1	5.95189
13050012	559	0.1	-0.1	1.85191
13050012	560	0.1	-0.1	-4.76933
13050012	561	0.1	-0.1	-2.76033
13050012	562	0.1	-0.1	5.60022
13050012	563	0.1	-0.1	-1.34153
13050012	564	0.1	-0.1	5.42344
13050012	565	0.1	-0.1	2.95835
13050012	566	0.1	-0.1	5.87043
13050012	567	0.1	-0.1	-5.43503
13050012	568	0.1	-0.1	0.580574
13050012	569	0.1	-0.1	3.21607
13050012	570	0.1	-0.1	-4.96533
13050012	571	0.1	-0.1	-2.86359
13050012	572	0.1	-0.1	-2.37275
13050012	573	0.1	-0.1	-0.993639
13050012	574	0.1	-0.1	-1.1463
13050012	575	0.1	-0.1	1.55083
13050012	576	0.1	-0.1	-5.45392
13050012	577	0.1	-0.1	5.16672
13050012	578	0.1	-0.1	3.82584
13050012	579	0.1	-0.1	-1.5934
13050012	580	0.1	-0.1	4.25138
13050012	581	0.1	-0.1	3.01297
13050012	582	0.1	-0.1	-3.03541
13050012	583	0.1	-0.1	1.28984
13050012	584	0.1	-0.1	3.49464
13050012	585	0.1	-0.1	-1.67448
13050012	586	0.1	-0.1	-5.5088
13050012	587	0.1	-0.1	0.954864
13050012	588	0.1	-0.1	3.49485
13050012	589	0.1	-0.1	3.193
13050012	590	0.1	-0.1	-5.31467
13050012	591	0.1	-0.1	-5.04743
13050012	592	0.1	-0.1	-1.00531
13050012	593	0.1	-0.1	2.17104
13050012	594	0.1	-0.1	4.85921
13050012	595	0.1	-0.1	3.21572
13050012	596	0.1	-0.1	-1.152
13050012	597	0.1	-0.1	4.64448
13050012	598	0.1	-0.1	0.163926
13050012	599	0.1	-0.1	4.22447
13050012	600	0.1	-0.1	1.65879
13050012	601	0.1	-0.1	-4.61503
13050012	602	0.1	-0.1	3.90409
13050012	603	0.1	-0.1	-3.89419
13050012	604	0.1	-0.1	2.44659
13050012	605	0.1	-0.1	3.12552
13050012	606	0.1	-0.1	-1.76887
13050012	607	0.1	-0.1	3.77198
13050012	608	0.1	-0.1	-5.0057
13050012	609	0.1	-0.1	4.45203
13050012	610	0.1	-0.1	3.44341
13050012	611	0.1	-0.1	-1.66755
13050012	612	0.1	-0.1	-5.38499
13050012	613	0.1	-0.1	-2.86246
13050012	614	0.1	-0.1	5.27698
13050012	615	0.1	-0.1	-3.91171
13050012	616	0.1	-0.1	-5.34134
13050012	617	0.1	-0.1	1.40639
13050012	618	0.1	-0.1	5.67711
13050012	619	0.1	-0.1	2.6104
13050012	620	0.1	-0.1	-0.357329
13050012	621	0.1	-0.1	4.34602
13050012	622	0.1	-0.1	-0.422743
13050012	623	0.1	-0.1	2.22333
13050012	624	0.1	-0.1	-0.0224958
13050012	625	0.1	-0.1	-2.2587
13050012	626	0.1	-0.1	-3.79756
13050012	627	0.1	-0.1	4.5022
13050012	628	0.1	-0.1	-1.49778
13050012	629	0.1	-0.1	-1.12966
13050012	630	0.1	-0.1	0.654735
13050012	631	0.1	-0.1	-4.99402
13050012	632	0.1	-0.1	-4.28803
13050012	633	0.1	-0.1	-1.01381
13050012	634	0.1	-0.1	5.42686
13050012	635	0.1	-0.1	-3.67414
13050012	636	0.1	-0.1	-0.0487098
13050012	637	0.1	-0.1	4.64185
13050012	638	0.1	-0.1	5.20739
13050012	639	0.1	-0.1	-5.55459
13050012	640	0.1	-0.1	-3.91174
13050012	641	0.1	-0.1	-1.78609
13050012	642	0.1	-0.1	-0.603534
13050012	643	0.1	-0.1	-1.02104
13050012	644	0.1	-0.1	-2.15953
13050012	645	0.1	-0.1	-1.23493
13050012	646	0.1	-0.1	4.37474
13050012	647	0.1	-0.1	4.38073
13050012	648	0.1	-0.1	4.31077
13050012	649	0.1	-0.1	-2.15291
13050012	650	0.1	-0.1	5.36087
13050012	651	0.1	-0.1	0.538158
13050012	652	0.1	-0.1	1.5042
13050012	653	0.1	-0.1	-3.64699
13050012	654	0.1	-0.1	-4.09115
13050012	655	0.1	-0.1	-0.254822
13050012	656	0.1	-0.1	0.847038
13050012	657	0.1	-0.1	-2.8344
13050012	658	0.1	-0.1	-5.33935
13050012	659	0.1	-0.1	-0.486012
13050012	660	0.1	-0.1	-0.800505
13050012	661	0.1	-0.1	-2.89704
13050012	662	0.1	-0.1	-5.66841
13050012	663	0.1	-0.1	-0.989784
13050012	664	0.1	-0.1	-5.78223
13050012	665	0.1	-0.1	0.034121
13050012	666	0.1	-0.1	4.49783
13050012	667	0.1	-0.1	1.51934
13050012	668	0.1	-0.1	0.957777
13050012	669	0.1	-0.1	2.8407
13050012	670	0.1	-0.1	4.98061
13050012	671	0.1	-0.1	-2.07907
13050012	672	0.1	-0.1	-5.58754
13050012	673	0.1	-0.1	0.150874
13050012	674	0.1	-0.1	5.26453
13050012	675	0.1	-0.1	-2.78438
13050012	676	0.1	-0.1	-5.35786
13050012	677	0.1	-0.1	2.2685
13050012	678	0.1	-0.1	-5.57737
13050012	679	0.1	-0.1	3.68882
13050012	680	0.1	-0.1	3.91081
13050012	681	0.1	-0.1	1.08764
13050012	682	0.1	-0.1	2.27435
13050012	683	0.1	-0.1	-5.20528
13050012	684	0.1	-0.1	0.309887
13050012	685	0.1	-0.1	2.50369
13050012	686	0.1	-0.1	-5.99476
13050012	687	0.1	-0.1	-4.17884
13050012	688	0.1	-0.1	-5.54338
13050012	689	0.1	-0.1	2.95426
13050012	690	0.1	-0.1	2.2544
13050012	691	0.1	-0.1	5.09068
13050012	692	0.1	-0.1	2.14317
13050012	693	0.1	-0.1	4.67364
13050012	694	0.1	-0.1	-0.753548
13050012	695	0.1	-0.1	0.235499
13050012	696	0.1	-0.1	4.36992
13050012	697	0.1	-0.1	-3.90539
13050012	698	0.1	-0.1	-2.34533
13050012	699	0.1	-0.1	1.38765
13050012	700	0.1	-0.1	-5.61964
13050012	701	0.1	-0.1	5.81236
13050012	702	0.1	-0.1	-2.79048
13050012	703	0.1	-0.1	-4.82234
13050012	704	0.1	-0.1	-2.70005
13050012	705	0.1	-0.1	-2.00483
13050012	706	0.1	-0.1	3.34482
13050012	707	0.1	-0.1	-4.63464
13050012	708	0.1	-0.1	3.50843
13050012	709	0.1	-0.1	-5.94633
13050012	710	0.1	-0.1	3.12614
13050012	711	0.1	-0.1	5.07094
13050012	712	0.1	-0.1	0.985096
13050012	713	0.1	-0.1	0.281326
13050012	714	0.1	-0.1	2.93832
13050012	715	0.1	-0.1	3.56556
13050012	716	0.1	-0.1	-1.77651
13050012	717	0.1	-0.1	-0.874571
13050012	718	0.1	-0.1	-4.83864
13050012	719	0.1	-0.1	5.12261
13050012	720	0.1	-0.1	2.47304
13050012	721	0.1	-0.1	-5.33225
13050012	722	0.1	-0.1	1.69459
13050012	723	0.1	-0.1	4.83889
13050012	724	0.1	-0.1	2.80322
13050012	725	0.1	-0.1	-3.13339
13050012	726	0.1	-0.1	-5.53275
13050012	727	0.1	-0.1	0.23184
13050012	728	0.1	-0.1	3.64775
13050012	729	0.1	-0.1	0.733484
13050012	730	0.1	-0.1	3.50112
13050012	731	0.1	-0.1	-0.138112
13050012	732	0.1	-0.1	4.54425
13050012	733	0.1	-0.1	0.0526977
13050012	734	0.1	-0.1	-1.73329
13050012	735	0.1	-0.1	-5.02885
13050012	736	0.1	-0.1	-4.2454
13050012	737	0.1	-0.1	1.86363
13050012	738	0.1	-0.1	-2.21957
13050012	739	0.1	-0.1	4.51391
13050012	740	0.1	-0.1	4.83394
13050012	741	0.1	-0.1	-2.82704
13050012	742	0.1	-0.1	-0.579416
13050012	743	0.1	-0.1	-0.825821
13050012	744	0.1	-0.1	-1.42822
13050012	745	0.1	-0.1	5.71276
13050012	746	0.1	-0.1	-1.94437
13050012	747	0.1	-0.1	3.48326
13050012	748	0.1	-0.1	-1.60416
13050012	749	0.1	-0.1	1.99564
13050012	750	0.1	-0.1	-4.34789
13050012	751	0.1	-0.1	1.09236
13050012	752	0.1	-0.1	-1.48708
13050012	753	0.1	-0.1	-0.107362
13050012	754	0.1	-0.1	-3.06174
13050012	755	0.1	-0.1	2.93513
13050012	756	0.1	-0.1	-2.79682
13050012	757	0.1	-0.1	1.81603
13050012	758	0.1	-0.1	-3.2223
13050012	759	0.1	-0.1	-3.52733
13050012	760	0.1	-0.1	5.41315
13050012	761	0.1	-0.1	5.16887
13050012	762	0.1	-0.1	-5.23451
13050012	763	0.1	-0.1	5.24835
13050012	764	0.1	-0.1	1.00528
13050012	765	0.1	-0.1	3.55247
13050012	766	0.1	-0.1	-1.0114
13050012	767	0.1	-0.1	5.06938
13050012	768	0.1	-0.1	2.87265
13050012	769	0.1	-0.1	1.37295
13050012	770	0.1	-0.1	-1.59535
13050012	771	0.1	-0.1	-0.493042
13050012	772	0.1	-0.1	-3.1258
13050012	773	0.1	-0.1	5.43059
13050012	774	0.1	-0.1	-2.08314
13050012	775	0.1	-0.1	-2.54379
13050012	776	0.1	-0.1	-0.524347
13050012	777	0.1	-0.1	-3.00744
13050012	778	0.1	-0.1	5.04814
13050012	779	0.1	-0.1	-3.46199
13050012	780	0.1	-0.1	-1.40843
13050012	781	0.1	-0.1	3.24531
13050012	782	0.1	-0.1	-5.53238
13050012	783	0.1	-0.1	5.94046
13050012	784	0.1	-0.1	1.02207
13050012	785	0.1	-0.1	1.59888
13050012	786	0.1	-0.1	2.50445
13050012	787	0.1	-0.1	-3.04496
13050012	788	0.1	-0.1	3.80027
13050012	789	0.1	-0.1	-5.40361
13050012	790	0.1	-0.1	-2.32978
13050012	791	0.1	-0.1	4.60368
13050012	792	0.1	-0.1	1.70871
13050012	793	0.1	-0.1	0.0178296
13050012	794	0.1	-0.1	-5.44731
13050012	795	0.1	-0.1	-5.85595
13050012	796	0.1	-0.1	-4.57614
13050012	797	0.1	-0.1	3.8819
13050012	798	0.1	-0.1	-5.12311
13050012	799	0.1	-0.1	2.66515
13050012	800	0.1	-0.1	-5.59212
13050012	801	0.1	-0.1	-5.05573
13050012	802	0.1	-0.1	-0.943805
13050012	803	0.1	-0.1	5.87059
13050012	804	0.1	-0.1	5.6371
13050012	805	0.1	-0.1	-2.95689
13050012	806	0.1	-0.1	-2.44719
13050012	807	0.1	-0.1	3.32739
13050012	808	0.1	-0.1	-5.81182
13050012	809	0.1	-0.1	4.38878
13050012	810	0.1	-0.1	3.36423
13050012	811	0.1	-0.1	1.78959
13050012	812	0.1	-0.1	1.67769
13050012	813	0.1	-0.1	-0.667045
13050012	814	0.1	-0.1	-5.9917
13050012	815	0.1	-0.1	-3.12891
13050012	816	0.1	-0.1	-3.76568
13050012	817	0.1	-0.1	-2.71519
13050012	818	0.1	-0.1	2.53823
13050012	819	0.1	-0.1	-4.42534
13050012	820	0.1	-0.1	-5.52742
13050012	821	0.1	-0.1	4.29653
13050012	822	0.1	-0.1	-3.49932
13050012	823	0.1	-0.1	4.04225
13050012	824	0.1	-0.1	-2.80919
13050012	825	0.1	-0.1	2.34397
13050012	826	0.1	-0.1	3.24769
13050012	827	0.1	-0.1	-0.054138
13050012	828	0.1	-0.1	-1.82919
13050012	829	0.1	-0.1	-3.86533
13050012	830	0.1	-0.1	-2.30397
13050012	831	0.1	-0.1	-2.88178
13050012	832	0.1	-0.1	5.09739
13050012	833	0.1	-0.1	0.00190311
13050012	834	0.1	-0.1	4.33976
13050012	835	0.1	-0.1	1.65154
13050012	836	0.1	-0.1	2.19059
13050012	837	0.1	-0.1	5.97138
13050012	838	0.1	-0.1	-5.94302
13050012	839	0.1	-0.1	-3.13233
13050012	840	0.1	-0.1	-5.7071
13050012	841	0.1	-0.1	-4.1856
13050012	842	0.1	-0.1	0.469614
13050012	843	0.1	-0.1	-3.9968
13050012	844	0.1	-0.1	-3.45775
13050012	845	0.1	-0.1	-5.43737
13050012	846	0.1	-0.1	5.35026
13050012	847	0.1	-0.1	-1.09669
13050012	848	0.1	-0.1	-1.30712
13050012	849	0.1	-0.1	-1.573
13050012	850	0.1	-0.1	4.76835
13050012	851	0.1	-0.1	-3.31318
13050012	852	0.1	-0.1	-5.20325
13050012	853	0.1	-0.1	-1.02241
13050012	854	0.1	-0.1	5.75986
13050012	855	0.1	-0.1	-5.34118
13050012	856	0.1	-0.1	4.93689
13050012	857	0.1	-0.1	3.71529
13050012	858	0.1	-0.1	0.70712
13050012	859	0.1	-0.1	-3.77833
13050012	860	0.1	-0.1	5.51984
13050012	861	0.1	-0.1	-4.08044
13050012	862	0.1	-0.1	2.77652
13050012	863	0.1	-0.1	4.48084
13050012	864	0.1	-0.1	4.5307
13050012	865	0.1	-0.1	1.66185
13050012	866	0.1	-0.1	0.969082
13050012	867	0.1	-0.1	-5.07649
13050012	868	0.1	-0.1	-3.69152
13050012	869	0.1	-0.1	5.82201
13050012	870	0.1	-0.1	4.52315
13050012	871	0.1	-0.1	-2.62618
13050012	872	0.1	-0.1	0.303406
13050012	873	0.1	-0.1	0.736868
13050012	874	0.1	-0.1	1.71511
13050012	875	0.1	-0.1	-0.70323
13050012	876	0.1	-0.1	5.90349
13050012	877	0.1	-0.1	-4.99372
13050012	878	0.1	-0.1	-0.200375
13050012	879	0.1	-0.1	-4.40343
13050012	880	0.1	-0.1	-3.95675
13050012	881	0.1	-0.1	-2.08827
13050012	882	0.1	-0.1	1.32511
13050012	883	0.1	-0.1	3.92707
13050012	884	0.1	-0.1	4.26825
13050012	885	0.1	-0.1	5.55797
13050012	886	0.1	-0.1	1.27829
13050012	887	0.1	-0.1	3.13109
13050012	888	0.1	-0.1	4.76648
13050012	889	0.1	-0.1	4.16473
13050012	890	0.1	-0.1	-1.86299
13050012	891	0.1	-0.1	-5.03251
13050012	892	0.1	-0.1	2.80094
13050012	893	0.1	-0.1	1.54885
13050012	894	0.1	-0.1	1.33163
13050012	895	0.1	-0.1	-3.98246
13050012	896	0.1	-0.1	5.98495
13050012	897	0.1	-0.1	-0.698543
13050012	898	0.1	-0.1	3.90621
13050012	899	0.1	-0.1	0.929984
13050012	900	0.1	-0.1	5.25139
13050012	901	0.1	-0.1	4.32029
13050012	902	0.1	-0.1	-1.90704
13050012	903	0.1	-0.1	-2.02387
13050012	904	0.1	-0.1	-3.86569
13050012	905	0.1	-0.1	5.64932
13050012	906	0.1	-0.1	-5.70559
13050012	907	0.1	-0.1	3.47556
13050012	908	0.1	-0.1	-3.36697
13050012	909	0.1	-0.1	-5.1661
13050012	910	0.1	-0.1	0.219386
13050012	911	0.1	-0.1	4.29617
13050012	912	0.1	-0.1	-0.758235
13050012	913	0.1	-0.1	-2.92527
13050012	914	0.1	-0.1	-3.05974
13050012	915	0.1	-0.1	-4.08927
13050012	916	0.1	-0.1	-1.41493
13050012	917	0.1	-0.1	5.0537
13050012	918	0.1	-0.1	-3.18063
13050012	919	0.1	-0.1	0.676093
13050012	920	0.1	-0.1	-1.13777
13050012	921	0.1	-0.1	1.91145
13050012	922	0.1	-0.1	-3.84491
13050012	923	0.1	-0.1	4.98952
13050012	924	0.1	-0.1	-3.34484
13050012	925	0.1	-0.1	0.352923
13050012	926	0.1	-0.1	3.32744
13050012	927	0.1	-0.1	-1.26291
13050012	928	0.1	-0.1	4.43916
13050012	929	0.1	-0.1	-1.55032
13050012	930	0.1	-0.1	4.3142
13050012	931	0.1	-0.1	-2.58539
13050012	932	0.1	-0.1	0.348479
13050012	933	0.1	-0.1	2.04079
13050012	934	0.1	-0.1	0.137833
13050012	935	0.1	-0.1	0.110359
13050012	936	0.1	-0.1	5.02438
13050012	937	0.1	-0.1	-4.09034
13050012	938	0.1	-0.1	-1.6438
13050012	939	0.1	-0.1	-0.346412
13050012	940	0.1	-0.1	-2.3174
13050012	941	0.1	-0.1	3.11047
13050012	942	0.1	-0.1	0.93507
13050012	943	0.1	-0.1	4.53786
13050012	944	0.1	-0.1	-3.93258
13050012	945	0.1	-0.1	5.95375
13050012	946	0.1	-0.1	2.11415
13050012	947	0.1	-0.1	3.72782
13050012	948	0.1	-0.1	-2.26743
13050012	949	0.1	-0.1	1.46043
13050012	950	0.1	-0.1	2.65222
13050012	951	0.1	-0.1	2.559
13050012	952	0.1	-0.1	3.5893
13050012	953	0.1	-0.1	2.28915
13050012	954	0.1	-0.1	1.86541
13050012	955	0.1	-0.1	-5.27754
13050012	956	0.1	-0.1	0.436071
13050012	957	0.1	-0.1	2.04954
13050012	958	0.1	-0.1	1.00679
13050012	959	0.1	-0.1	-3.69508
13050012	960	0.1	-0.1	1.47286
13050012	961	0.1	-0.1	1.96783
13050012	962	0.1	-0.1	-0.979115
13050012	963	0.1	-0.1	0.879445
13050012	964	0.1	-0.1	-5.18723
13050012	965	0.1	-0.1	5.38564
13050012	966	0.1	-0.1	4.97311
13050012	967	0.1	-0.1	2.59852
13050012	968	0.1	-0.1	-2.83814
13050012	969	0.1	-0.1	-5.73049
13050012	970	0.1	-0.1	-3.82348
13050012	971	0.1	-0.1	-1.53793
13050012	972	0.1	-0.1	3.29893
13050012	973	0.1	-0.1	4.51574
13050012	974	0.1	-0.1	4.98267
13050012	975	0.1	-0.1	0.550916
13050012	976	0.1	-0.1	1.94155
13050012	977	0.1	-0.1	2.16825
13050012	978	0.1	-0.1	4.63305
13050012	979	0.1	-0.1	-5.19374
13050012	980	0.1	-0.1	-4.89474
13050012	981	0.1	-0.1	-2.01396
13050012	982	0.1	-0.1	-3.91702
13050012	983	0.1	-0.1	5.30151
13050012	984	0.1	-0.1	-4.43555
13050012	985	0.1	-0.1	-4.28916
13050012	986	0.1	-0.1	5.69104
13050012	987	0.1	-0.1	0.0810436
13050012	988	0.1	-0.1	4.60769
13050012	989	0.1	-0.1	4.6583
13050012	990	0.1	-0.1	4.64131
13050012	991	0.1	-0.1	0.776469
13050012	992	0.1	-0.1	2.47411
13050012	993	0.1	-0.1	1.72548
13050012	994	0.1	-0.1	0.354175
13050012	995	0.1	-0.1	-3.51173
13050012	996	0.1	-0.1	-1.83669
13050012	997	0.1	-0.1	4.78467
13050012	998	0.1	-0.1	3.0685
13050012	999	0.1	-0.1	5.07327
13050012	1000	0.1	-0.1	1.30083
