13051074	1	0.1	-0.1	4.87428
13051074	2	0.1	-0.1	2.43613
13051074	3	0.1	-0.1	4.92921
13051074	4	0.1	-0.1	-5.89438
13051074	5	0.1	-0.1	-4.30857
13051074	6	0.1	-0.1	-5.37118
13051074	7	0.1	-0.1	5.86555
13051074	8	0.1	-0.1	5.25315
13051074	9	0.1	-0.1	0.873203
13051074	10	0.1	-0.1	3.53473
13051074	11	0.1	-0.1	-5.70268
13051074	12	0.1	-0.1	-3.85159
13051074	13	0.1	-0.1	2.82466
13051074	14	0.1	-0.1	4.80891
13051074	15	0.1	-0.1	-4.1371
13051074	16	0.1	-0.1	2.45958
13051074	17	0.1	-0.1	-3.62762
13051074	18	0.1	-0.1	-3.10774
13051074	19	0.1	-0.1	-0.689639
13051074	20	0.1	-0.1	2.30716
13051074	21	0.1	-0.1	-1.79288
13051074	22	0.1	-0.1	1.72797
13051074	23	0.1	-0.1	3.16535
13051074	24	0.1	-0.1	1.91618
13051074	25	0.1	-0.1	-2.20696
13051074	26	0.1	-0.1	-5.0791
13051074	27	0.1	-0.1	-4.59262
13051074	28	0.1	-0.1	-2.3703
13051074	29	0.1	-0.1	3.37859
13051074	30	0.1	-0.1	-4.15019
13051074	31	0.1	-0.1	3.04799
13051074	32	0.1	-0.1	-5.2498
13051074	33	0.1	-0.1	-0.240441
13051074	34	0.1	-0.1	1.7294
13051074	35	0.1	-0.1	0.647707
13051074	36	0.1	-0.1	-1.82921
13051074	37	0.1	-0.1	5.6492
13051074	38	0.1	-0.1	2.63714
13051074	39	0.1	-0.1	-5.35563
13051074	40	0.1	-0.1	-3.07567
13051074	41	0.1	-0.1	-3.41852
13051074	42	0.1	-0.1	-1.10267
13051074	43	0.1	-0.1	5.42919
13051074	44	0.1	-0.1	1.83367
13051074	45	0.1	-0.1	-4.33786
13051074	46	0.1	-0.1	-3.83459
13051074	47	0.1	-0.1	-4.81257
13051074	48	0.1	-0.1	4.86978
13051074	49	0.1	-0.1	-2.93801
13051074	50	0.1	-0.1	4.08792
13051074	51	0.1	-0.1	-2.72085
13051074	52	0.1	-0.1	-2.70995
13051074	53	0.1	-0.1	2.68051
13051074	54	0.1	-0.1	5.89924
13051074	55	0.1	-0.1	4.30226
13051074	56	0.1	-0.1	1.11769
13051074	57	0.1	-0.1	5.89923
13051074	58	0.1	-0.1	-1.08821
13051074	59	0.1	-0.1	-3.60276
13051074	60	0.1	-0.1	-2.48005
13051074	61	0.1	-0.1	2.58634
13051074	62	0.1	-0.1	-1.89814
13051074	63	0.1	-0.1	4.45805
13051074	64	0.1	-0.1	2.09472
13051074	65	0.1	-0.1	2.33963
13051074	66	0.1	-0.1	1.04051
13051074	67	0.1	-0.1	1.12483
13051074	68	0.1	-0.1	-5.98851
13051074	69	0.1	-0.1	-1.41615
13051074	70	0.1	-0.1	2.06107
13051074	71	0.1	-0.1	-5.40882
13051074	72	0.1	-0.1	-3.90242
13051074	73	0.1	-0.1	-2.12263
13051074	74	0.1	-0.1	-1.84315
13051074	75	0.1	-0.1	1.3201
13051074	76	0.1	-0.1	2.70329
13051074	77	0.1	-0.1	4.08438
13051074	78	0.1	-0.1	3.3298
13051074	79	0.1	-0.1	2.6631
13051074	80	0.1	-0.1	4.41001
13051074	81	0.1	-0.1	0.58916
13051074	82	0.1	-0.1	-5.48227
13051074	83	0.1	-0.1	4.07409
13051074	84	0.1	-0.1	-0.877496
13051074	85	0.1	-0.1	4.61526
13051074	86	0.1	-0.1	4.62737
13051074	87	0.1	-0.1	1.93912
13051074	88	0.1	-0.1	2.9635
13051074	89	0.1	-0.1	-0.628343
13051074	90	0.1	-0.1	2.85701
13051074	91	0.1	-0.1	3.18163
13051074	92	0.1	-0.1	5.12857
13051074	93	0.1	-0.1	-1.53142
13051074	94	0.1	-0.1	3.26151
13051074	95	0.1	-0.1	5.88715
13051074	96	0.1	-0.1	4.90118
13051074	97	0.1	-0.1	-0.674513
13051074	98	0.1	-0.1	-5.69883
13051074	99	0.1	-0.1	-5.56206
13051074	100	0.1	-0.1	-2.44939
13051074	101	0.1	-0.1	3.8939
13051074	102	0.1	-0.1	-3.58155
13051074	103	0.1	-0.1	-0.825953
13051074	104	0.1	-0.1	3.25926
13051074	105	0.1	-0.1	5.8616
13051074	106	0.1	-0.1	5.53903
13051074	107	0.1	-0.1	-4.47819
13051074	108	0.1	-0.1	-3.5235
13051074	109	0.1	-0.1	1.21317
13051074	110	0.1	-0.1	-5.84037
13051074	111	0.1	-0.1	5.69232
13051074	112	0.1	-0.1	-1.99863
13051074	113	0.1	-0.1	0.476741
13051074	114	0.1	-0.1	1.53466
13051074	115	0.1	-0.1	4.10263
13051074	116	0.1	-0.1	-1.42448
13051074	117	0.1	-0.1	2.87535
13051074	118	0.1	-0.1	1.62679
13051074	119	0.1	-0.1	-5.84783
13051074	120	0.1	-0.1	-2.43227
13051074	121	0.1	-0.1	1.81025
13051074	122	0.1	-0.1	-5.11087
13051074	123	0.1	-0.1	3.26834
13051074	124	0.1	-0.1	1.45185
13051074	125	0.1	-0.1	-3.23937
13051074	126	0.1	-0.1	0.593247
13051074	127	0.1	-0.1	-3.65804
13051074	128	0.1	-0.1	4.68222
13051074	129	0.1	-0.1	2.40955
13051074	130	0.1	-0.1	4.48972
13051074	131	0.1	-0.1	-1.85514
13051074	132	0.1	-0.1	2.94233
13051074	133	0.1	-0.1	5.20005
13051074	134	0.1	-0.1	2.78433
13051074	135	0.1	-0.1	-3.586
13051074	136	0.1	-0.1	5.28413
13051074	137	0.1	-0.1	-0.568256
13051074	138	0.1	-0.1	-0.650378
13051074	139	0.1	-0.1	-4.91225
13051074	140	0.1	-0.1	-2.23918
13051074	141	0.1	-0.1	5.29563
13051074	142	0.1	-0.1	-1.18436
13051074	143	0.1	-0.1	-1.20144
13051074	144	0.1	-0.1	4.29692
13051074	145	0.1	-0.1	1.93322
13051074	146	0.1	-0.1	-4.97358
13051074	147	0.1	-0.1	3.86691
13051074	148	0.1	-0.1	4.24708
13051074	149	0.1	-0.1	0.399744
13051074	150	0.1	-0.1	3.68251
13051074	151	0.1	-0.1	-0.030248
13051074	152	0.1	-0.1	-5.75971
13051074	153	0.1	-0.1	-4.55217
13051074	154	0.1	-0.1	-3.62447
13051074	155	0.1	-0.1	4.03995
13051074	156	0.1	-0.1	-0.592657
13051074	157	0.1	-0.1	4.31027
13051074	158	0.1	-0.1	-5.64989
13051074	159	0.1	-0.1	4.14033
13051074	160	0.1	-0.1	-4.13838
13051074	161	0.1	-0.1	-0.376824
13051074	162	0.1	-0.1	2.66944
13051074	163	0.1	-0.1	-0.720385
13051074	164	0.1	-0.1	-2.69375
13051074	165	0.1	-0.1	-4.08342
13051074	166	0.1	-0.1	4.63167
13051074	167	0.1	-0.1	5.17279
13051074	168	0.1	-0.1	4.58748
13051074	169	0.1	-0.1	2.356
13051074	170	0.1	-0.1	3.01905
13051074	171	0.1	-0.1	1.88777
13051074	172	0.1	-0.1	-5.42796
13051074	173	0.1	-0.1	-0.893973
13051074	174	0.1	-0.1	-2.07049
13051074	175	0.1	-0.1	-1.08577
13051074	176	0.1	-0.1	1.8565
13051074	177	0.1	-0.1	2.79427
13051074	178	0.1	-0.1	-2.99168
13051074	179	0.1	-0.1	3.47298
13051074	180	0.1	-0.1	0.0630881
13051074	181	0.1	-0.1	0.362086
13051074	182	0.1	-0.1	3.21599
13051074	183	0.1	-0.1	3.77018
13051074	184	0.1	-0.1	-3.27322
13051074	185	0.1	-0.1	1.73699
13051074	186	0.1	-0.1	4.76547
13051074	187	0.1	-0.1	3.99388
13051074	188	0.1	-0.1	0.215564
13051074	189	0.1	-0.1	2.50545
13051074	190	0.1	-0.1	3.24011
13051074	191	0.1	-0.1	0.232053
13051074	192	0.1	-0.1	2.00893
13051074	193	0.1	-0.1	0.459856
13051074	194	0.1	-0.1	-1.78239
13051074	195	0.1	-0.1	1.72871
13051074	196	0.1	-0.1	3.74715
13051074	197	0.1	-0.1	-1.4841
13051074	198	0.1	-0.1	-3.81548
13051074	199	0.1	-0.1	-3.99406
13051074	200	0.1	-0.1	-0.47545
13051074	201	0.1	-0.1	-1.37751
13051074	202	0.1	-0.1	-2.30978
13051074	203	0.1	-0.1	5.83579
13051074	204	0.1	-0.1	-0.752677
13051074	205	0.1	-0.1	-3.32964
13051074	206	0.1	-0.1	3.59541
13051074	207	0.1	-0.1	-2.1355
13051074	208	0.1	-0.1	1.36118
13051074	209	0.1	-0.1	-3.10355
13051074	210	0.1	-0.1	-1.97719
13051074	211	0.1	-0.1	-4.07693
13051074	212	0.1	-0.1	4.05943
13051074	213	0.1	-0.1	-0.500716
13051074	214	0.1	-0.1	0.715716
13051074	215	0.1	-0.1	-1.43932
13051074	216	0.1	-0.1	3.8783
13051074	217	0.1	-0.1	-4.2374
13051074	218	0.1	-0.1	5.60957
13051074	219	0.1	-0.1	0.370903
13051074	220	0.1	-0.1	0.760366
13051074	221	0.1	-0.1	2.66659
13051074	222	0.1	-0.1	-1.0318
13051074	223	0.1	-0.1	1.77677
13051074	224	0.1	-0.1	3.01969
13051074	225	0.1	-0.1	-5.00849
13051074	226	0.1	-0.1	-1.71035
13051074	227	0.1	-0.1	-1.58209
13051074	228	0.1	-0.1	4.51037
13051074	229	0.1	-0.1	0.378915
13051074	230	0.1	-0.1	2.37089
13051074	231	0.1	-0.1	4.42744
13051074	232	0.1	-0.1	0.941752
13051074	233	0.1	-0.1	-2.82681
13051074	234	0.1	-0.1	4.81816
13051074	235	0.1	-0.1	-3.94105
13051074	236	0.1	-0.1	1.8213
13051074	237	0.1	-0.1	4.942
13051074	238	0.1	-0.1	-1.86516
13051074	239	0.1	-0.1	5.97203
13051074	240	0.1	-0.1	3.81023
13051074	241	0.1	-0.1	-1.12834
13051074	242	0.1	-0.1	-2.53297
13051074	243	0.1	-0.1	3.04207
13051074	244	0.1	-0.1	2.75563
13051074	245	0.1	-0.1	0.714988
13051074	246	0.1	-0.1	-3.36608
13051074	247	0.1	-0.1	4.08102
13051074	248	0.1	-0.1	4.34896
13051074	249	0.1	-0.1	-0.12157
13051074	250	0.1	-0.1	4.55965
13051074	251	0.1	-0.1	1.50085
13051074	252	0.1	-0.1	-2.74398
13051074	253	0.1	-0.1	5.28535
13051074	254	0.1	-0.1	3.80422
13051074	255	0.1	-0.1	-1.37176
13051074	256	0.1	-0.1	5.73981
13051074	257	0.1	-0.1	3.90609
13051074	258	0.1	-0.1	4.83455
13051074	259	0.1	-0.1	2.07235
13051074	260	0.1	-0.1	2.01825
13051074	261	0.1	-0.1	-4.82201
13051074	262	0.1	-0.1	-4.64279
13051074	263	0.1	-0.1	-5.69037
13051074	264	0.1	-0.1	1.23329
13051074	265	0.1	-0.1	2.00345
13051074	266	0.1	-0.1	0.00893673
13051074	267	0.1	-0.1	3.53969
13051074	268	0.1	-0.1	2.57226
13051074	269	0.1	-0.1	-0.288378
13051074	270	0.1	-0.1	-1.35991
13051074	271	0.1	-0.1	-5.12196
13051074	272	0.1	-0.1	-5.27548
13051074	273	0.1	-0.1	2.57023
13051074	274	0.1	-0.1	0.280085
13051074	275	0.1	-0.1	-0.897588
13051074	276	0.1	-0.1	-0.489939
13051074	277	0.1	-0.1	-1.15962
13051074	278	0.1	-0.1	-3.56734
13051074	279	0.1	-0.1	4.00238
13051074	280	0.1	-0.1	-1.89355
13051074	281	0.1	-0.1	0.469201
13051074	282	0.1	-0.1	-1.96331
13051074	283	0.1	-0.1	5.72706
13051074	284	0.1	-0.1	0.334898
13051074	285	0.1	-0.1	-3.57617
13051074	286	0.1	-0.1	-1.93976
13051074	287	0.1	-0.1	-4.12543
13051074	288	0.1	-0.1	5.38967
13051074	289	0.1	-0.1	-3.61821
13051074	290	0.1	-0.1	-5.21672
13051074	291	0.1	-0.1	-2.85521
13051074	292	0.1	-0.1	-1.11328
13051074	293	0.1	-0.1	5.55047
13051074	294	0.1	-0.1	0.722299
13051074	295	0.1	-0.1	-2.45623
13051074	296	0.1	-0.1	-3.83953
13051074	297	0.1	-0.1	-5.45651
13051074	298	0.1	-0.1	-2.34912
13051074	299	0.1	-0.1	-5.08362
13051074	300	0.1	-0.1	-5.88571
13051074	301	0.1	-0.1	-3.43886
13051074	302	0.1	-0.1	-2.95599
13051074	303	0.1	-0.1	-2.89716
13051074	304	0.1	-0.1	-3.80256
13051074	305	0.1	-0.1	2.66995
13051074	306	0.1	-0.1	3.05669
13051074	307	0.1	-0.1	2.99544
13051074	308	0.1	-0.1	2.19649
13051074	309	0.1	-0.1	2.47453
13051074	310	0.1	-0.1	4.78051
13051074	311	0.1	-0.1	-4.9385
13051074	312	0.1	-0.1	-5.84599
13051074	313	0.1	-0.1	-4.93415
13051074	314	0.1	-0.1	-0.763843
13051074	315	0.1	-0.1	-2.14104
13051074	316	0.1	-0.1	3.92922
13051074	317	0.1	-0.1	-4.19128
13051074	318	0.1	-0.1	-0.784247
13051074	319	0.1	-0.1	-1.25636
13051074	320	0.1	-0.1	-2.44421
13051074	321	0.1	-0.1	4.59286
13051074	322	0.1	-0.1	1.58987
13051074	323	0.1	-0.1	-5.0939
13051074	324	0.1	-0.1	-3.71465
13051074	325	0.1	-0.1	2.14299
13051074	326	0.1	-0.1	3.70284
13051074	327	0.1	-0.1	-3.60228
13051074	328	0.1	-0.1	-2.38383
13051074	329	0.1	-0.1	0.494066
13051074	330	0.1	-0.1	2.04009
13051074	331	0.1	-0.1	3.5299
13051074	332	0.1	-0.1	-5.47232
13051074	333	0.1	-0.1	5.07715
13051074	334	0.1	-0.1	3.57441
13051074	335	0.1	-0.1	5.85759
13051074	336	0.1	-0.1	-3.65801
13051074	337	0.1	-0.1	-3.64244
13051074	338	0.1	-0.1	1.53196
13051074	339	0.1	-0.1	-1.91529
13051074	340	0.1	-0.1	-0.36945
13051074	341	0.1	-0.1	2.58221
13051074	342	0.1	-0.1	0.581636
13051074	343	0.1	-0.1	-0.551348
13051074	344	0.1	-0.1	-2.15612
13051074	345	0.1	-0.1	0.438578
13051074	346	0.1	-0.1	-5.28498
13051074	347	0.1	-0.1	-4.40795
13051074	348	0.1	-0.1	-4.14734
13051074	349	0.1	-0.1	-2.34674
13051074	350	0.1	-0.1	0.920123
13051074	351	0.1	-0.1	-4.03876
13051074	352	0.1	-0.1	-1.94376
13051074	353	0.1	-0.1	0.717748
13051074	354	0.1	-0.1	5.61597
13051074	355	0.1	-0.1	5.11812
13051074	356	0.1	-0.1	4.18918
13051074	357	0.1	-0.1	-5.13649
13051074	358	0.1	-0.1	2.52681
13051074	359	0.1	-0.1	-2.7224
13051074	360	0.1	-0.1	3.62486
13051074	361	0.1	-0.1	5.35753
13051074	362	0.1	-0.1	-2.79478
13051074	363	0.1	-0.1	2.76468
13051074	364	0.1	-0.1	-3.5558
13051074	365	0.1	-0.1	4.21361
13051074	366	0.1	-0.1	4.96368
13051074	367	0.1	-0.1	1.03247
13051074	368	0.1	-0.1	-4.24607
13051074	369	0.1	-0.1	-5.60872
13051074	370	0.1	-0.1	2.32363
13051074	371	0.1	-0.1	-0.167695
13051074	372	0.1	-0.1	-3.65989
13051074	373	0.1	-0.1	-5.68539
13051074	374	0.1	-0.1	-3.0807
13051074	375	0.1	-0.1	2.56506
13051074	376	0.1	-0.1	-3.06947
13051074	377	0.1	-0.1	-3.89362
13051074	378	0.1	-0.1	0.537997
13051074	379	0.1	-0.1	-4.95553
13051074	380	0.1	-0.1	-1.11636
13051074	381	0.1	-0.1	0.222978
13051074	382	0.1	-0.1	-5.06092
13051074	383	0.1	-0.1	-5.48893
13051074	384	0.1	-0.1	4.59464
13051074	385	0.1	-0.1	-0.745877
13051074	386	0.1	-0.1	4.44675
13051074	387	0.1	-0.1	-2.86791
13051074	388	0.1	-0.1	-5.20225
13051074	389	0.1	-0.1	2.9033
13051074	390	0.1	-0.1	0.499137
13051074	391	0.1	-0.1	-5.09768
13051074	392	0.1	-0.1	-5.26534
13051074	393	0.1	-0.1	2.86034
13051074	394	0.1	-0.1	5.63111
13051074	395	0.1	-0.1	-1.8022
13051074	396	0.1	-0.1	-4.09583
13051074	397	0.1	-0.1	-1.04379
13051074	398	0.1	-0.1	-4.79054
13051074	399	0.1	-0.1	-5.73948
13051074	400	0.1	-0.1	3.5607
13051074	401	0.1	-0.1	3.81106
13051074	402	0.1	-0.1	-1.16942
13051074	403	0.1	-0.1	3.19585
13051074	404	0.1	-0.1	4.83863
13051074	405	0.1	-0.1	0.0551995
13051074	406	0.1	-0.1	-0.0327194
13051074	407	0.1	-0.1	-1.79097
13051074	408	0.1	-0.1	1.01143
13051074	409	0.1	-0.1	4.48149
13051074	410	0.1	-0.1	5.81813
13051074	411	0.1	-0.1	-5.51215
13051074	412	0.1	-0.1	4.67792
13051074	413	0.1	-0.1	-3.03445
13051074	414	0.1	-0.1	5.38494
13051074	415	0.1	-0.1	3.17068
13051074	416	0.1	-0.1	1.72008
13051074	417	0.1	-0.1	1.72018
13051074	418	0.1	-0.1	-0.581671
13051074	419	0.1	-0.1	-0.363483
13051074	420	0.1	-0.1	1.33754
13051074	421	0.1	-0.1	-5.53204
13051074	422	0.1	-0.1	-3.66865
13051074	423	0.1	-0.1	5.71864
13051074	424	0.1	-0.1	-5.3579
13051074	425	0.1	-0.1	1.10717
13051074	426	0.1	-0.1	0.692636
13051074	427	0.1	-0.1	5.33743
13051074	428	0.1	-0.1	-5.649
13051074	429	0.1	-0.1	-0.409222
13051074	430	0.1	-0.1	5.32075
13051074	431	0.1	-0.1	5.16915
13051074	432	0.1	-0.1	3.49224
13051074	433	0.1	-0.1	-4.9905
13051074	434	0.1	-0.1	-3.52713
13051074	435	0.1	-0.1	4.38589
13051074	436	0.1	-0.1	1.43595
13051074	437	0.1	-0.1	2.13417
13051074	438	0.1	-0.1	-0.247675
13051074	439	0.1	-0.1	2.60437
13051074	440	0.1	-0.1	1.55935
13051074	441	0.1	-0.1	0.953225
13051074	442	0.1	-0.1	1.83995
13051074	443	0.1	-0.1	5.5663
13051074	444	0.1	-0.1	-4.60322
13051074	445	0.1	-0.1	-5.20261
13051074	446	0.1	-0.1	-1.52048
13051074	447	0.1	-0.1	-4.41996
13051074	448	0.1	-0.1	2.83445
13051074	449	0.1	-0.1	-4.33739
13051074	450	0.1	-0.1	2.42384
13051074	451	0.1	-0.1	-0.565362
13051074	452	0.1	-0.1	1.18804
13051074	453	0.1	-0.1	4.26568
13051074	454	0.1	-0.1	-0.808304
13051074	455	0.1	-0.1	0.836715
13051074	456	0.1	-0.1	-4.59153
13051074	457	0.1	-0.1	-5.91481
13051074	458	0.1	-0.1	3.96265
13051074	459	0.1	-0.1	-2.8088
13051074	460	0.1	-0.1	3.36457
13051074	461	0.1	-0.1	-0.448028
13051074	462	0.1	-0.1	5.01895
13051074	463	0.1	-0.1	2.2953
13051074	464	0.1	-0.1	0.927626
13051074	465	0.1	-0.1	-3.08173
13051074	466	0.1	-0.1	4.5503
13051074	467	0.1	-0.1	0.870091
13051074	468	0.1	-0.1	-1.40187
13051074	469	0.1	-0.1	-1.07153
13051074	470	0.1	-0.1	1.76016
13051074	471	0.1	-0.1	1.8436
13051074	472	0.1	-0.1	-4.26948
13051074	473	0.1	-0.1	-5.20134
13051074	474	0.1	-0.1	4.04274
13051074	475	0.1	-0.1	5.18349
13051074	476	0.1	-0.1	1.83963
13051074	477	0.1	-0.1	-5.15837
13051074	478	0.1	-0.1	5.17236
13051074	479	0.1	-0.1	-0.0358266
13051074	480	0.1	-0.1	-5.13909
13051074	481	0.1	-0.1	4.6188
13051074	482	0.1	-0.1	5.74506
13051074	483	0.1	-0.1	-3.56919
13051074	484	0.1	-0.1	-4.22757
13051074	485	0.1	-0.1	1.76933
13051074	486	0.1	-0.1	5.29541
13051074	487	0.1	-0.1	-2.47924
13051074	488	0.1	-0.1	-1.86629
13051074	489	0.1	-0.1	-5.00407
13051074	490	0.1	-0.1	2.75088
13051074	491	0.1	-0.1	4.49204
13051074	492	0.1	-0.1	-2.00837
13051074	493	0.1	-0.1	3.76277
13051074	494	0.1	-0.1	4.67523
13051074	495	0.1	-0.1	4.30598
13051074	496	0.1	-0.1	-3.69107
13051074	497	0.1	-0.1	4.61236
13051074	498	0.1	-0.1	5.2968
13051074	499	0.1	-0.1	1.90043
13051074	500	0.1	-0.1	0.406387
13051074	501	0.1	-0.1	-2.15412
13051074	502	0.1	-0.1	2.73301
13051074	503	0.1	-0.1	3.97149
13051074	504	0.1	-0.1	-5.05865
13051074	505	0.1	-0.1	0.38256
13051074	506	0.1	-0.1	4.16864
13051074	507	0.1	-0.1	3.23865
13051074	508	0.1	-0.1	1.6211
13051074	509	0.1	-0.1	1.82736
13051074	510	0.1	-0.1	-0.735909
13051074	511	0.1	-0.1	0.770519
13051074	512	0.1	-0.1	2.41668
13051074	513	0.1	-0.1	-2.18913
13051074	514	0.1	-0.1	-3.43357
13051074	515	0.1	-0.1	-2.96551
13051074	516	0.1	-0.1	-3.78413
13051074	517	0.1	-0.1	-2.17728
13051074	518	0.1	-0.1	4.90058
13051074	519	0.1	-0.1	-1.32647
13051074	520	0.1	-0.1	4.45063
13051074	521	0.1	-0.1	1.86087
13051074	522	0.1	-0.1	2.94283
13051074	523	0.1	-0.1	-3.04169
13051074	524	0.1	-0.1	-5.8148
13051074	525	0.1	-0.1	2.54495
13051074	526	0.1	-0.1	3.9942
13051074	527	0.1	-0.1	2.72096
13051074	528	0.1	-0.1	0.954746
13051074	529	0.1	-0.1	-2.60269
13051074	530	0.1	-0.1	-1.53391
13051074	531	0.1	-0.1	-5.84085
13051074	532	0.1	-0.1	3.85181
13051074	533	0.1	-0.1	0.830116
13051074	534	0.1	-0.1	-4.72529
13051074	535	0.1	-0.1	-2.89636
13051074	536	0.1	-0.1	4.06431
13051074	537	0.1	-0.1	5.28241
13051074	538	0.1	-0.1	3.30859
13051074	539	0.1	-0.1	5.69525
13051074	540	0.1	-0.1	-2.43871
13051074	541	0.1	-0.1	-1.23137
13051074	542	0.1	-0.1	2.08283
13051074	543	0.1	-0.1	-3.389
13051074	544	0.1	-0.1	-0.514166
13051074	545	0.1	-0.1	-3.3027
13051074	546	0.1	-0.1	3.78016
13051074	547	0.1	-0.1	-0.0259335
13051074	548	0.1	-0.1	2.41073
13051074	549	0.1	-0.1	0.297263
13051074	550	0.1	-0.1	2.46352
13051074	551	0.1	-0.1	5.55418
13051074	552	0.1	-0.1	-0.409036
13051074	553	0.1	-0.1	-1.96212
13051074	554	0.1	-0.1	-3.54709
13051074	555	0.1	-0.1	-0.71363
13051074	556	0.1	-0.1	-3.21784
13051074	557	0.1	-0.1	0.99866
13051074	558	0.1	-0.1	4.92909
13051074	559	0.1	-0.1	4.76784
13051074	560	0.1	-0.1	0.284069
13051074	561	0.1	-0.1	-4.20984
13051074	562	0.1	-0.1	-5.13009
13051074	563	0.1	-0.1	-0.719851
13051074	564	0.1	-0.1	-2.30219
13051074	565	0.1	-0.1	-3.46581
13051074	566	0.1	-0.1	4.2485
13051074	567	0.1	-0.1	-5.51872
13051074	568	0.1	-0.1	2.06606
13051074	569	0.1	-0.1	4.37247
13051074	570	0.1	-0.1	-5.84168
13051074	571	0.1	-0.1	5.48987
13051074	572	0.1	-0.1	-1.96224
13051074	573	0.1	-0.1	4.72965
13051074	574	0.1	-0.1	1.34476
13051074	575	0.1	-0.1	2.49978
13051074	576	0.1	-0.1	-5.11733
13051074	577	0.1	-0.1	-4.9163
13051074	578	0.1	-0.1	-5.00141
13051074	579	0.1	-0.1	5.17968
13051074	580	0.1	-0.1	-4.73786
13051074	581	0.1	-0.1	1.10149
13051074	582	0.1	-0.1	4.91208
13051074	583	0.1	-0.1	-5.97569
13051074	584	0.1	-0.1	-3.94882
13051074	585	0.1	-0.1	5.73967
13051074	586	0.1	-0.1	4.09617
13051074	587	0.1	-0.1	-2.69038
13051074	588	0.1	-0.1	3.26958
13051074	589	0.1	-0.1	1.6557
13051074	590	0.1	-0.1	0.341987
13051074	591	0.1	-0.1	2.75451
13051074	592	0.1	-0.1	-4.57686
13051074	593	0.1	-0.1	-5.16872
13051074	594	0.1	-0.1	-4.90508
13051074	595	0.1	-0.1	-5.70899
13051074	596	0.1	-0.1	0.206524
13051074	597	0.1	-0.1	5.7955
13051074	598	0.1	-0.1	2.23747
13051074	599	0.1	-0.1	-3.6489
13051074	600	0.1	-0.1	2.28854
13051074	601	0.1	-0.1	-2.66172
13051074	602	0.1	-0.1	-0.997546
13051074	603	0.1	-0.1	-0.514212
13051074	604	0.1	-0.1	-1.07399
13051074	605	0.1	-0.1	4.94157
13051074	606	0.1	-0.1	-2.33006
13051074	607	0.1	-0.1	-0.513072
13051074	608	0.1	-0.1	0.151647
13051074	609	0.1	-0.1	5.40776
13051074	610	0.1	-0.1	-5.72647
13051074	611	0.1	-0.1	-3.37325
13051074	612	0.1	-0.1	4.87468
13051074	613	0.1	-0.1	4.30406
13051074	614	0.1	-0.1	4.22086
13051074	615	0.1	-0.1	1.84187
13051074	616	0.1	-0.1	5.76966
13051074	617	0.1	-0.1	-1.10055
13051074	618	0.1	-0.1	-0.91625
13051074	619	0.1	-0.1	2.66539
13051074	620	0.1	-0.1	1.73246
13051074	621	0.1	-0.1	4.38518
13051074	622	0.1	-0.1	4.39747
13051074	623	0.1	-0.1	0.73473
13051074	624	0.1	-0.1	-1.85049
13051074	625	0.1	-0.1	-5.00223
13051074	626	0.1	-0.1	1.03704
13051074	627	0.1	-0.1	-5.87141
13051074	628	0.1	-0.1	1.04314
13051074	629	0.1	-0.1	-0.666704
13051074	630	0.1	-0.1	0.520501
13051074	631	0.1	-0.1	4.03982
13051074	632	0.1	-0.1	-0.669985
13051074	633	0.1	-0.1	2.40485
13051074	634	0.1	-0.1	1.43842
13051074	635	0.1	-0.1	3.9927
13051074	636	0.1	-0.1	3.92182
13051074	637	0.1	-0.1	3.9797
13051074	638	0.1	-0.1	-2.69391
13051074	639	0.1	-0.1	3.98769
13051074	640	0.1	-0.1	-1.28899
13051074	641	0.1	-0.1	-2.64473
13051074	642	0.1	-0.1	0.709482
13051074	643	0.1	-0.1	2.52273
13051074	644	0.1	-0.1	4.62519
13051074	645	0.1	-0.1	-5.87703
13051074	646	0.1	-0.1	1.2894
13051074	647	0.1	-0.1	2.17406
13051074	648	0.1	-0.1	-2.09431
13051074	649	0.1	-0.1	1.6115
13051074	650	0.1	-0.1	-0.636039
13051074	651	0.1	-0.1	3.87153
13051074	652	0.1	-0.1	1.53475
13051074	653	0.1	-0.1	-1.68198
13051074	654	0.1	-0.1	2.8043
13051074	655	0.1	-0.1	2.02206
13051074	656	0.1	-0.1	-3.59606
13051074	657	0.1	-0.1	-1.75132
13051074	658	0.1	-0.1	-1.78972
13051074	659	0.1	-0.1	-0.290039
13051074	660	0.1	-0.1	2.57989
13051074	661	0.1	-0.1	-3.0975
13051074	662	0.1	-0.1	-0.116791
13051074	663	0.1	-0.1	5.3985
13051074	664	0.1	-0.1	0.904454
13051074	665	0.1	-0.1	0.282916
13051074	666	0.1	-0.1	5.87987
13051074	667	0.1	-0.1	-4.17324
13051074	668	0.1	-0.1	4.1492
13051074	669	0.1	-0.1	-1.85031
13051074	670	0.1	-0.1	3.61384
13051074	671	0.1	-0.1	-4.44809
13051074	672	0.1	-0.1	-2.71925
13051074	673	0.1	-0.1	-5.34308
13051074	674	0.1	-0.1	0.659628
13051074	675	0.1	-0.1	3.62656
13051074	676	0.1	-0.1	-3.30657
13051074	677	0.1	-0.1	0.13664
13051074	678	0.1	-0.1	2.98106
13051074	679	0.1	-0.1	-1.72633
13051074	680	0.1	-0.1	-3.30093
13051074	681	0.1	-0.1	-4.03628
13051074	682	0.1	-0.1	2.41204
13051074	683	0.1	-0.1	-5.40597
13051074	684	0.1	-0.1	3.78214
13051074	685	0.1	-0.1	3.74951
13051074	686	0.1	-0.1	-2.22671
13051074	687	0.1	-0.1	1.86717
13051074	688	0.1	-0.1	-1.73989
13051074	689	0.1	-0.1	2.33413
13051074	690	0.1	-0.1	2.11621
13051074	691	0.1	-0.1	4.66544
13051074	692	0.1	-0.1	5.66841
13051074	693	0.1	-0.1	3.18601
13051074	694	0.1	-0.1	1.03438
13051074	695	0.1	-0.1	-5.42616
13051074	696	0.1	-0.1	1.23564
13051074	697	0.1	-0.1	-0.607741
13051074	698	0.1	-0.1	4.27825
13051074	699	0.1	-0.1	-1.61997
13051074	700	0.1	-0.1	-2.47542
13051074	701	0.1	-0.1	5.34664
13051074	702	0.1	-0.1	2.41195
13051074	703	0.1	-0.1	-4.02836
13051074	704	0.1	-0.1	1.41377
13051074	705	0.1	-0.1	0.731415
13051074	706	0.1	-0.1	-4.7534
13051074	707	0.1	-0.1	3.22827
13051074	708	0.1	-0.1	-1.38399
13051074	709	0.1	-0.1	-5.50269
13051074	710	0.1	-0.1	2.76613
13051074	711	0.1	-0.1	3.51669
13051074	712	0.1	-0.1	0.471025
13051074	713	0.1	-0.1	2.0096
13051074	714	0.1	-0.1	1.6729
13051074	715	0.1	-0.1	1.01963
13051074	716	0.1	-0.1	5.85208
13051074	717	0.1	-0.1	4.98524
13051074	718	0.1	-0.1	-0.933498
13051074	719	0.1	-0.1	2.45959
13051074	720	0.1	-0.1	2.89688
13051074	721	0.1	-0.1	4.97226
13051074	722	0.1	-0.1	2.32759
13051074	723	0.1	-0.1	2.87607
13051074	724	0.1	-0.1	4.71882
13051074	725	0.1	-0.1	-2.87695
13051074	726	0.1	-0.1	3.31593
13051074	727	0.1	-0.1	-4.80272
13051074	728	0.1	-0.1	3.20881
13051074	729	0.1	-0.1	-0.308708
13051074	730	0.1	-0.1	-3.92994
13051074	731	0.1	-0.1	-0.381883
13051074	732	0.1	-0.1	1.21794
13051074	733	0.1	-0.1	-1.62541
13051074	734	0.1	-0.1	-0.743476
13051074	735	0.1	-0.1	5.44818
13051074	736	0.1	-0.1	-3.78475
13051074	737	0.1	-0.1	4.29834
13051074	738	0.1	-0.1	-0.86822
13051074	739	0.1	-0.1	3.38625
13051074	740	0.1	-0.1	0.970331
13051074	741	0.1	-0.1	-1.71335
13051074	742	0.1	-0.1	-4.77038
13051074	743	0.1	-0.1	-1.28902
13051074	744	0.1	-0.1	-2.36413
13051074	745	0.1	-0.1	0.295541
13051074	746	0.1	-0.1	-2.52575
13051074	747	0.1	-0.1	-2.41317
13051074	748	0.1	-0.1	-4.57391
13051074	749	0.1	-0.1	2.03889
13051074	750	0.1	-0.1	2.83563
13051074	751	0.1	-0.1	5.75243
13051074	752	0.1	-0.1	3.76613
13051074	753	0.1	-0.1	-2.38513
13051074	754	0.1	-0.1	2.31855
13051074	755	0.1	-0.1	-5.40359
13051074	756	0.1	-0.1	-0.99271
13051074	757	0.1	-0.1	-2.95076
13051074	758	0.1	-0.1	-4.95633
13051074	759	0.1	-0.1	-3.29717
13051074	760	0.1	-0.1	-2.6582
13051074	761	0.1	-0.1	5.66899
13051074	762	0.1	-0.1	-5.04752
13051074	763	0.1	-0.1	-5.39578
13051074	764	0.1	-0.1	-4.04575
13051074	765	0.1	-0.1	-3.9124
13051074	766	0.1	-0.1	-0.139341
13051074	767	0.1	-0.1	-3.57234
13051074	768	0.1	-0.1	0.324656
13051074	769	0.1	-0.1	2.7225
13051074	770	0.1	-0.1	-1.01953
13051074	771	0.1	-0.1	3.06522
13051074	772	0.1	-0.1	-1.73287
13051074	773	0.1	-0.1	3.69597
13051074	774	0.1	-0.1	2.87594
13051074	775	0.1	-0.1	1.68956
13051074	776	0.1	-0.1	2.85784
13051074	777	0.1	-0.1	-5.08456
13051074	778	0.1	-0.1	-2.5178
13051074	779	0.1	-0.1	-4.51736
13051074	780	0.1	-0.1	3.22925
13051074	781	0.1	-0.1	1.19924
13051074	782	0.1	-0.1	3.75738
13051074	783	0.1	-0.1	4.46163
13051074	784	0.1	-0.1	-1.35773
13051074	785	0.1	-0.1	3.56131
13051074	786	0.1	-0.1	5.63322
13051074	787	0.1	-0.1	0.57282
13051074	788	0.1	-0.1	3.25898
13051074	789	0.1	-0.1	0.126444
13051074	790	0.1	-0.1	0.746179
13051074	791	0.1	-0.1	-1.44818
13051074	792	0.1	-0.1	-4.5476
13051074	793	0.1	-0.1	-1.76463
13051074	794	0.1	-0.1	-3.25932
13051074	795	0.1	-0.1	1.59078
13051074	796	0.1	-0.1	-0.516749
13051074	797	0.1	-0.1	-1.86157
13051074	798	0.1	-0.1	-1.13026
13051074	799	0.1	-0.1	-4.46205
13051074	800	0.1	-0.1	-5.97147
13051074	801	0.1	-0.1	-0.476312
13051074	802	0.1	-0.1	5.35094
13051074	803	0.1	-0.1	5.49531
13051074	804	0.1	-0.1	-4.49139
13051074	805	0.1	-0.1	-5.44425
13051074	806	0.1	-0.1	0.511038
13051074	807	0.1	-0.1	-2.28677
13051074	808	0.1	-0.1	-0.492949
13051074	809	0.1	-0.1	-4.72898
13051074	810	0.1	-0.1	4.31576
13051074	811	0.1	-0.1	1.78566
13051074	812	0.1	-0.1	4.69569
13051074	813	0.1	-0.1	-5.74268
13051074	814	0.1	-0.1	-2.88823
13051074	815	0.1	-0.1	5.46615
13051074	816	0.1	-0.1	-2.37184
13051074	817	0.1	-0.1	4.02964
13051074	818	0.1	-0.1	-1.42421
13051074	819	0.1	-0.1	3.99936
13051074	820	0.1	-0.1	-2.64417
13051074	821	0.1	-0.1	0.0339881
13051074	822	0.1	-0.1	-0.426873
13051074	823	0.1	-0.1	-2.66546
13051074	824	0.1	-0.1	-3.27453
13051074	825	0.1	-0.1	5.00687
13051074	826	0.1	-0.1	3.73619
13051074	827	0.1	-0.1	-3.10729
13051074	828	0.1	-0.1	5.07227
13051074	829	0.1	-0.1	0.451591
13051074	830	0.1	-0.1	-4.50869
13051074	831	0.1	-0.1	-5.73925
13051074	832	0.1	-0.1	0.384886
13051074	833	0.1	-0.1	3.60083
13051074	834	0.1	-0.1	-1.68623
13051074	835	0.1	-0.1	4.52789
13051074	836	0.1	-0.1	2.06201
13051074	837	0.1	-0.1	4.57934
13051074	838	0.1	-0.1	5.46805
13051074	839	0.1	-0.1	-0.654843
13051074	840	0.1	-0.1	1.06344
13051074	841	0.1	-0.1	1.51839
13051074	842	0.1	-0.1	-4.79013
13051074	843	0.1	-0.1	-2.87262
13051074	844	0.1	-0.1	-3.1059
13051074	845	0.1	-0.1	5.2235
13051074	846	0.1	-0.1	-5.85394
13051074	847	0.1	-0.1	4.33629
13051074	848	0.1	-0.1	-5.98349
13051074	849	0.1	-0.1	0.77315
13051074	850	0.1	-0.1	-1.31511
13051074	851	0.1	-0.1	3.59232
13051074	852	0.1	-0.1	-3.31864
13051074	853	0.1	-0.1	5.82035
13051074	854	0.1	-0.1	-0.933344
13051074	855	0.1	-0.1	4.91988
13051074	856	0.1	-0.1	-5.26913
13051074	857	0.1	-0.1	-4.41889
13051074	858	0.1	-0.1	0.982826
13051074	859	0.1	-0.1	-2.36071
13051074	860	0.1	-0.1	5.85922
13051074	861	0.1	-0.1	0.142206
13051074	862	0.1	-0.1	1.98079
13051074	863	0.1	-0.1	-5.81346
13051074	864	0.1	-0.1	-0.677651
13051074	865	0.1	-0.1	4.33953
13051074	866	0.1	-0.1	-1.10233
13051074	867	0.1	-0.1	-3.31506
13051074	868	0.1	-0.1	0.658825
13051074	869	0.1	-0.1	0.780476
13051074	870	0.1	-0.1	-2.71635
13051074	871	0.1	-0.1	-2.04545
13051074	872	0.1	-0.1	-3.99495
13051074	873	0.1	-0.1	4.97171
13051074	874	0.1	-0.1	3.05812
13051074	875	0.1	-0.1	5.63971
13051074	876	0.1	-0.1	2.41434
13051074	877	0.1	-0.1	4.60027
13051074	878	0.1	-0.1	-2.24078
13051074	879	0.1	-0.1	0.011827
13051074	880	0.1	-0.1	-0.898454
13051074	881	0.1	-0.1	-5.75555
13051074	882	0.1	-0.1	-5.1338
13051074	883	0.1	-0.1	5.22917
13051074	884	0.1	-0.1	1.77451
13051074	885	0.1	-0.1	5.3072
13051074	886	0.1	-0.1	-5.88001
13051074	887	0.1	-0.1	-3.37323
13051074	888	0.1	-0.1	4.20197
13051074	889	0.1	-0.1	4.95489
13051074	890	0.1	-0.1	-0.474191
13051074	891	0.1	-0.1	-2.94676
13051074	892	0.1	-0.1	1.63523
13051074	893	0.1	-0.1	0.410888
13051074	894	0.1	-0.1	1.32207
13051074	895	0.1	-0.1	-2.12312
13051074	896	0.1	-0.1	-2.11181
13051074	897	0.1	-0.1	-1.12757
13051074	898	0.1	-0.1	-1.27272
13051074	899	0.1	-0.1	3.31981
13051074	900	0.1	-0.1	0.00725222
13051074	901	0.1	-0.1	1.43857
13051074	902	0.1	-0.1	-5.65271
13051074	903	0.1	-0.1	0.93823
13051074	904	0.1	-0.1	-0.940095
13051074	905	0.1	-0.1	-5.81994
13051074	906	0.1	-0.1	-1.55464
13051074	907	0.1	-0.1	-5.68319
13051074	908	0.1	-0.1	5.81168
13051074	909	0.1	-0.1	3.54876
13051074	910	0.1	-0.1	5.90946
13051074	911	0.1	-0.1	1.50694
13051074	912	0.1	-0.1	1.41865
13051074	913	0.1	-0.1	2.88221
13051074	914	0.1	-0.1	-5.29417
13051074	915	0.1	-0.1	-2.72393
13051074	916	0.1	-0.1	-3.01731
13051074	917	0.1	-0.1	-3.91797
13051074	918	0.1	-0.1	-1.973
13051074	919	0.1	-0.1	5.67658
13051074	920	0.1	-0.1	-2.7431
13051074	921	0.1	-0.1	4.22663
13051074	922	0.1	-0.1	-0.00240176
13051074	923	0.1	-0.1	1.57372
13051074	924	0.1	-0.1	-2.88362
13051074	925	0.1	-0.1	-4.77236
13051074	926	0.1	-0.1	4.35421
13051074	927	0.1	-0.1	-3.30408
13051074	928	0.1	-0.1	-5.11292
13051074	929	0.1	-0.1	-3.89055
13051074	930	0.1	-0.1	2.9024
13051074	931	0.1	-0.1	-4.32448
13051074	932	0.1	-0.1	-0.63852
13051074	933	0.1	-0.1	-1.87115
13051074	934	0.1	-0.1	-0.140922
13051074	935	0.1	-0.1	0.60707
13051074	936	0.1	-0.1	3.22644
13051074	937	0.1	-0.1	-4.51759
13051074	938	0.1	-0.1	2.20988
13051074	939	0.1	-0.1	-3.04099
13051074	940	0.1	-0.1	3.1634
13051074	941	0.1	-0.1	-5.75225
13051074	942	0.1	-0.1	4.09904
13051074	943	0.1	-0.1	5.85495
13051074	944	0.1	-0.1	1.89981
13051074	945	0.1	-0.1	-4.16499
13051074	946	0.1	-0.1	0.867846
13051074	947	0.1	-0.1	2.30969
13051074	948	0.1	-0.1	-0.356369
13051074	949	0.1	-0.1	-0.22986
13051074	950	0.1	-0.1	-3.66085
13051074	951	0.1	-0.1	-0.0884462
13051074	952	0.1	-0.1	2.56036
13051074	953	0.1	-0.1	1.55694
13051074	954	0.1	-0.1	4.83728
13051074	955	0.1	-0.1	1.69104
13051074	956	0.1	-0.1	3.97521
13051074	957	0.1	-0.1	-1.93537
13051074	958	0.1	-0.1	4.20516
13051074	959	0.1	-0.1	-3.65701
13051074	960	0.1	-0.1	1.11908
13051074	961	0.1	-0.1	4.62963
13051074	962	0.1	-0.1	3.37675
13051074	963	0.1	-0.1	5.96649
13051074	964	0.1	-0.1	1.04502
13051074	965	0.1	-0.1	2.21906
13051074	966	0.1	-0.1	3.0776
13051074	967	0.1	-0.1	4.5968
13051074	968	0.1	-0.1	1.38644
13051074	969	0.1	-0.1	-2.18764
13051074	970	0.1	-0.1	-5.80325
13051074	971	0.1	-0.1	-4.5397
13051074	972	0.1	-0.1	-4.2273
13051074	973	0.1	-0.1	2.98641
13051074	974	0.1	-0.1	-5.7061
13051074	975	0.1	-0.1	-3.54611
13051074	976	0.1	-0.1	5.8545
13051074	977	0.1	-0.1	-2.79654
13051074	978	0.1	-0.1	-0.407961
13051074	979	0.1	-0.1	5.79027
13051074	980	0.1	-0.1	-5.61488
13051074	981	0.1	-0.1	1.56878
13051074	982	0.1	-0.1	-4.95276
13051074	983	0.1	-0.1	2.85945
13051074	984	0.1	-0.1	3.31992
13051074	985	0.1	-0.1	3.25283
13051074	986	0.1	-0.1	-2.46621
13051074	987	0.1	-0.1	2.32252
13051074	988	0.1	-0.1	-1.00835
13051074	989	0.1	-0.1	-4.34539
13051074	990	0.1	-0.1	0.172892
13051074	991	0.1	-0.1	-1.05386
13051074	992	0.1	-0.1	-0.391787
13051074	993	0.1	-0.1	-2.28049
13051074	994	0.1	-0.1	-3.59694
13051074	995	0.1	-0.1	1.9515
13051074	996	0.1	-0.1	-5.17582
13051074	997	0.1	-0.1	-2.47934
13051074	998	0.1	-0.1	-4.56192
13051074	999	0.1	-0.1	-0.373138
13051074	1000	0.1	-0.1	-3.45714
