13059014	1	0.1	-0.1	-2.48689
13059014	2	0.1	-0.1	4.55115
13059014	3	0.1	-0.1	-2.21029
13059014	4	0.1	-0.1	3.19084
13059014	5	0.1	-0.1	0.757152
13059014	6	0.1	-0.1	-1.87751
13059014	7	0.1	-0.1	-1.24097
13059014	8	0.1	-0.1	-1.15715
13059014	9	0.1	-0.1	5.40889
13059014	10	0.1	-0.1	-4.20401
13059014	11	0.1	-0.1	-3.6977
13059014	12	0.1	-0.1	4.21627
13059014	13	0.1	-0.1	5.45952
13059014	14	0.1	-0.1	-5.65039
13059014	15	0.1	-0.1	-5.84874
13059014	16	0.1	-0.1	5.80402
13059014	17	0.1	-0.1	-3.9228
13059014	18	0.1	-0.1	-2.29022
13059014	19	0.1	-0.1	5.29569
13059014	20	0.1	-0.1	-3.54806
13059014	21	0.1	-0.1	4.67217
13059014	22	0.1	-0.1	0.85623
13059014	23	0.1	-0.1	-1.27687
13059014	24	0.1	-0.1	-0.518861
13059014	25	0.1	-0.1	-5.43779
13059014	26	0.1	-0.1	-2.31165
13059014	27	0.1	-0.1	4.63107
13059014	28	0.1	-0.1	1.97624
13059014	29	0.1	-0.1	-4.93167
13059014	30	0.1	-0.1	1.17221
13059014	31	0.1	-0.1	-1.49626
13059014	32	0.1	-0.1	0.710044
13059014	33	0.1	-0.1	1.78319
13059014	34	0.1	-0.1	5.79356
13059014	35	0.1	-0.1	4.67049
13059014	36	0.1	-0.1	-2.93455
13059014	37	0.1	-0.1	-3.82404
13059014	38	0.1	-0.1	-4.41741
13059014	39	0.1	-0.1	-0.69804
13059014	40	0.1	-0.1	-3.67816
13059014	41	0.1	-0.1	0.0524319
13059014	42	0.1	-0.1	-3.6873
13059014	43	0.1	-0.1	5.02697
13059014	44	0.1	-0.1	-3.99089
13059014	45	0.1	-0.1	-5.55731
13059014	46	0.1	-0.1	1.42917
13059014	47	0.1	-0.1	-0.319477
13059014	48	0.1	-0.1	-0.343646
13059014	49	0.1	-0.1	-3.70998
13059014	50	0.1	-0.1	-5.18089
13059014	51	0.1	-0.1	5.43761
13059014	52	0.1	-0.1	4.63004
13059014	53	0.1	-0.1	-3.71507
13059014	54	0.1	-0.1	-5.83332
13059014	55	0.1	-0.1	-3.9324
13059014	56	0.1	-0.1	1.63218
13059014	57	0.1	-0.1	1.86717
13059014	58	0.1	-0.1	0.2805
13059014	59	0.1	-0.1	-5.81842
13059014	60	0.1	-0.1	-0.0168172
13059014	61	0.1	-0.1	-3.08092
13059014	62	0.1	-0.1	-3.68817
13059014	63	0.1	-0.1	-5.08424
13059014	64	0.1	-0.1	0.206497
13059014	65	0.1	-0.1	5.6933
13059014	66	0.1	-0.1	4.97133
13059014	67	0.1	-0.1	-2.06949
13059014	68	0.1	-0.1	-4.02581
13059014	69	0.1	-0.1	-2.51966
13059014	70	0.1	-0.1	3.98594
13059014	71	0.1	-0.1	-1.39761
13059014	72	0.1	-0.1	-4.39732
13059014	73	0.1	-0.1	-0.344057
13059014	74	0.1	-0.1	5.48916
13059014	75	0.1	-0.1	-5.72196
13059014	76	0.1	-0.1	-4.72368
13059014	77	0.1	-0.1	4.11219
13059014	78	0.1	-0.1	2.6683
13059014	79	0.1	-0.1	4.81674
13059014	80	0.1	-0.1	4.34697
13059014	81	0.1	-0.1	4.61822
13059014	82	0.1	-0.1	4.3657
13059014	83	0.1	-0.1	-4.88764
13059014	84	0.1	-0.1	5.33567
13059014	85	0.1	-0.1	-2.66794
13059014	86	0.1	-0.1	-3.22742
13059014	87	0.1	-0.1	5.20938
13059014	88	0.1	-0.1	-3.27636
13059014	89	0.1	-0.1	0.826585
13059014	90	0.1	-0.1	-5.51496
13059014	91	0.1	-0.1	1.77865
13059014	92	0.1	-0.1	-0.231427
13059014	93	0.1	-0.1	1.94881
13059014	94	0.1	-0.1	-1.44128
13059014	95	0.1	-0.1	5.93866
13059014	96	0.1	-0.1	-1.94635
13059014	97	0.1	-0.1	-3.21817
13059014	98	0.1	-0.1	2.51785
13059014	99	0.1	-0.1	5.88226
13059014	100	0.1	-0.1	0.215085
13059014	101	0.1	-0.1	-3.8886
13059014	102	0.1	-0.1	-4.11229
13059014	103	0.1	-0.1	1.93324
13059014	104	0.1	-0.1	0.0758388
13059014	105	0.1	-0.1	1.61947
13059014	106	0.1	-0.1	0.262386
13059014	107	0.1	-0.1	-5.60832
13059014	108	0.1	-0.1	1.37683
13059014	109	0.1	-0.1	-2.19779
13059014	110	0.1	-0.1	-0.4896
13059014	111	0.1	-0.1	4.74709
13059014	112	0.1	-0.1	1.81818
13059014	113	0.1	-0.1	0.751284
13059014	114	0.1	-0.1	0.392629
13059014	115	0.1	-0.1	-4.33837
13059014	116	0.1	-0.1	-2.3181
13059014	117	0.1	-0.1	1.37575
13059014	118	0.1	-0.1	5.49301
13059014	119	0.1	-0.1	1.71388
13059014	120	0.1	-0.1	5.27362
13059014	121	0.1	-0.1	5.13411
13059014	122	0.1	-0.1	5.44447
13059014	123	0.1	-0.1	5.66156
13059014	124	0.1	-0.1	4.01463
13059014	125	0.1	-0.1	0.545148
13059014	126	0.1	-0.1	-0.386427
13059014	127	0.1	-0.1	5.68753
13059014	128	0.1	-0.1	-4.7568
13059014	129	0.1	-0.1	2.32342
13059014	130	0.1	-0.1	5.52024
13059014	131	0.1	-0.1	-4.86492
13059014	132	0.1	-0.1	5.70818
13059014	133	0.1	-0.1	4.90145
13059014	134	0.1	-0.1	1.70931
13059014	135	0.1	-0.1	3.16815
13059014	136	0.1	-0.1	2.87718
13059014	137	0.1	-0.1	-5.5125
13059014	138	0.1	-0.1	-1.40975
13059014	139	0.1	-0.1	-5.52023
13059014	140	0.1	-0.1	4.12829
13059014	141	0.1	-0.1	-1.01038
13059014	142	0.1	-0.1	-4.8302
13059014	143	0.1	-0.1	2.33726
13059014	144	0.1	-0.1	-1.98472
13059014	145	0.1	-0.1	4.21882
13059014	146	0.1	-0.1	-2.99034
13059014	147	0.1	-0.1	5.66315
13059014	148	0.1	-0.1	1.53316
13059014	149	0.1	-0.1	0.00189616
13059014	150	0.1	-0.1	1.07819
13059014	151	0.1	-0.1	1.89023
13059014	152	0.1	-0.1	-5.00096
13059014	153	0.1	-0.1	4.82093
13059014	154	0.1	-0.1	0.332473
13059014	155	0.1	-0.1	-3.78609
13059014	156	0.1	-0.1	-4.1839
13059014	157	0.1	-0.1	-2.24947
13059014	158	0.1	-0.1	-3.03621
13059014	159	0.1	-0.1	3.49368
13059014	160	0.1	-0.1	2.53585
13059014	161	0.1	-0.1	-0.669219
13059014	162	0.1	-0.1	2.79346
13059014	163	0.1	-0.1	-4.88202
13059014	164	0.1	-0.1	-1.05454
13059014	165	0.1	-0.1	-2.17051
13059014	166	0.1	-0.1	-5.37323
13059014	167	0.1	-0.1	-3.4126
13059014	168	0.1	-0.1	-5.79302
13059014	169	0.1	-0.1	-5.73995
13059014	170	0.1	-0.1	-4.65485
13059014	171	0.1	-0.1	-5.29226
13059014	172	0.1	-0.1	-4.85392
13059014	173	0.1	-0.1	-4.99155
13059014	174	0.1	-0.1	1.71365
13059014	175	0.1	-0.1	3.88761
13059014	176	0.1	-0.1	-2.09762
13059014	177	0.1	-0.1	-1.83603
13059014	178	0.1	-0.1	4.76452
13059014	179	0.1	-0.1	-1.0328
13059014	180	0.1	-0.1	-5.05709
13059014	181	0.1	-0.1	-1.64074
13059014	182	0.1	-0.1	-4.14924
13059014	183	0.1	-0.1	0.940438
13059014	184	0.1	-0.1	5.21156
13059014	185	0.1	-0.1	0.903016
13059014	186	0.1	-0.1	1.03846
13059014	187	0.1	-0.1	-4.39458
13059014	188	0.1	-0.1	-2.53333
13059014	189	0.1	-0.1	0.0477922
13059014	190	0.1	-0.1	3.44924
13059014	191	0.1	-0.1	3.49411
13059014	192	0.1	-0.1	-1.15751
13059014	193	0.1	-0.1	3.8415
13059014	194	0.1	-0.1	1.54882
13059014	195	0.1	-0.1	4.86883
13059014	196	0.1	-0.1	-5.93976
13059014	197	0.1	-0.1	3.90837
13059014	198	0.1	-0.1	-2.77414
13059014	199	0.1	-0.1	4.21497
13059014	200	0.1	-0.1	2.03156
13059014	201	0.1	-0.1	0.747651
13059014	202	0.1	-0.1	-1.18479
13059014	203	0.1	-0.1	-0.755559
13059014	204	0.1	-0.1	0.490539
13059014	205	0.1	-0.1	3.90042
13059014	206	0.1	-0.1	-0.0233837
13059014	207	0.1	-0.1	-4.20798
13059014	208	0.1	-0.1	4.57288
13059014	209	0.1	-0.1	-5.24354
13059014	210	0.1	-0.1	1.03121
13059014	211	0.1	-0.1	-1.76779
13059014	212	0.1	-0.1	1.06474
13059014	213	0.1	-0.1	3.38348
13059014	214	0.1	-0.1	4.45097
13059014	215	0.1	-0.1	2.32932
13059014	216	0.1	-0.1	-5.04901
13059014	217	0.1	-0.1	1.73151
13059014	218	0.1	-0.1	0.833917
13059014	219	0.1	-0.1	-4.18195
13059014	220	0.1	-0.1	2.6501
13059014	221	0.1	-0.1	-3.04986
13059014	222	0.1	-0.1	-3.65615
13059014	223	0.1	-0.1	2.88549
13059014	224	0.1	-0.1	3.47939
13059014	225	0.1	-0.1	4.53003
13059014	226	0.1	-0.1	-4.0024
13059014	227	0.1	-0.1	-0.679317
13059014	228	0.1	-0.1	0.13111
13059014	229	0.1	-0.1	-1.1565
13059014	230	0.1	-0.1	0.663684
13059014	231	0.1	-0.1	-3.28064
13059014	232	0.1	-0.1	-4.78926
13059014	233	0.1	-0.1	1.8802
13059014	234	0.1	-0.1	-4.03248
13059014	235	0.1	-0.1	-1.39625
13059014	236	0.1	-0.1	5.0843
13059014	237	0.1	-0.1	3.45586
13059014	238	0.1	-0.1	5.67579
13059014	239	0.1	-0.1	4.52347
13059014	240	0.1	-0.1	-2.21886
13059014	241	0.1	-0.1	-3.80473
13059014	242	0.1	-0.1	1.84004
13059014	243	0.1	-0.1	4.24155
13059014	244	0.1	-0.1	0.686295
13059014	245	0.1	-0.1	4.20131
13059014	246	0.1	-0.1	-3.09387
13059014	247	0.1	-0.1	5.10244
13059014	248	0.1	-0.1	2.76299
13059014	249	0.1	-0.1	-3.68369
13059014	250	0.1	-0.1	-4.74192
13059014	251	0.1	-0.1	-2.50384
13059014	252	0.1	-0.1	2.96555
13059014	253	0.1	-0.1	-5.98028
13059014	254	0.1	-0.1	0.88291
13059014	255	0.1	-0.1	-0.272473
13059014	256	0.1	-0.1	4.78489
13059014	257	0.1	-0.1	5.99629
13059014	258	0.1	-0.1	0.363409
13059014	259	0.1	-0.1	5.93727
13059014	260	0.1	-0.1	3.93728
13059014	261	0.1	-0.1	-5.38507
13059014	262	0.1	-0.1	-5.94745
13059014	263	0.1	-0.1	2.19775
13059014	264	0.1	-0.1	-3.0905
13059014	265	0.1	-0.1	-5.91888
13059014	266	0.1	-0.1	5.15706
13059014	267	0.1	-0.1	0.375084
13059014	268	0.1	-0.1	-1.96819
13059014	269	0.1	-0.1	-4.49856
13059014	270	0.1	-0.1	-0.621028
13059014	271	0.1	-0.1	1.53966
13059014	272	0.1	-0.1	3.85881
13059014	273	0.1	-0.1	-2.22256
13059014	274	0.1	-0.1	-4.65663
13059014	275	0.1	-0.1	-4.98713
13059014	276	0.1	-0.1	-2.39864
13059014	277	0.1	-0.1	3.17872
13059014	278	0.1	-0.1	1.13242
13059014	279	0.1	-0.1	-0.800208
13059014	280	0.1	-0.1	-3.22369
13059014	281	0.1	-0.1	-3.90103
13059014	282	0.1	-0.1	-5.35486
13059014	283	0.1	-0.1	1.55398
13059014	284	0.1	-0.1	2.39211
13059014	285	0.1	-0.1	5.12186
13059014	286	0.1	-0.1	-1.32822
13059014	287	0.1	-0.1	3.17063
13059014	288	0.1	-0.1	0.951979
13059014	289	0.1	-0.1	-1.37097
13059014	290	0.1	-0.1	1.34433
13059014	291	0.1	-0.1	1.52362
13059014	292	0.1	-0.1	-5.25928
13059014	293	0.1	-0.1	-1.37473
13059014	294	0.1	-0.1	-3.22147
13059014	295	0.1	-0.1	3.51035
13059014	296	0.1	-0.1	3.6319
13059014	297	0.1	-0.1	-5.77752
13059014	298	0.1	-0.1	5.74768
13059014	299	0.1	-0.1	-1.524
13059014	300	0.1	-0.1	3.84933
13059014	301	0.1	-0.1	3.9734
13059014	302	0.1	-0.1	2.89483
13059014	303	0.1	-0.1	-3.75452
13059014	304	0.1	-0.1	-0.169849
13059014	305	0.1	-0.1	3.03283
13059014	306	0.1	-0.1	-5.03469
13059014	307	0.1	-0.1	-1.95149
13059014	308	0.1	-0.1	5.80558
13059014	309	0.1	-0.1	-2.52779
13059014	310	0.1	-0.1	0.566234
13059014	311	0.1	-0.1	-2.09088
13059014	312	0.1	-0.1	-5.63165
13059014	313	0.1	-0.1	0.311668
13059014	314	0.1	-0.1	4.74277
13059014	315	0.1	-0.1	-1.44302
13059014	316	0.1	-0.1	-0.117613
13059014	317	0.1	-0.1	-0.698206
13059014	318	0.1	-0.1	3.51013
13059014	319	0.1	-0.1	2.7206
13059014	320	0.1	-0.1	2.77281
13059014	321	0.1	-0.1	-5.56806
13059014	322	0.1	-0.1	-1.57106
13059014	323	0.1	-0.1	3.08797
13059014	324	0.1	-0.1	-0.0435831
13059014	325	0.1	-0.1	-1.27654
13059014	326	0.1	-0.1	3.68685
13059014	327	0.1	-0.1	-4.38878
13059014	328	0.1	-0.1	3.74673
13059014	329	0.1	-0.1	-2.2272
13059014	330	0.1	-0.1	-2.04212
13059014	331	0.1	-0.1	3.82922
13059014	332	0.1	-0.1	4.32642
13059014	333	0.1	-0.1	-2.86754
13059014	334	0.1	-0.1	-2.2964
13059014	335	0.1	-0.1	1.14394
13059014	336	0.1	-0.1	2.73279
13059014	337	0.1	-0.1	-2.25608
13059014	338	0.1	-0.1	0.556095
13059014	339	0.1	-0.1	-3.62701
13059014	340	0.1	-0.1	0.0723965
13059014	341	0.1	-0.1	5.86906
13059014	342	0.1	-0.1	-4.5428
13059014	343	0.1	-0.1	5.12887
13059014	344	0.1	-0.1	-5.669
13059014	345	0.1	-0.1	3.15851
13059014	346	0.1	-0.1	-4.47323
13059014	347	0.1	-0.1	-4.90672
13059014	348	0.1	-0.1	-1.37177
13059014	349	0.1	-0.1	2.85708
13059014	350	0.1	-0.1	1.64471
13059014	351	0.1	-0.1	1.44331
13059014	352	0.1	-0.1	-1.65814
13059014	353	0.1	-0.1	-4.31997
13059014	354	0.1	-0.1	-3.51087
13059014	355	0.1	-0.1	5.34305
13059014	356	0.1	-0.1	2.33952
13059014	357	0.1	-0.1	-4.96851
13059014	358	0.1	-0.1	1.55145
13059014	359	0.1	-0.1	4.68313
13059014	360	0.1	-0.1	5.94024
13059014	361	0.1	-0.1	-1.4107
13059014	362	0.1	-0.1	0.391221
13059014	363	0.1	-0.1	-4.30521
13059014	364	0.1	-0.1	-0.543647
13059014	365	0.1	-0.1	-2.17674
13059014	366	0.1	-0.1	4.07328
13059014	367	0.1	-0.1	0.588889
13059014	368	0.1	-0.1	-5.1335
13059014	369	0.1	-0.1	2.88109
13059014	370	0.1	-0.1	4.64675
13059014	371	0.1	-0.1	3.7862
13059014	372	0.1	-0.1	5.24351
13059014	373	0.1	-0.1	-3.58935
13059014	374	0.1	-0.1	3.39821
13059014	375	0.1	-0.1	1.58976
13059014	376	0.1	-0.1	0.95282
13059014	377	0.1	-0.1	2.09209
13059014	378	0.1	-0.1	2.47966
13059014	379	0.1	-0.1	2.98219
13059014	380	0.1	-0.1	-4.94063
13059014	381	0.1	-0.1	1.13119
13059014	382	0.1	-0.1	-2.46207
13059014	383	0.1	-0.1	5.27329
13059014	384	0.1	-0.1	-0.923285
13059014	385	0.1	-0.1	-3.78456
13059014	386	0.1	-0.1	1.2252
13059014	387	0.1	-0.1	3.10778
13059014	388	0.1	-0.1	-3.59028
13059014	389	0.1	-0.1	-5.12282
13059014	390	0.1	-0.1	5.7629
13059014	391	0.1	-0.1	-2.9051
13059014	392	0.1	-0.1	-3.37036
13059014	393	0.1	-0.1	-0.705508
13059014	394	0.1	-0.1	-3.64434
13059014	395	0.1	-0.1	-1.10713
13059014	396	0.1	-0.1	-3.88041
13059014	397	0.1	-0.1	0.817726
13059014	398	0.1	-0.1	5.7143
13059014	399	0.1	-0.1	5.27139
13059014	400	0.1	-0.1	0.0305824
13059014	401	0.1	-0.1	5.42726
13059014	402	0.1	-0.1	5.85797
13059014	403	0.1	-0.1	4.96556
13059014	404	0.1	-0.1	0.00805573
13059014	405	0.1	-0.1	2.25975
13059014	406	0.1	-0.1	2.99666
13059014	407	0.1	-0.1	0.68812
13059014	408	0.1	-0.1	-0.87344
13059014	409	0.1	-0.1	-1.04629
13059014	410	0.1	-0.1	0.388016
13059014	411	0.1	-0.1	2.50059
13059014	412	0.1	-0.1	-3.58526
13059014	413	0.1	-0.1	-0.533089
13059014	414	0.1	-0.1	3.33442
13059014	415	0.1	-0.1	-5.56814
13059014	416	0.1	-0.1	0.238736
13059014	417	0.1	-0.1	1.31857
13059014	418	0.1	-0.1	3.20737
13059014	419	0.1	-0.1	-1.9451
13059014	420	0.1	-0.1	-5.03252
13059014	421	0.1	-0.1	5.49403
13059014	422	0.1	-0.1	0.964712
13059014	423	0.1	-0.1	-1.07006
13059014	424	0.1	-0.1	0.878446
13059014	425	0.1	-0.1	-5.81375
13059014	426	0.1	-0.1	2.97456
13059014	427	0.1	-0.1	1.31245
13059014	428	0.1	-0.1	5.81373
13059014	429	0.1	-0.1	-4.86611
13059014	430	0.1	-0.1	-5.24701
13059014	431	0.1	-0.1	0.181211
13059014	432	0.1	-0.1	5.87224
13059014	433	0.1	-0.1	1.64157
13059014	434	0.1	-0.1	4.4231
13059014	435	0.1	-0.1	2.75606
13059014	436	0.1	-0.1	4.70207
13059014	437	0.1	-0.1	2.40351
13059014	438	0.1	-0.1	5.56333
13059014	439	0.1	-0.1	-2.32313
13059014	440	0.1	-0.1	5.85036
13059014	441	0.1	-0.1	-0.985399
13059014	442	0.1	-0.1	3.16091
13059014	443	0.1	-0.1	2.81436
13059014	444	0.1	-0.1	2.43261
13059014	445	0.1	-0.1	-3.95091
13059014	446	0.1	-0.1	-5.30243
13059014	447	0.1	-0.1	1.70247
13059014	448	0.1	-0.1	3.16454
13059014	449	0.1	-0.1	2.27375
13059014	450	0.1	-0.1	1.23568
13059014	451	0.1	-0.1	-4.88693
13059014	452	0.1	-0.1	4.64181
13059014	453	0.1	-0.1	5.43534
13059014	454	0.1	-0.1	2.76634
13059014	455	0.1	-0.1	3.72845
13059014	456	0.1	-0.1	-2.32263
13059014	457	0.1	-0.1	-0.0321366
13059014	458	0.1	-0.1	1.7551
13059014	459	0.1	-0.1	1.64585
13059014	460	0.1	-0.1	3.69608
13059014	461	0.1	-0.1	-4.07654
13059014	462	0.1	-0.1	-2.38859
13059014	463	0.1	-0.1	-3.84203
13059014	464	0.1	-0.1	2.44567
13059014	465	0.1	-0.1	-2.58339
13059014	466	0.1	-0.1	2.70026
13059014	467	0.1	-0.1	-3.36399
13059014	468	0.1	-0.1	-2.69675
13059014	469	0.1	-0.1	-5.83189
13059014	470	0.1	-0.1	-0.53786
13059014	471	0.1	-0.1	-4.48151
13059014	472	0.1	-0.1	3.09988
13059014	473	0.1	-0.1	-3.38036
13059014	474	0.1	-0.1	3.72829
13059014	475	0.1	-0.1	-0.990874
13059014	476	0.1	-0.1	3.4267
13059014	477	0.1	-0.1	-4.2928
13059014	478	0.1	-0.1	-3.8047
13059014	479	0.1	-0.1	0.563006
13059014	480	0.1	-0.1	-4.33266
13059014	481	0.1	-0.1	-0.0297457
13059014	482	0.1	-0.1	3.86373
13059014	483	0.1	-0.1	-0.902754
13059014	484	0.1	-0.1	4.18772
13059014	485	0.1	-0.1	1.97991
13059014	486	0.1	-0.1	-5.43586
13059014	487	0.1	-0.1	0.861759
13059014	488	0.1	-0.1	-1.47931
13059014	489	0.1	-0.1	-4.9247
13059014	490	0.1	-0.1	-0.282177
13059014	491	0.1	-0.1	2.02162
13059014	492	0.1	-0.1	-1.06622
13059014	493	0.1	-0.1	-5.26441
13059014	494	0.1	-0.1	1.52738
13059014	495	0.1	-0.1	-4.73016
13059014	496	0.1	-0.1	0.772677
13059014	497	0.1	-0.1	1.02211
13059014	498	0.1	-0.1	-2.79878
13059014	499	0.1	-0.1	4.05637
13059014	500	0.1	-0.1	-2.81563
13059014	501	0.1	-0.1	0.464246
13059014	502	0.1	-0.1	4.02993
13059014	503	0.1	-0.1	-4.82165
13059014	504	0.1	-0.1	2.05854
13059014	505	0.1	-0.1	-5.44602
13059014	506	0.1	-0.1	-0.462615
13059014	507	0.1	-0.1	-2.33238
13059014	508	0.1	-0.1	5.06306
13059014	509	0.1	-0.1	4.92888
13059014	510	0.1	-0.1	-1.25034
13059014	511	0.1	-0.1	-3.80824
13059014	512	0.1	-0.1	-0.829875
13059014	513	0.1	-0.1	-1.65011
13059014	514	0.1	-0.1	0.71478
13059014	515	0.1	-0.1	0.91989
13059014	516	0.1	-0.1	-1.95543
13059014	517	0.1	-0.1	-1.40284
13059014	518	0.1	-0.1	3.80481
13059014	519	0.1	-0.1	1.48656
13059014	520	0.1	-0.1	5.4362
13059014	521	0.1	-0.1	-3.82524
13059014	522	0.1	-0.1	-3.19987
13059014	523	0.1	-0.1	-3.18633
13059014	524	0.1	-0.1	-5.90457
13059014	525	0.1	-0.1	-1.88775
13059014	526	0.1	-0.1	-3.91209
13059014	527	0.1	-0.1	-0.261707
13059014	528	0.1	-0.1	-4.15676
13059014	529	0.1	-0.1	-4.8011
13059014	530	0.1	-0.1	3.72773
13059014	531	0.1	-0.1	-0.427328
13059014	532	0.1	-0.1	-3.2317
13059014	533	0.1	-0.1	-3.88215
13059014	534	0.1	-0.1	4.32576
13059014	535	0.1	-0.1	3.09787
13059014	536	0.1	-0.1	-5.99646
13059014	537	0.1	-0.1	1.66277
13059014	538	0.1	-0.1	-5.72373
13059014	539	0.1	-0.1	0.614099
13059014	540	0.1	-0.1	-0.581246
13059014	541	0.1	-0.1	4.26859
13059014	542	0.1	-0.1	1.79613
13059014	543	0.1	-0.1	-2.01224
13059014	544	0.1	-0.1	0.854305
13059014	545	0.1	-0.1	-1.73658
13059014	546	0.1	-0.1	-2.70326
13059014	547	0.1	-0.1	1.12712
13059014	548	0.1	-0.1	-4.99989
13059014	549	0.1	-0.1	-5.80788
13059014	550	0.1	-0.1	2.56591
13059014	551	0.1	-0.1	2.7662
13059014	552	0.1	-0.1	2.61169
13059014	553	0.1	-0.1	0.0884177
13059014	554	0.1	-0.1	-3.01026
13059014	555	0.1	-0.1	-3.89953
13059014	556	0.1	-0.1	-4.90197
13059014	557	0.1	-0.1	-4.58345
13059014	558	0.1	-0.1	5.81592
13059014	559	0.1	-0.1	-0.883398
13059014	560	0.1	-0.1	2.71546
13059014	561	0.1	-0.1	-3.38583
13059014	562	0.1	-0.1	-5.14912
13059014	563	0.1	-0.1	4.78836
13059014	564	0.1	-0.1	4.35531
13059014	565	0.1	-0.1	3.7139
13059014	566	0.1	-0.1	-4.63098
13059014	567	0.1	-0.1	0.201939
13059014	568	0.1	-0.1	-5.9366
13059014	569	0.1	-0.1	-0.239667
13059014	570	0.1	-0.1	-5.06669
13059014	571	0.1	-0.1	-3.06574
13059014	572	0.1	-0.1	-2.25442
13059014	573	0.1	-0.1	1.76009
13059014	574	0.1	-0.1	2.05347
13059014	575	0.1	-0.1	2.42356
13059014	576	0.1	-0.1	4.58833
13059014	577	0.1	-0.1	-2.65448
13059014	578	0.1	-0.1	4.67191
13059014	579	0.1	-0.1	0.145307
13059014	580	0.1	-0.1	5.72168
13059014	581	0.1	-0.1	1.88803
13059014	582	0.1	-0.1	3.74539
13059014	583	0.1	-0.1	5.2125
13059014	584	0.1	-0.1	1.34682
13059014	585	0.1	-0.1	-5.30082
13059014	586	0.1	-0.1	-2.7723
13059014	587	0.1	-0.1	-5.01182
13059014	588	0.1	-0.1	1.06324
13059014	589	0.1	-0.1	0.768894
13059014	590	0.1	-0.1	3.56462
13059014	591	0.1	-0.1	-1.94157
13059014	592	0.1	-0.1	-4.80004
13059014	593	0.1	-0.1	1.94318
13059014	594	0.1	-0.1	1.44883
13059014	595	0.1	-0.1	5.68226
13059014	596	0.1	-0.1	-5.56529
13059014	597	0.1	-0.1	2.84293
13059014	598	0.1	-0.1	-1.50512
13059014	599	0.1	-0.1	3.288
13059014	600	0.1	-0.1	-3.58932
13059014	601	0.1	-0.1	-5.03633
13059014	602	0.1	-0.1	2.62209
13059014	603	0.1	-0.1	4.73819
13059014	604	0.1	-0.1	-3.62865
13059014	605	0.1	-0.1	5.24745
13059014	606	0.1	-0.1	-2.29856
13059014	607	0.1	-0.1	2.1038
13059014	608	0.1	-0.1	4.81595
13059014	609	0.1	-0.1	3.84815
13059014	610	0.1	-0.1	-3.78719
13059014	611	0.1	-0.1	-5.57055
13059014	612	0.1	-0.1	5.87639
13059014	613	0.1	-0.1	-4.96577
13059014	614	0.1	-0.1	3.01382
13059014	615	0.1	-0.1	-3.91455
13059014	616	0.1	-0.1	3.52272
13059014	617	0.1	-0.1	-2.3704
13059014	618	0.1	-0.1	3.51101
13059014	619	0.1	-0.1	0.155448
13059014	620	0.1	-0.1	4.79555
13059014	621	0.1	-0.1	2.59612
13059014	622	0.1	-0.1	1.26352
13059014	623	0.1	-0.1	5.32208
13059014	624	0.1	-0.1	-4.35803
13059014	625	0.1	-0.1	-4.03831
13059014	626	0.1	-0.1	5.05067
13059014	627	0.1	-0.1	0.812335
13059014	628	0.1	-0.1	-4.692
13059014	629	0.1	-0.1	-5.40647
13059014	630	0.1	-0.1	4.86999
13059014	631	0.1	-0.1	-5.54763
13059014	632	0.1	-0.1	3.84321
13059014	633	0.1	-0.1	3.17776
13059014	634	0.1	-0.1	1.43746
13059014	635	0.1	-0.1	1.03633
13059014	636	0.1	-0.1	-0.667289
13059014	637	0.1	-0.1	-5.17849
13059014	638	0.1	-0.1	-2.88238
13059014	639	0.1	-0.1	-1.73192
13059014	640	0.1	-0.1	1.27997
13059014	641	0.1	-0.1	1.80356
13059014	642	0.1	-0.1	-0.251241
13059014	643	0.1	-0.1	-0.195207
13059014	644	0.1	-0.1	5.84477
13059014	645	0.1	-0.1	-3.38026
13059014	646	0.1	-0.1	-3.51263
13059014	647	0.1	-0.1	-5.16716
13059014	648	0.1	-0.1	-0.715012
13059014	649	0.1	-0.1	3.28295
13059014	650	0.1	-0.1	4.11252
13059014	651	0.1	-0.1	-4.65106
13059014	652	0.1	-0.1	-1.21783
13059014	653	0.1	-0.1	4.9614
13059014	654	0.1	-0.1	2.16523
13059014	655	0.1	-0.1	5.88169
13059014	656	0.1	-0.1	4.41822
13059014	657	0.1	-0.1	-5.19307
13059014	658	0.1	-0.1	4.2839
13059014	659	0.1	-0.1	-3.45682
13059014	660	0.1	-0.1	0.0556655
13059014	661	0.1	-0.1	-5.54769
13059014	662	0.1	-0.1	5.33814
13059014	663	0.1	-0.1	-3.04484
13059014	664	0.1	-0.1	-5.75111
13059014	665	0.1	-0.1	0.258804
13059014	666	0.1	-0.1	-0.311671
13059014	667	0.1	-0.1	1.73701
13059014	668	0.1	-0.1	-4.10768
13059014	669	0.1	-0.1	1.18933
13059014	670	0.1	-0.1	1.50328
13059014	671	0.1	-0.1	-0.658061
13059014	672	0.1	-0.1	5.33813
13059014	673	0.1	-0.1	-3.84112
13059014	674	0.1	-0.1	-1.04655
13059014	675	0.1	-0.1	-4.92768
13059014	676	0.1	-0.1	-3.63542
13059014	677	0.1	-0.1	5.58842
13059014	678	0.1	-0.1	4.9614
13059014	679	0.1	-0.1	5.61094
13059014	680	0.1	-0.1	5.1157
13059014	681	0.1	-0.1	-4.56117
13059014	682	0.1	-0.1	-2.4396
13059014	683	0.1	-0.1	-0.106496
13059014	684	0.1	-0.1	3.55372
13059014	685	0.1	-0.1	-4.96031
13059014	686	0.1	-0.1	2.66492
13059014	687	0.1	-0.1	2.84376
13059014	688	0.1	-0.1	-1.54071
13059014	689	0.1	-0.1	4.96311
13059014	690	0.1	-0.1	-4.48035
13059014	691	0.1	-0.1	-4.26244
13059014	692	0.1	-0.1	3.23311
13059014	693	0.1	-0.1	5.55867
13059014	694	0.1	-0.1	2.20484
13059014	695	0.1	-0.1	3.98142
13059014	696	0.1	-0.1	2.96374
13059014	697	0.1	-0.1	-0.324767
13059014	698	0.1	-0.1	2.07847
13059014	699	0.1	-0.1	1.37007
13059014	700	0.1	-0.1	3.47757
13059014	701	0.1	-0.1	-2.9256
13059014	702	0.1	-0.1	-5.66001
13059014	703	0.1	-0.1	-5.32322
13059014	704	0.1	-0.1	1.26377
13059014	705	0.1	-0.1	-4.16863
13059014	706	0.1	-0.1	-0.100475
13059014	707	0.1	-0.1	-0.493875
13059014	708	0.1	-0.1	-5.18561
13059014	709	0.1	-0.1	-0.95295
13059014	710	0.1	-0.1	1.12689
13059014	711	0.1	-0.1	2.39852
13059014	712	0.1	-0.1	-0.791572
13059014	713	0.1	-0.1	-0.677608
13059014	714	0.1	-0.1	0.852575
13059014	715	0.1	-0.1	-4.47838
13059014	716	0.1	-0.1	-1.15505
13059014	717	0.1	-0.1	-4.78819
13059014	718	0.1	-0.1	-0.637051
13059014	719	0.1	-0.1	-1.63115
13059014	720	0.1	-0.1	-1.37732
13059014	721	0.1	-0.1	3.94868
13059014	722	0.1	-0.1	5.57308
13059014	723	0.1	-0.1	-1.81657
13059014	724	0.1	-0.1	-5.44455
13059014	725	0.1	-0.1	-2.42497
13059014	726	0.1	-0.1	-4.04196
13059014	727	0.1	-0.1	3.08183
13059014	728	0.1	-0.1	-5.9949
13059014	729	0.1	-0.1	-1.81719
13059014	730	0.1	-0.1	4.70897
13059014	731	0.1	-0.1	2.0371
13059014	732	0.1	-0.1	0.995285
13059014	733	0.1	-0.1	0.415868
13059014	734	0.1	-0.1	-3.84912
13059014	735	0.1	-0.1	1.00967
13059014	736	0.1	-0.1	-3.39834
13059014	737	0.1	-0.1	-0.29649
13059014	738	0.1	-0.1	-5.79028
13059014	739	0.1	-0.1	0.6426
13059014	740	0.1	-0.1	-4.97512
13059014	741	0.1	-0.1	-1.8048
13059014	742	0.1	-0.1	0.227573
13059014	743	0.1	-0.1	-4.21957
13059014	744	0.1	-0.1	-2.49269
13059014	745	0.1	-0.1	-0.827668
13059014	746	0.1	-0.1	0.425906
13059014	747	0.1	-0.1	-3.32875
13059014	748	0.1	-0.1	3.26657
13059014	749	0.1	-0.1	1.18333
13059014	750	0.1	-0.1	-3.84782
13059014	751	0.1	-0.1	0.798126
13059014	752	0.1	-0.1	-3.10641
13059014	753	0.1	-0.1	-1.30667
13059014	754	0.1	-0.1	1.09072
13059014	755	0.1	-0.1	-0.560134
13059014	756	0.1	-0.1	-4.14063
13059014	757	0.1	-0.1	-3.37067
13059014	758	0.1	-0.1	-0.59986
13059014	759	0.1	-0.1	-0.180988
13059014	760	0.1	-0.1	1.64812
13059014	761	0.1	-0.1	-1.27584
13059014	762	0.1	-0.1	5.9318
13059014	763	0.1	-0.1	0.545004
13059014	764	0.1	-0.1	-0.619085
13059014	765	0.1	-0.1	-4.7303
13059014	766	0.1	-0.1	-5.55978
13059014	767	0.1	-0.1	4.93995
13059014	768	0.1	-0.1	-3.60349
13059014	769	0.1	-0.1	-3.62734
13059014	770	0.1	-0.1	-3.23351
13059014	771	0.1	-0.1	-1.84011
13059014	772	0.1	-0.1	4.21626
13059014	773	0.1	-0.1	-3.82997
13059014	774	0.1	-0.1	2.77862
13059014	775	0.1	-0.1	3.89764
13059014	776	0.1	-0.1	-3.28826
13059014	777	0.1	-0.1	-4.34653
13059014	778	0.1	-0.1	4.59044
13059014	779	0.1	-0.1	3.52864
13059014	780	0.1	-0.1	5.46735
13059014	781	0.1	-0.1	3.82353
13059014	782	0.1	-0.1	-3.52788
13059014	783	0.1	-0.1	5.35958
13059014	784	0.1	-0.1	5.32067
13059014	785	0.1	-0.1	1.38955
13059014	786	0.1	-0.1	2.96763
13059014	787	0.1	-0.1	3.0743
13059014	788	0.1	-0.1	4.87182
13059014	789	0.1	-0.1	4.04126
13059014	790	0.1	-0.1	-5.56643
13059014	791	0.1	-0.1	-0.558518
13059014	792	0.1	-0.1	-1.66263
13059014	793	0.1	-0.1	-1.53605
13059014	794	0.1	-0.1	1.07995
13059014	795	0.1	-0.1	-0.0523836
13059014	796	0.1	-0.1	-1.85552
13059014	797	0.1	-0.1	3.79395
13059014	798	0.1	-0.1	-2.91858
13059014	799	0.1	-0.1	3.53478
13059014	800	0.1	-0.1	2.70235
13059014	801	0.1	-0.1	3.92678
13059014	802	0.1	-0.1	-2.56811
13059014	803	0.1	-0.1	-2.80381
13059014	804	0.1	-0.1	-0.694657
13059014	805	0.1	-0.1	5.82342
13059014	806	0.1	-0.1	5.19951
13059014	807	0.1	-0.1	1.29314
13059014	808	0.1	-0.1	-3.86601
13059014	809	0.1	-0.1	-1.60221
13059014	810	0.1	-0.1	3.68641
13059014	811	0.1	-0.1	1.6792
13059014	812	0.1	-0.1	-3.19078
13059014	813	0.1	-0.1	-2.4191
13059014	814	0.1	-0.1	4.26336
13059014	815	0.1	-0.1	0.724629
13059014	816	0.1	-0.1	-1.37871
13059014	817	0.1	-0.1	-4.50743
13059014	818	0.1	-0.1	-5.96573
13059014	819	0.1	-0.1	-4.25933
13059014	820	0.1	-0.1	2.42676
13059014	821	0.1	-0.1	-2.25231
13059014	822	0.1	-0.1	5.48993
13059014	823	0.1	-0.1	-3.43464
13059014	824	0.1	-0.1	4.13073
13059014	825	0.1	-0.1	4.91245
13059014	826	0.1	-0.1	-4.35973
13059014	827	0.1	-0.1	-2.52484
13059014	828	0.1	-0.1	4.55
13059014	829	0.1	-0.1	3.56252
13059014	830	0.1	-0.1	-4.40998
13059014	831	0.1	-0.1	1.89336
13059014	832	0.1	-0.1	-4.29574
13059014	833	0.1	-0.1	5.18801
13059014	834	0.1	-0.1	3.44937
13059014	835	0.1	-0.1	3.21641
13059014	836	0.1	-0.1	-3.55706
13059014	837	0.1	-0.1	3.25616
13059014	838	0.1	-0.1	5.76355
13059014	839	0.1	-0.1	3.18364
13059014	840	0.1	-0.1	5.82825
13059014	841	0.1	-0.1	0.895263
13059014	842	0.1	-0.1	3.74504
13059014	843	0.1	-0.1	-5.28331
13059014	844	0.1	-0.1	2.28952
13059014	845	0.1	-0.1	-5.57648
13059014	846	0.1	-0.1	-0.696357
13059014	847	0.1	-0.1	-4.37105
13059014	848	0.1	-0.1	4.1491
13059014	849	0.1	-0.1	-5.47536
13059014	850	0.1	-0.1	5.73585
13059014	851	0.1	-0.1	-1.63438
13059014	852	0.1	-0.1	0.379239
13059014	853	0.1	-0.1	-1.71831
13059014	854	0.1	-0.1	-3.85775
13059014	855	0.1	-0.1	3.24194
13059014	856	0.1	-0.1	1.5045
13059014	857	0.1	-0.1	4.1109
13059014	858	0.1	-0.1	-2.70749
13059014	859	0.1	-0.1	-5.92429
13059014	860	0.1	-0.1	5.26594
13059014	861	0.1	-0.1	1.11754
13059014	862	0.1	-0.1	1.10432
13059014	863	0.1	-0.1	-1.46113
13059014	864	0.1	-0.1	3.25611
13059014	865	0.1	-0.1	-4.49166
13059014	866	0.1	-0.1	-4.69813
13059014	867	0.1	-0.1	5.3467
13059014	868	0.1	-0.1	0.800546
13059014	869	0.1	-0.1	-3.28337
13059014	870	0.1	-0.1	-2.17759
13059014	871	0.1	-0.1	-2.47356
13059014	872	0.1	-0.1	-0.114539
13059014	873	0.1	-0.1	-2.82779
13059014	874	0.1	-0.1	2.57493
13059014	875	0.1	-0.1	-3.06669
13059014	876	0.1	-0.1	4.41654
13059014	877	0.1	-0.1	-0.67323
13059014	878	0.1	-0.1	-1.67933
13059014	879	0.1	-0.1	-3.71437
13059014	880	0.1	-0.1	-1.80029
13059014	881	0.1	-0.1	-4.11695
13059014	882	0.1	-0.1	5.05749
13059014	883	0.1	-0.1	-0.805348
13059014	884	0.1	-0.1	-1.59214
13059014	885	0.1	-0.1	1.59003
13059014	886	0.1	-0.1	-1.04528
13059014	887	0.1	-0.1	-3.16651
13059014	888	0.1	-0.1	-0.252888
13059014	889	0.1	-0.1	5.57229
13059014	890	0.1	-0.1	3.54894
13059014	891	0.1	-0.1	-2.93457
13059014	892	0.1	-0.1	0.876735
13059014	893	0.1	-0.1	-1.2917
13059014	894	0.1	-0.1	-3.06654
13059014	895	0.1	-0.1	-0.785258
13059014	896	0.1	-0.1	1.75428
13059014	897	0.1	-0.1	-0.686523
13059014	898	0.1	-0.1	2.13954
13059014	899	0.1	-0.1	-5.92722
13059014	900	0.1	-0.1	2.66771
13059014	901	0.1	-0.1	1.83482
13059014	902	0.1	-0.1	-4.40183
13059014	903	0.1	-0.1	1.54199
13059014	904	0.1	-0.1	2.99095
13059014	905	0.1	-0.1	3.22083
13059014	906	0.1	-0.1	0.787933
13059014	907	0.1	-0.1	-0.0935535
13059014	908	0.1	-0.1	-3.74451
13059014	909	0.1	-0.1	1.63303
13059014	910	0.1	-0.1	-3.99245
13059014	911	0.1	-0.1	3.51704
13059014	912	0.1	-0.1	-1.94137
13059014	913	0.1	-0.1	2.27111
13059014	914	0.1	-0.1	2.59912
13059014	915	0.1	-0.1	-5.67642
13059014	916	0.1	-0.1	-4.1144
13059014	917	0.1	-0.1	-3.37257
13059014	918	0.1	-0.1	5.06986
13059014	919	0.1	-0.1	0.0457637
13059014	920	0.1	-0.1	2.67629
13059014	921	0.1	-0.1	-1.76613
13059014	922	0.1	-0.1	5.54237
13059014	923	0.1	-0.1	0.407003
13059014	924	0.1	-0.1	1.45319
13059014	925	0.1	-0.1	-5.52206
13059014	926	0.1	-0.1	5.50354
13059014	927	0.1	-0.1	1.48771
13059014	928	0.1	-0.1	2.73156
13059014	929	0.1	-0.1	-3.46347
13059014	930	0.1	-0.1	-2.62623
13059014	931	0.1	-0.1	2.94229
13059014	932	0.1	-0.1	4.06637
13059014	933	0.1	-0.1	-1.00554
13059014	934	0.1	-0.1	-1.51384
13059014	935	0.1	-0.1	0.532717
13059014	936	0.1	-0.1	1.42271
13059014	937	0.1	-0.1	0.352642
13059014	938	0.1	-0.1	5.70675
13059014	939	0.1	-0.1	4.43979
13059014	940	0.1	-0.1	-5.97846
13059014	941	0.1	-0.1	-0.0844137
13059014	942	0.1	-0.1	-1.28967
13059014	943	0.1	-0.1	-2.44235
13059014	944	0.1	-0.1	4.59809
13059014	945	0.1	-0.1	-1.87955
13059014	946	0.1	-0.1	-1.45685
13059014	947	0.1	-0.1	5.29841
13059014	948	0.1	-0.1	4.62628
13059014	949	0.1	-0.1	5.67784
13059014	950	0.1	-0.1	0.781972
13059014	951	0.1	-0.1	-3.0127
13059014	952	0.1	-0.1	-0.233273
13059014	953	0.1	-0.1	-4.72251
13059014	954	0.1	-0.1	2.40098
13059014	955	0.1	-0.1	2.36836
13059014	956	0.1	-0.1	2.30726
13059014	957	0.1	-0.1	-1.64982
13059014	958	0.1	-0.1	3.54449
13059014	959	0.1	-0.1	0.749352
13059014	960	0.1	-0.1	-2.96025
13059014	961	0.1	-0.1	0.589554
13059014	962	0.1	-0.1	5.87287
13059014	963	0.1	-0.1	1.61712
13059014	964	0.1	-0.1	-1.84146
13059014	965	0.1	-0.1	-4.70913
13059014	966	0.1	-0.1	-5.34795
13059014	967	0.1	-0.1	3.47649
13059014	968	0.1	-0.1	0.832905
13059014	969	0.1	-0.1	0.696612
13059014	970	0.1	-0.1	5.88703
13059014	971	0.1	-0.1	-5.55271
13059014	972	0.1	-0.1	0.441762
13059014	973	0.1	-0.1	-1.34337
13059014	974	0.1	-0.1	0.542596
13059014	975	0.1	-0.1	4.90225
13059014	976	0.1	-0.1	-4.67007
13059014	977	0.1	-0.1	4.43146
13059014	978	0.1	-0.1	3.40202
13059014	979	0.1	-0.1	-4.67362
13059014	980	0.1	-0.1	4.2154
13059014	981	0.1	-0.1	4.69763
13059014	982	0.1	-0.1	-0.975915
13059014	983	0.1	-0.1	-1.18799
13059014	984	0.1	-0.1	-2.26777
13059014	985	0.1	-0.1	-0.439418
13059014	986	0.1	-0.1	-2.53288
13059014	987	0.1	-0.1	-4.76897
13059014	988	0.1	-0.1	-3.16765
13059014	989	0.1	-0.1	4.28064
13059014	990	0.1	-0.1	5.69415
13059014	991	0.1	-0.1	-1.53587
13059014	992	0.1	-0.1	0.683127
13059014	993	0.1	-0.1	2.05769
13059014	994	0.1	-0.1	-4.22103
13059014	995	0.1	-0.1	-3.77809
13059014	996	0.1	-0.1	4.57521
13059014	997	0.1	-0.1	4.1877
13059014	998	0.1	-0.1	-2.76357
13059014	999	0.1	-0.1	-2.70766
13059014	1000	0.1	-0.1	4.54379
