13052051	1	0.1	-0.1	-5.57329
13052051	2	0.1	-0.1	-3.17691
13052051	3	0.1	-0.1	-4.66812
13052051	4	0.1	-0.1	-3.88587
13052051	5	0.1	-0.1	3.78427
13052051	6	0.1	-0.1	3.75917
13052051	7	0.1	-0.1	-1.977
13052051	8	0.1	-0.1	-0.785091
13052051	9	0.1	-0.1	-1.32634
13052051	10	0.1	-0.1	-4.82002
13052051	11	0.1	-0.1	4.28009
13052051	12	0.1	-0.1	-5.7601
13052051	13	0.1	-0.1	3.94422
13052051	14	0.1	-0.1	0.612597
13052051	15	0.1	-0.1	1.31509
13052051	16	0.1	-0.1	-5.41326
13052051	17	0.1	-0.1	-3.08449
13052051	18	0.1	-0.1	-3.61268
13052051	19	0.1	-0.1	-2.81524
13052051	20	0.1	-0.1	-3.56652
13052051	21	0.1	-0.1	-0.818799
13052051	22	0.1	-0.1	-4.47192
13052051	23	0.1	-0.1	-0.234146
13052051	24	0.1	-0.1	-0.832951
13052051	25	0.1	-0.1	-3.16185
13052051	26	0.1	-0.1	5.39073
13052051	27	0.1	-0.1	4.84869
13052051	28	0.1	-0.1	1.79879
13052051	29	0.1	-0.1	2.58748
13052051	30	0.1	-0.1	3.30271
13052051	31	0.1	-0.1	-2.82314
13052051	32	0.1	-0.1	-4.56895
13052051	33	0.1	-0.1	0.525204
13052051	34	0.1	-0.1	-4.32641
13052051	35	0.1	-0.1	-2.89361
13052051	36	0.1	-0.1	1.24548
13052051	37	0.1	-0.1	4.99543
13052051	38	0.1	-0.1	1.91639
13052051	39	0.1	-0.1	-0.616372
13052051	40	0.1	-0.1	4.56328
13052051	41	0.1	-0.1	1.05776
13052051	42	0.1	-0.1	3.0066
13052051	43	0.1	-0.1	-1.17162
13052051	44	0.1	-0.1	-0.137381
13052051	45	0.1	-0.1	2.63042
13052051	46	0.1	-0.1	2.64874
13052051	47	0.1	-0.1	-5.02981
13052051	48	0.1	-0.1	-2.35956
13052051	49	0.1	-0.1	0.0542025
13052051	50	0.1	-0.1	-5.16584
13052051	51	0.1	-0.1	4.03647
13052051	52	0.1	-0.1	-0.387457
13052051	53	0.1	-0.1	3.64241
13052051	54	0.1	-0.1	-0.0691456
13052051	55	0.1	-0.1	-5.42304
13052051	56	0.1	-0.1	-0.613415
13052051	57	0.1	-0.1	2.1054
13052051	58	0.1	-0.1	5.25396
13052051	59	0.1	-0.1	3.62063
13052051	60	0.1	-0.1	-0.482363
13052051	61	0.1	-0.1	0.38248
13052051	62	0.1	-0.1	5.06034
13052051	63	0.1	-0.1	-5.03154
13052051	64	0.1	-0.1	0.925909
13052051	65	0.1	-0.1	-0.962174
13052051	66	0.1	-0.1	-4.38016
13052051	67	0.1	-0.1	-2.46448
13052051	68	0.1	-0.1	-1.9692
13052051	69	0.1	-0.1	-0.260439
13052051	70	0.1	-0.1	0.699324
13052051	71	0.1	-0.1	-3.67417
13052051	72	0.1	-0.1	5.75408
13052051	73	0.1	-0.1	2.9297
13052051	74	0.1	-0.1	0.0270914
13052051	75	0.1	-0.1	5.02951
13052051	76	0.1	-0.1	2.01596
13052051	77	0.1	-0.1	3.3958
13052051	78	0.1	-0.1	-2.01536
13052051	79	0.1	-0.1	4.63553
13052051	80	0.1	-0.1	-4.75144
13052051	81	0.1	-0.1	-3.42299
13052051	82	0.1	-0.1	4.9674
13052051	83	0.1	-0.1	-3.84952
13052051	84	0.1	-0.1	-2.75037
13052051	85	0.1	-0.1	-5.82257
13052051	86	0.1	-0.1	4.63056
13052051	87	0.1	-0.1	-4.54484
13052051	88	0.1	-0.1	3.43663
13052051	89	0.1	-0.1	2.99789
13052051	90	0.1	-0.1	2.64722
13052051	91	0.1	-0.1	0.161546
13052051	92	0.1	-0.1	0.0978957
13052051	93	0.1	-0.1	2.99908
13052051	94	0.1	-0.1	4.33287
13052051	95	0.1	-0.1	-2.04149
13052051	96	0.1	-0.1	0.358159
13052051	97	0.1	-0.1	-1.88491
13052051	98	0.1	-0.1	-1.02432
13052051	99	0.1	-0.1	4.73641
13052051	100	0.1	-0.1	2.68979
13052051	101	0.1	-0.1	2.04368
13052051	102	0.1	-0.1	5.35314
13052051	103	0.1	-0.1	5.58434
13052051	104	0.1	-0.1	-1.15996
13052051	105	0.1	-0.1	-0.985832
13052051	106	0.1	-0.1	-0.668807
13052051	107	0.1	-0.1	-5.9398
13052051	108	0.1	-0.1	-1.8758
13052051	109	0.1	-0.1	4.22763
13052051	110	0.1	-0.1	-5.5619
13052051	111	0.1	-0.1	-2.93189
13052051	112	0.1	-0.1	-4.14636
13052051	113	0.1	-0.1	-4.94832
13052051	114	0.1	-0.1	0.613965
13052051	115	0.1	-0.1	5.00541
13052051	116	0.1	-0.1	1.62526
13052051	117	0.1	-0.1	0.244816
13052051	118	0.1	-0.1	0.230421
13052051	119	0.1	-0.1	2.06463
13052051	120	0.1	-0.1	-3.13872
13052051	121	0.1	-0.1	-5.07005
13052051	122	0.1	-0.1	-2.45758
13052051	123	0.1	-0.1	1.04957
13052051	124	0.1	-0.1	0.408414
13052051	125	0.1	-0.1	-2.00142
13052051	126	0.1	-0.1	-2.48139
13052051	127	0.1	-0.1	4.90866
13052051	128	0.1	-0.1	1.91268
13052051	129	0.1	-0.1	-4.83611
13052051	130	0.1	-0.1	1.62082
13052051	131	0.1	-0.1	-2.02694
13052051	132	0.1	-0.1	5.27734
13052051	133	0.1	-0.1	5.25661
13052051	134	0.1	-0.1	0.0459962
13052051	135	0.1	-0.1	-3.03427
13052051	136	0.1	-0.1	4.56954
13052051	137	0.1	-0.1	-0.00167462
13052051	138	0.1	-0.1	5.41854
13052051	139	0.1	-0.1	2.49308
13052051	140	0.1	-0.1	-5.88329
13052051	141	0.1	-0.1	2.89103
13052051	142	0.1	-0.1	-2.76801
13052051	143	0.1	-0.1	1.99034
13052051	144	0.1	-0.1	0.875127
13052051	145	0.1	-0.1	-4.65374
13052051	146	0.1	-0.1	-1.01525
13052051	147	0.1	-0.1	-1.04268
13052051	148	0.1	-0.1	1.97866
13052051	149	0.1	-0.1	-3.98114
13052051	150	0.1	-0.1	5.23364
13052051	151	0.1	-0.1	-4.90653
13052051	152	0.1	-0.1	-2.84684
13052051	153	0.1	-0.1	-5.84863
13052051	154	0.1	-0.1	-0.0483619
13052051	155	0.1	-0.1	4.18718
13052051	156	0.1	-0.1	2.88415
13052051	157	0.1	-0.1	-5.42976
13052051	158	0.1	-0.1	5.62373
13052051	159	0.1	-0.1	2.78372
13052051	160	0.1	-0.1	3.01528
13052051	161	0.1	-0.1	0.20514
13052051	162	0.1	-0.1	-0.389607
13052051	163	0.1	-0.1	4.16793
13052051	164	0.1	-0.1	5.59389
13052051	165	0.1	-0.1	4.0122
13052051	166	0.1	-0.1	1.93226
13052051	167	0.1	-0.1	-0.473129
13052051	168	0.1	-0.1	-2.68921
13052051	169	0.1	-0.1	-2.28353
13052051	170	0.1	-0.1	0.887847
13052051	171	0.1	-0.1	-5.63907
13052051	172	0.1	-0.1	0.671333
13052051	173	0.1	-0.1	4.24601
13052051	174	0.1	-0.1	-5.38971
13052051	175	0.1	-0.1	2.34133
13052051	176	0.1	-0.1	4.42033
13052051	177	0.1	-0.1	1.0181
13052051	178	0.1	-0.1	-4.31607
13052051	179	0.1	-0.1	-1.53143
13052051	180	0.1	-0.1	-4.67444
13052051	181	0.1	-0.1	5.85189
13052051	182	0.1	-0.1	3.87507
13052051	183	0.1	-0.1	1.06537
13052051	184	0.1	-0.1	-3.43692
13052051	185	0.1	-0.1	-2.65018
13052051	186	0.1	-0.1	-4.0851
13052051	187	0.1	-0.1	2.24503
13052051	188	0.1	-0.1	5.23372
13052051	189	0.1	-0.1	-2.09162
13052051	190	0.1	-0.1	-1.73834
13052051	191	0.1	-0.1	-3.68853
13052051	192	0.1	-0.1	2.6457
13052051	193	0.1	-0.1	-2.46499
13052051	194	0.1	-0.1	0.209555
13052051	195	0.1	-0.1	1.44108
13052051	196	0.1	-0.1	0.317864
13052051	197	0.1	-0.1	-1.94251
13052051	198	0.1	-0.1	-1.82895
13052051	199	0.1	-0.1	-4.03159
13052051	200	0.1	-0.1	-1.34603
13052051	201	0.1	-0.1	5.93849
13052051	202	0.1	-0.1	-2.78891
13052051	203	0.1	-0.1	1.67221
13052051	204	0.1	-0.1	-0.172363
13052051	205	0.1	-0.1	1.55792
13052051	206	0.1	-0.1	-5.16065
13052051	207	0.1	-0.1	2.62337
13052051	208	0.1	-0.1	1.28714
13052051	209	0.1	-0.1	2.20741
13052051	210	0.1	-0.1	-3.70623
13052051	211	0.1	-0.1	2.4718
13052051	212	0.1	-0.1	-5.24531
13052051	213	0.1	-0.1	1.8464
13052051	214	0.1	-0.1	-5.65053
13052051	215	0.1	-0.1	-4.22725
13052051	216	0.1	-0.1	-3.52336
13052051	217	0.1	-0.1	5.74339
13052051	218	0.1	-0.1	2.83558
13052051	219	0.1	-0.1	-5.70178
13052051	220	0.1	-0.1	-1.36043
13052051	221	0.1	-0.1	0.636986
13052051	222	0.1	-0.1	3.46216
13052051	223	0.1	-0.1	-3.67359
13052051	224	0.1	-0.1	3.64197
13052051	225	0.1	-0.1	-5.94042
13052051	226	0.1	-0.1	0.554702
13052051	227	0.1	-0.1	2.38582
13052051	228	0.1	-0.1	5.98879
13052051	229	0.1	-0.1	0.267903
13052051	230	0.1	-0.1	5.86642
13052051	231	0.1	-0.1	1.89444
13052051	232	0.1	-0.1	1.69959
13052051	233	0.1	-0.1	-5.57899
13052051	234	0.1	-0.1	5.94904
13052051	235	0.1	-0.1	-0.870454
13052051	236	0.1	-0.1	2.34595
13052051	237	0.1	-0.1	-1.42292
13052051	238	0.1	-0.1	-0.484985
13052051	239	0.1	-0.1	-3.9299
13052051	240	0.1	-0.1	4.40461
13052051	241	0.1	-0.1	1.60509
13052051	242	0.1	-0.1	-1.97499
13052051	243	0.1	-0.1	-3.33241
13052051	244	0.1	-0.1	-4.91667
13052051	245	0.1	-0.1	-5.46467
13052051	246	0.1	-0.1	-2.93795
13052051	247	0.1	-0.1	-0.433019
13052051	248	0.1	-0.1	1.00144
13052051	249	0.1	-0.1	-2.8267
13052051	250	0.1	-0.1	0.648054
13052051	251	0.1	-0.1	-1.37966
13052051	252	0.1	-0.1	-1.47664
13052051	253	0.1	-0.1	0.132321
13052051	254	0.1	-0.1	-5.35733
13052051	255	0.1	-0.1	3.77105
13052051	256	0.1	-0.1	-1.13399
13052051	257	0.1	-0.1	0.500624
13052051	258	0.1	-0.1	-5.16699
13052051	259	0.1	-0.1	-0.280902
13052051	260	0.1	-0.1	-0.643198
13052051	261	0.1	-0.1	-3.66239
13052051	262	0.1	-0.1	-5.15371
13052051	263	0.1	-0.1	2.58058
13052051	264	0.1	-0.1	1.92692
13052051	265	0.1	-0.1	-1.10436
13052051	266	0.1	-0.1	-3.26403
13052051	267	0.1	-0.1	-2.71962
13052051	268	0.1	-0.1	-1.97872
13052051	269	0.1	-0.1	-5.87069
13052051	270	0.1	-0.1	1.80783
13052051	271	0.1	-0.1	-5.55051
13052051	272	0.1	-0.1	1.63517
13052051	273	0.1	-0.1	5.31684
13052051	274	0.1	-0.1	-5.84221
13052051	275	0.1	-0.1	1.85751
13052051	276	0.1	-0.1	-5.72783
13052051	277	0.1	-0.1	2.73197
13052051	278	0.1	-0.1	2.47646
13052051	279	0.1	-0.1	-0.239116
13052051	280	0.1	-0.1	-2.79365
13052051	281	0.1	-0.1	2.04648
13052051	282	0.1	-0.1	3.7392
13052051	283	0.1	-0.1	-4.18085
13052051	284	0.1	-0.1	5.12954
13052051	285	0.1	-0.1	3.93136
13052051	286	0.1	-0.1	1.24536
13052051	287	0.1	-0.1	-5.21934
13052051	288	0.1	-0.1	-0.768536
13052051	289	0.1	-0.1	-4.48184
13052051	290	0.1	-0.1	3.07638
13052051	291	0.1	-0.1	-2.41887
13052051	292	0.1	-0.1	-0.453523
13052051	293	0.1	-0.1	-2.07337
13052051	294	0.1	-0.1	-4.57791
13052051	295	0.1	-0.1	-1.54452
13052051	296	0.1	-0.1	-2.5681
13052051	297	0.1	-0.1	4.03001
13052051	298	0.1	-0.1	4.90384
13052051	299	0.1	-0.1	4.07493
13052051	300	0.1	-0.1	-2.15837
13052051	301	0.1	-0.1	-4.96807
13052051	302	0.1	-0.1	-5.94682
13052051	303	0.1	-0.1	-1.28391
13052051	304	0.1	-0.1	1.41924
13052051	305	0.1	-0.1	5.82734
13052051	306	0.1	-0.1	5.3411
13052051	307	0.1	-0.1	-2.40984
13052051	308	0.1	-0.1	-2.19524
13052051	309	0.1	-0.1	4.88022
13052051	310	0.1	-0.1	-5.82511
13052051	311	0.1	-0.1	-1.72937
13052051	312	0.1	-0.1	-0.554454
13052051	313	0.1	-0.1	4.97627
13052051	314	0.1	-0.1	-3.47658
13052051	315	0.1	-0.1	-2.89033
13052051	316	0.1	-0.1	-0.412301
13052051	317	0.1	-0.1	-5.00293
13052051	318	0.1	-0.1	4.93229
13052051	319	0.1	-0.1	-0.115366
13052051	320	0.1	-0.1	-1.57144
13052051	321	0.1	-0.1	-1.8184
13052051	322	0.1	-0.1	1.09996
13052051	323	0.1	-0.1	1.38094
13052051	324	0.1	-0.1	5.26741
13052051	325	0.1	-0.1	-3.41762
13052051	326	0.1	-0.1	-0.752174
13052051	327	0.1	-0.1	4.64912
13052051	328	0.1	-0.1	-2.82193
13052051	329	0.1	-0.1	-0.89557
13052051	330	0.1	-0.1	1.56706
13052051	331	0.1	-0.1	-2.128
13052051	332	0.1	-0.1	1.16906
13052051	333	0.1	-0.1	0.766946
13052051	334	0.1	-0.1	-4.62852
13052051	335	0.1	-0.1	2.32135
13052051	336	0.1	-0.1	2.46786
13052051	337	0.1	-0.1	-4.50187
13052051	338	0.1	-0.1	-3.19876
13052051	339	0.1	-0.1	1.85458
13052051	340	0.1	-0.1	-1.30528
13052051	341	0.1	-0.1	-2.5036
13052051	342	0.1	-0.1	3.8088
13052051	343	0.1	-0.1	3.37711
13052051	344	0.1	-0.1	-0.180765
13052051	345	0.1	-0.1	-4.01324
13052051	346	0.1	-0.1	2.61043
13052051	347	0.1	-0.1	2.45277
13052051	348	0.1	-0.1	3.5662
13052051	349	0.1	-0.1	-3.09636
13052051	350	0.1	-0.1	1.05641
13052051	351	0.1	-0.1	5.78303
13052051	352	0.1	-0.1	-1.90953
13052051	353	0.1	-0.1	0.273396
13052051	354	0.1	-0.1	1.47719
13052051	355	0.1	-0.1	2.10248
13052051	356	0.1	-0.1	-1.71797
13052051	357	0.1	-0.1	-1.42184
13052051	358	0.1	-0.1	0.0643337
13052051	359	0.1	-0.1	-0.583806
13052051	360	0.1	-0.1	-4.31585
13052051	361	0.1	-0.1	2.75249
13052051	362	0.1	-0.1	-5.90844
13052051	363	0.1	-0.1	-2.9403
13052051	364	0.1	-0.1	5.40421
13052051	365	0.1	-0.1	2.31741
13052051	366	0.1	-0.1	-5.68194
13052051	367	0.1	-0.1	3.45206
13052051	368	0.1	-0.1	-4.55704
13052051	369	0.1	-0.1	-4.47504
13052051	370	0.1	-0.1	5.75327
13052051	371	0.1	-0.1	-4.63188
13052051	372	0.1	-0.1	-0.160864
13052051	373	0.1	-0.1	-2.53674
13052051	374	0.1	-0.1	-0.967771
13052051	375	0.1	-0.1	2.49482
13052051	376	0.1	-0.1	-2.02343
13052051	377	0.1	-0.1	5.514
13052051	378	0.1	-0.1	2.87135
13052051	379	0.1	-0.1	-4.47921
13052051	380	0.1	-0.1	-5.99072
13052051	381	0.1	-0.1	-4.36014
13052051	382	0.1	-0.1	-2.02835
13052051	383	0.1	-0.1	-5.58867
13052051	384	0.1	-0.1	-5.604
13052051	385	0.1	-0.1	1.82401
13052051	386	0.1	-0.1	-3.97136
13052051	387	0.1	-0.1	0.0669822
13052051	388	0.1	-0.1	1.0099
13052051	389	0.1	-0.1	5.84362
13052051	390	0.1	-0.1	1.4527
13052051	391	0.1	-0.1	-2.31551
13052051	392	0.1	-0.1	5.94708
13052051	393	0.1	-0.1	3.84677
13052051	394	0.1	-0.1	2.22073
13052051	395	0.1	-0.1	-2.88231
13052051	396	0.1	-0.1	-0.921462
13052051	397	0.1	-0.1	2.81825
13052051	398	0.1	-0.1	-2.93165
13052051	399	0.1	-0.1	-4.79376
13052051	400	0.1	-0.1	-3.43461
13052051	401	0.1	-0.1	-5.34627
13052051	402	0.1	-0.1	-0.816604
13052051	403	0.1	-0.1	4.15605
13052051	404	0.1	-0.1	3.96215
13052051	405	0.1	-0.1	-5.34275
13052051	406	0.1	-0.1	3.12666
13052051	407	0.1	-0.1	0.86117
13052051	408	0.1	-0.1	-3.94385
13052051	409	0.1	-0.1	-2.91342
13052051	410	0.1	-0.1	0.108626
13052051	411	0.1	-0.1	-1.48306
13052051	412	0.1	-0.1	-0.257674
13052051	413	0.1	-0.1	3.42627
13052051	414	0.1	-0.1	5.3125
13052051	415	0.1	-0.1	0.917
13052051	416	0.1	-0.1	2.87652
13052051	417	0.1	-0.1	-4.01524
13052051	418	0.1	-0.1	5.47626
13052051	419	0.1	-0.1	1.42125
13052051	420	0.1	-0.1	-2.13847
13052051	421	0.1	-0.1	-4.17866
13052051	422	0.1	-0.1	5.467
13052051	423	0.1	-0.1	3.62658
13052051	424	0.1	-0.1	2.03453
13052051	425	0.1	-0.1	-2.43232
13052051	426	0.1	-0.1	3.99488
13052051	427	0.1	-0.1	-1.17538
13052051	428	0.1	-0.1	3.95754
13052051	429	0.1	-0.1	-2.19542
13052051	430	0.1	-0.1	-4.27875
13052051	431	0.1	-0.1	-5.83278
13052051	432	0.1	-0.1	3.42864
13052051	433	0.1	-0.1	2.67219
13052051	434	0.1	-0.1	-3.40866
13052051	435	0.1	-0.1	-3.28195
13052051	436	0.1	-0.1	1.0336
13052051	437	0.1	-0.1	-5.18993
13052051	438	0.1	-0.1	-1.80966
13052051	439	0.1	-0.1	-3.6067
13052051	440	0.1	-0.1	2.0941
13052051	441	0.1	-0.1	4.32129
13052051	442	0.1	-0.1	-2.20195
13052051	443	0.1	-0.1	5.05911
13052051	444	0.1	-0.1	1.72397
13052051	445	0.1	-0.1	-4.45768
13052051	446	0.1	-0.1	-5.91793
13052051	447	0.1	-0.1	0.356762
13052051	448	0.1	-0.1	-1.51019
13052051	449	0.1	-0.1	0.341698
13052051	450	0.1	-0.1	2.52766
13052051	451	0.1	-0.1	-3.07817
13052051	452	0.1	-0.1	-3.3739
13052051	453	0.1	-0.1	-3.71014
13052051	454	0.1	-0.1	5.22269
13052051	455	0.1	-0.1	0.471062
13052051	456	0.1	-0.1	3.37468
13052051	457	0.1	-0.1	-4.89123
13052051	458	0.1	-0.1	-3.49887
13052051	459	0.1	-0.1	5.45249
13052051	460	0.1	-0.1	5.82845
13052051	461	0.1	-0.1	2.10006
13052051	462	0.1	-0.1	-1.12404
13052051	463	0.1	-0.1	1.6024
13052051	464	0.1	-0.1	-0.568216
13052051	465	0.1	-0.1	2.01982
13052051	466	0.1	-0.1	0.0254756
13052051	467	0.1	-0.1	5.60523
13052051	468	0.1	-0.1	-3.90615
13052051	469	0.1	-0.1	4.45057
13052051	470	0.1	-0.1	4.93833
13052051	471	0.1	-0.1	-1.26812
13052051	472	0.1	-0.1	-4.12397
13052051	473	0.1	-0.1	3.45907
13052051	474	0.1	-0.1	-5.8098
13052051	475	0.1	-0.1	-0.304544
13052051	476	0.1	-0.1	5.3513
13052051	477	0.1	-0.1	5.20667
13052051	478	0.1	-0.1	-3.63814
13052051	479	0.1	-0.1	-3.31892
13052051	480	0.1	-0.1	4.71952
13052051	481	0.1	-0.1	2.85129
13052051	482	0.1	-0.1	-4.0967
13052051	483	0.1	-0.1	0.131222
13052051	484	0.1	-0.1	-3.96611
13052051	485	0.1	-0.1	-0.474568
13052051	486	0.1	-0.1	-4.04196
13052051	487	0.1	-0.1	-0.644222
13052051	488	0.1	-0.1	-2.21046
13052051	489	0.1	-0.1	0.619683
13052051	490	0.1	-0.1	5.75954
13052051	491	0.1	-0.1	-0.869371
13052051	492	0.1	-0.1	-5.00378
13052051	493	0.1	-0.1	-4.12949
13052051	494	0.1	-0.1	-0.506783
13052051	495	0.1	-0.1	-1.07658
13052051	496	0.1	-0.1	1.87829
13052051	497	0.1	-0.1	1.87413
13052051	498	0.1	-0.1	-4.86665
13052051	499	0.1	-0.1	5.74404
13052051	500	0.1	-0.1	-4.02454
13052051	501	0.1	-0.1	3.49004
13052051	502	0.1	-0.1	-1.81129
13052051	503	0.1	-0.1	-0.249443
13052051	504	0.1	-0.1	5.65958
13052051	505	0.1	-0.1	-4.75887
13052051	506	0.1	-0.1	5.21782
13052051	507	0.1	-0.1	-4.13969
13052051	508	0.1	-0.1	-1.22642
13052051	509	0.1	-0.1	0.58624
13052051	510	0.1	-0.1	5.67587
13052051	511	0.1	-0.1	-4.39453
13052051	512	0.1	-0.1	5.72666
13052051	513	0.1	-0.1	-3.0597
13052051	514	0.1	-0.1	3.6184
13052051	515	0.1	-0.1	1.91345
13052051	516	0.1	-0.1	-1.31432
13052051	517	0.1	-0.1	-3.0061
13052051	518	0.1	-0.1	-5.53941
13052051	519	0.1	-0.1	4.66066
13052051	520	0.1	-0.1	-1.35048
13052051	521	0.1	-0.1	-5.87473
13052051	522	0.1	-0.1	2.49172
13052051	523	0.1	-0.1	-3.64057
13052051	524	0.1	-0.1	3.09732
13052051	525	0.1	-0.1	5.98804
13052051	526	0.1	-0.1	4.26126
13052051	527	0.1	-0.1	1.49913
13052051	528	0.1	-0.1	-5.73633
13052051	529	0.1	-0.1	-4.70295
13052051	530	0.1	-0.1	5.3664
13052051	531	0.1	-0.1	0.6381
13052051	532	0.1	-0.1	1.19242
13052051	533	0.1	-0.1	4.20411
13052051	534	0.1	-0.1	0.402508
13052051	535	0.1	-0.1	3.62198
13052051	536	0.1	-0.1	-1.49825
13052051	537	0.1	-0.1	-5.89007
13052051	538	0.1	-0.1	-0.191904
13052051	539	0.1	-0.1	-3.78103
13052051	540	0.1	-0.1	2.28771
13052051	541	0.1	-0.1	-3.89644
13052051	542	0.1	-0.1	-4.15631
13052051	543	0.1	-0.1	-5.23951
13052051	544	0.1	-0.1	-1.93275
13052051	545	0.1	-0.1	-3.78959
13052051	546	0.1	-0.1	5.72991
13052051	547	0.1	-0.1	2.25684
13052051	548	0.1	-0.1	-1.4958
13052051	549	0.1	-0.1	0.83434
13052051	550	0.1	-0.1	5.37502
13052051	551	0.1	-0.1	-0.727221
13052051	552	0.1	-0.1	-0.916859
13052051	553	0.1	-0.1	-3.47867
13052051	554	0.1	-0.1	4.24192
13052051	555	0.1	-0.1	3.87884
13052051	556	0.1	-0.1	1.7303
13052051	557	0.1	-0.1	-4.29848
13052051	558	0.1	-0.1	-1.16182
13052051	559	0.1	-0.1	-2.92375
13052051	560	0.1	-0.1	2.56855
13052051	561	0.1	-0.1	1.47824
13052051	562	0.1	-0.1	3.31512
13052051	563	0.1	-0.1	5.97499
13052051	564	0.1	-0.1	-2.81087
13052051	565	0.1	-0.1	4.37266
13052051	566	0.1	-0.1	4.49304
13052051	567	0.1	-0.1	4.93399
13052051	568	0.1	-0.1	4.31202
13052051	569	0.1	-0.1	5.51688
13052051	570	0.1	-0.1	2.17004
13052051	571	0.1	-0.1	-2.36684
13052051	572	0.1	-0.1	-2.03244
13052051	573	0.1	-0.1	0.583573
13052051	574	0.1	-0.1	5.10052
13052051	575	0.1	-0.1	-4.247
13052051	576	0.1	-0.1	4.8613
13052051	577	0.1	-0.1	-1.80342
13052051	578	0.1	-0.1	-2.72406
13052051	579	0.1	-0.1	4.43279
13052051	580	0.1	-0.1	1.73936
13052051	581	0.1	-0.1	5.3854
13052051	582	0.1	-0.1	-2.56079
13052051	583	0.1	-0.1	-5.54111
13052051	584	0.1	-0.1	2.83695
13052051	585	0.1	-0.1	1.07626
13052051	586	0.1	-0.1	-4.33127
13052051	587	0.1	-0.1	5.46512
13052051	588	0.1	-0.1	-1.4502
13052051	589	0.1	-0.1	1.23179
13052051	590	0.1	-0.1	-0.041439
13052051	591	0.1	-0.1	3.5688
13052051	592	0.1	-0.1	4.11982
13052051	593	0.1	-0.1	-1.85132
13052051	594	0.1	-0.1	4.97133
13052051	595	0.1	-0.1	-3.9379
13052051	596	0.1	-0.1	-0.416346
13052051	597	0.1	-0.1	-5.04069
13052051	598	0.1	-0.1	2.43931
13052051	599	0.1	-0.1	3.96989
13052051	600	0.1	-0.1	-3.93882
13052051	601	0.1	-0.1	-2.22175
13052051	602	0.1	-0.1	0.275083
13052051	603	0.1	-0.1	2.02968
13052051	604	0.1	-0.1	1.66457
13052051	605	0.1	-0.1	3.79444
13052051	606	0.1	-0.1	3.42608
13052051	607	0.1	-0.1	0.0211041
13052051	608	0.1	-0.1	0.946113
13052051	609	0.1	-0.1	-3.57658
13052051	610	0.1	-0.1	0.184111
13052051	611	0.1	-0.1	2.95151
13052051	612	0.1	-0.1	0.82203
13052051	613	0.1	-0.1	-4.13774
13052051	614	0.1	-0.1	1.57205
13052051	615	0.1	-0.1	-0.201205
13052051	616	0.1	-0.1	-0.40542
13052051	617	0.1	-0.1	1.05378
13052051	618	0.1	-0.1	4.58127
13052051	619	0.1	-0.1	3.67964
13052051	620	0.1	-0.1	3.59779
13052051	621	0.1	-0.1	-1.25313
13052051	622	0.1	-0.1	-1.6573
13052051	623	0.1	-0.1	-5.0759
13052051	624	0.1	-0.1	-2.24357
13052051	625	0.1	-0.1	-1.23551
13052051	626	0.1	-0.1	-2.99252
13052051	627	0.1	-0.1	-0.580043
13052051	628	0.1	-0.1	0.316672
13052051	629	0.1	-0.1	5.10804
13052051	630	0.1	-0.1	4.63257
13052051	631	0.1	-0.1	2.53413
13052051	632	0.1	-0.1	-2.75946
13052051	633	0.1	-0.1	1.11403
13052051	634	0.1	-0.1	-4.46373
13052051	635	0.1	-0.1	-4.73454
13052051	636	0.1	-0.1	-0.62756
13052051	637	0.1	-0.1	-5.04486
13052051	638	0.1	-0.1	4.01861
13052051	639	0.1	-0.1	-0.955823
13052051	640	0.1	-0.1	-4.38459
13052051	641	0.1	-0.1	-3.38321
13052051	642	0.1	-0.1	-4.55888
13052051	643	0.1	-0.1	2.21608
13052051	644	0.1	-0.1	-2.32828
13052051	645	0.1	-0.1	3.74604
13052051	646	0.1	-0.1	-3.76202
13052051	647	0.1	-0.1	3.65058
13052051	648	0.1	-0.1	-1.34538
13052051	649	0.1	-0.1	1.95584
13052051	650	0.1	-0.1	-0.333096
13052051	651	0.1	-0.1	-0.825726
13052051	652	0.1	-0.1	5.95799
13052051	653	0.1	-0.1	1.29422
13052051	654	0.1	-0.1	2.95574
13052051	655	0.1	-0.1	-3.27099
13052051	656	0.1	-0.1	-3.98294
13052051	657	0.1	-0.1	0.688027
13052051	658	0.1	-0.1	-1.74819
13052051	659	0.1	-0.1	-5.74675
13052051	660	0.1	-0.1	4.94669
13052051	661	0.1	-0.1	-3.3792
13052051	662	0.1	-0.1	-4.2677
13052051	663	0.1	-0.1	5.63172
13052051	664	0.1	-0.1	5.09156
13052051	665	0.1	-0.1	-3.67521
13052051	666	0.1	-0.1	4.71852
13052051	667	0.1	-0.1	4.71543
13052051	668	0.1	-0.1	0.0905535
13052051	669	0.1	-0.1	5.63981
13052051	670	0.1	-0.1	2.96102
13052051	671	0.1	-0.1	0.727934
13052051	672	0.1	-0.1	5.44174
13052051	673	0.1	-0.1	4.10613
13052051	674	0.1	-0.1	4.38055
13052051	675	0.1	-0.1	5.72152
13052051	676	0.1	-0.1	-3.94005
13052051	677	0.1	-0.1	0.237922
13052051	678	0.1	-0.1	4.90508
13052051	679	0.1	-0.1	0.419004
13052051	680	0.1	-0.1	-4.03982
13052051	681	0.1	-0.1	-5.97372
13052051	682	0.1	-0.1	-1.29848
13052051	683	0.1	-0.1	-1.9238
13052051	684	0.1	-0.1	-5.93047
13052051	685	0.1	-0.1	-3.88141
13052051	686	0.1	-0.1	3.72642
13052051	687	0.1	-0.1	-1.786
13052051	688	0.1	-0.1	-2.71278
13052051	689	0.1	-0.1	-0.593462
13052051	690	0.1	-0.1	-2.49182
13052051	691	0.1	-0.1	5.0219
13052051	692	0.1	-0.1	1.8737
13052051	693	0.1	-0.1	5.99254
13052051	694	0.1	-0.1	3.88723
13052051	695	0.1	-0.1	-3.65449
13052051	696	0.1	-0.1	5.20511
13052051	697	0.1	-0.1	-1.0413
13052051	698	0.1	-0.1	-2.94687
13052051	699	0.1	-0.1	1.19586
13052051	700	0.1	-0.1	0.749581
13052051	701	0.1	-0.1	3.64198
13052051	702	0.1	-0.1	-3.91917
13052051	703	0.1	-0.1	5.1922
13052051	704	0.1	-0.1	-2.8061
13052051	705	0.1	-0.1	4.45048
13052051	706	0.1	-0.1	-4.36994
13052051	707	0.1	-0.1	4.77415
13052051	708	0.1	-0.1	0.316692
13052051	709	0.1	-0.1	1.51409
13052051	710	0.1	-0.1	-0.464948
13052051	711	0.1	-0.1	5.49815
13052051	712	0.1	-0.1	-1.37227
13052051	713	0.1	-0.1	0.82832
13052051	714	0.1	-0.1	-1.06263
13052051	715	0.1	-0.1	-2.84369
13052051	716	0.1	-0.1	2.05938
13052051	717	0.1	-0.1	-1.46457
13052051	718	0.1	-0.1	4.03159
13052051	719	0.1	-0.1	-4.52636
13052051	720	0.1	-0.1	2.29528
13052051	721	0.1	-0.1	-5.93526
13052051	722	0.1	-0.1	-1.97345
13052051	723	0.1	-0.1	5.99324
13052051	724	0.1	-0.1	0.503391
13052051	725	0.1	-0.1	-1.067
13052051	726	0.1	-0.1	-4.93115
13052051	727	0.1	-0.1	3.80889
13052051	728	0.1	-0.1	-0.627877
13052051	729	0.1	-0.1	4.36436
13052051	730	0.1	-0.1	3.36971
13052051	731	0.1	-0.1	-1.44052
13052051	732	0.1	-0.1	-4.76781
13052051	733	0.1	-0.1	-0.319544
13052051	734	0.1	-0.1	-3.10142
13052051	735	0.1	-0.1	-3.70631
13052051	736	0.1	-0.1	-3.2188
13052051	737	0.1	-0.1	0.911813
13052051	738	0.1	-0.1	3.09575
13052051	739	0.1	-0.1	5.08844
13052051	740	0.1	-0.1	-5.82961
13052051	741	0.1	-0.1	-4.37805
13052051	742	0.1	-0.1	1.77878
13052051	743	0.1	-0.1	-1.21627
13052051	744	0.1	-0.1	-5.90549
13052051	745	0.1	-0.1	-2.73264
13052051	746	0.1	-0.1	0.841468
13052051	747	0.1	-0.1	2.53254
13052051	748	0.1	-0.1	1.7503
13052051	749	0.1	-0.1	-4.8847
13052051	750	0.1	-0.1	-5.02909
13052051	751	0.1	-0.1	-5.45658
13052051	752	0.1	-0.1	1.18001
13052051	753	0.1	-0.1	-1.6703
13052051	754	0.1	-0.1	4.54824
13052051	755	0.1	-0.1	1.16106
13052051	756	0.1	-0.1	-0.243253
13052051	757	0.1	-0.1	-0.405655
13052051	758	0.1	-0.1	-1.8747
13052051	759	0.1	-0.1	-5.91739
13052051	760	0.1	-0.1	2.26995
13052051	761	0.1	-0.1	-0.0685585
13052051	762	0.1	-0.1	-2.67396
13052051	763	0.1	-0.1	-3.37781
13052051	764	0.1	-0.1	3.1552
13052051	765	0.1	-0.1	-2.29585
13052051	766	0.1	-0.1	0.403865
13052051	767	0.1	-0.1	-5.73089
13052051	768	0.1	-0.1	-3.73524
13052051	769	0.1	-0.1	4.58642
13052051	770	0.1	-0.1	-3.15716
13052051	771	0.1	-0.1	0.977243
13052051	772	0.1	-0.1	-2.81233
13052051	773	0.1	-0.1	1.28516
13052051	774	0.1	-0.1	-3.46057
13052051	775	0.1	-0.1	-1.94616
13052051	776	0.1	-0.1	4.66947
13052051	777	0.1	-0.1	3.80973
13052051	778	0.1	-0.1	1.50694
13052051	779	0.1	-0.1	-1.47853
13052051	780	0.1	-0.1	-4.58211
13052051	781	0.1	-0.1	3.86406
13052051	782	0.1	-0.1	3.41891
13052051	783	0.1	-0.1	0.718224
13052051	784	0.1	-0.1	2.28335
13052051	785	0.1	-0.1	1.63029
13052051	786	0.1	-0.1	-0.104384
13052051	787	0.1	-0.1	5.29156
13052051	788	0.1	-0.1	3.23411
13052051	789	0.1	-0.1	4.10887
13052051	790	0.1	-0.1	-0.0397834
13052051	791	0.1	-0.1	-5.74078
13052051	792	0.1	-0.1	2.0655
13052051	793	0.1	-0.1	-3.24405
13052051	794	0.1	-0.1	-2.28007
13052051	795	0.1	-0.1	-3.86707
13052051	796	0.1	-0.1	1.01493
13052051	797	0.1	-0.1	0.458374
13052051	798	0.1	-0.1	-2.57946
13052051	799	0.1	-0.1	5.63927
13052051	800	0.1	-0.1	2.88599
13052051	801	0.1	-0.1	1.08905
13052051	802	0.1	-0.1	-4.90463
13052051	803	0.1	-0.1	5.27321
13052051	804	0.1	-0.1	-2.17408
13052051	805	0.1	-0.1	4.27968
13052051	806	0.1	-0.1	-5.04108
13052051	807	0.1	-0.1	-3.60555
13052051	808	0.1	-0.1	0.329938
13052051	809	0.1	-0.1	-2.19043
13052051	810	0.1	-0.1	-2.83103
13052051	811	0.1	-0.1	0.308733
13052051	812	0.1	-0.1	2.26787
13052051	813	0.1	-0.1	-2.32183
13052051	814	0.1	-0.1	-4.18944
13052051	815	0.1	-0.1	3.30014
13052051	816	0.1	-0.1	-2.26272
13052051	817	0.1	-0.1	2.60197
13052051	818	0.1	-0.1	-5.1916
13052051	819	0.1	-0.1	-3.73241
13052051	820	0.1	-0.1	-3.22266
13052051	821	0.1	-0.1	5.41898
13052051	822	0.1	-0.1	3.58699
13052051	823	0.1	-0.1	0.75216
13052051	824	0.1	-0.1	3.58397
13052051	825	0.1	-0.1	0.0267595
13052051	826	0.1	-0.1	4.46221
13052051	827	0.1	-0.1	3.20519
13052051	828	0.1	-0.1	-0.374621
13052051	829	0.1	-0.1	4.46762
13052051	830	0.1	-0.1	-1.91743
13052051	831	0.1	-0.1	-0.221852
13052051	832	0.1	-0.1	-1.7676
13052051	833	0.1	-0.1	1.1965
13052051	834	0.1	-0.1	4.4791
13052051	835	0.1	-0.1	-5.38423
13052051	836	0.1	-0.1	2.24559
13052051	837	0.1	-0.1	0.656806
13052051	838	0.1	-0.1	1.16019
13052051	839	0.1	-0.1	5.44801
13052051	840	0.1	-0.1	2.65683
13052051	841	0.1	-0.1	-1.18357
13052051	842	0.1	-0.1	0.919376
13052051	843	0.1	-0.1	-5.43378
13052051	844	0.1	-0.1	-4.07406
13052051	845	0.1	-0.1	5.41433
13052051	846	0.1	-0.1	-5.0904
13052051	847	0.1	-0.1	-4.01547
13052051	848	0.1	-0.1	-4.06614
13052051	849	0.1	-0.1	2.63016
13052051	850	0.1	-0.1	0.53132
13052051	851	0.1	-0.1	3.13451
13052051	852	0.1	-0.1	5.33239
13052051	853	0.1	-0.1	-5.46377
13052051	854	0.1	-0.1	3.76672
13052051	855	0.1	-0.1	-1.96595
13052051	856	0.1	-0.1	0.594681
13052051	857	0.1	-0.1	-3.38006
13052051	858	0.1	-0.1	-4.20466
13052051	859	0.1	-0.1	1.83123
13052051	860	0.1	-0.1	1.98164
13052051	861	0.1	-0.1	-1.77609
13052051	862	0.1	-0.1	1.99131
13052051	863	0.1	-0.1	-2.57675
13052051	864	0.1	-0.1	5.56154
13052051	865	0.1	-0.1	4.29144
13052051	866	0.1	-0.1	0.161191
13052051	867	0.1	-0.1	-4.25501
13052051	868	0.1	-0.1	-3.42054
13052051	869	0.1	-0.1	0.403443
13052051	870	0.1	-0.1	-1.97955
13052051	871	0.1	-0.1	-4.21122
13052051	872	0.1	-0.1	-0.136442
13052051	873	0.1	-0.1	-0.392979
13052051	874	0.1	-0.1	1.14209
13052051	875	0.1	-0.1	0.92133
13052051	876	0.1	-0.1	-3.88902
13052051	877	0.1	-0.1	2.09357
13052051	878	0.1	-0.1	0.653696
13052051	879	0.1	-0.1	-2.61257
13052051	880	0.1	-0.1	-0.626783
13052051	881	0.1	-0.1	-0.769083
13052051	882	0.1	-0.1	-0.717549
13052051	883	0.1	-0.1	3.84776
13052051	884	0.1	-0.1	-5.04013
13052051	885	0.1	-0.1	0.0700981
13052051	886	0.1	-0.1	-0.291541
13052051	887	0.1	-0.1	-4.78652
13052051	888	0.1	-0.1	5.76832
13052051	889	0.1	-0.1	-3.96869
13052051	890	0.1	-0.1	5.54818
13052051	891	0.1	-0.1	-1.96484
13052051	892	0.1	-0.1	1.98015
13052051	893	0.1	-0.1	-4.90574
13052051	894	0.1	-0.1	0.857137
13052051	895	0.1	-0.1	4.55161
13052051	896	0.1	-0.1	-2.44842
13052051	897	0.1	-0.1	-2.54047
13052051	898	0.1	-0.1	-0.781486
13052051	899	0.1	-0.1	0.945435
13052051	900	0.1	-0.1	0.979582
13052051	901	0.1	-0.1	3.9569
13052051	902	0.1	-0.1	5.28173
13052051	903	0.1	-0.1	-4.1997
13052051	904	0.1	-0.1	1.90309
13052051	905	0.1	-0.1	-3.64114
13052051	906	0.1	-0.1	3.18667
13052051	907	0.1	-0.1	4.84259
13052051	908	0.1	-0.1	4.76927
13052051	909	0.1	-0.1	-4.34051
13052051	910	0.1	-0.1	2.00649
13052051	911	0.1	-0.1	-4.36096
13052051	912	0.1	-0.1	-5.59907
13052051	913	0.1	-0.1	0.392283
13052051	914	0.1	-0.1	-1.6179
13052051	915	0.1	-0.1	-4.79362
13052051	916	0.1	-0.1	3.71359
13052051	917	0.1	-0.1	-3.50163
13052051	918	0.1	-0.1	4.13445
13052051	919	0.1	-0.1	0.25125
13052051	920	0.1	-0.1	4.05696
13052051	921	0.1	-0.1	1.99113
13052051	922	0.1	-0.1	-1.92392
13052051	923	0.1	-0.1	-1.90348
13052051	924	0.1	-0.1	4.34217
13052051	925	0.1	-0.1	-4.418
13052051	926	0.1	-0.1	3.2455
13052051	927	0.1	-0.1	-5.44548
13052051	928	0.1	-0.1	2.95031
13052051	929	0.1	-0.1	2.63363
13052051	930	0.1	-0.1	-5.57841
13052051	931	0.1	-0.1	-5.58681
13052051	932	0.1	-0.1	4.9748
13052051	933	0.1	-0.1	2.53335
13052051	934	0.1	-0.1	5.16915
13052051	935	0.1	-0.1	-4.78243
13052051	936	0.1	-0.1	4.70692
13052051	937	0.1	-0.1	-1.04106
13052051	938	0.1	-0.1	-1.60376
13052051	939	0.1	-0.1	3.95262
13052051	940	0.1	-0.1	5.54451
13052051	941	0.1	-0.1	-1.17705
13052051	942	0.1	-0.1	4.77893
13052051	943	0.1	-0.1	-2.82913
13052051	944	0.1	-0.1	4.38549
13052051	945	0.1	-0.1	-4.89926
13052051	946	0.1	-0.1	-4.79554
13052051	947	0.1	-0.1	0.00621942
13052051	948	0.1	-0.1	-2.4079
13052051	949	0.1	-0.1	-3.70159
13052051	950	0.1	-0.1	-0.795075
13052051	951	0.1	-0.1	1.05687
13052051	952	0.1	-0.1	0.699537
13052051	953	0.1	-0.1	4.15564
13052051	954	0.1	-0.1	-4.16509
13052051	955	0.1	-0.1	3.57119
13052051	956	0.1	-0.1	-2.29799
13052051	957	0.1	-0.1	5.78536
13052051	958	0.1	-0.1	1.16991
13052051	959	0.1	-0.1	1.90509
13052051	960	0.1	-0.1	1.21405
13052051	961	0.1	-0.1	0.455764
13052051	962	0.1	-0.1	-2.52763
13052051	963	0.1	-0.1	2.60173
13052051	964	0.1	-0.1	2.23222
13052051	965	0.1	-0.1	2.02624
13052051	966	0.1	-0.1	-4.79682
13052051	967	0.1	-0.1	-1.35072
13052051	968	0.1	-0.1	-1.07537
13052051	969	0.1	-0.1	2.10224
13052051	970	0.1	-0.1	3.45106
13052051	971	0.1	-0.1	5.38051
13052051	972	0.1	-0.1	-4.80545
13052051	973	0.1	-0.1	-1.70577
13052051	974	0.1	-0.1	3.73246
13052051	975	0.1	-0.1	-0.716729
13052051	976	0.1	-0.1	3.99659
13052051	977	0.1	-0.1	-1.40293
13052051	978	0.1	-0.1	2.69589
13052051	979	0.1	-0.1	5.01897
13052051	980	0.1	-0.1	3.64367
13052051	981	0.1	-0.1	2.67068
13052051	982	0.1	-0.1	4.81478
13052051	983	0.1	-0.1	-0.867497
13052051	984	0.1	-0.1	-3.3378
13052051	985	0.1	-0.1	2.9317
13052051	986	0.1	-0.1	-2.72748
13052051	987	0.1	-0.1	5.34589
13052051	988	0.1	-0.1	-1.4551
13052051	989	0.1	-0.1	0.199886
13052051	990	0.1	-0.1	4.05118
13052051	991	0.1	-0.1	1.13011
13052051	992	0.1	-0.1	-1.80373
13052051	993	0.1	-0.1	4.9623
13052051	994	0.1	-0.1	0.373255
13052051	995	0.1	-0.1	-4.42586
13052051	996	0.1	-0.1	5.10123
13052051	997	0.1	-0.1	5.72425
13052051	998	0.1	-0.1	0.28301
13052051	999	0.1	-0.1	4.21912
13052051	1000	0.1	-0.1	0.42136
