13056031	1	0.1	-0.1	-1.38794
13056031	2	0.1	-0.1	-1.29919
13056031	3	0.1	-0.1	2.89167
13056031	4	0.1	-0.1	-5.04378
13056031	5	0.1	-0.1	2.14867
13056031	6	0.1	-0.1	2.27406
13056031	7	0.1	-0.1	2.45152
13056031	8	0.1	-0.1	1.03954
13056031	9	0.1	-0.1	5.94661
13056031	10	0.1	-0.1	-5.49456
13056031	11	0.1	-0.1	2.12347
13056031	12	0.1	-0.1	4.84872
13056031	13	0.1	-0.1	2.99772
13056031	14	0.1	-0.1	-3.12646
13056031	15	0.1	-0.1	-4.43199
13056031	16	0.1	-0.1	0.233366
13056031	17	0.1	-0.1	5.97356
13056031	18	0.1	-0.1	3.38206
13056031	19	0.1	-0.1	-2.33788
13056031	20	0.1	-0.1	-4.50072
13056031	21	0.1	-0.1	5.03997
13056031	22	0.1	-0.1	-1.58726
13056031	23	0.1	-0.1	-2.84969
13056031	24	0.1	-0.1	-2.70292
13056031	25	0.1	-0.1	4.66744
13056031	26	0.1	-0.1	-5.93332
13056031	27	0.1	-0.1	2.17143
13056031	28	0.1	-0.1	-4.72461
13056031	29	0.1	-0.1	-3.95869
13056031	30	0.1	-0.1	1.48512
13056031	31	0.1	-0.1	3.2771
13056031	32	0.1	-0.1	-3.65043
13056031	33	0.1	-0.1	5.92472
13056031	34	0.1	-0.1	-1.13853
13056031	35	0.1	-0.1	-3.87091
13056031	36	0.1	-0.1	1.84039
13056031	37	0.1	-0.1	-0.768527
13056031	38	0.1	-0.1	2.48791
13056031	39	0.1	-0.1	-3.74058
13056031	40	0.1	-0.1	5.95302
13056031	41	0.1	-0.1	-1.09727
13056031	42	0.1	-0.1	-1.70642
13056031	43	0.1	-0.1	-0.801011
13056031	44	0.1	-0.1	-0.388304
13056031	45	0.1	-0.1	5.20096
13056031	46	0.1	-0.1	-2.72077
13056031	47	0.1	-0.1	2.33712
13056031	48	0.1	-0.1	4.30754
13056031	49	0.1	-0.1	3.34578
13056031	50	0.1	-0.1	1.77792
13056031	51	0.1	-0.1	3.02397
13056031	52	0.1	-0.1	4.51113
13056031	53	0.1	-0.1	-0.224055
13056031	54	0.1	-0.1	3.32406
13056031	55	0.1	-0.1	-4.53864
13056031	56	0.1	-0.1	2.19478
13056031	57	0.1	-0.1	-0.363552
13056031	58	0.1	-0.1	0.451622
13056031	59	0.1	-0.1	1.9887
13056031	60	0.1	-0.1	-3.88383
13056031	61	0.1	-0.1	-5.72518
13056031	62	0.1	-0.1	-1.05663
13056031	63	0.1	-0.1	-0.808254
13056031	64	0.1	-0.1	-2.71938
13056031	65	0.1	-0.1	-0.179953
13056031	66	0.1	-0.1	-3.72582
13056031	67	0.1	-0.1	0.573982
13056031	68	0.1	-0.1	-1.80533
13056031	69	0.1	-0.1	5.261
13056031	70	0.1	-0.1	-3.23341
13056031	71	0.1	-0.1	0.334497
13056031	72	0.1	-0.1	3.71941
13056031	73	0.1	-0.1	-1.44417
13056031	74	0.1	-0.1	5.09892
13056031	75	0.1	-0.1	-4.96224
13056031	76	0.1	-0.1	1.27873
13056031	77	0.1	-0.1	5.25295
13056031	78	0.1	-0.1	0.0322391
13056031	79	0.1	-0.1	4.09492
13056031	80	0.1	-0.1	-5.0467
13056031	81	0.1	-0.1	-5.57626
13056031	82	0.1	-0.1	-5.24685
13056031	83	0.1	-0.1	-3.42155
13056031	84	0.1	-0.1	2.98988
13056031	85	0.1	-0.1	-0.487098
13056031	86	0.1	-0.1	-5.46551
13056031	87	0.1	-0.1	-4.19785
13056031	88	0.1	-0.1	3.67968
13056031	89	0.1	-0.1	3.51883
13056031	90	0.1	-0.1	2.65919
13056031	91	0.1	-0.1	-3.5415
13056031	92	0.1	-0.1	3.1498
13056031	93	0.1	-0.1	-1.00519
13056031	94	0.1	-0.1	3.8731
13056031	95	0.1	-0.1	-2.71228
13056031	96	0.1	-0.1	2.31937
13056031	97	0.1	-0.1	-5.51886
13056031	98	0.1	-0.1	-2.64432
13056031	99	0.1	-0.1	-3.94558
13056031	100	0.1	-0.1	2.05277
13056031	101	0.1	-0.1	2.76825
13056031	102	0.1	-0.1	-0.0099663
13056031	103	0.1	-0.1	3.8765
13056031	104	0.1	-0.1	-4.99436
13056031	105	0.1	-0.1	-5.33531
13056031	106	0.1	-0.1	-0.829777
13056031	107	0.1	-0.1	-3.81028
13056031	108	0.1	-0.1	-3.09498
13056031	109	0.1	-0.1	-3.61507
13056031	110	0.1	-0.1	-4.61094
13056031	111	0.1	-0.1	2.04207
13056031	112	0.1	-0.1	3.17244
13056031	113	0.1	-0.1	-1.5737
13056031	114	0.1	-0.1	-3.06517
13056031	115	0.1	-0.1	3.27864
13056031	116	0.1	-0.1	-4.80225
13056031	117	0.1	-0.1	1.8284
13056031	118	0.1	-0.1	1.42992
13056031	119	0.1	-0.1	-4.8527
13056031	120	0.1	-0.1	-5.55828
13056031	121	0.1	-0.1	-1.95126
13056031	122	0.1	-0.1	-4.71044
13056031	123	0.1	-0.1	2.79802
13056031	124	0.1	-0.1	-1.03184
13056031	125	0.1	-0.1	0.805461
13056031	126	0.1	-0.1	5.23255
13056031	127	0.1	-0.1	-0.319231
13056031	128	0.1	-0.1	-2.88167
13056031	129	0.1	-0.1	3.24042
13056031	130	0.1	-0.1	-3.69723
13056031	131	0.1	-0.1	-2.78294
13056031	132	0.1	-0.1	-3.37618
13056031	133	0.1	-0.1	3.74221
13056031	134	0.1	-0.1	-1.36355
13056031	135	0.1	-0.1	-1.04163
13056031	136	0.1	-0.1	-5.49733
13056031	137	0.1	-0.1	-2.6833
13056031	138	0.1	-0.1	-4.3059
13056031	139	0.1	-0.1	-1.6609
13056031	140	0.1	-0.1	-2.31618
13056031	141	0.1	-0.1	-5.82889
13056031	142	0.1	-0.1	2.34166
13056031	143	0.1	-0.1	-0.550209
13056031	144	0.1	-0.1	2.77886
13056031	145	0.1	-0.1	3.70698
13056031	146	0.1	-0.1	4.13724
13056031	147	0.1	-0.1	-2.56105
13056031	148	0.1	-0.1	-2.64109
13056031	149	0.1	-0.1	-5.29416
13056031	150	0.1	-0.1	2.44067
13056031	151	0.1	-0.1	-2.32752
13056031	152	0.1	-0.1	2.58244
13056031	153	0.1	-0.1	2.68447
13056031	154	0.1	-0.1	2.78177
13056031	155	0.1	-0.1	-3.95593
13056031	156	0.1	-0.1	2.11977
13056031	157	0.1	-0.1	-4.70836
13056031	158	0.1	-0.1	5.49833
13056031	159	0.1	-0.1	-5.0633
13056031	160	0.1	-0.1	2.92028
13056031	161	0.1	-0.1	4.15664
13056031	162	0.1	-0.1	-2.85479
13056031	163	0.1	-0.1	1.60867
13056031	164	0.1	-0.1	-3.17874
13056031	165	0.1	-0.1	1.87432
13056031	166	0.1	-0.1	4.35311
13056031	167	0.1	-0.1	4.26556
13056031	168	0.1	-0.1	1.77987
13056031	169	0.1	-0.1	2.76902
13056031	170	0.1	-0.1	1.81065
13056031	171	0.1	-0.1	-4.83689
13056031	172	0.1	-0.1	-5.15627
13056031	173	0.1	-0.1	-3.77265
13056031	174	0.1	-0.1	1.74861
13056031	175	0.1	-0.1	5.07979
13056031	176	0.1	-0.1	-5.67026
13056031	177	0.1	-0.1	1.32008
13056031	178	0.1	-0.1	-4.3678
13056031	179	0.1	-0.1	-2.91558
13056031	180	0.1	-0.1	-1.6616
13056031	181	0.1	-0.1	-5.82541
13056031	182	0.1	-0.1	-2.61122
13056031	183	0.1	-0.1	-5.55164
13056031	184	0.1	-0.1	3.9737
13056031	185	0.1	-0.1	-3.09888
13056031	186	0.1	-0.1	-5.96465
13056031	187	0.1	-0.1	-5.65271
13056031	188	0.1	-0.1	5.84975
13056031	189	0.1	-0.1	3.45001
13056031	190	0.1	-0.1	3.78624
13056031	191	0.1	-0.1	-0.597791
13056031	192	0.1	-0.1	1.19843
13056031	193	0.1	-0.1	-0.767826
13056031	194	0.1	-0.1	-0.217846
13056031	195	0.1	-0.1	1.62581
13056031	196	0.1	-0.1	-3.54588
13056031	197	0.1	-0.1	2.18562
13056031	198	0.1	-0.1	5.22058
13056031	199	0.1	-0.1	2.54545
13056031	200	0.1	-0.1	-3.61568
13056031	201	0.1	-0.1	5.24414
13056031	202	0.1	-0.1	3.85302
13056031	203	0.1	-0.1	-0.01691
13056031	204	0.1	-0.1	2.89981
13056031	205	0.1	-0.1	3.7714
13056031	206	0.1	-0.1	0.20523
13056031	207	0.1	-0.1	4.06868
13056031	208	0.1	-0.1	3.3791
13056031	209	0.1	-0.1	-3.65039
13056031	210	0.1	-0.1	-3.26666
13056031	211	0.1	-0.1	3.88076
13056031	212	0.1	-0.1	-0.241029
13056031	213	0.1	-0.1	5.08534
13056031	214	0.1	-0.1	4.52985
13056031	215	0.1	-0.1	4.67311
13056031	216	0.1	-0.1	-2.15987
13056031	217	0.1	-0.1	-4.16899
13056031	218	0.1	-0.1	3.38097
13056031	219	0.1	-0.1	2.70777
13056031	220	0.1	-0.1	1.69583
13056031	221	0.1	-0.1	0.229314
13056031	222	0.1	-0.1	2.51557
13056031	223	0.1	-0.1	0.201554
13056031	224	0.1	-0.1	-4.91444
13056031	225	0.1	-0.1	-0.888269
13056031	226	0.1	-0.1	-1.97145
13056031	227	0.1	-0.1	-0.848947
13056031	228	0.1	-0.1	0.71898
13056031	229	0.1	-0.1	1.86224
13056031	230	0.1	-0.1	-1.14332
13056031	231	0.1	-0.1	3.11154
13056031	232	0.1	-0.1	4.42375
13056031	233	0.1	-0.1	-5.16269
13056031	234	0.1	-0.1	2.87571
13056031	235	0.1	-0.1	1.82619
13056031	236	0.1	-0.1	-5.17309
13056031	237	0.1	-0.1	-3.02792
13056031	238	0.1	-0.1	3.0566
13056031	239	0.1	-0.1	2.13377
13056031	240	0.1	-0.1	1.45894
13056031	241	0.1	-0.1	4.58029
13056031	242	0.1	-0.1	1.54741
13056031	243	0.1	-0.1	1.29587
13056031	244	0.1	-0.1	-3.73904
13056031	245	0.1	-0.1	-4.82437
13056031	246	0.1	-0.1	5.7088
13056031	247	0.1	-0.1	-5.09459
13056031	248	0.1	-0.1	4.36449
13056031	249	0.1	-0.1	-5.80888
13056031	250	0.1	-0.1	-3.75737
13056031	251	0.1	-0.1	5.48613
13056031	252	0.1	-0.1	5.67378
13056031	253	0.1	-0.1	-2.56486
13056031	254	0.1	-0.1	-1.71342
13056031	255	0.1	-0.1	0.675455
13056031	256	0.1	-0.1	-3.27504
13056031	257	0.1	-0.1	-5.90071
13056031	258	0.1	-0.1	-2.26984
13056031	259	0.1	-0.1	0.226537
13056031	260	0.1	-0.1	2.33531
13056031	261	0.1	-0.1	-0.472151
13056031	262	0.1	-0.1	-2.6009
13056031	263	0.1	-0.1	2.89817
13056031	264	0.1	-0.1	4.06043
13056031	265	0.1	-0.1	-1.30936
13056031	266	0.1	-0.1	-4.71115
13056031	267	0.1	-0.1	0.886166
13056031	268	0.1	-0.1	1.97296
13056031	269	0.1	-0.1	-5.74208
13056031	270	0.1	-0.1	-1.09137
13056031	271	0.1	-0.1	0.325052
13056031	272	0.1	-0.1	-3.08841
13056031	273	0.1	-0.1	-2.24309
13056031	274	0.1	-0.1	-4.52101
13056031	275	0.1	-0.1	2.4178
13056031	276	0.1	-0.1	5.80016
13056031	277	0.1	-0.1	2.85403
13056031	278	0.1	-0.1	3.02502
13056031	279	0.1	-0.1	1.23602
13056031	280	0.1	-0.1	-1.78979
13056031	281	0.1	-0.1	-1.20646
13056031	282	0.1	-0.1	3.0149
13056031	283	0.1	-0.1	5.45434
13056031	284	0.1	-0.1	-3.50408
13056031	285	0.1	-0.1	5.09309
13056031	286	0.1	-0.1	-3.95079
13056031	287	0.1	-0.1	3.67164
13056031	288	0.1	-0.1	0.887275
13056031	289	0.1	-0.1	-5.46086
13056031	290	0.1	-0.1	0.355497
13056031	291	0.1	-0.1	-1.65251
13056031	292	0.1	-0.1	2.79715
13056031	293	0.1	-0.1	-2.08461
13056031	294	0.1	-0.1	-1.96736
13056031	295	0.1	-0.1	-2.43158
13056031	296	0.1	-0.1	1.10633
13056031	297	0.1	-0.1	-0.847035
13056031	298	0.1	-0.1	1.27796
13056031	299	0.1	-0.1	-2.64386
13056031	300	0.1	-0.1	4.65364
13056031	301	0.1	-0.1	4.83126
13056031	302	0.1	-0.1	3.80823
13056031	303	0.1	-0.1	-3.61067
13056031	304	0.1	-0.1	-3.83905
13056031	305	0.1	-0.1	2.60848
13056031	306	0.1	-0.1	-0.308093
13056031	307	0.1	-0.1	-2.46458
13056031	308	0.1	-0.1	-5.85647
13056031	309	0.1	-0.1	0.514218
13056031	310	0.1	-0.1	0.46833
13056031	311	0.1	-0.1	2.59756
13056031	312	0.1	-0.1	3.4038
13056031	313	0.1	-0.1	-2.6449
13056031	314	0.1	-0.1	-0.260491
13056031	315	0.1	-0.1	3.31575
13056031	316	0.1	-0.1	3.82138
13056031	317	0.1	-0.1	-3.71479
13056031	318	0.1	-0.1	1.04166
13056031	319	0.1	-0.1	5.15293
13056031	320	0.1	-0.1	0.516633
13056031	321	0.1	-0.1	-1.73253
13056031	322	0.1	-0.1	-5.98826
13056031	323	0.1	-0.1	-2.39678
13056031	324	0.1	-0.1	5.05014
13056031	325	0.1	-0.1	-2.82777
13056031	326	0.1	-0.1	-1.88742
13056031	327	0.1	-0.1	-1.44814
13056031	328	0.1	-0.1	5.15915
13056031	329	0.1	-0.1	3.91028
13056031	330	0.1	-0.1	-5.75307
13056031	331	0.1	-0.1	3.78611
13056031	332	0.1	-0.1	2.36587
13056031	333	0.1	-0.1	-5.51883
13056031	334	0.1	-0.1	3.33237
13056031	335	0.1	-0.1	0.351619
13056031	336	0.1	-0.1	0.233835
13056031	337	0.1	-0.1	1.69708
13056031	338	0.1	-0.1	3.2972
13056031	339	0.1	-0.1	4.06139
13056031	340	0.1	-0.1	-0.922668
13056031	341	0.1	-0.1	3.2709
13056031	342	0.1	-0.1	-1.3235
13056031	343	0.1	-0.1	-3.44614
13056031	344	0.1	-0.1	5.06414
13056031	345	0.1	-0.1	0.840089
13056031	346	0.1	-0.1	-4.15341
13056031	347	0.1	-0.1	-0.496857
13056031	348	0.1	-0.1	2.84048
13056031	349	0.1	-0.1	4.81312
13056031	350	0.1	-0.1	3.3535
13056031	351	0.1	-0.1	5.42427
13056031	352	0.1	-0.1	0.451281
13056031	353	0.1	-0.1	2.78708
13056031	354	0.1	-0.1	1.95691
13056031	355	0.1	-0.1	0.715525
13056031	356	0.1	-0.1	2.76112
13056031	357	0.1	-0.1	-5.94308
13056031	358	0.1	-0.1	4.07127
13056031	359	0.1	-0.1	2.82634
13056031	360	0.1	-0.1	-4.28405
13056031	361	0.1	-0.1	3.31778
13056031	362	0.1	-0.1	4.81745
13056031	363	0.1	-0.1	-4.07196
13056031	364	0.1	-0.1	-2.25026
13056031	365	0.1	-0.1	5.16348
13056031	366	0.1	-0.1	-4.2862
13056031	367	0.1	-0.1	-3.39876
13056031	368	0.1	-0.1	-3.5522
13056031	369	0.1	-0.1	2.75673
13056031	370	0.1	-0.1	-0.355695
13056031	371	0.1	-0.1	-3.17297
13056031	372	0.1	-0.1	2.99372
13056031	373	0.1	-0.1	-2.25271
13056031	374	0.1	-0.1	3.74463
13056031	375	0.1	-0.1	0.471554
13056031	376	0.1	-0.1	-4.77267
13056031	377	0.1	-0.1	-4.99736
13056031	378	0.1	-0.1	-4.91911
13056031	379	0.1	-0.1	3.58455
13056031	380	0.1	-0.1	0.5256
13056031	381	0.1	-0.1	-5.6642
13056031	382	0.1	-0.1	5.51942
13056031	383	0.1	-0.1	-0.118421
13056031	384	0.1	-0.1	-4.18145
13056031	385	0.1	-0.1	2.26706
13056031	386	0.1	-0.1	4.48641
13056031	387	0.1	-0.1	-5.49541
13056031	388	0.1	-0.1	-3.97446
13056031	389	0.1	-0.1	-5.59385
13056031	390	0.1	-0.1	-5.49608
13056031	391	0.1	-0.1	0.112164
13056031	392	0.1	-0.1	2.92615
13056031	393	0.1	-0.1	-2.20222
13056031	394	0.1	-0.1	1.98938
13056031	395	0.1	-0.1	1.04594
13056031	396	0.1	-0.1	-0.210273
13056031	397	0.1	-0.1	-5.25462
13056031	398	0.1	-0.1	-5.79084
13056031	399	0.1	-0.1	-1.6895
13056031	400	0.1	-0.1	4.50128
13056031	401	0.1	-0.1	-5.82162
13056031	402	0.1	-0.1	2.16738
13056031	403	0.1	-0.1	-2.87066
13056031	404	0.1	-0.1	4.1884
13056031	405	0.1	-0.1	-2.7796
13056031	406	0.1	-0.1	2.13942
13056031	407	0.1	-0.1	-2.89837
13056031	408	0.1	-0.1	-5.31124
13056031	409	0.1	-0.1	5.17541
13056031	410	0.1	-0.1	3.84135
13056031	411	0.1	-0.1	0.219425
13056031	412	0.1	-0.1	-2.08261
13056031	413	0.1	-0.1	-1.71299
13056031	414	0.1	-0.1	5.18497
13056031	415	0.1	-0.1	0.318499
13056031	416	0.1	-0.1	2.08599
13056031	417	0.1	-0.1	4.30651
13056031	418	0.1	-0.1	3.7225
13056031	419	0.1	-0.1	-5.83654
13056031	420	0.1	-0.1	3.96307
13056031	421	0.1	-0.1	3.10959
13056031	422	0.1	-0.1	-0.436297
13056031	423	0.1	-0.1	4.29366
13056031	424	0.1	-0.1	1.12173
13056031	425	0.1	-0.1	-1.82623
13056031	426	0.1	-0.1	-5.34954
13056031	427	0.1	-0.1	-4.21913
13056031	428	0.1	-0.1	1.07682
13056031	429	0.1	-0.1	-5.39211
13056031	430	0.1	-0.1	5.21334
13056031	431	0.1	-0.1	0.234513
13056031	432	0.1	-0.1	-3.3266
13056031	433	0.1	-0.1	2.29421
13056031	434	0.1	-0.1	-5.50366
13056031	435	0.1	-0.1	5.18679
13056031	436	0.1	-0.1	-4.75213
13056031	437	0.1	-0.1	0.0179694
13056031	438	0.1	-0.1	5.23832
13056031	439	0.1	-0.1	-5.32084
13056031	440	0.1	-0.1	-4.12935
13056031	441	0.1	-0.1	1.38798
13056031	442	0.1	-0.1	-3.06951
13056031	443	0.1	-0.1	-3.62518
13056031	444	0.1	-0.1	-4.10634
13056031	445	0.1	-0.1	-5.19721
13056031	446	0.1	-0.1	-2.65091
13056031	447	0.1	-0.1	3.62405
13056031	448	0.1	-0.1	-4.41854
13056031	449	0.1	-0.1	-0.395444
13056031	450	0.1	-0.1	-5.7543
13056031	451	0.1	-0.1	3.468
13056031	452	0.1	-0.1	-1.84886
13056031	453	0.1	-0.1	5.7819
13056031	454	0.1	-0.1	-0.620937
13056031	455	0.1	-0.1	3.10905
13056031	456	0.1	-0.1	4.9901
13056031	457	0.1	-0.1	-3.39247
13056031	458	0.1	-0.1	-2.57149
13056031	459	0.1	-0.1	-1.94883
13056031	460	0.1	-0.1	4.1798
13056031	461	0.1	-0.1	0.337346
13056031	462	0.1	-0.1	-3.49062
13056031	463	0.1	-0.1	-3.45298
13056031	464	0.1	-0.1	0.980501
13056031	465	0.1	-0.1	-4.62678
13056031	466	0.1	-0.1	-3.3999
13056031	467	0.1	-0.1	3.73949
13056031	468	0.1	-0.1	-5.26719
13056031	469	0.1	-0.1	5.80905
13056031	470	0.1	-0.1	3.12496
13056031	471	0.1	-0.1	4.16135
13056031	472	0.1	-0.1	1.01573
13056031	473	0.1	-0.1	5.11435
13056031	474	0.1	-0.1	2.60512
13056031	475	0.1	-0.1	3.35141
13056031	476	0.1	-0.1	-3.57654
13056031	477	0.1	-0.1	2.42167
13056031	478	0.1	-0.1	-5.08604
13056031	479	0.1	-0.1	1.69057
13056031	480	0.1	-0.1	-4.44149
13056031	481	0.1	-0.1	-0.72244
13056031	482	0.1	-0.1	3.91756
13056031	483	0.1	-0.1	1.06373
13056031	484	0.1	-0.1	-2.963
13056031	485	0.1	-0.1	5.13007
13056031	486	0.1	-0.1	-1.79487
13056031	487	0.1	-0.1	-5.68317
13056031	488	0.1	-0.1	5.88109
13056031	489	0.1	-0.1	-3.18543
13056031	490	0.1	-0.1	-2.11517
13056031	491	0.1	-0.1	-4.72524
13056031	492	0.1	-0.1	3.6507
13056031	493	0.1	-0.1	4.96403
13056031	494	0.1	-0.1	-2.46441
13056031	495	0.1	-0.1	1.63431
13056031	496	0.1	-0.1	5.30929
13056031	497	0.1	-0.1	3.20802
13056031	498	0.1	-0.1	-0.368076
13056031	499	0.1	-0.1	-3.37374
13056031	500	0.1	-0.1	-0.458057
13056031	501	0.1	-0.1	-2.99005
13056031	502	0.1	-0.1	4.42721
13056031	503	0.1	-0.1	-5.03694
13056031	504	0.1	-0.1	4.36075
13056031	505	0.1	-0.1	-2.03512
13056031	506	0.1	-0.1	-3.1084
13056031	507	0.1	-0.1	3.22817
13056031	508	0.1	-0.1	-3.4692
13056031	509	0.1	-0.1	0.605585
13056031	510	0.1	-0.1	-0.318121
13056031	511	0.1	-0.1	2.52524
13056031	512	0.1	-0.1	4.50438
13056031	513	0.1	-0.1	2.28816
13056031	514	0.1	-0.1	1.83112
13056031	515	0.1	-0.1	-0.196744
13056031	516	0.1	-0.1	2.59865
13056031	517	0.1	-0.1	5.57869
13056031	518	0.1	-0.1	4.99557
13056031	519	0.1	-0.1	-5.7838
13056031	520	0.1	-0.1	-2.22221
13056031	521	0.1	-0.1	-5.14791
13056031	522	0.1	-0.1	5.42818
13056031	523	0.1	-0.1	-5.01162
13056031	524	0.1	-0.1	-4.13654
13056031	525	0.1	-0.1	4.17301
13056031	526	0.1	-0.1	-1.94691
13056031	527	0.1	-0.1	-3.27699
13056031	528	0.1	-0.1	0.495528
13056031	529	0.1	-0.1	-5.76208
13056031	530	0.1	-0.1	2.62116
13056031	531	0.1	-0.1	-1.45144
13056031	532	0.1	-0.1	-5.55011
13056031	533	0.1	-0.1	1.15927
13056031	534	0.1	-0.1	-3.42384
13056031	535	0.1	-0.1	-1.03262
13056031	536	0.1	-0.1	2.51574
13056031	537	0.1	-0.1	2.09636
13056031	538	0.1	-0.1	-4.05396
13056031	539	0.1	-0.1	2.69209
13056031	540	0.1	-0.1	-0.337454
13056031	541	0.1	-0.1	-2.52678
13056031	542	0.1	-0.1	-4.16726
13056031	543	0.1	-0.1	-1.65516
13056031	544	0.1	-0.1	-0.303254
13056031	545	0.1	-0.1	-4.66615
13056031	546	0.1	-0.1	-1.76766
13056031	547	0.1	-0.1	-4.32719
13056031	548	0.1	-0.1	-0.0982841
13056031	549	0.1	-0.1	-0.304436
13056031	550	0.1	-0.1	5.5149
13056031	551	0.1	-0.1	5.01638
13056031	552	0.1	-0.1	-5.81615
13056031	553	0.1	-0.1	-3.93385
13056031	554	0.1	-0.1	0.803984
13056031	555	0.1	-0.1	-3.8588
13056031	556	0.1	-0.1	-1.64906
13056031	557	0.1	-0.1	4.72845
13056031	558	0.1	-0.1	0.246976
13056031	559	0.1	-0.1	-5.99005
13056031	560	0.1	-0.1	-5.67396
13056031	561	0.1	-0.1	-3.11192
13056031	562	0.1	-0.1	-5.26108
13056031	563	0.1	-0.1	-3.9504
13056031	564	0.1	-0.1	3.44127
13056031	565	0.1	-0.1	-2.8258
13056031	566	0.1	-0.1	2.12801
13056031	567	0.1	-0.1	4.78135
13056031	568	0.1	-0.1	1.49382
13056031	569	0.1	-0.1	-2.82918
13056031	570	0.1	-0.1	2.06865e-05
13056031	571	0.1	-0.1	3.80242
13056031	572	0.1	-0.1	4.09731
13056031	573	0.1	-0.1	-5.23543
13056031	574	0.1	-0.1	1.08601
13056031	575	0.1	-0.1	2.613
13056031	576	0.1	-0.1	0.716101
13056031	577	0.1	-0.1	-3.72917
13056031	578	0.1	-0.1	4.85203
13056031	579	0.1	-0.1	0.260531
13056031	580	0.1	-0.1	-1.08584
13056031	581	0.1	-0.1	-2.21871
13056031	582	0.1	-0.1	-0.756017
13056031	583	0.1	-0.1	1.67132
13056031	584	0.1	-0.1	3.75627
13056031	585	0.1	-0.1	2.78297
13056031	586	0.1	-0.1	-3.19859
13056031	587	0.1	-0.1	-5.25023
13056031	588	0.1	-0.1	-3.32261
13056031	589	0.1	-0.1	3.20083
13056031	590	0.1	-0.1	-3.02407
13056031	591	0.1	-0.1	-2.60717
13056031	592	0.1	-0.1	-2.84926
13056031	593	0.1	-0.1	-4.00458
13056031	594	0.1	-0.1	-5.83681
13056031	595	0.1	-0.1	3.05403
13056031	596	0.1	-0.1	-0.193989
13056031	597	0.1	-0.1	-5.89752
13056031	598	0.1	-0.1	-5.99407
13056031	599	0.1	-0.1	-1.56235
13056031	600	0.1	-0.1	0.658599
13056031	601	0.1	-0.1	-2.51134
13056031	602	0.1	-0.1	3.62292
13056031	603	0.1	-0.1	2.05482
13056031	604	0.1	-0.1	-4.23099
13056031	605	0.1	-0.1	-3.87982
13056031	606	0.1	-0.1	4.52547
13056031	607	0.1	-0.1	4.40074
13056031	608	0.1	-0.1	0.956331
13056031	609	0.1	-0.1	4.63927
13056031	610	0.1	-0.1	3.17054
13056031	611	0.1	-0.1	3.1388
13056031	612	0.1	-0.1	4.09941
13056031	613	0.1	-0.1	-2.44854
13056031	614	0.1	-0.1	5.48524
13056031	615	0.1	-0.1	0.368052
13056031	616	0.1	-0.1	4.65322
13056031	617	0.1	-0.1	-3.36181
13056031	618	0.1	-0.1	-2.13649
13056031	619	0.1	-0.1	0.314024
13056031	620	0.1	-0.1	5.2351
13056031	621	0.1	-0.1	2.94989
13056031	622	0.1	-0.1	-1.68267
13056031	623	0.1	-0.1	2.38946
13056031	624	0.1	-0.1	-0.410518
13056031	625	0.1	-0.1	1.3598
13056031	626	0.1	-0.1	0.00384902
13056031	627	0.1	-0.1	3.39732
13056031	628	0.1	-0.1	-3.36171
13056031	629	0.1	-0.1	3.4098
13056031	630	0.1	-0.1	-5.93214
13056031	631	0.1	-0.1	4.97419
13056031	632	0.1	-0.1	-2.49885
13056031	633	0.1	-0.1	-1.13323
13056031	634	0.1	-0.1	-4.79786
13056031	635	0.1	-0.1	4.53685
13056031	636	0.1	-0.1	3.66286
13056031	637	0.1	-0.1	-0.538218
13056031	638	0.1	-0.1	-2.42114
13056031	639	0.1	-0.1	-5.56328
13056031	640	0.1	-0.1	-3.22501
13056031	641	0.1	-0.1	3.07181
13056031	642	0.1	-0.1	-3.94513
13056031	643	0.1	-0.1	0.13818
13056031	644	0.1	-0.1	0.36125
13056031	645	0.1	-0.1	3.02347
13056031	646	0.1	-0.1	-5.80022
13056031	647	0.1	-0.1	3.70804
13056031	648	0.1	-0.1	5.35028
13056031	649	0.1	-0.1	-3.02834
13056031	650	0.1	-0.1	2.2349
13056031	651	0.1	-0.1	-4.68738
13056031	652	0.1	-0.1	2.51223
13056031	653	0.1	-0.1	-3.55979
13056031	654	0.1	-0.1	-1.39431
13056031	655	0.1	-0.1	-0.690784
13056031	656	0.1	-0.1	-0.652583
13056031	657	0.1	-0.1	1.30524
13056031	658	0.1	-0.1	-1.98824
13056031	659	0.1	-0.1	0.566041
13056031	660	0.1	-0.1	1.54996
13056031	661	0.1	-0.1	-4.82308
13056031	662	0.1	-0.1	-4.92268
13056031	663	0.1	-0.1	1.81897
13056031	664	0.1	-0.1	-3.02204
13056031	665	0.1	-0.1	4.2134
13056031	666	0.1	-0.1	-4.82797
13056031	667	0.1	-0.1	-2.61326
13056031	668	0.1	-0.1	2.21111
13056031	669	0.1	-0.1	1.17208
13056031	670	0.1	-0.1	-1.55838
13056031	671	0.1	-0.1	5.24522
13056031	672	0.1	-0.1	2.91556
13056031	673	0.1	-0.1	-2.35443
13056031	674	0.1	-0.1	1.0936
13056031	675	0.1	-0.1	3.61728
13056031	676	0.1	-0.1	4.65089
13056031	677	0.1	-0.1	-5.81893
13056031	678	0.1	-0.1	-0.854465
13056031	679	0.1	-0.1	0.61975
13056031	680	0.1	-0.1	-4.67669
13056031	681	0.1	-0.1	-0.514277
13056031	682	0.1	-0.1	1.55763
13056031	683	0.1	-0.1	5.40393
13056031	684	0.1	-0.1	-0.0721481
13056031	685	0.1	-0.1	-4.97815
13056031	686	0.1	-0.1	0.223166
13056031	687	0.1	-0.1	0.944784
13056031	688	0.1	-0.1	0.316051
13056031	689	0.1	-0.1	-1.86227
13056031	690	0.1	-0.1	-2.30693
13056031	691	0.1	-0.1	-4.75026
13056031	692	0.1	-0.1	5.53995
13056031	693	0.1	-0.1	-0.175064
13056031	694	0.1	-0.1	1.5858
13056031	695	0.1	-0.1	5.37393
13056031	696	0.1	-0.1	-4.95131
13056031	697	0.1	-0.1	0.0970948
13056031	698	0.1	-0.1	2.9178
13056031	699	0.1	-0.1	-1.4359
13056031	700	0.1	-0.1	-0.691327
13056031	701	0.1	-0.1	3.49862
13056031	702	0.1	-0.1	1.16439
13056031	703	0.1	-0.1	1.86345
13056031	704	0.1	-0.1	5.45437
13056031	705	0.1	-0.1	4.38583
13056031	706	0.1	-0.1	-5.14975
13056031	707	0.1	-0.1	0.539163
13056031	708	0.1	-0.1	5.11756
13056031	709	0.1	-0.1	2.3256
13056031	710	0.1	-0.1	4.03313
13056031	711	0.1	-0.1	-3.83829
13056031	712	0.1	-0.1	-0.990439
13056031	713	0.1	-0.1	4.06831
13056031	714	0.1	-0.1	-2.13828
13056031	715	0.1	-0.1	4.2913
13056031	716	0.1	-0.1	4.7471
13056031	717	0.1	-0.1	5.49423
13056031	718	0.1	-0.1	-5.10341
13056031	719	0.1	-0.1	-1.13384
13056031	720	0.1	-0.1	-3.24418
13056031	721	0.1	-0.1	-0.431633
13056031	722	0.1	-0.1	-0.931864
13056031	723	0.1	-0.1	-5.67769
13056031	724	0.1	-0.1	2.54834
13056031	725	0.1	-0.1	-5.01459
13056031	726	0.1	-0.1	3.0338
13056031	727	0.1	-0.1	-4.92032
13056031	728	0.1	-0.1	-4.32916
13056031	729	0.1	-0.1	1.28522
13056031	730	0.1	-0.1	2.36476
13056031	731	0.1	-0.1	-2.98507
13056031	732	0.1	-0.1	-0.36289
13056031	733	0.1	-0.1	0.39387
13056031	734	0.1	-0.1	-4.14022
13056031	735	0.1	-0.1	5.2884
13056031	736	0.1	-0.1	-4.64413
13056031	737	0.1	-0.1	-2.01741
13056031	738	0.1	-0.1	-2.14384
13056031	739	0.1	-0.1	0.575635
13056031	740	0.1	-0.1	3.31723
13056031	741	0.1	-0.1	5.12401
13056031	742	0.1	-0.1	-3.07384
13056031	743	0.1	-0.1	0.880071
13056031	744	0.1	-0.1	-2.31558
13056031	745	0.1	-0.1	-5.82927
13056031	746	0.1	-0.1	-0.661363
13056031	747	0.1	-0.1	-3.72451
13056031	748	0.1	-0.1	-5.42287
13056031	749	0.1	-0.1	-1.19932
13056031	750	0.1	-0.1	4.1941
13056031	751	0.1	-0.1	-0.658968
13056031	752	0.1	-0.1	4.82545
13056031	753	0.1	-0.1	0.00578226
13056031	754	0.1	-0.1	0.140082
13056031	755	0.1	-0.1	-3.52348
13056031	756	0.1	-0.1	1.06943
13056031	757	0.1	-0.1	-5.9489
13056031	758	0.1	-0.1	3.91556
13056031	759	0.1	-0.1	5.94614
13056031	760	0.1	-0.1	-5.4504
13056031	761	0.1	-0.1	-3.5523
13056031	762	0.1	-0.1	-2.21975
13056031	763	0.1	-0.1	1.44794
13056031	764	0.1	-0.1	4.72429
13056031	765	0.1	-0.1	0.237826
13056031	766	0.1	-0.1	-2.87329
13056031	767	0.1	-0.1	0.616776
13056031	768	0.1	-0.1	1.39281
13056031	769	0.1	-0.1	3.02479
13056031	770	0.1	-0.1	4.04012
13056031	771	0.1	-0.1	-4.00881
13056031	772	0.1	-0.1	4.93479
13056031	773	0.1	-0.1	-3.01568
13056031	774	0.1	-0.1	-0.85054
13056031	775	0.1	-0.1	4.81729
13056031	776	0.1	-0.1	-3.84116
13056031	777	0.1	-0.1	3.54023
13056031	778	0.1	-0.1	-3.49535
13056031	779	0.1	-0.1	5.66304
13056031	780	0.1	-0.1	-1.89514
13056031	781	0.1	-0.1	2.80222
13056031	782	0.1	-0.1	-3.83743
13056031	783	0.1	-0.1	-5.22444
13056031	784	0.1	-0.1	1.75977
13056031	785	0.1	-0.1	4.299
13056031	786	0.1	-0.1	-0.330829
13056031	787	0.1	-0.1	-2.34367
13056031	788	0.1	-0.1	0.712008
13056031	789	0.1	-0.1	-5.86539
13056031	790	0.1	-0.1	-0.30648
13056031	791	0.1	-0.1	-0.679204
13056031	792	0.1	-0.1	2.63415
13056031	793	0.1	-0.1	-0.1567
13056031	794	0.1	-0.1	5.02107
13056031	795	0.1	-0.1	-0.461583
13056031	796	0.1	-0.1	-3.85251
13056031	797	0.1	-0.1	-4.30349
13056031	798	0.1	-0.1	0.00175361
13056031	799	0.1	-0.1	-1.25953
13056031	800	0.1	-0.1	-5.95392
13056031	801	0.1	-0.1	-3.57456
13056031	802	0.1	-0.1	1.3521
13056031	803	0.1	-0.1	-4.10123
13056031	804	0.1	-0.1	-3.62083
13056031	805	0.1	-0.1	3.82776
13056031	806	0.1	-0.1	-1.10669
13056031	807	0.1	-0.1	-2.84332
13056031	808	0.1	-0.1	0.0381644
13056031	809	0.1	-0.1	2.67595
13056031	810	0.1	-0.1	-1.98651
13056031	811	0.1	-0.1	-2.7447
13056031	812	0.1	-0.1	-4.77796
13056031	813	0.1	-0.1	5.75811
13056031	814	0.1	-0.1	2.16974
13056031	815	0.1	-0.1	-0.119157
13056031	816	0.1	-0.1	4.6576
13056031	817	0.1	-0.1	-5.89165
13056031	818	0.1	-0.1	5.7013
13056031	819	0.1	-0.1	-3.562
13056031	820	0.1	-0.1	-5.71044
13056031	821	0.1	-0.1	4.79931
13056031	822	0.1	-0.1	-1.76626
13056031	823	0.1	-0.1	-2.51723
13056031	824	0.1	-0.1	-4.1696
13056031	825	0.1	-0.1	3.05364
13056031	826	0.1	-0.1	5.16504
13056031	827	0.1	-0.1	0.769997
13056031	828	0.1	-0.1	2.8245
13056031	829	0.1	-0.1	-0.633223
13056031	830	0.1	-0.1	-2.87493
13056031	831	0.1	-0.1	4.82739
13056031	832	0.1	-0.1	0.520141
13056031	833	0.1	-0.1	-5.74866
13056031	834	0.1	-0.1	1.32049
13056031	835	0.1	-0.1	-3.81682
13056031	836	0.1	-0.1	5.27053
13056031	837	0.1	-0.1	0.642518
13056031	838	0.1	-0.1	0.764066
13056031	839	0.1	-0.1	5.93577
13056031	840	0.1	-0.1	-0.0525154
13056031	841	0.1	-0.1	2.05907
13056031	842	0.1	-0.1	-5.24593
13056031	843	0.1	-0.1	-4.91564
13056031	844	0.1	-0.1	5.32153
13056031	845	0.1	-0.1	3.42388
13056031	846	0.1	-0.1	-1.13932
13056031	847	0.1	-0.1	5.44829
13056031	848	0.1	-0.1	-5.86767
13056031	849	0.1	-0.1	-1.86875
13056031	850	0.1	-0.1	5.30174
13056031	851	0.1	-0.1	3.39912
13056031	852	0.1	-0.1	-4.86285
13056031	853	0.1	-0.1	-3.48351
13056031	854	0.1	-0.1	4.69546
13056031	855	0.1	-0.1	4.74475
13056031	856	0.1	-0.1	3.41031
13056031	857	0.1	-0.1	-2.10375
13056031	858	0.1	-0.1	-4.37135
13056031	859	0.1	-0.1	0.450862
13056031	860	0.1	-0.1	-5.06228
13056031	861	0.1	-0.1	3.27924
13056031	862	0.1	-0.1	4.69718
13056031	863	0.1	-0.1	1.08305
13056031	864	0.1	-0.1	1.71969
13056031	865	0.1	-0.1	3.79569
13056031	866	0.1	-0.1	1.16889
13056031	867	0.1	-0.1	-1.45789
13056031	868	0.1	-0.1	-5.00371
13056031	869	0.1	-0.1	-2.3268
13056031	870	0.1	-0.1	5.40723
13056031	871	0.1	-0.1	-3.90652
13056031	872	0.1	-0.1	2.57046
13056031	873	0.1	-0.1	3.84865
13056031	874	0.1	-0.1	1.62122
13056031	875	0.1	-0.1	2.32332
13056031	876	0.1	-0.1	3.3438
13056031	877	0.1	-0.1	-2.50238
13056031	878	0.1	-0.1	-5.44495
13056031	879	0.1	-0.1	3.21059
13056031	880	0.1	-0.1	4.94356
13056031	881	0.1	-0.1	-1.60853
13056031	882	0.1	-0.1	5.77093
13056031	883	0.1	-0.1	1.69835
13056031	884	0.1	-0.1	-2.50614
13056031	885	0.1	-0.1	-2.34786
13056031	886	0.1	-0.1	3.35358
13056031	887	0.1	-0.1	-4.80261
13056031	888	0.1	-0.1	2.26065
13056031	889	0.1	-0.1	1.55642
13056031	890	0.1	-0.1	-4.35189
13056031	891	0.1	-0.1	4.10094
13056031	892	0.1	-0.1	1.64773
13056031	893	0.1	-0.1	-4.12844
13056031	894	0.1	-0.1	4.51929
13056031	895	0.1	-0.1	5.10548
13056031	896	0.1	-0.1	-3.78022
13056031	897	0.1	-0.1	-5.8304
13056031	898	0.1	-0.1	5.00452
13056031	899	0.1	-0.1	5.7818
13056031	900	0.1	-0.1	-4.13521
13056031	901	0.1	-0.1	1.36665
13056031	902	0.1	-0.1	-1.25686
13056031	903	0.1	-0.1	-0.0950507
13056031	904	0.1	-0.1	-2.27131
13056031	905	0.1	-0.1	-5.65899
13056031	906	0.1	-0.1	-1.0041
13056031	907	0.1	-0.1	3.67722
13056031	908	0.1	-0.1	-1.01987
13056031	909	0.1	-0.1	1.12076
13056031	910	0.1	-0.1	-1.92013
13056031	911	0.1	-0.1	-1.59652
13056031	912	0.1	-0.1	3.59348
13056031	913	0.1	-0.1	-0.425981
13056031	914	0.1	-0.1	-1.86076
13056031	915	0.1	-0.1	4.51729
13056031	916	0.1	-0.1	-1.33707
13056031	917	0.1	-0.1	0.648046
13056031	918	0.1	-0.1	4.19143
13056031	919	0.1	-0.1	3.90873
13056031	920	0.1	-0.1	-2.13236
13056031	921	0.1	-0.1	3.57656
13056031	922	0.1	-0.1	-4.85619
13056031	923	0.1	-0.1	-2.34778
13056031	924	0.1	-0.1	-1.79049
13056031	925	0.1	-0.1	4.43697
13056031	926	0.1	-0.1	2.19505
13056031	927	0.1	-0.1	3.39292
13056031	928	0.1	-0.1	5.83369
13056031	929	0.1	-0.1	-1.25564
13056031	930	0.1	-0.1	3.20251
13056031	931	0.1	-0.1	0.0745476
13056031	932	0.1	-0.1	0.476039
13056031	933	0.1	-0.1	3.73486
13056031	934	0.1	-0.1	-0.60087
13056031	935	0.1	-0.1	-3.1792
13056031	936	0.1	-0.1	4.26533
13056031	937	0.1	-0.1	-4.36664
13056031	938	0.1	-0.1	5.29617
13056031	939	0.1	-0.1	5.12264
13056031	940	0.1	-0.1	-2.92267
13056031	941	0.1	-0.1	4.73028
13056031	942	0.1	-0.1	0.481304
13056031	943	0.1	-0.1	3.64052
13056031	944	0.1	-0.1	-1.74183
13056031	945	0.1	-0.1	5.81982
13056031	946	0.1	-0.1	2.06869
13056031	947	0.1	-0.1	0.616961
13056031	948	0.1	-0.1	2.30649
13056031	949	0.1	-0.1	-0.640675
13056031	950	0.1	-0.1	-4.95499
13056031	951	0.1	-0.1	2.85897
13056031	952	0.1	-0.1	4.98342
13056031	953	0.1	-0.1	-1.97966
13056031	954	0.1	-0.1	5.26248
13056031	955	0.1	-0.1	-5.14092
13056031	956	0.1	-0.1	-5.88153
13056031	957	0.1	-0.1	1.95207
13056031	958	0.1	-0.1	1.05812
13056031	959	0.1	-0.1	-1.19218
13056031	960	0.1	-0.1	0.476097
13056031	961	0.1	-0.1	-4.2114
13056031	962	0.1	-0.1	-5.68087
13056031	963	0.1	-0.1	-2.73594
13056031	964	0.1	-0.1	5.03144
13056031	965	0.1	-0.1	0.865965
13056031	966	0.1	-0.1	-1.18006
13056031	967	0.1	-0.1	-5.81142
13056031	968	0.1	-0.1	2.49655
13056031	969	0.1	-0.1	2.52129
13056031	970	0.1	-0.1	1.05822
13056031	971	0.1	-0.1	1.17833
13056031	972	0.1	-0.1	-5.91842
13056031	973	0.1	-0.1	-5.16719
13056031	974	0.1	-0.1	2.97477
13056031	975	0.1	-0.1	3.9928
13056031	976	0.1	-0.1	3.12157
13056031	977	0.1	-0.1	0.217979
13056031	978	0.1	-0.1	0.0922085
13056031	979	0.1	-0.1	5.93798
13056031	980	0.1	-0.1	-3.52715
13056031	981	0.1	-0.1	-3.39536
13056031	982	0.1	-0.1	4.26737
13056031	983	0.1	-0.1	0.684944
13056031	984	0.1	-0.1	-4.55585
13056031	985	0.1	-0.1	-0.970756
13056031	986	0.1	-0.1	5.76426
13056031	987	0.1	-0.1	0.159507
13056031	988	0.1	-0.1	-5.9269
13056031	989	0.1	-0.1	-1.83646
13056031	990	0.1	-0.1	-5.13591
13056031	991	0.1	-0.1	1.64947
13056031	992	0.1	-0.1	4.35561
13056031	993	0.1	-0.1	2.77165
13056031	994	0.1	-0.1	-2.48476
13056031	995	0.1	-0.1	3.99268
13056031	996	0.1	-0.1	4.47679
13056031	997	0.1	-0.1	-0.128528
13056031	998	0.1	-0.1	5.28077
13056031	999	0.1	-0.1	2.71724
13056031	1000	0.1	-0.1	3.53089
