13052039	1	0.1	-0.1	-1.6654
13052039	2	0.1	-0.1	5.21247
13052039	3	0.1	-0.1	5.48899
13052039	4	0.1	-0.1	-3.25764
13052039	5	0.1	-0.1	0.462035
13052039	6	0.1	-0.1	-0.842746
13052039	7	0.1	-0.1	4.08182
13052039	8	0.1	-0.1	-5.1541
13052039	9	0.1	-0.1	2.96768
13052039	10	0.1	-0.1	-2.22219
13052039	11	0.1	-0.1	1.19537
13052039	12	0.1	-0.1	-2.16768
13052039	13	0.1	-0.1	2.0351
13052039	14	0.1	-0.1	5.45288
13052039	15	0.1	-0.1	-3.81742
13052039	16	0.1	-0.1	-2.85499
13052039	17	0.1	-0.1	-4.4281
13052039	18	0.1	-0.1	1.15708
13052039	19	0.1	-0.1	2.25328
13052039	20	0.1	-0.1	3.70357
13052039	21	0.1	-0.1	-1.34165
13052039	22	0.1	-0.1	-5.32565
13052039	23	0.1	-0.1	-5.7244
13052039	24	0.1	-0.1	-2.24042
13052039	25	0.1	-0.1	-2.92872
13052039	26	0.1	-0.1	-5.52432
13052039	27	0.1	-0.1	-2.38645
13052039	28	0.1	-0.1	4.36678
13052039	29	0.1	-0.1	-2.5535
13052039	30	0.1	-0.1	2.97947
13052039	31	0.1	-0.1	1.62212
13052039	32	0.1	-0.1	-2.45737
13052039	33	0.1	-0.1	3.99642
13052039	34	0.1	-0.1	5.98713
13052039	35	0.1	-0.1	-0.535761
13052039	36	0.1	-0.1	4.54289
13052039	37	0.1	-0.1	-3.20615
13052039	38	0.1	-0.1	-0.632403
13052039	39	0.1	-0.1	4.62694
13052039	40	0.1	-0.1	-2.41107
13052039	41	0.1	-0.1	-2.27947
13052039	42	0.1	-0.1	3.21199
13052039	43	0.1	-0.1	1.91361
13052039	44	0.1	-0.1	-3.60469
13052039	45	0.1	-0.1	-1.30492
13052039	46	0.1	-0.1	-1.06401
13052039	47	0.1	-0.1	-2.51792
13052039	48	0.1	-0.1	-5.03048
13052039	49	0.1	-0.1	-5.60407
13052039	50	0.1	-0.1	-5.11024
13052039	51	0.1	-0.1	4.05749
13052039	52	0.1	-0.1	2.7979
13052039	53	0.1	-0.1	-2.4129
13052039	54	0.1	-0.1	-3.16123
13052039	55	0.1	-0.1	5.73461
13052039	56	0.1	-0.1	-1.46611
13052039	57	0.1	-0.1	-5.08332
13052039	58	0.1	-0.1	0.529303
13052039	59	0.1	-0.1	1.57382
13052039	60	0.1	-0.1	4.27841
13052039	61	0.1	-0.1	3.91549
13052039	62	0.1	-0.1	0.800321
13052039	63	0.1	-0.1	3.33603
13052039	64	0.1	-0.1	-1.41719
13052039	65	0.1	-0.1	-5.76522
13052039	66	0.1	-0.1	4.46484
13052039	67	0.1	-0.1	-0.207254
13052039	68	0.1	-0.1	2.49747
13052039	69	0.1	-0.1	-3.21005
13052039	70	0.1	-0.1	-0.590135
13052039	71	0.1	-0.1	2.07757
13052039	72	0.1	-0.1	-0.369544
13052039	73	0.1	-0.1	-5.09363
13052039	74	0.1	-0.1	-5.62156
13052039	75	0.1	-0.1	4.45356
13052039	76	0.1	-0.1	-3.27772
13052039	77	0.1	-0.1	0.255731
13052039	78	0.1	-0.1	-4.63879
13052039	79	0.1	-0.1	-0.946984
13052039	80	0.1	-0.1	5.76934
13052039	81	0.1	-0.1	4.57749
13052039	82	0.1	-0.1	-1.37161
13052039	83	0.1	-0.1	4.78834
13052039	84	0.1	-0.1	-2.89145
13052039	85	0.1	-0.1	-3.63238
13052039	86	0.1	-0.1	0.11533
13052039	87	0.1	-0.1	2.7806
13052039	88	0.1	-0.1	-0.196428
13052039	89	0.1	-0.1	-1.39621
13052039	90	0.1	-0.1	4.92677
13052039	91	0.1	-0.1	4.67743
13052039	92	0.1	-0.1	-4.75917
13052039	93	0.1	-0.1	-1.7524
13052039	94	0.1	-0.1	-3.48977
13052039	95	0.1	-0.1	-3.37533
13052039	96	0.1	-0.1	-2.45652
13052039	97	0.1	-0.1	-1.5772
13052039	98	0.1	-0.1	-3.92815
13052039	99	0.1	-0.1	-4.77
13052039	100	0.1	-0.1	-1.63175
13052039	101	0.1	-0.1	1.71047
13052039	102	0.1	-0.1	2.83306
13052039	103	0.1	-0.1	1.23088
13052039	104	0.1	-0.1	1.25088
13052039	105	0.1	-0.1	3.12648
13052039	106	0.1	-0.1	3.92158
13052039	107	0.1	-0.1	2.79674
13052039	108	0.1	-0.1	3.05232
13052039	109	0.1	-0.1	-0.404359
13052039	110	0.1	-0.1	-3.4916
13052039	111	0.1	-0.1	1.50906
13052039	112	0.1	-0.1	5.49048
13052039	113	0.1	-0.1	4.1983
13052039	114	0.1	-0.1	-3.34583
13052039	115	0.1	-0.1	1.93179
13052039	116	0.1	-0.1	-2.38626
13052039	117	0.1	-0.1	5.66893
13052039	118	0.1	-0.1	4.95018
13052039	119	0.1	-0.1	-3.78325
13052039	120	0.1	-0.1	1.86434
13052039	121	0.1	-0.1	5.072
13052039	122	0.1	-0.1	-3.50761
13052039	123	0.1	-0.1	3.27181
13052039	124	0.1	-0.1	2.60978
13052039	125	0.1	-0.1	0.614508
13052039	126	0.1	-0.1	5.08233
13052039	127	0.1	-0.1	1.14166
13052039	128	0.1	-0.1	-3.79199
13052039	129	0.1	-0.1	5.55069
13052039	130	0.1	-0.1	-4.4268
13052039	131	0.1	-0.1	3.59116
13052039	132	0.1	-0.1	-1.62843
13052039	133	0.1	-0.1	5.20858
13052039	134	0.1	-0.1	-0.229372
13052039	135	0.1	-0.1	-5.87527
13052039	136	0.1	-0.1	3.55354
13052039	137	0.1	-0.1	5.81371
13052039	138	0.1	-0.1	-1.09567
13052039	139	0.1	-0.1	-4.65632
13052039	140	0.1	-0.1	3.49368
13052039	141	0.1	-0.1	0.863913
13052039	142	0.1	-0.1	-1.58502
13052039	143	0.1	-0.1	-0.373561
13052039	144	0.1	-0.1	1.11345
13052039	145	0.1	-0.1	-1.59418
13052039	146	0.1	-0.1	4.89469
13052039	147	0.1	-0.1	-2.5557
13052039	148	0.1	-0.1	0.610046
13052039	149	0.1	-0.1	-5.89126
13052039	150	0.1	-0.1	-3.28104
13052039	151	0.1	-0.1	5.85714
13052039	152	0.1	-0.1	-2.81598
13052039	153	0.1	-0.1	2.33366
13052039	154	0.1	-0.1	5.29032
13052039	155	0.1	-0.1	3.8397
13052039	156	0.1	-0.1	2.30394
13052039	157	0.1	-0.1	-0.380216
13052039	158	0.1	-0.1	-0.923058
13052039	159	0.1	-0.1	4.39082
13052039	160	0.1	-0.1	3.71288
13052039	161	0.1	-0.1	-1.27609
13052039	162	0.1	-0.1	0.34953
13052039	163	0.1	-0.1	-5.36289
13052039	164	0.1	-0.1	2.96227
13052039	165	0.1	-0.1	1.1883
13052039	166	0.1	-0.1	-0.786648
13052039	167	0.1	-0.1	-5.47793
13052039	168	0.1	-0.1	-0.282705
13052039	169	0.1	-0.1	-0.0660811
13052039	170	0.1	-0.1	1.62953
13052039	171	0.1	-0.1	2.15248
13052039	172	0.1	-0.1	-5.11369
13052039	173	0.1	-0.1	-4.17557
13052039	174	0.1	-0.1	-5.66352
13052039	175	0.1	-0.1	4.13188
13052039	176	0.1	-0.1	-4.99662
13052039	177	0.1	-0.1	5.02638
13052039	178	0.1	-0.1	-2.76346
13052039	179	0.1	-0.1	4.35989
13052039	180	0.1	-0.1	5.86996
13052039	181	0.1	-0.1	-0.148625
13052039	182	0.1	-0.1	-4.92789
13052039	183	0.1	-0.1	0.979342
13052039	184	0.1	-0.1	-3.70509
13052039	185	0.1	-0.1	5.22616
13052039	186	0.1	-0.1	3.84255
13052039	187	0.1	-0.1	-5.68212
13052039	188	0.1	-0.1	-5.7328
13052039	189	0.1	-0.1	5.08715
13052039	190	0.1	-0.1	-1.75388
13052039	191	0.1	-0.1	-3.63548
13052039	192	0.1	-0.1	-1.96691
13052039	193	0.1	-0.1	-2.56845
13052039	194	0.1	-0.1	-3.39974
13052039	195	0.1	-0.1	4.85517
13052039	196	0.1	-0.1	-5.37992
13052039	197	0.1	-0.1	0.899222
13052039	198	0.1	-0.1	-4.09726
13052039	199	0.1	-0.1	4.9761
13052039	200	0.1	-0.1	-4.91789
13052039	201	0.1	-0.1	-2.66926
13052039	202	0.1	-0.1	3.30094
13052039	203	0.1	-0.1	-0.529116
13052039	204	0.1	-0.1	-0.478967
13052039	205	0.1	-0.1	-4.60513
13052039	206	0.1	-0.1	-4.20632
13052039	207	0.1	-0.1	-3.34625
13052039	208	0.1	-0.1	2.90004
13052039	209	0.1	-0.1	-5.24477
13052039	210	0.1	-0.1	-0.670427
13052039	211	0.1	-0.1	-5.43104
13052039	212	0.1	-0.1	-5.34509
13052039	213	0.1	-0.1	-2.21435
13052039	214	0.1	-0.1	-4.33339
13052039	215	0.1	-0.1	5.36709
13052039	216	0.1	-0.1	4.2571
13052039	217	0.1	-0.1	5.69949
13052039	218	0.1	-0.1	3.23977
13052039	219	0.1	-0.1	1.81144
13052039	220	0.1	-0.1	5.36661
13052039	221	0.1	-0.1	4.72487
13052039	222	0.1	-0.1	5.38465
13052039	223	0.1	-0.1	3.90386
13052039	224	0.1	-0.1	-1.10014
13052039	225	0.1	-0.1	-2.49804
13052039	226	0.1	-0.1	-1.42749
13052039	227	0.1	-0.1	-1.15611
13052039	228	0.1	-0.1	-3.25431
13052039	229	0.1	-0.1	-3.90917
13052039	230	0.1	-0.1	-3.05684
13052039	231	0.1	-0.1	-2.75107
13052039	232	0.1	-0.1	-1.8976
13052039	233	0.1	-0.1	-4.03975
13052039	234	0.1	-0.1	-0.0977994
13052039	235	0.1	-0.1	-3.84652
13052039	236	0.1	-0.1	1.7349
13052039	237	0.1	-0.1	-3.66443
13052039	238	0.1	-0.1	2.12696
13052039	239	0.1	-0.1	0.176726
13052039	240	0.1	-0.1	2.03781
13052039	241	0.1	-0.1	-1.44087
13052039	242	0.1	-0.1	-4.67974
13052039	243	0.1	-0.1	-0.299271
13052039	244	0.1	-0.1	-3.81397
13052039	245	0.1	-0.1	0.151293
13052039	246	0.1	-0.1	-1.43347
13052039	247	0.1	-0.1	-5.8024
13052039	248	0.1	-0.1	-0.0875133
13052039	249	0.1	-0.1	0.647027
13052039	250	0.1	-0.1	2.28964
13052039	251	0.1	-0.1	2.93093
13052039	252	0.1	-0.1	0.95306
13052039	253	0.1	-0.1	-3.76226
13052039	254	0.1	-0.1	5.62462
13052039	255	0.1	-0.1	4.62738
13052039	256	0.1	-0.1	-2.04818
13052039	257	0.1	-0.1	-1.48989
13052039	258	0.1	-0.1	4.89653
13052039	259	0.1	-0.1	-5.21029
13052039	260	0.1	-0.1	-4.20574
13052039	261	0.1	-0.1	-1.97616
13052039	262	0.1	-0.1	-4.91949
13052039	263	0.1	-0.1	-1.8798
13052039	264	0.1	-0.1	5.02997
13052039	265	0.1	-0.1	-2.84761
13052039	266	0.1	-0.1	3.45589
13052039	267	0.1	-0.1	-3.78677
13052039	268	0.1	-0.1	5.89557
13052039	269	0.1	-0.1	5.10096
13052039	270	0.1	-0.1	-2.53765
13052039	271	0.1	-0.1	1.94954
13052039	272	0.1	-0.1	0.128477
13052039	273	0.1	-0.1	4.47468
13052039	274	0.1	-0.1	5.81503
13052039	275	0.1	-0.1	-5.48773
13052039	276	0.1	-0.1	2.67235
13052039	277	0.1	-0.1	-4.14966
13052039	278	0.1	-0.1	1.44301
13052039	279	0.1	-0.1	-1.5125
13052039	280	0.1	-0.1	-4.5999
13052039	281	0.1	-0.1	5.5798
13052039	282	0.1	-0.1	2.17549
13052039	283	0.1	-0.1	1.07227
13052039	284	0.1	-0.1	-3.26005
13052039	285	0.1	-0.1	-3.414
13052039	286	0.1	-0.1	0.437448
13052039	287	0.1	-0.1	2.11413
13052039	288	0.1	-0.1	-1.259
13052039	289	0.1	-0.1	0.260655
13052039	290	0.1	-0.1	-3.36053
13052039	291	0.1	-0.1	-4.57176
13052039	292	0.1	-0.1	3.2287
13052039	293	0.1	-0.1	5.01334
13052039	294	0.1	-0.1	-5.76402
13052039	295	0.1	-0.1	-4.74136
13052039	296	0.1	-0.1	-4.38197
13052039	297	0.1	-0.1	5.65702
13052039	298	0.1	-0.1	3.50395
13052039	299	0.1	-0.1	5.18848
13052039	300	0.1	-0.1	-4.11751
13052039	301	0.1	-0.1	-3.62362
13052039	302	0.1	-0.1	1.68267
13052039	303	0.1	-0.1	-5.08187
13052039	304	0.1	-0.1	1.6693
13052039	305	0.1	-0.1	2.62977
13052039	306	0.1	-0.1	-3.07794
13052039	307	0.1	-0.1	2.60898
13052039	308	0.1	-0.1	2.33563
13052039	309	0.1	-0.1	-4.29905
13052039	310	0.1	-0.1	1.95644
13052039	311	0.1	-0.1	4.08329
13052039	312	0.1	-0.1	-3.54298
13052039	313	0.1	-0.1	-3.01338
13052039	314	0.1	-0.1	2.38071
13052039	315	0.1	-0.1	5.59738
13052039	316	0.1	-0.1	5.10242
13052039	317	0.1	-0.1	-2.8597
13052039	318	0.1	-0.1	1.38827
13052039	319	0.1	-0.1	2.42099
13052039	320	0.1	-0.1	4.15348
13052039	321	0.1	-0.1	-3.50221
13052039	322	0.1	-0.1	-0.905124
13052039	323	0.1	-0.1	-0.564134
13052039	324	0.1	-0.1	-5.50982
13052039	325	0.1	-0.1	-1.08457
13052039	326	0.1	-0.1	2.11509
13052039	327	0.1	-0.1	-5.98689
13052039	328	0.1	-0.1	-3.9076
13052039	329	0.1	-0.1	-3.55481
13052039	330	0.1	-0.1	3.37678
13052039	331	0.1	-0.1	-1.97104
13052039	332	0.1	-0.1	0.84185
13052039	333	0.1	-0.1	-4.27823
13052039	334	0.1	-0.1	-5.6763
13052039	335	0.1	-0.1	2.97773
13052039	336	0.1	-0.1	2.38598
13052039	337	0.1	-0.1	1.21576
13052039	338	0.1	-0.1	-2.6579
13052039	339	0.1	-0.1	1.5989
13052039	340	0.1	-0.1	-4.13765
13052039	341	0.1	-0.1	-2.20245
13052039	342	0.1	-0.1	-3.2171
13052039	343	0.1	-0.1	5.80371
13052039	344	0.1	-0.1	1.18382
13052039	345	0.1	-0.1	-3.85591
13052039	346	0.1	-0.1	3.96566
13052039	347	0.1	-0.1	-0.707234
13052039	348	0.1	-0.1	-4.10351
13052039	349	0.1	-0.1	2.9512
13052039	350	0.1	-0.1	0.644922
13052039	351	0.1	-0.1	5.41327
13052039	352	0.1	-0.1	2.73018
13052039	353	0.1	-0.1	-2.78816
13052039	354	0.1	-0.1	-4.46468
13052039	355	0.1	-0.1	-4.66763
13052039	356	0.1	-0.1	3.43679
13052039	357	0.1	-0.1	0.876631
13052039	358	0.1	-0.1	-0.7768
13052039	359	0.1	-0.1	-4.44768
13052039	360	0.1	-0.1	-1.42354
13052039	361	0.1	-0.1	2.04674
13052039	362	0.1	-0.1	0.709704
13052039	363	0.1	-0.1	3.55866
13052039	364	0.1	-0.1	-1.39395
13052039	365	0.1	-0.1	3.5284
13052039	366	0.1	-0.1	3.48272
13052039	367	0.1	-0.1	2.5887
13052039	368	0.1	-0.1	2.29444
13052039	369	0.1	-0.1	-4.06971
13052039	370	0.1	-0.1	1.15917
13052039	371	0.1	-0.1	2.97995
13052039	372	0.1	-0.1	1.69836
13052039	373	0.1	-0.1	-1.39333
13052039	374	0.1	-0.1	-2.09922
13052039	375	0.1	-0.1	-1.49628
13052039	376	0.1	-0.1	-2.68518
13052039	377	0.1	-0.1	-2.18271
13052039	378	0.1	-0.1	2.43056
13052039	379	0.1	-0.1	4.37571
13052039	380	0.1	-0.1	-2.85191
13052039	381	0.1	-0.1	4.98467
13052039	382	0.1	-0.1	-4.25672
13052039	383	0.1	-0.1	-4.48354
13052039	384	0.1	-0.1	3.44549
13052039	385	0.1	-0.1	-1.00624
13052039	386	0.1	-0.1	0.796658
13052039	387	0.1	-0.1	4.62931
13052039	388	0.1	-0.1	5.92454
13052039	389	0.1	-0.1	-5.99989
13052039	390	0.1	-0.1	-5.84453
13052039	391	0.1	-0.1	4.76793
13052039	392	0.1	-0.1	-1.40947
13052039	393	0.1	-0.1	-4.19761
13052039	394	0.1	-0.1	-5.37015
13052039	395	0.1	-0.1	0.852255
13052039	396	0.1	-0.1	3.38443
13052039	397	0.1	-0.1	5.83735
13052039	398	0.1	-0.1	-4.36072
13052039	399	0.1	-0.1	2.43679
13052039	400	0.1	-0.1	4.80966
13052039	401	0.1	-0.1	0.66002
13052039	402	0.1	-0.1	4.51687
13052039	403	0.1	-0.1	-1.23689
13052039	404	0.1	-0.1	-5.8834
13052039	405	0.1	-0.1	0.29759
13052039	406	0.1	-0.1	1.50946
13052039	407	0.1	-0.1	4.77483
13052039	408	0.1	-0.1	1.98216
13052039	409	0.1	-0.1	-5.14181
13052039	410	0.1	-0.1	4.56634
13052039	411	0.1	-0.1	4.65196
13052039	412	0.1	-0.1	-5.19269
13052039	413	0.1	-0.1	-2.64239
13052039	414	0.1	-0.1	1.19723
13052039	415	0.1	-0.1	5.72991
13052039	416	0.1	-0.1	0.164368
13052039	417	0.1	-0.1	-0.405767
13052039	418	0.1	-0.1	-0.0386908
13052039	419	0.1	-0.1	-4.8807
13052039	420	0.1	-0.1	0.740229
13052039	421	0.1	-0.1	-2.48738
13052039	422	0.1	-0.1	4.95497
13052039	423	0.1	-0.1	3.16298
13052039	424	0.1	-0.1	1.30037
13052039	425	0.1	-0.1	-1.25514
13052039	426	0.1	-0.1	1.86079
13052039	427	0.1	-0.1	5.48185
13052039	428	0.1	-0.1	1.90367
13052039	429	0.1	-0.1	-0.00837621
13052039	430	0.1	-0.1	1.83317
13052039	431	0.1	-0.1	0.487164
13052039	432	0.1	-0.1	4.82883
13052039	433	0.1	-0.1	3.85181
13052039	434	0.1	-0.1	1.63043
13052039	435	0.1	-0.1	-0.258182
13052039	436	0.1	-0.1	3.39616
13052039	437	0.1	-0.1	-3.17804
13052039	438	0.1	-0.1	-4.31892
13052039	439	0.1	-0.1	-5.19574
13052039	440	0.1	-0.1	-0.328203
13052039	441	0.1	-0.1	-3.00592
13052039	442	0.1	-0.1	-3.15861
13052039	443	0.1	-0.1	-4.60134
13052039	444	0.1	-0.1	4.49349
13052039	445	0.1	-0.1	5.99178
13052039	446	0.1	-0.1	-0.851323
13052039	447	0.1	-0.1	-0.631587
13052039	448	0.1	-0.1	3.92007
13052039	449	0.1	-0.1	3.29791
13052039	450	0.1	-0.1	-4.76448
13052039	451	0.1	-0.1	4.24746
13052039	452	0.1	-0.1	-3.685
13052039	453	0.1	-0.1	4.1327
13052039	454	0.1	-0.1	-1.68263
13052039	455	0.1	-0.1	-2.09548
13052039	456	0.1	-0.1	-1.05921
13052039	457	0.1	-0.1	-5.61656
13052039	458	0.1	-0.1	0.614671
13052039	459	0.1	-0.1	2.95623
13052039	460	0.1	-0.1	2.1882
13052039	461	0.1	-0.1	3.26289
13052039	462	0.1	-0.1	3.00419
13052039	463	0.1	-0.1	1.80701
13052039	464	0.1	-0.1	-2.87389
13052039	465	0.1	-0.1	5.45444
13052039	466	0.1	-0.1	-4.487
13052039	467	0.1	-0.1	-1.05483
13052039	468	0.1	-0.1	-4.40094
13052039	469	0.1	-0.1	3.13691
13052039	470	0.1	-0.1	-2.87607
13052039	471	0.1	-0.1	-0.270145
13052039	472	0.1	-0.1	-0.316981
13052039	473	0.1	-0.1	3.13808
13052039	474	0.1	-0.1	-3.47124
13052039	475	0.1	-0.1	0.648765
13052039	476	0.1	-0.1	4.19252
13052039	477	0.1	-0.1	-1.46848
13052039	478	0.1	-0.1	-3.98995
13052039	479	0.1	-0.1	3.53791
13052039	480	0.1	-0.1	4.77738
13052039	481	0.1	-0.1	3.54858
13052039	482	0.1	-0.1	1.77931
13052039	483	0.1	-0.1	-0.0774754
13052039	484	0.1	-0.1	0.0111308
13052039	485	0.1	-0.1	2.25252
13052039	486	0.1	-0.1	1.80493
13052039	487	0.1	-0.1	-1.54438
13052039	488	0.1	-0.1	-0.12319
13052039	489	0.1	-0.1	5.91023
13052039	490	0.1	-0.1	-4.25505
13052039	491	0.1	-0.1	-3.88484
13052039	492	0.1	-0.1	-3.59327
13052039	493	0.1	-0.1	5.31933
13052039	494	0.1	-0.1	-3.35375
13052039	495	0.1	-0.1	-0.528858
13052039	496	0.1	-0.1	4.59001
13052039	497	0.1	-0.1	0.252001
13052039	498	0.1	-0.1	1.66687
13052039	499	0.1	-0.1	4.15196
13052039	500	0.1	-0.1	3.52046
13052039	501	0.1	-0.1	5.63374
13052039	502	0.1	-0.1	-4.42598
13052039	503	0.1	-0.1	0.55319
13052039	504	0.1	-0.1	0.629019
13052039	505	0.1	-0.1	-3.63449
13052039	506	0.1	-0.1	0.908467
13052039	507	0.1	-0.1	-3.92748
13052039	508	0.1	-0.1	-4.21401
13052039	509	0.1	-0.1	3.26294
13052039	510	0.1	-0.1	-3.27622
13052039	511	0.1	-0.1	3.94608
13052039	512	0.1	-0.1	0.210116
13052039	513	0.1	-0.1	-5.16067
13052039	514	0.1	-0.1	1.30593
13052039	515	0.1	-0.1	-5.53888
13052039	516	0.1	-0.1	1.28682
13052039	517	0.1	-0.1	-2.69969
13052039	518	0.1	-0.1	0.267898
13052039	519	0.1	-0.1	-2.82749
13052039	520	0.1	-0.1	0.570345
13052039	521	0.1	-0.1	-0.6989
13052039	522	0.1	-0.1	-3.95092
13052039	523	0.1	-0.1	-0.304994
13052039	524	0.1	-0.1	-1.75129
13052039	525	0.1	-0.1	-1.88695
13052039	526	0.1	-0.1	2.87351
13052039	527	0.1	-0.1	0.0725789
13052039	528	0.1	-0.1	4.87104
13052039	529	0.1	-0.1	-2.64904
13052039	530	0.1	-0.1	1.96018
13052039	531	0.1	-0.1	5.3404
13052039	532	0.1	-0.1	-5.72706
13052039	533	0.1	-0.1	5.63461
13052039	534	0.1	-0.1	0.0929909
13052039	535	0.1	-0.1	-0.830057
13052039	536	0.1	-0.1	5.565
13052039	537	0.1	-0.1	-2.01371
13052039	538	0.1	-0.1	-2.24266
13052039	539	0.1	-0.1	5.82127
13052039	540	0.1	-0.1	-0.131481
13052039	541	0.1	-0.1	-1.21678
13052039	542	0.1	-0.1	5.30149
13052039	543	0.1	-0.1	-5.01231
13052039	544	0.1	-0.1	0.252168
13052039	545	0.1	-0.1	-4.91
13052039	546	0.1	-0.1	-3.95529
13052039	547	0.1	-0.1	-0.407216
13052039	548	0.1	-0.1	5.58046
13052039	549	0.1	-0.1	1.20515
13052039	550	0.1	-0.1	0.33709
13052039	551	0.1	-0.1	1.86391
13052039	552	0.1	-0.1	2.75449
13052039	553	0.1	-0.1	2.26964
13052039	554	0.1	-0.1	-3.02986
13052039	555	0.1	-0.1	1.84526
13052039	556	0.1	-0.1	-3.16832
13052039	557	0.1	-0.1	-4.95579
13052039	558	0.1	-0.1	1.66788
13052039	559	0.1	-0.1	-3.64577
13052039	560	0.1	-0.1	3.75571
13052039	561	0.1	-0.1	5.44242
13052039	562	0.1	-0.1	1.0678
13052039	563	0.1	-0.1	-3.49687
13052039	564	0.1	-0.1	-4.90585
13052039	565	0.1	-0.1	-0.429224
13052039	566	0.1	-0.1	-2.63753
13052039	567	0.1	-0.1	3.33587
13052039	568	0.1	-0.1	-0.0708197
13052039	569	0.1	-0.1	0.281091
13052039	570	0.1	-0.1	5.11915
13052039	571	0.1	-0.1	2.01162
13052039	572	0.1	-0.1	1.7833
13052039	573	0.1	-0.1	-0.436307
13052039	574	0.1	-0.1	-4.80267
13052039	575	0.1	-0.1	4.77145
13052039	576	0.1	-0.1	-4.42424
13052039	577	0.1	-0.1	2.67421
13052039	578	0.1	-0.1	-3.66972
13052039	579	0.1	-0.1	4.5163
13052039	580	0.1	-0.1	2.59391
13052039	581	0.1	-0.1	3.37287
13052039	582	0.1	-0.1	-5.32577
13052039	583	0.1	-0.1	-2.11994
13052039	584	0.1	-0.1	0.738049
13052039	585	0.1	-0.1	-5.31564
13052039	586	0.1	-0.1	-2.86403
13052039	587	0.1	-0.1	-4.67045
13052039	588	0.1	-0.1	-2.1765
13052039	589	0.1	-0.1	-3.10101
13052039	590	0.1	-0.1	-0.992287
13052039	591	0.1	-0.1	-0.402747
13052039	592	0.1	-0.1	-1.57834
13052039	593	0.1	-0.1	2.68504
13052039	594	0.1	-0.1	4.01499
13052039	595	0.1	-0.1	-2.64097
13052039	596	0.1	-0.1	-1.82429
13052039	597	0.1	-0.1	4.34469
13052039	598	0.1	-0.1	5.36843
13052039	599	0.1	-0.1	-1.99272
13052039	600	0.1	-0.1	-4.81809
13052039	601	0.1	-0.1	5.38639
13052039	602	0.1	-0.1	3.30835
13052039	603	0.1	-0.1	-3.19004
13052039	604	0.1	-0.1	-2.09903
13052039	605	0.1	-0.1	-4.26958
13052039	606	0.1	-0.1	5.57431
13052039	607	0.1	-0.1	0.190427
13052039	608	0.1	-0.1	-0.780085
13052039	609	0.1	-0.1	3.41032
13052039	610	0.1	-0.1	-4.74062
13052039	611	0.1	-0.1	3.95668
13052039	612	0.1	-0.1	-3.04904
13052039	613	0.1	-0.1	-2.69219
13052039	614	0.1	-0.1	-1.96194
13052039	615	0.1	-0.1	-1.55774
13052039	616	0.1	-0.1	-4.62019
13052039	617	0.1	-0.1	-0.0182546
13052039	618	0.1	-0.1	-1.07944
13052039	619	0.1	-0.1	0.731452
13052039	620	0.1	-0.1	2.27062
13052039	621	0.1	-0.1	-4.26746
13052039	622	0.1	-0.1	0.800543
13052039	623	0.1	-0.1	0.536372
13052039	624	0.1	-0.1	-0.0435513
13052039	625	0.1	-0.1	2.7146
13052039	626	0.1	-0.1	-1.24122
13052039	627	0.1	-0.1	3.62268
13052039	628	0.1	-0.1	4.74542
13052039	629	0.1	-0.1	3.23726
13052039	630	0.1	-0.1	3.6152
13052039	631	0.1	-0.1	1.33814
13052039	632	0.1	-0.1	0.771182
13052039	633	0.1	-0.1	4.47809
13052039	634	0.1	-0.1	2.54716
13052039	635	0.1	-0.1	0.370604
13052039	636	0.1	-0.1	-4.77944
13052039	637	0.1	-0.1	5.83045
13052039	638	0.1	-0.1	4.44021
13052039	639	0.1	-0.1	5.97902
13052039	640	0.1	-0.1	-5.89813
13052039	641	0.1	-0.1	4.67982
13052039	642	0.1	-0.1	5.23106
13052039	643	0.1	-0.1	-3.74319
13052039	644	0.1	-0.1	0.309389
13052039	645	0.1	-0.1	0.38418
13052039	646	0.1	-0.1	5.42645
13052039	647	0.1	-0.1	2.57129
13052039	648	0.1	-0.1	3.47339
13052039	649	0.1	-0.1	-0.890806
13052039	650	0.1	-0.1	1.53787
13052039	651	0.1	-0.1	-5.01669
13052039	652	0.1	-0.1	5.51139
13052039	653	0.1	-0.1	-3.85062
13052039	654	0.1	-0.1	-5.40223
13052039	655	0.1	-0.1	1.6722
13052039	656	0.1	-0.1	1.95967
13052039	657	0.1	-0.1	4.31504
13052039	658	0.1	-0.1	-1.02428
13052039	659	0.1	-0.1	-2.57659
13052039	660	0.1	-0.1	0.365237
13052039	661	0.1	-0.1	-0.0617889
13052039	662	0.1	-0.1	3.94487
13052039	663	0.1	-0.1	4.05694
13052039	664	0.1	-0.1	-3.21123
13052039	665	0.1	-0.1	-3.19129
13052039	666	0.1	-0.1	-2.43553
13052039	667	0.1	-0.1	1.51195
13052039	668	0.1	-0.1	-2.49001
13052039	669	0.1	-0.1	-0.448056
13052039	670	0.1	-0.1	4.8107
13052039	671	0.1	-0.1	0.989144
13052039	672	0.1	-0.1	2.83933
13052039	673	0.1	-0.1	4.13879
13052039	674	0.1	-0.1	-3.05607
13052039	675	0.1	-0.1	-2.1214
13052039	676	0.1	-0.1	-0.0846998
13052039	677	0.1	-0.1	0.704339
13052039	678	0.1	-0.1	1.63112
13052039	679	0.1	-0.1	-1.48168
13052039	680	0.1	-0.1	-0.853665
13052039	681	0.1	-0.1	-2.64161
13052039	682	0.1	-0.1	2.16908
13052039	683	0.1	-0.1	-2.65702
13052039	684	0.1	-0.1	0.487544
13052039	685	0.1	-0.1	-3.76641
13052039	686	0.1	-0.1	5.53677
13052039	687	0.1	-0.1	5.62921
13052039	688	0.1	-0.1	-5.29039
13052039	689	0.1	-0.1	-4.57555
13052039	690	0.1	-0.1	-5.69455
13052039	691	0.1	-0.1	3.92894
13052039	692	0.1	-0.1	3.31855
13052039	693	0.1	-0.1	-0.84445
13052039	694	0.1	-0.1	-4.80114
13052039	695	0.1	-0.1	1.67582
13052039	696	0.1	-0.1	4.54573
13052039	697	0.1	-0.1	4.90419
13052039	698	0.1	-0.1	4.01422
13052039	699	0.1	-0.1	-2.56757
13052039	700	0.1	-0.1	0.852608
13052039	701	0.1	-0.1	0.317173
13052039	702	0.1	-0.1	-0.246544
13052039	703	0.1	-0.1	-4.72935
13052039	704	0.1	-0.1	-4.29429
13052039	705	0.1	-0.1	-5.47326
13052039	706	0.1	-0.1	1.59242
13052039	707	0.1	-0.1	1.73234
13052039	708	0.1	-0.1	-2.55317
13052039	709	0.1	-0.1	3.92887
13052039	710	0.1	-0.1	4.45419
13052039	711	0.1	-0.1	4.8702
13052039	712	0.1	-0.1	3.22808
13052039	713	0.1	-0.1	0.683023
13052039	714	0.1	-0.1	0.533527
13052039	715	0.1	-0.1	5.47574
13052039	716	0.1	-0.1	-4.79175
13052039	717	0.1	-0.1	5.65524
13052039	718	0.1	-0.1	-3.59699
13052039	719	0.1	-0.1	-2.03394
13052039	720	0.1	-0.1	2.96035
13052039	721	0.1	-0.1	-3.55278
13052039	722	0.1	-0.1	0.283812
13052039	723	0.1	-0.1	-1.16714
13052039	724	0.1	-0.1	3.11716
13052039	725	0.1	-0.1	-2.04701
13052039	726	0.1	-0.1	3.14019
13052039	727	0.1	-0.1	1.74611
13052039	728	0.1	-0.1	0.253502
13052039	729	0.1	-0.1	0.0323068
13052039	730	0.1	-0.1	5.32731
13052039	731	0.1	-0.1	-4.71819
13052039	732	0.1	-0.1	4.73144
13052039	733	0.1	-0.1	3.58498
13052039	734	0.1	-0.1	2.24224
13052039	735	0.1	-0.1	5.50021
13052039	736	0.1	-0.1	5.00964
13052039	737	0.1	-0.1	-2.89086
13052039	738	0.1	-0.1	-3.68671
13052039	739	0.1	-0.1	-2.0017
13052039	740	0.1	-0.1	0.5827
13052039	741	0.1	-0.1	2.46284
13052039	742	0.1	-0.1	2.95297
13052039	743	0.1	-0.1	-5.51467
13052039	744	0.1	-0.1	-4.61102
13052039	745	0.1	-0.1	4.98818
13052039	746	0.1	-0.1	4.27246
13052039	747	0.1	-0.1	-3.70013
13052039	748	0.1	-0.1	-2.91001
13052039	749	0.1	-0.1	5.10439
13052039	750	0.1	-0.1	0.442198
13052039	751	0.1	-0.1	-2.18711
13052039	752	0.1	-0.1	-2.4439
13052039	753	0.1	-0.1	3.92761
13052039	754	0.1	-0.1	-5.56277
13052039	755	0.1	-0.1	-5.33739
13052039	756	0.1	-0.1	5.33926
13052039	757	0.1	-0.1	3.13397
13052039	758	0.1	-0.1	-5.50335
13052039	759	0.1	-0.1	-2.38278
13052039	760	0.1	-0.1	1.01441
13052039	761	0.1	-0.1	-3.65738
13052039	762	0.1	-0.1	-3.49165
13052039	763	0.1	-0.1	-3.42176
13052039	764	0.1	-0.1	4.13543
13052039	765	0.1	-0.1	2.04744
13052039	766	0.1	-0.1	-3.83957
13052039	767	0.1	-0.1	0.381841
13052039	768	0.1	-0.1	4.32139
13052039	769	0.1	-0.1	-2.35732
13052039	770	0.1	-0.1	4.54964
13052039	771	0.1	-0.1	-5.9538
13052039	772	0.1	-0.1	1.80238
13052039	773	0.1	-0.1	2.44791
13052039	774	0.1	-0.1	1.67608
13052039	775	0.1	-0.1	-0.179863
13052039	776	0.1	-0.1	-5.28957
13052039	777	0.1	-0.1	3.37064
13052039	778	0.1	-0.1	-2.89202
13052039	779	0.1	-0.1	0.293288
13052039	780	0.1	-0.1	-2.79553
13052039	781	0.1	-0.1	-3.70533
13052039	782	0.1	-0.1	3.45921
13052039	783	0.1	-0.1	1.10342
13052039	784	0.1	-0.1	-2.77627
13052039	785	0.1	-0.1	4.19217
13052039	786	0.1	-0.1	5.98576
13052039	787	0.1	-0.1	4.9902
13052039	788	0.1	-0.1	4.84598
13052039	789	0.1	-0.1	4.29569
13052039	790	0.1	-0.1	5.15486
13052039	791	0.1	-0.1	-5.74487
13052039	792	0.1	-0.1	-5.75
13052039	793	0.1	-0.1	2.2941
13052039	794	0.1	-0.1	3.32161
13052039	795	0.1	-0.1	3.11471
13052039	796	0.1	-0.1	4.32364
13052039	797	0.1	-0.1	-1.02299
13052039	798	0.1	-0.1	2.77808
13052039	799	0.1	-0.1	-0.554638
13052039	800	0.1	-0.1	1.08267
13052039	801	0.1	-0.1	1.42844
13052039	802	0.1	-0.1	1.84714
13052039	803	0.1	-0.1	5.58256
13052039	804	0.1	-0.1	3.30623
13052039	805	0.1	-0.1	-0.0572411
13052039	806	0.1	-0.1	-3.54506
13052039	807	0.1	-0.1	-0.510741
13052039	808	0.1	-0.1	4.28932
13052039	809	0.1	-0.1	-3.77618
13052039	810	0.1	-0.1	4.5631
13052039	811	0.1	-0.1	-4.00839
13052039	812	0.1	-0.1	4.0429
13052039	813	0.1	-0.1	2.90065
13052039	814	0.1	-0.1	1.03465
13052039	815	0.1	-0.1	-1.16135
13052039	816	0.1	-0.1	-2.60522
13052039	817	0.1	-0.1	-5.35158
13052039	818	0.1	-0.1	-5.65585
13052039	819	0.1	-0.1	-4.69341
13052039	820	0.1	-0.1	3.05307
13052039	821	0.1	-0.1	-3.06571
13052039	822	0.1	-0.1	-0.734912
13052039	823	0.1	-0.1	-0.860716
13052039	824	0.1	-0.1	4.87297
13052039	825	0.1	-0.1	-1.85298
13052039	826	0.1	-0.1	4.04366
13052039	827	0.1	-0.1	4.07037
13052039	828	0.1	-0.1	-3.96694
13052039	829	0.1	-0.1	-0.387817
13052039	830	0.1	-0.1	3.7897
13052039	831	0.1	-0.1	-2.46359
13052039	832	0.1	-0.1	-2.58756
13052039	833	0.1	-0.1	-3.88191
13052039	834	0.1	-0.1	-5.30083
13052039	835	0.1	-0.1	2.74712
13052039	836	0.1	-0.1	-4.49293
13052039	837	0.1	-0.1	5.3081
13052039	838	0.1	-0.1	1.28115
13052039	839	0.1	-0.1	-5.87556
13052039	840	0.1	-0.1	4.81446
13052039	841	0.1	-0.1	2.15049
13052039	842	0.1	-0.1	-4.59504
13052039	843	0.1	-0.1	0.302801
13052039	844	0.1	-0.1	-2.13867
13052039	845	0.1	-0.1	0.905912
13052039	846	0.1	-0.1	0.543505
13052039	847	0.1	-0.1	-0.33468
13052039	848	0.1	-0.1	1.61885
13052039	849	0.1	-0.1	-0.097951
13052039	850	0.1	-0.1	1.87709
13052039	851	0.1	-0.1	-2.55517
13052039	852	0.1	-0.1	-4.81046
13052039	853	0.1	-0.1	2.53345
13052039	854	0.1	-0.1	-5.33488
13052039	855	0.1	-0.1	-5.56777
13052039	856	0.1	-0.1	4.03527
13052039	857	0.1	-0.1	5.72874
13052039	858	0.1	-0.1	5.32279
13052039	859	0.1	-0.1	-2.64618
13052039	860	0.1	-0.1	-0.446011
13052039	861	0.1	-0.1	-3.77811
13052039	862	0.1	-0.1	3.94966
13052039	863	0.1	-0.1	-5.75684
13052039	864	0.1	-0.1	1.45614
13052039	865	0.1	-0.1	1.71655
13052039	866	0.1	-0.1	-1.57677
13052039	867	0.1	-0.1	-0.0827683
13052039	868	0.1	-0.1	4.09969
13052039	869	0.1	-0.1	-3.50247
13052039	870	0.1	-0.1	-0.295411
13052039	871	0.1	-0.1	-4.15181
13052039	872	0.1	-0.1	-3.77801
13052039	873	0.1	-0.1	-1.66118
13052039	874	0.1	-0.1	0.673765
13052039	875	0.1	-0.1	5.80276
13052039	876	0.1	-0.1	-3.17729
13052039	877	0.1	-0.1	-3.00478
13052039	878	0.1	-0.1	4.69189
13052039	879	0.1	-0.1	-3.00523
13052039	880	0.1	-0.1	5.71415
13052039	881	0.1	-0.1	1.84678
13052039	882	0.1	-0.1	5.78531
13052039	883	0.1	-0.1	1.77364
13052039	884	0.1	-0.1	-1.80699
13052039	885	0.1	-0.1	4.90533
13052039	886	0.1	-0.1	5.57386
13052039	887	0.1	-0.1	-2.15718
13052039	888	0.1	-0.1	-0.361124
13052039	889	0.1	-0.1	0.316768
13052039	890	0.1	-0.1	1.36238
13052039	891	0.1	-0.1	-0.0150596
13052039	892	0.1	-0.1	2.96906
13052039	893	0.1	-0.1	-3.55687
13052039	894	0.1	-0.1	5.67476
13052039	895	0.1	-0.1	-0.328175
13052039	896	0.1	-0.1	-3.27407
13052039	897	0.1	-0.1	-2.3341
13052039	898	0.1	-0.1	-3.36846
13052039	899	0.1	-0.1	4.52947
13052039	900	0.1	-0.1	-2.48392
13052039	901	0.1	-0.1	2.36749
13052039	902	0.1	-0.1	0.822307
13052039	903	0.1	-0.1	2.98458
13052039	904	0.1	-0.1	4.36961
13052039	905	0.1	-0.1	0.467066
13052039	906	0.1	-0.1	-0.238854
13052039	907	0.1	-0.1	-5.84962
13052039	908	0.1	-0.1	1.40183
13052039	909	0.1	-0.1	1.65842
13052039	910	0.1	-0.1	4.73971
13052039	911	0.1	-0.1	0.181086
13052039	912	0.1	-0.1	-5.6185
13052039	913	0.1	-0.1	-2.20388
13052039	914	0.1	-0.1	-0.670651
13052039	915	0.1	-0.1	-2.02022
13052039	916	0.1	-0.1	0.667127
13052039	917	0.1	-0.1	-3.53327
13052039	918	0.1	-0.1	-0.730875
13052039	919	0.1	-0.1	-2.44743
13052039	920	0.1	-0.1	-4.51103
13052039	921	0.1	-0.1	5.37878
13052039	922	0.1	-0.1	1.04143
13052039	923	0.1	-0.1	-4.96933
13052039	924	0.1	-0.1	-0.092588
13052039	925	0.1	-0.1	-4.12807
13052039	926	0.1	-0.1	4.52477
13052039	927	0.1	-0.1	-4.32014
13052039	928	0.1	-0.1	-2.27041
13052039	929	0.1	-0.1	-0.414981
13052039	930	0.1	-0.1	3.33211
13052039	931	0.1	-0.1	-5.75468
13052039	932	0.1	-0.1	3.02502
13052039	933	0.1	-0.1	-5.32947
13052039	934	0.1	-0.1	-2.39713
13052039	935	0.1	-0.1	-5.54599
13052039	936	0.1	-0.1	-3.40882
13052039	937	0.1	-0.1	-5.93991
13052039	938	0.1	-0.1	4.3489
13052039	939	0.1	-0.1	-5.83057
13052039	940	0.1	-0.1	-5.42462
13052039	941	0.1	-0.1	-0.569214
13052039	942	0.1	-0.1	1.77663
13052039	943	0.1	-0.1	0.689129
13052039	944	0.1	-0.1	-1.19127
13052039	945	0.1	-0.1	-4.56603
13052039	946	0.1	-0.1	4.61296
13052039	947	0.1	-0.1	3.36037
13052039	948	0.1	-0.1	5.70439
13052039	949	0.1	-0.1	-1.79446
13052039	950	0.1	-0.1	-1.40954
13052039	951	0.1	-0.1	-1.04388
13052039	952	0.1	-0.1	-3.89888
13052039	953	0.1	-0.1	2.73081
13052039	954	0.1	-0.1	2.65841
13052039	955	0.1	-0.1	5.56512
13052039	956	0.1	-0.1	-0.967034
13052039	957	0.1	-0.1	3.00121
13052039	958	0.1	-0.1	0.63516
13052039	959	0.1	-0.1	-5.03186
13052039	960	0.1	-0.1	-0.997563
13052039	961	0.1	-0.1	1.53907
13052039	962	0.1	-0.1	1.05283
13052039	963	0.1	-0.1	4.64258
13052039	964	0.1	-0.1	-0.27818
13052039	965	0.1	-0.1	4.53976
13052039	966	0.1	-0.1	-5.45285
13052039	967	0.1	-0.1	-5.68782
13052039	968	0.1	-0.1	3.07459
13052039	969	0.1	-0.1	-2.13877
13052039	970	0.1	-0.1	5.24742
13052039	971	0.1	-0.1	1.64976
13052039	972	0.1	-0.1	2.18137
13052039	973	0.1	-0.1	5.82224
13052039	974	0.1	-0.1	1.67583
13052039	975	0.1	-0.1	-3.08056
13052039	976	0.1	-0.1	-2.91106
13052039	977	0.1	-0.1	-0.681525
13052039	978	0.1	-0.1	-0.053153
13052039	979	0.1	-0.1	2.90516
13052039	980	0.1	-0.1	-1.75391
13052039	981	0.1	-0.1	-1.10657
13052039	982	0.1	-0.1	4.29552
13052039	983	0.1	-0.1	-2.2843
13052039	984	0.1	-0.1	2.88913
13052039	985	0.1	-0.1	-5.89816
13052039	986	0.1	-0.1	-5.84139
13052039	987	0.1	-0.1	-1.30214
13052039	988	0.1	-0.1	-3.09999
13052039	989	0.1	-0.1	5.3413
13052039	990	0.1	-0.1	3.16754
13052039	991	0.1	-0.1	4.30033
13052039	992	0.1	-0.1	-1.74044
13052039	993	0.1	-0.1	3.47045
13052039	994	0.1	-0.1	5.394
13052039	995	0.1	-0.1	-4.01187
13052039	996	0.1	-0.1	-5.0324
13052039	997	0.1	-0.1	-5.19111
13052039	998	0.1	-0.1	-5.89039
13052039	999	0.1	-0.1	-0.409233
13052039	1000	0.1	-0.1	-5.83156
