13056011	1	0.1	-0.1	2.87688
13056011	2	0.1	-0.1	-0.807483
13056011	3	0.1	-0.1	5.10296
13056011	4	0.1	-0.1	-5.18554
13056011	5	0.1	-0.1	-5.65613
13056011	6	0.1	-0.1	0.919148
13056011	7	0.1	-0.1	-3.21133
13056011	8	0.1	-0.1	-2.83415
13056011	9	0.1	-0.1	5.46848
13056011	10	0.1	-0.1	4.26193
13056011	11	0.1	-0.1	2.69777
13056011	12	0.1	-0.1	-0.719754
13056011	13	0.1	-0.1	-2.89847
13056011	14	0.1	-0.1	-3.68924
13056011	15	0.1	-0.1	-1.09874
13056011	16	0.1	-0.1	3.35008
13056011	17	0.1	-0.1	5.24149
13056011	18	0.1	-0.1	-5.38173
13056011	19	0.1	-0.1	-4.67568
13056011	20	0.1	-0.1	-2.11932
13056011	21	0.1	-0.1	1.53697
13056011	22	0.1	-0.1	5.48509
13056011	23	0.1	-0.1	4.09944
13056011	24	0.1	-0.1	1.18929
13056011	25	0.1	-0.1	-4.28098
13056011	26	0.1	-0.1	2.79123
13056011	27	0.1	-0.1	5.12371
13056011	28	0.1	-0.1	-5.93522
13056011	29	0.1	-0.1	5.88766
13056011	30	0.1	-0.1	-1.51361
13056011	31	0.1	-0.1	-1.11715
13056011	32	0.1	-0.1	4.57892
13056011	33	0.1	-0.1	-1.58452
13056011	34	0.1	-0.1	-1.83164
13056011	35	0.1	-0.1	0.179902
13056011	36	0.1	-0.1	2.68257
13056011	37	0.1	-0.1	2.11682
13056011	38	0.1	-0.1	-0.862976
13056011	39	0.1	-0.1	1.99089
13056011	40	0.1	-0.1	-4.48108
13056011	41	0.1	-0.1	4.26916
13056011	42	0.1	-0.1	4.4669
13056011	43	0.1	-0.1	4.25397
13056011	44	0.1	-0.1	-5.83445
13056011	45	0.1	-0.1	-2.62369
13056011	46	0.1	-0.1	4.84116
13056011	47	0.1	-0.1	3.99608
13056011	48	0.1	-0.1	-4.16937
13056011	49	0.1	-0.1	-4.03244
13056011	50	0.1	-0.1	0.917138
13056011	51	0.1	-0.1	2.18095
13056011	52	0.1	-0.1	2.09324
13056011	53	0.1	-0.1	-2.47525
13056011	54	0.1	-0.1	-2.20131
13056011	55	0.1	-0.1	-0.621853
13056011	56	0.1	-0.1	-3.63683
13056011	57	0.1	-0.1	0.00145332
13056011	58	0.1	-0.1	-4.38738
13056011	59	0.1	-0.1	-2.28196
13056011	60	0.1	-0.1	0.272381
13056011	61	0.1	-0.1	-0.100338
13056011	62	0.1	-0.1	-3.73809
13056011	63	0.1	-0.1	5.48306
13056011	64	0.1	-0.1	-3.40391
13056011	65	0.1	-0.1	-5.88837
13056011	66	0.1	-0.1	-1.84889
13056011	67	0.1	-0.1	3.89833
13056011	68	0.1	-0.1	4.10719
13056011	69	0.1	-0.1	2.85995
13056011	70	0.1	-0.1	4.62596
13056011	71	0.1	-0.1	2.34973
13056011	72	0.1	-0.1	-1.44408
13056011	73	0.1	-0.1	2.56081
13056011	74	0.1	-0.1	5.94892
13056011	75	0.1	-0.1	1.40516
13056011	76	0.1	-0.1	-1.05058
13056011	77	0.1	-0.1	3.85717
13056011	78	0.1	-0.1	1.75976
13056011	79	0.1	-0.1	-1.36057
13056011	80	0.1	-0.1	1.43776
13056011	81	0.1	-0.1	-0.600297
13056011	82	0.1	-0.1	3.10834
13056011	83	0.1	-0.1	2.57301
13056011	84	0.1	-0.1	-4.96315
13056011	85	0.1	-0.1	5.81689
13056011	86	0.1	-0.1	-5.1363
13056011	87	0.1	-0.1	3.86571
13056011	88	0.1	-0.1	1.65779
13056011	89	0.1	-0.1	2.36428
13056011	90	0.1	-0.1	2.66547
13056011	91	0.1	-0.1	4.09256
13056011	92	0.1	-0.1	-4.7598
13056011	93	0.1	-0.1	-4.23593
13056011	94	0.1	-0.1	4.11202
13056011	95	0.1	-0.1	0.530226
13056011	96	0.1	-0.1	-1.83002
13056011	97	0.1	-0.1	3.90925
13056011	98	0.1	-0.1	2.63336
13056011	99	0.1	-0.1	-5.15736
13056011	100	0.1	-0.1	2.16853
13056011	101	0.1	-0.1	-5.6572
13056011	102	0.1	-0.1	-4.6771
13056011	103	0.1	-0.1	-0.797984
13056011	104	0.1	-0.1	1.81498
13056011	105	0.1	-0.1	-2.26866
13056011	106	0.1	-0.1	-4.53835
13056011	107	0.1	-0.1	-2.27205
13056011	108	0.1	-0.1	3.72215
13056011	109	0.1	-0.1	-5.76313
13056011	110	0.1	-0.1	-4.59504
13056011	111	0.1	-0.1	-1.82976
13056011	112	0.1	-0.1	-4.71306
13056011	113	0.1	-0.1	-4.3946
13056011	114	0.1	-0.1	5.60588
13056011	115	0.1	-0.1	-1.33065
13056011	116	0.1	-0.1	1.51257
13056011	117	0.1	-0.1	4.8808
13056011	118	0.1	-0.1	0.894075
13056011	119	0.1	-0.1	-0.867092
13056011	120	0.1	-0.1	-0.846489
13056011	121	0.1	-0.1	2.79336
13056011	122	0.1	-0.1	-3.78043
13056011	123	0.1	-0.1	1.98838
13056011	124	0.1	-0.1	0.119407
13056011	125	0.1	-0.1	4.22026
13056011	126	0.1	-0.1	-5.72183
13056011	127	0.1	-0.1	-4.69974
13056011	128	0.1	-0.1	2.2016
13056011	129	0.1	-0.1	0.855079
13056011	130	0.1	-0.1	-3.60932
13056011	131	0.1	-0.1	-2.67618
13056011	132	0.1	-0.1	-0.575581
13056011	133	0.1	-0.1	-2.96506
13056011	134	0.1	-0.1	-4.84866
13056011	135	0.1	-0.1	2.07412
13056011	136	0.1	-0.1	5.35179
13056011	137	0.1	-0.1	4.21676
13056011	138	0.1	-0.1	5.66276
13056011	139	0.1	-0.1	5.84617
13056011	140	0.1	-0.1	-5.46013
13056011	141	0.1	-0.1	-3.71319
13056011	142	0.1	-0.1	-0.442994
13056011	143	0.1	-0.1	4.03031
13056011	144	0.1	-0.1	3.68172
13056011	145	0.1	-0.1	0.0659309
13056011	146	0.1	-0.1	0.701126
13056011	147	0.1	-0.1	0.232586
13056011	148	0.1	-0.1	1.16794
13056011	149	0.1	-0.1	2.77432
13056011	150	0.1	-0.1	-4.31384
13056011	151	0.1	-0.1	4.11987
13056011	152	0.1	-0.1	2.91455
13056011	153	0.1	-0.1	2.88253
13056011	154	0.1	-0.1	2.43426
13056011	155	0.1	-0.1	-4.23198
13056011	156	0.1	-0.1	4.06479
13056011	157	0.1	-0.1	0.660256
13056011	158	0.1	-0.1	3.91754
13056011	159	0.1	-0.1	-1.80191
13056011	160	0.1	-0.1	-1.2118
13056011	161	0.1	-0.1	-0.701643
13056011	162	0.1	-0.1	-1.1445
13056011	163	0.1	-0.1	-3.00482
13056011	164	0.1	-0.1	2.27754
13056011	165	0.1	-0.1	-0.28322
13056011	166	0.1	-0.1	-0.905644
13056011	167	0.1	-0.1	-4.95274
13056011	168	0.1	-0.1	4.1099
13056011	169	0.1	-0.1	-1.3957
13056011	170	0.1	-0.1	3.69496
13056011	171	0.1	-0.1	5.42344
13056011	172	0.1	-0.1	-5.29614
13056011	173	0.1	-0.1	-1.11395
13056011	174	0.1	-0.1	-1.06045
13056011	175	0.1	-0.1	-3.57895
13056011	176	0.1	-0.1	3.74575
13056011	177	0.1	-0.1	-4.00629
13056011	178	0.1	-0.1	-4.88383
13056011	179	0.1	-0.1	0.512216
13056011	180	0.1	-0.1	0.25003
13056011	181	0.1	-0.1	-4.72019
13056011	182	0.1	-0.1	5.99487
13056011	183	0.1	-0.1	4.94012
13056011	184	0.1	-0.1	-1.05591
13056011	185	0.1	-0.1	-5.0771
13056011	186	0.1	-0.1	-5.72133
13056011	187	0.1	-0.1	-5.76235
13056011	188	0.1	-0.1	4.20238
13056011	189	0.1	-0.1	-0.77176
13056011	190	0.1	-0.1	5.38831
13056011	191	0.1	-0.1	-0.20244
13056011	192	0.1	-0.1	-4.99395
13056011	193	0.1	-0.1	3.41299
13056011	194	0.1	-0.1	0.144342
13056011	195	0.1	-0.1	-3.31872
13056011	196	0.1	-0.1	-4.87827
13056011	197	0.1	-0.1	-2.52875
13056011	198	0.1	-0.1	-3.76197
13056011	199	0.1	-0.1	-1.42939
13056011	200	0.1	-0.1	-3.78786
13056011	201	0.1	-0.1	2.36789
13056011	202	0.1	-0.1	-0.995442
13056011	203	0.1	-0.1	2.8642
13056011	204	0.1	-0.1	-2.43866
13056011	205	0.1	-0.1	-4.3235
13056011	206	0.1	-0.1	-1.72569
13056011	207	0.1	-0.1	-0.358415
13056011	208	0.1	-0.1	3.43323
13056011	209	0.1	-0.1	-1.71318
13056011	210	0.1	-0.1	-2.48739
13056011	211	0.1	-0.1	2.73444
13056011	212	0.1	-0.1	-5.35698
13056011	213	0.1	-0.1	-4.31011
13056011	214	0.1	-0.1	0.399878
13056011	215	0.1	-0.1	-2.34385
13056011	216	0.1	-0.1	-2.79683
13056011	217	0.1	-0.1	-3.42072
13056011	218	0.1	-0.1	2.6671
13056011	219	0.1	-0.1	3.51097
13056011	220	0.1	-0.1	-0.454467
13056011	221	0.1	-0.1	-0.716182
13056011	222	0.1	-0.1	-0.213896
13056011	223	0.1	-0.1	3.01224
13056011	224	0.1	-0.1	-5.62746
13056011	225	0.1	-0.1	0.0546379
13056011	226	0.1	-0.1	-5.31037
13056011	227	0.1	-0.1	-5.67962
13056011	228	0.1	-0.1	3.79065
13056011	229	0.1	-0.1	5.26506
13056011	230	0.1	-0.1	-0.648884
13056011	231	0.1	-0.1	3.17748
13056011	232	0.1	-0.1	0.0158505
13056011	233	0.1	-0.1	-4.5922
13056011	234	0.1	-0.1	-3.65593
13056011	235	0.1	-0.1	-1.34177
13056011	236	0.1	-0.1	-0.157462
13056011	237	0.1	-0.1	1.30334
13056011	238	0.1	-0.1	-1.91498
13056011	239	0.1	-0.1	-3.07448
13056011	240	0.1	-0.1	1.54532
13056011	241	0.1	-0.1	-2.09358
13056011	242	0.1	-0.1	-3.39194
13056011	243	0.1	-0.1	-1.63177
13056011	244	0.1	-0.1	1.95227
13056011	245	0.1	-0.1	-4.64595
13056011	246	0.1	-0.1	0.189898
13056011	247	0.1	-0.1	-5.50245
13056011	248	0.1	-0.1	-3.86596
13056011	249	0.1	-0.1	2.07355
13056011	250	0.1	-0.1	-4.09357
13056011	251	0.1	-0.1	-1.56656
13056011	252	0.1	-0.1	-3.94762
13056011	253	0.1	-0.1	-1.522
13056011	254	0.1	-0.1	4.87475
13056011	255	0.1	-0.1	0.20491
13056011	256	0.1	-0.1	1.34232
13056011	257	0.1	-0.1	3.13914
13056011	258	0.1	-0.1	3.25057
13056011	259	0.1	-0.1	-1.77181
13056011	260	0.1	-0.1	-4.71404
13056011	261	0.1	-0.1	-4.87717
13056011	262	0.1	-0.1	-1.00835
13056011	263	0.1	-0.1	-5.84957
13056011	264	0.1	-0.1	3.83332
13056011	265	0.1	-0.1	2.51491
13056011	266	0.1	-0.1	-3.90295
13056011	267	0.1	-0.1	1.45374
13056011	268	0.1	-0.1	3.91498
13056011	269	0.1	-0.1	1.29035
13056011	270	0.1	-0.1	4.72789
13056011	271	0.1	-0.1	4.20194
13056011	272	0.1	-0.1	5.21008
13056011	273	0.1	-0.1	-1.87693
13056011	274	0.1	-0.1	4.45926
13056011	275	0.1	-0.1	3.24314
13056011	276	0.1	-0.1	3.06767
13056011	277	0.1	-0.1	3.93473
13056011	278	0.1	-0.1	-0.787268
13056011	279	0.1	-0.1	1.59972
13056011	280	0.1	-0.1	3.77057
13056011	281	0.1	-0.1	-3.18266
13056011	282	0.1	-0.1	4.63977
13056011	283	0.1	-0.1	-5.68099
13056011	284	0.1	-0.1	-2.66101
13056011	285	0.1	-0.1	-5.89735
13056011	286	0.1	-0.1	-0.986028
13056011	287	0.1	-0.1	-4.45422
13056011	288	0.1	-0.1	-3.54794
13056011	289	0.1	-0.1	-2.75113
13056011	290	0.1	-0.1	5.85754
13056011	291	0.1	-0.1	3.75275
13056011	292	0.1	-0.1	-0.836746
13056011	293	0.1	-0.1	3.69631
13056011	294	0.1	-0.1	2.68418
13056011	295	0.1	-0.1	-4.72682
13056011	296	0.1	-0.1	3.88621
13056011	297	0.1	-0.1	3.45321
13056011	298	0.1	-0.1	-4.83998
13056011	299	0.1	-0.1	-4.3854
13056011	300	0.1	-0.1	1.63626
13056011	301	0.1	-0.1	3.0086
13056011	302	0.1	-0.1	-5.47481
13056011	303	0.1	-0.1	4.64754
13056011	304	0.1	-0.1	-2.67334
13056011	305	0.1	-0.1	3.16413
13056011	306	0.1	-0.1	-5.12489
13056011	307	0.1	-0.1	-4.6372
13056011	308	0.1	-0.1	-5.92818
13056011	309	0.1	-0.1	-4.57541
13056011	310	0.1	-0.1	5.90025
13056011	311	0.1	-0.1	0.843524
13056011	312	0.1	-0.1	4.86386
13056011	313	0.1	-0.1	-5.40958
13056011	314	0.1	-0.1	-3.08385
13056011	315	0.1	-0.1	4.6165
13056011	316	0.1	-0.1	2.85318
13056011	317	0.1	-0.1	5.77219
13056011	318	0.1	-0.1	-0.853566
13056011	319	0.1	-0.1	1.69489
13056011	320	0.1	-0.1	2.02053
13056011	321	0.1	-0.1	0.859387
13056011	322	0.1	-0.1	-5.49733
13056011	323	0.1	-0.1	-2.60472
13056011	324	0.1	-0.1	4.27343
13056011	325	0.1	-0.1	2.02618
13056011	326	0.1	-0.1	-2.36752
13056011	327	0.1	-0.1	-4.11797
13056011	328	0.1	-0.1	2.15298
13056011	329	0.1	-0.1	1.6022
13056011	330	0.1	-0.1	3.76384
13056011	331	0.1	-0.1	-4.58644
13056011	332	0.1	-0.1	-0.294496
13056011	333	0.1	-0.1	1.00511
13056011	334	0.1	-0.1	3.92062
13056011	335	0.1	-0.1	-5.14021
13056011	336	0.1	-0.1	-3.40219
13056011	337	0.1	-0.1	-2.70977
13056011	338	0.1	-0.1	2.71607
13056011	339	0.1	-0.1	1.87649
13056011	340	0.1	-0.1	2.02749
13056011	341	0.1	-0.1	-3.15984
13056011	342	0.1	-0.1	1.302
13056011	343	0.1	-0.1	-0.513806
13056011	344	0.1	-0.1	3.13377
13056011	345	0.1	-0.1	4.02018
13056011	346	0.1	-0.1	3.77468
13056011	347	0.1	-0.1	1.40091
13056011	348	0.1	-0.1	-0.594497
13056011	349	0.1	-0.1	-4.13967
13056011	350	0.1	-0.1	-4.75578
13056011	351	0.1	-0.1	4.55643
13056011	352	0.1	-0.1	-5.44618
13056011	353	0.1	-0.1	-0.910138
13056011	354	0.1	-0.1	1.78861
13056011	355	0.1	-0.1	3.19018
13056011	356	0.1	-0.1	2.37242
13056011	357	0.1	-0.1	-2.14326
13056011	358	0.1	-0.1	-2.3327
13056011	359	0.1	-0.1	-0.673041
13056011	360	0.1	-0.1	0.350666
13056011	361	0.1	-0.1	-5.85272
13056011	362	0.1	-0.1	0.897231
13056011	363	0.1	-0.1	-1.68858
13056011	364	0.1	-0.1	-3.23766
13056011	365	0.1	-0.1	-1.02035
13056011	366	0.1	-0.1	5.10117
13056011	367	0.1	-0.1	5.61824
13056011	368	0.1	-0.1	3.96937
13056011	369	0.1	-0.1	3.90752
13056011	370	0.1	-0.1	-0.0449525
13056011	371	0.1	-0.1	-0.562613
13056011	372	0.1	-0.1	4.16139
13056011	373	0.1	-0.1	3.53972
13056011	374	0.1	-0.1	3.48187
13056011	375	0.1	-0.1	-0.429123
13056011	376	0.1	-0.1	-4.80548
13056011	377	0.1	-0.1	-1.24312
13056011	378	0.1	-0.1	0.14855
13056011	379	0.1	-0.1	-0.465917
13056011	380	0.1	-0.1	0.8001
13056011	381	0.1	-0.1	-4.3888
13056011	382	0.1	-0.1	2.46186
13056011	383	0.1	-0.1	4.88051
13056011	384	0.1	-0.1	-2.42096
13056011	385	0.1	-0.1	-2.68643
13056011	386	0.1	-0.1	-1.79715
13056011	387	0.1	-0.1	-2.05431
13056011	388	0.1	-0.1	-3.37826
13056011	389	0.1	-0.1	4.87459
13056011	390	0.1	-0.1	4.69612
13056011	391	0.1	-0.1	-5.81612
13056011	392	0.1	-0.1	4.00083
13056011	393	0.1	-0.1	-0.652131
13056011	394	0.1	-0.1	-3.2579
13056011	395	0.1	-0.1	-3.35816
13056011	396	0.1	-0.1	0.755152
13056011	397	0.1	-0.1	0.419605
13056011	398	0.1	-0.1	-3.13264
13056011	399	0.1	-0.1	4.21325
13056011	400	0.1	-0.1	5.96718
13056011	401	0.1	-0.1	-1.94049
13056011	402	0.1	-0.1	3.94236
13056011	403	0.1	-0.1	1.61745
13056011	404	0.1	-0.1	5.73394
13056011	405	0.1	-0.1	3.56986
13056011	406	0.1	-0.1	-0.0974613
13056011	407	0.1	-0.1	-1.03301
13056011	408	0.1	-0.1	-5.72825
13056011	409	0.1	-0.1	1.73753
13056011	410	0.1	-0.1	-4.62294
13056011	411	0.1	-0.1	-1.64793
13056011	412	0.1	-0.1	-2.60296
13056011	413	0.1	-0.1	-2.91268
13056011	414	0.1	-0.1	-1.31741
13056011	415	0.1	-0.1	-1.22397
13056011	416	0.1	-0.1	-1.13289
13056011	417	0.1	-0.1	-0.192161
13056011	418	0.1	-0.1	-5.85498
13056011	419	0.1	-0.1	-1.3755
13056011	420	0.1	-0.1	0.726268
13056011	421	0.1	-0.1	-2.41729
13056011	422	0.1	-0.1	-3.06393
13056011	423	0.1	-0.1	5.72913
13056011	424	0.1	-0.1	5.62605
13056011	425	0.1	-0.1	2.87559
13056011	426	0.1	-0.1	5.38944
13056011	427	0.1	-0.1	0.851159
13056011	428	0.1	-0.1	-0.639548
13056011	429	0.1	-0.1	3.59039
13056011	430	0.1	-0.1	5.52835
13056011	431	0.1	-0.1	-5.1188
13056011	432	0.1	-0.1	-5.67617
13056011	433	0.1	-0.1	2.35175
13056011	434	0.1	-0.1	-5.27911
13056011	435	0.1	-0.1	-5.39858
13056011	436	0.1	-0.1	-0.570065
13056011	437	0.1	-0.1	4.05064
13056011	438	0.1	-0.1	3.29191
13056011	439	0.1	-0.1	3.48243
13056011	440	0.1	-0.1	-3.07928
13056011	441	0.1	-0.1	-0.726496
13056011	442	0.1	-0.1	4.97848
13056011	443	0.1	-0.1	-0.499017
13056011	444	0.1	-0.1	-0.740746
13056011	445	0.1	-0.1	-1.00696
13056011	446	0.1	-0.1	-1.8791
13056011	447	0.1	-0.1	5.41355
13056011	448	0.1	-0.1	3.21943
13056011	449	0.1	-0.1	2.30513
13056011	450	0.1	-0.1	-1.65089
13056011	451	0.1	-0.1	0.363424
13056011	452	0.1	-0.1	5.41747
13056011	453	0.1	-0.1	2.76332
13056011	454	0.1	-0.1	-2.14429
13056011	455	0.1	-0.1	-0.392028
13056011	456	0.1	-0.1	-3.65574
13056011	457	0.1	-0.1	-5.25351
13056011	458	0.1	-0.1	1.32236
13056011	459	0.1	-0.1	2.46082
13056011	460	0.1	-0.1	0.80586
13056011	461	0.1	-0.1	-5.62819
13056011	462	0.1	-0.1	4.99726
13056011	463	0.1	-0.1	1.89271
13056011	464	0.1	-0.1	-5.45951
13056011	465	0.1	-0.1	-4.06889
13056011	466	0.1	-0.1	-5.00432
13056011	467	0.1	-0.1	0.665422
13056011	468	0.1	-0.1	2.1047
13056011	469	0.1	-0.1	-4.07874
13056011	470	0.1	-0.1	2.46859
13056011	471	0.1	-0.1	-1.91821
13056011	472	0.1	-0.1	3.83979
13056011	473	0.1	-0.1	-0.751372
13056011	474	0.1	-0.1	-3.90896
13056011	475	0.1	-0.1	1.84186
13056011	476	0.1	-0.1	-0.362593
13056011	477	0.1	-0.1	1.97458
13056011	478	0.1	-0.1	2.08372
13056011	479	0.1	-0.1	-3.85505
13056011	480	0.1	-0.1	4.77956
13056011	481	0.1	-0.1	-4.52825
13056011	482	0.1	-0.1	-1.54244
13056011	483	0.1	-0.1	-5.76591
13056011	484	0.1	-0.1	-3.95569
13056011	485	0.1	-0.1	5.34597
13056011	486	0.1	-0.1	-2.45369
13056011	487	0.1	-0.1	-0.17116
13056011	488	0.1	-0.1	-1.10634
13056011	489	0.1	-0.1	-4.48468
13056011	490	0.1	-0.1	1.54603
13056011	491	0.1	-0.1	3.91122
13056011	492	0.1	-0.1	-1.56942
13056011	493	0.1	-0.1	-3.85164
13056011	494	0.1	-0.1	0.418215
13056011	495	0.1	-0.1	4.71406
13056011	496	0.1	-0.1	-5.44193
13056011	497	0.1	-0.1	3.05605
13056011	498	0.1	-0.1	5.55137
13056011	499	0.1	-0.1	-2.02452
13056011	500	0.1	-0.1	2.68522
13056011	501	0.1	-0.1	-4.86016
13056011	502	0.1	-0.1	-0.178935
13056011	503	0.1	-0.1	-2.66449
13056011	504	0.1	-0.1	-0.415904
13056011	505	0.1	-0.1	-2.33705
13056011	506	0.1	-0.1	-3.47788
13056011	507	0.1	-0.1	4.09585
13056011	508	0.1	-0.1	5.03078
13056011	509	0.1	-0.1	-4.86248
13056011	510	0.1	-0.1	-5.04316
13056011	511	0.1	-0.1	2.00741
13056011	512	0.1	-0.1	-2.0801
13056011	513	0.1	-0.1	1.96897
13056011	514	0.1	-0.1	-1.28977
13056011	515	0.1	-0.1	2.7628
13056011	516	0.1	-0.1	4.45776
13056011	517	0.1	-0.1	5.3151
13056011	518	0.1	-0.1	0.930075
13056011	519	0.1	-0.1	0.214335
13056011	520	0.1	-0.1	-5.44005
13056011	521	0.1	-0.1	-3.03547
13056011	522	0.1	-0.1	-2.65059
13056011	523	0.1	-0.1	-0.538519
13056011	524	0.1	-0.1	3.52645
13056011	525	0.1	-0.1	-5.07511
13056011	526	0.1	-0.1	-2.91014
13056011	527	0.1	-0.1	3.54294
13056011	528	0.1	-0.1	-2.17012
13056011	529	0.1	-0.1	-1.55263
13056011	530	0.1	-0.1	-0.890198
13056011	531	0.1	-0.1	-2.7244
13056011	532	0.1	-0.1	1.57967
13056011	533	0.1	-0.1	-2.29425
13056011	534	0.1	-0.1	-5.44574
13056011	535	0.1	-0.1	-4.38642
13056011	536	0.1	-0.1	-4.1327
13056011	537	0.1	-0.1	-0.326292
13056011	538	0.1	-0.1	-4.76498
13056011	539	0.1	-0.1	-1.03237
13056011	540	0.1	-0.1	3.52182
13056011	541	0.1	-0.1	-5.74885
13056011	542	0.1	-0.1	-5.01825
13056011	543	0.1	-0.1	3.86945
13056011	544	0.1	-0.1	-2.90261
13056011	545	0.1	-0.1	-0.258046
13056011	546	0.1	-0.1	-4.87694
13056011	547	0.1	-0.1	4.17056
13056011	548	0.1	-0.1	3.05774
13056011	549	0.1	-0.1	-1.19273
13056011	550	0.1	-0.1	-1.26733
13056011	551	0.1	-0.1	0.613153
13056011	552	0.1	-0.1	-5.02028
13056011	553	0.1	-0.1	-5.78641
13056011	554	0.1	-0.1	2.03192
13056011	555	0.1	-0.1	1.77819
13056011	556	0.1	-0.1	4.43216
13056011	557	0.1	-0.1	1.21448
13056011	558	0.1	-0.1	0.658679
13056011	559	0.1	-0.1	2.03008
13056011	560	0.1	-0.1	4.27305
13056011	561	0.1	-0.1	-2.75986
13056011	562	0.1	-0.1	-1.92346
13056011	563	0.1	-0.1	2.52167
13056011	564	0.1	-0.1	-3.92877
13056011	565	0.1	-0.1	-2.11388
13056011	566	0.1	-0.1	-0.448239
13056011	567	0.1	-0.1	5.49027
13056011	568	0.1	-0.1	1.62765
13056011	569	0.1	-0.1	-2.39418
13056011	570	0.1	-0.1	1.38027
13056011	571	0.1	-0.1	1.79363
13056011	572	0.1	-0.1	5.52187
13056011	573	0.1	-0.1	-4.06663
13056011	574	0.1	-0.1	-2.75163
13056011	575	0.1	-0.1	-4.48076
13056011	576	0.1	-0.1	2.887
13056011	577	0.1	-0.1	0.348822
13056011	578	0.1	-0.1	-2.30241
13056011	579	0.1	-0.1	-2.40631
13056011	580	0.1	-0.1	0.184814
13056011	581	0.1	-0.1	4.45499
13056011	582	0.1	-0.1	-3.01989
13056011	583	0.1	-0.1	-1.39706
13056011	584	0.1	-0.1	0.949043
13056011	585	0.1	-0.1	-2.37024
13056011	586	0.1	-0.1	0.597184
13056011	587	0.1	-0.1	4.5591
13056011	588	0.1	-0.1	-4.52106
13056011	589	0.1	-0.1	-2.2817
13056011	590	0.1	-0.1	-1.60951
13056011	591	0.1	-0.1	0.625508
13056011	592	0.1	-0.1	2.66555
13056011	593	0.1	-0.1	-1.1644
13056011	594	0.1	-0.1	5.78252
13056011	595	0.1	-0.1	3.22814
13056011	596	0.1	-0.1	-4.74292
13056011	597	0.1	-0.1	-4.95339
13056011	598	0.1	-0.1	-4.93789
13056011	599	0.1	-0.1	0.24925
13056011	600	0.1	-0.1	5.06359
13056011	601	0.1	-0.1	5.37027
13056011	602	0.1	-0.1	-1.99517
13056011	603	0.1	-0.1	-0.0821174
13056011	604	0.1	-0.1	1.22921
13056011	605	0.1	-0.1	-5.90098
13056011	606	0.1	-0.1	1.88728
13056011	607	0.1	-0.1	0.907718
13056011	608	0.1	-0.1	1.13203
13056011	609	0.1	-0.1	1.97189
13056011	610	0.1	-0.1	-4.26246
13056011	611	0.1	-0.1	3.99705
13056011	612	0.1	-0.1	2.36882
13056011	613	0.1	-0.1	-0.311596
13056011	614	0.1	-0.1	4.34975
13056011	615	0.1	-0.1	-0.136659
13056011	616	0.1	-0.1	-0.130655
13056011	617	0.1	-0.1	-5.75653
13056011	618	0.1	-0.1	3.32542
13056011	619	0.1	-0.1	5.2119
13056011	620	0.1	-0.1	5.59191
13056011	621	0.1	-0.1	5.94214
13056011	622	0.1	-0.1	-1.51626
13056011	623	0.1	-0.1	-3.63426
13056011	624	0.1	-0.1	-0.601569
13056011	625	0.1	-0.1	2.74364
13056011	626	0.1	-0.1	-0.223558
13056011	627	0.1	-0.1	1.71716
13056011	628	0.1	-0.1	-3.13264
13056011	629	0.1	-0.1	-1.11656
13056011	630	0.1	-0.1	-0.850131
13056011	631	0.1	-0.1	-5.99201
13056011	632	0.1	-0.1	0.926593
13056011	633	0.1	-0.1	3.22977
13056011	634	0.1	-0.1	2.11704
13056011	635	0.1	-0.1	2.94575
13056011	636	0.1	-0.1	0.282274
13056011	637	0.1	-0.1	0.731129
13056011	638	0.1	-0.1	-1.43083
13056011	639	0.1	-0.1	-4.68604
13056011	640	0.1	-0.1	0.0165432
13056011	641	0.1	-0.1	4.47364
13056011	642	0.1	-0.1	-1.16138
13056011	643	0.1	-0.1	4.64519
13056011	644	0.1	-0.1	-0.504124
13056011	645	0.1	-0.1	-5.88689
13056011	646	0.1	-0.1	3.13574
13056011	647	0.1	-0.1	3.58186
13056011	648	0.1	-0.1	3.03183
13056011	649	0.1	-0.1	-0.349903
13056011	650	0.1	-0.1	4.59869
13056011	651	0.1	-0.1	-0.57384
13056011	652	0.1	-0.1	-4.45947
13056011	653	0.1	-0.1	0.161386
13056011	654	0.1	-0.1	-0.535578
13056011	655	0.1	-0.1	2.89498
13056011	656	0.1	-0.1	5.80772
13056011	657	0.1	-0.1	-1.17971
13056011	658	0.1	-0.1	-4.22687
13056011	659	0.1	-0.1	-5.32928
13056011	660	0.1	-0.1	-1.48036
13056011	661	0.1	-0.1	-3.56852
13056011	662	0.1	-0.1	-4.80031
13056011	663	0.1	-0.1	4.52182
13056011	664	0.1	-0.1	-0.690239
13056011	665	0.1	-0.1	-0.61118
13056011	666	0.1	-0.1	-1.54774
13056011	667	0.1	-0.1	4.64495
13056011	668	0.1	-0.1	3.76572
13056011	669	0.1	-0.1	3.87143
13056011	670	0.1	-0.1	3.78185
13056011	671	0.1	-0.1	2.59495
13056011	672	0.1	-0.1	-3.34669
13056011	673	0.1	-0.1	-3.95358
13056011	674	0.1	-0.1	-5.90137
13056011	675	0.1	-0.1	-4.61966
13056011	676	0.1	-0.1	-1.59165
13056011	677	0.1	-0.1	-5.69889
13056011	678	0.1	-0.1	5.6851
13056011	679	0.1	-0.1	1.44331
13056011	680	0.1	-0.1	-0.809099
13056011	681	0.1	-0.1	-5.55342
13056011	682	0.1	-0.1	-4.3841
13056011	683	0.1	-0.1	3.54654
13056011	684	0.1	-0.1	-4.66367
13056011	685	0.1	-0.1	-3.82193
13056011	686	0.1	-0.1	-2.61401
13056011	687	0.1	-0.1	0.875364
13056011	688	0.1	-0.1	-0.202291
13056011	689	0.1	-0.1	1.50706
13056011	690	0.1	-0.1	2.92272
13056011	691	0.1	-0.1	-3.72427
13056011	692	0.1	-0.1	0.182194
13056011	693	0.1	-0.1	-4.95836
13056011	694	0.1	-0.1	-4.11875
13056011	695	0.1	-0.1	-2.66455
13056011	696	0.1	-0.1	1.70407
13056011	697	0.1	-0.1	0.050704
13056011	698	0.1	-0.1	-0.880109
13056011	699	0.1	-0.1	5.62663
13056011	700	0.1	-0.1	-2.06577
13056011	701	0.1	-0.1	-4.00549
13056011	702	0.1	-0.1	-0.086288
13056011	703	0.1	-0.1	-5.03098
13056011	704	0.1	-0.1	1.45743
13056011	705	0.1	-0.1	0.289805
13056011	706	0.1	-0.1	1.23774
13056011	707	0.1	-0.1	-4.93025
13056011	708	0.1	-0.1	3.8523
13056011	709	0.1	-0.1	5.85783
13056011	710	0.1	-0.1	-1.23757
13056011	711	0.1	-0.1	-3.29281
13056011	712	0.1	-0.1	-2.19718
13056011	713	0.1	-0.1	-3.69731
13056011	714	0.1	-0.1	2.57678
13056011	715	0.1	-0.1	-4.70276
13056011	716	0.1	-0.1	-4.43032
13056011	717	0.1	-0.1	-3.0972
13056011	718	0.1	-0.1	4.34656
13056011	719	0.1	-0.1	4.66703
13056011	720	0.1	-0.1	5.05369
13056011	721	0.1	-0.1	3.63884
13056011	722	0.1	-0.1	-1.82197
13056011	723	0.1	-0.1	-0.442103
13056011	724	0.1	-0.1	3.59457
13056011	725	0.1	-0.1	4.05768
13056011	726	0.1	-0.1	3.25816
13056011	727	0.1	-0.1	-5.29161
13056011	728	0.1	-0.1	2.99973
13056011	729	0.1	-0.1	1.09313
13056011	730	0.1	-0.1	-2.87268
13056011	731	0.1	-0.1	1.86011
13056011	732	0.1	-0.1	-5.72507
13056011	733	0.1	-0.1	-1.95461
13056011	734	0.1	-0.1	1.31481
13056011	735	0.1	-0.1	3.05054
13056011	736	0.1	-0.1	1.38642
13056011	737	0.1	-0.1	3.85256
13056011	738	0.1	-0.1	-1.72954
13056011	739	0.1	-0.1	0.761213
13056011	740	0.1	-0.1	5.00767
13056011	741	0.1	-0.1	-4.90994
13056011	742	0.1	-0.1	1.84052
13056011	743	0.1	-0.1	5.5487
13056011	744	0.1	-0.1	2.83753
13056011	745	0.1	-0.1	-5.42238
13056011	746	0.1	-0.1	-5.20632
13056011	747	0.1	-0.1	-3.35507
13056011	748	0.1	-0.1	-1.2654
13056011	749	0.1	-0.1	-2.20836
13056011	750	0.1	-0.1	-4.13581
13056011	751	0.1	-0.1	-0.723693
13056011	752	0.1	-0.1	-2.97457
13056011	753	0.1	-0.1	4.45341
13056011	754	0.1	-0.1	-5.39164
13056011	755	0.1	-0.1	4.62504
13056011	756	0.1	-0.1	-2.07071
13056011	757	0.1	-0.1	-5.02791
13056011	758	0.1	-0.1	4.88286
13056011	759	0.1	-0.1	-2.07305
13056011	760	0.1	-0.1	-4.90759
13056011	761	0.1	-0.1	4.66466
13056011	762	0.1	-0.1	4.99548
13056011	763	0.1	-0.1	5.14881
13056011	764	0.1	-0.1	-5.29737
13056011	765	0.1	-0.1	-0.0771601
13056011	766	0.1	-0.1	3.23339
13056011	767	0.1	-0.1	-3.20594
13056011	768	0.1	-0.1	4.99151
13056011	769	0.1	-0.1	-4.28479
13056011	770	0.1	-0.1	4.12334
13056011	771	0.1	-0.1	-2.88953
13056011	772	0.1	-0.1	-0.709545
13056011	773	0.1	-0.1	4.46286
13056011	774	0.1	-0.1	5.85849
13056011	775	0.1	-0.1	1.66738
13056011	776	0.1	-0.1	5.73298
13056011	777	0.1	-0.1	-5.46744
13056011	778	0.1	-0.1	2.75071
13056011	779	0.1	-0.1	0.233417
13056011	780	0.1	-0.1	5.29631
13056011	781	0.1	-0.1	-5.94861
13056011	782	0.1	-0.1	3.67261
13056011	783	0.1	-0.1	-5.02877
13056011	784	0.1	-0.1	1.52859
13056011	785	0.1	-0.1	-5.30374
13056011	786	0.1	-0.1	-0.789637
13056011	787	0.1	-0.1	-4.50081
13056011	788	0.1	-0.1	1.59082
13056011	789	0.1	-0.1	0.437706
13056011	790	0.1	-0.1	-1.10921
13056011	791	0.1	-0.1	5.30195
13056011	792	0.1	-0.1	-4.782
13056011	793	0.1	-0.1	1.10682
13056011	794	0.1	-0.1	1.75411
13056011	795	0.1	-0.1	-5.32263
13056011	796	0.1	-0.1	2.33397
13056011	797	0.1	-0.1	0.258003
13056011	798	0.1	-0.1	-2.40925
13056011	799	0.1	-0.1	-5.25931
13056011	800	0.1	-0.1	-5.72953
13056011	801	0.1	-0.1	2.11154
13056011	802	0.1	-0.1	1.95576
13056011	803	0.1	-0.1	5.01624
13056011	804	0.1	-0.1	-4.27387
13056011	805	0.1	-0.1	-2.43354
13056011	806	0.1	-0.1	1.50077
13056011	807	0.1	-0.1	0.4412
13056011	808	0.1	-0.1	-3.75579
13056011	809	0.1	-0.1	5.06883
13056011	810	0.1	-0.1	5.55293
13056011	811	0.1	-0.1	-3.0143
13056011	812	0.1	-0.1	-4.01286
13056011	813	0.1	-0.1	1.22108
13056011	814	0.1	-0.1	4.63662
13056011	815	0.1	-0.1	3.2261
13056011	816	0.1	-0.1	-5.17836
13056011	817	0.1	-0.1	-0.044376
13056011	818	0.1	-0.1	-4.36094
13056011	819	0.1	-0.1	-0.696001
13056011	820	0.1	-0.1	2.30572
13056011	821	0.1	-0.1	0.980145
13056011	822	0.1	-0.1	1.39617
13056011	823	0.1	-0.1	1.01611
13056011	824	0.1	-0.1	-0.190738
13056011	825	0.1	-0.1	-0.120041
13056011	826	0.1	-0.1	-1.8986
13056011	827	0.1	-0.1	-3.0201
13056011	828	0.1	-0.1	-1.05569
13056011	829	0.1	-0.1	-3.23014
13056011	830	0.1	-0.1	5.24153
13056011	831	0.1	-0.1	-5.90418
13056011	832	0.1	-0.1	-4.45757
13056011	833	0.1	-0.1	5.32062
13056011	834	0.1	-0.1	3.71439
13056011	835	0.1	-0.1	2.165
13056011	836	0.1	-0.1	5.53467
13056011	837	0.1	-0.1	-5.28617
13056011	838	0.1	-0.1	-1.27804
13056011	839	0.1	-0.1	-0.23311
13056011	840	0.1	-0.1	3.87573
13056011	841	0.1	-0.1	-3.4652
13056011	842	0.1	-0.1	3.31036
13056011	843	0.1	-0.1	-5.09824
13056011	844	0.1	-0.1	-1.82399
13056011	845	0.1	-0.1	3.79478
13056011	846	0.1	-0.1	4.38174
13056011	847	0.1	-0.1	4.75141
13056011	848	0.1	-0.1	-0.702628
13056011	849	0.1	-0.1	4.82043
13056011	850	0.1	-0.1	2.09093
13056011	851	0.1	-0.1	2.90979
13056011	852	0.1	-0.1	4.42892
13056011	853	0.1	-0.1	-0.284568
13056011	854	0.1	-0.1	5.91689
13056011	855	0.1	-0.1	-2.6076
13056011	856	0.1	-0.1	-0.602769
13056011	857	0.1	-0.1	0.79497
13056011	858	0.1	-0.1	3.29266
13056011	859	0.1	-0.1	3.44938
13056011	860	0.1	-0.1	5.62744
13056011	861	0.1	-0.1	2.16265
13056011	862	0.1	-0.1	5.84731
13056011	863	0.1	-0.1	1.84881
13056011	864	0.1	-0.1	-1.09152
13056011	865	0.1	-0.1	5.58328
13056011	866	0.1	-0.1	-4.87689
13056011	867	0.1	-0.1	-1.81893
13056011	868	0.1	-0.1	1.55415
13056011	869	0.1	-0.1	2.90304
13056011	870	0.1	-0.1	-4.57943
13056011	871	0.1	-0.1	-1.84728
13056011	872	0.1	-0.1	-5.27014
13056011	873	0.1	-0.1	-4.81373
13056011	874	0.1	-0.1	4.73543
13056011	875	0.1	-0.1	5.37405
13056011	876	0.1	-0.1	-2.49009
13056011	877	0.1	-0.1	-4.83761
13056011	878	0.1	-0.1	3.94278
13056011	879	0.1	-0.1	-1.14172
13056011	880	0.1	-0.1	-4.96282
13056011	881	0.1	-0.1	-4.21646
13056011	882	0.1	-0.1	-1.89716
13056011	883	0.1	-0.1	-3.8166
13056011	884	0.1	-0.1	-5.4518
13056011	885	0.1	-0.1	3.87162
13056011	886	0.1	-0.1	3.65349
13056011	887	0.1	-0.1	2.78022
13056011	888	0.1	-0.1	-5.84022
13056011	889	0.1	-0.1	-3.42777
13056011	890	0.1	-0.1	5.11204
13056011	891	0.1	-0.1	2.0124
13056011	892	0.1	-0.1	-2.09411
13056011	893	0.1	-0.1	-5.22045
13056011	894	0.1	-0.1	3.32219
13056011	895	0.1	-0.1	-5.06052
13056011	896	0.1	-0.1	2.58502
13056011	897	0.1	-0.1	-3.26585
13056011	898	0.1	-0.1	4.26878
13056011	899	0.1	-0.1	-0.572991
13056011	900	0.1	-0.1	-3.4072
13056011	901	0.1	-0.1	-2.60591
13056011	902	0.1	-0.1	-3.92513
13056011	903	0.1	-0.1	-5.13297
13056011	904	0.1	-0.1	-2.91864
13056011	905	0.1	-0.1	-2.25209
13056011	906	0.1	-0.1	-5.50994
13056011	907	0.1	-0.1	-4.64453
13056011	908	0.1	-0.1	-4.82167
13056011	909	0.1	-0.1	0.827374
13056011	910	0.1	-0.1	2.83021
13056011	911	0.1	-0.1	-2.963
13056011	912	0.1	-0.1	-1.73983
13056011	913	0.1	-0.1	4.59364
13056011	914	0.1	-0.1	3.07869
13056011	915	0.1	-0.1	2.99833
13056011	916	0.1	-0.1	4.74959
13056011	917	0.1	-0.1	-3.10403
13056011	918	0.1	-0.1	-0.995248
13056011	919	0.1	-0.1	5.00617
13056011	920	0.1	-0.1	0.803492
13056011	921	0.1	-0.1	-1.22962
13056011	922	0.1	-0.1	5.49579
13056011	923	0.1	-0.1	2.19328
13056011	924	0.1	-0.1	-2.26833
13056011	925	0.1	-0.1	2.49935
13056011	926	0.1	-0.1	-5.78594
13056011	927	0.1	-0.1	-3.13261
13056011	928	0.1	-0.1	-0.609475
13056011	929	0.1	-0.1	-0.08517
13056011	930	0.1	-0.1	-0.122382
13056011	931	0.1	-0.1	-4.06578
13056011	932	0.1	-0.1	-4.71688
13056011	933	0.1	-0.1	4.58764
13056011	934	0.1	-0.1	-4.48701
13056011	935	0.1	-0.1	1.45036
13056011	936	0.1	-0.1	4.8145
13056011	937	0.1	-0.1	-0.748876
13056011	938	0.1	-0.1	5.27015
13056011	939	0.1	-0.1	-4.04406
13056011	940	0.1	-0.1	4.53404
13056011	941	0.1	-0.1	-3.14594
13056011	942	0.1	-0.1	-1.7664
13056011	943	0.1	-0.1	3.17198
13056011	944	0.1	-0.1	-5.00751
13056011	945	0.1	-0.1	-3.49816
13056011	946	0.1	-0.1	3.26455
13056011	947	0.1	-0.1	3.28638
13056011	948	0.1	-0.1	3.05644
13056011	949	0.1	-0.1	-4.49549
13056011	950	0.1	-0.1	3.33434
13056011	951	0.1	-0.1	4.37559
13056011	952	0.1	-0.1	-4.39067
13056011	953	0.1	-0.1	4.09522
13056011	954	0.1	-0.1	2.79713
13056011	955	0.1	-0.1	1.27807
13056011	956	0.1	-0.1	1.06209
13056011	957	0.1	-0.1	5.78578
13056011	958	0.1	-0.1	-3.16371
13056011	959	0.1	-0.1	5.51452
13056011	960	0.1	-0.1	-4.29114
13056011	961	0.1	-0.1	-2.08079
13056011	962	0.1	-0.1	-4.55188
13056011	963	0.1	-0.1	4.06006
13056011	964	0.1	-0.1	-2.94854
13056011	965	0.1	-0.1	2.28844
13056011	966	0.1	-0.1	3.95714
13056011	967	0.1	-0.1	-1.38525
13056011	968	0.1	-0.1	0.0443117
13056011	969	0.1	-0.1	5.98564
13056011	970	0.1	-0.1	-5.91708
13056011	971	0.1	-0.1	-2.83683
13056011	972	0.1	-0.1	1.03515
13056011	973	0.1	-0.1	3.88471
13056011	974	0.1	-0.1	-0.628495
13056011	975	0.1	-0.1	-1.86481
13056011	976	0.1	-0.1	-0.83231
13056011	977	0.1	-0.1	5.27871
13056011	978	0.1	-0.1	-5.02213
13056011	979	0.1	-0.1	-5.72888
13056011	980	0.1	-0.1	-0.637877
13056011	981	0.1	-0.1	-2.70928
13056011	982	0.1	-0.1	-3.15691
13056011	983	0.1	-0.1	-1.71081
13056011	984	0.1	-0.1	-2.14035
13056011	985	0.1	-0.1	-4.26061
13056011	986	0.1	-0.1	-3.89259
13056011	987	0.1	-0.1	0.0827857
13056011	988	0.1	-0.1	-1.63301
13056011	989	0.1	-0.1	3.79857
13056011	990	0.1	-0.1	3.96382
13056011	991	0.1	-0.1	-4.1656
13056011	992	0.1	-0.1	3.35222
13056011	993	0.1	-0.1	-1.77384
13056011	994	0.1	-0.1	1.05402
13056011	995	0.1	-0.1	-4.85897
13056011	996	0.1	-0.1	-0.681067
13056011	997	0.1	-0.1	-2.66428
13056011	998	0.1	-0.1	1.25694
13056011	999	0.1	-0.1	-4.73332
13056011	1000	0.1	-0.1	-1.48911
