13055081	1	0.1	-0.1	3.73634
13055081	2	0.1	-0.1	1.87614
13055081	3	0.1	-0.1	-1.86793
13055081	4	0.1	-0.1	-3.81481
13055081	5	0.1	-0.1	-0.0349138
13055081	6	0.1	-0.1	1.22438
13055081	7	0.1	-0.1	1.24345
13055081	8	0.1	-0.1	3.26176
13055081	9	0.1	-0.1	5.26688
13055081	10	0.1	-0.1	3.67442
13055081	11	0.1	-0.1	1.46297
13055081	12	0.1	-0.1	4.66583
13055081	13	0.1	-0.1	-5.01124
13055081	14	0.1	-0.1	3.54889
13055081	15	0.1	-0.1	0.945969
13055081	16	0.1	-0.1	-0.842999
13055081	17	0.1	-0.1	4.15188
13055081	18	0.1	-0.1	-3.69718
13055081	19	0.1	-0.1	-4.38823
13055081	20	0.1	-0.1	-1.21167
13055081	21	0.1	-0.1	-3.38831
13055081	22	0.1	-0.1	3.80823
13055081	23	0.1	-0.1	3.2704
13055081	24	0.1	-0.1	1.11886
13055081	25	0.1	-0.1	5.08622
13055081	26	0.1	-0.1	3.76149
13055081	27	0.1	-0.1	-3.11402
13055081	28	0.1	-0.1	4.50849
13055081	29	0.1	-0.1	-2.30477
13055081	30	0.1	-0.1	-3.43281
13055081	31	0.1	-0.1	2.14811
13055081	32	0.1	-0.1	0.832069
13055081	33	0.1	-0.1	5.02044
13055081	34	0.1	-0.1	0.493186
13055081	35	0.1	-0.1	5.61617
13055081	36	0.1	-0.1	4.89121
13055081	37	0.1	-0.1	3.19993
13055081	38	0.1	-0.1	-5.16998
13055081	39	0.1	-0.1	0.189867
13055081	40	0.1	-0.1	-0.648785
13055081	41	0.1	-0.1	2.36625
13055081	42	0.1	-0.1	4.30796
13055081	43	0.1	-0.1	2.71909
13055081	44	0.1	-0.1	-2.85067
13055081	45	0.1	-0.1	0.0959819
13055081	46	0.1	-0.1	-2.61583
13055081	47	0.1	-0.1	0.153282
13055081	48	0.1	-0.1	5.94896
13055081	49	0.1	-0.1	0.496779
13055081	50	0.1	-0.1	-4.03565
13055081	51	0.1	-0.1	0.289627
13055081	52	0.1	-0.1	-3.58391
13055081	53	0.1	-0.1	-5.15374
13055081	54	0.1	-0.1	2.02003
13055081	55	0.1	-0.1	-0.362426
13055081	56	0.1	-0.1	-4.49738
13055081	57	0.1	-0.1	5.18523
13055081	58	0.1	-0.1	-0.996811
13055081	59	0.1	-0.1	2.36746
13055081	60	0.1	-0.1	-4.66375
13055081	61	0.1	-0.1	1.54317
13055081	62	0.1	-0.1	4.61646
13055081	63	0.1	-0.1	-3.105
13055081	64	0.1	-0.1	-5.01417
13055081	65	0.1	-0.1	3.76307
13055081	66	0.1	-0.1	0.677177
13055081	67	0.1	-0.1	2.48411
13055081	68	0.1	-0.1	0.0890003
13055081	69	0.1	-0.1	-3.62165
13055081	70	0.1	-0.1	-3.61898
13055081	71	0.1	-0.1	-0.670821
13055081	72	0.1	-0.1	5.90782
13055081	73	0.1	-0.1	-4.41903
13055081	74	0.1	-0.1	0.834721
13055081	75	0.1	-0.1	-4.69421
13055081	76	0.1	-0.1	3.58193
13055081	77	0.1	-0.1	-4.53093
13055081	78	0.1	-0.1	1.6122
13055081	79	0.1	-0.1	2.08667
13055081	80	0.1	-0.1	3.08413
13055081	81	0.1	-0.1	5.23171
13055081	82	0.1	-0.1	-1.22403
13055081	83	0.1	-0.1	-1.13358
13055081	84	0.1	-0.1	-4.34806
13055081	85	0.1	-0.1	-3.04133
13055081	86	0.1	-0.1	-2.88983
13055081	87	0.1	-0.1	5.30128
13055081	88	0.1	-0.1	-0.731828
13055081	89	0.1	-0.1	5.9239
13055081	90	0.1	-0.1	-4.30358
13055081	91	0.1	-0.1	3.72361
13055081	92	0.1	-0.1	-1.069
13055081	93	0.1	-0.1	-2.16385
13055081	94	0.1	-0.1	2.78724
13055081	95	0.1	-0.1	-2.57156
13055081	96	0.1	-0.1	2.49207
13055081	97	0.1	-0.1	-0.700097
13055081	98	0.1	-0.1	1.39894
13055081	99	0.1	-0.1	-2.64952
13055081	100	0.1	-0.1	3.34421
13055081	101	0.1	-0.1	-4.47395
13055081	102	0.1	-0.1	-1.76311
13055081	103	0.1	-0.1	-5.32173
13055081	104	0.1	-0.1	4.78861
13055081	105	0.1	-0.1	-1.13375
13055081	106	0.1	-0.1	1.95267
13055081	107	0.1	-0.1	-2.24475
13055081	108	0.1	-0.1	0.0603157
13055081	109	0.1	-0.1	2.34544
13055081	110	0.1	-0.1	0.390777
13055081	111	0.1	-0.1	0.0858571
13055081	112	0.1	-0.1	0.53445
13055081	113	0.1	-0.1	2.04738
13055081	114	0.1	-0.1	-5.77863
13055081	115	0.1	-0.1	2.35573
13055081	116	0.1	-0.1	-3.5782
13055081	117	0.1	-0.1	-0.928431
13055081	118	0.1	-0.1	-3.51057
13055081	119	0.1	-0.1	-1.29982
13055081	120	0.1	-0.1	-4.10117
13055081	121	0.1	-0.1	1.71392
13055081	122	0.1	-0.1	-3.93825
13055081	123	0.1	-0.1	1.77109
13055081	124	0.1	-0.1	-0.774039
13055081	125	0.1	-0.1	-2.92772
13055081	126	0.1	-0.1	-1.02659
13055081	127	0.1	-0.1	3.16438
13055081	128	0.1	-0.1	0.438958
13055081	129	0.1	-0.1	4.44987
13055081	130	0.1	-0.1	5.61073
13055081	131	0.1	-0.1	-0.896421
13055081	132	0.1	-0.1	3.96622
13055081	133	0.1	-0.1	5.08619
13055081	134	0.1	-0.1	5.35291
13055081	135	0.1	-0.1	-3.02979
13055081	136	0.1	-0.1	-3.19466
13055081	137	0.1	-0.1	4.33837
13055081	138	0.1	-0.1	-4.97453
13055081	139	0.1	-0.1	5.99109
13055081	140	0.1	-0.1	2.99312
13055081	141	0.1	-0.1	0.6555
13055081	142	0.1	-0.1	3.33985
13055081	143	0.1	-0.1	-1.0697
13055081	144	0.1	-0.1	-1.40494
13055081	145	0.1	-0.1	0.67792
13055081	146	0.1	-0.1	5.26371
13055081	147	0.1	-0.1	-0.291851
13055081	148	0.1	-0.1	-3.74706
13055081	149	0.1	-0.1	-4.81933
13055081	150	0.1	-0.1	1.97017
13055081	151	0.1	-0.1	4.30241
13055081	152	0.1	-0.1	-4.1105
13055081	153	0.1	-0.1	-4.27661
13055081	154	0.1	-0.1	-5.53686
13055081	155	0.1	-0.1	4.71268
13055081	156	0.1	-0.1	2.47543
13055081	157	0.1	-0.1	4.21047
13055081	158	0.1	-0.1	-4.58602
13055081	159	0.1	-0.1	-1.66813
13055081	160	0.1	-0.1	-0.031192
13055081	161	0.1	-0.1	4.31133
13055081	162	0.1	-0.1	-4.87183
13055081	163	0.1	-0.1	-5.97351
13055081	164	0.1	-0.1	-4.70064
13055081	165	0.1	-0.1	0.441358
13055081	166	0.1	-0.1	2.92528
13055081	167	0.1	-0.1	2.19823
13055081	168	0.1	-0.1	-5.28259
13055081	169	0.1	-0.1	-1.00197
13055081	170	0.1	-0.1	5.15159
13055081	171	0.1	-0.1	5.52415
13055081	172	0.1	-0.1	4.83175
13055081	173	0.1	-0.1	-5.03651
13055081	174	0.1	-0.1	1.226
13055081	175	0.1	-0.1	5.85998
13055081	176	0.1	-0.1	3.38769
13055081	177	0.1	-0.1	2.26086
13055081	178	0.1	-0.1	-1.91574
13055081	179	0.1	-0.1	-3.24332
13055081	180	0.1	-0.1	1.61068
13055081	181	0.1	-0.1	-1.14531
13055081	182	0.1	-0.1	4.40861
13055081	183	0.1	-0.1	-1.31526
13055081	184	0.1	-0.1	-2.30358
13055081	185	0.1	-0.1	-1.85029
13055081	186	0.1	-0.1	1.9198
13055081	187	0.1	-0.1	-2.43725
13055081	188	0.1	-0.1	3.81854
13055081	189	0.1	-0.1	3.08735
13055081	190	0.1	-0.1	1.40774
13055081	191	0.1	-0.1	5.97305
13055081	192	0.1	-0.1	-5.54299
13055081	193	0.1	-0.1	1.80432
13055081	194	0.1	-0.1	-4.77635
13055081	195	0.1	-0.1	-2.92972
13055081	196	0.1	-0.1	-1.44723
13055081	197	0.1	-0.1	4.20782
13055081	198	0.1	-0.1	2.63509
13055081	199	0.1	-0.1	-5.73879
13055081	200	0.1	-0.1	-0.147232
13055081	201	0.1	-0.1	0.563391
13055081	202	0.1	-0.1	-3.98377
13055081	203	0.1	-0.1	-3.93245
13055081	204	0.1	-0.1	3.50457
13055081	205	0.1	-0.1	5.11944
13055081	206	0.1	-0.1	3.10075
13055081	207	0.1	-0.1	-3.07752
13055081	208	0.1	-0.1	3.18887
13055081	209	0.1	-0.1	-5.50044
13055081	210	0.1	-0.1	-5.7446
13055081	211	0.1	-0.1	3.09046
13055081	212	0.1	-0.1	4.71798
13055081	213	0.1	-0.1	5.60745
13055081	214	0.1	-0.1	0.107609
13055081	215	0.1	-0.1	-5.22521
13055081	216	0.1	-0.1	3.90593
13055081	217	0.1	-0.1	2.20651
13055081	218	0.1	-0.1	0.944507
13055081	219	0.1	-0.1	4.42536
13055081	220	0.1	-0.1	1.29519
13055081	221	0.1	-0.1	4.05293
13055081	222	0.1	-0.1	5.12804
13055081	223	0.1	-0.1	-1.55033
13055081	224	0.1	-0.1	0.66402
13055081	225	0.1	-0.1	-3.52367
13055081	226	0.1	-0.1	2.99606
13055081	227	0.1	-0.1	1.22801
13055081	228	0.1	-0.1	-3.36192
13055081	229	0.1	-0.1	5.84495
13055081	230	0.1	-0.1	5.34188
13055081	231	0.1	-0.1	-0.215722
13055081	232	0.1	-0.1	-5.19625
13055081	233	0.1	-0.1	-2.56569
13055081	234	0.1	-0.1	-3.53208
13055081	235	0.1	-0.1	3.84451
13055081	236	0.1	-0.1	0.667809
13055081	237	0.1	-0.1	1.72354
13055081	238	0.1	-0.1	-1.5039
13055081	239	0.1	-0.1	0.24085
13055081	240	0.1	-0.1	1.92639
13055081	241	0.1	-0.1	-2.45152
13055081	242	0.1	-0.1	-1.54505
13055081	243	0.1	-0.1	-2.41847
13055081	244	0.1	-0.1	-2.09299
13055081	245	0.1	-0.1	2.57813
13055081	246	0.1	-0.1	-1.13396
13055081	247	0.1	-0.1	1.96124
13055081	248	0.1	-0.1	4.76495
13055081	249	0.1	-0.1	-3.82622
13055081	250	0.1	-0.1	1.58406
13055081	251	0.1	-0.1	2.24524
13055081	252	0.1	-0.1	0.0448948
13055081	253	0.1	-0.1	5.16224
13055081	254	0.1	-0.1	3.58366
13055081	255	0.1	-0.1	0.921898
13055081	256	0.1	-0.1	-4.17308
13055081	257	0.1	-0.1	-4.94381
13055081	258	0.1	-0.1	-4.04536
13055081	259	0.1	-0.1	-4.18147
13055081	260	0.1	-0.1	3.59119
13055081	261	0.1	-0.1	-0.0701081
13055081	262	0.1	-0.1	5.32284
13055081	263	0.1	-0.1	0.506225
13055081	264	0.1	-0.1	-0.31432
13055081	265	0.1	-0.1	-1.15375
13055081	266	0.1	-0.1	3.09925
13055081	267	0.1	-0.1	-3.17533
13055081	268	0.1	-0.1	5.05277
13055081	269	0.1	-0.1	-2.27977
13055081	270	0.1	-0.1	0.612027
13055081	271	0.1	-0.1	-3.41561
13055081	272	0.1	-0.1	4.49852
13055081	273	0.1	-0.1	3.37105
13055081	274	0.1	-0.1	1.73973
13055081	275	0.1	-0.1	-4.3103
13055081	276	0.1	-0.1	3.58219
13055081	277	0.1	-0.1	1.76477
13055081	278	0.1	-0.1	5.46435
13055081	279	0.1	-0.1	-3.79172
13055081	280	0.1	-0.1	-4.88685
13055081	281	0.1	-0.1	-2.0716
13055081	282	0.1	-0.1	2.33735
13055081	283	0.1	-0.1	-4.88885
13055081	284	0.1	-0.1	4.0774
13055081	285	0.1	-0.1	-2.62181
13055081	286	0.1	-0.1	0.852019
13055081	287	0.1	-0.1	-3.1869
13055081	288	0.1	-0.1	-2.69027
13055081	289	0.1	-0.1	-1.04263
13055081	290	0.1	-0.1	-2.5651
13055081	291	0.1	-0.1	0.658657
13055081	292	0.1	-0.1	1.05349
13055081	293	0.1	-0.1	1.39618
13055081	294	0.1	-0.1	-0.902048
13055081	295	0.1	-0.1	-4.28505
13055081	296	0.1	-0.1	3.76978
13055081	297	0.1	-0.1	-2.00679
13055081	298	0.1	-0.1	5.75067
13055081	299	0.1	-0.1	-4.73058
13055081	300	0.1	-0.1	-4.18248
13055081	301	0.1	-0.1	-0.544667
13055081	302	0.1	-0.1	-4.71757
13055081	303	0.1	-0.1	-2.18475
13055081	304	0.1	-0.1	-0.465399
13055081	305	0.1	-0.1	2.61373
13055081	306	0.1	-0.1	5.23184
13055081	307	0.1	-0.1	3.51669
13055081	308	0.1	-0.1	4.985
13055081	309	0.1	-0.1	-2.35658
13055081	310	0.1	-0.1	-1.54275
13055081	311	0.1	-0.1	-0.79139
13055081	312	0.1	-0.1	0.36286
13055081	313	0.1	-0.1	0.974735
13055081	314	0.1	-0.1	4.27107
13055081	315	0.1	-0.1	-2.25724
13055081	316	0.1	-0.1	3.64239
13055081	317	0.1	-0.1	-1.73482
13055081	318	0.1	-0.1	-1.4728
13055081	319	0.1	-0.1	1.64405
13055081	320	0.1	-0.1	2.53747
13055081	321	0.1	-0.1	-1.59747
13055081	322	0.1	-0.1	-3.00455
13055081	323	0.1	-0.1	-5.95314
13055081	324	0.1	-0.1	3.61295
13055081	325	0.1	-0.1	2.24469
13055081	326	0.1	-0.1	1.5304
13055081	327	0.1	-0.1	0.607548
13055081	328	0.1	-0.1	-0.986378
13055081	329	0.1	-0.1	-2.52557
13055081	330	0.1	-0.1	0.63776
13055081	331	0.1	-0.1	5.80972
13055081	332	0.1	-0.1	2.36525
13055081	333	0.1	-0.1	-5.16572
13055081	334	0.1	-0.1	-0.866278
13055081	335	0.1	-0.1	-4.2747
13055081	336	0.1	-0.1	-4.86075
13055081	337	0.1	-0.1	-3.1903
13055081	338	0.1	-0.1	-1.96233
13055081	339	0.1	-0.1	2.4563
13055081	340	0.1	-0.1	3.18332
13055081	341	0.1	-0.1	-5.64239
13055081	342	0.1	-0.1	-1.39573
13055081	343	0.1	-0.1	2.9381
13055081	344	0.1	-0.1	-1.24303
13055081	345	0.1	-0.1	5.12846
13055081	346	0.1	-0.1	1.92972
13055081	347	0.1	-0.1	4.8696
13055081	348	0.1	-0.1	3.25165
13055081	349	0.1	-0.1	5.35629
13055081	350	0.1	-0.1	1.50374
13055081	351	0.1	-0.1	-0.0856719
13055081	352	0.1	-0.1	-4.98534
13055081	353	0.1	-0.1	3.97077
13055081	354	0.1	-0.1	-1.07438
13055081	355	0.1	-0.1	1.49246
13055081	356	0.1	-0.1	0.179906
13055081	357	0.1	-0.1	-1.19063
13055081	358	0.1	-0.1	-1.27203
13055081	359	0.1	-0.1	-3.08474
13055081	360	0.1	-0.1	5.3557
13055081	361	0.1	-0.1	5.26553
13055081	362	0.1	-0.1	-4.36818
13055081	363	0.1	-0.1	-2.80844
13055081	364	0.1	-0.1	4.38293
13055081	365	0.1	-0.1	-0.750317
13055081	366	0.1	-0.1	-0.274103
13055081	367	0.1	-0.1	-0.980086
13055081	368	0.1	-0.1	2.33089
13055081	369	0.1	-0.1	4.42793
13055081	370	0.1	-0.1	-1.57804
13055081	371	0.1	-0.1	-2.03025
13055081	372	0.1	-0.1	4.90704
13055081	373	0.1	-0.1	-1.94187
13055081	374	0.1	-0.1	-3.37992
13055081	375	0.1	-0.1	-4.57467
13055081	376	0.1	-0.1	-3.44958
13055081	377	0.1	-0.1	2.13029
13055081	378	0.1	-0.1	5.92015
13055081	379	0.1	-0.1	5.57111
13055081	380	0.1	-0.1	-3.59922
13055081	381	0.1	-0.1	-2.58947
13055081	382	0.1	-0.1	0.122141
13055081	383	0.1	-0.1	-2.67024
13055081	384	0.1	-0.1	0.959577
13055081	385	0.1	-0.1	-3.68563
13055081	386	0.1	-0.1	0.497905
13055081	387	0.1	-0.1	2.704
13055081	388	0.1	-0.1	3.35479
13055081	389	0.1	-0.1	-5.69076
13055081	390	0.1	-0.1	-5.5095
13055081	391	0.1	-0.1	5.79651
13055081	392	0.1	-0.1	-1.20173
13055081	393	0.1	-0.1	1.60407
13055081	394	0.1	-0.1	-4.11909
13055081	395	0.1	-0.1	-0.00472257
13055081	396	0.1	-0.1	3.08391
13055081	397	0.1	-0.1	0.24457
13055081	398	0.1	-0.1	-4.85873
13055081	399	0.1	-0.1	-4.26633
13055081	400	0.1	-0.1	-3.20777
13055081	401	0.1	-0.1	-3.02761
13055081	402	0.1	-0.1	-0.751469
13055081	403	0.1	-0.1	5.82734
13055081	404	0.1	-0.1	-3.87761
13055081	405	0.1	-0.1	5.385
13055081	406	0.1	-0.1	1.63685
13055081	407	0.1	-0.1	5.46192
13055081	408	0.1	-0.1	-1.74706
13055081	409	0.1	-0.1	-5.51479
13055081	410	0.1	-0.1	4.13855
13055081	411	0.1	-0.1	-5.92584
13055081	412	0.1	-0.1	-4.40311
13055081	413	0.1	-0.1	-1.42587
13055081	414	0.1	-0.1	2.35776
13055081	415	0.1	-0.1	-0.719229
13055081	416	0.1	-0.1	-2.09433
13055081	417	0.1	-0.1	-1.52827
13055081	418	0.1	-0.1	-3.90889
13055081	419	0.1	-0.1	2.52098
13055081	420	0.1	-0.1	-4.25371
13055081	421	0.1	-0.1	4.66348
13055081	422	0.1	-0.1	-0.907422
13055081	423	0.1	-0.1	4.70154
13055081	424	0.1	-0.1	4.07643
13055081	425	0.1	-0.1	3.95447
13055081	426	0.1	-0.1	3.79427
13055081	427	0.1	-0.1	0.866318
13055081	428	0.1	-0.1	2.64233
13055081	429	0.1	-0.1	2.30321
13055081	430	0.1	-0.1	1.43712
13055081	431	0.1	-0.1	4.67638
13055081	432	0.1	-0.1	-5.18261
13055081	433	0.1	-0.1	3.23395
13055081	434	0.1	-0.1	-4.9286
13055081	435	0.1	-0.1	4.63507
13055081	436	0.1	-0.1	-3.84729
13055081	437	0.1	-0.1	3.28474
13055081	438	0.1	-0.1	4.84751
13055081	439	0.1	-0.1	-5.4274
13055081	440	0.1	-0.1	0.488009
13055081	441	0.1	-0.1	5.78461
13055081	442	0.1	-0.1	-4.36274
13055081	443	0.1	-0.1	-4.43586
13055081	444	0.1	-0.1	-2.845
13055081	445	0.1	-0.1	-4.11889
13055081	446	0.1	-0.1	0.60063
13055081	447	0.1	-0.1	-0.778872
13055081	448	0.1	-0.1	0.280415
13055081	449	0.1	-0.1	-4.44714
13055081	450	0.1	-0.1	2.41056
13055081	451	0.1	-0.1	0.639494
13055081	452	0.1	-0.1	0.445207
13055081	453	0.1	-0.1	0.389257
13055081	454	0.1	-0.1	1.67824
13055081	455	0.1	-0.1	0.252151
13055081	456	0.1	-0.1	1.32024
13055081	457	0.1	-0.1	-0.49627
13055081	458	0.1	-0.1	-1.10197
13055081	459	0.1	-0.1	5.30245
13055081	460	0.1	-0.1	4.19882
13055081	461	0.1	-0.1	-5.76366
13055081	462	0.1	-0.1	-5.19658
13055081	463	0.1	-0.1	2.62111
13055081	464	0.1	-0.1	0.6576
13055081	465	0.1	-0.1	-5.96769
13055081	466	0.1	-0.1	4.13885
13055081	467	0.1	-0.1	2.96159
13055081	468	0.1	-0.1	5.66328
13055081	469	0.1	-0.1	2.12183
13055081	470	0.1	-0.1	2.69946
13055081	471	0.1	-0.1	-1.50302
13055081	472	0.1	-0.1	-1.01888
13055081	473	0.1	-0.1	-0.141235
13055081	474	0.1	-0.1	-1.20391
13055081	475	0.1	-0.1	-2.43153
13055081	476	0.1	-0.1	-1.94861
13055081	477	0.1	-0.1	1.74214
13055081	478	0.1	-0.1	1.69343
13055081	479	0.1	-0.1	-2.52534
13055081	480	0.1	-0.1	5.44837
13055081	481	0.1	-0.1	-0.0162719
13055081	482	0.1	-0.1	3.7263
13055081	483	0.1	-0.1	-3.19874
13055081	484	0.1	-0.1	1.29451
13055081	485	0.1	-0.1	0.176671
13055081	486	0.1	-0.1	3.19152
13055081	487	0.1	-0.1	-0.164343
13055081	488	0.1	-0.1	-0.427487
13055081	489	0.1	-0.1	2.56044
13055081	490	0.1	-0.1	-3.54644
13055081	491	0.1	-0.1	-5.91821
13055081	492	0.1	-0.1	5.92237
13055081	493	0.1	-0.1	1.90037
13055081	494	0.1	-0.1	-0.308057
13055081	495	0.1	-0.1	-5.90959
13055081	496	0.1	-0.1	-5.08311
13055081	497	0.1	-0.1	-0.122276
13055081	498	0.1	-0.1	-4.57416
13055081	499	0.1	-0.1	-1.49789
13055081	500	0.1	-0.1	1.90676
13055081	501	0.1	-0.1	-5.64549
13055081	502	0.1	-0.1	3.12624
13055081	503	0.1	-0.1	-4.68227
13055081	504	0.1	-0.1	2.51465
13055081	505	0.1	-0.1	1.55506
13055081	506	0.1	-0.1	-1.05561
13055081	507	0.1	-0.1	-1.12547
13055081	508	0.1	-0.1	5.19033
13055081	509	0.1	-0.1	5.82953
13055081	510	0.1	-0.1	2.56271
13055081	511	0.1	-0.1	-2.8975
13055081	512	0.1	-0.1	-3.84875
13055081	513	0.1	-0.1	-1.01851
13055081	514	0.1	-0.1	-0.479244
13055081	515	0.1	-0.1	2.44667
13055081	516	0.1	-0.1	-3.47093
13055081	517	0.1	-0.1	-2.58769
13055081	518	0.1	-0.1	4.52357
13055081	519	0.1	-0.1	-1.14466
13055081	520	0.1	-0.1	-0.756216
13055081	521	0.1	-0.1	3.90257
13055081	522	0.1	-0.1	-5.67313
13055081	523	0.1	-0.1	-2.37693
13055081	524	0.1	-0.1	4.75817
13055081	525	0.1	-0.1	5.83385
13055081	526	0.1	-0.1	4.38675
13055081	527	0.1	-0.1	-3.89002
13055081	528	0.1	-0.1	-2.27547
13055081	529	0.1	-0.1	-5.40626
13055081	530	0.1	-0.1	-0.0729673
13055081	531	0.1	-0.1	-2.35826
13055081	532	0.1	-0.1	0.240967
13055081	533	0.1	-0.1	-2.9866
13055081	534	0.1	-0.1	2.9436
13055081	535	0.1	-0.1	-1.79887
13055081	536	0.1	-0.1	-2.39087
13055081	537	0.1	-0.1	-0.185691
13055081	538	0.1	-0.1	4.80925
13055081	539	0.1	-0.1	-1.16004
13055081	540	0.1	-0.1	2.16905
13055081	541	0.1	-0.1	-5.32552
13055081	542	0.1	-0.1	3.6079
13055081	543	0.1	-0.1	-0.374707
13055081	544	0.1	-0.1	-3.95102
13055081	545	0.1	-0.1	-1.7457
13055081	546	0.1	-0.1	-2.93982
13055081	547	0.1	-0.1	3.12611
13055081	548	0.1	-0.1	4.07047
13055081	549	0.1	-0.1	3.03543
13055081	550	0.1	-0.1	4.25044
13055081	551	0.1	-0.1	-1.94187
13055081	552	0.1	-0.1	-2.76228
13055081	553	0.1	-0.1	1.26932
13055081	554	0.1	-0.1	0.283277
13055081	555	0.1	-0.1	2.12338
13055081	556	0.1	-0.1	-3.62213
13055081	557	0.1	-0.1	-2.04409
13055081	558	0.1	-0.1	3.86829
13055081	559	0.1	-0.1	0.00355808
13055081	560	0.1	-0.1	-5.16784
13055081	561	0.1	-0.1	-5.40572
13055081	562	0.1	-0.1	5.1306
13055081	563	0.1	-0.1	-0.384233
13055081	564	0.1	-0.1	4.59032
13055081	565	0.1	-0.1	-5.51793
13055081	566	0.1	-0.1	5.58954
13055081	567	0.1	-0.1	5.35746
13055081	568	0.1	-0.1	3.98902
13055081	569	0.1	-0.1	2.69103
13055081	570	0.1	-0.1	-5.32806
13055081	571	0.1	-0.1	4.24756
13055081	572	0.1	-0.1	2.25687
13055081	573	0.1	-0.1	3.56444
13055081	574	0.1	-0.1	5.16308
13055081	575	0.1	-0.1	-4.65563
13055081	576	0.1	-0.1	0.11624
13055081	577	0.1	-0.1	4.97715
13055081	578	0.1	-0.1	5.12713
13055081	579	0.1	-0.1	3.99849
13055081	580	0.1	-0.1	-1.21669
13055081	581	0.1	-0.1	-3.08457
13055081	582	0.1	-0.1	0.0987086
13055081	583	0.1	-0.1	3.31995
13055081	584	0.1	-0.1	-3.65266
13055081	585	0.1	-0.1	-0.0348821
13055081	586	0.1	-0.1	3.59053
13055081	587	0.1	-0.1	1.8474
13055081	588	0.1	-0.1	0.726935
13055081	589	0.1	-0.1	1.68893
13055081	590	0.1	-0.1	5.02179
13055081	591	0.1	-0.1	-4.30327
13055081	592	0.1	-0.1	-0.531551
13055081	593	0.1	-0.1	-2.04227
13055081	594	0.1	-0.1	-5.54422
13055081	595	0.1	-0.1	-2.96178
13055081	596	0.1	-0.1	2.96807
13055081	597	0.1	-0.1	5.70073
13055081	598	0.1	-0.1	-4.6106
13055081	599	0.1	-0.1	-4.24212
13055081	600	0.1	-0.1	4.98695
13055081	601	0.1	-0.1	2.64562
13055081	602	0.1	-0.1	-3.17516
13055081	603	0.1	-0.1	-5.92645
13055081	604	0.1	-0.1	1.02291
13055081	605	0.1	-0.1	-5.24971
13055081	606	0.1	-0.1	-3.23256
13055081	607	0.1	-0.1	4.39494
13055081	608	0.1	-0.1	3.43005
13055081	609	0.1	-0.1	4.3247
13055081	610	0.1	-0.1	4.84422
13055081	611	0.1	-0.1	-5.86475
13055081	612	0.1	-0.1	-0.0475373
13055081	613	0.1	-0.1	0.500578
13055081	614	0.1	-0.1	1.14613
13055081	615	0.1	-0.1	4.12319
13055081	616	0.1	-0.1	-3.07461
13055081	617	0.1	-0.1	1.73718
13055081	618	0.1	-0.1	1.78951
13055081	619	0.1	-0.1	-2.49114
13055081	620	0.1	-0.1	1.65331
13055081	621	0.1	-0.1	-3.38001
13055081	622	0.1	-0.1	-0.919841
13055081	623	0.1	-0.1	-4.62458
13055081	624	0.1	-0.1	5.42378
13055081	625	0.1	-0.1	-4.86961
13055081	626	0.1	-0.1	3.5644
13055081	627	0.1	-0.1	-4.15441
13055081	628	0.1	-0.1	-4.44407
13055081	629	0.1	-0.1	1.79345
13055081	630	0.1	-0.1	1.93871
13055081	631	0.1	-0.1	-0.542873
13055081	632	0.1	-0.1	-3.07405
13055081	633	0.1	-0.1	-5.07782
13055081	634	0.1	-0.1	-0.669754
13055081	635	0.1	-0.1	-3.59155
13055081	636	0.1	-0.1	-2.67193
13055081	637	0.1	-0.1	2.39288
13055081	638	0.1	-0.1	3.32184
13055081	639	0.1	-0.1	-0.956398
13055081	640	0.1	-0.1	0.47031
13055081	641	0.1	-0.1	2.80637
13055081	642	0.1	-0.1	-3.69686
13055081	643	0.1	-0.1	1.54126
13055081	644	0.1	-0.1	-2.4046
13055081	645	0.1	-0.1	1.40787
13055081	646	0.1	-0.1	-5.62863
13055081	647	0.1	-0.1	-1.00203
13055081	648	0.1	-0.1	-5.93185
13055081	649	0.1	-0.1	-4.14206
13055081	650	0.1	-0.1	-4.15253
13055081	651	0.1	-0.1	-1.81917
13055081	652	0.1	-0.1	0.537354
13055081	653	0.1	-0.1	-2.74185
13055081	654	0.1	-0.1	-0.0846667
13055081	655	0.1	-0.1	2.59793
13055081	656	0.1	-0.1	5.58744
13055081	657	0.1	-0.1	-5.49845
13055081	658	0.1	-0.1	1.20733
13055081	659	0.1	-0.1	5.74135
13055081	660	0.1	-0.1	4.44758
13055081	661	0.1	-0.1	2.99524
13055081	662	0.1	-0.1	-0.906402
13055081	663	0.1	-0.1	-0.235173
13055081	664	0.1	-0.1	4.38187
13055081	665	0.1	-0.1	-1.19821
13055081	666	0.1	-0.1	1.14869
13055081	667	0.1	-0.1	0.768424
13055081	668	0.1	-0.1	-4.56969
13055081	669	0.1	-0.1	3.79269
13055081	670	0.1	-0.1	-0.687654
13055081	671	0.1	-0.1	4.26824
13055081	672	0.1	-0.1	2.07019
13055081	673	0.1	-0.1	0.201464
13055081	674	0.1	-0.1	-5.88758
13055081	675	0.1	-0.1	-1.59114
13055081	676	0.1	-0.1	-4.2619
13055081	677	0.1	-0.1	-2.29558
13055081	678	0.1	-0.1	-1.88262
13055081	679	0.1	-0.1	0.546625
13055081	680	0.1	-0.1	-5.7247
13055081	681	0.1	-0.1	-2.90426
13055081	682	0.1	-0.1	5.65911
13055081	683	0.1	-0.1	2.33116
13055081	684	0.1	-0.1	0.991984
13055081	685	0.1	-0.1	4.97107
13055081	686	0.1	-0.1	-0.417466
13055081	687	0.1	-0.1	-5.818
13055081	688	0.1	-0.1	-5.02508
13055081	689	0.1	-0.1	-4.63437
13055081	690	0.1	-0.1	-5.03642
13055081	691	0.1	-0.1	0.455747
13055081	692	0.1	-0.1	1.36061
13055081	693	0.1	-0.1	-0.904681
13055081	694	0.1	-0.1	1.12026
13055081	695	0.1	-0.1	1.87428
13055081	696	0.1	-0.1	-4.79628
13055081	697	0.1	-0.1	3.66342
13055081	698	0.1	-0.1	5.97104
13055081	699	0.1	-0.1	2.3612
13055081	700	0.1	-0.1	0.68086
13055081	701	0.1	-0.1	-4.65389
13055081	702	0.1	-0.1	2.68081
13055081	703	0.1	-0.1	0.632227
13055081	704	0.1	-0.1	2.48273
13055081	705	0.1	-0.1	-4.23358
13055081	706	0.1	-0.1	-3.14578
13055081	707	0.1	-0.1	4.5641
13055081	708	0.1	-0.1	0.118349
13055081	709	0.1	-0.1	-1.70917
13055081	710	0.1	-0.1	5.56996
13055081	711	0.1	-0.1	4.78445
13055081	712	0.1	-0.1	0.692818
13055081	713	0.1	-0.1	-2.90541
13055081	714	0.1	-0.1	3.37026
13055081	715	0.1	-0.1	5.82914
13055081	716	0.1	-0.1	-3.97842
13055081	717	0.1	-0.1	-0.799411
13055081	718	0.1	-0.1	-5.79958
13055081	719	0.1	-0.1	1.51578
13055081	720	0.1	-0.1	3.06077
13055081	721	0.1	-0.1	-2.17092
13055081	722	0.1	-0.1	3.99303
13055081	723	0.1	-0.1	-2.33014
13055081	724	0.1	-0.1	-4.60652
13055081	725	0.1	-0.1	-0.773012
13055081	726	0.1	-0.1	2.58723
13055081	727	0.1	-0.1	-4.96997
13055081	728	0.1	-0.1	-3.91425
13055081	729	0.1	-0.1	5.41785
13055081	730	0.1	-0.1	5.27252
13055081	731	0.1	-0.1	0.903181
13055081	732	0.1	-0.1	-4.31029
13055081	733	0.1	-0.1	-0.224785
13055081	734	0.1	-0.1	2.34943
13055081	735	0.1	-0.1	-4.81905
13055081	736	0.1	-0.1	-0.508498
13055081	737	0.1	-0.1	5.33085
13055081	738	0.1	-0.1	4.88217
13055081	739	0.1	-0.1	-2.2743
13055081	740	0.1	-0.1	-1.55771
13055081	741	0.1	-0.1	-3.35728
13055081	742	0.1	-0.1	-0.7429
13055081	743	0.1	-0.1	1.84829
13055081	744	0.1	-0.1	-3.73453
13055081	745	0.1	-0.1	0.901531
13055081	746	0.1	-0.1	-1.0159
13055081	747	0.1	-0.1	4.54277
13055081	748	0.1	-0.1	-4.40196
13055081	749	0.1	-0.1	-1.78731
13055081	750	0.1	-0.1	-4.50632
13055081	751	0.1	-0.1	-5.36935
13055081	752	0.1	-0.1	2.7192
13055081	753	0.1	-0.1	-3.21896
13055081	754	0.1	-0.1	-1.84828
13055081	755	0.1	-0.1	-5.44368
13055081	756	0.1	-0.1	4.59846
13055081	757	0.1	-0.1	0.528626
13055081	758	0.1	-0.1	-3.46724
13055081	759	0.1	-0.1	1.26118
13055081	760	0.1	-0.1	-0.0950007
13055081	761	0.1	-0.1	-0.556287
13055081	762	0.1	-0.1	5.56847
13055081	763	0.1	-0.1	5.27688
13055081	764	0.1	-0.1	-3.21969
13055081	765	0.1	-0.1	1.30596
13055081	766	0.1	-0.1	-1.09513
13055081	767	0.1	-0.1	1.59551
13055081	768	0.1	-0.1	2.8425
13055081	769	0.1	-0.1	1.86257
13055081	770	0.1	-0.1	-1.71338
13055081	771	0.1	-0.1	-3.70678
13055081	772	0.1	-0.1	-3.7037
13055081	773	0.1	-0.1	0.463669
13055081	774	0.1	-0.1	-3.10631
13055081	775	0.1	-0.1	-0.0868076
13055081	776	0.1	-0.1	-4.15753
13055081	777	0.1	-0.1	0.029155
13055081	778	0.1	-0.1	-5.03847
13055081	779	0.1	-0.1	-1.15886
13055081	780	0.1	-0.1	-3.96543
13055081	781	0.1	-0.1	-5.45872
13055081	782	0.1	-0.1	-5.22719
13055081	783	0.1	-0.1	-1.80155
13055081	784	0.1	-0.1	5.17089
13055081	785	0.1	-0.1	1.9938
13055081	786	0.1	-0.1	1.9419
13055081	787	0.1	-0.1	-4.12968
13055081	788	0.1	-0.1	-2.19832
13055081	789	0.1	-0.1	5.8648
13055081	790	0.1	-0.1	3.49828
13055081	791	0.1	-0.1	0.643457
13055081	792	0.1	-0.1	0.220857
13055081	793	0.1	-0.1	-3.76724
13055081	794	0.1	-0.1	0.1297
13055081	795	0.1	-0.1	-1.12773
13055081	796	0.1	-0.1	1.4253
13055081	797	0.1	-0.1	-3.6922
13055081	798	0.1	-0.1	3.56452
13055081	799	0.1	-0.1	0.571267
13055081	800	0.1	-0.1	-1.51501
13055081	801	0.1	-0.1	-2.21633
13055081	802	0.1	-0.1	-4.04914
13055081	803	0.1	-0.1	-2.1074
13055081	804	0.1	-0.1	5.40684
13055081	805	0.1	-0.1	-1.79679
13055081	806	0.1	-0.1	-5.56739
13055081	807	0.1	-0.1	-4.69797
13055081	808	0.1	-0.1	-1.04275
13055081	809	0.1	-0.1	-2.4983
13055081	810	0.1	-0.1	4.47495
13055081	811	0.1	-0.1	5.50897
13055081	812	0.1	-0.1	-5.16433
13055081	813	0.1	-0.1	-4.76395
13055081	814	0.1	-0.1	3.34763
13055081	815	0.1	-0.1	1.7614
13055081	816	0.1	-0.1	-3.28133
13055081	817	0.1	-0.1	-5.47466
13055081	818	0.1	-0.1	1.4843
13055081	819	0.1	-0.1	3.85843
13055081	820	0.1	-0.1	-1.12984
13055081	821	0.1	-0.1	-0.122515
13055081	822	0.1	-0.1	-4.94261
13055081	823	0.1	-0.1	-0.310624
13055081	824	0.1	-0.1	3.26743
13055081	825	0.1	-0.1	-0.0512461
13055081	826	0.1	-0.1	2.92613
13055081	827	0.1	-0.1	5.24009
13055081	828	0.1	-0.1	2.80777
13055081	829	0.1	-0.1	-2.14859
13055081	830	0.1	-0.1	-4.02498
13055081	831	0.1	-0.1	-4.1407
13055081	832	0.1	-0.1	5.01578
13055081	833	0.1	-0.1	-2.83982
13055081	834	0.1	-0.1	0.671223
13055081	835	0.1	-0.1	0.56194
13055081	836	0.1	-0.1	-5.77152
13055081	837	0.1	-0.1	3.15251
13055081	838	0.1	-0.1	-5.81475
13055081	839	0.1	-0.1	0.807355
13055081	840	0.1	-0.1	-1.92977
13055081	841	0.1	-0.1	5.71235
13055081	842	0.1	-0.1	-5.39513
13055081	843	0.1	-0.1	3.47093
13055081	844	0.1	-0.1	3.49997
13055081	845	0.1	-0.1	0.304001
13055081	846	0.1	-0.1	1.01823
13055081	847	0.1	-0.1	-5.08877
13055081	848	0.1	-0.1	-5.18364
13055081	849	0.1	-0.1	5.66689
13055081	850	0.1	-0.1	-4.67553
13055081	851	0.1	-0.1	4.41375
13055081	852	0.1	-0.1	-2.07312
13055081	853	0.1	-0.1	-5.79652
13055081	854	0.1	-0.1	3.54742
13055081	855	0.1	-0.1	-3.77837
13055081	856	0.1	-0.1	-1.6673
13055081	857	0.1	-0.1	-3.19889
13055081	858	0.1	-0.1	-5.782
13055081	859	0.1	-0.1	-2.09418
13055081	860	0.1	-0.1	-1.70983
13055081	861	0.1	-0.1	0.915774
13055081	862	0.1	-0.1	1.1308
13055081	863	0.1	-0.1	4.40101
13055081	864	0.1	-0.1	0.807819
13055081	865	0.1	-0.1	3.04836
13055081	866	0.1	-0.1	2.49486
13055081	867	0.1	-0.1	-5.43949
13055081	868	0.1	-0.1	-5.16481
13055081	869	0.1	-0.1	-0.57652
13055081	870	0.1	-0.1	-3.69732
13055081	871	0.1	-0.1	2.51749
13055081	872	0.1	-0.1	3.7186
13055081	873	0.1	-0.1	-0.910811
13055081	874	0.1	-0.1	3.21806
13055081	875	0.1	-0.1	-4.56316
13055081	876	0.1	-0.1	-3.84002
13055081	877	0.1	-0.1	4.21999
13055081	878	0.1	-0.1	2.56668
13055081	879	0.1	-0.1	0.336039
13055081	880	0.1	-0.1	4.52356
13055081	881	0.1	-0.1	-2.17233
13055081	882	0.1	-0.1	5.76176
13055081	883	0.1	-0.1	2.46688
13055081	884	0.1	-0.1	3.43091
13055081	885	0.1	-0.1	-4.80961
13055081	886	0.1	-0.1	3.72481
13055081	887	0.1	-0.1	2.35943
13055081	888	0.1	-0.1	-0.224557
13055081	889	0.1	-0.1	-4.33636
13055081	890	0.1	-0.1	3.3712
13055081	891	0.1	-0.1	-5.44658
13055081	892	0.1	-0.1	-4.64621
13055081	893	0.1	-0.1	4.83687
13055081	894	0.1	-0.1	-5.07785
13055081	895	0.1	-0.1	-4.55789
13055081	896	0.1	-0.1	-3.02678
13055081	897	0.1	-0.1	-5.92609
13055081	898	0.1	-0.1	2.77224
13055081	899	0.1	-0.1	2.26626
13055081	900	0.1	-0.1	-3.10495
13055081	901	0.1	-0.1	-5.03563
13055081	902	0.1	-0.1	-4.18027
13055081	903	0.1	-0.1	5.45359
13055081	904	0.1	-0.1	-2.21869
13055081	905	0.1	-0.1	2.07673
13055081	906	0.1	-0.1	0.608638
13055081	907	0.1	-0.1	-5.77424
13055081	908	0.1	-0.1	0.792216
13055081	909	0.1	-0.1	-3.85184
13055081	910	0.1	-0.1	-0.160005
13055081	911	0.1	-0.1	-3.78244
13055081	912	0.1	-0.1	1.27201
13055081	913	0.1	-0.1	-2.21995
13055081	914	0.1	-0.1	-2.91003
13055081	915	0.1	-0.1	1.15976
13055081	916	0.1	-0.1	5.48345
13055081	917	0.1	-0.1	0.61309
13055081	918	0.1	-0.1	1.72473
13055081	919	0.1	-0.1	0.506724
13055081	920	0.1	-0.1	5.76339
13055081	921	0.1	-0.1	0.654225
13055081	922	0.1	-0.1	0.853644
13055081	923	0.1	-0.1	4.66253
13055081	924	0.1	-0.1	-5.24762
13055081	925	0.1	-0.1	-3.30723
13055081	926	0.1	-0.1	3.82768
13055081	927	0.1	-0.1	2.88123
13055081	928	0.1	-0.1	1.94064
13055081	929	0.1	-0.1	5.89728
13055081	930	0.1	-0.1	-5.3848
13055081	931	0.1	-0.1	2.62657
13055081	932	0.1	-0.1	-5.85152
13055081	933	0.1	-0.1	1.22571
13055081	934	0.1	-0.1	4.19392
13055081	935	0.1	-0.1	-1.11457
13055081	936	0.1	-0.1	4.44463
13055081	937	0.1	-0.1	0.427131
13055081	938	0.1	-0.1	2.07655
13055081	939	0.1	-0.1	-5.55002
13055081	940	0.1	-0.1	4.45287
13055081	941	0.1	-0.1	-3.54111
13055081	942	0.1	-0.1	-0.518716
13055081	943	0.1	-0.1	3.39151
13055081	944	0.1	-0.1	2.67701
13055081	945	0.1	-0.1	2.68511
13055081	946	0.1	-0.1	5.02596
13055081	947	0.1	-0.1	0.33459
13055081	948	0.1	-0.1	2.8811
13055081	949	0.1	-0.1	5.46088
13055081	950	0.1	-0.1	-3.64242
13055081	951	0.1	-0.1	-1.42094
13055081	952	0.1	-0.1	-0.120743
13055081	953	0.1	-0.1	0.706127
13055081	954	0.1	-0.1	-3.47411
13055081	955	0.1	-0.1	-3.80745
13055081	956	0.1	-0.1	-2.29343
13055081	957	0.1	-0.1	-2.12795
13055081	958	0.1	-0.1	-3.88819
13055081	959	0.1	-0.1	2.44809
13055081	960	0.1	-0.1	-0.833764
13055081	961	0.1	-0.1	3.94812
13055081	962	0.1	-0.1	-1.42795
13055081	963	0.1	-0.1	0.738719
13055081	964	0.1	-0.1	4.91978
13055081	965	0.1	-0.1	0.97101
13055081	966	0.1	-0.1	-5.16246
13055081	967	0.1	-0.1	-3.26188
13055081	968	0.1	-0.1	-4.74428
13055081	969	0.1	-0.1	-3.1711
13055081	970	0.1	-0.1	4.4222
13055081	971	0.1	-0.1	-1.97721
13055081	972	0.1	-0.1	0.865882
13055081	973	0.1	-0.1	-1.1695
13055081	974	0.1	-0.1	3.78415
13055081	975	0.1	-0.1	-0.674234
13055081	976	0.1	-0.1	-2.89768
13055081	977	0.1	-0.1	0.133965
13055081	978	0.1	-0.1	-5.06637
13055081	979	0.1	-0.1	-2.48514
13055081	980	0.1	-0.1	1.09056
13055081	981	0.1	-0.1	-2.38064
13055081	982	0.1	-0.1	4.60881
13055081	983	0.1	-0.1	-4.0244
13055081	984	0.1	-0.1	2.89013
13055081	985	0.1	-0.1	4.52166
13055081	986	0.1	-0.1	1.96659
13055081	987	0.1	-0.1	-3.41726
13055081	988	0.1	-0.1	-4.12398
13055081	989	0.1	-0.1	-5.70321
13055081	990	0.1	-0.1	-0.150864
13055081	991	0.1	-0.1	-3.82594
13055081	992	0.1	-0.1	-5.5164
13055081	993	0.1	-0.1	-5.7195
13055081	994	0.1	-0.1	2.64786
13055081	995	0.1	-0.1	0.584216
13055081	996	0.1	-0.1	-2.36647
13055081	997	0.1	-0.1	-5.78007
13055081	998	0.1	-0.1	1.75856
13055081	999	0.1	-0.1	4.46986
13055081	1000	0.1	-0.1	-0.958539
