13051081	1	0.1	-0.1	5.78487
13051081	2	0.1	-0.1	2.10573
13051081	3	0.1	-0.1	4.14392
13051081	4	0.1	-0.1	1.6364
13051081	5	0.1	-0.1	3.59637
13051081	6	0.1	-0.1	0.0206758
13051081	7	0.1	-0.1	-2.09973
13051081	8	0.1	-0.1	2.87724
13051081	9	0.1	-0.1	4.69122
13051081	10	0.1	-0.1	4.99872
13051081	11	0.1	-0.1	5.96966
13051081	12	0.1	-0.1	-3.13937
13051081	13	0.1	-0.1	3.12324
13051081	14	0.1	-0.1	-5.03351
13051081	15	0.1	-0.1	3.04003
13051081	16	0.1	-0.1	-5.40145
13051081	17	0.1	-0.1	-3.84131
13051081	18	0.1	-0.1	-0.793068
13051081	19	0.1	-0.1	-1.11039
13051081	20	0.1	-0.1	-2.87826
13051081	21	0.1	-0.1	1.34223
13051081	22	0.1	-0.1	-3.04043
13051081	23	0.1	-0.1	5.81479
13051081	24	0.1	-0.1	-1.84063
13051081	25	0.1	-0.1	3.59112
13051081	26	0.1	-0.1	2.41988
13051081	27	0.1	-0.1	-2.00141
13051081	28	0.1	-0.1	-2.52489
13051081	29	0.1	-0.1	0.631249
13051081	30	0.1	-0.1	2.68242
13051081	31	0.1	-0.1	-5.13571
13051081	32	0.1	-0.1	-3.6315
13051081	33	0.1	-0.1	5.85007
13051081	34	0.1	-0.1	0.785125
13051081	35	0.1	-0.1	4.26
13051081	36	0.1	-0.1	3.806
13051081	37	0.1	-0.1	0.694419
13051081	38	0.1	-0.1	-0.458917
13051081	39	0.1	-0.1	0.036945
13051081	40	0.1	-0.1	4.31709
13051081	41	0.1	-0.1	5.94215
13051081	42	0.1	-0.1	-4.34871
13051081	43	0.1	-0.1	-1.1572
13051081	44	0.1	-0.1	-0.446097
13051081	45	0.1	-0.1	0.657661
13051081	46	0.1	-0.1	-3.81344
13051081	47	0.1	-0.1	-0.614564
13051081	48	0.1	-0.1	3.62981
13051081	49	0.1	-0.1	0.846398
13051081	50	0.1	-0.1	-4.60219
13051081	51	0.1	-0.1	-3.02645
13051081	52	0.1	-0.1	-4.36617
13051081	53	0.1	-0.1	-3.43218
13051081	54	0.1	-0.1	4.35176
13051081	55	0.1	-0.1	-3.31737
13051081	56	0.1	-0.1	-4.37548
13051081	57	0.1	-0.1	2.62713
13051081	58	0.1	-0.1	5.44519
13051081	59	0.1	-0.1	-0.843197
13051081	60	0.1	-0.1	-2.792
13051081	61	0.1	-0.1	-2.19057
13051081	62	0.1	-0.1	5.79689
13051081	63	0.1	-0.1	3.88309
13051081	64	0.1	-0.1	-5.91514
13051081	65	0.1	-0.1	5.22491
13051081	66	0.1	-0.1	4.46717
13051081	67	0.1	-0.1	4.35774
13051081	68	0.1	-0.1	4.72079
13051081	69	0.1	-0.1	-2.1932
13051081	70	0.1	-0.1	-5.28074
13051081	71	0.1	-0.1	2.63629
13051081	72	0.1	-0.1	0.246759
13051081	73	0.1	-0.1	-2.50665
13051081	74	0.1	-0.1	3.1106
13051081	75	0.1	-0.1	0.78454
13051081	76	0.1	-0.1	4.93259
13051081	77	0.1	-0.1	-4.28528
13051081	78	0.1	-0.1	-4.67602
13051081	79	0.1	-0.1	4.69224
13051081	80	0.1	-0.1	-5.54736
13051081	81	0.1	-0.1	-5.38317
13051081	82	0.1	-0.1	1.22438
13051081	83	0.1	-0.1	4.85596
13051081	84	0.1	-0.1	-2.99644
13051081	85	0.1	-0.1	-3.19443
13051081	86	0.1	-0.1	-0.224258
13051081	87	0.1	-0.1	2.00753
13051081	88	0.1	-0.1	-0.086801
13051081	89	0.1	-0.1	-3.71108
13051081	90	0.1	-0.1	2.65405
13051081	91	0.1	-0.1	0.0188488
13051081	92	0.1	-0.1	5.18816
13051081	93	0.1	-0.1	2.09097
13051081	94	0.1	-0.1	-5.33343
13051081	95	0.1	-0.1	3.25777
13051081	96	0.1	-0.1	5.83456
13051081	97	0.1	-0.1	-2.7966
13051081	98	0.1	-0.1	1.15886
13051081	99	0.1	-0.1	-5.46639
13051081	100	0.1	-0.1	-0.790161
13051081	101	0.1	-0.1	5.83236
13051081	102	0.1	-0.1	2.77365
13051081	103	0.1	-0.1	0.565691
13051081	104	0.1	-0.1	-2.77107
13051081	105	0.1	-0.1	-3.12034
13051081	106	0.1	-0.1	-4.83288
13051081	107	0.1	-0.1	0.882237
13051081	108	0.1	-0.1	-2.99092
13051081	109	0.1	-0.1	-2.22212
13051081	110	0.1	-0.1	-2.24541
13051081	111	0.1	-0.1	0.0587862
13051081	112	0.1	-0.1	-4.92253
13051081	113	0.1	-0.1	2.52588
13051081	114	0.1	-0.1	4.41085
13051081	115	0.1	-0.1	1.2236
13051081	116	0.1	-0.1	2.95579
13051081	117	0.1	-0.1	-2.21963
13051081	118	0.1	-0.1	4.049
13051081	119	0.1	-0.1	-0.1748
13051081	120	0.1	-0.1	-1.68307
13051081	121	0.1	-0.1	-2.03445
13051081	122	0.1	-0.1	-1.01063
13051081	123	0.1	-0.1	0.260663
13051081	124	0.1	-0.1	3.80695
13051081	125	0.1	-0.1	2.82987
13051081	126	0.1	-0.1	0.531319
13051081	127	0.1	-0.1	0.20885
13051081	128	0.1	-0.1	3.31261
13051081	129	0.1	-0.1	1.54332
13051081	130	0.1	-0.1	1.66653
13051081	131	0.1	-0.1	-4.00769
13051081	132	0.1	-0.1	-2.95705
13051081	133	0.1	-0.1	2.37935
13051081	134	0.1	-0.1	-1.38198
13051081	135	0.1	-0.1	2.38596
13051081	136	0.1	-0.1	-0.945561
13051081	137	0.1	-0.1	0.562195
13051081	138	0.1	-0.1	5.53442
13051081	139	0.1	-0.1	0.601263
13051081	140	0.1	-0.1	-2.76065
13051081	141	0.1	-0.1	3.71699
13051081	142	0.1	-0.1	-5.8167
13051081	143	0.1	-0.1	-2.0321
13051081	144	0.1	-0.1	4.253
13051081	145	0.1	-0.1	3.66835
13051081	146	0.1	-0.1	-1.24515
13051081	147	0.1	-0.1	3.13802
13051081	148	0.1	-0.1	1.45898
13051081	149	0.1	-0.1	-2.21727
13051081	150	0.1	-0.1	4.62657
13051081	151	0.1	-0.1	-3.67419
13051081	152	0.1	-0.1	-3.28751
13051081	153	0.1	-0.1	0.627239
13051081	154	0.1	-0.1	-0.977522
13051081	155	0.1	-0.1	-4.52706
13051081	156	0.1	-0.1	-1.15845
13051081	157	0.1	-0.1	-4.99551
13051081	158	0.1	-0.1	0.830517
13051081	159	0.1	-0.1	-0.943085
13051081	160	0.1	-0.1	-0.335059
13051081	161	0.1	-0.1	-1.12154
13051081	162	0.1	-0.1	0.961069
13051081	163	0.1	-0.1	2.29441
13051081	164	0.1	-0.1	-0.043705
13051081	165	0.1	-0.1	-1.23898
13051081	166	0.1	-0.1	-2.77528
13051081	167	0.1	-0.1	-5.94993
13051081	168	0.1	-0.1	-4.1215
13051081	169	0.1	-0.1	1.48503
13051081	170	0.1	-0.1	5.54838
13051081	171	0.1	-0.1	3.38625
13051081	172	0.1	-0.1	1.0809
13051081	173	0.1	-0.1	4.90038
13051081	174	0.1	-0.1	-1.46164
13051081	175	0.1	-0.1	-0.480524
13051081	176	0.1	-0.1	4.21881
13051081	177	0.1	-0.1	5.26983
13051081	178	0.1	-0.1	0.164979
13051081	179	0.1	-0.1	3.58537
13051081	180	0.1	-0.1	-3.04156
13051081	181	0.1	-0.1	1.86363
13051081	182	0.1	-0.1	-5.74019
13051081	183	0.1	-0.1	-4.24142
13051081	184	0.1	-0.1	-4.73966
13051081	185	0.1	-0.1	-5.03042
13051081	186	0.1	-0.1	5.39741
13051081	187	0.1	-0.1	1.23232
13051081	188	0.1	-0.1	-4.58168
13051081	189	0.1	-0.1	-5.95954
13051081	190	0.1	-0.1	2.25185
13051081	191	0.1	-0.1	5.90151
13051081	192	0.1	-0.1	3.21472
13051081	193	0.1	-0.1	-1.72951
13051081	194	0.1	-0.1	2.94353
13051081	195	0.1	-0.1	-4.0978
13051081	196	0.1	-0.1	-3.14221
13051081	197	0.1	-0.1	0.00777532
13051081	198	0.1	-0.1	-5.74823
13051081	199	0.1	-0.1	5.62201
13051081	200	0.1	-0.1	-2.01481
13051081	201	0.1	-0.1	-3.9229
13051081	202	0.1	-0.1	1.9782
13051081	203	0.1	-0.1	1.13084
13051081	204	0.1	-0.1	2.673
13051081	205	0.1	-0.1	1.71146
13051081	206	0.1	-0.1	0.259591
13051081	207	0.1	-0.1	1.31419
13051081	208	0.1	-0.1	-5.89614
13051081	209	0.1	-0.1	4.78576
13051081	210	0.1	-0.1	-3.46143
13051081	211	0.1	-0.1	-1.44285
13051081	212	0.1	-0.1	1.12742
13051081	213	0.1	-0.1	2.08152
13051081	214	0.1	-0.1	-3.21536
13051081	215	0.1	-0.1	-4.97878
13051081	216	0.1	-0.1	2.38819
13051081	217	0.1	-0.1	1.43361
13051081	218	0.1	-0.1	-4.12755
13051081	219	0.1	-0.1	0.153178
13051081	220	0.1	-0.1	0.12881
13051081	221	0.1	-0.1	1.69061
13051081	222	0.1	-0.1	-3.59669
13051081	223	0.1	-0.1	2.78275
13051081	224	0.1	-0.1	-2.64962
13051081	225	0.1	-0.1	3.28625
13051081	226	0.1	-0.1	-0.423691
13051081	227	0.1	-0.1	3.66706
13051081	228	0.1	-0.1	4.92133
13051081	229	0.1	-0.1	-4.21077
13051081	230	0.1	-0.1	-1.43469
13051081	231	0.1	-0.1	1.50693
13051081	232	0.1	-0.1	-3.51503
13051081	233	0.1	-0.1	5.32918
13051081	234	0.1	-0.1	-0.34132
13051081	235	0.1	-0.1	-0.529236
13051081	236	0.1	-0.1	3.26688
13051081	237	0.1	-0.1	2.39164
13051081	238	0.1	-0.1	-5.98616
13051081	239	0.1	-0.1	0.358379
13051081	240	0.1	-0.1	-1.40204
13051081	241	0.1	-0.1	-0.80624
13051081	242	0.1	-0.1	-1.49252
13051081	243	0.1	-0.1	5.22857
13051081	244	0.1	-0.1	-3.92911
13051081	245	0.1	-0.1	1.07652
13051081	246	0.1	-0.1	-5.41404
13051081	247	0.1	-0.1	-0.180553
13051081	248	0.1	-0.1	-4.72153
13051081	249	0.1	-0.1	2.96325
13051081	250	0.1	-0.1	-4.6572
13051081	251	0.1	-0.1	-0.509478
13051081	252	0.1	-0.1	1.52509
13051081	253	0.1	-0.1	-5.97495
13051081	254	0.1	-0.1	0.219274
13051081	255	0.1	-0.1	-2.17408
13051081	256	0.1	-0.1	-0.728126
13051081	257	0.1	-0.1	-1.4229
13051081	258	0.1	-0.1	-1.03981
13051081	259	0.1	-0.1	-5.11493
13051081	260	0.1	-0.1	-2.28329
13051081	261	0.1	-0.1	-3.88762
13051081	262	0.1	-0.1	-5.20238
13051081	263	0.1	-0.1	3.57955
13051081	264	0.1	-0.1	5.70629
13051081	265	0.1	-0.1	0.734383
13051081	266	0.1	-0.1	0.233717
13051081	267	0.1	-0.1	-2.00542
13051081	268	0.1	-0.1	2.81701
13051081	269	0.1	-0.1	4.49101
13051081	270	0.1	-0.1	-0.823294
13051081	271	0.1	-0.1	-0.192348
13051081	272	0.1	-0.1	5.06889
13051081	273	0.1	-0.1	1.31504
13051081	274	0.1	-0.1	4.35049
13051081	275	0.1	-0.1	0.0235087
13051081	276	0.1	-0.1	-2.50965
13051081	277	0.1	-0.1	0.31593
13051081	278	0.1	-0.1	-4.03238
13051081	279	0.1	-0.1	-1.2346
13051081	280	0.1	-0.1	4.45705
13051081	281	0.1	-0.1	5.08176
13051081	282	0.1	-0.1	4.63823
13051081	283	0.1	-0.1	1.31552
13051081	284	0.1	-0.1	3.92614
13051081	285	0.1	-0.1	-4.20029
13051081	286	0.1	-0.1	-1.21499
13051081	287	0.1	-0.1	4.68849
13051081	288	0.1	-0.1	2.21121
13051081	289	0.1	-0.1	5.95133
13051081	290	0.1	-0.1	5.80119
13051081	291	0.1	-0.1	2.67012
13051081	292	0.1	-0.1	-0.341448
13051081	293	0.1	-0.1	4.67361
13051081	294	0.1	-0.1	1.1999
13051081	295	0.1	-0.1	1.01292
13051081	296	0.1	-0.1	-4.65137
13051081	297	0.1	-0.1	-0.738385
13051081	298	0.1	-0.1	2.45603
13051081	299	0.1	-0.1	-1.45338
13051081	300	0.1	-0.1	4.12799
13051081	301	0.1	-0.1	-2.24707
13051081	302	0.1	-0.1	-2.80561
13051081	303	0.1	-0.1	-5.70166
13051081	304	0.1	-0.1	0.75772
13051081	305	0.1	-0.1	-5.54065
13051081	306	0.1	-0.1	-5.15634
13051081	307	0.1	-0.1	4.33201
13051081	308	0.1	-0.1	-1.6607
13051081	309	0.1	-0.1	-1.20151
13051081	310	0.1	-0.1	1.56267
13051081	311	0.1	-0.1	3.94774
13051081	312	0.1	-0.1	1.12789
13051081	313	0.1	-0.1	0.715402
13051081	314	0.1	-0.1	-1.7468
13051081	315	0.1	-0.1	2.89185
13051081	316	0.1	-0.1	4.12037
13051081	317	0.1	-0.1	0.664353
13051081	318	0.1	-0.1	0.162602
13051081	319	0.1	-0.1	5.72934
13051081	320	0.1	-0.1	-3.09183
13051081	321	0.1	-0.1	3.04738
13051081	322	0.1	-0.1	0.649598
13051081	323	0.1	-0.1	-1.50538
13051081	324	0.1	-0.1	1.3893
13051081	325	0.1	-0.1	4.70512
13051081	326	0.1	-0.1	4.35677
13051081	327	0.1	-0.1	-3.60113
13051081	328	0.1	-0.1	4.16556
13051081	329	0.1	-0.1	0.058112
13051081	330	0.1	-0.1	-2.04529
13051081	331	0.1	-0.1	-3.13828
13051081	332	0.1	-0.1	0.629266
13051081	333	0.1	-0.1	-5.61315
13051081	334	0.1	-0.1	-5.7146
13051081	335	0.1	-0.1	5.91311
13051081	336	0.1	-0.1	1.54726
13051081	337	0.1	-0.1	-3.33451
13051081	338	0.1	-0.1	0.654032
13051081	339	0.1	-0.1	-4.16235
13051081	340	0.1	-0.1	3.7078
13051081	341	0.1	-0.1	2.3113
13051081	342	0.1	-0.1	4.23954
13051081	343	0.1	-0.1	-1.87917
13051081	344	0.1	-0.1	1.22222
13051081	345	0.1	-0.1	-5.16914
13051081	346	0.1	-0.1	-5.94066
13051081	347	0.1	-0.1	4.34958
13051081	348	0.1	-0.1	-2.62427
13051081	349	0.1	-0.1	-0.692333
13051081	350	0.1	-0.1	1.99951
13051081	351	0.1	-0.1	2.80338
13051081	352	0.1	-0.1	1.73456
13051081	353	0.1	-0.1	3.36344
13051081	354	0.1	-0.1	3.81148
13051081	355	0.1	-0.1	-0.74314
13051081	356	0.1	-0.1	-2.39857
13051081	357	0.1	-0.1	-5.99301
13051081	358	0.1	-0.1	4.51772
13051081	359	0.1	-0.1	1.78603
13051081	360	0.1	-0.1	-1.5578
13051081	361	0.1	-0.1	-1.18445
13051081	362	0.1	-0.1	-5.2382
13051081	363	0.1	-0.1	0.419453
13051081	364	0.1	-0.1	0.0302712
13051081	365	0.1	-0.1	3.12271
13051081	366	0.1	-0.1	-3.14666
13051081	367	0.1	-0.1	3.01995
13051081	368	0.1	-0.1	3.41739
13051081	369	0.1	-0.1	-3.66985
13051081	370	0.1	-0.1	3.83849
13051081	371	0.1	-0.1	-5.17785
13051081	372	0.1	-0.1	-5.66285
13051081	373	0.1	-0.1	-4.15231
13051081	374	0.1	-0.1	-4.12606
13051081	375	0.1	-0.1	1.74314
13051081	376	0.1	-0.1	1.40139
13051081	377	0.1	-0.1	-1.10142
13051081	378	0.1	-0.1	-2.52949
13051081	379	0.1	-0.1	1.79222
13051081	380	0.1	-0.1	0.253345
13051081	381	0.1	-0.1	-4.27436
13051081	382	0.1	-0.1	4.40324
13051081	383	0.1	-0.1	-1.87689
13051081	384	0.1	-0.1	3.37634
13051081	385	0.1	-0.1	-1.44673
13051081	386	0.1	-0.1	0.910888
13051081	387	0.1	-0.1	5.12584
13051081	388	0.1	-0.1	-4.47984
13051081	389	0.1	-0.1	-5.71142
13051081	390	0.1	-0.1	4.17047
13051081	391	0.1	-0.1	3.73995
13051081	392	0.1	-0.1	-2.98216
13051081	393	0.1	-0.1	-3.36509
13051081	394	0.1	-0.1	-0.758558
13051081	395	0.1	-0.1	4.55738
13051081	396	0.1	-0.1	-0.326086
13051081	397	0.1	-0.1	-4.76048
13051081	398	0.1	-0.1	-1.7253
13051081	399	0.1	-0.1	-0.4955
13051081	400	0.1	-0.1	-3.45825
13051081	401	0.1	-0.1	3.08906
13051081	402	0.1	-0.1	-2.05989
13051081	403	0.1	-0.1	-5.6535
13051081	404	0.1	-0.1	-4.98107
13051081	405	0.1	-0.1	3.30647
13051081	406	0.1	-0.1	-0.375422
13051081	407	0.1	-0.1	-4.03353
13051081	408	0.1	-0.1	-1.85012
13051081	409	0.1	-0.1	-0.328768
13051081	410	0.1	-0.1	1.52447
13051081	411	0.1	-0.1	1.80261
13051081	412	0.1	-0.1	-2.05034
13051081	413	0.1	-0.1	-5.2394
13051081	414	0.1	-0.1	-4.46258
13051081	415	0.1	-0.1	2.53812
13051081	416	0.1	-0.1	-5.45379
13051081	417	0.1	-0.1	-5.92956
13051081	418	0.1	-0.1	-0.97607
13051081	419	0.1	-0.1	5.68313
13051081	420	0.1	-0.1	0.575558
13051081	421	0.1	-0.1	-4.84182
13051081	422	0.1	-0.1	-3.41956
13051081	423	0.1	-0.1	-2.19119
13051081	424	0.1	-0.1	-4.61369
13051081	425	0.1	-0.1	-3.87999
13051081	426	0.1	-0.1	0.642922
13051081	427	0.1	-0.1	-5.75496
13051081	428	0.1	-0.1	-3.44434
13051081	429	0.1	-0.1	-0.0347031
13051081	430	0.1	-0.1	-2.84589
13051081	431	0.1	-0.1	0.496829
13051081	432	0.1	-0.1	-4.06639
13051081	433	0.1	-0.1	-2.02686
13051081	434	0.1	-0.1	0.294546
13051081	435	0.1	-0.1	3.99754
13051081	436	0.1	-0.1	0.976586
13051081	437	0.1	-0.1	-5.35521
13051081	438	0.1	-0.1	4.19238
13051081	439	0.1	-0.1	5.51093
13051081	440	0.1	-0.1	-3.90214
13051081	441	0.1	-0.1	-1.99069
13051081	442	0.1	-0.1	-4.02606
13051081	443	0.1	-0.1	5.80029
13051081	444	0.1	-0.1	-0.0732054
13051081	445	0.1	-0.1	-1.61539
13051081	446	0.1	-0.1	-3.34585
13051081	447	0.1	-0.1	1.70195
13051081	448	0.1	-0.1	-3.95237
13051081	449	0.1	-0.1	2.34195
13051081	450	0.1	-0.1	-1.97457
13051081	451	0.1	-0.1	5.58814
13051081	452	0.1	-0.1	3.10732
13051081	453	0.1	-0.1	5.73284
13051081	454	0.1	-0.1	-4.7568
13051081	455	0.1	-0.1	-1.80529
13051081	456	0.1	-0.1	3.58736
13051081	457	0.1	-0.1	-3.58253
13051081	458	0.1	-0.1	3.05243
13051081	459	0.1	-0.1	-2.80381
13051081	460	0.1	-0.1	-0.309092
13051081	461	0.1	-0.1	0.937288
13051081	462	0.1	-0.1	5.89045
13051081	463	0.1	-0.1	2.59553
13051081	464	0.1	-0.1	-1.80511
13051081	465	0.1	-0.1	-2.17131
13051081	466	0.1	-0.1	-0.689041
13051081	467	0.1	-0.1	1.25651
13051081	468	0.1	-0.1	-2.54314
13051081	469	0.1	-0.1	5.27952
13051081	470	0.1	-0.1	-4.12938
13051081	471	0.1	-0.1	0.903822
13051081	472	0.1	-0.1	0.934357
13051081	473	0.1	-0.1	-5.74724
13051081	474	0.1	-0.1	3.98368
13051081	475	0.1	-0.1	5.66001
13051081	476	0.1	-0.1	2.07635
13051081	477	0.1	-0.1	-5.90404
13051081	478	0.1	-0.1	1.55688
13051081	479	0.1	-0.1	2.80334
13051081	480	0.1	-0.1	0.500343
13051081	481	0.1	-0.1	0.756819
13051081	482	0.1	-0.1	-0.292488
13051081	483	0.1	-0.1	-1.55886
13051081	484	0.1	-0.1	-4.31474
13051081	485	0.1	-0.1	0.55055
13051081	486	0.1	-0.1	-1.56821
13051081	487	0.1	-0.1	-4.09401
13051081	488	0.1	-0.1	-4.5944
13051081	489	0.1	-0.1	4.61812
13051081	490	0.1	-0.1	-3.25182
13051081	491	0.1	-0.1	-5.28303
13051081	492	0.1	-0.1	5.43608
13051081	493	0.1	-0.1	5.87345
13051081	494	0.1	-0.1	1.69553
13051081	495	0.1	-0.1	-1.08945
13051081	496	0.1	-0.1	-2.2632
13051081	497	0.1	-0.1	2.43457
13051081	498	0.1	-0.1	-0.796023
13051081	499	0.1	-0.1	5.79823
13051081	500	0.1	-0.1	-4.62481
13051081	501	0.1	-0.1	-0.00478672
13051081	502	0.1	-0.1	-2.81635
13051081	503	0.1	-0.1	-3.22159
13051081	504	0.1	-0.1	-3.48635
13051081	505	0.1	-0.1	5.57896
13051081	506	0.1	-0.1	2.28153
13051081	507	0.1	-0.1	-1.84307
13051081	508	0.1	-0.1	-1.33033
13051081	509	0.1	-0.1	-4.32649
13051081	510	0.1	-0.1	-3.40715
13051081	511	0.1	-0.1	2.76521
13051081	512	0.1	-0.1	4.09863
13051081	513	0.1	-0.1	2.53766
13051081	514	0.1	-0.1	3.64449
13051081	515	0.1	-0.1	4.35765
13051081	516	0.1	-0.1	-0.619865
13051081	517	0.1	-0.1	-3.32701
13051081	518	0.1	-0.1	4.31092
13051081	519	0.1	-0.1	1.73447
13051081	520	0.1	-0.1	0.636173
13051081	521	0.1	-0.1	3.07424
13051081	522	0.1	-0.1	0.0901415
13051081	523	0.1	-0.1	-1.95725
13051081	524	0.1	-0.1	1.46168
13051081	525	0.1	-0.1	0.426135
13051081	526	0.1	-0.1	-5.16817
13051081	527	0.1	-0.1	1.10829
13051081	528	0.1	-0.1	-2.72357
13051081	529	0.1	-0.1	1.047
13051081	530	0.1	-0.1	-5.32826
13051081	531	0.1	-0.1	3.56353
13051081	532	0.1	-0.1	5.12315
13051081	533	0.1	-0.1	3.48492
13051081	534	0.1	-0.1	-5.2675
13051081	535	0.1	-0.1	-3.48183
13051081	536	0.1	-0.1	-1.02733
13051081	537	0.1	-0.1	4.17789
13051081	538	0.1	-0.1	-0.581822
13051081	539	0.1	-0.1	1.37242
13051081	540	0.1	-0.1	-5.56055
13051081	541	0.1	-0.1	3.81145
13051081	542	0.1	-0.1	0.488625
13051081	543	0.1	-0.1	-3.35171
13051081	544	0.1	-0.1	2.34531
13051081	545	0.1	-0.1	-2.00035
13051081	546	0.1	-0.1	3.50265
13051081	547	0.1	-0.1	2.93369
13051081	548	0.1	-0.1	3.37691
13051081	549	0.1	-0.1	0.368536
13051081	550	0.1	-0.1	-3.25692
13051081	551	0.1	-0.1	0.564626
13051081	552	0.1	-0.1	4.05177
13051081	553	0.1	-0.1	-4.88275
13051081	554	0.1	-0.1	0.54818
13051081	555	0.1	-0.1	4.89953
13051081	556	0.1	-0.1	-3.72161
13051081	557	0.1	-0.1	1.68264
13051081	558	0.1	-0.1	2.29145
13051081	559	0.1	-0.1	5.36158
13051081	560	0.1	-0.1	1.71257
13051081	561	0.1	-0.1	0.900827
13051081	562	0.1	-0.1	4.85709
13051081	563	0.1	-0.1	-1.07776
13051081	564	0.1	-0.1	-1.18228
13051081	565	0.1	-0.1	-3.62928
13051081	566	0.1	-0.1	1.85885
13051081	567	0.1	-0.1	0.239587
13051081	568	0.1	-0.1	-0.311474
13051081	569	0.1	-0.1	-0.981884
13051081	570	0.1	-0.1	5.40932
13051081	571	0.1	-0.1	4.28183
13051081	572	0.1	-0.1	2.91125
13051081	573	0.1	-0.1	0.714546
13051081	574	0.1	-0.1	3.85918
13051081	575	0.1	-0.1	-3.9014
13051081	576	0.1	-0.1	2.21619
13051081	577	0.1	-0.1	-4.36625
13051081	578	0.1	-0.1	1.25865
13051081	579	0.1	-0.1	3.44329
13051081	580	0.1	-0.1	0.970529
13051081	581	0.1	-0.1	-3.85133
13051081	582	0.1	-0.1	5.29532
13051081	583	0.1	-0.1	-0.9292
13051081	584	0.1	-0.1	1.77943
13051081	585	0.1	-0.1	-3.21361
13051081	586	0.1	-0.1	-5.68567
13051081	587	0.1	-0.1	-4.6021
13051081	588	0.1	-0.1	5.57478
13051081	589	0.1	-0.1	0.276482
13051081	590	0.1	-0.1	5.80586
13051081	591	0.1	-0.1	5.55733
13051081	592	0.1	-0.1	-5.48426
13051081	593	0.1	-0.1	-2.17838
13051081	594	0.1	-0.1	3.62529
13051081	595	0.1	-0.1	1.79229
13051081	596	0.1	-0.1	5.24453
13051081	597	0.1	-0.1	-5.97808
13051081	598	0.1	-0.1	2.56359
13051081	599	0.1	-0.1	4.31677
13051081	600	0.1	-0.1	-1.98065
13051081	601	0.1	-0.1	-5.96687
13051081	602	0.1	-0.1	1.86384
13051081	603	0.1	-0.1	-0.44078
13051081	604	0.1	-0.1	2.06906
13051081	605	0.1	-0.1	1.81092
13051081	606	0.1	-0.1	4.12199
13051081	607	0.1	-0.1	0.379336
13051081	608	0.1	-0.1	3.2416
13051081	609	0.1	-0.1	-2.44929
13051081	610	0.1	-0.1	2.56191
13051081	611	0.1	-0.1	-0.479082
13051081	612	0.1	-0.1	3.45947
13051081	613	0.1	-0.1	5.9736
13051081	614	0.1	-0.1	-5.3515
13051081	615	0.1	-0.1	-5.70008
13051081	616	0.1	-0.1	-0.903743
13051081	617	0.1	-0.1	-3.71184
13051081	618	0.1	-0.1	2.0623
13051081	619	0.1	-0.1	0.135221
13051081	620	0.1	-0.1	5.88553
13051081	621	0.1	-0.1	-0.761316
13051081	622	0.1	-0.1	-5.73851
13051081	623	0.1	-0.1	-3.81758
13051081	624	0.1	-0.1	5.01288
13051081	625	0.1	-0.1	-1.14526
13051081	626	0.1	-0.1	0.736518
13051081	627	0.1	-0.1	-5.32521
13051081	628	0.1	-0.1	-2.053
13051081	629	0.1	-0.1	2.32763
13051081	630	0.1	-0.1	-4.28812
13051081	631	0.1	-0.1	-2.34257
13051081	632	0.1	-0.1	2.8268
13051081	633	0.1	-0.1	0.864878
13051081	634	0.1	-0.1	-1.66393
13051081	635	0.1	-0.1	2.9044
13051081	636	0.1	-0.1	-2.41151
13051081	637	0.1	-0.1	1.65136
13051081	638	0.1	-0.1	4.45357
13051081	639	0.1	-0.1	3.1226
13051081	640	0.1	-0.1	4.54332
13051081	641	0.1	-0.1	0.0748085
13051081	642	0.1	-0.1	-1.31523
13051081	643	0.1	-0.1	-1.06587
13051081	644	0.1	-0.1	0.839911
13051081	645	0.1	-0.1	-3.20591
13051081	646	0.1	-0.1	-4.23564
13051081	647	0.1	-0.1	2.54921
13051081	648	0.1	-0.1	0.360581
13051081	649	0.1	-0.1	-5.39365
13051081	650	0.1	-0.1	4.1772
13051081	651	0.1	-0.1	1.59692
13051081	652	0.1	-0.1	-5.98575
13051081	653	0.1	-0.1	-3.04796
13051081	654	0.1	-0.1	3.35124
13051081	655	0.1	-0.1	0.57563
13051081	656	0.1	-0.1	4.24645
13051081	657	0.1	-0.1	-2.04987
13051081	658	0.1	-0.1	-3.02163
13051081	659	0.1	-0.1	3.93252
13051081	660	0.1	-0.1	-5.52465
13051081	661	0.1	-0.1	2.59578
13051081	662	0.1	-0.1	-5.98039
13051081	663	0.1	-0.1	-5.42006
13051081	664	0.1	-0.1	-4.07501
13051081	665	0.1	-0.1	1.169
13051081	666	0.1	-0.1	-2.43941
13051081	667	0.1	-0.1	-4.90085
13051081	668	0.1	-0.1	1.30251
13051081	669	0.1	-0.1	-5.48367
13051081	670	0.1	-0.1	5.01403
13051081	671	0.1	-0.1	-3.40602
13051081	672	0.1	-0.1	-1.16699
13051081	673	0.1	-0.1	-3.71607
13051081	674	0.1	-0.1	1.24437
13051081	675	0.1	-0.1	3.65118
13051081	676	0.1	-0.1	-5.38559
13051081	677	0.1	-0.1	-0.814507
13051081	678	0.1	-0.1	-4.11203
13051081	679	0.1	-0.1	-5.18809
13051081	680	0.1	-0.1	-1.99479
13051081	681	0.1	-0.1	2.80174
13051081	682	0.1	-0.1	2.52013
13051081	683	0.1	-0.1	3.85225
13051081	684	0.1	-0.1	1.15109
13051081	685	0.1	-0.1	-0.402985
13051081	686	0.1	-0.1	0.181886
13051081	687	0.1	-0.1	-2.45881
13051081	688	0.1	-0.1	-4.98783
13051081	689	0.1	-0.1	0.591331
13051081	690	0.1	-0.1	-3.97169
13051081	691	0.1	-0.1	-2.06008
13051081	692	0.1	-0.1	2.99992
13051081	693	0.1	-0.1	-0.873332
13051081	694	0.1	-0.1	-3.95221
13051081	695	0.1	-0.1	2.46726
13051081	696	0.1	-0.1	2.17465
13051081	697	0.1	-0.1	-2.06925
13051081	698	0.1	-0.1	-1.21468
13051081	699	0.1	-0.1	2.92312
13051081	700	0.1	-0.1	1.40453
13051081	701	0.1	-0.1	-4.00833
13051081	702	0.1	-0.1	1.14812
13051081	703	0.1	-0.1	-3.20694
13051081	704	0.1	-0.1	4.70082
13051081	705	0.1	-0.1	-3.79001
13051081	706	0.1	-0.1	-2.25767
13051081	707	0.1	-0.1	2.32118
13051081	708	0.1	-0.1	-0.454401
13051081	709	0.1	-0.1	5.96224
13051081	710	0.1	-0.1	-5.49153
13051081	711	0.1	-0.1	-1.34144
13051081	712	0.1	-0.1	3.01381
13051081	713	0.1	-0.1	-5.50798
13051081	714	0.1	-0.1	-4.43199
13051081	715	0.1	-0.1	2.56948
13051081	716	0.1	-0.1	3.62511
13051081	717	0.1	-0.1	-0.587933
13051081	718	0.1	-0.1	-1.32827
13051081	719	0.1	-0.1	-2.13978
13051081	720	0.1	-0.1	-2.67634
13051081	721	0.1	-0.1	-1.84162
13051081	722	0.1	-0.1	5.80704
13051081	723	0.1	-0.1	-5.05061
13051081	724	0.1	-0.1	-0.230175
13051081	725	0.1	-0.1	-5.41587
13051081	726	0.1	-0.1	-4.9002
13051081	727	0.1	-0.1	0.0357171
13051081	728	0.1	-0.1	-1.66389
13051081	729	0.1	-0.1	1.21608
13051081	730	0.1	-0.1	-1.17226
13051081	731	0.1	-0.1	4.66165
13051081	732	0.1	-0.1	-0.290708
13051081	733	0.1	-0.1	-0.12699
13051081	734	0.1	-0.1	-4.95009
13051081	735	0.1	-0.1	1.93635
13051081	736	0.1	-0.1	-3.98529
13051081	737	0.1	-0.1	-4.95392
13051081	738	0.1	-0.1	3.6003
13051081	739	0.1	-0.1	-2.3608
13051081	740	0.1	-0.1	-2.62135
13051081	741	0.1	-0.1	-0.429647
13051081	742	0.1	-0.1	-3.68636
13051081	743	0.1	-0.1	1.69177
13051081	744	0.1	-0.1	2.28506
13051081	745	0.1	-0.1	4.09383
13051081	746	0.1	-0.1	4.22003
13051081	747	0.1	-0.1	0.322216
13051081	748	0.1	-0.1	5.11934
13051081	749	0.1	-0.1	3.3916
13051081	750	0.1	-0.1	-0.902258
13051081	751	0.1	-0.1	-1.09457
13051081	752	0.1	-0.1	1.47366
13051081	753	0.1	-0.1	-1.17705
13051081	754	0.1	-0.1	5.02593
13051081	755	0.1	-0.1	5.35069
13051081	756	0.1	-0.1	1.73206
13051081	757	0.1	-0.1	3.96608
13051081	758	0.1	-0.1	-0.0904541
13051081	759	0.1	-0.1	-5.65217
13051081	760	0.1	-0.1	-1.92124
13051081	761	0.1	-0.1	-3.0683
13051081	762	0.1	-0.1	-1.92185
13051081	763	0.1	-0.1	-3.54372
13051081	764	0.1	-0.1	1.13972
13051081	765	0.1	-0.1	0.720995
13051081	766	0.1	-0.1	-4.36137
13051081	767	0.1	-0.1	5.43629
13051081	768	0.1	-0.1	4.76597
13051081	769	0.1	-0.1	-5.10185
13051081	770	0.1	-0.1	4.02126
13051081	771	0.1	-0.1	1.27899
13051081	772	0.1	-0.1	3.5016
13051081	773	0.1	-0.1	-4.6096
13051081	774	0.1	-0.1	2.76863
13051081	775	0.1	-0.1	3.77219
13051081	776	0.1	-0.1	0.429825
13051081	777	0.1	-0.1	0.779635
13051081	778	0.1	-0.1	0.907692
13051081	779	0.1	-0.1	0.213857
13051081	780	0.1	-0.1	-0.668036
13051081	781	0.1	-0.1	0.860329
13051081	782	0.1	-0.1	2.64718
13051081	783	0.1	-0.1	-2.96729
13051081	784	0.1	-0.1	-1.40178
13051081	785	0.1	-0.1	2.27381
13051081	786	0.1	-0.1	-3.86925
13051081	787	0.1	-0.1	-3.52176
13051081	788	0.1	-0.1	-3.62636
13051081	789	0.1	-0.1	-5.91668
13051081	790	0.1	-0.1	4.92752
13051081	791	0.1	-0.1	1.61961
13051081	792	0.1	-0.1	4.11036
13051081	793	0.1	-0.1	-4.95708
13051081	794	0.1	-0.1	0.620819
13051081	795	0.1	-0.1	-2.53791
13051081	796	0.1	-0.1	3.74338
13051081	797	0.1	-0.1	5.21714
13051081	798	0.1	-0.1	-4.84229
13051081	799	0.1	-0.1	-4.77276
13051081	800	0.1	-0.1	4.36104
13051081	801	0.1	-0.1	4.3223
13051081	802	0.1	-0.1	-0.24789
13051081	803	0.1	-0.1	2.72505
13051081	804	0.1	-0.1	3.32161
13051081	805	0.1	-0.1	-4.30017
13051081	806	0.1	-0.1	0.831293
13051081	807	0.1	-0.1	-2.22557
13051081	808	0.1	-0.1	2.09372
13051081	809	0.1	-0.1	-1.46445
13051081	810	0.1	-0.1	-0.984214
13051081	811	0.1	-0.1	-1.67723
13051081	812	0.1	-0.1	-4.22191
13051081	813	0.1	-0.1	0.108512
13051081	814	0.1	-0.1	4.91296
13051081	815	0.1	-0.1	-4.8478
13051081	816	0.1	-0.1	1.98909
13051081	817	0.1	-0.1	-4.37095
13051081	818	0.1	-0.1	5.06701
13051081	819	0.1	-0.1	-0.715669
13051081	820	0.1	-0.1	-4.04793
13051081	821	0.1	-0.1	-4.7459
13051081	822	0.1	-0.1	2.10284
13051081	823	0.1	-0.1	3.48488
13051081	824	0.1	-0.1	3.54721
13051081	825	0.1	-0.1	-2.18535
13051081	826	0.1	-0.1	-4.9313
13051081	827	0.1	-0.1	-5.23087
13051081	828	0.1	-0.1	-5.34144
13051081	829	0.1	-0.1	-0.883304
13051081	830	0.1	-0.1	-5.50063
13051081	831	0.1	-0.1	-3.11584
13051081	832	0.1	-0.1	2.21825
13051081	833	0.1	-0.1	-5.62239
13051081	834	0.1	-0.1	2.04887
13051081	835	0.1	-0.1	0.384481
13051081	836	0.1	-0.1	1.50405
13051081	837	0.1	-0.1	-5.81511
13051081	838	0.1	-0.1	-2.27777
13051081	839	0.1	-0.1	-4.80889
13051081	840	0.1	-0.1	1.93148
13051081	841	0.1	-0.1	-5.44068
13051081	842	0.1	-0.1	-3.67127
13051081	843	0.1	-0.1	-4.66818
13051081	844	0.1	-0.1	4.71336
13051081	845	0.1	-0.1	3.69372
13051081	846	0.1	-0.1	3.4922
13051081	847	0.1	-0.1	0.46796
13051081	848	0.1	-0.1	2.21318
13051081	849	0.1	-0.1	-3.82598
13051081	850	0.1	-0.1	5.2351
13051081	851	0.1	-0.1	3.84289
13051081	852	0.1	-0.1	-3.16744
13051081	853	0.1	-0.1	5.17639
13051081	854	0.1	-0.1	5.20301
13051081	855	0.1	-0.1	2.06241
13051081	856	0.1	-0.1	-2.31017
13051081	857	0.1	-0.1	-1.98388
13051081	858	0.1	-0.1	-4.71133
13051081	859	0.1	-0.1	3.28973
13051081	860	0.1	-0.1	-3.37777
13051081	861	0.1	-0.1	-1.85067
13051081	862	0.1	-0.1	-2.51568
13051081	863	0.1	-0.1	2.73348
13051081	864	0.1	-0.1	0.203228
13051081	865	0.1	-0.1	-5.23198
13051081	866	0.1	-0.1	-2.99741
13051081	867	0.1	-0.1	4.71231
13051081	868	0.1	-0.1	0.467564
13051081	869	0.1	-0.1	-1.35908
13051081	870	0.1	-0.1	5.82757
13051081	871	0.1	-0.1	-1.35264
13051081	872	0.1	-0.1	4.99856
13051081	873	0.1	-0.1	2.61245
13051081	874	0.1	-0.1	2.65608
13051081	875	0.1	-0.1	1.04652
13051081	876	0.1	-0.1	-5.85801
13051081	877	0.1	-0.1	-0.432664
13051081	878	0.1	-0.1	0.442759
13051081	879	0.1	-0.1	0.441417
13051081	880	0.1	-0.1	1.12211
13051081	881	0.1	-0.1	4.29157
13051081	882	0.1	-0.1	2.43596
13051081	883	0.1	-0.1	-1.49581
13051081	884	0.1	-0.1	-0.0205753
13051081	885	0.1	-0.1	2.51594
13051081	886	0.1	-0.1	-2.59932
13051081	887	0.1	-0.1	2.94259
13051081	888	0.1	-0.1	0.732206
13051081	889	0.1	-0.1	0.852759
13051081	890	0.1	-0.1	-3.42307
13051081	891	0.1	-0.1	1.22514
13051081	892	0.1	-0.1	-3.3249
13051081	893	0.1	-0.1	0.980457
13051081	894	0.1	-0.1	-3.81974
13051081	895	0.1	-0.1	2.05878
13051081	896	0.1	-0.1	5.7105
13051081	897	0.1	-0.1	-3.53683
13051081	898	0.1	-0.1	1.03928
13051081	899	0.1	-0.1	4.09577
13051081	900	0.1	-0.1	-1.1382
13051081	901	0.1	-0.1	-1.12399
13051081	902	0.1	-0.1	-1.32106
13051081	903	0.1	-0.1	5.39952
13051081	904	0.1	-0.1	4.25724
13051081	905	0.1	-0.1	0.609128
13051081	906	0.1	-0.1	-0.335472
13051081	907	0.1	-0.1	-5.50873
13051081	908	0.1	-0.1	3.76369
13051081	909	0.1	-0.1	1.08873
13051081	910	0.1	-0.1	-3.66551
13051081	911	0.1	-0.1	-4.14102
13051081	912	0.1	-0.1	-1.01809
13051081	913	0.1	-0.1	0.0403088
13051081	914	0.1	-0.1	3.14027
13051081	915	0.1	-0.1	0.732893
13051081	916	0.1	-0.1	-2.87004
13051081	917	0.1	-0.1	-3.45586
13051081	918	0.1	-0.1	-0.853801
13051081	919	0.1	-0.1	-0.254853
13051081	920	0.1	-0.1	5.24372
13051081	921	0.1	-0.1	-0.233159
13051081	922	0.1	-0.1	-3.22675
13051081	923	0.1	-0.1	-2.81654
13051081	924	0.1	-0.1	5.77127
13051081	925	0.1	-0.1	-4.2472
13051081	926	0.1	-0.1	-5.19217
13051081	927	0.1	-0.1	-1.56625
13051081	928	0.1	-0.1	4.56811
13051081	929	0.1	-0.1	5.22453
13051081	930	0.1	-0.1	-2.58067
13051081	931	0.1	-0.1	3.51988
13051081	932	0.1	-0.1	4.80187
13051081	933	0.1	-0.1	-1.97423
13051081	934	0.1	-0.1	-5.69094
13051081	935	0.1	-0.1	-0.395773
13051081	936	0.1	-0.1	4.29285
13051081	937	0.1	-0.1	1.12995
13051081	938	0.1	-0.1	-4.21494
13051081	939	0.1	-0.1	5.16229
13051081	940	0.1	-0.1	5.02026
13051081	941	0.1	-0.1	0.514569
13051081	942	0.1	-0.1	3.7525
13051081	943	0.1	-0.1	-3.28087
13051081	944	0.1	-0.1	2.26777
13051081	945	0.1	-0.1	4.36102
13051081	946	0.1	-0.1	-1.12589
13051081	947	0.1	-0.1	-5.26132
13051081	948	0.1	-0.1	-1.40872
13051081	949	0.1	-0.1	-5.2559
13051081	950	0.1	-0.1	4.42107
13051081	951	0.1	-0.1	-5.31354
13051081	952	0.1	-0.1	3.9321
13051081	953	0.1	-0.1	-0.467312
13051081	954	0.1	-0.1	4.23439
13051081	955	0.1	-0.1	-5.13821
13051081	956	0.1	-0.1	-0.674879
13051081	957	0.1	-0.1	1.79802
13051081	958	0.1	-0.1	4.28015
13051081	959	0.1	-0.1	0.754712
13051081	960	0.1	-0.1	4.62806
13051081	961	0.1	-0.1	-1.89412
13051081	962	0.1	-0.1	-4.74495
13051081	963	0.1	-0.1	3.67218
13051081	964	0.1	-0.1	1.77746
13051081	965	0.1	-0.1	-0.486948
13051081	966	0.1	-0.1	-1.54245
13051081	967	0.1	-0.1	-4.87948
13051081	968	0.1	-0.1	-2.43942
13051081	969	0.1	-0.1	-2.92366
13051081	970	0.1	-0.1	-3.80011
13051081	971	0.1	-0.1	4.41258
13051081	972	0.1	-0.1	5.9133
13051081	973	0.1	-0.1	5.06425
13051081	974	0.1	-0.1	0.655472
13051081	975	0.1	-0.1	3.72275
13051081	976	0.1	-0.1	2.90889
13051081	977	0.1	-0.1	0.563825
13051081	978	0.1	-0.1	3.87222
13051081	979	0.1	-0.1	1.95738
13051081	980	0.1	-0.1	0.495569
13051081	981	0.1	-0.1	0.235844
13051081	982	0.1	-0.1	4.8131
13051081	983	0.1	-0.1	3.36774
13051081	984	0.1	-0.1	-1.27586
13051081	985	0.1	-0.1	5.99206
13051081	986	0.1	-0.1	2.85271
13051081	987	0.1	-0.1	5.55581
13051081	988	0.1	-0.1	2.42123
13051081	989	0.1	-0.1	-0.624581
13051081	990	0.1	-0.1	2.69535
13051081	991	0.1	-0.1	-4.00254
13051081	992	0.1	-0.1	-2.53558
13051081	993	0.1	-0.1	-3.15731
13051081	994	0.1	-0.1	-1.41733
13051081	995	0.1	-0.1	-0.318208
13051081	996	0.1	-0.1	-5.31852
13051081	997	0.1	-0.1	1.40524
13051081	998	0.1	-0.1	0.516008
13051081	999	0.1	-0.1	2.56771
13051081	1000	0.1	-0.1	1.33371
