13057057	1	0.1	-0.1	-1.0513
13057057	2	0.1	-0.1	3.41929
13057057	3	0.1	-0.1	-1.67706
13057057	4	0.1	-0.1	-1.09106
13057057	5	0.1	-0.1	-3.53007
13057057	6	0.1	-0.1	2.66578
13057057	7	0.1	-0.1	-2.92974
13057057	8	0.1	-0.1	2.48772
13057057	9	0.1	-0.1	-1.50958
13057057	10	0.1	-0.1	3.30569
13057057	11	0.1	-0.1	5.4232
13057057	12	0.1	-0.1	-1.6338
13057057	13	0.1	-0.1	1.49891
13057057	14	0.1	-0.1	-1.44641
13057057	15	0.1	-0.1	2.31569
13057057	16	0.1	-0.1	-0.00189798
13057057	17	0.1	-0.1	5.44564
13057057	18	0.1	-0.1	5.2586
13057057	19	0.1	-0.1	4.05964
13057057	20	0.1	-0.1	1.15261
13057057	21	0.1	-0.1	-0.963101
13057057	22	0.1	-0.1	5.64525
13057057	23	0.1	-0.1	-0.00740434
13057057	24	0.1	-0.1	3.96716
13057057	25	0.1	-0.1	4.42233
13057057	26	0.1	-0.1	-1.44636
13057057	27	0.1	-0.1	4.05377
13057057	28	0.1	-0.1	0.0579678
13057057	29	0.1	-0.1	3.54935
13057057	30	0.1	-0.1	3.98383
13057057	31	0.1	-0.1	-4.82142
13057057	32	0.1	-0.1	-0.700514
13057057	33	0.1	-0.1	3.60692
13057057	34	0.1	-0.1	-2.06115
13057057	35	0.1	-0.1	4.15967
13057057	36	0.1	-0.1	-5.60615
13057057	37	0.1	-0.1	-1.29348
13057057	38	0.1	-0.1	2.35488
13057057	39	0.1	-0.1	-2.3564
13057057	40	0.1	-0.1	1.65723
13057057	41	0.1	-0.1	2.10965
13057057	42	0.1	-0.1	1.27994
13057057	43	0.1	-0.1	-4.42908
13057057	44	0.1	-0.1	-5.78507
13057057	45	0.1	-0.1	0.628909
13057057	46	0.1	-0.1	-0.909229
13057057	47	0.1	-0.1	-0.222803
13057057	48	0.1	-0.1	-5.22884
13057057	49	0.1	-0.1	-3.48557
13057057	50	0.1	-0.1	3.01443
13057057	51	0.1	-0.1	-0.587937
13057057	52	0.1	-0.1	2.07929
13057057	53	0.1	-0.1	-2.41506
13057057	54	0.1	-0.1	-5.36911
13057057	55	0.1	-0.1	0.203257
13057057	56	0.1	-0.1	-3.77111
13057057	57	0.1	-0.1	2.7824
13057057	58	0.1	-0.1	5.11285
13057057	59	0.1	-0.1	3.08192
13057057	60	0.1	-0.1	0.957807
13057057	61	0.1	-0.1	-5.67054
13057057	62	0.1	-0.1	-4.77437
13057057	63	0.1	-0.1	3.99729
13057057	64	0.1	-0.1	0.985235
13057057	65	0.1	-0.1	2.08633
13057057	66	0.1	-0.1	-1.29373
13057057	67	0.1	-0.1	4.13678
13057057	68	0.1	-0.1	4.21199
13057057	69	0.1	-0.1	-2.5846
13057057	70	0.1	-0.1	0.241586
13057057	71	0.1	-0.1	-5.6484
13057057	72	0.1	-0.1	2.16205
13057057	73	0.1	-0.1	2.51822
13057057	74	0.1	-0.1	0.703122
13057057	75	0.1	-0.1	3.8171
13057057	76	0.1	-0.1	-0.789841
13057057	77	0.1	-0.1	-2.96024
13057057	78	0.1	-0.1	2.81755
13057057	79	0.1	-0.1	0.714119
13057057	80	0.1	-0.1	-3.03045
13057057	81	0.1	-0.1	1.15292
13057057	82	0.1	-0.1	-0.829279
13057057	83	0.1	-0.1	5.20329
13057057	84	0.1	-0.1	-1.56719
13057057	85	0.1	-0.1	-3.38334
13057057	86	0.1	-0.1	5.76178
13057057	87	0.1	-0.1	-1.44739
13057057	88	0.1	-0.1	3.60823
13057057	89	0.1	-0.1	-5.29913
13057057	90	0.1	-0.1	0.928546
13057057	91	0.1	-0.1	4.38815
13057057	92	0.1	-0.1	-4.97568
13057057	93	0.1	-0.1	-1.10542
13057057	94	0.1	-0.1	-0.221482
13057057	95	0.1	-0.1	5.44717
13057057	96	0.1	-0.1	3.1878
13057057	97	0.1	-0.1	5.1345
13057057	98	0.1	-0.1	-0.79798
13057057	99	0.1	-0.1	-2.68728
13057057	100	0.1	-0.1	-0.860611
13057057	101	0.1	-0.1	3.47985
13057057	102	0.1	-0.1	-3.6225
13057057	103	0.1	-0.1	4.86589
13057057	104	0.1	-0.1	-3.03339
13057057	105	0.1	-0.1	-5.57628
13057057	106	0.1	-0.1	-2.20711
13057057	107	0.1	-0.1	-0.613184
13057057	108	0.1	-0.1	-0.350433
13057057	109	0.1	-0.1	-3.78059
13057057	110	0.1	-0.1	0.564604
13057057	111	0.1	-0.1	0.0152646
13057057	112	0.1	-0.1	-3.0393
13057057	113	0.1	-0.1	3.37345
13057057	114	0.1	-0.1	1.63036
13057057	115	0.1	-0.1	4.19856
13057057	116	0.1	-0.1	4.55127
13057057	117	0.1	-0.1	-3.64726
13057057	118	0.1	-0.1	-0.694175
13057057	119	0.1	-0.1	-2.55839
13057057	120	0.1	-0.1	-1.45602
13057057	121	0.1	-0.1	0.0824657
13057057	122	0.1	-0.1	3.76119
13057057	123	0.1	-0.1	-2.64732
13057057	124	0.1	-0.1	-5.30306
13057057	125	0.1	-0.1	-3.59138
13057057	126	0.1	-0.1	-5.94185
13057057	127	0.1	-0.1	0.639794
13057057	128	0.1	-0.1	3.56691
13057057	129	0.1	-0.1	3.23164
13057057	130	0.1	-0.1	4.67462
13057057	131	0.1	-0.1	1.65059
13057057	132	0.1	-0.1	3.88155
13057057	133	0.1	-0.1	4.8154
13057057	134	0.1	-0.1	1.20818
13057057	135	0.1	-0.1	-5.89417
13057057	136	0.1	-0.1	2.99023
13057057	137	0.1	-0.1	1.53778
13057057	138	0.1	-0.1	3.80851
13057057	139	0.1	-0.1	-0.228643
13057057	140	0.1	-0.1	-1.58097
13057057	141	0.1	-0.1	2.14624
13057057	142	0.1	-0.1	-3.01552
13057057	143	0.1	-0.1	-2.59767
13057057	144	0.1	-0.1	5.73001
13057057	145	0.1	-0.1	-0.749339
13057057	146	0.1	-0.1	3.94209
13057057	147	0.1	-0.1	-0.362872
13057057	148	0.1	-0.1	-5.5715
13057057	149	0.1	-0.1	1.24439
13057057	150	0.1	-0.1	-4.36627
13057057	151	0.1	-0.1	-0.737633
13057057	152	0.1	-0.1	2.52927
13057057	153	0.1	-0.1	-4.87957
13057057	154	0.1	-0.1	1.06597
13057057	155	0.1	-0.1	1.32889
13057057	156	0.1	-0.1	-5.85423
13057057	157	0.1	-0.1	-0.00165558
13057057	158	0.1	-0.1	-5.09877
13057057	159	0.1	-0.1	0.43564
13057057	160	0.1	-0.1	2.28989
13057057	161	0.1	-0.1	-5.45355
13057057	162	0.1	-0.1	-4.51441
13057057	163	0.1	-0.1	-0.00800949
13057057	164	0.1	-0.1	0.637001
13057057	165	0.1	-0.1	2.61989
13057057	166	0.1	-0.1	1.11443
13057057	167	0.1	-0.1	-1.52981
13057057	168	0.1	-0.1	-3.80869
13057057	169	0.1	-0.1	3.84381
13057057	170	0.1	-0.1	3.39519
13057057	171	0.1	-0.1	-3.51536
13057057	172	0.1	-0.1	1.46402
13057057	173	0.1	-0.1	5.78403
13057057	174	0.1	-0.1	-1.58023
13057057	175	0.1	-0.1	-2.63556
13057057	176	0.1	-0.1	-3.34952
13057057	177	0.1	-0.1	-1.66895
13057057	178	0.1	-0.1	5.24649
13057057	179	0.1	-0.1	0.83989
13057057	180	0.1	-0.1	-5.13846
13057057	181	0.1	-0.1	-5.79126
13057057	182	0.1	-0.1	2.07187
13057057	183	0.1	-0.1	-0.114873
13057057	184	0.1	-0.1	-4.14083
13057057	185	0.1	-0.1	-5.98432
13057057	186	0.1	-0.1	-5.29353
13057057	187	0.1	-0.1	-0.951095
13057057	188	0.1	-0.1	-5.43246
13057057	189	0.1	-0.1	3.00975
13057057	190	0.1	-0.1	5.32411
13057057	191	0.1	-0.1	3.30939
13057057	192	0.1	-0.1	-2.81948
13057057	193	0.1	-0.1	-5.295
13057057	194	0.1	-0.1	-0.442616
13057057	195	0.1	-0.1	-0.173343
13057057	196	0.1	-0.1	-3.72222
13057057	197	0.1	-0.1	-0.649624
13057057	198	0.1	-0.1	-5.20102
13057057	199	0.1	-0.1	-3.9769
13057057	200	0.1	-0.1	5.57484
13057057	201	0.1	-0.1	-4.88469
13057057	202	0.1	-0.1	-4.79616
13057057	203	0.1	-0.1	-5.71782
13057057	204	0.1	-0.1	-5.25179
13057057	205	0.1	-0.1	-0.779543
13057057	206	0.1	-0.1	5.34996
13057057	207	0.1	-0.1	1.15209
13057057	208	0.1	-0.1	-5.63014
13057057	209	0.1	-0.1	-5.23901
13057057	210	0.1	-0.1	-2.33516
13057057	211	0.1	-0.1	4.37649
13057057	212	0.1	-0.1	5.82848
13057057	213	0.1	-0.1	3.79612
13057057	214	0.1	-0.1	-3.15187
13057057	215	0.1	-0.1	-5.57582
13057057	216	0.1	-0.1	-1.38546
13057057	217	0.1	-0.1	1.4277
13057057	218	0.1	-0.1	5.04908
13057057	219	0.1	-0.1	-4.8834
13057057	220	0.1	-0.1	-0.447647
13057057	221	0.1	-0.1	5.2908
13057057	222	0.1	-0.1	4.89083
13057057	223	0.1	-0.1	-5.08464
13057057	224	0.1	-0.1	-5.22314
13057057	225	0.1	-0.1	2.7784
13057057	226	0.1	-0.1	-3.84502
13057057	227	0.1	-0.1	1.90097
13057057	228	0.1	-0.1	4.78507
13057057	229	0.1	-0.1	0.685349
13057057	230	0.1	-0.1	3.26286
13057057	231	0.1	-0.1	2.42659
13057057	232	0.1	-0.1	-2.87609
13057057	233	0.1	-0.1	-3.87161
13057057	234	0.1	-0.1	-1.38557
13057057	235	0.1	-0.1	5.03998
13057057	236	0.1	-0.1	-4.62947
13057057	237	0.1	-0.1	-4.52461
13057057	238	0.1	-0.1	-2.01591
13057057	239	0.1	-0.1	1.27524
13057057	240	0.1	-0.1	-4.21862
13057057	241	0.1	-0.1	-5.10355
13057057	242	0.1	-0.1	-5.79626
13057057	243	0.1	-0.1	4.93425
13057057	244	0.1	-0.1	0.111425
13057057	245	0.1	-0.1	3.55908
13057057	246	0.1	-0.1	-4.47735
13057057	247	0.1	-0.1	-2.19099
13057057	248	0.1	-0.1	-3.02427
13057057	249	0.1	-0.1	-3.67156
13057057	250	0.1	-0.1	-0.497958
13057057	251	0.1	-0.1	-4.11912
13057057	252	0.1	-0.1	-0.0169614
13057057	253	0.1	-0.1	-5.26365
13057057	254	0.1	-0.1	1.57519
13057057	255	0.1	-0.1	-1.95826
13057057	256	0.1	-0.1	-2.04217
13057057	257	0.1	-0.1	4.02909
13057057	258	0.1	-0.1	3.89339
13057057	259	0.1	-0.1	2.63317
13057057	260	0.1	-0.1	0.795871
13057057	261	0.1	-0.1	3.75902
13057057	262	0.1	-0.1	2.75153
13057057	263	0.1	-0.1	-0.741723
13057057	264	0.1	-0.1	0.144336
13057057	265	0.1	-0.1	0.575594
13057057	266	0.1	-0.1	1.38485
13057057	267	0.1	-0.1	-5.87391
13057057	268	0.1	-0.1	-4.56253
13057057	269	0.1	-0.1	-2.40707
13057057	270	0.1	-0.1	5.6026
13057057	271	0.1	-0.1	-5.58695
13057057	272	0.1	-0.1	3.15349
13057057	273	0.1	-0.1	2.78405
13057057	274	0.1	-0.1	-0.139824
13057057	275	0.1	-0.1	-2.43264
13057057	276	0.1	-0.1	3.82031
13057057	277	0.1	-0.1	4.42343
13057057	278	0.1	-0.1	-2.93661
13057057	279	0.1	-0.1	-0.801878
13057057	280	0.1	-0.1	-1.76319
13057057	281	0.1	-0.1	0.299872
13057057	282	0.1	-0.1	3.0607
13057057	283	0.1	-0.1	-1.929
13057057	284	0.1	-0.1	5.23813
13057057	285	0.1	-0.1	5.64285
13057057	286	0.1	-0.1	1.37397
13057057	287	0.1	-0.1	-3.47439
13057057	288	0.1	-0.1	-0.365768
13057057	289	0.1	-0.1	-2.68836
13057057	290	0.1	-0.1	0.586377
13057057	291	0.1	-0.1	0.501777
13057057	292	0.1	-0.1	-5.98404
13057057	293	0.1	-0.1	-1.46234
13057057	294	0.1	-0.1	-3.43565
13057057	295	0.1	-0.1	-1.5531
13057057	296	0.1	-0.1	-5.57263
13057057	297	0.1	-0.1	2.73114
13057057	298	0.1	-0.1	1.33508
13057057	299	0.1	-0.1	3.47446
13057057	300	0.1	-0.1	-2.07734
13057057	301	0.1	-0.1	-4.8692
13057057	302	0.1	-0.1	2.40108
13057057	303	0.1	-0.1	2.05421
13057057	304	0.1	-0.1	-4.14964
13057057	305	0.1	-0.1	-3.42655
13057057	306	0.1	-0.1	-1.47706
13057057	307	0.1	-0.1	-3.23344
13057057	308	0.1	-0.1	-4.0016
13057057	309	0.1	-0.1	4.93317
13057057	310	0.1	-0.1	-1.3177
13057057	311	0.1	-0.1	-5.85742
13057057	312	0.1	-0.1	5.25972
13057057	313	0.1	-0.1	-3.62129
13057057	314	0.1	-0.1	0.781152
13057057	315	0.1	-0.1	2.59454
13057057	316	0.1	-0.1	4.48705
13057057	317	0.1	-0.1	-4.55749
13057057	318	0.1	-0.1	1.9768
13057057	319	0.1	-0.1	-4.79785
13057057	320	0.1	-0.1	1.16417
13057057	321	0.1	-0.1	-4.11367
13057057	322	0.1	-0.1	3.19437
13057057	323	0.1	-0.1	2.50992
13057057	324	0.1	-0.1	-5.70506
13057057	325	0.1	-0.1	5.71474
13057057	326	0.1	-0.1	1.67266
13057057	327	0.1	-0.1	2.79069
13057057	328	0.1	-0.1	4.14764
13057057	329	0.1	-0.1	-3.11842
13057057	330	0.1	-0.1	5.39361
13057057	331	0.1	-0.1	-1.96372
13057057	332	0.1	-0.1	-5.98412
13057057	333	0.1	-0.1	5.52491
13057057	334	0.1	-0.1	-0.808768
13057057	335	0.1	-0.1	0.337454
13057057	336	0.1	-0.1	5.56879
13057057	337	0.1	-0.1	5.4804
13057057	338	0.1	-0.1	-0.988217
13057057	339	0.1	-0.1	-1.933
13057057	340	0.1	-0.1	-3.05627
13057057	341	0.1	-0.1	3.75917
13057057	342	0.1	-0.1	-1.22492
13057057	343	0.1	-0.1	-1.87469
13057057	344	0.1	-0.1	-3.46757
13057057	345	0.1	-0.1	0.907333
13057057	346	0.1	-0.1	5.15811
13057057	347	0.1	-0.1	3.44967
13057057	348	0.1	-0.1	1.64985
13057057	349	0.1	-0.1	-1.75995
13057057	350	0.1	-0.1	-0.287155
13057057	351	0.1	-0.1	-0.869587
13057057	352	0.1	-0.1	-2.17713
13057057	353	0.1	-0.1	3.48256
13057057	354	0.1	-0.1	-1.08654
13057057	355	0.1	-0.1	3.19495
13057057	356	0.1	-0.1	-0.563127
13057057	357	0.1	-0.1	1.11819
13057057	358	0.1	-0.1	4.39134
13057057	359	0.1	-0.1	1.21389
13057057	360	0.1	-0.1	-0.455389
13057057	361	0.1	-0.1	-4.70939
13057057	362	0.1	-0.1	2.67223
13057057	363	0.1	-0.1	-2.00527
13057057	364	0.1	-0.1	2.36395
13057057	365	0.1	-0.1	-1.2401
13057057	366	0.1	-0.1	-1.33288
13057057	367	0.1	-0.1	-1.62704
13057057	368	0.1	-0.1	-1.29878
13057057	369	0.1	-0.1	4.98297
13057057	370	0.1	-0.1	-5.76199
13057057	371	0.1	-0.1	3.83046
13057057	372	0.1	-0.1	-5.45714
13057057	373	0.1	-0.1	-2.94994
13057057	374	0.1	-0.1	1.54549
13057057	375	0.1	-0.1	2.58317
13057057	376	0.1	-0.1	2.38149
13057057	377	0.1	-0.1	1.80987
13057057	378	0.1	-0.1	-3.65245
13057057	379	0.1	-0.1	4.69587
13057057	380	0.1	-0.1	4.33646
13057057	381	0.1	-0.1	3.63323
13057057	382	0.1	-0.1	4.11481
13057057	383	0.1	-0.1	-4.99374
13057057	384	0.1	-0.1	-5.43416
13057057	385	0.1	-0.1	-2.71014
13057057	386	0.1	-0.1	2.37419
13057057	387	0.1	-0.1	2.37056
13057057	388	0.1	-0.1	-3.32418
13057057	389	0.1	-0.1	3.52424
13057057	390	0.1	-0.1	3.15251
13057057	391	0.1	-0.1	4.12621
13057057	392	0.1	-0.1	0.782527
13057057	393	0.1	-0.1	-4.2813
13057057	394	0.1	-0.1	-1.02778
13057057	395	0.1	-0.1	-0.511939
13057057	396	0.1	-0.1	4.6312
13057057	397	0.1	-0.1	5.95101
13057057	398	0.1	-0.1	3.72066
13057057	399	0.1	-0.1	-0.642895
13057057	400	0.1	-0.1	0.211824
13057057	401	0.1	-0.1	-5.69175
13057057	402	0.1	-0.1	-0.166272
13057057	403	0.1	-0.1	1.08176
13057057	404	0.1	-0.1	5.0194
13057057	405	0.1	-0.1	-3.81127
13057057	406	0.1	-0.1	4.92416
13057057	407	0.1	-0.1	-0.749967
13057057	408	0.1	-0.1	5.41034
13057057	409	0.1	-0.1	-0.842764
13057057	410	0.1	-0.1	-4.93935
13057057	411	0.1	-0.1	0.665775
13057057	412	0.1	-0.1	5.06787
13057057	413	0.1	-0.1	-2.25266
13057057	414	0.1	-0.1	-1.62757
13057057	415	0.1	-0.1	1.01387
13057057	416	0.1	-0.1	-4.62263
13057057	417	0.1	-0.1	2.24381
13057057	418	0.1	-0.1	3.46946
13057057	419	0.1	-0.1	5.08851
13057057	420	0.1	-0.1	-2.95459
13057057	421	0.1	-0.1	-3.41052
13057057	422	0.1	-0.1	5.91796
13057057	423	0.1	-0.1	-2.20546
13057057	424	0.1	-0.1	5.52892
13057057	425	0.1	-0.1	0.161958
13057057	426	0.1	-0.1	-2.80534
13057057	427	0.1	-0.1	5.55316
13057057	428	0.1	-0.1	5.74469
13057057	429	0.1	-0.1	4.22893
13057057	430	0.1	-0.1	-5.13134
13057057	431	0.1	-0.1	4.15048
13057057	432	0.1	-0.1	2.4123
13057057	433	0.1	-0.1	-4.13034
13057057	434	0.1	-0.1	5.87804
13057057	435	0.1	-0.1	-5.02226
13057057	436	0.1	-0.1	2.62458
13057057	437	0.1	-0.1	-0.789558
13057057	438	0.1	-0.1	4.37997
13057057	439	0.1	-0.1	-0.717982
13057057	440	0.1	-0.1	-1.9135
13057057	441	0.1	-0.1	-2.51778
13057057	442	0.1	-0.1	-5.36701
13057057	443	0.1	-0.1	1.45195
13057057	444	0.1	-0.1	4.24136
13057057	445	0.1	-0.1	-2.13231
13057057	446	0.1	-0.1	4.89038
13057057	447	0.1	-0.1	3.26234
13057057	448	0.1	-0.1	-0.986705
13057057	449	0.1	-0.1	0.472559
13057057	450	0.1	-0.1	4.70632
13057057	451	0.1	-0.1	5.96631
13057057	452	0.1	-0.1	3.36716
13057057	453	0.1	-0.1	0.639747
13057057	454	0.1	-0.1	-2.78625
13057057	455	0.1	-0.1	-1.72353
13057057	456	0.1	-0.1	1.12288
13057057	457	0.1	-0.1	-0.974047
13057057	458	0.1	-0.1	-0.295216
13057057	459	0.1	-0.1	-3.52259
13057057	460	0.1	-0.1	2.093
13057057	461	0.1	-0.1	-2.98428
13057057	462	0.1	-0.1	-4.22378
13057057	463	0.1	-0.1	-3.69677
13057057	464	0.1	-0.1	-1.99518
13057057	465	0.1	-0.1	-3.32284
13057057	466	0.1	-0.1	-2.13269
13057057	467	0.1	-0.1	-5.29564
13057057	468	0.1	-0.1	-2.86404
13057057	469	0.1	-0.1	-3.11045
13057057	470	0.1	-0.1	-1.63031
13057057	471	0.1	-0.1	2.66968
13057057	472	0.1	-0.1	-3.10451
13057057	473	0.1	-0.1	-4.71242
13057057	474	0.1	-0.1	2.57898
13057057	475	0.1	-0.1	4.49434
13057057	476	0.1	-0.1	1.0479
13057057	477	0.1	-0.1	-3.46096
13057057	478	0.1	-0.1	2.5509
13057057	479	0.1	-0.1	-2.71719
13057057	480	0.1	-0.1	3.23276
13057057	481	0.1	-0.1	1.30615
13057057	482	0.1	-0.1	5.22892
13057057	483	0.1	-0.1	-0.476344
13057057	484	0.1	-0.1	1.19849
13057057	485	0.1	-0.1	5.35431
13057057	486	0.1	-0.1	0.311631
13057057	487	0.1	-0.1	2.39683
13057057	488	0.1	-0.1	-0.586563
13057057	489	0.1	-0.1	-5.50647
13057057	490	0.1	-0.1	5.44657
13057057	491	0.1	-0.1	3.52825
13057057	492	0.1	-0.1	4.76915
13057057	493	0.1	-0.1	2.22372
13057057	494	0.1	-0.1	3.12959
13057057	495	0.1	-0.1	-5.95489
13057057	496	0.1	-0.1	1.18353
13057057	497	0.1	-0.1	4.79035
13057057	498	0.1	-0.1	-3.19722
13057057	499	0.1	-0.1	-2.94214
13057057	500	0.1	-0.1	2.57123
13057057	501	0.1	-0.1	-0.415909
13057057	502	0.1	-0.1	-2.55414
13057057	503	0.1	-0.1	-1.80032
13057057	504	0.1	-0.1	3.94556
13057057	505	0.1	-0.1	-5.77404
13057057	506	0.1	-0.1	4.37807
13057057	507	0.1	-0.1	2.82213
13057057	508	0.1	-0.1	-3.22562
13057057	509	0.1	-0.1	2.5725
13057057	510	0.1	-0.1	4.79527
13057057	511	0.1	-0.1	4.60147
13057057	512	0.1	-0.1	2.22575
13057057	513	0.1	-0.1	3.13597
13057057	514	0.1	-0.1	1.39536
13057057	515	0.1	-0.1	5.85951
13057057	516	0.1	-0.1	0.770013
13057057	517	0.1	-0.1	2.81493
13057057	518	0.1	-0.1	4.43977
13057057	519	0.1	-0.1	-2.18149
13057057	520	0.1	-0.1	1.74002
13057057	521	0.1	-0.1	-3.67745
13057057	522	0.1	-0.1	3.38337
13057057	523	0.1	-0.1	0.642274
13057057	524	0.1	-0.1	-5.41397
13057057	525	0.1	-0.1	-3.03231
13057057	526	0.1	-0.1	-0.956895
13057057	527	0.1	-0.1	-4.00829
13057057	528	0.1	-0.1	-0.880788
13057057	529	0.1	-0.1	-4.29357
13057057	530	0.1	-0.1	4.28803
13057057	531	0.1	-0.1	-2.51756
13057057	532	0.1	-0.1	-3.49084
13057057	533	0.1	-0.1	-4.8032
13057057	534	0.1	-0.1	1.54049
13057057	535	0.1	-0.1	-4.36335
13057057	536	0.1	-0.1	-1.13739
13057057	537	0.1	-0.1	-4.14097
13057057	538	0.1	-0.1	-3.93341
13057057	539	0.1	-0.1	-2.85592
13057057	540	0.1	-0.1	5.02363
13057057	541	0.1	-0.1	2.96823
13057057	542	0.1	-0.1	5.36023
13057057	543	0.1	-0.1	5.75327
13057057	544	0.1	-0.1	-2.15504
13057057	545	0.1	-0.1	-1.62049
13057057	546	0.1	-0.1	-3.17353
13057057	547	0.1	-0.1	-0.694619
13057057	548	0.1	-0.1	1.97563
13057057	549	0.1	-0.1	-5.2246
13057057	550	0.1	-0.1	-0.631244
13057057	551	0.1	-0.1	-5.25409
13057057	552	0.1	-0.1	-5.05339
13057057	553	0.1	-0.1	3.02944
13057057	554	0.1	-0.1	2.10048
13057057	555	0.1	-0.1	-1.75645
13057057	556	0.1	-0.1	-1.1172
13057057	557	0.1	-0.1	-3.12061
13057057	558	0.1	-0.1	-3.42223
13057057	559	0.1	-0.1	-1.07221
13057057	560	0.1	-0.1	-0.115747
13057057	561	0.1	-0.1	-4.74624
13057057	562	0.1	-0.1	-2.67809
13057057	563	0.1	-0.1	-4.47148
13057057	564	0.1	-0.1	-5.04233
13057057	565	0.1	-0.1	0.975273
13057057	566	0.1	-0.1	4.86689
13057057	567	0.1	-0.1	2.76898
13057057	568	0.1	-0.1	-2.29887
13057057	569	0.1	-0.1	1.96897
13057057	570	0.1	-0.1	2.42418
13057057	571	0.1	-0.1	-1.23206
13057057	572	0.1	-0.1	-5.97303
13057057	573	0.1	-0.1	5.02209
13057057	574	0.1	-0.1	4.20736
13057057	575	0.1	-0.1	4.91205
13057057	576	0.1	-0.1	5.02334
13057057	577	0.1	-0.1	3.30605
13057057	578	0.1	-0.1	-4.53093
13057057	579	0.1	-0.1	4.32817
13057057	580	0.1	-0.1	-3.54276
13057057	581	0.1	-0.1	-4.31714
13057057	582	0.1	-0.1	0.211579
13057057	583	0.1	-0.1	-1.21329
13057057	584	0.1	-0.1	-4.99103
13057057	585	0.1	-0.1	-0.16279
13057057	586	0.1	-0.1	4.35663
13057057	587	0.1	-0.1	-1.74376
13057057	588	0.1	-0.1	0.393994
13057057	589	0.1	-0.1	1.32273
13057057	590	0.1	-0.1	3.77432
13057057	591	0.1	-0.1	-1.38339
13057057	592	0.1	-0.1	1.97899
13057057	593	0.1	-0.1	2.39315
13057057	594	0.1	-0.1	0.35521
13057057	595	0.1	-0.1	-0.267455
13057057	596	0.1	-0.1	-5.05946
13057057	597	0.1	-0.1	4.86495
13057057	598	0.1	-0.1	4.46917
13057057	599	0.1	-0.1	-4.70384
13057057	600	0.1	-0.1	0.571884
13057057	601	0.1	-0.1	3.30004
13057057	602	0.1	-0.1	-5.67067
13057057	603	0.1	-0.1	4.4502
13057057	604	0.1	-0.1	0.685129
13057057	605	0.1	-0.1	-1.9749
13057057	606	0.1	-0.1	-0.231679
13057057	607	0.1	-0.1	1.72066
13057057	608	0.1	-0.1	-1.98855
13057057	609	0.1	-0.1	-5.05351
13057057	610	0.1	-0.1	-1.27544
13057057	611	0.1	-0.1	2.91223
13057057	612	0.1	-0.1	-2.85973
13057057	613	0.1	-0.1	-3.15369
13057057	614	0.1	-0.1	-1.62427
13057057	615	0.1	-0.1	-0.408189
13057057	616	0.1	-0.1	4.39213
13057057	617	0.1	-0.1	-1.09266
13057057	618	0.1	-0.1	0.904593
13057057	619	0.1	-0.1	-4.57803
13057057	620	0.1	-0.1	2.38072
13057057	621	0.1	-0.1	3.859
13057057	622	0.1	-0.1	-3.84252
13057057	623	0.1	-0.1	-4.33343
13057057	624	0.1	-0.1	4.51921
13057057	625	0.1	-0.1	-3.5851
13057057	626	0.1	-0.1	-1.08612
13057057	627	0.1	-0.1	0.0682457
13057057	628	0.1	-0.1	0.626096
13057057	629	0.1	-0.1	-1.90571
13057057	630	0.1	-0.1	5.1529
13057057	631	0.1	-0.1	5.54144
13057057	632	0.1	-0.1	2.02339
13057057	633	0.1	-0.1	-1.27349
13057057	634	0.1	-0.1	2.35602
13057057	635	0.1	-0.1	2.98999
13057057	636	0.1	-0.1	-1.4062
13057057	637	0.1	-0.1	-2.68576
13057057	638	0.1	-0.1	1.53434
13057057	639	0.1	-0.1	-5.94617
13057057	640	0.1	-0.1	2.50503
13057057	641	0.1	-0.1	-3.45232
13057057	642	0.1	-0.1	2.31935
13057057	643	0.1	-0.1	3.95153
13057057	644	0.1	-0.1	3.66725
13057057	645	0.1	-0.1	2.90048
13057057	646	0.1	-0.1	5.95661
13057057	647	0.1	-0.1	5.30353
13057057	648	0.1	-0.1	3.24104
13057057	649	0.1	-0.1	5.24633
13057057	650	0.1	-0.1	-0.801884
13057057	651	0.1	-0.1	-5.01858
13057057	652	0.1	-0.1	-4.71287
13057057	653	0.1	-0.1	-3.41628
13057057	654	0.1	-0.1	-5.48443
13057057	655	0.1	-0.1	2.64446
13057057	656	0.1	-0.1	1.51617
13057057	657	0.1	-0.1	2.67933
13057057	658	0.1	-0.1	2.62704
13057057	659	0.1	-0.1	-1.84233
13057057	660	0.1	-0.1	-2.19286
13057057	661	0.1	-0.1	3.83026
13057057	662	0.1	-0.1	-5.8463
13057057	663	0.1	-0.1	2.65536
13057057	664	0.1	-0.1	2.80538
13057057	665	0.1	-0.1	1.72937
13057057	666	0.1	-0.1	-0.825457
13057057	667	0.1	-0.1	-4.79928
13057057	668	0.1	-0.1	-3.53023
13057057	669	0.1	-0.1	-0.793968
13057057	670	0.1	-0.1	-1.70723
13057057	671	0.1	-0.1	5.09416
13057057	672	0.1	-0.1	5.96118
13057057	673	0.1	-0.1	3.97089
13057057	674	0.1	-0.1	-2.04853
13057057	675	0.1	-0.1	1.28006
13057057	676	0.1	-0.1	3.95989
13057057	677	0.1	-0.1	-0.220511
13057057	678	0.1	-0.1	-5.7654
13057057	679	0.1	-0.1	3.81856
13057057	680	0.1	-0.1	5.86869
13057057	681	0.1	-0.1	-2.18427
13057057	682	0.1	-0.1	2.28099
13057057	683	0.1	-0.1	3.56437
13057057	684	0.1	-0.1	4.81411
13057057	685	0.1	-0.1	-1.12604
13057057	686	0.1	-0.1	0.0748069
13057057	687	0.1	-0.1	-3.14972
13057057	688	0.1	-0.1	1.5033
13057057	689	0.1	-0.1	-5.14022
13057057	690	0.1	-0.1	5.68761
13057057	691	0.1	-0.1	2.17368
13057057	692	0.1	-0.1	5.75618
13057057	693	0.1	-0.1	-5.01963
13057057	694	0.1	-0.1	4.2962
13057057	695	0.1	-0.1	5.52749
13057057	696	0.1	-0.1	5.09805
13057057	697	0.1	-0.1	-4.2259
13057057	698	0.1	-0.1	0.390459
13057057	699	0.1	-0.1	4.59065
13057057	700	0.1	-0.1	-1.75276
13057057	701	0.1	-0.1	0.332837
13057057	702	0.1	-0.1	3.41795
13057057	703	0.1	-0.1	3.32265
13057057	704	0.1	-0.1	-5.49092
13057057	705	0.1	-0.1	2.15793
13057057	706	0.1	-0.1	-3.04018
13057057	707	0.1	-0.1	0.294147
13057057	708	0.1	-0.1	1.10292
13057057	709	0.1	-0.1	-5.4095
13057057	710	0.1	-0.1	1.54327
13057057	711	0.1	-0.1	-2.07386
13057057	712	0.1	-0.1	-1.95014
13057057	713	0.1	-0.1	1.73094
13057057	714	0.1	-0.1	-2.36886
13057057	715	0.1	-0.1	-4.65193
13057057	716	0.1	-0.1	-1.5327
13057057	717	0.1	-0.1	-2.58032
13057057	718	0.1	-0.1	0.164135
13057057	719	0.1	-0.1	0.318439
13057057	720	0.1	-0.1	3.54049
13057057	721	0.1	-0.1	4.60693
13057057	722	0.1	-0.1	-2.43075
13057057	723	0.1	-0.1	2.76524
13057057	724	0.1	-0.1	0.704398
13057057	725	0.1	-0.1	-1.58312
13057057	726	0.1	-0.1	3.45319
13057057	727	0.1	-0.1	-4.82523
13057057	728	0.1	-0.1	-2.51534
13057057	729	0.1	-0.1	-4.18053
13057057	730	0.1	-0.1	-5.43584
13057057	731	0.1	-0.1	-1.66377
13057057	732	0.1	-0.1	-4.62335
13057057	733	0.1	-0.1	5.38143
13057057	734	0.1	-0.1	-1.7574
13057057	735	0.1	-0.1	-1.36737
13057057	736	0.1	-0.1	4.90975
13057057	737	0.1	-0.1	-5.70362
13057057	738	0.1	-0.1	3.72498
13057057	739	0.1	-0.1	4.18952
13057057	740	0.1	-0.1	5.82712
13057057	741	0.1	-0.1	-3.93183
13057057	742	0.1	-0.1	4.09173
13057057	743	0.1	-0.1	-1.47275
13057057	744	0.1	-0.1	2.20034
13057057	745	0.1	-0.1	1.754
13057057	746	0.1	-0.1	-5.22547
13057057	747	0.1	-0.1	-0.361191
13057057	748	0.1	-0.1	-5.31182
13057057	749	0.1	-0.1	-1.16204
13057057	750	0.1	-0.1	-0.226599
13057057	751	0.1	-0.1	-4.35238
13057057	752	0.1	-0.1	1.04481
13057057	753	0.1	-0.1	1.73203
13057057	754	0.1	-0.1	-2.01623
13057057	755	0.1	-0.1	2.04398
13057057	756	0.1	-0.1	-0.553716
13057057	757	0.1	-0.1	3.73166
13057057	758	0.1	-0.1	-1.09462
13057057	759	0.1	-0.1	-5.53134
13057057	760	0.1	-0.1	3.80148
13057057	761	0.1	-0.1	2.12589
13057057	762	0.1	-0.1	-4.95715
13057057	763	0.1	-0.1	3.92606
13057057	764	0.1	-0.1	1.29945
13057057	765	0.1	-0.1	-2.58561
13057057	766	0.1	-0.1	-0.852766
13057057	767	0.1	-0.1	4.07422
13057057	768	0.1	-0.1	-5.63679
13057057	769	0.1	-0.1	3.41599
13057057	770	0.1	-0.1	1.10799
13057057	771	0.1	-0.1	5.98113
13057057	772	0.1	-0.1	1.38436
13057057	773	0.1	-0.1	2.72916
13057057	774	0.1	-0.1	-1.44188
13057057	775	0.1	-0.1	-1.18084
13057057	776	0.1	-0.1	2.15915
13057057	777	0.1	-0.1	2.10267
13057057	778	0.1	-0.1	3.19773
13057057	779	0.1	-0.1	1.72849
13057057	780	0.1	-0.1	-4.76688
13057057	781	0.1	-0.1	-1.51786
13057057	782	0.1	-0.1	2.25645
13057057	783	0.1	-0.1	-0.841138
13057057	784	0.1	-0.1	-5.93818
13057057	785	0.1	-0.1	-3.65932
13057057	786	0.1	-0.1	5.1247
13057057	787	0.1	-0.1	-0.477812
13057057	788	0.1	-0.1	5.2671
13057057	789	0.1	-0.1	-5.89111
13057057	790	0.1	-0.1	-4.55403
13057057	791	0.1	-0.1	-0.141373
13057057	792	0.1	-0.1	2.51447
13057057	793	0.1	-0.1	4.27198
13057057	794	0.1	-0.1	5.43032
13057057	795	0.1	-0.1	-0.0323819
13057057	796	0.1	-0.1	0.432223
13057057	797	0.1	-0.1	-4.53075
13057057	798	0.1	-0.1	-5.36455
13057057	799	0.1	-0.1	-0.868907
13057057	800	0.1	-0.1	5.39789
13057057	801	0.1	-0.1	-3.74239
13057057	802	0.1	-0.1	3.29001
13057057	803	0.1	-0.1	1.72417
13057057	804	0.1	-0.1	-5.48204
13057057	805	0.1	-0.1	2.8081
13057057	806	0.1	-0.1	-5.95108
13057057	807	0.1	-0.1	4.4523
13057057	808	0.1	-0.1	5.43631
13057057	809	0.1	-0.1	-1.88734
13057057	810	0.1	-0.1	1.33835
13057057	811	0.1	-0.1	5.41485
13057057	812	0.1	-0.1	3.93965
13057057	813	0.1	-0.1	2.78132
13057057	814	0.1	-0.1	-5.85045
13057057	815	0.1	-0.1	-0.169568
13057057	816	0.1	-0.1	1.24261
13057057	817	0.1	-0.1	-1.05914
13057057	818	0.1	-0.1	5.35547
13057057	819	0.1	-0.1	-4.1247
13057057	820	0.1	-0.1	3.87165
13057057	821	0.1	-0.1	0.374853
13057057	822	0.1	-0.1	-4.14922
13057057	823	0.1	-0.1	1.26487
13057057	824	0.1	-0.1	5.11946
13057057	825	0.1	-0.1	-3.40345
13057057	826	0.1	-0.1	3.81001
13057057	827	0.1	-0.1	-0.918774
13057057	828	0.1	-0.1	1.18684
13057057	829	0.1	-0.1	-2.3649
13057057	830	0.1	-0.1	3.69989
13057057	831	0.1	-0.1	-2.64746
13057057	832	0.1	-0.1	-3.44924
13057057	833	0.1	-0.1	3.86339
13057057	834	0.1	-0.1	2.24475
13057057	835	0.1	-0.1	-4.7026
13057057	836	0.1	-0.1	-4.62685
13057057	837	0.1	-0.1	1.21011
13057057	838	0.1	-0.1	-2.53167
13057057	839	0.1	-0.1	-0.0708009
13057057	840	0.1	-0.1	-0.96487
13057057	841	0.1	-0.1	4.88271
13057057	842	0.1	-0.1	-0.719418
13057057	843	0.1	-0.1	-1.61919
13057057	844	0.1	-0.1	3.52055
13057057	845	0.1	-0.1	-5.56483
13057057	846	0.1	-0.1	-4.50315
13057057	847	0.1	-0.1	5.77581
13057057	848	0.1	-0.1	-2.20088
13057057	849	0.1	-0.1	5.83725
13057057	850	0.1	-0.1	2.84005
13057057	851	0.1	-0.1	-3.03849
13057057	852	0.1	-0.1	3.39417
13057057	853	0.1	-0.1	3.45643
13057057	854	0.1	-0.1	-3.99631
13057057	855	0.1	-0.1	4.13842
13057057	856	0.1	-0.1	2.92655
13057057	857	0.1	-0.1	-5.56724
13057057	858	0.1	-0.1	-5.47224
13057057	859	0.1	-0.1	-2.23099
13057057	860	0.1	-0.1	0.26972
13057057	861	0.1	-0.1	2.95043
13057057	862	0.1	-0.1	-4.44773
13057057	863	0.1	-0.1	3.74612
13057057	864	0.1	-0.1	5.66539
13057057	865	0.1	-0.1	-4.71714
13057057	866	0.1	-0.1	4.7121
13057057	867	0.1	-0.1	-1.68761
13057057	868	0.1	-0.1	-3.51401
13057057	869	0.1	-0.1	3.47527
13057057	870	0.1	-0.1	1.00826
13057057	871	0.1	-0.1	-4.33552
13057057	872	0.1	-0.1	-2.36107
13057057	873	0.1	-0.1	-0.49028
13057057	874	0.1	-0.1	3.94028
13057057	875	0.1	-0.1	4.31351
13057057	876	0.1	-0.1	1.25458
13057057	877	0.1	-0.1	5.71269
13057057	878	0.1	-0.1	3.88093
13057057	879	0.1	-0.1	5.07119
13057057	880	0.1	-0.1	-3.80915
13057057	881	0.1	-0.1	3.32992
13057057	882	0.1	-0.1	0.659245
13057057	883	0.1	-0.1	5.46013
13057057	884	0.1	-0.1	0.0255782
13057057	885	0.1	-0.1	-5.0619
13057057	886	0.1	-0.1	0.333453
13057057	887	0.1	-0.1	-5.08553
13057057	888	0.1	-0.1	-1.50382
13057057	889	0.1	-0.1	0.408382
13057057	890	0.1	-0.1	-0.491712
13057057	891	0.1	-0.1	-3.92426
13057057	892	0.1	-0.1	-3.5616
13057057	893	0.1	-0.1	0.483333
13057057	894	0.1	-0.1	4.5231
13057057	895	0.1	-0.1	-0.734837
13057057	896	0.1	-0.1	5.24315
13057057	897	0.1	-0.1	5.22132
13057057	898	0.1	-0.1	5.64494
13057057	899	0.1	-0.1	3.239
13057057	900	0.1	-0.1	2.48048
13057057	901	0.1	-0.1	-1.84392
13057057	902	0.1	-0.1	2.09951
13057057	903	0.1	-0.1	3.27765
13057057	904	0.1	-0.1	5.66232
13057057	905	0.1	-0.1	-0.594583
13057057	906	0.1	-0.1	0.265354
13057057	907	0.1	-0.1	5.08433
13057057	908	0.1	-0.1	-0.158782
13057057	909	0.1	-0.1	0.655496
13057057	910	0.1	-0.1	-1.04811
13057057	911	0.1	-0.1	2.87513
13057057	912	0.1	-0.1	4.30365
13057057	913	0.1	-0.1	0.674875
13057057	914	0.1	-0.1	-4.68372
13057057	915	0.1	-0.1	1.97758
13057057	916	0.1	-0.1	-0.509885
13057057	917	0.1	-0.1	-4.75591
13057057	918	0.1	-0.1	0.740479
13057057	919	0.1	-0.1	2.09225
13057057	920	0.1	-0.1	2.30432
13057057	921	0.1	-0.1	4.03351
13057057	922	0.1	-0.1	-5.19216
13057057	923	0.1	-0.1	-4.00231
13057057	924	0.1	-0.1	5.84299
13057057	925	0.1	-0.1	-0.856447
13057057	926	0.1	-0.1	4.83085
13057057	927	0.1	-0.1	2.9076
13057057	928	0.1	-0.1	3.9713
13057057	929	0.1	-0.1	-5.49676
13057057	930	0.1	-0.1	-4.27781
13057057	931	0.1	-0.1	-4.60336
13057057	932	0.1	-0.1	-0.344855
13057057	933	0.1	-0.1	0.735687
13057057	934	0.1	-0.1	-1.65243
13057057	935	0.1	-0.1	-5.46256
13057057	936	0.1	-0.1	0.904641
13057057	937	0.1	-0.1	-0.246313
13057057	938	0.1	-0.1	2.68474
13057057	939	0.1	-0.1	3.77917
13057057	940	0.1	-0.1	2.6415
13057057	941	0.1	-0.1	2.28158
13057057	942	0.1	-0.1	-5.13285
13057057	943	0.1	-0.1	-1.36534
13057057	944	0.1	-0.1	-4.44341
13057057	945	0.1	-0.1	-2.87513
13057057	946	0.1	-0.1	-3.88029
13057057	947	0.1	-0.1	-0.166665
13057057	948	0.1	-0.1	1.86751
13057057	949	0.1	-0.1	0.854863
13057057	950	0.1	-0.1	2.96495
13057057	951	0.1	-0.1	2.83365
13057057	952	0.1	-0.1	3.4132
13057057	953	0.1	-0.1	-1.08587
13057057	954	0.1	-0.1	1.23443
13057057	955	0.1	-0.1	-4.80034
13057057	956	0.1	-0.1	-1.56983
13057057	957	0.1	-0.1	-2.86087
13057057	958	0.1	-0.1	4.14877
13057057	959	0.1	-0.1	0.773387
13057057	960	0.1	-0.1	-5.72693
13057057	961	0.1	-0.1	-0.581087
13057057	962	0.1	-0.1	5.87507
13057057	963	0.1	-0.1	4.0077
13057057	964	0.1	-0.1	2.65734
13057057	965	0.1	-0.1	-2.93423
13057057	966	0.1	-0.1	-3.1459
13057057	967	0.1	-0.1	-4.01468
13057057	968	0.1	-0.1	-0.194117
13057057	969	0.1	-0.1	-2.15899
13057057	970	0.1	-0.1	5.61208
13057057	971	0.1	-0.1	3.25086
13057057	972	0.1	-0.1	-0.740971
13057057	973	0.1	-0.1	4.0825
13057057	974	0.1	-0.1	-0.462822
13057057	975	0.1	-0.1	5.76402
13057057	976	0.1	-0.1	3.26168
13057057	977	0.1	-0.1	-5.34935
13057057	978	0.1	-0.1	-2.29444
13057057	979	0.1	-0.1	2.99164
13057057	980	0.1	-0.1	-2.10085
13057057	981	0.1	-0.1	-4.41984
13057057	982	0.1	-0.1	-3.18269
13057057	983	0.1	-0.1	0.196599
13057057	984	0.1	-0.1	5.93628
13057057	985	0.1	-0.1	3.65833
13057057	986	0.1	-0.1	-3.64925
13057057	987	0.1	-0.1	-1.23094
13057057	988	0.1	-0.1	-3.96739
13057057	989	0.1	-0.1	-1.77723
13057057	990	0.1	-0.1	2.60276
13057057	991	0.1	-0.1	0.801568
13057057	992	0.1	-0.1	5.98663
13057057	993	0.1	-0.1	1.12957
13057057	994	0.1	-0.1	5.72856
13057057	995	0.1	-0.1	-4.11007
13057057	996	0.1	-0.1	4.69653
13057057	997	0.1	-0.1	-3.94826
13057057	998	0.1	-0.1	0.0596909
13057057	999	0.1	-0.1	-5.00547
13057057	1000	0.1	-0.1	5.69778
