13056017	1	0.1	-0.1	-1.31902
13056017	2	0.1	-0.1	3.44823
13056017	3	0.1	-0.1	-2.29536
13056017	4	0.1	-0.1	-0.277116
13056017	5	0.1	-0.1	2.1895
13056017	6	0.1	-0.1	4.02726
13056017	7	0.1	-0.1	-3.62631
13056017	8	0.1	-0.1	0.636231
13056017	9	0.1	-0.1	5.35877
13056017	10	0.1	-0.1	4.23646
13056017	11	0.1	-0.1	2.78848
13056017	12	0.1	-0.1	3.7882
13056017	13	0.1	-0.1	-3.93081
13056017	14	0.1	-0.1	-0.605418
13056017	15	0.1	-0.1	-5.8326
13056017	16	0.1	-0.1	5.83058
13056017	17	0.1	-0.1	-2.20744
13056017	18	0.1	-0.1	-4.33419
13056017	19	0.1	-0.1	3.38072
13056017	20	0.1	-0.1	3.66314
13056017	21	0.1	-0.1	0.111674
13056017	22	0.1	-0.1	-2.3592
13056017	23	0.1	-0.1	-2.95953
13056017	24	0.1	-0.1	-0.14125
13056017	25	0.1	-0.1	-4.14965
13056017	26	0.1	-0.1	-2.36506
13056017	27	0.1	-0.1	-2.22995
13056017	28	0.1	-0.1	5.0399
13056017	29	0.1	-0.1	2.10404
13056017	30	0.1	-0.1	-4.23909
13056017	31	0.1	-0.1	-3.04469
13056017	32	0.1	-0.1	-3.59783
13056017	33	0.1	-0.1	0.936103
13056017	34	0.1	-0.1	5.42818
13056017	35	0.1	-0.1	-0.665529
13056017	36	0.1	-0.1	-0.444526
13056017	37	0.1	-0.1	4.48413
13056017	38	0.1	-0.1	-5.89679
13056017	39	0.1	-0.1	-0.720035
13056017	40	0.1	-0.1	2.94106
13056017	41	0.1	-0.1	-1.22776
13056017	42	0.1	-0.1	-3.49029
13056017	43	0.1	-0.1	-2.30306
13056017	44	0.1	-0.1	-3.23916
13056017	45	0.1	-0.1	3.54782
13056017	46	0.1	-0.1	4.11185
13056017	47	0.1	-0.1	-2.18736
13056017	48	0.1	-0.1	-5.94817
13056017	49	0.1	-0.1	-4.98067
13056017	50	0.1	-0.1	-4.1149
13056017	51	0.1	-0.1	-3.03141
13056017	52	0.1	-0.1	2.29034
13056017	53	0.1	-0.1	-2.80907
13056017	54	0.1	-0.1	5.14549
13056017	55	0.1	-0.1	1.49815
13056017	56	0.1	-0.1	2.69441
13056017	57	0.1	-0.1	-5.04033
13056017	58	0.1	-0.1	3.74861
13056017	59	0.1	-0.1	4.99844
13056017	60	0.1	-0.1	-3.94458
13056017	61	0.1	-0.1	0.396614
13056017	62	0.1	-0.1	-3.13053
13056017	63	0.1	-0.1	5.90921
13056017	64	0.1	-0.1	-0.759739
13056017	65	0.1	-0.1	4.72428
13056017	66	0.1	-0.1	-0.37032
13056017	67	0.1	-0.1	-1.92755
13056017	68	0.1	-0.1	3.42012
13056017	69	0.1	-0.1	-5.85165
13056017	70	0.1	-0.1	-3.28339
13056017	71	0.1	-0.1	2.35044
13056017	72	0.1	-0.1	3.25665
13056017	73	0.1	-0.1	0.730369
13056017	74	0.1	-0.1	5.82453
13056017	75	0.1	-0.1	0.829199
13056017	76	0.1	-0.1	-0.307167
13056017	77	0.1	-0.1	1.12466
13056017	78	0.1	-0.1	2.48773
13056017	79	0.1	-0.1	-1.7527
13056017	80	0.1	-0.1	-3.41412
13056017	81	0.1	-0.1	3.10677
13056017	82	0.1	-0.1	0.26633
13056017	83	0.1	-0.1	-1.47112
13056017	84	0.1	-0.1	-5.39871
13056017	85	0.1	-0.1	4.77066
13056017	86	0.1	-0.1	4.38192
13056017	87	0.1	-0.1	-1.64568
13056017	88	0.1	-0.1	0.320738
13056017	89	0.1	-0.1	0.773853
13056017	90	0.1	-0.1	-3.79909
13056017	91	0.1	-0.1	2.96915
13056017	92	0.1	-0.1	1.87898
13056017	93	0.1	-0.1	-2.36098
13056017	94	0.1	-0.1	0.311775
13056017	95	0.1	-0.1	-0.463263
13056017	96	0.1	-0.1	-4.7154
13056017	97	0.1	-0.1	3.51995
13056017	98	0.1	-0.1	5.6531
13056017	99	0.1	-0.1	-2.40489
13056017	100	0.1	-0.1	-5.08647
13056017	101	0.1	-0.1	5.05541
13056017	102	0.1	-0.1	3.82702
13056017	103	0.1	-0.1	-2.95612
13056017	104	0.1	-0.1	-1.023
13056017	105	0.1	-0.1	-0.688885
13056017	106	0.1	-0.1	0.201135
13056017	107	0.1	-0.1	2.84541
13056017	108	0.1	-0.1	-3.28598
13056017	109	0.1	-0.1	5.80163
13056017	110	0.1	-0.1	2.81158
13056017	111	0.1	-0.1	0.557822
13056017	112	0.1	-0.1	-1.93455
13056017	113	0.1	-0.1	5.87871
13056017	114	0.1	-0.1	-5.87292
13056017	115	0.1	-0.1	-2.56266
13056017	116	0.1	-0.1	-2.98366
13056017	117	0.1	-0.1	2.20265
13056017	118	0.1	-0.1	5.35116
13056017	119	0.1	-0.1	-0.181149
13056017	120	0.1	-0.1	-4.67252
13056017	121	0.1	-0.1	-4.02064
13056017	122	0.1	-0.1	0.911068
13056017	123	0.1	-0.1	2.39965
13056017	124	0.1	-0.1	5.56127
13056017	125	0.1	-0.1	5.93863
13056017	126	0.1	-0.1	2.2605
13056017	127	0.1	-0.1	-2.65112
13056017	128	0.1	-0.1	2.95001
13056017	129	0.1	-0.1	-3.62367
13056017	130	0.1	-0.1	5.07142
13056017	131	0.1	-0.1	-1.91841
13056017	132	0.1	-0.1	-4.59458
13056017	133	0.1	-0.1	3.68123
13056017	134	0.1	-0.1	2.884
13056017	135	0.1	-0.1	1.11971
13056017	136	0.1	-0.1	1.17224
13056017	137	0.1	-0.1	5.83346
13056017	138	0.1	-0.1	-3.37154
13056017	139	0.1	-0.1	3.43449
13056017	140	0.1	-0.1	-3.69435
13056017	141	0.1	-0.1	5.33936
13056017	142	0.1	-0.1	-4.39151
13056017	143	0.1	-0.1	-1.63757
13056017	144	0.1	-0.1	2.69354
13056017	145	0.1	-0.1	-2.23339
13056017	146	0.1	-0.1	2.41711
13056017	147	0.1	-0.1	-5.99675
13056017	148	0.1	-0.1	-1.24032
13056017	149	0.1	-0.1	-4.51486
13056017	150	0.1	-0.1	-0.381902
13056017	151	0.1	-0.1	-1.49349
13056017	152	0.1	-0.1	-0.0888926
13056017	153	0.1	-0.1	5.96673
13056017	154	0.1	-0.1	2.88094
13056017	155	0.1	-0.1	1.76239
13056017	156	0.1	-0.1	-1.79137
13056017	157	0.1	-0.1	-4.19155
13056017	158	0.1	-0.1	3.72439
13056017	159	0.1	-0.1	-0.124111
13056017	160	0.1	-0.1	0.996353
13056017	161	0.1	-0.1	-5.01089
13056017	162	0.1	-0.1	2.29823
13056017	163	0.1	-0.1	-3.60701
13056017	164	0.1	-0.1	-2.16906
13056017	165	0.1	-0.1	5.13588
13056017	166	0.1	-0.1	2.42013
13056017	167	0.1	-0.1	-2.04058
13056017	168	0.1	-0.1	4.55182
13056017	169	0.1	-0.1	-4.34507
13056017	170	0.1	-0.1	1.37011
13056017	171	0.1	-0.1	-3.39387
13056017	172	0.1	-0.1	1.83875
13056017	173	0.1	-0.1	4.70141
13056017	174	0.1	-0.1	-3.8118
13056017	175	0.1	-0.1	-2.57459
13056017	176	0.1	-0.1	-5.12388
13056017	177	0.1	-0.1	4.54686
13056017	178	0.1	-0.1	0.468844
13056017	179	0.1	-0.1	1.48699
13056017	180	0.1	-0.1	3.36917
13056017	181	0.1	-0.1	0.866752
13056017	182	0.1	-0.1	-3.96227
13056017	183	0.1	-0.1	-3.531
13056017	184	0.1	-0.1	2.38833
13056017	185	0.1	-0.1	3.15641
13056017	186	0.1	-0.1	0.564785
13056017	187	0.1	-0.1	0.566976
13056017	188	0.1	-0.1	4.21727
13056017	189	0.1	-0.1	1.06589
13056017	190	0.1	-0.1	-1.99132
13056017	191	0.1	-0.1	-0.485301
13056017	192	0.1	-0.1	-5.36512
13056017	193	0.1	-0.1	-5.33476
13056017	194	0.1	-0.1	0.663212
13056017	195	0.1	-0.1	-2.40853
13056017	196	0.1	-0.1	-1.65935
13056017	197	0.1	-0.1	5.84261
13056017	198	0.1	-0.1	-5.61637
13056017	199	0.1	-0.1	2.06708
13056017	200	0.1	-0.1	5.41538
13056017	201	0.1	-0.1	-0.663043
13056017	202	0.1	-0.1	5.634
13056017	203	0.1	-0.1	3.32223
13056017	204	0.1	-0.1	-4.8078
13056017	205	0.1	-0.1	2.44219
13056017	206	0.1	-0.1	-5.09791
13056017	207	0.1	-0.1	-1.07077
13056017	208	0.1	-0.1	-2.80308
13056017	209	0.1	-0.1	0.712817
13056017	210	0.1	-0.1	4.74334
13056017	211	0.1	-0.1	5.67927
13056017	212	0.1	-0.1	-2.94959
13056017	213	0.1	-0.1	-3.63266
13056017	214	0.1	-0.1	-5.83198
13056017	215	0.1	-0.1	1.78781
13056017	216	0.1	-0.1	4.55638
13056017	217	0.1	-0.1	-2.52203
13056017	218	0.1	-0.1	-0.448128
13056017	219	0.1	-0.1	-2.49426
13056017	220	0.1	-0.1	5.52206
13056017	221	0.1	-0.1	-4.37737
13056017	222	0.1	-0.1	-0.921476
13056017	223	0.1	-0.1	-0.431054
13056017	224	0.1	-0.1	-1.10709
13056017	225	0.1	-0.1	1.84774
13056017	226	0.1	-0.1	-2.53223
13056017	227	0.1	-0.1	3.47333
13056017	228	0.1	-0.1	0.761138
13056017	229	0.1	-0.1	-0.591524
13056017	230	0.1	-0.1	-0.908444
13056017	231	0.1	-0.1	4.38856
13056017	232	0.1	-0.1	-5.43351
13056017	233	0.1	-0.1	-3.38673
13056017	234	0.1	-0.1	-5.07243
13056017	235	0.1	-0.1	-5.45372
13056017	236	0.1	-0.1	-4.55098
13056017	237	0.1	-0.1	1.7091
13056017	238	0.1	-0.1	5.80807
13056017	239	0.1	-0.1	1.30752
13056017	240	0.1	-0.1	0.179675
13056017	241	0.1	-0.1	3.92761
13056017	242	0.1	-0.1	0.786773
13056017	243	0.1	-0.1	-2.64901
13056017	244	0.1	-0.1	2.6335
13056017	245	0.1	-0.1	5.66287
13056017	246	0.1	-0.1	-3.27512
13056017	247	0.1	-0.1	-3.5487
13056017	248	0.1	-0.1	-4.76825
13056017	249	0.1	-0.1	-3.05452
13056017	250	0.1	-0.1	-2.15583
13056017	251	0.1	-0.1	-2.73815
13056017	252	0.1	-0.1	3.93916
13056017	253	0.1	-0.1	0.56945
13056017	254	0.1	-0.1	-4.51644
13056017	255	0.1	-0.1	1.27318
13056017	256	0.1	-0.1	0.124198
13056017	257	0.1	-0.1	-4.61193
13056017	258	0.1	-0.1	-0.733767
13056017	259	0.1	-0.1	4.00267
13056017	260	0.1	-0.1	-4.68421
13056017	261	0.1	-0.1	1.63523
13056017	262	0.1	-0.1	-4.29745
13056017	263	0.1	-0.1	-2.16525
13056017	264	0.1	-0.1	-0.990506
13056017	265	0.1	-0.1	-2.8609
13056017	266	0.1	-0.1	2.85867
13056017	267	0.1	-0.1	3.04778
13056017	268	0.1	-0.1	4.01908
13056017	269	0.1	-0.1	4.32669
13056017	270	0.1	-0.1	1.57616
13056017	271	0.1	-0.1	-5.63824
13056017	272	0.1	-0.1	-1.20473
13056017	273	0.1	-0.1	-5.75123
13056017	274	0.1	-0.1	-4.98513
13056017	275	0.1	-0.1	-5.45289
13056017	276	0.1	-0.1	-4.91557
13056017	277	0.1	-0.1	-2.21902
13056017	278	0.1	-0.1	1.35298
13056017	279	0.1	-0.1	-2.62395
13056017	280	0.1	-0.1	3.53446
13056017	281	0.1	-0.1	0.729753
13056017	282	0.1	-0.1	-0.621206
13056017	283	0.1	-0.1	-5.15303
13056017	284	0.1	-0.1	1.20464
13056017	285	0.1	-0.1	-4.72097
13056017	286	0.1	-0.1	-1.01671
13056017	287	0.1	-0.1	2.28809
13056017	288	0.1	-0.1	2.7855
13056017	289	0.1	-0.1	-0.362591
13056017	290	0.1	-0.1	3.99592
13056017	291	0.1	-0.1	-4.78681
13056017	292	0.1	-0.1	-2.328
13056017	293	0.1	-0.1	1.86154
13056017	294	0.1	-0.1	-2.58187
13056017	295	0.1	-0.1	0.793702
13056017	296	0.1	-0.1	-0.293208
13056017	297	0.1	-0.1	-4.81303
13056017	298	0.1	-0.1	-0.19656
13056017	299	0.1	-0.1	4.52512
13056017	300	0.1	-0.1	0.994057
13056017	301	0.1	-0.1	4.88347
13056017	302	0.1	-0.1	3.22272
13056017	303	0.1	-0.1	-0.954237
13056017	304	0.1	-0.1	-0.728769
13056017	305	0.1	-0.1	4.63618
13056017	306	0.1	-0.1	-0.976454
13056017	307	0.1	-0.1	0.476867
13056017	308	0.1	-0.1	-3.3891
13056017	309	0.1	-0.1	1.62773
13056017	310	0.1	-0.1	2.04266
13056017	311	0.1	-0.1	0.100641
13056017	312	0.1	-0.1	-0.167667
13056017	313	0.1	-0.1	1.52571
13056017	314	0.1	-0.1	5.64264
13056017	315	0.1	-0.1	5.87503
13056017	316	0.1	-0.1	2.52936
13056017	317	0.1	-0.1	2.1389
13056017	318	0.1	-0.1	-3.86476
13056017	319	0.1	-0.1	-2.62275
13056017	320	0.1	-0.1	1.65107
13056017	321	0.1	-0.1	-0.596498
13056017	322	0.1	-0.1	-1.69732
13056017	323	0.1	-0.1	1.73657
13056017	324	0.1	-0.1	-3.37887
13056017	325	0.1	-0.1	2.4304
13056017	326	0.1	-0.1	-5.31823
13056017	327	0.1	-0.1	-5.51322
13056017	328	0.1	-0.1	2.79322
13056017	329	0.1	-0.1	-3.23371
13056017	330	0.1	-0.1	-3.02584
13056017	331	0.1	-0.1	-0.751026
13056017	332	0.1	-0.1	-4.29002
13056017	333	0.1	-0.1	-1.90981
13056017	334	0.1	-0.1	1.57314
13056017	335	0.1	-0.1	4.79666
13056017	336	0.1	-0.1	2.21058
13056017	337	0.1	-0.1	1.19561
13056017	338	0.1	-0.1	-1.53665
13056017	339	0.1	-0.1	2.71367
13056017	340	0.1	-0.1	-3.67034
13056017	341	0.1	-0.1	1.64451
13056017	342	0.1	-0.1	3.19864
13056017	343	0.1	-0.1	0.432444
13056017	344	0.1	-0.1	-1.45144
13056017	345	0.1	-0.1	4.97031
13056017	346	0.1	-0.1	3.517
13056017	347	0.1	-0.1	-2.15603
13056017	348	0.1	-0.1	-2.02634
13056017	349	0.1	-0.1	2.95929
13056017	350	0.1	-0.1	-2.83095
13056017	351	0.1	-0.1	2.31267
13056017	352	0.1	-0.1	-0.896974
13056017	353	0.1	-0.1	-0.209086
13056017	354	0.1	-0.1	4.03477
13056017	355	0.1	-0.1	-5.38043
13056017	356	0.1	-0.1	-0.750734
13056017	357	0.1	-0.1	-1.55808
13056017	358	0.1	-0.1	3.88144
13056017	359	0.1	-0.1	3.02986
13056017	360	0.1	-0.1	-0.493977
13056017	361	0.1	-0.1	1.52204
13056017	362	0.1	-0.1	5.43902
13056017	363	0.1	-0.1	4.0564
13056017	364	0.1	-0.1	-2.57224
13056017	365	0.1	-0.1	-4.47662
13056017	366	0.1	-0.1	-5.83068
13056017	367	0.1	-0.1	5.14698
13056017	368	0.1	-0.1	-1.73752
13056017	369	0.1	-0.1	-5.98869
13056017	370	0.1	-0.1	-5.5597
13056017	371	0.1	-0.1	2.20583
13056017	372	0.1	-0.1	1.03551
13056017	373	0.1	-0.1	-5.83369
13056017	374	0.1	-0.1	-3.35049
13056017	375	0.1	-0.1	2.86288
13056017	376	0.1	-0.1	-3.57148
13056017	377	0.1	-0.1	5.12118
13056017	378	0.1	-0.1	1.75917
13056017	379	0.1	-0.1	-5.70323
13056017	380	0.1	-0.1	-1.45921
13056017	381	0.1	-0.1	-3.57743
13056017	382	0.1	-0.1	2.97597
13056017	383	0.1	-0.1	5.69602
13056017	384	0.1	-0.1	-3.33516
13056017	385	0.1	-0.1	-5.75294
13056017	386	0.1	-0.1	-3.10216
13056017	387	0.1	-0.1	-2.25091
13056017	388	0.1	-0.1	3.55783
13056017	389	0.1	-0.1	2.80287
13056017	390	0.1	-0.1	-5.07964
13056017	391	0.1	-0.1	-1.47352
13056017	392	0.1	-0.1	-1.78783
13056017	393	0.1	-0.1	1.04956
13056017	394	0.1	-0.1	2.12078
13056017	395	0.1	-0.1	3.36225
13056017	396	0.1	-0.1	0.260707
13056017	397	0.1	-0.1	-0.502414
13056017	398	0.1	-0.1	-3.03255
13056017	399	0.1	-0.1	4.1287
13056017	400	0.1	-0.1	-0.546104
13056017	401	0.1	-0.1	3.42611
13056017	402	0.1	-0.1	-0.591022
13056017	403	0.1	-0.1	4.9124
13056017	404	0.1	-0.1	-4.53923
13056017	405	0.1	-0.1	-2.93106
13056017	406	0.1	-0.1	1.77096
13056017	407	0.1	-0.1	4.96302
13056017	408	0.1	-0.1	-0.692357
13056017	409	0.1	-0.1	-2.90448
13056017	410	0.1	-0.1	-0.856194
13056017	411	0.1	-0.1	0.786563
13056017	412	0.1	-0.1	-1.51099
13056017	413	0.1	-0.1	0.4444
13056017	414	0.1	-0.1	-3.94112
13056017	415	0.1	-0.1	1.33944
13056017	416	0.1	-0.1	1.57106
13056017	417	0.1	-0.1	4.05321
13056017	418	0.1	-0.1	-2.36827
13056017	419	0.1	-0.1	-0.353804
13056017	420	0.1	-0.1	-4.60952
13056017	421	0.1	-0.1	-0.456888
13056017	422	0.1	-0.1	-0.792983
13056017	423	0.1	-0.1	-4.80229
13056017	424	0.1	-0.1	-0.585726
13056017	425	0.1	-0.1	2.8854
13056017	426	0.1	-0.1	1.2321
13056017	427	0.1	-0.1	-0.0529238
13056017	428	0.1	-0.1	-1.55231
13056017	429	0.1	-0.1	-1.59167
13056017	430	0.1	-0.1	-0.463156
13056017	431	0.1	-0.1	-4.1515
13056017	432	0.1	-0.1	2.46721
13056017	433	0.1	-0.1	0.428995
13056017	434	0.1	-0.1	5.70576
13056017	435	0.1	-0.1	0.390755
13056017	436	0.1	-0.1	4.70635
13056017	437	0.1	-0.1	0.836677
13056017	438	0.1	-0.1	-4.49002
13056017	439	0.1	-0.1	0.601226
13056017	440	0.1	-0.1	5.98948
13056017	441	0.1	-0.1	2.68451
13056017	442	0.1	-0.1	-5.19866
13056017	443	0.1	-0.1	4.0389
13056017	444	0.1	-0.1	-5.58745
13056017	445	0.1	-0.1	-1.47041
13056017	446	0.1	-0.1	-2.94048
13056017	447	0.1	-0.1	-2.62724
13056017	448	0.1	-0.1	-1.66321
13056017	449	0.1	-0.1	-0.764781
13056017	450	0.1	-0.1	0.535486
13056017	451	0.1	-0.1	-2.94329
13056017	452	0.1	-0.1	-0.136351
13056017	453	0.1	-0.1	0.979326
13056017	454	0.1	-0.1	-1.29354
13056017	455	0.1	-0.1	0.216773
13056017	456	0.1	-0.1	5.34705
13056017	457	0.1	-0.1	-2.41917
13056017	458	0.1	-0.1	-3.607
13056017	459	0.1	-0.1	2.44895
13056017	460	0.1	-0.1	2.50136
13056017	461	0.1	-0.1	0.177568
13056017	462	0.1	-0.1	0.372426
13056017	463	0.1	-0.1	1.16424
13056017	464	0.1	-0.1	-0.132669
13056017	465	0.1	-0.1	-2.50222
13056017	466	0.1	-0.1	3.24444
13056017	467	0.1	-0.1	3.92408
13056017	468	0.1	-0.1	-1.31241
13056017	469	0.1	-0.1	2.89724
13056017	470	0.1	-0.1	1.68382
13056017	471	0.1	-0.1	-3.09242
13056017	472	0.1	-0.1	2.67992
13056017	473	0.1	-0.1	3.62366
13056017	474	0.1	-0.1	4.6212
13056017	475	0.1	-0.1	-4.46447
13056017	476	0.1	-0.1	-1.5392
13056017	477	0.1	-0.1	-2.00313
13056017	478	0.1	-0.1	5.94785
13056017	479	0.1	-0.1	5.10189
13056017	480	0.1	-0.1	-4.25371
13056017	481	0.1	-0.1	1.5409
13056017	482	0.1	-0.1	3.82762
13056017	483	0.1	-0.1	3.60497
13056017	484	0.1	-0.1	-3.56951
13056017	485	0.1	-0.1	-5.78885
13056017	486	0.1	-0.1	0.506333
13056017	487	0.1	-0.1	-3.66206
13056017	488	0.1	-0.1	-5.51238
13056017	489	0.1	-0.1	-2.79087
13056017	490	0.1	-0.1	-4.30862
13056017	491	0.1	-0.1	-0.869922
13056017	492	0.1	-0.1	0.336408
13056017	493	0.1	-0.1	5.55122
13056017	494	0.1	-0.1	-2.7615
13056017	495	0.1	-0.1	-0.957373
13056017	496	0.1	-0.1	4.39259
13056017	497	0.1	-0.1	-5.46749
13056017	498	0.1	-0.1	4.20554
13056017	499	0.1	-0.1	4.50382
13056017	500	0.1	-0.1	-3.71481
13056017	501	0.1	-0.1	-5.17422
13056017	502	0.1	-0.1	0.499224
13056017	503	0.1	-0.1	-0.806573
13056017	504	0.1	-0.1	5.33842
13056017	505	0.1	-0.1	0.0713192
13056017	506	0.1	-0.1	-3.41177
13056017	507	0.1	-0.1	2.02823
13056017	508	0.1	-0.1	4.1257
13056017	509	0.1	-0.1	-5.91021
13056017	510	0.1	-0.1	2.35009
13056017	511	0.1	-0.1	5.73374
13056017	512	0.1	-0.1	3.55028
13056017	513	0.1	-0.1	-3.1913
13056017	514	0.1	-0.1	-4.79767
13056017	515	0.1	-0.1	1.5676
13056017	516	0.1	-0.1	3.39578
13056017	517	0.1	-0.1	-5.2072
13056017	518	0.1	-0.1	2.40952
13056017	519	0.1	-0.1	0.830789
13056017	520	0.1	-0.1	3.1147
13056017	521	0.1	-0.1	5.44281
13056017	522	0.1	-0.1	3.76702
13056017	523	0.1	-0.1	4.78196
13056017	524	0.1	-0.1	2.7931
13056017	525	0.1	-0.1	-0.675551
13056017	526	0.1	-0.1	-5.55513
13056017	527	0.1	-0.1	4.42201
13056017	528	0.1	-0.1	-4.88229
13056017	529	0.1	-0.1	-2.34826
13056017	530	0.1	-0.1	2.94873
13056017	531	0.1	-0.1	-4.40481
13056017	532	0.1	-0.1	-1.06828
13056017	533	0.1	-0.1	1.8892
13056017	534	0.1	-0.1	-5.86674
13056017	535	0.1	-0.1	0.757498
13056017	536	0.1	-0.1	-5.24897
13056017	537	0.1	-0.1	2.61318
13056017	538	0.1	-0.1	1.71421
13056017	539	0.1	-0.1	4.61395
13056017	540	0.1	-0.1	-3.04848
13056017	541	0.1	-0.1	-2.54938
13056017	542	0.1	-0.1	2.76259
13056017	543	0.1	-0.1	0.415484
13056017	544	0.1	-0.1	-1.85317
13056017	545	0.1	-0.1	3.24612
13056017	546	0.1	-0.1	2.75676
13056017	547	0.1	-0.1	-0.178559
13056017	548	0.1	-0.1	-1.82118
13056017	549	0.1	-0.1	-3.75457
13056017	550	0.1	-0.1	1.57831
13056017	551	0.1	-0.1	-4.21869
13056017	552	0.1	-0.1	-0.888165
13056017	553	0.1	-0.1	-1.13194
13056017	554	0.1	-0.1	1.01364
13056017	555	0.1	-0.1	-0.465212
13056017	556	0.1	-0.1	-1.92262
13056017	557	0.1	-0.1	-1.99892
13056017	558	0.1	-0.1	-0.706078
13056017	559	0.1	-0.1	-3.23201
13056017	560	0.1	-0.1	-3.57789
13056017	561	0.1	-0.1	-0.63716
13056017	562	0.1	-0.1	5.75667
13056017	563	0.1	-0.1	2.79159
13056017	564	0.1	-0.1	1.45145
13056017	565	0.1	-0.1	3.45133
13056017	566	0.1	-0.1	0.990998
13056017	567	0.1	-0.1	-5.33558
13056017	568	0.1	-0.1	3.37351
13056017	569	0.1	-0.1	0.0481411
13056017	570	0.1	-0.1	-4.54635
13056017	571	0.1	-0.1	2.90525
13056017	572	0.1	-0.1	3.22006
13056017	573	0.1	-0.1	-0.730854
13056017	574	0.1	-0.1	-3.44144
13056017	575	0.1	-0.1	4.59108
13056017	576	0.1	-0.1	1.53127
13056017	577	0.1	-0.1	1.41094
13056017	578	0.1	-0.1	-0.667176
13056017	579	0.1	-0.1	-1.47451
13056017	580	0.1	-0.1	5.98045
13056017	581	0.1	-0.1	3.95354
13056017	582	0.1	-0.1	-4.03095
13056017	583	0.1	-0.1	-0.569428
13056017	584	0.1	-0.1	3.72474
13056017	585	0.1	-0.1	1.55776
13056017	586	0.1	-0.1	-4.04146
13056017	587	0.1	-0.1	5.07186
13056017	588	0.1	-0.1	4.42808
13056017	589	0.1	-0.1	-3.49767
13056017	590	0.1	-0.1	3.56172
13056017	591	0.1	-0.1	-3.79423
13056017	592	0.1	-0.1	1.22
13056017	593	0.1	-0.1	0.693286
13056017	594	0.1	-0.1	3.96859
13056017	595	0.1	-0.1	-1.07065
13056017	596	0.1	-0.1	3.80849
13056017	597	0.1	-0.1	-5.32761
13056017	598	0.1	-0.1	-4.70596
13056017	599	0.1	-0.1	-3.23103
13056017	600	0.1	-0.1	-3.22006
13056017	601	0.1	-0.1	4.40493
13056017	602	0.1	-0.1	3.66942
13056017	603	0.1	-0.1	-0.536488
13056017	604	0.1	-0.1	3.16574
13056017	605	0.1	-0.1	2.79312
13056017	606	0.1	-0.1	-4.89831
13056017	607	0.1	-0.1	-3.88594
13056017	608	0.1	-0.1	3.58524
13056017	609	0.1	-0.1	-3.84221
13056017	610	0.1	-0.1	3.96391
13056017	611	0.1	-0.1	2.84034
13056017	612	0.1	-0.1	-5.75603
13056017	613	0.1	-0.1	1.38502
13056017	614	0.1	-0.1	5.73839
13056017	615	0.1	-0.1	2.57127
13056017	616	0.1	-0.1	-3.49224
13056017	617	0.1	-0.1	-5.09596
13056017	618	0.1	-0.1	-1.13431
13056017	619	0.1	-0.1	-3.52149
13056017	620	0.1	-0.1	0.499178
13056017	621	0.1	-0.1	-5.82907
13056017	622	0.1	-0.1	0.248864
13056017	623	0.1	-0.1	-1.43906
13056017	624	0.1	-0.1	-2.13379
13056017	625	0.1	-0.1	-4.48965
13056017	626	0.1	-0.1	-5.44842
13056017	627	0.1	-0.1	-5.03743
13056017	628	0.1	-0.1	-3.02917
13056017	629	0.1	-0.1	-0.839454
13056017	630	0.1	-0.1	2.40026
13056017	631	0.1	-0.1	4.93118
13056017	632	0.1	-0.1	-1.67058
13056017	633	0.1	-0.1	-0.302515
13056017	634	0.1	-0.1	2.93087
13056017	635	0.1	-0.1	2.93581
13056017	636	0.1	-0.1	-0.270496
13056017	637	0.1	-0.1	-3.6045
13056017	638	0.1	-0.1	-5.76214
13056017	639	0.1	-0.1	0.892069
13056017	640	0.1	-0.1	-4.89738
13056017	641	0.1	-0.1	-4.11495
13056017	642	0.1	-0.1	-2.71712
13056017	643	0.1	-0.1	-3.00925
13056017	644	0.1	-0.1	-0.649787
13056017	645	0.1	-0.1	-5.2551
13056017	646	0.1	-0.1	-3.50777
13056017	647	0.1	-0.1	1.80844
13056017	648	0.1	-0.1	0.419711
13056017	649	0.1	-0.1	3.33537
13056017	650	0.1	-0.1	0.681479
13056017	651	0.1	-0.1	1.45089
13056017	652	0.1	-0.1	-1.2621
13056017	653	0.1	-0.1	-0.480857
13056017	654	0.1	-0.1	3.4016
13056017	655	0.1	-0.1	-3.17666
13056017	656	0.1	-0.1	-0.641854
13056017	657	0.1	-0.1	-2.45526
13056017	658	0.1	-0.1	2.63547
13056017	659	0.1	-0.1	-4.05094
13056017	660	0.1	-0.1	0.0660339
13056017	661	0.1	-0.1	1.36499
13056017	662	0.1	-0.1	1.45644
13056017	663	0.1	-0.1	3.98914
13056017	664	0.1	-0.1	5.26437
13056017	665	0.1	-0.1	-1.78353
13056017	666	0.1	-0.1	1.95444
13056017	667	0.1	-0.1	-4.21051
13056017	668	0.1	-0.1	-4.97288
13056017	669	0.1	-0.1	2.51959
13056017	670	0.1	-0.1	3.00581
13056017	671	0.1	-0.1	-5.31542
13056017	672	0.1	-0.1	0.377408
13056017	673	0.1	-0.1	-3.18122
13056017	674	0.1	-0.1	2.76628
13056017	675	0.1	-0.1	-0.55181
13056017	676	0.1	-0.1	2.18902
13056017	677	0.1	-0.1	-1.53476
13056017	678	0.1	-0.1	4.93792
13056017	679	0.1	-0.1	2.68029
13056017	680	0.1	-0.1	5.76857
13056017	681	0.1	-0.1	-1.7965
13056017	682	0.1	-0.1	-5.61447
13056017	683	0.1	-0.1	-3.5851
13056017	684	0.1	-0.1	-1.40133
13056017	685	0.1	-0.1	3.00404
13056017	686	0.1	-0.1	0.319173
13056017	687	0.1	-0.1	-5.46795
13056017	688	0.1	-0.1	5.45768
13056017	689	0.1	-0.1	3.91257
13056017	690	0.1	-0.1	0.624772
13056017	691	0.1	-0.1	1.84014
13056017	692	0.1	-0.1	-1.18142
13056017	693	0.1	-0.1	2.89557
13056017	694	0.1	-0.1	5.34294
13056017	695	0.1	-0.1	-2.90331
13056017	696	0.1	-0.1	-1.81513
13056017	697	0.1	-0.1	3.87287
13056017	698	0.1	-0.1	-2.46557
13056017	699	0.1	-0.1	2.82012
13056017	700	0.1	-0.1	-3.1945
13056017	701	0.1	-0.1	-2.9469
13056017	702	0.1	-0.1	2.67785
13056017	703	0.1	-0.1	-4.58683
13056017	704	0.1	-0.1	-5.25477
13056017	705	0.1	-0.1	-4.04583
13056017	706	0.1	-0.1	5.22569
13056017	707	0.1	-0.1	-2.4622
13056017	708	0.1	-0.1	-2.97043
13056017	709	0.1	-0.1	0.589085
13056017	710	0.1	-0.1	-3.65381
13056017	711	0.1	-0.1	-3.16062
13056017	712	0.1	-0.1	-3.65234
13056017	713	0.1	-0.1	2.08281
13056017	714	0.1	-0.1	4.12631
13056017	715	0.1	-0.1	4.71279
13056017	716	0.1	-0.1	-5.03957
13056017	717	0.1	-0.1	3.17176
13056017	718	0.1	-0.1	-0.524003
13056017	719	0.1	-0.1	-3.89095
13056017	720	0.1	-0.1	5.52689
13056017	721	0.1	-0.1	-1.25204
13056017	722	0.1	-0.1	5.15052
13056017	723	0.1	-0.1	2.50374
13056017	724	0.1	-0.1	3.22575
13056017	725	0.1	-0.1	-3.92749
13056017	726	0.1	-0.1	3.65892
13056017	727	0.1	-0.1	5.85369
13056017	728	0.1	-0.1	-0.449486
13056017	729	0.1	-0.1	4.57718
13056017	730	0.1	-0.1	-0.160136
13056017	731	0.1	-0.1	-4.17054
13056017	732	0.1	-0.1	-4.89536
13056017	733	0.1	-0.1	4.29756
13056017	734	0.1	-0.1	0.538255
13056017	735	0.1	-0.1	0.872644
13056017	736	0.1	-0.1	-5.04935
13056017	737	0.1	-0.1	-1.56117
13056017	738	0.1	-0.1	-3.50353
13056017	739	0.1	-0.1	-5.91345
13056017	740	0.1	-0.1	-1.76873
13056017	741	0.1	-0.1	0.857241
13056017	742	0.1	-0.1	-4.0012
13056017	743	0.1	-0.1	-5.03228
13056017	744	0.1	-0.1	1.59847
13056017	745	0.1	-0.1	-3.85487
13056017	746	0.1	-0.1	-1.94664
13056017	747	0.1	-0.1	4.5698
13056017	748	0.1	-0.1	3.13659
13056017	749	0.1	-0.1	0.133841
13056017	750	0.1	-0.1	-4.63184
13056017	751	0.1	-0.1	-5.36013
13056017	752	0.1	-0.1	-4.02067
13056017	753	0.1	-0.1	-2.50577
13056017	754	0.1	-0.1	-0.0987093
13056017	755	0.1	-0.1	-2.85294
13056017	756	0.1	-0.1	2.77019
13056017	757	0.1	-0.1	-2.49157
13056017	758	0.1	-0.1	3.84999
13056017	759	0.1	-0.1	1.86683
13056017	760	0.1	-0.1	-0.0989153
13056017	761	0.1	-0.1	4.1764
13056017	762	0.1	-0.1	5.17604
13056017	763	0.1	-0.1	1.48989
13056017	764	0.1	-0.1	5.22775
13056017	765	0.1	-0.1	-4.92188
13056017	766	0.1	-0.1	-4.68391
13056017	767	0.1	-0.1	3.16976
13056017	768	0.1	-0.1	-5.41123
13056017	769	0.1	-0.1	-1.37337
13056017	770	0.1	-0.1	-5.76391
13056017	771	0.1	-0.1	-4.96988
13056017	772	0.1	-0.1	0.173362
13056017	773	0.1	-0.1	2.97927
13056017	774	0.1	-0.1	2.64202
13056017	775	0.1	-0.1	-5.32097
13056017	776	0.1	-0.1	2.6983
13056017	777	0.1	-0.1	0.108434
13056017	778	0.1	-0.1	-3.61575
13056017	779	0.1	-0.1	-1.09433
13056017	780	0.1	-0.1	-2.97197
13056017	781	0.1	-0.1	4.36261
13056017	782	0.1	-0.1	3.64231
13056017	783	0.1	-0.1	-1.49194
13056017	784	0.1	-0.1	-3.31897
13056017	785	0.1	-0.1	-4.59271
13056017	786	0.1	-0.1	4.17632
13056017	787	0.1	-0.1	2.03782
13056017	788	0.1	-0.1	-1.69316
13056017	789	0.1	-0.1	-5.62319
13056017	790	0.1	-0.1	1.01981
13056017	791	0.1	-0.1	0.734846
13056017	792	0.1	-0.1	-2.50197
13056017	793	0.1	-0.1	-1.19732
13056017	794	0.1	-0.1	2.61284
13056017	795	0.1	-0.1	-4.25955
13056017	796	0.1	-0.1	-3.22493
13056017	797	0.1	-0.1	1.20956
13056017	798	0.1	-0.1	-4.15433
13056017	799	0.1	-0.1	-5.53663
13056017	800	0.1	-0.1	2.28922
13056017	801	0.1	-0.1	1.21675
13056017	802	0.1	-0.1	2.17662
13056017	803	0.1	-0.1	-4.00303
13056017	804	0.1	-0.1	-3.55495
13056017	805	0.1	-0.1	-5.20159
13056017	806	0.1	-0.1	1.88846
13056017	807	0.1	-0.1	2.44309
13056017	808	0.1	-0.1	-1.63479
13056017	809	0.1	-0.1	-4.72085
13056017	810	0.1	-0.1	-2.19051
13056017	811	0.1	-0.1	5.16796
13056017	812	0.1	-0.1	-0.434276
13056017	813	0.1	-0.1	-0.570254
13056017	814	0.1	-0.1	-0.491319
13056017	815	0.1	-0.1	-3.99126
13056017	816	0.1	-0.1	2.84952
13056017	817	0.1	-0.1	0.445872
13056017	818	0.1	-0.1	-0.0313655
13056017	819	0.1	-0.1	0.0498766
13056017	820	0.1	-0.1	-4.02139
13056017	821	0.1	-0.1	0.578479
13056017	822	0.1	-0.1	-0.811726
13056017	823	0.1	-0.1	5.98342
13056017	824	0.1	-0.1	0.317416
13056017	825	0.1	-0.1	4.48699
13056017	826	0.1	-0.1	-0.681258
13056017	827	0.1	-0.1	-4.33357
13056017	828	0.1	-0.1	-1.87395
13056017	829	0.1	-0.1	-2.16813
13056017	830	0.1	-0.1	-2.50074
13056017	831	0.1	-0.1	1.0729
13056017	832	0.1	-0.1	3.96836
13056017	833	0.1	-0.1	-1.7911
13056017	834	0.1	-0.1	2.76375
13056017	835	0.1	-0.1	-2.65506
13056017	836	0.1	-0.1	-2.50435
13056017	837	0.1	-0.1	-1.48669
13056017	838	0.1	-0.1	-0.986122
13056017	839	0.1	-0.1	4.24226
13056017	840	0.1	-0.1	-1.17451
13056017	841	0.1	-0.1	-1.91326
13056017	842	0.1	-0.1	2.38555
13056017	843	0.1	-0.1	4.19666
13056017	844	0.1	-0.1	-0.0800539
13056017	845	0.1	-0.1	-3.44866
13056017	846	0.1	-0.1	-2.32204
13056017	847	0.1	-0.1	4.34429
13056017	848	0.1	-0.1	-5.97235
13056017	849	0.1	-0.1	-2.69912
13056017	850	0.1	-0.1	-0.732216
13056017	851	0.1	-0.1	0.360768
13056017	852	0.1	-0.1	-1.53887
13056017	853	0.1	-0.1	4.30242
13056017	854	0.1	-0.1	-1.3951
13056017	855	0.1	-0.1	3.47114
13056017	856	0.1	-0.1	-2.20874
13056017	857	0.1	-0.1	3.5519
13056017	858	0.1	-0.1	3.70214
13056017	859	0.1	-0.1	-1.60213
13056017	860	0.1	-0.1	-4.59215
13056017	861	0.1	-0.1	1.55283
13056017	862	0.1	-0.1	2.99023
13056017	863	0.1	-0.1	5.15425
13056017	864	0.1	-0.1	-5.23118
13056017	865	0.1	-0.1	-5.31135
13056017	866	0.1	-0.1	-1.43661
13056017	867	0.1	-0.1	-1.15363
13056017	868	0.1	-0.1	2.22496
13056017	869	0.1	-0.1	1.04046
13056017	870	0.1	-0.1	-5.49317
13056017	871	0.1	-0.1	0.677668
13056017	872	0.1	-0.1	0.2753
13056017	873	0.1	-0.1	-4.07537
13056017	874	0.1	-0.1	0.987511
13056017	875	0.1	-0.1	-2.34434
13056017	876	0.1	-0.1	5.05344
13056017	877	0.1	-0.1	-0.819486
13056017	878	0.1	-0.1	4.86724
13056017	879	0.1	-0.1	3.65171
13056017	880	0.1	-0.1	-5.74293
13056017	881	0.1	-0.1	0.935185
13056017	882	0.1	-0.1	2.88147
13056017	883	0.1	-0.1	4.75349
13056017	884	0.1	-0.1	1.46472
13056017	885	0.1	-0.1	4.79837
13056017	886	0.1	-0.1	-2.23542
13056017	887	0.1	-0.1	4.86931
13056017	888	0.1	-0.1	2.89404
13056017	889	0.1	-0.1	-0.367955
13056017	890	0.1	-0.1	-4.80734
13056017	891	0.1	-0.1	0.478263
13056017	892	0.1	-0.1	-4.3163
13056017	893	0.1	-0.1	1.26022
13056017	894	0.1	-0.1	5.96449
13056017	895	0.1	-0.1	-5.25819
13056017	896	0.1	-0.1	-4.81313
13056017	897	0.1	-0.1	0.796233
13056017	898	0.1	-0.1	2.11737
13056017	899	0.1	-0.1	-2.80259
13056017	900	0.1	-0.1	-3.82626
13056017	901	0.1	-0.1	-1.59708
13056017	902	0.1	-0.1	5.00415
13056017	903	0.1	-0.1	-2.46972
13056017	904	0.1	-0.1	4.99471
13056017	905	0.1	-0.1	2.54405
13056017	906	0.1	-0.1	-5.20306
13056017	907	0.1	-0.1	-0.392237
13056017	908	0.1	-0.1	1.04098
13056017	909	0.1	-0.1	4.33746
13056017	910	0.1	-0.1	-0.436785
13056017	911	0.1	-0.1	-4.34801
13056017	912	0.1	-0.1	4.33826
13056017	913	0.1	-0.1	-1.59818
13056017	914	0.1	-0.1	0.0793708
13056017	915	0.1	-0.1	0.595544
13056017	916	0.1	-0.1	-0.506724
13056017	917	0.1	-0.1	-4.26768
13056017	918	0.1	-0.1	-1.83442
13056017	919	0.1	-0.1	4.99436
13056017	920	0.1	-0.1	2.43521
13056017	921	0.1	-0.1	4.45143
13056017	922	0.1	-0.1	-0.0923512
13056017	923	0.1	-0.1	3.80531
13056017	924	0.1	-0.1	3.44641
13056017	925	0.1	-0.1	4.87317
13056017	926	0.1	-0.1	-4.87575
13056017	927	0.1	-0.1	-0.921684
13056017	928	0.1	-0.1	3.21854
13056017	929	0.1	-0.1	2.6993
13056017	930	0.1	-0.1	0.891873
13056017	931	0.1	-0.1	-4.05772
13056017	932	0.1	-0.1	-2.30094
13056017	933	0.1	-0.1	4.66386
13056017	934	0.1	-0.1	0.851063
13056017	935	0.1	-0.1	2.94166
13056017	936	0.1	-0.1	-5.84845
13056017	937	0.1	-0.1	-4.5307
13056017	938	0.1	-0.1	1.52315
13056017	939	0.1	-0.1	-1.13002
13056017	940	0.1	-0.1	-0.0366234
13056017	941	0.1	-0.1	3.96161
13056017	942	0.1	-0.1	-2.99843
13056017	943	0.1	-0.1	-3.76249
13056017	944	0.1	-0.1	-5.16225
13056017	945	0.1	-0.1	5.36077
13056017	946	0.1	-0.1	3.14742
13056017	947	0.1	-0.1	1.7402
13056017	948	0.1	-0.1	2.32374
13056017	949	0.1	-0.1	-3.78479
13056017	950	0.1	-0.1	-5.17569
13056017	951	0.1	-0.1	-3.2173
13056017	952	0.1	-0.1	1.12293
13056017	953	0.1	-0.1	-2.52451
13056017	954	0.1	-0.1	3.24251
13056017	955	0.1	-0.1	-4.07556
13056017	956	0.1	-0.1	-0.371518
13056017	957	0.1	-0.1	5.74765
13056017	958	0.1	-0.1	2.53402
13056017	959	0.1	-0.1	2.77972
13056017	960	0.1	-0.1	-0.513652
13056017	961	0.1	-0.1	3.7267
13056017	962	0.1	-0.1	-1.49514
13056017	963	0.1	-0.1	-2.08209
13056017	964	0.1	-0.1	1.75345
13056017	965	0.1	-0.1	-4.57867
13056017	966	0.1	-0.1	1.77275
13056017	967	0.1	-0.1	2.56069
13056017	968	0.1	-0.1	0.273227
13056017	969	0.1	-0.1	-1.20072
13056017	970	0.1	-0.1	-1.2006
13056017	971	0.1	-0.1	2.57347
13056017	972	0.1	-0.1	-5.95856
13056017	973	0.1	-0.1	-1.60384
13056017	974	0.1	-0.1	5.58674
13056017	975	0.1	-0.1	4.90819
13056017	976	0.1	-0.1	2.6809
13056017	977	0.1	-0.1	-1.22529
13056017	978	0.1	-0.1	4.60301
13056017	979	0.1	-0.1	4.67263
13056017	980	0.1	-0.1	-1.03345
13056017	981	0.1	-0.1	3.61955
13056017	982	0.1	-0.1	-2.90646
13056017	983	0.1	-0.1	5.82413
13056017	984	0.1	-0.1	5.34492
13056017	985	0.1	-0.1	-1.52356
13056017	986	0.1	-0.1	-0.113224
13056017	987	0.1	-0.1	1.41446
13056017	988	0.1	-0.1	-1.55375
13056017	989	0.1	-0.1	4.09234
13056017	990	0.1	-0.1	5.67038
13056017	991	0.1	-0.1	-5.12927
13056017	992	0.1	-0.1	-1.19087
13056017	993	0.1	-0.1	-4.11563
13056017	994	0.1	-0.1	-1.12752
13056017	995	0.1	-0.1	-1.34884
13056017	996	0.1	-0.1	3.19116
13056017	997	0.1	-0.1	-0.640176
13056017	998	0.1	-0.1	1.24261
13056017	999	0.1	-0.1	0.906411
13056017	1000	0.1	-0.1	1.52302
