13052022	1	0.1	-0.1	-5.11384
13052022	2	0.1	-0.1	-4.48981
13052022	3	0.1	-0.1	-1.62684
13052022	4	0.1	-0.1	-1.36642
13052022	5	0.1	-0.1	0.330188
13052022	6	0.1	-0.1	4.87506
13052022	7	0.1	-0.1	-5.29139
13052022	8	0.1	-0.1	3.4911
13052022	9	0.1	-0.1	3.17004
13052022	10	0.1	-0.1	3.49247
13052022	11	0.1	-0.1	-5.44292
13052022	12	0.1	-0.1	-0.451757
13052022	13	0.1	-0.1	-2.70446
13052022	14	0.1	-0.1	-5.8044
13052022	15	0.1	-0.1	4.97062
13052022	16	0.1	-0.1	-4.02053
13052022	17	0.1	-0.1	4.22562
13052022	18	0.1	-0.1	1.98551
13052022	19	0.1	-0.1	-4.9566
13052022	20	0.1	-0.1	-4.41146
13052022	21	0.1	-0.1	-1.44957
13052022	22	0.1	-0.1	-2.00006
13052022	23	0.1	-0.1	-5.36763
13052022	24	0.1	-0.1	-4.59229
13052022	25	0.1	-0.1	-0.627242
13052022	26	0.1	-0.1	5.37674
13052022	27	0.1	-0.1	4.65616
13052022	28	0.1	-0.1	2.81367
13052022	29	0.1	-0.1	4.59978
13052022	30	0.1	-0.1	-0.027687
13052022	31	0.1	-0.1	-4.80728
13052022	32	0.1	-0.1	-2.93689
13052022	33	0.1	-0.1	-1.34231
13052022	34	0.1	-0.1	-4.07661
13052022	35	0.1	-0.1	0.391883
13052022	36	0.1	-0.1	-0.472784
13052022	37	0.1	-0.1	-5.28296
13052022	38	0.1	-0.1	0.878435
13052022	39	0.1	-0.1	2.00894
13052022	40	0.1	-0.1	-5.75304
13052022	41	0.1	-0.1	-4.47879
13052022	42	0.1	-0.1	-0.628516
13052022	43	0.1	-0.1	-1.96975
13052022	44	0.1	-0.1	-3.98988
13052022	45	0.1	-0.1	1.44666
13052022	46	0.1	-0.1	-1.12425
13052022	47	0.1	-0.1	2.08202
13052022	48	0.1	-0.1	2.45968
13052022	49	0.1	-0.1	5.80464
13052022	50	0.1	-0.1	1.41868
13052022	51	0.1	-0.1	3.11134
13052022	52	0.1	-0.1	1.44719
13052022	53	0.1	-0.1	2.15372
13052022	54	0.1	-0.1	2.47551
13052022	55	0.1	-0.1	5.27274
13052022	56	0.1	-0.1	2.69893
13052022	57	0.1	-0.1	-5.74299
13052022	58	0.1	-0.1	-4.64565
13052022	59	0.1	-0.1	3.27357
13052022	60	0.1	-0.1	4.17305
13052022	61	0.1	-0.1	4.04376
13052022	62	0.1	-0.1	0.423125
13052022	63	0.1	-0.1	-5.83469
13052022	64	0.1	-0.1	-5.05685
13052022	65	0.1	-0.1	-1.54906
13052022	66	0.1	-0.1	-4.19079
13052022	67	0.1	-0.1	-2.35971
13052022	68	0.1	-0.1	5.5651
13052022	69	0.1	-0.1	-1.5761
13052022	70	0.1	-0.1	0.681377
13052022	71	0.1	-0.1	-4.8692
13052022	72	0.1	-0.1	0.268763
13052022	73	0.1	-0.1	-5.24455
13052022	74	0.1	-0.1	-1.53101
13052022	75	0.1	-0.1	4.23026
13052022	76	0.1	-0.1	1.31095
13052022	77	0.1	-0.1	-1.56089
13052022	78	0.1	-0.1	1.12487
13052022	79	0.1	-0.1	3.93375
13052022	80	0.1	-0.1	-3.61447
13052022	81	0.1	-0.1	5.10826
13052022	82	0.1	-0.1	-1.70531
13052022	83	0.1	-0.1	0.0870339
13052022	84	0.1	-0.1	5.98707
13052022	85	0.1	-0.1	2.306
13052022	86	0.1	-0.1	-5.46263
13052022	87	0.1	-0.1	3.18371
13052022	88	0.1	-0.1	1.83318
13052022	89	0.1	-0.1	2.05118
13052022	90	0.1	-0.1	5.82844
13052022	91	0.1	-0.1	5.62306
13052022	92	0.1	-0.1	5.72964
13052022	93	0.1	-0.1	1.72765
13052022	94	0.1	-0.1	4.63772
13052022	95	0.1	-0.1	3.74628
13052022	96	0.1	-0.1	-5.24438
13052022	97	0.1	-0.1	-3.33726
13052022	98	0.1	-0.1	-0.987806
13052022	99	0.1	-0.1	-2.87925
13052022	100	0.1	-0.1	2.2625
13052022	101	0.1	-0.1	1.1665
13052022	102	0.1	-0.1	1.59997
13052022	103	0.1	-0.1	-5.60762
13052022	104	0.1	-0.1	-4.88567
13052022	105	0.1	-0.1	2.74223
13052022	106	0.1	-0.1	-0.508224
13052022	107	0.1	-0.1	-3.2481
13052022	108	0.1	-0.1	3.35233
13052022	109	0.1	-0.1	5.06746
13052022	110	0.1	-0.1	-5.86529
13052022	111	0.1	-0.1	-4.92036
13052022	112	0.1	-0.1	2.39295
13052022	113	0.1	-0.1	-0.498252
13052022	114	0.1	-0.1	3.08158
13052022	115	0.1	-0.1	-2.7327
13052022	116	0.1	-0.1	4.48652
13052022	117	0.1	-0.1	0.731464
13052022	118	0.1	-0.1	0.499912
13052022	119	0.1	-0.1	5.03283
13052022	120	0.1	-0.1	3.85213
13052022	121	0.1	-0.1	4.70832
13052022	122	0.1	-0.1	-0.949904
13052022	123	0.1	-0.1	-2.6092
13052022	124	0.1	-0.1	2.075
13052022	125	0.1	-0.1	0.975904
13052022	126	0.1	-0.1	4.81014
13052022	127	0.1	-0.1	-5.29897
13052022	128	0.1	-0.1	-0.598522
13052022	129	0.1	-0.1	5.75665
13052022	130	0.1	-0.1	-4.45956
13052022	131	0.1	-0.1	5.20554
13052022	132	0.1	-0.1	-0.305118
13052022	133	0.1	-0.1	-2.39789
13052022	134	0.1	-0.1	4.4422
13052022	135	0.1	-0.1	-2.1152
13052022	136	0.1	-0.1	1.25804
13052022	137	0.1	-0.1	2.41421
13052022	138	0.1	-0.1	3.72941
13052022	139	0.1	-0.1	3.72816
13052022	140	0.1	-0.1	5.64078
13052022	141	0.1	-0.1	-3.3581
13052022	142	0.1	-0.1	-3.43182
13052022	143	0.1	-0.1	4.9789
13052022	144	0.1	-0.1	-0.00969959
13052022	145	0.1	-0.1	-3.32337
13052022	146	0.1	-0.1	-2.12203
13052022	147	0.1	-0.1	3.71388
13052022	148	0.1	-0.1	0.928761
13052022	149	0.1	-0.1	5.65004
13052022	150	0.1	-0.1	5.92048
13052022	151	0.1	-0.1	-3.21171
13052022	152	0.1	-0.1	-1.28691
13052022	153	0.1	-0.1	-3.29888
13052022	154	0.1	-0.1	2.51838
13052022	155	0.1	-0.1	-5.52624
13052022	156	0.1	-0.1	-3.62617
13052022	157	0.1	-0.1	1.44199
13052022	158	0.1	-0.1	-5.77365
13052022	159	0.1	-0.1	5.42074
13052022	160	0.1	-0.1	0.479405
13052022	161	0.1	-0.1	3.86621
13052022	162	0.1	-0.1	4.93943
13052022	163	0.1	-0.1	-2.33413
13052022	164	0.1	-0.1	3.90512
13052022	165	0.1	-0.1	-5.2444
13052022	166	0.1	-0.1	-3.51366
13052022	167	0.1	-0.1	5.26036
13052022	168	0.1	-0.1	-3.85386
13052022	169	0.1	-0.1	-5.37539
13052022	170	0.1	-0.1	-5.48966
13052022	171	0.1	-0.1	4.23264
13052022	172	0.1	-0.1	-0.663612
13052022	173	0.1	-0.1	4.94208
13052022	174	0.1	-0.1	1.76289
13052022	175	0.1	-0.1	0.912083
13052022	176	0.1	-0.1	-3.67155
13052022	177	0.1	-0.1	2.44027
13052022	178	0.1	-0.1	2.90894
13052022	179	0.1	-0.1	-4.4482
13052022	180	0.1	-0.1	-3.02856
13052022	181	0.1	-0.1	5.16978
13052022	182	0.1	-0.1	-0.558948
13052022	183	0.1	-0.1	1.63689
13052022	184	0.1	-0.1	2.8703
13052022	185	0.1	-0.1	0.979808
13052022	186	0.1	-0.1	0.539235
13052022	187	0.1	-0.1	-5.81849
13052022	188	0.1	-0.1	-0.0796582
13052022	189	0.1	-0.1	2.63912
13052022	190	0.1	-0.1	3.49769
13052022	191	0.1	-0.1	5.01206
13052022	192	0.1	-0.1	-5.83815
13052022	193	0.1	-0.1	-2.73025
13052022	194	0.1	-0.1	5.92492
13052022	195	0.1	-0.1	1.83356
13052022	196	0.1	-0.1	1.06239
13052022	197	0.1	-0.1	2.0231
13052022	198	0.1	-0.1	-4.36926
13052022	199	0.1	-0.1	3.19116
13052022	200	0.1	-0.1	-0.518248
13052022	201	0.1	-0.1	4.6715
13052022	202	0.1	-0.1	3.42661
13052022	203	0.1	-0.1	1.65258
13052022	204	0.1	-0.1	-1.91964
13052022	205	0.1	-0.1	4.44007
13052022	206	0.1	-0.1	-2.223
13052022	207	0.1	-0.1	-4.98324
13052022	208	0.1	-0.1	-5.66417
13052022	209	0.1	-0.1	-5.9439
13052022	210	0.1	-0.1	3.75567
13052022	211	0.1	-0.1	-2.01223
13052022	212	0.1	-0.1	-4.23591
13052022	213	0.1	-0.1	-3.15989
13052022	214	0.1	-0.1	5.36398
13052022	215	0.1	-0.1	2.20416
13052022	216	0.1	-0.1	-0.165957
13052022	217	0.1	-0.1	0.767366
13052022	218	0.1	-0.1	0.0460968
13052022	219	0.1	-0.1	4.75413
13052022	220	0.1	-0.1	5.18903
13052022	221	0.1	-0.1	3.81275
13052022	222	0.1	-0.1	2.57197
13052022	223	0.1	-0.1	-5.54465
13052022	224	0.1	-0.1	-5.59296
13052022	225	0.1	-0.1	1.07182
13052022	226	0.1	-0.1	-1.18031
13052022	227	0.1	-0.1	-4.14941
13052022	228	0.1	-0.1	1.24145
13052022	229	0.1	-0.1	-4.46642
13052022	230	0.1	-0.1	2.11801
13052022	231	0.1	-0.1	-4.48628
13052022	232	0.1	-0.1	-1.01107
13052022	233	0.1	-0.1	-5.53943
13052022	234	0.1	-0.1	-5.46261
13052022	235	0.1	-0.1	-1.55213
13052022	236	0.1	-0.1	-5.70919
13052022	237	0.1	-0.1	0.00574952
13052022	238	0.1	-0.1	-0.28432
13052022	239	0.1	-0.1	1.78144
13052022	240	0.1	-0.1	5.66886
13052022	241	0.1	-0.1	-2.19335
13052022	242	0.1	-0.1	0.513918
13052022	243	0.1	-0.1	-5.58473
13052022	244	0.1	-0.1	-0.709415
13052022	245	0.1	-0.1	5.39087
13052022	246	0.1	-0.1	0.548696
13052022	247	0.1	-0.1	2.36126
13052022	248	0.1	-0.1	2.28082
13052022	249	0.1	-0.1	3.57875
13052022	250	0.1	-0.1	-1.43913
13052022	251	0.1	-0.1	2.14046
13052022	252	0.1	-0.1	-3.37606
13052022	253	0.1	-0.1	3.95118
13052022	254	0.1	-0.1	5.67566
13052022	255	0.1	-0.1	-4.60837
13052022	256	0.1	-0.1	2.91453
13052022	257	0.1	-0.1	-2.42927
13052022	258	0.1	-0.1	-3.62349
13052022	259	0.1	-0.1	-4.24501
13052022	260	0.1	-0.1	1.81752
13052022	261	0.1	-0.1	5.93685
13052022	262	0.1	-0.1	4.69945
13052022	263	0.1	-0.1	1.84333
13052022	264	0.1	-0.1	-2.70775
13052022	265	0.1	-0.1	2.86757
13052022	266	0.1	-0.1	-0.360823
13052022	267	0.1	-0.1	-4.24884
13052022	268	0.1	-0.1	4.10162
13052022	269	0.1	-0.1	0.325814
13052022	270	0.1	-0.1	4.86624
13052022	271	0.1	-0.1	-1.82162
13052022	272	0.1	-0.1	-0.193771
13052022	273	0.1	-0.1	-0.279479
13052022	274	0.1	-0.1	-5.25329
13052022	275	0.1	-0.1	-5.73403
13052022	276	0.1	-0.1	5.5582
13052022	277	0.1	-0.1	-0.612379
13052022	278	0.1	-0.1	-2.33151
13052022	279	0.1	-0.1	-2.63727
13052022	280	0.1	-0.1	2.22833
13052022	281	0.1	-0.1	5.04391
13052022	282	0.1	-0.1	-1.89374
13052022	283	0.1	-0.1	-5.83527
13052022	284	0.1	-0.1	-1.15497
13052022	285	0.1	-0.1	-1.84587
13052022	286	0.1	-0.1	-2.4305
13052022	287	0.1	-0.1	4.18771
13052022	288	0.1	-0.1	3.13908
13052022	289	0.1	-0.1	-3.14912
13052022	290	0.1	-0.1	4.28638
13052022	291	0.1	-0.1	-4.1493
13052022	292	0.1	-0.1	4.73
13052022	293	0.1	-0.1	4.24644
13052022	294	0.1	-0.1	1.65201
13052022	295	0.1	-0.1	3.65315
13052022	296	0.1	-0.1	2.94813
13052022	297	0.1	-0.1	-4.63417
13052022	298	0.1	-0.1	2.50814
13052022	299	0.1	-0.1	-2.78505
13052022	300	0.1	-0.1	-5.56601
13052022	301	0.1	-0.1	-2.33466
13052022	302	0.1	-0.1	1.42777
13052022	303	0.1	-0.1	-3.91078
13052022	304	0.1	-0.1	-5.50849
13052022	305	0.1	-0.1	1.62141
13052022	306	0.1	-0.1	1.28303
13052022	307	0.1	-0.1	0.0329005
13052022	308	0.1	-0.1	-5.85779
13052022	309	0.1	-0.1	-4.73505
13052022	310	0.1	-0.1	-5.48538
13052022	311	0.1	-0.1	-5.06401
13052022	312	0.1	-0.1	-3.63789
13052022	313	0.1	-0.1	-4.24871
13052022	314	0.1	-0.1	-5.30811
13052022	315	0.1	-0.1	-4.89806
13052022	316	0.1	-0.1	-5.84572
13052022	317	0.1	-0.1	-4.94538
13052022	318	0.1	-0.1	1.85891
13052022	319	0.1	-0.1	-5.70278
13052022	320	0.1	-0.1	-2.42248
13052022	321	0.1	-0.1	-2.77444
13052022	322	0.1	-0.1	4.73856
13052022	323	0.1	-0.1	3.54349
13052022	324	0.1	-0.1	0.681211
13052022	325	0.1	-0.1	2.85074
13052022	326	0.1	-0.1	1.74679
13052022	327	0.1	-0.1	1.52332
13052022	328	0.1	-0.1	-0.883139
13052022	329	0.1	-0.1	-5.79546
13052022	330	0.1	-0.1	-5.43162
13052022	331	0.1	-0.1	3.02095
13052022	332	0.1	-0.1	3.70628
13052022	333	0.1	-0.1	-2.05766
13052022	334	0.1	-0.1	-1.94478
13052022	335	0.1	-0.1	0.796756
13052022	336	0.1	-0.1	-4.12181
13052022	337	0.1	-0.1	3.20841
13052022	338	0.1	-0.1	-3.02242
13052022	339	0.1	-0.1	-4.33242
13052022	340	0.1	-0.1	4.64111
13052022	341	0.1	-0.1	1.22024
13052022	342	0.1	-0.1	-5.60991
13052022	343	0.1	-0.1	-0.969878
13052022	344	0.1	-0.1	2.87443
13052022	345	0.1	-0.1	-0.661331
13052022	346	0.1	-0.1	-3.90891
13052022	347	0.1	-0.1	-5.82822
13052022	348	0.1	-0.1	-2.7614
13052022	349	0.1	-0.1	-4.86492
13052022	350	0.1	-0.1	5.28836
13052022	351	0.1	-0.1	2.8756
13052022	352	0.1	-0.1	-5.49446
13052022	353	0.1	-0.1	3.51445
13052022	354	0.1	-0.1	-1.98521
13052022	355	0.1	-0.1	4.67733
13052022	356	0.1	-0.1	3.51946
13052022	357	0.1	-0.1	0.670518
13052022	358	0.1	-0.1	0.818783
13052022	359	0.1	-0.1	-0.508406
13052022	360	0.1	-0.1	-1.94186
13052022	361	0.1	-0.1	-4.11751
13052022	362	0.1	-0.1	-5.19193
13052022	363	0.1	-0.1	2.88327
13052022	364	0.1	-0.1	4.5868
13052022	365	0.1	-0.1	2.41264
13052022	366	0.1	-0.1	5.15922
13052022	367	0.1	-0.1	-1.36578
13052022	368	0.1	-0.1	-0.90612
13052022	369	0.1	-0.1	-5.15504
13052022	370	0.1	-0.1	4.08429
13052022	371	0.1	-0.1	4.72894
13052022	372	0.1	-0.1	5.50644
13052022	373	0.1	-0.1	-1.37576
13052022	374	0.1	-0.1	3.61447
13052022	375	0.1	-0.1	-2.04697
13052022	376	0.1	-0.1	3.29207
13052022	377	0.1	-0.1	-4.45089
13052022	378	0.1	-0.1	-2.02866
13052022	379	0.1	-0.1	0.875386
13052022	380	0.1	-0.1	-5.68004
13052022	381	0.1	-0.1	0.54101
13052022	382	0.1	-0.1	-0.45521
13052022	383	0.1	-0.1	5.70798
13052022	384	0.1	-0.1	3.77007
13052022	385	0.1	-0.1	4.25084
13052022	386	0.1	-0.1	1.32399
13052022	387	0.1	-0.1	5.92319
13052022	388	0.1	-0.1	0.103224
13052022	389	0.1	-0.1	-5.60564
13052022	390	0.1	-0.1	-1.25368
13052022	391	0.1	-0.1	-4.05964
13052022	392	0.1	-0.1	2.16503
13052022	393	0.1	-0.1	4.11448
13052022	394	0.1	-0.1	-2.38148
13052022	395	0.1	-0.1	-4.99609
13052022	396	0.1	-0.1	1.05644
13052022	397	0.1	-0.1	0.389028
13052022	398	0.1	-0.1	0.921246
13052022	399	0.1	-0.1	3.52131
13052022	400	0.1	-0.1	5.82235
13052022	401	0.1	-0.1	2.2656
13052022	402	0.1	-0.1	4.59488
13052022	403	0.1	-0.1	-4.76558
13052022	404	0.1	-0.1	-4.28089
13052022	405	0.1	-0.1	-1.05641
13052022	406	0.1	-0.1	1.09135
13052022	407	0.1	-0.1	2.42456
13052022	408	0.1	-0.1	-3.50225
13052022	409	0.1	-0.1	-1.31008
13052022	410	0.1	-0.1	-0.112792
13052022	411	0.1	-0.1	2.38082
13052022	412	0.1	-0.1	-2.82471
13052022	413	0.1	-0.1	2.88008
13052022	414	0.1	-0.1	-0.128432
13052022	415	0.1	-0.1	0.782611
13052022	416	0.1	-0.1	4.83323
13052022	417	0.1	-0.1	-1.13952
13052022	418	0.1	-0.1	-0.810505
13052022	419	0.1	-0.1	4.77673
13052022	420	0.1	-0.1	-1.76896
13052022	421	0.1	-0.1	-1.52409
13052022	422	0.1	-0.1	-5.42514
13052022	423	0.1	-0.1	-1.57392
13052022	424	0.1	-0.1	-1.20977
13052022	425	0.1	-0.1	-3.25394
13052022	426	0.1	-0.1	-5.92315
13052022	427	0.1	-0.1	2.48715
13052022	428	0.1	-0.1	3.88785
13052022	429	0.1	-0.1	-5.17844
13052022	430	0.1	-0.1	-1.48078
13052022	431	0.1	-0.1	-2.88697
13052022	432	0.1	-0.1	-4.04801
13052022	433	0.1	-0.1	3.74052
13052022	434	0.1	-0.1	-0.374828
13052022	435	0.1	-0.1	-5.64577
13052022	436	0.1	-0.1	-2.07888
13052022	437	0.1	-0.1	5.15563
13052022	438	0.1	-0.1	-2.17259
13052022	439	0.1	-0.1	1.32412
13052022	440	0.1	-0.1	1.86379
13052022	441	0.1	-0.1	-4.92852
13052022	442	0.1	-0.1	-3.63162
13052022	443	0.1	-0.1	5.64442
13052022	444	0.1	-0.1	-1.72845
13052022	445	0.1	-0.1	-5.34299
13052022	446	0.1	-0.1	-5.81655
13052022	447	0.1	-0.1	1.04799
13052022	448	0.1	-0.1	-0.861813
13052022	449	0.1	-0.1	-1.09216
13052022	450	0.1	-0.1	5.8858
13052022	451	0.1	-0.1	-0.389138
13052022	452	0.1	-0.1	-5.83614
13052022	453	0.1	-0.1	3.49224
13052022	454	0.1	-0.1	-2.93047
13052022	455	0.1	-0.1	-0.436516
13052022	456	0.1	-0.1	-5.07492
13052022	457	0.1	-0.1	3.67142
13052022	458	0.1	-0.1	2.42494
13052022	459	0.1	-0.1	-0.441214
13052022	460	0.1	-0.1	-1.13455
13052022	461	0.1	-0.1	-5.84999
13052022	462	0.1	-0.1	3.45693
13052022	463	0.1	-0.1	-1.60675
13052022	464	0.1	-0.1	-0.299282
13052022	465	0.1	-0.1	3.92839
13052022	466	0.1	-0.1	5.21694
13052022	467	0.1	-0.1	0.0851573
13052022	468	0.1	-0.1	-4.60895
13052022	469	0.1	-0.1	4.04206
13052022	470	0.1	-0.1	-0.215751
13052022	471	0.1	-0.1	-2.33245
13052022	472	0.1	-0.1	-0.191261
13052022	473	0.1	-0.1	-5.27505
13052022	474	0.1	-0.1	3.85337
13052022	475	0.1	-0.1	4.61297
13052022	476	0.1	-0.1	-5.17648
13052022	477	0.1	-0.1	-2.69096
13052022	478	0.1	-0.1	-1.41032
13052022	479	0.1	-0.1	-3.66512
13052022	480	0.1	-0.1	-2.79297
13052022	481	0.1	-0.1	-5.19281
13052022	482	0.1	-0.1	3.51038
13052022	483	0.1	-0.1	5.00508
13052022	484	0.1	-0.1	-0.483392
13052022	485	0.1	-0.1	2.18291
13052022	486	0.1	-0.1	1.83688
13052022	487	0.1	-0.1	3.60548
13052022	488	0.1	-0.1	4.03217
13052022	489	0.1	-0.1	5.6247
13052022	490	0.1	-0.1	4.29014
13052022	491	0.1	-0.1	-1.62422
13052022	492	0.1	-0.1	-5.20873
13052022	493	0.1	-0.1	-2.12302
13052022	494	0.1	-0.1	5.00297
13052022	495	0.1	-0.1	-4.91808
13052022	496	0.1	-0.1	-3.18299
13052022	497	0.1	-0.1	2.28545
13052022	498	0.1	-0.1	0.0116413
13052022	499	0.1	-0.1	5.96829
13052022	500	0.1	-0.1	-5.45735
13052022	501	0.1	-0.1	-3.90746
13052022	502	0.1	-0.1	-2.0499
13052022	503	0.1	-0.1	4.93033
13052022	504	0.1	-0.1	2.8846
13052022	505	0.1	-0.1	-5.29539
13052022	506	0.1	-0.1	3.03438
13052022	507	0.1	-0.1	-4.29749
13052022	508	0.1	-0.1	-5.33692
13052022	509	0.1	-0.1	-3.83997
13052022	510	0.1	-0.1	4.24746
13052022	511	0.1	-0.1	-0.790452
13052022	512	0.1	-0.1	-4.01704
13052022	513	0.1	-0.1	-1.21608
13052022	514	0.1	-0.1	-5.47895
13052022	515	0.1	-0.1	2.24761
13052022	516	0.1	-0.1	2.89912
13052022	517	0.1	-0.1	-4.99557
13052022	518	0.1	-0.1	1.17876
13052022	519	0.1	-0.1	-1.67454
13052022	520	0.1	-0.1	1.17084
13052022	521	0.1	-0.1	0.086367
13052022	522	0.1	-0.1	1.52401
13052022	523	0.1	-0.1	-1.05564
13052022	524	0.1	-0.1	-2.03914
13052022	525	0.1	-0.1	-1.48582
13052022	526	0.1	-0.1	-0.74802
13052022	527	0.1	-0.1	0.256108
13052022	528	0.1	-0.1	5.01106
13052022	529	0.1	-0.1	-0.421537
13052022	530	0.1	-0.1	-1.68453
13052022	531	0.1	-0.1	0.255685
13052022	532	0.1	-0.1	4.41922
13052022	533	0.1	-0.1	0.920938
13052022	534	0.1	-0.1	-0.961288
13052022	535	0.1	-0.1	-3.59448
13052022	536	0.1	-0.1	-1.49573
13052022	537	0.1	-0.1	-3.77432
13052022	538	0.1	-0.1	-0.777223
13052022	539	0.1	-0.1	-2.06672
13052022	540	0.1	-0.1	2.51658
13052022	541	0.1	-0.1	3.53192
13052022	542	0.1	-0.1	-0.273726
13052022	543	0.1	-0.1	4.68493
13052022	544	0.1	-0.1	2.0868
13052022	545	0.1	-0.1	-1.66437
13052022	546	0.1	-0.1	-0.775857
13052022	547	0.1	-0.1	3.34007
13052022	548	0.1	-0.1	1.73081
13052022	549	0.1	-0.1	3.97719
13052022	550	0.1	-0.1	0.62721
13052022	551	0.1	-0.1	-3.7378
13052022	552	0.1	-0.1	3.81359
13052022	553	0.1	-0.1	-3.92816
13052022	554	0.1	-0.1	3.13198
13052022	555	0.1	-0.1	-3.85888
13052022	556	0.1	-0.1	1.413
13052022	557	0.1	-0.1	-3.90698
13052022	558	0.1	-0.1	-2.26052
13052022	559	0.1	-0.1	-3.0562
13052022	560	0.1	-0.1	5.53115
13052022	561	0.1	-0.1	-2.75151
13052022	562	0.1	-0.1	5.11518
13052022	563	0.1	-0.1	-0.287717
13052022	564	0.1	-0.1	1.22779
13052022	565	0.1	-0.1	-4.83297
13052022	566	0.1	-0.1	-0.762235
13052022	567	0.1	-0.1	1.84928
13052022	568	0.1	-0.1	-3.10529
13052022	569	0.1	-0.1	4.19259
13052022	570	0.1	-0.1	-4.2227
13052022	571	0.1	-0.1	5.02046
13052022	572	0.1	-0.1	-2.91951
13052022	573	0.1	-0.1	1.86194
13052022	574	0.1	-0.1	0.525848
13052022	575	0.1	-0.1	4.72734
13052022	576	0.1	-0.1	4.47425
13052022	577	0.1	-0.1	2.71243
13052022	578	0.1	-0.1	-3.95822
13052022	579	0.1	-0.1	3.64463
13052022	580	0.1	-0.1	2.34428
13052022	581	0.1	-0.1	-1.00599
13052022	582	0.1	-0.1	-1.17007
13052022	583	0.1	-0.1	3.63459
13052022	584	0.1	-0.1	5.52794
13052022	585	0.1	-0.1	-0.444379
13052022	586	0.1	-0.1	-4.61343
13052022	587	0.1	-0.1	-5.51205
13052022	588	0.1	-0.1	0.347149
13052022	589	0.1	-0.1	-2.89044
13052022	590	0.1	-0.1	4.77111
13052022	591	0.1	-0.1	1.59017
13052022	592	0.1	-0.1	-3.47208
13052022	593	0.1	-0.1	-0.482749
13052022	594	0.1	-0.1	3.60415
13052022	595	0.1	-0.1	-3.96391
13052022	596	0.1	-0.1	1.132
13052022	597	0.1	-0.1	0.836471
13052022	598	0.1	-0.1	-5.34864
13052022	599	0.1	-0.1	-1.16646
13052022	600	0.1	-0.1	-3.51571
13052022	601	0.1	-0.1	-3.95387
13052022	602	0.1	-0.1	2.31198
13052022	603	0.1	-0.1	3.35732
13052022	604	0.1	-0.1	-1.34438
13052022	605	0.1	-0.1	-1.61002
13052022	606	0.1	-0.1	-0.661279
13052022	607	0.1	-0.1	-3.15779
13052022	608	0.1	-0.1	3.64223
13052022	609	0.1	-0.1	5.84064
13052022	610	0.1	-0.1	-0.803069
13052022	611	0.1	-0.1	2.14951
13052022	612	0.1	-0.1	-5.8102
13052022	613	0.1	-0.1	3.1855
13052022	614	0.1	-0.1	0.842323
13052022	615	0.1	-0.1	-5.95107
13052022	616	0.1	-0.1	-3.67798
13052022	617	0.1	-0.1	-2.86516
13052022	618	0.1	-0.1	1.4672
13052022	619	0.1	-0.1	-2.19063
13052022	620	0.1	-0.1	5.75558
13052022	621	0.1	-0.1	-1.46633
13052022	622	0.1	-0.1	3.24644
13052022	623	0.1	-0.1	1.29473
13052022	624	0.1	-0.1	-3.30359
13052022	625	0.1	-0.1	-2.00832
13052022	626	0.1	-0.1	-3.04126
13052022	627	0.1	-0.1	-2.6269
13052022	628	0.1	-0.1	0.769382
13052022	629	0.1	-0.1	-5.7993
13052022	630	0.1	-0.1	-0.732321
13052022	631	0.1	-0.1	1.43686
13052022	632	0.1	-0.1	-3.54508
13052022	633	0.1	-0.1	-2.72275
13052022	634	0.1	-0.1	-3.8565
13052022	635	0.1	-0.1	-2.84724
13052022	636	0.1	-0.1	5.40362
13052022	637	0.1	-0.1	-2.1157
13052022	638	0.1	-0.1	-3.38641
13052022	639	0.1	-0.1	-4.82949
13052022	640	0.1	-0.1	-2.789
13052022	641	0.1	-0.1	-2.18359
13052022	642	0.1	-0.1	0.923155
13052022	643	0.1	-0.1	3.24837
13052022	644	0.1	-0.1	-2.45157
13052022	645	0.1	-0.1	-2.83532
13052022	646	0.1	-0.1	-3.67529
13052022	647	0.1	-0.1	-3.49329
13052022	648	0.1	-0.1	1.07359
13052022	649	0.1	-0.1	0.196253
13052022	650	0.1	-0.1	-5.13505
13052022	651	0.1	-0.1	-2.76529
13052022	652	0.1	-0.1	2.42122
13052022	653	0.1	-0.1	-0.811285
13052022	654	0.1	-0.1	0.34098
13052022	655	0.1	-0.1	0.830092
13052022	656	0.1	-0.1	-5.8761
13052022	657	0.1	-0.1	-2.20866
13052022	658	0.1	-0.1	-4.09853
13052022	659	0.1	-0.1	4.13301
13052022	660	0.1	-0.1	3.14949
13052022	661	0.1	-0.1	5.99174
13052022	662	0.1	-0.1	-1.85084
13052022	663	0.1	-0.1	-2.32142
13052022	664	0.1	-0.1	5.41476
13052022	665	0.1	-0.1	1.93478
13052022	666	0.1	-0.1	-5.65204
13052022	667	0.1	-0.1	1.3948
13052022	668	0.1	-0.1	-1.81269
13052022	669	0.1	-0.1	-3.10898
13052022	670	0.1	-0.1	4.84936
13052022	671	0.1	-0.1	-1.85911
13052022	672	0.1	-0.1	5.70019
13052022	673	0.1	-0.1	-2.88012
13052022	674	0.1	-0.1	-1.48163
13052022	675	0.1	-0.1	-2.79364
13052022	676	0.1	-0.1	-5.13985
13052022	677	0.1	-0.1	4.2062
13052022	678	0.1	-0.1	-4.72697
13052022	679	0.1	-0.1	5.27293
13052022	680	0.1	-0.1	-3.80259
13052022	681	0.1	-0.1	4.83338
13052022	682	0.1	-0.1	2.76725
13052022	683	0.1	-0.1	-1.23375
13052022	684	0.1	-0.1	3.98423
13052022	685	0.1	-0.1	2.39203
13052022	686	0.1	-0.1	0.734699
13052022	687	0.1	-0.1	-1.77413
13052022	688	0.1	-0.1	0.475187
13052022	689	0.1	-0.1	2.66444
13052022	690	0.1	-0.1	0.409191
13052022	691	0.1	-0.1	0.245082
13052022	692	0.1	-0.1	4.11244
13052022	693	0.1	-0.1	1.6733
13052022	694	0.1	-0.1	4.74602
13052022	695	0.1	-0.1	-5.72623
13052022	696	0.1	-0.1	2.3631
13052022	697	0.1	-0.1	-1.51238
13052022	698	0.1	-0.1	0.110057
13052022	699	0.1	-0.1	-3.48877
13052022	700	0.1	-0.1	-3.48474
13052022	701	0.1	-0.1	3.40421
13052022	702	0.1	-0.1	2.23387
13052022	703	0.1	-0.1	-2.50682
13052022	704	0.1	-0.1	4.04897
13052022	705	0.1	-0.1	3.05367
13052022	706	0.1	-0.1	0.569984
13052022	707	0.1	-0.1	1.82266
13052022	708	0.1	-0.1	-4.46523
13052022	709	0.1	-0.1	2.94533
13052022	710	0.1	-0.1	3.56712
13052022	711	0.1	-0.1	1.90245
13052022	712	0.1	-0.1	4.68935
13052022	713	0.1	-0.1	-0.558349
13052022	714	0.1	-0.1	-2.8785
13052022	715	0.1	-0.1	-4.12579
13052022	716	0.1	-0.1	4.35134
13052022	717	0.1	-0.1	1.57048
13052022	718	0.1	-0.1	2.41103
13052022	719	0.1	-0.1	-1.60552
13052022	720	0.1	-0.1	4.77201
13052022	721	0.1	-0.1	1.76862
13052022	722	0.1	-0.1	4.72815
13052022	723	0.1	-0.1	-4.03982
13052022	724	0.1	-0.1	0.776394
13052022	725	0.1	-0.1	-1.69705
13052022	726	0.1	-0.1	0.280841
13052022	727	0.1	-0.1	-5.30735
13052022	728	0.1	-0.1	-4.5923
13052022	729	0.1	-0.1	4.46158
13052022	730	0.1	-0.1	-2.08799
13052022	731	0.1	-0.1	-2.88802
13052022	732	0.1	-0.1	-4.81689
13052022	733	0.1	-0.1	1.79324
13052022	734	0.1	-0.1	0.145775
13052022	735	0.1	-0.1	-5.40378
13052022	736	0.1	-0.1	1.48504
13052022	737	0.1	-0.1	-2.43751
13052022	738	0.1	-0.1	-0.913866
13052022	739	0.1	-0.1	2.85524
13052022	740	0.1	-0.1	-1.61889
13052022	741	0.1	-0.1	-1.04886
13052022	742	0.1	-0.1	1.92468
13052022	743	0.1	-0.1	4.74573
13052022	744	0.1	-0.1	-5.57644
13052022	745	0.1	-0.1	-5.31483
13052022	746	0.1	-0.1	-3.23046
13052022	747	0.1	-0.1	-0.422382
13052022	748	0.1	-0.1	0.7192
13052022	749	0.1	-0.1	2.75768
13052022	750	0.1	-0.1	-0.754917
13052022	751	0.1	-0.1	4.64085
13052022	752	0.1	-0.1	-0.632492
13052022	753	0.1	-0.1	1.60887
13052022	754	0.1	-0.1	5.17542
13052022	755	0.1	-0.1	4.85618
13052022	756	0.1	-0.1	1.47653
13052022	757	0.1	-0.1	-1.97519
13052022	758	0.1	-0.1	-5.91438
13052022	759	0.1	-0.1	-4.16246
13052022	760	0.1	-0.1	-1.2255
13052022	761	0.1	-0.1	-0.631161
13052022	762	0.1	-0.1	-4.39601
13052022	763	0.1	-0.1	4.50542
13052022	764	0.1	-0.1	4.83512
13052022	765	0.1	-0.1	5.95343
13052022	766	0.1	-0.1	3.06154
13052022	767	0.1	-0.1	3.00124
13052022	768	0.1	-0.1	4.74664
13052022	769	0.1	-0.1	-4.93538
13052022	770	0.1	-0.1	3.99885
13052022	771	0.1	-0.1	1.85358
13052022	772	0.1	-0.1	-1.62499
13052022	773	0.1	-0.1	-0.297576
13052022	774	0.1	-0.1	-3.2322
13052022	775	0.1	-0.1	5.11212
13052022	776	0.1	-0.1	5.4135
13052022	777	0.1	-0.1	0.391498
13052022	778	0.1	-0.1	5.6708
13052022	779	0.1	-0.1	1.64962
13052022	780	0.1	-0.1	4.67205
13052022	781	0.1	-0.1	-5.45619
13052022	782	0.1	-0.1	5.00804
13052022	783	0.1	-0.1	-4.34798
13052022	784	0.1	-0.1	0.966505
13052022	785	0.1	-0.1	-2.45343
13052022	786	0.1	-0.1	4.99174
13052022	787	0.1	-0.1	1.52199
13052022	788	0.1	-0.1	4.42969
13052022	789	0.1	-0.1	4.51116
13052022	790	0.1	-0.1	-3.41213
13052022	791	0.1	-0.1	5.46157
13052022	792	0.1	-0.1	-4.04182
13052022	793	0.1	-0.1	3.44216
13052022	794	0.1	-0.1	5.83074
13052022	795	0.1	-0.1	-5.98213
13052022	796	0.1	-0.1	-0.385156
13052022	797	0.1	-0.1	-5.20734
13052022	798	0.1	-0.1	5.6105
13052022	799	0.1	-0.1	5.51445
13052022	800	0.1	-0.1	0.641406
13052022	801	0.1	-0.1	-2.85861
13052022	802	0.1	-0.1	-4.90316
13052022	803	0.1	-0.1	2.69569
13052022	804	0.1	-0.1	0.740409
13052022	805	0.1	-0.1	5.01189
13052022	806	0.1	-0.1	5.07425
13052022	807	0.1	-0.1	2.8939
13052022	808	0.1	-0.1	-4.91068
13052022	809	0.1	-0.1	4.74449
13052022	810	0.1	-0.1	-2.98269
13052022	811	0.1	-0.1	-0.680553
13052022	812	0.1	-0.1	5.82719
13052022	813	0.1	-0.1	-0.591883
13052022	814	0.1	-0.1	-0.0140752
13052022	815	0.1	-0.1	-0.263987
13052022	816	0.1	-0.1	0.065944
13052022	817	0.1	-0.1	1.00744
13052022	818	0.1	-0.1	2.02272
13052022	819	0.1	-0.1	5.68083
13052022	820	0.1	-0.1	-4.33759
13052022	821	0.1	-0.1	-4.75637
13052022	822	0.1	-0.1	3.9328
13052022	823	0.1	-0.1	-0.339602
13052022	824	0.1	-0.1	-4.73957
13052022	825	0.1	-0.1	4.15674
13052022	826	0.1	-0.1	-5.35483
13052022	827	0.1	-0.1	-3.22652
13052022	828	0.1	-0.1	4.40128
13052022	829	0.1	-0.1	0.810132
13052022	830	0.1	-0.1	4.99929
13052022	831	0.1	-0.1	0.609502
13052022	832	0.1	-0.1	1.33726
13052022	833	0.1	-0.1	0.0526891
13052022	834	0.1	-0.1	-0.339442
13052022	835	0.1	-0.1	-1.79272
13052022	836	0.1	-0.1	-2.32989
13052022	837	0.1	-0.1	4.30347
13052022	838	0.1	-0.1	-0.949326
13052022	839	0.1	-0.1	-2.39307
13052022	840	0.1	-0.1	-1.57718
13052022	841	0.1	-0.1	2.81536
13052022	842	0.1	-0.1	-4.04234
13052022	843	0.1	-0.1	5.69171
13052022	844	0.1	-0.1	-1.27639
13052022	845	0.1	-0.1	-3.30649
13052022	846	0.1	-0.1	0.752762
13052022	847	0.1	-0.1	-4.2108
13052022	848	0.1	-0.1	3.79758
13052022	849	0.1	-0.1	-5.20141
13052022	850	0.1	-0.1	-0.799272
13052022	851	0.1	-0.1	4.6124
13052022	852	0.1	-0.1	5.14549
13052022	853	0.1	-0.1	-0.494014
13052022	854	0.1	-0.1	-2.96917
13052022	855	0.1	-0.1	-3.97093
13052022	856	0.1	-0.1	-3.10924
13052022	857	0.1	-0.1	-3.69235
13052022	858	0.1	-0.1	2.12013
13052022	859	0.1	-0.1	-3.88257
13052022	860	0.1	-0.1	1.37049
13052022	861	0.1	-0.1	-5.55159
13052022	862	0.1	-0.1	-5.74046
13052022	863	0.1	-0.1	5.06021
13052022	864	0.1	-0.1	-2.40764
13052022	865	0.1	-0.1	-2.07073
13052022	866	0.1	-0.1	-4.72333
13052022	867	0.1	-0.1	3.49401
13052022	868	0.1	-0.1	0.133196
13052022	869	0.1	-0.1	4.39296
13052022	870	0.1	-0.1	1.1696
13052022	871	0.1	-0.1	4.47139
13052022	872	0.1	-0.1	2.3931
13052022	873	0.1	-0.1	4.66159
13052022	874	0.1	-0.1	1.24451
13052022	875	0.1	-0.1	0.420447
13052022	876	0.1	-0.1	-2.96122
13052022	877	0.1	-0.1	-2.83843
13052022	878	0.1	-0.1	-4.64358
13052022	879	0.1	-0.1	-2.82459
13052022	880	0.1	-0.1	-0.457424
13052022	881	0.1	-0.1	2.54068
13052022	882	0.1	-0.1	-1.4505
13052022	883	0.1	-0.1	-2.18376
13052022	884	0.1	-0.1	-3.52851
13052022	885	0.1	-0.1	5.43931
13052022	886	0.1	-0.1	5.34783
13052022	887	0.1	-0.1	5.72321
13052022	888	0.1	-0.1	-1.49313
13052022	889	0.1	-0.1	-2.94076
13052022	890	0.1	-0.1	-5.64393
13052022	891	0.1	-0.1	4.01998
13052022	892	0.1	-0.1	-0.428679
13052022	893	0.1	-0.1	-3.48093
13052022	894	0.1	-0.1	5.68364
13052022	895	0.1	-0.1	-0.0980186
13052022	896	0.1	-0.1	-3.91328
13052022	897	0.1	-0.1	3.69288
13052022	898	0.1	-0.1	-3.77484
13052022	899	0.1	-0.1	-3.8912
13052022	900	0.1	-0.1	-0.487472
13052022	901	0.1	-0.1	5.78932
13052022	902	0.1	-0.1	0.233644
13052022	903	0.1	-0.1	-0.478609
13052022	904	0.1	-0.1	-0.855021
13052022	905	0.1	-0.1	-5.19261
13052022	906	0.1	-0.1	-3.6556
13052022	907	0.1	-0.1	2.6773
13052022	908	0.1	-0.1	2.93893
13052022	909	0.1	-0.1	2.70877
13052022	910	0.1	-0.1	0.0712565
13052022	911	0.1	-0.1	-3.7677
13052022	912	0.1	-0.1	-1.33287
13052022	913	0.1	-0.1	-1.12028
13052022	914	0.1	-0.1	-3.87487
13052022	915	0.1	-0.1	-3.72425
13052022	916	0.1	-0.1	0.618137
13052022	917	0.1	-0.1	-4.86986
13052022	918	0.1	-0.1	-1.73243
13052022	919	0.1	-0.1	-4.98246
13052022	920	0.1	-0.1	-0.107679
13052022	921	0.1	-0.1	-3.86198
13052022	922	0.1	-0.1	-5.44765
13052022	923	0.1	-0.1	2.07872
13052022	924	0.1	-0.1	2.20607
13052022	925	0.1	-0.1	1.21734
13052022	926	0.1	-0.1	-4.72106
13052022	927	0.1	-0.1	-3.36727
13052022	928	0.1	-0.1	4.96122
13052022	929	0.1	-0.1	-2.76075
13052022	930	0.1	-0.1	0.627635
13052022	931	0.1	-0.1	0.790236
13052022	932	0.1	-0.1	-0.533787
13052022	933	0.1	-0.1	1.9289
13052022	934	0.1	-0.1	4.33412
13052022	935	0.1	-0.1	2.79289
13052022	936	0.1	-0.1	3.5726
13052022	937	0.1	-0.1	-2.44097
13052022	938	0.1	-0.1	4.61862
13052022	939	0.1	-0.1	4.29887
13052022	940	0.1	-0.1	3.81093
13052022	941	0.1	-0.1	-5.77639
13052022	942	0.1	-0.1	3.60222
13052022	943	0.1	-0.1	-5.18913
13052022	944	0.1	-0.1	-3.45823
13052022	945	0.1	-0.1	-2.41375
13052022	946	0.1	-0.1	-5.19141
13052022	947	0.1	-0.1	2.54262
13052022	948	0.1	-0.1	-0.38007
13052022	949	0.1	-0.1	-2.04126
13052022	950	0.1	-0.1	1.62782
13052022	951	0.1	-0.1	-0.766497
13052022	952	0.1	-0.1	5.98869
13052022	953	0.1	-0.1	-2.16214
13052022	954	0.1	-0.1	-1.15322
13052022	955	0.1	-0.1	-2.40361
13052022	956	0.1	-0.1	-1.65082
13052022	957	0.1	-0.1	-4.48899
13052022	958	0.1	-0.1	5.81286
13052022	959	0.1	-0.1	-1.26329
13052022	960	0.1	-0.1	-5.64817
13052022	961	0.1	-0.1	0.64614
13052022	962	0.1	-0.1	3.84522
13052022	963	0.1	-0.1	-2.11241
13052022	964	0.1	-0.1	4.95476
13052022	965	0.1	-0.1	3.18126
13052022	966	0.1	-0.1	3.08126
13052022	967	0.1	-0.1	-1.18187
13052022	968	0.1	-0.1	2.39365
13052022	969	0.1	-0.1	5.64009
13052022	970	0.1	-0.1	-5.86874
13052022	971	0.1	-0.1	-1.47051
13052022	972	0.1	-0.1	0.282589
13052022	973	0.1	-0.1	4.82191
13052022	974	0.1	-0.1	-1.97907
13052022	975	0.1	-0.1	3.51179
13052022	976	0.1	-0.1	4.9574
13052022	977	0.1	-0.1	2.83318
13052022	978	0.1	-0.1	-5.6161
13052022	979	0.1	-0.1	-5.67821
13052022	980	0.1	-0.1	4.32096
13052022	981	0.1	-0.1	2.18719
13052022	982	0.1	-0.1	1.85519
13052022	983	0.1	-0.1	2.28218
13052022	984	0.1	-0.1	-2.9259
13052022	985	0.1	-0.1	-2.29687
13052022	986	0.1	-0.1	-0.473205
13052022	987	0.1	-0.1	1.43082
13052022	988	0.1	-0.1	1.16416
13052022	989	0.1	-0.1	-3.54149
13052022	990	0.1	-0.1	-4.45976
13052022	991	0.1	-0.1	3.19155
13052022	992	0.1	-0.1	3.61948
13052022	993	0.1	-0.1	-2.86019
13052022	994	0.1	-0.1	-2.40917
13052022	995	0.1	-0.1	-1.13199
13052022	996	0.1	-0.1	3.28699
13052022	997	0.1	-0.1	1.2339
13052022	998	0.1	-0.1	-0.295331
13052022	999	0.1	-0.1	1.03767
13052022	1000	0.1	-0.1	-0.4727
