13052056	1	0.1	-0.1	-2.97503
13052056	2	0.1	-0.1	-3.50224
13052056	3	0.1	-0.1	-3.27918
13052056	4	0.1	-0.1	-4.10424
13052056	5	0.1	-0.1	3.52015
13052056	6	0.1	-0.1	-5.83423
13052056	7	0.1	-0.1	1.15444
13052056	8	0.1	-0.1	3.20457
13052056	9	0.1	-0.1	3.42039
13052056	10	0.1	-0.1	-4.20661
13052056	11	0.1	-0.1	1.66654
13052056	12	0.1	-0.1	2.05111
13052056	13	0.1	-0.1	-3.61934
13052056	14	0.1	-0.1	-1.78007
13052056	15	0.1	-0.1	-4.39395
13052056	16	0.1	-0.1	-3.58863
13052056	17	0.1	-0.1	2.30456
13052056	18	0.1	-0.1	-4.25149
13052056	19	0.1	-0.1	0.962761
13052056	20	0.1	-0.1	-0.83133
13052056	21	0.1	-0.1	-1.50962
13052056	22	0.1	-0.1	2.2181
13052056	23	0.1	-0.1	3.56914
13052056	24	0.1	-0.1	5.71861
13052056	25	0.1	-0.1	1.64987
13052056	26	0.1	-0.1	0.665164
13052056	27	0.1	-0.1	-1.4492
13052056	28	0.1	-0.1	0.460236
13052056	29	0.1	-0.1	-5.15568
13052056	30	0.1	-0.1	3.81818
13052056	31	0.1	-0.1	0.529197
13052056	32	0.1	-0.1	-1.76942
13052056	33	0.1	-0.1	2.3423
13052056	34	0.1	-0.1	-1.44035
13052056	35	0.1	-0.1	-4.48415
13052056	36	0.1	-0.1	-4.37918
13052056	37	0.1	-0.1	0.0776429
13052056	38	0.1	-0.1	2.01639
13052056	39	0.1	-0.1	4.16037
13052056	40	0.1	-0.1	-4.04261
13052056	41	0.1	-0.1	5.90205
13052056	42	0.1	-0.1	-0.191949
13052056	43	0.1	-0.1	-5.39547
13052056	44	0.1	-0.1	3.41784
13052056	45	0.1	-0.1	-3.04333
13052056	46	0.1	-0.1	5.19475
13052056	47	0.1	-0.1	-4.431
13052056	48	0.1	-0.1	4.50331
13052056	49	0.1	-0.1	0.985888
13052056	50	0.1	-0.1	-3.36749
13052056	51	0.1	-0.1	2.89518
13052056	52	0.1	-0.1	4.93681
13052056	53	0.1	-0.1	-0.981029
13052056	54	0.1	-0.1	-3.11051
13052056	55	0.1	-0.1	-4.27489
13052056	56	0.1	-0.1	0.178862
13052056	57	0.1	-0.1	-1.42914
13052056	58	0.1	-0.1	3.86694
13052056	59	0.1	-0.1	-4.08633
13052056	60	0.1	-0.1	0.955906
13052056	61	0.1	-0.1	3.92361
13052056	62	0.1	-0.1	3.66282
13052056	63	0.1	-0.1	2.83673
13052056	64	0.1	-0.1	1.88054
13052056	65	0.1	-0.1	5.81949
13052056	66	0.1	-0.1	3.39682
13052056	67	0.1	-0.1	-0.479518
13052056	68	0.1	-0.1	0.364102
13052056	69	0.1	-0.1	0.638069
13052056	70	0.1	-0.1	4.35895
13052056	71	0.1	-0.1	-0.979472
13052056	72	0.1	-0.1	-5.57985
13052056	73	0.1	-0.1	2.47852
13052056	74	0.1	-0.1	1.62669
13052056	75	0.1	-0.1	-2.98273
13052056	76	0.1	-0.1	-3.93977
13052056	77	0.1	-0.1	-1.01431
13052056	78	0.1	-0.1	-1.42141
13052056	79	0.1	-0.1	-4.63559
13052056	80	0.1	-0.1	-0.499579
13052056	81	0.1	-0.1	-5.92006
13052056	82	0.1	-0.1	2.11067
13052056	83	0.1	-0.1	4.41354
13052056	84	0.1	-0.1	3.60226
13052056	85	0.1	-0.1	-4.87268
13052056	86	0.1	-0.1	5.22624
13052056	87	0.1	-0.1	0.929491
13052056	88	0.1	-0.1	0.353196
13052056	89	0.1	-0.1	-5.13977
13052056	90	0.1	-0.1	-3.62472
13052056	91	0.1	-0.1	-3.70493
13052056	92	0.1	-0.1	-0.169142
13052056	93	0.1	-0.1	-5.17715
13052056	94	0.1	-0.1	-5.89111
13052056	95	0.1	-0.1	-0.279871
13052056	96	0.1	-0.1	-2.27656
13052056	97	0.1	-0.1	-3.21345
13052056	98	0.1	-0.1	2.18007
13052056	99	0.1	-0.1	-2.78965
13052056	100	0.1	-0.1	-5.90467
13052056	101	0.1	-0.1	-4.37749
13052056	102	0.1	-0.1	1.34889
13052056	103	0.1	-0.1	-1.31349
13052056	104	0.1	-0.1	1.9866
13052056	105	0.1	-0.1	-2.98579
13052056	106	0.1	-0.1	-5.05269
13052056	107	0.1	-0.1	-4.69315
13052056	108	0.1	-0.1	5.99765
13052056	109	0.1	-0.1	2.83308
13052056	110	0.1	-0.1	-4.23619
13052056	111	0.1	-0.1	-5.8386
13052056	112	0.1	-0.1	5.18501
13052056	113	0.1	-0.1	-2.0474
13052056	114	0.1	-0.1	-1.38225
13052056	115	0.1	-0.1	1.96515
13052056	116	0.1	-0.1	1.03003
13052056	117	0.1	-0.1	1.52312
13052056	118	0.1	-0.1	3.64409
13052056	119	0.1	-0.1	-5.90973
13052056	120	0.1	-0.1	-0.445197
13052056	121	0.1	-0.1	1.4314
13052056	122	0.1	-0.1	-2.30495
13052056	123	0.1	-0.1	4.19964
13052056	124	0.1	-0.1	-5.50385
13052056	125	0.1	-0.1	1.79952
13052056	126	0.1	-0.1	5.57184
13052056	127	0.1	-0.1	3.86976
13052056	128	0.1	-0.1	4.32635
13052056	129	0.1	-0.1	-5.66952
13052056	130	0.1	-0.1	-4.07226
13052056	131	0.1	-0.1	-5.9868
13052056	132	0.1	-0.1	4.42899
13052056	133	0.1	-0.1	-4.56062
13052056	134	0.1	-0.1	-4.90346
13052056	135	0.1	-0.1	3.9401
13052056	136	0.1	-0.1	3.85593
13052056	137	0.1	-0.1	-3.31121
13052056	138	0.1	-0.1	3.3926
13052056	139	0.1	-0.1	-0.380145
13052056	140	0.1	-0.1	-0.476961
13052056	141	0.1	-0.1	4.33508
13052056	142	0.1	-0.1	4.33156
13052056	143	0.1	-0.1	-0.015243
13052056	144	0.1	-0.1	0.47087
13052056	145	0.1	-0.1	1.03974
13052056	146	0.1	-0.1	-2.54434
13052056	147	0.1	-0.1	4.96401
13052056	148	0.1	-0.1	4.44687
13052056	149	0.1	-0.1	-2.80998
13052056	150	0.1	-0.1	-1.62349
13052056	151	0.1	-0.1	5.30522
13052056	152	0.1	-0.1	5.11196
13052056	153	0.1	-0.1	4.19695
13052056	154	0.1	-0.1	-1.38372
13052056	155	0.1	-0.1	-3.69012
13052056	156	0.1	-0.1	-3.78558
13052056	157	0.1	-0.1	-2.99027
13052056	158	0.1	-0.1	4.62633
13052056	159	0.1	-0.1	4.33516
13052056	160	0.1	-0.1	-5.06069
13052056	161	0.1	-0.1	-4.57568
13052056	162	0.1	-0.1	2.38968
13052056	163	0.1	-0.1	1.4892
13052056	164	0.1	-0.1	4.96416
13052056	165	0.1	-0.1	3.833
13052056	166	0.1	-0.1	-5.06824
13052056	167	0.1	-0.1	0.677179
13052056	168	0.1	-0.1	5.60586
13052056	169	0.1	-0.1	1.79666
13052056	170	0.1	-0.1	3.29532
13052056	171	0.1	-0.1	1.907
13052056	172	0.1	-0.1	2.48386
13052056	173	0.1	-0.1	0.350773
13052056	174	0.1	-0.1	-4.16707
13052056	175	0.1	-0.1	-3.87377
13052056	176	0.1	-0.1	-4.68161
13052056	177	0.1	-0.1	0.374974
13052056	178	0.1	-0.1	4.11597
13052056	179	0.1	-0.1	3.01665
13052056	180	0.1	-0.1	-2.71951
13052056	181	0.1	-0.1	2.18177
13052056	182	0.1	-0.1	5.46513
13052056	183	0.1	-0.1	3.87838
13052056	184	0.1	-0.1	5.23422
13052056	185	0.1	-0.1	-0.869767
13052056	186	0.1	-0.1	0.482785
13052056	187	0.1	-0.1	5.6069
13052056	188	0.1	-0.1	5.83605
13052056	189	0.1	-0.1	2.31394
13052056	190	0.1	-0.1	-2.30891
13052056	191	0.1	-0.1	3.46329
13052056	192	0.1	-0.1	-1.89065
13052056	193	0.1	-0.1	1.82982
13052056	194	0.1	-0.1	-0.234013
13052056	195	0.1	-0.1	5.7869
13052056	196	0.1	-0.1	2.15943
13052056	197	0.1	-0.1	-0.758265
13052056	198	0.1	-0.1	0.969823
13052056	199	0.1	-0.1	-4.26974
13052056	200	0.1	-0.1	-1.02762
13052056	201	0.1	-0.1	-3.12133
13052056	202	0.1	-0.1	3.78993
13052056	203	0.1	-0.1	-4.17478
13052056	204	0.1	-0.1	5.95143
13052056	205	0.1	-0.1	-1.33818
13052056	206	0.1	-0.1	-1.04503
13052056	207	0.1	-0.1	4.29209
13052056	208	0.1	-0.1	4.42642
13052056	209	0.1	-0.1	-5.54184
13052056	210	0.1	-0.1	-4.89401
13052056	211	0.1	-0.1	1.49982
13052056	212	0.1	-0.1	-4.63674
13052056	213	0.1	-0.1	1.52673
13052056	214	0.1	-0.1	-1.3702
13052056	215	0.1	-0.1	1.54996
13052056	216	0.1	-0.1	2.22292
13052056	217	0.1	-0.1	4.61107
13052056	218	0.1	-0.1	0.492307
13052056	219	0.1	-0.1	-4.2015
13052056	220	0.1	-0.1	-0.47568
13052056	221	0.1	-0.1	-4.14902
13052056	222	0.1	-0.1	3.34601
13052056	223	0.1	-0.1	3.51404
13052056	224	0.1	-0.1	3.35332
13052056	225	0.1	-0.1	2.79005
13052056	226	0.1	-0.1	-5.80297
13052056	227	0.1	-0.1	3.94315
13052056	228	0.1	-0.1	1.46392
13052056	229	0.1	-0.1	-4.42015
13052056	230	0.1	-0.1	5.7552
13052056	231	0.1	-0.1	0.285385
13052056	232	0.1	-0.1	0.19821
13052056	233	0.1	-0.1	4.37109
13052056	234	0.1	-0.1	-2.08326
13052056	235	0.1	-0.1	5.18563
13052056	236	0.1	-0.1	4.98901
13052056	237	0.1	-0.1	-0.092093
13052056	238	0.1	-0.1	2.49823
13052056	239	0.1	-0.1	2.60167
13052056	240	0.1	-0.1	-3.99969
13052056	241	0.1	-0.1	-2.99712
13052056	242	0.1	-0.1	-5.36542
13052056	243	0.1	-0.1	4.79809
13052056	244	0.1	-0.1	-4.51073
13052056	245	0.1	-0.1	5.24286
13052056	246	0.1	-0.1	-2.99803
13052056	247	0.1	-0.1	-0.680257
13052056	248	0.1	-0.1	-1.8572
13052056	249	0.1	-0.1	0.643883
13052056	250	0.1	-0.1	-1.77858
13052056	251	0.1	-0.1	-4.95491
13052056	252	0.1	-0.1	5.50062
13052056	253	0.1	-0.1	-3.08683
13052056	254	0.1	-0.1	-2.76511
13052056	255	0.1	-0.1	4.77011
13052056	256	0.1	-0.1	4.82536
13052056	257	0.1	-0.1	-4.17915
13052056	258	0.1	-0.1	-3.16789
13052056	259	0.1	-0.1	-1.36731
13052056	260	0.1	-0.1	4.99328
13052056	261	0.1	-0.1	3.01299
13052056	262	0.1	-0.1	1.96905
13052056	263	0.1	-0.1	1.41017
13052056	264	0.1	-0.1	1.97995
13052056	265	0.1	-0.1	5.95853
13052056	266	0.1	-0.1	-0.467456
13052056	267	0.1	-0.1	-0.825124
13052056	268	0.1	-0.1	3.32799
13052056	269	0.1	-0.1	2.04141
13052056	270	0.1	-0.1	-2.64693
13052056	271	0.1	-0.1	-1.37915
13052056	272	0.1	-0.1	0.110112
13052056	273	0.1	-0.1	5.14765
13052056	274	0.1	-0.1	3.92599
13052056	275	0.1	-0.1	1.47235
13052056	276	0.1	-0.1	-1.47204
13052056	277	0.1	-0.1	2.15786
13052056	278	0.1	-0.1	-4.21958
13052056	279	0.1	-0.1	-2.09365
13052056	280	0.1	-0.1	-1.49625
13052056	281	0.1	-0.1	1.04342
13052056	282	0.1	-0.1	-1.01773
13052056	283	0.1	-0.1	-4.09972
13052056	284	0.1	-0.1	5.6704
13052056	285	0.1	-0.1	-4.63977
13052056	286	0.1	-0.1	4.53783
13052056	287	0.1	-0.1	-0.0273659
13052056	288	0.1	-0.1	0.829469
13052056	289	0.1	-0.1	4.24107
13052056	290	0.1	-0.1	2.1656
13052056	291	0.1	-0.1	3.36956
13052056	292	0.1	-0.1	-4.19707
13052056	293	0.1	-0.1	-0.121761
13052056	294	0.1	-0.1	-1.07299
13052056	295	0.1	-0.1	2.15541
13052056	296	0.1	-0.1	-4.77827
13052056	297	0.1	-0.1	-1.03457
13052056	298	0.1	-0.1	-4.15686
13052056	299	0.1	-0.1	-1.50236
13052056	300	0.1	-0.1	-3.04521
13052056	301	0.1	-0.1	4.59762
13052056	302	0.1	-0.1	-0.347485
13052056	303	0.1	-0.1	-0.23341
13052056	304	0.1	-0.1	5.05305
13052056	305	0.1	-0.1	-3.01731
13052056	306	0.1	-0.1	2.93007
13052056	307	0.1	-0.1	0.830913
13052056	308	0.1	-0.1	-1.53414
13052056	309	0.1	-0.1	5.02812
13052056	310	0.1	-0.1	-1.80971
13052056	311	0.1	-0.1	5.80478
13052056	312	0.1	-0.1	1.51022
13052056	313	0.1	-0.1	-5.44087
13052056	314	0.1	-0.1	-3.79169
13052056	315	0.1	-0.1	-4.44389
13052056	316	0.1	-0.1	5.82879
13052056	317	0.1	-0.1	0.294412
13052056	318	0.1	-0.1	-0.223412
13052056	319	0.1	-0.1	0.21122
13052056	320	0.1	-0.1	4.69397
13052056	321	0.1	-0.1	-0.759433
13052056	322	0.1	-0.1	0.430802
13052056	323	0.1	-0.1	-3.00247
13052056	324	0.1	-0.1	3.82062
13052056	325	0.1	-0.1	2.67439
13052056	326	0.1	-0.1	4.01288
13052056	327	0.1	-0.1	1.51307
13052056	328	0.1	-0.1	-5.69289
13052056	329	0.1	-0.1	1.92914
13052056	330	0.1	-0.1	3.681
13052056	331	0.1	-0.1	0.783447
13052056	332	0.1	-0.1	-5.15444
13052056	333	0.1	-0.1	-5.72696
13052056	334	0.1	-0.1	0.513045
13052056	335	0.1	-0.1	-0.146707
13052056	336	0.1	-0.1	5.31885
13052056	337	0.1	-0.1	4.79945
13052056	338	0.1	-0.1	-0.501759
13052056	339	0.1	-0.1	-0.656184
13052056	340	0.1	-0.1	-3.36214
13052056	341	0.1	-0.1	-1.07537
13052056	342	0.1	-0.1	5.60443
13052056	343	0.1	-0.1	-1.07029
13052056	344	0.1	-0.1	3.45552
13052056	345	0.1	-0.1	-2.72846
13052056	346	0.1	-0.1	4.09227
13052056	347	0.1	-0.1	5.76066
13052056	348	0.1	-0.1	-1.2406
13052056	349	0.1	-0.1	-5.46348
13052056	350	0.1	-0.1	4.81343
13052056	351	0.1	-0.1	-3.84598
13052056	352	0.1	-0.1	-0.441119
13052056	353	0.1	-0.1	-2.98761
13052056	354	0.1	-0.1	-5.23494
13052056	355	0.1	-0.1	-3.13365
13052056	356	0.1	-0.1	0.252371
13052056	357	0.1	-0.1	-5.51811
13052056	358	0.1	-0.1	-5.4406
13052056	359	0.1	-0.1	3.07093
13052056	360	0.1	-0.1	3.88703
13052056	361	0.1	-0.1	-5.88329
13052056	362	0.1	-0.1	-4.63855
13052056	363	0.1	-0.1	2.14693
13052056	364	0.1	-0.1	-0.37938
13052056	365	0.1	-0.1	2.5955
13052056	366	0.1	-0.1	-4.09879
13052056	367	0.1	-0.1	-0.48769
13052056	368	0.1	-0.1	5.7234
13052056	369	0.1	-0.1	-1.85091
13052056	370	0.1	-0.1	-1.93886
13052056	371	0.1	-0.1	1.80083
13052056	372	0.1	-0.1	-2.90706
13052056	373	0.1	-0.1	2.04369
13052056	374	0.1	-0.1	2.38126
13052056	375	0.1	-0.1	-5.08057
13052056	376	0.1	-0.1	-5.10198
13052056	377	0.1	-0.1	0.506852
13052056	378	0.1	-0.1	5.96724
13052056	379	0.1	-0.1	-4.16225
13052056	380	0.1	-0.1	3.66304
13052056	381	0.1	-0.1	2.42307
13052056	382	0.1	-0.1	1.65322
13052056	383	0.1	-0.1	-4.71298
13052056	384	0.1	-0.1	-2.33558
13052056	385	0.1	-0.1	-4.09503
13052056	386	0.1	-0.1	-3.71339
13052056	387	0.1	-0.1	-4.80844
13052056	388	0.1	-0.1	2.33284
13052056	389	0.1	-0.1	-4.0658
13052056	390	0.1	-0.1	-5.92364
13052056	391	0.1	-0.1	-1.79678
13052056	392	0.1	-0.1	5.89821
13052056	393	0.1	-0.1	1.73544
13052056	394	0.1	-0.1	-0.678257
13052056	395	0.1	-0.1	-4.72112
13052056	396	0.1	-0.1	1.59398
13052056	397	0.1	-0.1	-5.58161
13052056	398	0.1	-0.1	1.11406
13052056	399	0.1	-0.1	-4.29274
13052056	400	0.1	-0.1	1.69653
13052056	401	0.1	-0.1	0.312091
13052056	402	0.1	-0.1	2.42519
13052056	403	0.1	-0.1	1.31696
13052056	404	0.1	-0.1	2.63639
13052056	405	0.1	-0.1	3.81461
13052056	406	0.1	-0.1	4.73572
13052056	407	0.1	-0.1	2.51211
13052056	408	0.1	-0.1	-2.91082
13052056	409	0.1	-0.1	0.316048
13052056	410	0.1	-0.1	5.32742
13052056	411	0.1	-0.1	2.71365
13052056	412	0.1	-0.1	2.13961
13052056	413	0.1	-0.1	-1.16819
13052056	414	0.1	-0.1	1.48819
13052056	415	0.1	-0.1	4.86703
13052056	416	0.1	-0.1	1.84433
13052056	417	0.1	-0.1	-3.44022
13052056	418	0.1	-0.1	-3.47933
13052056	419	0.1	-0.1	-1.79957
13052056	420	0.1	-0.1	5.79289
13052056	421	0.1	-0.1	-1.78996
13052056	422	0.1	-0.1	5.50473
13052056	423	0.1	-0.1	-1.39509
13052056	424	0.1	-0.1	3.99166
13052056	425	0.1	-0.1	2.23643
13052056	426	0.1	-0.1	-3.87367
13052056	427	0.1	-0.1	-1.61327
13052056	428	0.1	-0.1	-5.0376
13052056	429	0.1	-0.1	2.45146
13052056	430	0.1	-0.1	-4.38399
13052056	431	0.1	-0.1	-2.43597
13052056	432	0.1	-0.1	-5.78497
13052056	433	0.1	-0.1	-4.07787
13052056	434	0.1	-0.1	3.62053
13052056	435	0.1	-0.1	-4.5134
13052056	436	0.1	-0.1	4.32131
13052056	437	0.1	-0.1	-5.93601
13052056	438	0.1	-0.1	-4.19935
13052056	439	0.1	-0.1	0.909141
13052056	440	0.1	-0.1	1.17628
13052056	441	0.1	-0.1	-1.15202
13052056	442	0.1	-0.1	0.17642
13052056	443	0.1	-0.1	4.21348
13052056	444	0.1	-0.1	5.75621
13052056	445	0.1	-0.1	0.634357
13052056	446	0.1	-0.1	-2.46822
13052056	447	0.1	-0.1	-0.867765
13052056	448	0.1	-0.1	-3.1593
13052056	449	0.1	-0.1	-0.0489649
13052056	450	0.1	-0.1	3.75654
13052056	451	0.1	-0.1	-1.6257
13052056	452	0.1	-0.1	-1.09602
13052056	453	0.1	-0.1	-3.27932
13052056	454	0.1	-0.1	-1.54459
13052056	455	0.1	-0.1	3.8528
13052056	456	0.1	-0.1	-2.96646
13052056	457	0.1	-0.1	-0.735739
13052056	458	0.1	-0.1	-0.429512
13052056	459	0.1	-0.1	3.74949
13052056	460	0.1	-0.1	-1.01949
13052056	461	0.1	-0.1	-5.9432
13052056	462	0.1	-0.1	-2.38766
13052056	463	0.1	-0.1	-0.298837
13052056	464	0.1	-0.1	-2.63434
13052056	465	0.1	-0.1	-4.54089
13052056	466	0.1	-0.1	0.0620611
13052056	467	0.1	-0.1	-2.63386
13052056	468	0.1	-0.1	-4.66604
13052056	469	0.1	-0.1	5.83641
13052056	470	0.1	-0.1	4.83107
13052056	471	0.1	-0.1	-2.09264
13052056	472	0.1	-0.1	0.27999
13052056	473	0.1	-0.1	-3.35963
13052056	474	0.1	-0.1	1.98767
13052056	475	0.1	-0.1	-5.73188
13052056	476	0.1	-0.1	-2.8885
13052056	477	0.1	-0.1	2.23915
13052056	478	0.1	-0.1	-2.92466
13052056	479	0.1	-0.1	-4.15712
13052056	480	0.1	-0.1	-2.20779
13052056	481	0.1	-0.1	4.14351
13052056	482	0.1	-0.1	-4.17551
13052056	483	0.1	-0.1	-0.252846
13052056	484	0.1	-0.1	-1.87692
13052056	485	0.1	-0.1	-3.17958
13052056	486	0.1	-0.1	-5.55
13052056	487	0.1	-0.1	0.860394
13052056	488	0.1	-0.1	-1.51098
13052056	489	0.1	-0.1	-3.58528
13052056	490	0.1	-0.1	1.60188
13052056	491	0.1	-0.1	-4.71538
13052056	492	0.1	-0.1	-3.38576
13052056	493	0.1	-0.1	-1.18901
13052056	494	0.1	-0.1	5.59731
13052056	495	0.1	-0.1	-1.69067
13052056	496	0.1	-0.1	4.34997
13052056	497	0.1	-0.1	5.24751
13052056	498	0.1	-0.1	-1.62831
13052056	499	0.1	-0.1	0.907833
13052056	500	0.1	-0.1	-0.103347
13052056	501	0.1	-0.1	-4.67935
13052056	502	0.1	-0.1	-3.67234
13052056	503	0.1	-0.1	-4.20779
13052056	504	0.1	-0.1	2.14089
13052056	505	0.1	-0.1	-4.81819
13052056	506	0.1	-0.1	-5.67866
13052056	507	0.1	-0.1	-0.746782
13052056	508	0.1	-0.1	-2.39
13052056	509	0.1	-0.1	4.17854
13052056	510	0.1	-0.1	-1.48889
13052056	511	0.1	-0.1	3.30584
13052056	512	0.1	-0.1	0.121288
13052056	513	0.1	-0.1	3.72448
13052056	514	0.1	-0.1	5.96134
13052056	515	0.1	-0.1	-5.52063
13052056	516	0.1	-0.1	-1.52136
13052056	517	0.1	-0.1	1.3115
13052056	518	0.1	-0.1	-2.24676
13052056	519	0.1	-0.1	4.56328
13052056	520	0.1	-0.1	-5.67006
13052056	521	0.1	-0.1	-5.13823
13052056	522	0.1	-0.1	-4.5187
13052056	523	0.1	-0.1	-0.524101
13052056	524	0.1	-0.1	-4.11863
13052056	525	0.1	-0.1	5.2019
13052056	526	0.1	-0.1	-3.91601
13052056	527	0.1	-0.1	4.8495
13052056	528	0.1	-0.1	2.43665
13052056	529	0.1	-0.1	-0.827086
13052056	530	0.1	-0.1	2.92581
13052056	531	0.1	-0.1	-4.98069
13052056	532	0.1	-0.1	-3.17184
13052056	533	0.1	-0.1	-4.99609
13052056	534	0.1	-0.1	-3.93413
13052056	535	0.1	-0.1	-0.400333
13052056	536	0.1	-0.1	-2.19093
13052056	537	0.1	-0.1	4.44759
13052056	538	0.1	-0.1	-1.89832
13052056	539	0.1	-0.1	-5.99393
13052056	540	0.1	-0.1	3.91843
13052056	541	0.1	-0.1	-2.88187
13052056	542	0.1	-0.1	1.6271
13052056	543	0.1	-0.1	-5.66088
13052056	544	0.1	-0.1	-2.34205
13052056	545	0.1	-0.1	5.11174
13052056	546	0.1	-0.1	-4.52649
13052056	547	0.1	-0.1	2.13461
13052056	548	0.1	-0.1	-4.00862
13052056	549	0.1	-0.1	3.80511
13052056	550	0.1	-0.1	-0.948192
13052056	551	0.1	-0.1	-1.99082
13052056	552	0.1	-0.1	-1.00356
13052056	553	0.1	-0.1	-3.89263
13052056	554	0.1	-0.1	1.34486
13052056	555	0.1	-0.1	5.06721
13052056	556	0.1	-0.1	-3.18906
13052056	557	0.1	-0.1	-3.5575
13052056	558	0.1	-0.1	1.19793
13052056	559	0.1	-0.1	3.71985
13052056	560	0.1	-0.1	5.14869
13052056	561	0.1	-0.1	-4.94439
13052056	562	0.1	-0.1	5.90086
13052056	563	0.1	-0.1	-2.10332
13052056	564	0.1	-0.1	-3.39819
13052056	565	0.1	-0.1	-3.80354
13052056	566	0.1	-0.1	-4.77896
13052056	567	0.1	-0.1	-1.86125
13052056	568	0.1	-0.1	-5.22225
13052056	569	0.1	-0.1	3.85954
13052056	570	0.1	-0.1	-5.80204
13052056	571	0.1	-0.1	-4.92136
13052056	572	0.1	-0.1	1.12685
13052056	573	0.1	-0.1	4.93026
13052056	574	0.1	-0.1	3.76496
13052056	575	0.1	-0.1	-2.67078
13052056	576	0.1	-0.1	3.23751
13052056	577	0.1	-0.1	0.898672
13052056	578	0.1	-0.1	4.88306
13052056	579	0.1	-0.1	0.000809502
13052056	580	0.1	-0.1	3.72809
13052056	581	0.1	-0.1	0.382457
13052056	582	0.1	-0.1	5.69635
13052056	583	0.1	-0.1	1.25922
13052056	584	0.1	-0.1	-5.36449
13052056	585	0.1	-0.1	2.15146
13052056	586	0.1	-0.1	3.35213
13052056	587	0.1	-0.1	3.99163
13052056	588	0.1	-0.1	-3.04185
13052056	589	0.1	-0.1	0.508781
13052056	590	0.1	-0.1	-4.98698
13052056	591	0.1	-0.1	-0.14267
13052056	592	0.1	-0.1	-0.0731899
13052056	593	0.1	-0.1	4.527
13052056	594	0.1	-0.1	4.54837
13052056	595	0.1	-0.1	-1.83802
13052056	596	0.1	-0.1	3.98601
13052056	597	0.1	-0.1	-0.467568
13052056	598	0.1	-0.1	4.6951
13052056	599	0.1	-0.1	-3.69854
13052056	600	0.1	-0.1	4.27735
13052056	601	0.1	-0.1	2.70668
13052056	602	0.1	-0.1	-5.31447
13052056	603	0.1	-0.1	-4.85687
13052056	604	0.1	-0.1	-3.2273
13052056	605	0.1	-0.1	-2.23523
13052056	606	0.1	-0.1	1.04189
13052056	607	0.1	-0.1	5.21829
13052056	608	0.1	-0.1	-1.81847
13052056	609	0.1	-0.1	3.05892
13052056	610	0.1	-0.1	3.57681
13052056	611	0.1	-0.1	-5.46108
13052056	612	0.1	-0.1	-4.79156
13052056	613	0.1	-0.1	1.98769
13052056	614	0.1	-0.1	-5.62217
13052056	615	0.1	-0.1	-4.51609
13052056	616	0.1	-0.1	1.69858
13052056	617	0.1	-0.1	1.43565
13052056	618	0.1	-0.1	2.54076
13052056	619	0.1	-0.1	-4.68582
13052056	620	0.1	-0.1	-5.86962
13052056	621	0.1	-0.1	4.46495
13052056	622	0.1	-0.1	-1.89307
13052056	623	0.1	-0.1	-4.4255
13052056	624	0.1	-0.1	5.86183
13052056	625	0.1	-0.1	-3.98941
13052056	626	0.1	-0.1	-4.75971
13052056	627	0.1	-0.1	2.78174
13052056	628	0.1	-0.1	5.3077
13052056	629	0.1	-0.1	-3.25123
13052056	630	0.1	-0.1	-2.52334
13052056	631	0.1	-0.1	-4.23094
13052056	632	0.1	-0.1	2.68425
13052056	633	0.1	-0.1	-0.91573
13052056	634	0.1	-0.1	-2.16205
13052056	635	0.1	-0.1	3.93061
13052056	636	0.1	-0.1	-4.58708
13052056	637	0.1	-0.1	-2.596
13052056	638	0.1	-0.1	2.73423
13052056	639	0.1	-0.1	-4.03726
13052056	640	0.1	-0.1	-5.82888
13052056	641	0.1	-0.1	-1.90998
13052056	642	0.1	-0.1	-3.94672
13052056	643	0.1	-0.1	-3.1027
13052056	644	0.1	-0.1	4.55651
13052056	645	0.1	-0.1	0.23817
13052056	646	0.1	-0.1	-3.06065
13052056	647	0.1	-0.1	3.64608
13052056	648	0.1	-0.1	0.608166
13052056	649	0.1	-0.1	-3.83561
13052056	650	0.1	-0.1	4.42543
13052056	651	0.1	-0.1	-5.03357
13052056	652	0.1	-0.1	3.79607
13052056	653	0.1	-0.1	2.7873
13052056	654	0.1	-0.1	3.60687
13052056	655	0.1	-0.1	-4.96297
13052056	656	0.1	-0.1	-3.88152
13052056	657	0.1	-0.1	-2.64343
13052056	658	0.1	-0.1	-3.60464
13052056	659	0.1	-0.1	5.56227
13052056	660	0.1	-0.1	-0.00451447
13052056	661	0.1	-0.1	-1.08825
13052056	662	0.1	-0.1	-0.0598098
13052056	663	0.1	-0.1	-0.0557408
13052056	664	0.1	-0.1	-1.91122
13052056	665	0.1	-0.1	0.741712
13052056	666	0.1	-0.1	5.48831
13052056	667	0.1	-0.1	5.92363
13052056	668	0.1	-0.1	-2.73045
13052056	669	0.1	-0.1	0.374028
13052056	670	0.1	-0.1	0.353024
13052056	671	0.1	-0.1	1.70489
13052056	672	0.1	-0.1	3.33936
13052056	673	0.1	-0.1	-3.7451
13052056	674	0.1	-0.1	4.80665
13052056	675	0.1	-0.1	-1.84473
13052056	676	0.1	-0.1	-3.83342
13052056	677	0.1	-0.1	-1.09591
13052056	678	0.1	-0.1	-3.82116
13052056	679	0.1	-0.1	-2.09778
13052056	680	0.1	-0.1	-3.21118
13052056	681	0.1	-0.1	-1.10584
13052056	682	0.1	-0.1	-2.13604
13052056	683	0.1	-0.1	-4.6997
13052056	684	0.1	-0.1	-0.18106
13052056	685	0.1	-0.1	2.29568
13052056	686	0.1	-0.1	3.8372
13052056	687	0.1	-0.1	-2.51077
13052056	688	0.1	-0.1	-3.25118
13052056	689	0.1	-0.1	-3.90902
13052056	690	0.1	-0.1	-5.23858
13052056	691	0.1	-0.1	1.41156
13052056	692	0.1	-0.1	-2.0259
13052056	693	0.1	-0.1	-3.71911
13052056	694	0.1	-0.1	1.22645
13052056	695	0.1	-0.1	-1.85056
13052056	696	0.1	-0.1	0.765271
13052056	697	0.1	-0.1	-4.01783
13052056	698	0.1	-0.1	2.04042
13052056	699	0.1	-0.1	-0.165666
13052056	700	0.1	-0.1	2.74939
13052056	701	0.1	-0.1	-1.47517
13052056	702	0.1	-0.1	5.81659
13052056	703	0.1	-0.1	-1.34157
13052056	704	0.1	-0.1	-5.72659
13052056	705	0.1	-0.1	-2.28289
13052056	706	0.1	-0.1	-5.72876
13052056	707	0.1	-0.1	-2.20397
13052056	708	0.1	-0.1	4.39104
13052056	709	0.1	-0.1	-5.62432
13052056	710	0.1	-0.1	3.1451
13052056	711	0.1	-0.1	0.0799025
13052056	712	0.1	-0.1	3.47199
13052056	713	0.1	-0.1	2.4006
13052056	714	0.1	-0.1	-2.68309
13052056	715	0.1	-0.1	-1.28153
13052056	716	0.1	-0.1	3.30903
13052056	717	0.1	-0.1	-4.05154
13052056	718	0.1	-0.1	-4.79325
13052056	719	0.1	-0.1	3.66937
13052056	720	0.1	-0.1	-0.925232
13052056	721	0.1	-0.1	1.14771
13052056	722	0.1	-0.1	-3.09485
13052056	723	0.1	-0.1	4.21306
13052056	724	0.1	-0.1	0.410636
13052056	725	0.1	-0.1	-2.50789
13052056	726	0.1	-0.1	-0.660618
13052056	727	0.1	-0.1	-4.67836
13052056	728	0.1	-0.1	0.886672
13052056	729	0.1	-0.1	-4.8085
13052056	730	0.1	-0.1	5.03117
13052056	731	0.1	-0.1	4.14042
13052056	732	0.1	-0.1	1.44229
13052056	733	0.1	-0.1	5.28596
13052056	734	0.1	-0.1	-0.976561
13052056	735	0.1	-0.1	5.49004
13052056	736	0.1	-0.1	4.8597
13052056	737	0.1	-0.1	2.44004
13052056	738	0.1	-0.1	0.0123497
13052056	739	0.1	-0.1	-5.50756
13052056	740	0.1	-0.1	-3.50569
13052056	741	0.1	-0.1	5.124
13052056	742	0.1	-0.1	-2.6745
13052056	743	0.1	-0.1	-2.04129
13052056	744	0.1	-0.1	5.73885
13052056	745	0.1	-0.1	-4.66349
13052056	746	0.1	-0.1	5.89411
13052056	747	0.1	-0.1	5.24009
13052056	748	0.1	-0.1	-3.84375
13052056	749	0.1	-0.1	-5.72327
13052056	750	0.1	-0.1	-0.865092
13052056	751	0.1	-0.1	-3.25171
13052056	752	0.1	-0.1	1.28272
13052056	753	0.1	-0.1	-3.04378
13052056	754	0.1	-0.1	4.26512
13052056	755	0.1	-0.1	0.889957
13052056	756	0.1	-0.1	5.43162
13052056	757	0.1	-0.1	2.27035
13052056	758	0.1	-0.1	0.653696
13052056	759	0.1	-0.1	-5.41242
13052056	760	0.1	-0.1	0.599967
13052056	761	0.1	-0.1	0.502037
13052056	762	0.1	-0.1	5.26743
13052056	763	0.1	-0.1	2.55845
13052056	764	0.1	-0.1	-3.76909
13052056	765	0.1	-0.1	-2.75254
13052056	766	0.1	-0.1	-5.73903
13052056	767	0.1	-0.1	-3.11732
13052056	768	0.1	-0.1	-2.757
13052056	769	0.1	-0.1	-5.77026
13052056	770	0.1	-0.1	-1.62208
13052056	771	0.1	-0.1	-3.58517
13052056	772	0.1	-0.1	5.20275
13052056	773	0.1	-0.1	-5.23068
13052056	774	0.1	-0.1	-3.40001
13052056	775	0.1	-0.1	-1.62237
13052056	776	0.1	-0.1	3.92318
13052056	777	0.1	-0.1	3.80185
13052056	778	0.1	-0.1	0.428725
13052056	779	0.1	-0.1	-4.51828
13052056	780	0.1	-0.1	-1.66359
13052056	781	0.1	-0.1	-4.12136
13052056	782	0.1	-0.1	-4.90395
13052056	783	0.1	-0.1	-1.77896
13052056	784	0.1	-0.1	-5.60468
13052056	785	0.1	-0.1	-1.28193
13052056	786	0.1	-0.1	-5.38413
13052056	787	0.1	-0.1	-0.933087
13052056	788	0.1	-0.1	-1.49622
13052056	789	0.1	-0.1	-2.50451
13052056	790	0.1	-0.1	5.51043
13052056	791	0.1	-0.1	2.99168
13052056	792	0.1	-0.1	-1.12204
13052056	793	0.1	-0.1	-2.72885
13052056	794	0.1	-0.1	1.76903
13052056	795	0.1	-0.1	-1.77874
13052056	796	0.1	-0.1	-0.0712966
13052056	797	0.1	-0.1	-1.29062
13052056	798	0.1	-0.1	-4.73028
13052056	799	0.1	-0.1	2.30868
13052056	800	0.1	-0.1	-4.39874
13052056	801	0.1	-0.1	-4.08155
13052056	802	0.1	-0.1	3.24087
13052056	803	0.1	-0.1	5.79373
13052056	804	0.1	-0.1	2.44017
13052056	805	0.1	-0.1	-5.79349
13052056	806	0.1	-0.1	-5.86338
13052056	807	0.1	-0.1	4.88647
13052056	808	0.1	-0.1	-4.54254
13052056	809	0.1	-0.1	-3.71504
13052056	810	0.1	-0.1	-1.95942
13052056	811	0.1	-0.1	0.0356874
13052056	812	0.1	-0.1	-3.61837
13052056	813	0.1	-0.1	0.274819
13052056	814	0.1	-0.1	2.47617
13052056	815	0.1	-0.1	-1.36012
13052056	816	0.1	-0.1	2.33623
13052056	817	0.1	-0.1	1.29039
13052056	818	0.1	-0.1	1.02599
13052056	819	0.1	-0.1	-5.34572
13052056	820	0.1	-0.1	5.57142
13052056	821	0.1	-0.1	-4.74615
13052056	822	0.1	-0.1	5.12659
13052056	823	0.1	-0.1	-0.775707
13052056	824	0.1	-0.1	4.27187
13052056	825	0.1	-0.1	-4.79174
13052056	826	0.1	-0.1	-4.77349
13052056	827	0.1	-0.1	-4.34729
13052056	828	0.1	-0.1	-5.73252
13052056	829	0.1	-0.1	0.868376
13052056	830	0.1	-0.1	-3.10172
13052056	831	0.1	-0.1	-1.21009
13052056	832	0.1	-0.1	4.31016
13052056	833	0.1	-0.1	-4.645
13052056	834	0.1	-0.1	-2.76806
13052056	835	0.1	-0.1	5.3009
13052056	836	0.1	-0.1	1.09242
13052056	837	0.1	-0.1	-5.55165
13052056	838	0.1	-0.1	-1.68733
13052056	839	0.1	-0.1	-3.11254
13052056	840	0.1	-0.1	-5.65512
13052056	841	0.1	-0.1	3.3517
13052056	842	0.1	-0.1	-3.28657
13052056	843	0.1	-0.1	4.77913
13052056	844	0.1	-0.1	0.133568
13052056	845	0.1	-0.1	-4.78872
13052056	846	0.1	-0.1	5.0821
13052056	847	0.1	-0.1	4.21399
13052056	848	0.1	-0.1	-2.25164
13052056	849	0.1	-0.1	-5.21165
13052056	850	0.1	-0.1	-2.13435
13052056	851	0.1	-0.1	-1.24081
13052056	852	0.1	-0.1	1.05606
13052056	853	0.1	-0.1	1.22809
13052056	854	0.1	-0.1	1.5694
13052056	855	0.1	-0.1	-5.24272
13052056	856	0.1	-0.1	-5.66151
13052056	857	0.1	-0.1	1.24488
13052056	858	0.1	-0.1	1.92201
13052056	859	0.1	-0.1	-5.02223
13052056	860	0.1	-0.1	0.54875
13052056	861	0.1	-0.1	4.99746
13052056	862	0.1	-0.1	-2.99246
13052056	863	0.1	-0.1	-5.91174
13052056	864	0.1	-0.1	1.89845
13052056	865	0.1	-0.1	-5.39719
13052056	866	0.1	-0.1	-5.66367
13052056	867	0.1	-0.1	-3.98822
13052056	868	0.1	-0.1	-3.2515
13052056	869	0.1	-0.1	4.72577
13052056	870	0.1	-0.1	0.23627
13052056	871	0.1	-0.1	-0.994291
13052056	872	0.1	-0.1	5.44654
13052056	873	0.1	-0.1	-5.44386
13052056	874	0.1	-0.1	-1.82922
13052056	875	0.1	-0.1	4.99286
13052056	876	0.1	-0.1	-2.00852
13052056	877	0.1	-0.1	-4.99752
13052056	878	0.1	-0.1	-4.78046
13052056	879	0.1	-0.1	-4.79927
13052056	880	0.1	-0.1	3.40553
13052056	881	0.1	-0.1	-1.91257
13052056	882	0.1	-0.1	0.648926
13052056	883	0.1	-0.1	5.5713
13052056	884	0.1	-0.1	-2.13749
13052056	885	0.1	-0.1	-3.60897
13052056	886	0.1	-0.1	-2.05351
13052056	887	0.1	-0.1	3.47297
13052056	888	0.1	-0.1	-0.0384166
13052056	889	0.1	-0.1	-4.79748
13052056	890	0.1	-0.1	-2.24363
13052056	891	0.1	-0.1	2.04723
13052056	892	0.1	-0.1	1.26651
13052056	893	0.1	-0.1	-5.26712
13052056	894	0.1	-0.1	-0.741449
13052056	895	0.1	-0.1	-3.82831
13052056	896	0.1	-0.1	-3.30523
13052056	897	0.1	-0.1	5.10899
13052056	898	0.1	-0.1	2.02679
13052056	899	0.1	-0.1	-1.33563
13052056	900	0.1	-0.1	-4.26368
13052056	901	0.1	-0.1	3.5999
13052056	902	0.1	-0.1	-0.368682
13052056	903	0.1	-0.1	-2.60275
13052056	904	0.1	-0.1	-0.152819
13052056	905	0.1	-0.1	-5.34362
13052056	906	0.1	-0.1	-2.39623
13052056	907	0.1	-0.1	4.08526
13052056	908	0.1	-0.1	-3.28403
13052056	909	0.1	-0.1	5.0368
13052056	910	0.1	-0.1	0.30377
13052056	911	0.1	-0.1	0.960822
13052056	912	0.1	-0.1	-0.865581
13052056	913	0.1	-0.1	1.34804
13052056	914	0.1	-0.1	1.63522
13052056	915	0.1	-0.1	1.23641
13052056	916	0.1	-0.1	1.64149
13052056	917	0.1	-0.1	1.05242
13052056	918	0.1	-0.1	-3.87303
13052056	919	0.1	-0.1	3.01894
13052056	920	0.1	-0.1	-0.8723
13052056	921	0.1	-0.1	-4.63452
13052056	922	0.1	-0.1	2.92757
13052056	923	0.1	-0.1	3.02523
13052056	924	0.1	-0.1	2.956
13052056	925	0.1	-0.1	4.65513
13052056	926	0.1	-0.1	-1.08418
13052056	927	0.1	-0.1	-2.6406
13052056	928	0.1	-0.1	0.378739
13052056	929	0.1	-0.1	-3.05029
13052056	930	0.1	-0.1	0.99281
13052056	931	0.1	-0.1	5.95083
13052056	932	0.1	-0.1	5.50027
13052056	933	0.1	-0.1	-4.73439
13052056	934	0.1	-0.1	-5.69123
13052056	935	0.1	-0.1	-2.87719
13052056	936	0.1	-0.1	-2.08422
13052056	937	0.1	-0.1	1.96019
13052056	938	0.1	-0.1	4.00987
13052056	939	0.1	-0.1	-0.549503
13052056	940	0.1	-0.1	3.53822
13052056	941	0.1	-0.1	-0.320523
13052056	942	0.1	-0.1	5.03839
13052056	943	0.1	-0.1	-3.61734
13052056	944	0.1	-0.1	3.91859
13052056	945	0.1	-0.1	0.11117
13052056	946	0.1	-0.1	3.29625
13052056	947	0.1	-0.1	4.11385
13052056	948	0.1	-0.1	1.61878
13052056	949	0.1	-0.1	-3.72355
13052056	950	0.1	-0.1	-3.6186
13052056	951	0.1	-0.1	2.28981
13052056	952	0.1	-0.1	-1.98234
13052056	953	0.1	-0.1	4.51719
13052056	954	0.1	-0.1	0.864809
13052056	955	0.1	-0.1	4.49592
13052056	956	0.1	-0.1	-1.02633
13052056	957	0.1	-0.1	4.68489
13052056	958	0.1	-0.1	-4.14362
13052056	959	0.1	-0.1	5.01981
13052056	960	0.1	-0.1	3.20559
13052056	961	0.1	-0.1	4.66226
13052056	962	0.1	-0.1	-5.65303
13052056	963	0.1	-0.1	-5.8254
13052056	964	0.1	-0.1	-5.19516
13052056	965	0.1	-0.1	-3.0876
13052056	966	0.1	-0.1	1.00725
13052056	967	0.1	-0.1	-3.86419
13052056	968	0.1	-0.1	0.283374
13052056	969	0.1	-0.1	1.10052
13052056	970	0.1	-0.1	-1.57691
13052056	971	0.1	-0.1	-2.3844
13052056	972	0.1	-0.1	2.87933
13052056	973	0.1	-0.1	-5.16065
13052056	974	0.1	-0.1	-2.06958
13052056	975	0.1	-0.1	1.41642
13052056	976	0.1	-0.1	-5.04
13052056	977	0.1	-0.1	-0.339157
13052056	978	0.1	-0.1	-0.0245453
13052056	979	0.1	-0.1	-2.4724
13052056	980	0.1	-0.1	-4.56072
13052056	981	0.1	-0.1	-1.02093
13052056	982	0.1	-0.1	-1.46486
13052056	983	0.1	-0.1	5.3123
13052056	984	0.1	-0.1	4.07378
13052056	985	0.1	-0.1	1.71294
13052056	986	0.1	-0.1	2.19264
13052056	987	0.1	-0.1	-0.563232
13052056	988	0.1	-0.1	2.05242
13052056	989	0.1	-0.1	1.20389
13052056	990	0.1	-0.1	0.693835
13052056	991	0.1	-0.1	-4.73814
13052056	992	0.1	-0.1	-1.60074
13052056	993	0.1	-0.1	5.49604
13052056	994	0.1	-0.1	-5.4422
13052056	995	0.1	-0.1	0.0457824
13052056	996	0.1	-0.1	2.9855
13052056	997	0.1	-0.1	-2.8991
13052056	998	0.1	-0.1	-1.31706
13052056	999	0.1	-0.1	-5.64016
13052056	1000	0.1	-0.1	5.9331
