13052088	1	0.1	-0.1	3.3296
13052088	2	0.1	-0.1	4.7611
13052088	3	0.1	-0.1	5.83949
13052088	4	0.1	-0.1	2.26811
13052088	5	0.1	-0.1	-5.53568
13052088	6	0.1	-0.1	-3.34256
13052088	7	0.1	-0.1	1.51528
13052088	8	0.1	-0.1	1.85114
13052088	9	0.1	-0.1	-5.26988
13052088	10	0.1	-0.1	-3.31618
13052088	11	0.1	-0.1	-1.74809
13052088	12	0.1	-0.1	4.77452
13052088	13	0.1	-0.1	-3.22701
13052088	14	0.1	-0.1	4.29451
13052088	15	0.1	-0.1	3.45796
13052088	16	0.1	-0.1	4.1228
13052088	17	0.1	-0.1	-3.00677
13052088	18	0.1	-0.1	-5.00844
13052088	19	0.1	-0.1	-5.03508
13052088	20	0.1	-0.1	-4.28031
13052088	21	0.1	-0.1	-3.77094
13052088	22	0.1	-0.1	-3.63771
13052088	23	0.1	-0.1	2.97731
13052088	24	0.1	-0.1	4.90514
13052088	25	0.1	-0.1	4.30597
13052088	26	0.1	-0.1	-4.96751
13052088	27	0.1	-0.1	-2.27986
13052088	28	0.1	-0.1	-0.315436
13052088	29	0.1	-0.1	-5.82866
13052088	30	0.1	-0.1	1.05963
13052088	31	0.1	-0.1	-3.29403
13052088	32	0.1	-0.1	-1.36909
13052088	33	0.1	-0.1	2.01528
13052088	34	0.1	-0.1	2.77822
13052088	35	0.1	-0.1	3.53754
13052088	36	0.1	-0.1	-3.50658
13052088	37	0.1	-0.1	-3.78973
13052088	38	0.1	-0.1	1.68622
13052088	39	0.1	-0.1	-3.51794
13052088	40	0.1	-0.1	-0.833615
13052088	41	0.1	-0.1	-1.47107
13052088	42	0.1	-0.1	-5.43883
13052088	43	0.1	-0.1	3.18081
13052088	44	0.1	-0.1	2.06771
13052088	45	0.1	-0.1	-3.36046
13052088	46	0.1	-0.1	-2.97821
13052088	47	0.1	-0.1	-1.78431
13052088	48	0.1	-0.1	3.78031
13052088	49	0.1	-0.1	5.65684
13052088	50	0.1	-0.1	2.00542
13052088	51	0.1	-0.1	3.24271
13052088	52	0.1	-0.1	-3.71054
13052088	53	0.1	-0.1	-2.85586
13052088	54	0.1	-0.1	0.00443058
13052088	55	0.1	-0.1	-3.574
13052088	56	0.1	-0.1	-1.01775
13052088	57	0.1	-0.1	2.48282
13052088	58	0.1	-0.1	1.92991
13052088	59	0.1	-0.1	-5.72391
13052088	60	0.1	-0.1	0.0596803
13052088	61	0.1	-0.1	0.826463
13052088	62	0.1	-0.1	-4.91997
13052088	63	0.1	-0.1	1.06705
13052088	64	0.1	-0.1	1.88074
13052088	65	0.1	-0.1	4.92974
13052088	66	0.1	-0.1	4.88737
13052088	67	0.1	-0.1	5.74121
13052088	68	0.1	-0.1	-4.63703
13052088	69	0.1	-0.1	-3.06226
13052088	70	0.1	-0.1	-3.35056
13052088	71	0.1	-0.1	-0.104207
13052088	72	0.1	-0.1	-2.62816
13052088	73	0.1	-0.1	-1.81732
13052088	74	0.1	-0.1	-3.54269
13052088	75	0.1	-0.1	3.8927
13052088	76	0.1	-0.1	-0.147787
13052088	77	0.1	-0.1	1.79169
13052088	78	0.1	-0.1	-5.76703
13052088	79	0.1	-0.1	-0.672917
13052088	80	0.1	-0.1	3.43577
13052088	81	0.1	-0.1	1.53949
13052088	82	0.1	-0.1	-1.0407
13052088	83	0.1	-0.1	-0.28711
13052088	84	0.1	-0.1	-4.74938
13052088	85	0.1	-0.1	-5.76252
13052088	86	0.1	-0.1	2.05488
13052088	87	0.1	-0.1	-1.88163
13052088	88	0.1	-0.1	-0.248838
13052088	89	0.1	-0.1	3.52237
13052088	90	0.1	-0.1	-2.0648
13052088	91	0.1	-0.1	-3.17611
13052088	92	0.1	-0.1	-5.22536
13052088	93	0.1	-0.1	-2.1708
13052088	94	0.1	-0.1	-2.1078
13052088	95	0.1	-0.1	-5.29775
13052088	96	0.1	-0.1	5.77151
13052088	97	0.1	-0.1	1.18389
13052088	98	0.1	-0.1	-0.0903168
13052088	99	0.1	-0.1	-1.1032
13052088	100	0.1	-0.1	4.52985
13052088	101	0.1	-0.1	-1.54037
13052088	102	0.1	-0.1	-3.62716
13052088	103	0.1	-0.1	5.80634
13052088	104	0.1	-0.1	-0.995094
13052088	105	0.1	-0.1	-2.4956
13052088	106	0.1	-0.1	5.1241
13052088	107	0.1	-0.1	1.43496
13052088	108	0.1	-0.1	-5.63002
13052088	109	0.1	-0.1	-5.90681
13052088	110	0.1	-0.1	-2.64904
13052088	111	0.1	-0.1	-3.20889
13052088	112	0.1	-0.1	-0.284194
13052088	113	0.1	-0.1	3.74115
13052088	114	0.1	-0.1	3.9746
13052088	115	0.1	-0.1	-5.36613
13052088	116	0.1	-0.1	3.9209
13052088	117	0.1	-0.1	5.36587
13052088	118	0.1	-0.1	2.55671
13052088	119	0.1	-0.1	-4.03158
13052088	120	0.1	-0.1	2.71743
13052088	121	0.1	-0.1	-3.27513
13052088	122	0.1	-0.1	4.41014
13052088	123	0.1	-0.1	4.7613
13052088	124	0.1	-0.1	-0.877839
13052088	125	0.1	-0.1	-5.01394
13052088	126	0.1	-0.1	5.02231
13052088	127	0.1	-0.1	4.85896
13052088	128	0.1	-0.1	-5.99738
13052088	129	0.1	-0.1	-2.55793
13052088	130	0.1	-0.1	0.477118
13052088	131	0.1	-0.1	-0.139354
13052088	132	0.1	-0.1	1.90615
13052088	133	0.1	-0.1	2.15569
13052088	134	0.1	-0.1	-5.52186
13052088	135	0.1	-0.1	1.17127
13052088	136	0.1	-0.1	-5.35058
13052088	137	0.1	-0.1	3.63205
13052088	138	0.1	-0.1	-2.58856
13052088	139	0.1	-0.1	5.61559
13052088	140	0.1	-0.1	-4.40225
13052088	141	0.1	-0.1	-0.943002
13052088	142	0.1	-0.1	-3.69098
13052088	143	0.1	-0.1	1.33934
13052088	144	0.1	-0.1	4.79809
13052088	145	0.1	-0.1	-1.21409
13052088	146	0.1	-0.1	-3.35737
13052088	147	0.1	-0.1	-2.18033
13052088	148	0.1	-0.1	-3.91483
13052088	149	0.1	-0.1	-1.78352
13052088	150	0.1	-0.1	2.20855
13052088	151	0.1	-0.1	0.578057
13052088	152	0.1	-0.1	-3.88928
13052088	153	0.1	-0.1	5.72438
13052088	154	0.1	-0.1	1.17212
13052088	155	0.1	-0.1	0.490172
13052088	156	0.1	-0.1	3.51985
13052088	157	0.1	-0.1	3.96725
13052088	158	0.1	-0.1	-4.74366
13052088	159	0.1	-0.1	1.37493
13052088	160	0.1	-0.1	-2.38311
13052088	161	0.1	-0.1	-4.5751
13052088	162	0.1	-0.1	-1.63067
13052088	163	0.1	-0.1	1.35949
13052088	164	0.1	-0.1	-4.23095
13052088	165	0.1	-0.1	-2.79016
13052088	166	0.1	-0.1	-5.65635
13052088	167	0.1	-0.1	5.60283
13052088	168	0.1	-0.1	-3.20406
13052088	169	0.1	-0.1	-5.83168
13052088	170	0.1	-0.1	-1.07465
13052088	171	0.1	-0.1	-3.05458
13052088	172	0.1	-0.1	-4.35355
13052088	173	0.1	-0.1	-0.743719
13052088	174	0.1	-0.1	3.65671
13052088	175	0.1	-0.1	-1.03216
13052088	176	0.1	-0.1	3.37563
13052088	177	0.1	-0.1	-5.49265
13052088	178	0.1	-0.1	5.8632
13052088	179	0.1	-0.1	-0.886092
13052088	180	0.1	-0.1	5.3182
13052088	181	0.1	-0.1	-0.197732
13052088	182	0.1	-0.1	-2.57908
13052088	183	0.1	-0.1	4.4156
13052088	184	0.1	-0.1	4.07952
13052088	185	0.1	-0.1	1.32765
13052088	186	0.1	-0.1	1.25207
13052088	187	0.1	-0.1	5.8114
13052088	188	0.1	-0.1	2.35212
13052088	189	0.1	-0.1	-2.57923
13052088	190	0.1	-0.1	0.656503
13052088	191	0.1	-0.1	-1.69708
13052088	192	0.1	-0.1	4.08305
13052088	193	0.1	-0.1	3.95031
13052088	194	0.1	-0.1	-0.119489
13052088	195	0.1	-0.1	2.94732
13052088	196	0.1	-0.1	1.10005
13052088	197	0.1	-0.1	1.49209
13052088	198	0.1	-0.1	3.68956
13052088	199	0.1	-0.1	3.91344
13052088	200	0.1	-0.1	-5.39254
13052088	201	0.1	-0.1	4.65283
13052088	202	0.1	-0.1	2.33871
13052088	203	0.1	-0.1	-3.57222
13052088	204	0.1	-0.1	-1.77431
13052088	205	0.1	-0.1	0.66539
13052088	206	0.1	-0.1	-1.55687
13052088	207	0.1	-0.1	2.15554
13052088	208	0.1	-0.1	3.6546
13052088	209	0.1	-0.1	-5.18208
13052088	210	0.1	-0.1	5.27771
13052088	211	0.1	-0.1	-1.54347
13052088	212	0.1	-0.1	-5.07033
13052088	213	0.1	-0.1	-3.44159
13052088	214	0.1	-0.1	4.9002
13052088	215	0.1	-0.1	0.319854
13052088	216	0.1	-0.1	3.36398
13052088	217	0.1	-0.1	-3.12778
13052088	218	0.1	-0.1	-1.96401
13052088	219	0.1	-0.1	-1.3648
13052088	220	0.1	-0.1	-0.377835
13052088	221	0.1	-0.1	4.75352
13052088	222	0.1	-0.1	3.48799
13052088	223	0.1	-0.1	-5.36399
13052088	224	0.1	-0.1	-5.88572
13052088	225	0.1	-0.1	-5.65161
13052088	226	0.1	-0.1	1.69488
13052088	227	0.1	-0.1	-4.0351
13052088	228	0.1	-0.1	-4.75863
13052088	229	0.1	-0.1	1.42772
13052088	230	0.1	-0.1	1.3933
13052088	231	0.1	-0.1	-4.86942
13052088	232	0.1	-0.1	3.22278
13052088	233	0.1	-0.1	1.17413
13052088	234	0.1	-0.1	2.49508
13052088	235	0.1	-0.1	-2.08842
13052088	236	0.1	-0.1	-2.97452
13052088	237	0.1	-0.1	-2.09507
13052088	238	0.1	-0.1	-0.759503
13052088	239	0.1	-0.1	-0.387501
13052088	240	0.1	-0.1	-5.51724
13052088	241	0.1	-0.1	-1.13535
13052088	242	0.1	-0.1	-5.65567
13052088	243	0.1	-0.1	0.723347
13052088	244	0.1	-0.1	-2.11624
13052088	245	0.1	-0.1	5.54607
13052088	246	0.1	-0.1	3.11918
13052088	247	0.1	-0.1	-0.765351
13052088	248	0.1	-0.1	-3.13395
13052088	249	0.1	-0.1	4.96156
13052088	250	0.1	-0.1	0.672226
13052088	251	0.1	-0.1	0.5238
13052088	252	0.1	-0.1	0.786491
13052088	253	0.1	-0.1	5.14756
13052088	254	0.1	-0.1	2.70582
13052088	255	0.1	-0.1	0.40651
13052088	256	0.1	-0.1	-1.05934
13052088	257	0.1	-0.1	4.14266
13052088	258	0.1	-0.1	-1.07776
13052088	259	0.1	-0.1	5.47725
13052088	260	0.1	-0.1	-4.89931
13052088	261	0.1	-0.1	4.957
13052088	262	0.1	-0.1	-5.95711
13052088	263	0.1	-0.1	4.21657
13052088	264	0.1	-0.1	-5.55839
13052088	265	0.1	-0.1	2.84716
13052088	266	0.1	-0.1	-4.03306
13052088	267	0.1	-0.1	2.6358
13052088	268	0.1	-0.1	-1.47511
13052088	269	0.1	-0.1	-2.53675
13052088	270	0.1	-0.1	3.61271
13052088	271	0.1	-0.1	-5.89788
13052088	272	0.1	-0.1	2.44653
13052088	273	0.1	-0.1	-0.904773
13052088	274	0.1	-0.1	-2.91082
13052088	275	0.1	-0.1	-5.62072
13052088	276	0.1	-0.1	3.14631
13052088	277	0.1	-0.1	2.23095
13052088	278	0.1	-0.1	4.47248
13052088	279	0.1	-0.1	2.23181
13052088	280	0.1	-0.1	0.454777
13052088	281	0.1	-0.1	-2.83347
13052088	282	0.1	-0.1	-3.25264
13052088	283	0.1	-0.1	-4.54583
13052088	284	0.1	-0.1	3.82133
13052088	285	0.1	-0.1	4.513
13052088	286	0.1	-0.1	2.99778
13052088	287	0.1	-0.1	-5.61328
13052088	288	0.1	-0.1	-4.16263
13052088	289	0.1	-0.1	-4.11051
13052088	290	0.1	-0.1	-4.30721
13052088	291	0.1	-0.1	-5.95835
13052088	292	0.1	-0.1	4.7286
13052088	293	0.1	-0.1	4.2724
13052088	294	0.1	-0.1	5.12395
13052088	295	0.1	-0.1	-3.90445
13052088	296	0.1	-0.1	2.15335
13052088	297	0.1	-0.1	2.04221
13052088	298	0.1	-0.1	-0.0578356
13052088	299	0.1	-0.1	4.23088
13052088	300	0.1	-0.1	-3.5094
13052088	301	0.1	-0.1	0.276366
13052088	302	0.1	-0.1	1.37535
13052088	303	0.1	-0.1	-0.408396
13052088	304	0.1	-0.1	-4.04992
13052088	305	0.1	-0.1	4.74793
13052088	306	0.1	-0.1	0.936292
13052088	307	0.1	-0.1	4.85355
13052088	308	0.1	-0.1	-2.99858
13052088	309	0.1	-0.1	-3.95727
13052088	310	0.1	-0.1	2.62137
13052088	311	0.1	-0.1	2.34269
13052088	312	0.1	-0.1	-4.74277
13052088	313	0.1	-0.1	-5.87881
13052088	314	0.1	-0.1	5.64379
13052088	315	0.1	-0.1	1.39751
13052088	316	0.1	-0.1	0.0645999
13052088	317	0.1	-0.1	0.284849
13052088	318	0.1	-0.1	-3.83486
13052088	319	0.1	-0.1	-5.40464
13052088	320	0.1	-0.1	-3.51949
13052088	321	0.1	-0.1	-4.39382
13052088	322	0.1	-0.1	1.01492
13052088	323	0.1	-0.1	-0.244067
13052088	324	0.1	-0.1	-2.94909
13052088	325	0.1	-0.1	3.74896
13052088	326	0.1	-0.1	2.44231
13052088	327	0.1	-0.1	-2.97822
13052088	328	0.1	-0.1	-3.75058
13052088	329	0.1	-0.1	-4.73743
13052088	330	0.1	-0.1	-1.69985
13052088	331	0.1	-0.1	-4.42362
13052088	332	0.1	-0.1	4.48356
13052088	333	0.1	-0.1	5.10044
13052088	334	0.1	-0.1	0.908658
13052088	335	0.1	-0.1	4.8275
13052088	336	0.1	-0.1	1.85366
13052088	337	0.1	-0.1	3.44765
13052088	338	0.1	-0.1	3.97731
13052088	339	0.1	-0.1	2.36733
13052088	340	0.1	-0.1	5.32302
13052088	341	0.1	-0.1	1.91232
13052088	342	0.1	-0.1	-1.48711
13052088	343	0.1	-0.1	3.81737
13052088	344	0.1	-0.1	4.13066
13052088	345	0.1	-0.1	0.048827
13052088	346	0.1	-0.1	-4.5868
13052088	347	0.1	-0.1	1.51053
13052088	348	0.1	-0.1	-0.48829
13052088	349	0.1	-0.1	1.0729
13052088	350	0.1	-0.1	0.646973
13052088	351	0.1	-0.1	5.33392
13052088	352	0.1	-0.1	-4.19541
13052088	353	0.1	-0.1	-2.13702
13052088	354	0.1	-0.1	1.26207
13052088	355	0.1	-0.1	4.65138
13052088	356	0.1	-0.1	3.79289
13052088	357	0.1	-0.1	-3.84914
13052088	358	0.1	-0.1	2.31974
13052088	359	0.1	-0.1	-0.286997
13052088	360	0.1	-0.1	-1.029
13052088	361	0.1	-0.1	-5.38511
13052088	362	0.1	-0.1	-1.4712
13052088	363	0.1	-0.1	3.06152
13052088	364	0.1	-0.1	5.8025
13052088	365	0.1	-0.1	0.571468
13052088	366	0.1	-0.1	3.98811
13052088	367	0.1	-0.1	-3.57447
13052088	368	0.1	-0.1	-2.07715
13052088	369	0.1	-0.1	-2.60739
13052088	370	0.1	-0.1	0.972414
13052088	371	0.1	-0.1	0.578625
13052088	372	0.1	-0.1	5.25289
13052088	373	0.1	-0.1	4.34834
13052088	374	0.1	-0.1	3.99791
13052088	375	0.1	-0.1	0.847949
13052088	376	0.1	-0.1	-5.00506
13052088	377	0.1	-0.1	-5.16077
13052088	378	0.1	-0.1	5.79903
13052088	379	0.1	-0.1	5.82305
13052088	380	0.1	-0.1	-3.03558
13052088	381	0.1	-0.1	-1.45677
13052088	382	0.1	-0.1	5.26632
13052088	383	0.1	-0.1	-3.09723
13052088	384	0.1	-0.1	4.12983
13052088	385	0.1	-0.1	0.0108775
13052088	386	0.1	-0.1	-3.11401
13052088	387	0.1	-0.1	4.06971
13052088	388	0.1	-0.1	-4.44791
13052088	389	0.1	-0.1	2.45053
13052088	390	0.1	-0.1	-0.505643
13052088	391	0.1	-0.1	-0.204525
13052088	392	0.1	-0.1	2.93988
13052088	393	0.1	-0.1	-0.420832
13052088	394	0.1	-0.1	-4.03774
13052088	395	0.1	-0.1	5.07881
13052088	396	0.1	-0.1	3.93455
13052088	397	0.1	-0.1	-5.45054
13052088	398	0.1	-0.1	4.57294
13052088	399	0.1	-0.1	-4.49284
13052088	400	0.1	-0.1	-5.93139
13052088	401	0.1	-0.1	-5.4783
13052088	402	0.1	-0.1	-1.51883
13052088	403	0.1	-0.1	2.91369
13052088	404	0.1	-0.1	5.94009
13052088	405	0.1	-0.1	-0.894523
13052088	406	0.1	-0.1	-0.000398207
13052088	407	0.1	-0.1	0.957392
13052088	408	0.1	-0.1	1.39717
13052088	409	0.1	-0.1	3.11622
13052088	410	0.1	-0.1	4.22164
13052088	411	0.1	-0.1	-2.80529
13052088	412	0.1	-0.1	0.693735
13052088	413	0.1	-0.1	4.35837
13052088	414	0.1	-0.1	2.56503
13052088	415	0.1	-0.1	-0.557775
13052088	416	0.1	-0.1	-2.27644
13052088	417	0.1	-0.1	-4.90311
13052088	418	0.1	-0.1	-3.75554
13052088	419	0.1	-0.1	3.99016
13052088	420	0.1	-0.1	-4.46325
13052088	421	0.1	-0.1	-5.76531
13052088	422	0.1	-0.1	0.363286
13052088	423	0.1	-0.1	-2.39636
13052088	424	0.1	-0.1	4.69692
13052088	425	0.1	-0.1	-0.806564
13052088	426	0.1	-0.1	1.61281
13052088	427	0.1	-0.1	-2.48739
13052088	428	0.1	-0.1	-1.03462
13052088	429	0.1	-0.1	-5.88288
13052088	430	0.1	-0.1	5.48828
13052088	431	0.1	-0.1	4.66504
13052088	432	0.1	-0.1	-0.745161
13052088	433	0.1	-0.1	5.51691
13052088	434	0.1	-0.1	-3.81154
13052088	435	0.1	-0.1	0.320833
13052088	436	0.1	-0.1	0.645204
13052088	437	0.1	-0.1	3.08669
13052088	438	0.1	-0.1	1.31333
13052088	439	0.1	-0.1	1.63958
13052088	440	0.1	-0.1	-5.46824
13052088	441	0.1	-0.1	1.90309
13052088	442	0.1	-0.1	1.91329
13052088	443	0.1	-0.1	-3.23896
13052088	444	0.1	-0.1	-5.76834
13052088	445	0.1	-0.1	5.35161
13052088	446	0.1	-0.1	-1.14147
13052088	447	0.1	-0.1	0.192501
13052088	448	0.1	-0.1	-0.611813
13052088	449	0.1	-0.1	-2.82289
13052088	450	0.1	-0.1	3.64793
13052088	451	0.1	-0.1	5.18231
13052088	452	0.1	-0.1	2.49315
13052088	453	0.1	-0.1	0.365574
13052088	454	0.1	-0.1	1.41472
13052088	455	0.1	-0.1	-1.12287
13052088	456	0.1	-0.1	-5.48504
13052088	457	0.1	-0.1	4.55477
13052088	458	0.1	-0.1	-4.17632
13052088	459	0.1	-0.1	5.46206
13052088	460	0.1	-0.1	-4.69643
13052088	461	0.1	-0.1	4.76774
13052088	462	0.1	-0.1	1.86732
13052088	463	0.1	-0.1	3.61017
13052088	464	0.1	-0.1	-1.9408
13052088	465	0.1	-0.1	-4.5264
13052088	466	0.1	-0.1	-1.25027
13052088	467	0.1	-0.1	4.30684
13052088	468	0.1	-0.1	4.25382
13052088	469	0.1	-0.1	-4.54619
13052088	470	0.1	-0.1	-5.84637
13052088	471	0.1	-0.1	-1.00322
13052088	472	0.1	-0.1	-2.18676
13052088	473	0.1	-0.1	-4.94774
13052088	474	0.1	-0.1	3.40674
13052088	475	0.1	-0.1	3.58067
13052088	476	0.1	-0.1	2.23985
13052088	477	0.1	-0.1	-4.02286
13052088	478	0.1	-0.1	3.01221
13052088	479	0.1	-0.1	4.43034
13052088	480	0.1	-0.1	-2.41125
13052088	481	0.1	-0.1	-3.13298
13052088	482	0.1	-0.1	-4.32498
13052088	483	0.1	-0.1	-1.88613
13052088	484	0.1	-0.1	1.49276
13052088	485	0.1	-0.1	2.78489
13052088	486	0.1	-0.1	-3.06954
13052088	487	0.1	-0.1	5.07849
13052088	488	0.1	-0.1	1.21735
13052088	489	0.1	-0.1	-0.381772
13052088	490	0.1	-0.1	5.21748
13052088	491	0.1	-0.1	3.2519
13052088	492	0.1	-0.1	-4.26383
13052088	493	0.1	-0.1	-4.24645
13052088	494	0.1	-0.1	4.88989
13052088	495	0.1	-0.1	-4.62414
13052088	496	0.1	-0.1	-5.5452
13052088	497	0.1	-0.1	0.645229
13052088	498	0.1	-0.1	-3.65935
13052088	499	0.1	-0.1	-2.07636
13052088	500	0.1	-0.1	-3.16894
13052088	501	0.1	-0.1	2.97295
13052088	502	0.1	-0.1	2.84051
13052088	503	0.1	-0.1	-0.803024
13052088	504	0.1	-0.1	-0.532716
13052088	505	0.1	-0.1	5.24188
13052088	506	0.1	-0.1	5.42458
13052088	507	0.1	-0.1	4.78802
13052088	508	0.1	-0.1	1.61924
13052088	509	0.1	-0.1	-0.734651
13052088	510	0.1	-0.1	2.78376
13052088	511	0.1	-0.1	-2.88254
13052088	512	0.1	-0.1	5.666
13052088	513	0.1	-0.1	2.59342
13052088	514	0.1	-0.1	-2.2465
13052088	515	0.1	-0.1	5.61102
13052088	516	0.1	-0.1	2.49308
13052088	517	0.1	-0.1	3.54791
13052088	518	0.1	-0.1	4.75186
13052088	519	0.1	-0.1	-2.87406
13052088	520	0.1	-0.1	3.16792
13052088	521	0.1	-0.1	-2.63742
13052088	522	0.1	-0.1	0.827368
13052088	523	0.1	-0.1	1.617
13052088	524	0.1	-0.1	-4.55257
13052088	525	0.1	-0.1	5.15196
13052088	526	0.1	-0.1	-5.46079
13052088	527	0.1	-0.1	1.65562
13052088	528	0.1	-0.1	0.113056
13052088	529	0.1	-0.1	-2.98671
13052088	530	0.1	-0.1	-1.31357
13052088	531	0.1	-0.1	5.11247
13052088	532	0.1	-0.1	-0.729684
13052088	533	0.1	-0.1	4.77832
13052088	534	0.1	-0.1	4.00326
13052088	535	0.1	-0.1	1.02924
13052088	536	0.1	-0.1	-2.00326
13052088	537	0.1	-0.1	5.82826
13052088	538	0.1	-0.1	-3.53149
13052088	539	0.1	-0.1	0.71502
13052088	540	0.1	-0.1	5.58562
13052088	541	0.1	-0.1	-3.38524
13052088	542	0.1	-0.1	2.40401
13052088	543	0.1	-0.1	-1.72678
13052088	544	0.1	-0.1	-4.96493
13052088	545	0.1	-0.1	5.20075
13052088	546	0.1	-0.1	-5.65944
13052088	547	0.1	-0.1	-1.96486
13052088	548	0.1	-0.1	2.08285
13052088	549	0.1	-0.1	5.60332
13052088	550	0.1	-0.1	-1.67666
13052088	551	0.1	-0.1	-4.84334
13052088	552	0.1	-0.1	-2.17309
13052088	553	0.1	-0.1	4.29468
13052088	554	0.1	-0.1	2.51417
13052088	555	0.1	-0.1	0.35714
13052088	556	0.1	-0.1	1.06774
13052088	557	0.1	-0.1	-5.20374
13052088	558	0.1	-0.1	-2.30684
13052088	559	0.1	-0.1	-5.78384
13052088	560	0.1	-0.1	1.00154
13052088	561	0.1	-0.1	1.31755
13052088	562	0.1	-0.1	-3.23377
13052088	563	0.1	-0.1	-1.65441
13052088	564	0.1	-0.1	5.05135
13052088	565	0.1	-0.1	-0.904701
13052088	566	0.1	-0.1	2.71709
13052088	567	0.1	-0.1	5.25479
13052088	568	0.1	-0.1	-5.26522
13052088	569	0.1	-0.1	1.34692
13052088	570	0.1	-0.1	2.89929
13052088	571	0.1	-0.1	5.38247
13052088	572	0.1	-0.1	-1.18581
13052088	573	0.1	-0.1	-5.22358
13052088	574	0.1	-0.1	-2.30298
13052088	575	0.1	-0.1	-1.22685
13052088	576	0.1	-0.1	4.58861
13052088	577	0.1	-0.1	5.64509
13052088	578	0.1	-0.1	-2.31912
13052088	579	0.1	-0.1	4.76066
13052088	580	0.1	-0.1	3.62985
13052088	581	0.1	-0.1	5.83037
13052088	582	0.1	-0.1	-5.32586
13052088	583	0.1	-0.1	-5.37173
13052088	584	0.1	-0.1	2.5723
13052088	585	0.1	-0.1	-1.69579
13052088	586	0.1	-0.1	-4.61199
13052088	587	0.1	-0.1	-4.03878
13052088	588	0.1	-0.1	-3.4802
13052088	589	0.1	-0.1	-5.77977
13052088	590	0.1	-0.1	-4.58924
13052088	591	0.1	-0.1	-1.79897
13052088	592	0.1	-0.1	-4.1466
13052088	593	0.1	-0.1	-3.54101
13052088	594	0.1	-0.1	2.45737
13052088	595	0.1	-0.1	-0.486679
13052088	596	0.1	-0.1	0.531523
13052088	597	0.1	-0.1	1.79895
13052088	598	0.1	-0.1	5.95835
13052088	599	0.1	-0.1	3.25078
13052088	600	0.1	-0.1	-4.24299
13052088	601	0.1	-0.1	-1.75261
13052088	602	0.1	-0.1	3.49743
13052088	603	0.1	-0.1	5.14193
13052088	604	0.1	-0.1	-3.65862
13052088	605	0.1	-0.1	2.74502
13052088	606	0.1	-0.1	-1.05997
13052088	607	0.1	-0.1	-5.92214
13052088	608	0.1	-0.1	1.53232
13052088	609	0.1	-0.1	-1.4373
13052088	610	0.1	-0.1	-1.97539
13052088	611	0.1	-0.1	-0.161998
13052088	612	0.1	-0.1	-3.0827
13052088	613	0.1	-0.1	3.65603
13052088	614	0.1	-0.1	1.56032
13052088	615	0.1	-0.1	-1.71552
13052088	616	0.1	-0.1	-0.663637
13052088	617	0.1	-0.1	-0.328034
13052088	618	0.1	-0.1	3.26123
13052088	619	0.1	-0.1	3.84231
13052088	620	0.1	-0.1	-4.37229
13052088	621	0.1	-0.1	-2.71287
13052088	622	0.1	-0.1	3.56711
13052088	623	0.1	-0.1	-4.17755
13052088	624	0.1	-0.1	-0.201516
13052088	625	0.1	-0.1	4.01624
13052088	626	0.1	-0.1	5.15944
13052088	627	0.1	-0.1	-2.75898
13052088	628	0.1	-0.1	-2.46518
13052088	629	0.1	-0.1	-2.20886
13052088	630	0.1	-0.1	4.11168
13052088	631	0.1	-0.1	-4.44909
13052088	632	0.1	-0.1	-0.88429
13052088	633	0.1	-0.1	3.67548
13052088	634	0.1	-0.1	-1.77203
13052088	635	0.1	-0.1	-4.91893
13052088	636	0.1	-0.1	1.04518
13052088	637	0.1	-0.1	-5.04072
13052088	638	0.1	-0.1	-0.553276
13052088	639	0.1	-0.1	-4.78452
13052088	640	0.1	-0.1	3.67351
13052088	641	0.1	-0.1	3.28597
13052088	642	0.1	-0.1	3.14783
13052088	643	0.1	-0.1	-4.25783
13052088	644	0.1	-0.1	1.57616
13052088	645	0.1	-0.1	-5.03753
13052088	646	0.1	-0.1	2.77904
13052088	647	0.1	-0.1	-3.77635
13052088	648	0.1	-0.1	1.0053
13052088	649	0.1	-0.1	0.788419
13052088	650	0.1	-0.1	3.50739
13052088	651	0.1	-0.1	-5.0875
13052088	652	0.1	-0.1	-3.87116
13052088	653	0.1	-0.1	-2.7242
13052088	654	0.1	-0.1	3.53834
13052088	655	0.1	-0.1	-3.03853
13052088	656	0.1	-0.1	-2.14049
13052088	657	0.1	-0.1	-0.326906
13052088	658	0.1	-0.1	5.06475
13052088	659	0.1	-0.1	-4.22298
13052088	660	0.1	-0.1	-5.39127
13052088	661	0.1	-0.1	-1.48468
13052088	662	0.1	-0.1	1.22637
13052088	663	0.1	-0.1	-5.2134
13052088	664	0.1	-0.1	1.21896
13052088	665	0.1	-0.1	-0.00224842
13052088	666	0.1	-0.1	2.79522
13052088	667	0.1	-0.1	-0.590645
13052088	668	0.1	-0.1	-5.09793
13052088	669	0.1	-0.1	-4.32469
13052088	670	0.1	-0.1	4.95412
13052088	671	0.1	-0.1	-1.59692
13052088	672	0.1	-0.1	1.37606
13052088	673	0.1	-0.1	-1.22146
13052088	674	0.1	-0.1	1.39687
13052088	675	0.1	-0.1	-4.77041
13052088	676	0.1	-0.1	4.12648
13052088	677	0.1	-0.1	-0.324963
13052088	678	0.1	-0.1	2.02311
13052088	679	0.1	-0.1	1.09665
13052088	680	0.1	-0.1	-3.45006
13052088	681	0.1	-0.1	-3.23543
13052088	682	0.1	-0.1	-1.89721
13052088	683	0.1	-0.1	-4.38613
13052088	684	0.1	-0.1	-5.32104
13052088	685	0.1	-0.1	-1.15391
13052088	686	0.1	-0.1	-3.33505
13052088	687	0.1	-0.1	-0.0892127
13052088	688	0.1	-0.1	-3.36006
13052088	689	0.1	-0.1	-4.5686
13052088	690	0.1	-0.1	-5.66548
13052088	691	0.1	-0.1	-2.35008
13052088	692	0.1	-0.1	5.53801
13052088	693	0.1	-0.1	2.89507
13052088	694	0.1	-0.1	2.25948
13052088	695	0.1	-0.1	-3.25709
13052088	696	0.1	-0.1	-3.89826
13052088	697	0.1	-0.1	-2.27688
13052088	698	0.1	-0.1	5.1555
13052088	699	0.1	-0.1	1.67021
13052088	700	0.1	-0.1	2.26358
13052088	701	0.1	-0.1	-2.21791
13052088	702	0.1	-0.1	4.61407
13052088	703	0.1	-0.1	1.34186
13052088	704	0.1	-0.1	-2.53613
13052088	705	0.1	-0.1	-4.77735
13052088	706	0.1	-0.1	-3.96483
13052088	707	0.1	-0.1	-4.13679
13052088	708	0.1	-0.1	0.223936
13052088	709	0.1	-0.1	1.22464
13052088	710	0.1	-0.1	-5.93569
13052088	711	0.1	-0.1	0.413552
13052088	712	0.1	-0.1	0.521842
13052088	713	0.1	-0.1	-5.41083
13052088	714	0.1	-0.1	-3.71477
13052088	715	0.1	-0.1	1.35545
13052088	716	0.1	-0.1	-0.709242
13052088	717	0.1	-0.1	4.21017
13052088	718	0.1	-0.1	-2.72972
13052088	719	0.1	-0.1	-1.2539
13052088	720	0.1	-0.1	-3.20242
13052088	721	0.1	-0.1	-4.10232
13052088	722	0.1	-0.1	4.75675
13052088	723	0.1	-0.1	-0.554577
13052088	724	0.1	-0.1	-3.73965
13052088	725	0.1	-0.1	5.30923
13052088	726	0.1	-0.1	-1.8799
13052088	727	0.1	-0.1	5.0311
13052088	728	0.1	-0.1	-2.48908
13052088	729	0.1	-0.1	0.0394215
13052088	730	0.1	-0.1	3.94973
13052088	731	0.1	-0.1	2.3409
13052088	732	0.1	-0.1	-2.43521
13052088	733	0.1	-0.1	4.39263
13052088	734	0.1	-0.1	3.5619
13052088	735	0.1	-0.1	2.41241
13052088	736	0.1	-0.1	-0.951249
13052088	737	0.1	-0.1	0.234271
13052088	738	0.1	-0.1	5.97701
13052088	739	0.1	-0.1	5.19956
13052088	740	0.1	-0.1	4.87713
13052088	741	0.1	-0.1	-2.61456
13052088	742	0.1	-0.1	-0.894547
13052088	743	0.1	-0.1	-3.21636
13052088	744	0.1	-0.1	1.68707
13052088	745	0.1	-0.1	2.48609
13052088	746	0.1	-0.1	-5.68044
13052088	747	0.1	-0.1	-5.01889
13052088	748	0.1	-0.1	4.16952
13052088	749	0.1	-0.1	0.703626
13052088	750	0.1	-0.1	-1.60531
13052088	751	0.1	-0.1	5.52997
13052088	752	0.1	-0.1	-1.39774
13052088	753	0.1	-0.1	-4.31482
13052088	754	0.1	-0.1	0.73063
13052088	755	0.1	-0.1	3.33744
13052088	756	0.1	-0.1	1.88951
13052088	757	0.1	-0.1	-1.29974
13052088	758	0.1	-0.1	-4.53152
13052088	759	0.1	-0.1	-2.51975
13052088	760	0.1	-0.1	-2.37443
13052088	761	0.1	-0.1	-4.00279
13052088	762	0.1	-0.1	2.36734
13052088	763	0.1	-0.1	2.55015
13052088	764	0.1	-0.1	-2.20573
13052088	765	0.1	-0.1	4.97917
13052088	766	0.1	-0.1	3.6594
13052088	767	0.1	-0.1	-3.42931
13052088	768	0.1	-0.1	3.51519
13052088	769	0.1	-0.1	-4.72223
13052088	770	0.1	-0.1	3.38777
13052088	771	0.1	-0.1	0.356529
13052088	772	0.1	-0.1	-2.83413
13052088	773	0.1	-0.1	-4.7946
13052088	774	0.1	-0.1	-1.16122
13052088	775	0.1	-0.1	1.40044
13052088	776	0.1	-0.1	-4.57985
13052088	777	0.1	-0.1	-3.28748
13052088	778	0.1	-0.1	-2.96402
13052088	779	0.1	-0.1	0.334962
13052088	780	0.1	-0.1	5.38148
13052088	781	0.1	-0.1	0.313894
13052088	782	0.1	-0.1	-0.506929
13052088	783	0.1	-0.1	1.2975
13052088	784	0.1	-0.1	-5.06571
13052088	785	0.1	-0.1	5.52092
13052088	786	0.1	-0.1	3.57385
13052088	787	0.1	-0.1	-0.727894
13052088	788	0.1	-0.1	-5.82771
13052088	789	0.1	-0.1	3.4093
13052088	790	0.1	-0.1	-3.02014
13052088	791	0.1	-0.1	5.91355
13052088	792	0.1	-0.1	-1.69779
13052088	793	0.1	-0.1	-5.56547
13052088	794	0.1	-0.1	0.0434265
13052088	795	0.1	-0.1	-4.50564
13052088	796	0.1	-0.1	-3.2541
13052088	797	0.1	-0.1	5.10686
13052088	798	0.1	-0.1	3.80976
13052088	799	0.1	-0.1	3.8081
13052088	800	0.1	-0.1	-2.97482
13052088	801	0.1	-0.1	1.67639
13052088	802	0.1	-0.1	-4.67257
13052088	803	0.1	-0.1	4.88223
13052088	804	0.1	-0.1	4.51729
13052088	805	0.1	-0.1	5.28888
13052088	806	0.1	-0.1	1.33356
13052088	807	0.1	-0.1	1.39925
13052088	808	0.1	-0.1	-5.4243
13052088	809	0.1	-0.1	-5.50273
13052088	810	0.1	-0.1	2.0245
13052088	811	0.1	-0.1	-1.68548
13052088	812	0.1	-0.1	-0.783356
13052088	813	0.1	-0.1	-5.26062
13052088	814	0.1	-0.1	-5.8889
13052088	815	0.1	-0.1	-5.95841
13052088	816	0.1	-0.1	3.80708
13052088	817	0.1	-0.1	-0.249292
13052088	818	0.1	-0.1	0.606091
13052088	819	0.1	-0.1	-3.73417
13052088	820	0.1	-0.1	-4.62488
13052088	821	0.1	-0.1	3.69124
13052088	822	0.1	-0.1	3.57467
13052088	823	0.1	-0.1	-5.75683
13052088	824	0.1	-0.1	-5.55597
13052088	825	0.1	-0.1	3.85133
13052088	826	0.1	-0.1	0.196095
13052088	827	0.1	-0.1	-1.07043
13052088	828	0.1	-0.1	0.059352
13052088	829	0.1	-0.1	5.10611
13052088	830	0.1	-0.1	-3.24566
13052088	831	0.1	-0.1	-0.834351
13052088	832	0.1	-0.1	1.47343
13052088	833	0.1	-0.1	-2.44195
13052088	834	0.1	-0.1	3.22433
13052088	835	0.1	-0.1	1.29985
13052088	836	0.1	-0.1	5.93443
13052088	837	0.1	-0.1	0.0513915
13052088	838	0.1	-0.1	0.399513
13052088	839	0.1	-0.1	-4.45186
13052088	840	0.1	-0.1	-0.963667
13052088	841	0.1	-0.1	-1.56461
13052088	842	0.1	-0.1	-5.36618
13052088	843	0.1	-0.1	4.61235
13052088	844	0.1	-0.1	3.23761
13052088	845	0.1	-0.1	-2.18868
13052088	846	0.1	-0.1	-3.04322
13052088	847	0.1	-0.1	-4.49506
13052088	848	0.1	-0.1	0.0614283
13052088	849	0.1	-0.1	-4.2533
13052088	850	0.1	-0.1	-3.82051
13052088	851	0.1	-0.1	4.79218
13052088	852	0.1	-0.1	-4.26063
13052088	853	0.1	-0.1	0.477753
13052088	854	0.1	-0.1	-0.80288
13052088	855	0.1	-0.1	4.43545
13052088	856	0.1	-0.1	2.81597
13052088	857	0.1	-0.1	-1.51185
13052088	858	0.1	-0.1	-0.609593
13052088	859	0.1	-0.1	5.3224
13052088	860	0.1	-0.1	5.13423
13052088	861	0.1	-0.1	0.42456
13052088	862	0.1	-0.1	-0.613317
13052088	863	0.1	-0.1	-3.02508
13052088	864	0.1	-0.1	0.62314
13052088	865	0.1	-0.1	-0.122188
13052088	866	0.1	-0.1	2.10649
13052088	867	0.1	-0.1	5.6907
13052088	868	0.1	-0.1	5.48906
13052088	869	0.1	-0.1	1.38507
13052088	870	0.1	-0.1	2.53534
13052088	871	0.1	-0.1	2.27919
13052088	872	0.1	-0.1	-2.81309
13052088	873	0.1	-0.1	0.81651
13052088	874	0.1	-0.1	-4.15193
13052088	875	0.1	-0.1	1.22704
13052088	876	0.1	-0.1	-4.67545
13052088	877	0.1	-0.1	-3.03612
13052088	878	0.1	-0.1	-3.00906
13052088	879	0.1	-0.1	0.18047
13052088	880	0.1	-0.1	-0.0304694
13052088	881	0.1	-0.1	1.81732
13052088	882	0.1	-0.1	3.58285
13052088	883	0.1	-0.1	-5.19953
13052088	884	0.1	-0.1	5.80621
13052088	885	0.1	-0.1	5.21208
13052088	886	0.1	-0.1	2.00557
13052088	887	0.1	-0.1	1.24303
13052088	888	0.1	-0.1	-2.92203
13052088	889	0.1	-0.1	-5.22068
13052088	890	0.1	-0.1	-0.932776
13052088	891	0.1	-0.1	2.94981
13052088	892	0.1	-0.1	1.33848
13052088	893	0.1	-0.1	1.65863
13052088	894	0.1	-0.1	-0.0175617
13052088	895	0.1	-0.1	3.36978
13052088	896	0.1	-0.1	0.855474
13052088	897	0.1	-0.1	-5.43639
13052088	898	0.1	-0.1	2.65865
13052088	899	0.1	-0.1	-2.93101
13052088	900	0.1	-0.1	-1.42981
13052088	901	0.1	-0.1	1.62515
13052088	902	0.1	-0.1	0.922559
13052088	903	0.1	-0.1	2.51115
13052088	904	0.1	-0.1	-0.672593
13052088	905	0.1	-0.1	-2.36461
13052088	906	0.1	-0.1	3.04693
13052088	907	0.1	-0.1	4.16451
13052088	908	0.1	-0.1	0.351299
13052088	909	0.1	-0.1	-3.57527
13052088	910	0.1	-0.1	2.23084
13052088	911	0.1	-0.1	1.7923
13052088	912	0.1	-0.1	-0.825228
13052088	913	0.1	-0.1	3.96774
13052088	914	0.1	-0.1	-5.07456
13052088	915	0.1	-0.1	3.84388
13052088	916	0.1	-0.1	0.730773
13052088	917	0.1	-0.1	2.09026
13052088	918	0.1	-0.1	-5.06396
13052088	919	0.1	-0.1	-3.79369
13052088	920	0.1	-0.1	-1.41874
13052088	921	0.1	-0.1	-1.68256
13052088	922	0.1	-0.1	3.62875
13052088	923	0.1	-0.1	1.66793
13052088	924	0.1	-0.1	0.75535
13052088	925	0.1	-0.1	3.48369
13052088	926	0.1	-0.1	3.8951
13052088	927	0.1	-0.1	0.314194
13052088	928	0.1	-0.1	-4.78873
13052088	929	0.1	-0.1	-3.83406
13052088	930	0.1	-0.1	4.48121
13052088	931	0.1	-0.1	2.29564
13052088	932	0.1	-0.1	-0.746027
13052088	933	0.1	-0.1	1.37551
13052088	934	0.1	-0.1	3.44766
13052088	935	0.1	-0.1	4.05512
13052088	936	0.1	-0.1	-2.38495
13052088	937	0.1	-0.1	-0.770268
13052088	938	0.1	-0.1	-4.64134
13052088	939	0.1	-0.1	3.81596
13052088	940	0.1	-0.1	5.49887
13052088	941	0.1	-0.1	4.59606
13052088	942	0.1	-0.1	-2.57024
13052088	943	0.1	-0.1	-2.6597
13052088	944	0.1	-0.1	3.67271
13052088	945	0.1	-0.1	0.350613
13052088	946	0.1	-0.1	2.33494
13052088	947	0.1	-0.1	-4.43362
13052088	948	0.1	-0.1	-3.50912
13052088	949	0.1	-0.1	-0.726609
13052088	950	0.1	-0.1	-5.91609
13052088	951	0.1	-0.1	-1.14114
13052088	952	0.1	-0.1	4.8528
13052088	953	0.1	-0.1	0.196676
13052088	954	0.1	-0.1	1.68183
13052088	955	0.1	-0.1	-2.77036
13052088	956	0.1	-0.1	3.44376
13052088	957	0.1	-0.1	-5.16588
13052088	958	0.1	-0.1	5.14681
13052088	959	0.1	-0.1	-0.627161
13052088	960	0.1	-0.1	1.1602
13052088	961	0.1	-0.1	-2.92431
13052088	962	0.1	-0.1	2.21034
13052088	963	0.1	-0.1	3.75147
13052088	964	0.1	-0.1	4.24496
13052088	965	0.1	-0.1	-4.41348
13052088	966	0.1	-0.1	-2.00651
13052088	967	0.1	-0.1	-4.47335
13052088	968	0.1	-0.1	-1.66227
13052088	969	0.1	-0.1	5.41577
13052088	970	0.1	-0.1	2.13964
13052088	971	0.1	-0.1	-3.18541
13052088	972	0.1	-0.1	-2.25903
13052088	973	0.1	-0.1	3.71477
13052088	974	0.1	-0.1	-0.825879
13052088	975	0.1	-0.1	-2.03593
13052088	976	0.1	-0.1	-2.19337
13052088	977	0.1	-0.1	-1.97246
13052088	978	0.1	-0.1	-4.63371
13052088	979	0.1	-0.1	-0.933366
13052088	980	0.1	-0.1	5.72746
13052088	981	0.1	-0.1	4.40634
13052088	982	0.1	-0.1	-3.62923
13052088	983	0.1	-0.1	0.0459012
13052088	984	0.1	-0.1	-0.160538
13052088	985	0.1	-0.1	4.57018
13052088	986	0.1	-0.1	-3.45517
13052088	987	0.1	-0.1	5.77959
13052088	988	0.1	-0.1	-1.57986
13052088	989	0.1	-0.1	-1.77357
13052088	990	0.1	-0.1	0.612144
13052088	991	0.1	-0.1	-4.07158
13052088	992	0.1	-0.1	-2.10867
13052088	993	0.1	-0.1	3.36059
13052088	994	0.1	-0.1	-1.52069
13052088	995	0.1	-0.1	5.47759
13052088	996	0.1	-0.1	0.967153
13052088	997	0.1	-0.1	5.43403
13052088	998	0.1	-0.1	0.995046
13052088	999	0.1	-0.1	-5.15726
13052088	1000	0.1	-0.1	1.1057
