13052037	1	0.1	-0.1	1.11702
13052037	2	0.1	-0.1	3.46604
13052037	3	0.1	-0.1	4.61636
13052037	4	0.1	-0.1	-4.9519
13052037	5	0.1	-0.1	-4.67556
13052037	6	0.1	-0.1	5.32737
13052037	7	0.1	-0.1	-1.33573
13052037	8	0.1	-0.1	-1.19122
13052037	9	0.1	-0.1	-5.15215
13052037	10	0.1	-0.1	-2.25937
13052037	11	0.1	-0.1	5.83492
13052037	12	0.1	-0.1	-4.83993
13052037	13	0.1	-0.1	-3.53059
13052037	14	0.1	-0.1	4.57254
13052037	15	0.1	-0.1	-3.9665
13052037	16	0.1	-0.1	2.90692
13052037	17	0.1	-0.1	3.0339
13052037	18	0.1	-0.1	-4.18437
13052037	19	0.1	-0.1	0.66367
13052037	20	0.1	-0.1	5.73558
13052037	21	0.1	-0.1	-4.4167
13052037	22	0.1	-0.1	-0.291479
13052037	23	0.1	-0.1	-4.16628
13052037	24	0.1	-0.1	2.07789
13052037	25	0.1	-0.1	2.51023
13052037	26	0.1	-0.1	-3.34965
13052037	27	0.1	-0.1	-0.794595
13052037	28	0.1	-0.1	-2.61568
13052037	29	0.1	-0.1	1.43645
13052037	30	0.1	-0.1	0.705293
13052037	31	0.1	-0.1	4.7255
13052037	32	0.1	-0.1	-3.79964
13052037	33	0.1	-0.1	0.10936
13052037	34	0.1	-0.1	-3.05725
13052037	35	0.1	-0.1	4.51189
13052037	36	0.1	-0.1	2.12379
13052037	37	0.1	-0.1	1.22737
13052037	38	0.1	-0.1	-1.75669
13052037	39	0.1	-0.1	0.776319
13052037	40	0.1	-0.1	-3.2086
13052037	41	0.1	-0.1	-3.59607
13052037	42	0.1	-0.1	-3.51313
13052037	43	0.1	-0.1	3.69332
13052037	44	0.1	-0.1	-0.88581
13052037	45	0.1	-0.1	4.35947
13052037	46	0.1	-0.1	-3.66108
13052037	47	0.1	-0.1	0.740769
13052037	48	0.1	-0.1	-5.89849
13052037	49	0.1	-0.1	3.97353
13052037	50	0.1	-0.1	-3.25331
13052037	51	0.1	-0.1	-1.21746
13052037	52	0.1	-0.1	5.79195
13052037	53	0.1	-0.1	-1.89616
13052037	54	0.1	-0.1	4.85121
13052037	55	0.1	-0.1	-5.64449
13052037	56	0.1	-0.1	0.726469
13052037	57	0.1	-0.1	1.81288
13052037	58	0.1	-0.1	-4.95712
13052037	59	0.1	-0.1	3.81293
13052037	60	0.1	-0.1	0.648635
13052037	61	0.1	-0.1	4.88468
13052037	62	0.1	-0.1	4.51171
13052037	63	0.1	-0.1	-2.58695
13052037	64	0.1	-0.1	-3.52575
13052037	65	0.1	-0.1	-0.385227
13052037	66	0.1	-0.1	5.95056
13052037	67	0.1	-0.1	-5.89881
13052037	68	0.1	-0.1	-5.41022
13052037	69	0.1	-0.1	-2.82861
13052037	70	0.1	-0.1	-3.97939
13052037	71	0.1	-0.1	-4.42292
13052037	72	0.1	-0.1	-0.840496
13052037	73	0.1	-0.1	5.87193
13052037	74	0.1	-0.1	-1.28668
13052037	75	0.1	-0.1	4.60151
13052037	76	0.1	-0.1	-2.17262
13052037	77	0.1	-0.1	-0.154511
13052037	78	0.1	-0.1	-3.63862
13052037	79	0.1	-0.1	5.67336
13052037	80	0.1	-0.1	-5.74175
13052037	81	0.1	-0.1	4.68868
13052037	82	0.1	-0.1	1.8379
13052037	83	0.1	-0.1	-1.21232
13052037	84	0.1	-0.1	-0.773435
13052037	85	0.1	-0.1	-0.29374
13052037	86	0.1	-0.1	1.71569
13052037	87	0.1	-0.1	0.0239648
13052037	88	0.1	-0.1	-5.62621
13052037	89	0.1	-0.1	5.9698
13052037	90	0.1	-0.1	1.04846
13052037	91	0.1	-0.1	-0.0565897
13052037	92	0.1	-0.1	-5.67318
13052037	93	0.1	-0.1	2.86674
13052037	94	0.1	-0.1	1.03795
13052037	95	0.1	-0.1	4.88662
13052037	96	0.1	-0.1	-3.73614
13052037	97	0.1	-0.1	-1.51688
13052037	98	0.1	-0.1	1.91134
13052037	99	0.1	-0.1	-3.39893
13052037	100	0.1	-0.1	5.40407
13052037	101	0.1	-0.1	-1.51028
13052037	102	0.1	-0.1	2.77953
13052037	103	0.1	-0.1	0.0901256
13052037	104	0.1	-0.1	-3.67522
13052037	105	0.1	-0.1	-0.00225254
13052037	106	0.1	-0.1	4.3355
13052037	107	0.1	-0.1	3.76709
13052037	108	0.1	-0.1	-4.11662
13052037	109	0.1	-0.1	-4.69185
13052037	110	0.1	-0.1	-1.94213
13052037	111	0.1	-0.1	5.91525
13052037	112	0.1	-0.1	-4.73536
13052037	113	0.1	-0.1	-0.36035
13052037	114	0.1	-0.1	-5.89653
13052037	115	0.1	-0.1	4.53581
13052037	116	0.1	-0.1	3.83687
13052037	117	0.1	-0.1	2.0855
13052037	118	0.1	-0.1	-0.756825
13052037	119	0.1	-0.1	-5.71318
13052037	120	0.1	-0.1	-2.52124
13052037	121	0.1	-0.1	-5.83736
13052037	122	0.1	-0.1	-3.56208
13052037	123	0.1	-0.1	3.61957
13052037	124	0.1	-0.1	5.29066
13052037	125	0.1	-0.1	-4.65936
13052037	126	0.1	-0.1	1.32107
13052037	127	0.1	-0.1	-0.532421
13052037	128	0.1	-0.1	-1.96818
13052037	129	0.1	-0.1	-2.01088
13052037	130	0.1	-0.1	-5.235
13052037	131	0.1	-0.1	-1.30881
13052037	132	0.1	-0.1	-5.29157
13052037	133	0.1	-0.1	5.30567
13052037	134	0.1	-0.1	0.40406
13052037	135	0.1	-0.1	3.9403
13052037	136	0.1	-0.1	4.91657
13052037	137	0.1	-0.1	5.48907
13052037	138	0.1	-0.1	-1.12839
13052037	139	0.1	-0.1	-1.20769
13052037	140	0.1	-0.1	-0.807585
13052037	141	0.1	-0.1	-2.76974
13052037	142	0.1	-0.1	-2.64999
13052037	143	0.1	-0.1	-1.32904
13052037	144	0.1	-0.1	-2.57439
13052037	145	0.1	-0.1	-3.0861
13052037	146	0.1	-0.1	-5.35365
13052037	147	0.1	-0.1	4.79018
13052037	148	0.1	-0.1	-4.44118
13052037	149	0.1	-0.1	-1.39214
13052037	150	0.1	-0.1	1.10734
13052037	151	0.1	-0.1	1.31783
13052037	152	0.1	-0.1	-1.3977
13052037	153	0.1	-0.1	4.79178
13052037	154	0.1	-0.1	-4.25795
13052037	155	0.1	-0.1	-4.2389
13052037	156	0.1	-0.1	-0.397182
13052037	157	0.1	-0.1	-2.30682
13052037	158	0.1	-0.1	-0.459114
13052037	159	0.1	-0.1	-4.45719
13052037	160	0.1	-0.1	3.62593
13052037	161	0.1	-0.1	2.19335
13052037	162	0.1	-0.1	-1.93059
13052037	163	0.1	-0.1	4.88598
13052037	164	0.1	-0.1	-3.48853
13052037	165	0.1	-0.1	-3.35642
13052037	166	0.1	-0.1	0.714528
13052037	167	0.1	-0.1	4.45877
13052037	168	0.1	-0.1	2.79076
13052037	169	0.1	-0.1	-3.7429
13052037	170	0.1	-0.1	-1.43374
13052037	171	0.1	-0.1	-5.24047
13052037	172	0.1	-0.1	4.70359
13052037	173	0.1	-0.1	5.99797
13052037	174	0.1	-0.1	0.561653
13052037	175	0.1	-0.1	1.58558
13052037	176	0.1	-0.1	3.58558
13052037	177	0.1	-0.1	-3.30053
13052037	178	0.1	-0.1	-0.898336
13052037	179	0.1	-0.1	-5.15484
13052037	180	0.1	-0.1	3.63718
13052037	181	0.1	-0.1	-2.61523
13052037	182	0.1	-0.1	3.14178
13052037	183	0.1	-0.1	2.56022
13052037	184	0.1	-0.1	-4.98171
13052037	185	0.1	-0.1	-2.84589
13052037	186	0.1	-0.1	-4.19488
13052037	187	0.1	-0.1	-4.46264
13052037	188	0.1	-0.1	-5.62814
13052037	189	0.1	-0.1	5.3638
13052037	190	0.1	-0.1	3.62212
13052037	191	0.1	-0.1	-3.80499
13052037	192	0.1	-0.1	-5.61066
13052037	193	0.1	-0.1	-0.411714
13052037	194	0.1	-0.1	1.20955
13052037	195	0.1	-0.1	-1.82934
13052037	196	0.1	-0.1	-0.880943
13052037	197	0.1	-0.1	-0.487475
13052037	198	0.1	-0.1	1.23062
13052037	199	0.1	-0.1	0.54799
13052037	200	0.1	-0.1	-2.91584
13052037	201	0.1	-0.1	-0.96912
13052037	202	0.1	-0.1	4.96449
13052037	203	0.1	-0.1	4.73455
13052037	204	0.1	-0.1	-5.29576
13052037	205	0.1	-0.1	1.88661
13052037	206	0.1	-0.1	5.13585
13052037	207	0.1	-0.1	-3.90461
13052037	208	0.1	-0.1	-0.965403
13052037	209	0.1	-0.1	0.532178
13052037	210	0.1	-0.1	5.06708
13052037	211	0.1	-0.1	-4.7968
13052037	212	0.1	-0.1	-3.36624
13052037	213	0.1	-0.1	-4.61136
13052037	214	0.1	-0.1	-5.92121
13052037	215	0.1	-0.1	-2.83216
13052037	216	0.1	-0.1	-3.42849
13052037	217	0.1	-0.1	5.09583
13052037	218	0.1	-0.1	4.05931
13052037	219	0.1	-0.1	3.12379
13052037	220	0.1	-0.1	-5.73331
13052037	221	0.1	-0.1	-3.34446
13052037	222	0.1	-0.1	0.835969
13052037	223	0.1	-0.1	-3.47366
13052037	224	0.1	-0.1	-3.63245
13052037	225	0.1	-0.1	-5.87174
13052037	226	0.1	-0.1	5.23086
13052037	227	0.1	-0.1	-2.29235
13052037	228	0.1	-0.1	3.19441
13052037	229	0.1	-0.1	3.52891
13052037	230	0.1	-0.1	4.81406
13052037	231	0.1	-0.1	-5.28035
13052037	232	0.1	-0.1	-1.55832
13052037	233	0.1	-0.1	-5.24702
13052037	234	0.1	-0.1	2.46325
13052037	235	0.1	-0.1	-2.29356
13052037	236	0.1	-0.1	3.49479
13052037	237	0.1	-0.1	4.78573
13052037	238	0.1	-0.1	-4.57003
13052037	239	0.1	-0.1	5.57844
13052037	240	0.1	-0.1	0.0066237
13052037	241	0.1	-0.1	4.9788
13052037	242	0.1	-0.1	3.29019
13052037	243	0.1	-0.1	-3.84711
13052037	244	0.1	-0.1	2.97725
13052037	245	0.1	-0.1	4.40183
13052037	246	0.1	-0.1	2.34655
13052037	247	0.1	-0.1	1.27086
13052037	248	0.1	-0.1	-2.7469
13052037	249	0.1	-0.1	5.09963
13052037	250	0.1	-0.1	0.991726
13052037	251	0.1	-0.1	-5.42991
13052037	252	0.1	-0.1	-1.22209
13052037	253	0.1	-0.1	-2.24142
13052037	254	0.1	-0.1	1.98396
13052037	255	0.1	-0.1	3.68431
13052037	256	0.1	-0.1	2.95745
13052037	257	0.1	-0.1	1.74249
13052037	258	0.1	-0.1	-2.2325
13052037	259	0.1	-0.1	5.30838
13052037	260	0.1	-0.1	3.65024
13052037	261	0.1	-0.1	2.82621
13052037	262	0.1	-0.1	4.27231
13052037	263	0.1	-0.1	-3.2864
13052037	264	0.1	-0.1	4.94342
13052037	265	0.1	-0.1	1.38514
13052037	266	0.1	-0.1	-5.01544
13052037	267	0.1	-0.1	2.65986
13052037	268	0.1	-0.1	2.31583
13052037	269	0.1	-0.1	-2.58732
13052037	270	0.1	-0.1	1.57351
13052037	271	0.1	-0.1	-2.24499
13052037	272	0.1	-0.1	1.5769
13052037	273	0.1	-0.1	0.996676
13052037	274	0.1	-0.1	-4.43527
13052037	275	0.1	-0.1	-1.26334
13052037	276	0.1	-0.1	-2.55259
13052037	277	0.1	-0.1	4.79245
13052037	278	0.1	-0.1	-0.838809
13052037	279	0.1	-0.1	1.72229
13052037	280	0.1	-0.1	1.83164
13052037	281	0.1	-0.1	1.68626
13052037	282	0.1	-0.1	1.43562
13052037	283	0.1	-0.1	-1.55478
13052037	284	0.1	-0.1	-2.43192
13052037	285	0.1	-0.1	-1.27637
13052037	286	0.1	-0.1	0.366988
13052037	287	0.1	-0.1	-3.15476
13052037	288	0.1	-0.1	2.27218
13052037	289	0.1	-0.1	2.18177
13052037	290	0.1	-0.1	0.715849
13052037	291	0.1	-0.1	-2.58425
13052037	292	0.1	-0.1	2.88813
13052037	293	0.1	-0.1	-1.11548
13052037	294	0.1	-0.1	-0.493072
13052037	295	0.1	-0.1	-2.75101
13052037	296	0.1	-0.1	0.282127
13052037	297	0.1	-0.1	-2.04891
13052037	298	0.1	-0.1	-1.74754
13052037	299	0.1	-0.1	-4.73987
13052037	300	0.1	-0.1	0.215338
13052037	301	0.1	-0.1	5.47431
13052037	302	0.1	-0.1	-2.30361
13052037	303	0.1	-0.1	5.8883
13052037	304	0.1	-0.1	-0.447571
13052037	305	0.1	-0.1	-1.59076
13052037	306	0.1	-0.1	4.72385
13052037	307	0.1	-0.1	0.423741
13052037	308	0.1	-0.1	-2.78992
13052037	309	0.1	-0.1	0.912913
13052037	310	0.1	-0.1	2.7331
13052037	311	0.1	-0.1	-3.6949
13052037	312	0.1	-0.1	-5.72979
13052037	313	0.1	-0.1	3.39464
13052037	314	0.1	-0.1	5.4783
13052037	315	0.1	-0.1	-2.66352
13052037	316	0.1	-0.1	2.27411
13052037	317	0.1	-0.1	5.86543
13052037	318	0.1	-0.1	-3.10682
13052037	319	0.1	-0.1	3.30946
13052037	320	0.1	-0.1	-0.240836
13052037	321	0.1	-0.1	0.0456564
13052037	322	0.1	-0.1	0.501268
13052037	323	0.1	-0.1	1.93199
13052037	324	0.1	-0.1	-4.65597
13052037	325	0.1	-0.1	-5.69349
13052037	326	0.1	-0.1	0.8355
13052037	327	0.1	-0.1	1.25505
13052037	328	0.1	-0.1	4.87518
13052037	329	0.1	-0.1	-1.7917
13052037	330	0.1	-0.1	-4.08657
13052037	331	0.1	-0.1	-1.26094
13052037	332	0.1	-0.1	-0.381272
13052037	333	0.1	-0.1	4.72033
13052037	334	0.1	-0.1	0.0609137
13052037	335	0.1	-0.1	2.64768
13052037	336	0.1	-0.1	-0.406233
13052037	337	0.1	-0.1	3.74586
13052037	338	0.1	-0.1	-5.33016
13052037	339	0.1	-0.1	0.899158
13052037	340	0.1	-0.1	2.61389
13052037	341	0.1	-0.1	4.294
13052037	342	0.1	-0.1	5.08061
13052037	343	0.1	-0.1	0.317809
13052037	344	0.1	-0.1	-3.5237
13052037	345	0.1	-0.1	-3.25616
13052037	346	0.1	-0.1	1.99629
13052037	347	0.1	-0.1	-2.02658
13052037	348	0.1	-0.1	2.97383
13052037	349	0.1	-0.1	1.00045
13052037	350	0.1	-0.1	-1.34155
13052037	351	0.1	-0.1	-5.67481
13052037	352	0.1	-0.1	-2.46249
13052037	353	0.1	-0.1	-4.31641
13052037	354	0.1	-0.1	-0.617494
13052037	355	0.1	-0.1	4.20312
13052037	356	0.1	-0.1	3.67463
13052037	357	0.1	-0.1	-4.39478
13052037	358	0.1	-0.1	4.15602
13052037	359	0.1	-0.1	0.536752
13052037	360	0.1	-0.1	-4.65838
13052037	361	0.1	-0.1	-2.48086
13052037	362	0.1	-0.1	4.61289
13052037	363	0.1	-0.1	5.44612
13052037	364	0.1	-0.1	-2.97964
13052037	365	0.1	-0.1	-5.76666
13052037	366	0.1	-0.1	4.94013
13052037	367	0.1	-0.1	3.81285
13052037	368	0.1	-0.1	-1.61442
13052037	369	0.1	-0.1	5.45357
13052037	370	0.1	-0.1	3.92036
13052037	371	0.1	-0.1	-5.23283
13052037	372	0.1	-0.1	-5.63172
13052037	373	0.1	-0.1	-5.03664
13052037	374	0.1	-0.1	1.78835
13052037	375	0.1	-0.1	1.44786
13052037	376	0.1	-0.1	-4.11204
13052037	377	0.1	-0.1	3.9486
13052037	378	0.1	-0.1	-2.70763
13052037	379	0.1	-0.1	-4.55354
13052037	380	0.1	-0.1	-2.71748
13052037	381	0.1	-0.1	-1.35971
13052037	382	0.1	-0.1	-1.46477
13052037	383	0.1	-0.1	-4.09118
13052037	384	0.1	-0.1	3.67083
13052037	385	0.1	-0.1	-0.210611
13052037	386	0.1	-0.1	-4.24194
13052037	387	0.1	-0.1	3.82329
13052037	388	0.1	-0.1	-4.06478
13052037	389	0.1	-0.1	1.25943
13052037	390	0.1	-0.1	-5.77001
13052037	391	0.1	-0.1	-4.06183
13052037	392	0.1	-0.1	-1.41241
13052037	393	0.1	-0.1	-3.22747
13052037	394	0.1	-0.1	2.36266
13052037	395	0.1	-0.1	-4.09616
13052037	396	0.1	-0.1	2.88914
13052037	397	0.1	-0.1	5.71969
13052037	398	0.1	-0.1	1.76259
13052037	399	0.1	-0.1	-3.34593
13052037	400	0.1	-0.1	-2.14303
13052037	401	0.1	-0.1	-0.0441044
13052037	402	0.1	-0.1	-3.0234
13052037	403	0.1	-0.1	-0.829243
13052037	404	0.1	-0.1	1.14624
13052037	405	0.1	-0.1	4.98811
13052037	406	0.1	-0.1	2.19122
13052037	407	0.1	-0.1	2.57992
13052037	408	0.1	-0.1	-2.14265
13052037	409	0.1	-0.1	1.4156
13052037	410	0.1	-0.1	-0.931672
13052037	411	0.1	-0.1	0.438971
13052037	412	0.1	-0.1	1.54119
13052037	413	0.1	-0.1	-5.69957
13052037	414	0.1	-0.1	1.4168
13052037	415	0.1	-0.1	-3.5487
13052037	416	0.1	-0.1	4.33178
13052037	417	0.1	-0.1	-0.169923
13052037	418	0.1	-0.1	1.6492
13052037	419	0.1	-0.1	3.501
13052037	420	0.1	-0.1	-3.24937
13052037	421	0.1	-0.1	-5.87762
13052037	422	0.1	-0.1	2.46809
13052037	423	0.1	-0.1	-2.83863
13052037	424	0.1	-0.1	-5.5465
13052037	425	0.1	-0.1	4.54585
13052037	426	0.1	-0.1	-1.2452
13052037	427	0.1	-0.1	5.83081
13052037	428	0.1	-0.1	-5.15665
13052037	429	0.1	-0.1	-0.489109
13052037	430	0.1	-0.1	-1.39653
13052037	431	0.1	-0.1	-4.07198
13052037	432	0.1	-0.1	2.68158
13052037	433	0.1	-0.1	-4.93245
13052037	434	0.1	-0.1	2.75176
13052037	435	0.1	-0.1	-3.41942
13052037	436	0.1	-0.1	2.99248
13052037	437	0.1	-0.1	5.91226
13052037	438	0.1	-0.1	3.76981
13052037	439	0.1	-0.1	-1.47477
13052037	440	0.1	-0.1	5.22067
13052037	441	0.1	-0.1	4.46272
13052037	442	0.1	-0.1	-5.59387
13052037	443	0.1	-0.1	1.99021
13052037	444	0.1	-0.1	3.57374
13052037	445	0.1	-0.1	0.0105336
13052037	446	0.1	-0.1	1.69383
13052037	447	0.1	-0.1	-5.91766
13052037	448	0.1	-0.1	1.07318
13052037	449	0.1	-0.1	4.45474
13052037	450	0.1	-0.1	0.974895
13052037	451	0.1	-0.1	4.01448
13052037	452	0.1	-0.1	5.26451
13052037	453	0.1	-0.1	2.13302
13052037	454	0.1	-0.1	5.97806
13052037	455	0.1	-0.1	2.60625
13052037	456	0.1	-0.1	-0.830345
13052037	457	0.1	-0.1	-1.19755
13052037	458	0.1	-0.1	-3.20418
13052037	459	0.1	-0.1	-0.469451
13052037	460	0.1	-0.1	-1.81953
13052037	461	0.1	-0.1	-3.38522
13052037	462	0.1	-0.1	-5.8174
13052037	463	0.1	-0.1	-4.7185
13052037	464	0.1	-0.1	-0.32352
13052037	465	0.1	-0.1	5.61954
13052037	466	0.1	-0.1	-3.32844
13052037	467	0.1	-0.1	-3.78168
13052037	468	0.1	-0.1	-1.44478
13052037	469	0.1	-0.1	3.50715
13052037	470	0.1	-0.1	4.96115
13052037	471	0.1	-0.1	5.56624
13052037	472	0.1	-0.1	-1.15272
13052037	473	0.1	-0.1	-3.10188
13052037	474	0.1	-0.1	2.50501
13052037	475	0.1	-0.1	-3.17547
13052037	476	0.1	-0.1	2.58186
13052037	477	0.1	-0.1	1.93911
13052037	478	0.1	-0.1	-3.73096
13052037	479	0.1	-0.1	-4.02582
13052037	480	0.1	-0.1	-2.34655
13052037	481	0.1	-0.1	-5.1327
13052037	482	0.1	-0.1	-0.146485
13052037	483	0.1	-0.1	-2.34176
13052037	484	0.1	-0.1	5.54858
13052037	485	0.1	-0.1	-0.920708
13052037	486	0.1	-0.1	2.13152
13052037	487	0.1	-0.1	-5.5969
13052037	488	0.1	-0.1	-5.02635
13052037	489	0.1	-0.1	-1.4026
13052037	490	0.1	-0.1	5.85809
13052037	491	0.1	-0.1	-3.58693
13052037	492	0.1	-0.1	-3.86925
13052037	493	0.1	-0.1	3.7931
13052037	494	0.1	-0.1	-0.364191
13052037	495	0.1	-0.1	-5.42972
13052037	496	0.1	-0.1	1.16558
13052037	497	0.1	-0.1	-4.88363
13052037	498	0.1	-0.1	3.83678
13052037	499	0.1	-0.1	2.42489
13052037	500	0.1	-0.1	5.86906
13052037	501	0.1	-0.1	-3.70978
13052037	502	0.1	-0.1	3.84611
13052037	503	0.1	-0.1	2.34733
13052037	504	0.1	-0.1	2.66989
13052037	505	0.1	-0.1	-2.64284
13052037	506	0.1	-0.1	2.83511
13052037	507	0.1	-0.1	-5.69801
13052037	508	0.1	-0.1	2.99846
13052037	509	0.1	-0.1	-5.02874
13052037	510	0.1	-0.1	1.06782
13052037	511	0.1	-0.1	0.217526
13052037	512	0.1	-0.1	1.94303
13052037	513	0.1	-0.1	2.86303
13052037	514	0.1	-0.1	-4.85947
13052037	515	0.1	-0.1	5.25971
13052037	516	0.1	-0.1	1.82189
13052037	517	0.1	-0.1	4.20014
13052037	518	0.1	-0.1	4.11232
13052037	519	0.1	-0.1	3.07116
13052037	520	0.1	-0.1	-4.63272
13052037	521	0.1	-0.1	4.88452
13052037	522	0.1	-0.1	-2.73828
13052037	523	0.1	-0.1	4.24323
13052037	524	0.1	-0.1	3.84862
13052037	525	0.1	-0.1	-2.33754
13052037	526	0.1	-0.1	4.84101
13052037	527	0.1	-0.1	-1.03143
13052037	528	0.1	-0.1	-5.1052
13052037	529	0.1	-0.1	5.97737
13052037	530	0.1	-0.1	1.72074
13052037	531	0.1	-0.1	5.52967
13052037	532	0.1	-0.1	-5.35623
13052037	533	0.1	-0.1	-4.95188
13052037	534	0.1	-0.1	2.39629
13052037	535	0.1	-0.1	1.85574
13052037	536	0.1	-0.1	-2.23201
13052037	537	0.1	-0.1	3.63744
13052037	538	0.1	-0.1	-4.39599
13052037	539	0.1	-0.1	-5.82348
13052037	540	0.1	-0.1	-3.37416
13052037	541	0.1	-0.1	4.78359
13052037	542	0.1	-0.1	1.03081
13052037	543	0.1	-0.1	0.00712783
13052037	544	0.1	-0.1	-2.50863
13052037	545	0.1	-0.1	-2.49382
13052037	546	0.1	-0.1	1.69209
13052037	547	0.1	-0.1	0.941567
13052037	548	0.1	-0.1	-2.56573
13052037	549	0.1	-0.1	4.8264
13052037	550	0.1	-0.1	3.14312
13052037	551	0.1	-0.1	-5.32215
13052037	552	0.1	-0.1	3.17593
13052037	553	0.1	-0.1	4.00664
13052037	554	0.1	-0.1	0.840324
13052037	555	0.1	-0.1	0.601404
13052037	556	0.1	-0.1	0.901391
13052037	557	0.1	-0.1	-4.32308
13052037	558	0.1	-0.1	-3.72543
13052037	559	0.1	-0.1	0.071542
13052037	560	0.1	-0.1	2.22823
13052037	561	0.1	-0.1	-0.532429
13052037	562	0.1	-0.1	1.70416
13052037	563	0.1	-0.1	4.72059
13052037	564	0.1	-0.1	5.2555
13052037	565	0.1	-0.1	2.37706
13052037	566	0.1	-0.1	4.23298
13052037	567	0.1	-0.1	-4.80359
13052037	568	0.1	-0.1	5.7493
13052037	569	0.1	-0.1	1.49267
13052037	570	0.1	-0.1	1.33286
13052037	571	0.1	-0.1	-0.609267
13052037	572	0.1	-0.1	-0.666945
13052037	573	0.1	-0.1	2.66536
13052037	574	0.1	-0.1	2.26689
13052037	575	0.1	-0.1	5.37828
13052037	576	0.1	-0.1	0.0175326
13052037	577	0.1	-0.1	3.26542
13052037	578	0.1	-0.1	2.92272
13052037	579	0.1	-0.1	0.713462
13052037	580	0.1	-0.1	5.92622
13052037	581	0.1	-0.1	1.71356
13052037	582	0.1	-0.1	1.50556
13052037	583	0.1	-0.1	4.34119
13052037	584	0.1	-0.1	-5.19002
13052037	585	0.1	-0.1	-1.95595
13052037	586	0.1	-0.1	0.878067
13052037	587	0.1	-0.1	-4.10882
13052037	588	0.1	-0.1	5.30178
13052037	589	0.1	-0.1	3.76636
13052037	590	0.1	-0.1	5.79094
13052037	591	0.1	-0.1	-2.07105
13052037	592	0.1	-0.1	-3.12052
13052037	593	0.1	-0.1	-3.27625
13052037	594	0.1	-0.1	4.37016
13052037	595	0.1	-0.1	2.47391
13052037	596	0.1	-0.1	-3.62739
13052037	597	0.1	-0.1	5.67447
13052037	598	0.1	-0.1	4.00392
13052037	599	0.1	-0.1	-2.34703
13052037	600	0.1	-0.1	-5.12523
13052037	601	0.1	-0.1	-4.07402
13052037	602	0.1	-0.1	-4.11703
13052037	603	0.1	-0.1	2.84754
13052037	604	0.1	-0.1	2.47246
13052037	605	0.1	-0.1	4.9974
13052037	606	0.1	-0.1	-5.27243
13052037	607	0.1	-0.1	-0.875434
13052037	608	0.1	-0.1	2.98936
13052037	609	0.1	-0.1	-5.54501
13052037	610	0.1	-0.1	-4.70621
13052037	611	0.1	-0.1	-4.24542
13052037	612	0.1	-0.1	2.67075
13052037	613	0.1	-0.1	-3.70583
13052037	614	0.1	-0.1	0.148675
13052037	615	0.1	-0.1	3.38407
13052037	616	0.1	-0.1	2.37177
13052037	617	0.1	-0.1	0.660582
13052037	618	0.1	-0.1	-4.97664
13052037	619	0.1	-0.1	3.25362
13052037	620	0.1	-0.1	5.40519
13052037	621	0.1	-0.1	-1.65221
13052037	622	0.1	-0.1	-5.88319
13052037	623	0.1	-0.1	-5.27339
13052037	624	0.1	-0.1	0.25303
13052037	625	0.1	-0.1	1.78305
13052037	626	0.1	-0.1	-5.12513
13052037	627	0.1	-0.1	2.34528
13052037	628	0.1	-0.1	4.81772
13052037	629	0.1	-0.1	3.61061
13052037	630	0.1	-0.1	-4.67814
13052037	631	0.1	-0.1	-2.16077
13052037	632	0.1	-0.1	5.23215
13052037	633	0.1	-0.1	1.09509
13052037	634	0.1	-0.1	1.21102
13052037	635	0.1	-0.1	5.30115
13052037	636	0.1	-0.1	-3.53275
13052037	637	0.1	-0.1	-3.0877
13052037	638	0.1	-0.1	-1.44555
13052037	639	0.1	-0.1	0.887472
13052037	640	0.1	-0.1	-2.0283
13052037	641	0.1	-0.1	5.04788
13052037	642	0.1	-0.1	-0.348348
13052037	643	0.1	-0.1	1.05576
13052037	644	0.1	-0.1	-2.52722
13052037	645	0.1	-0.1	-3.9945
13052037	646	0.1	-0.1	-3.49143
13052037	647	0.1	-0.1	-0.0234863
13052037	648	0.1	-0.1	5.958
13052037	649	0.1	-0.1	1.41364
13052037	650	0.1	-0.1	2.06814
13052037	651	0.1	-0.1	0.28943
13052037	652	0.1	-0.1	2.27264
13052037	653	0.1	-0.1	4.20641
13052037	654	0.1	-0.1	-0.378065
13052037	655	0.1	-0.1	-2.4418
13052037	656	0.1	-0.1	1.1749
13052037	657	0.1	-0.1	-2.81582
13052037	658	0.1	-0.1	4.39661
13052037	659	0.1	-0.1	1.16425
13052037	660	0.1	-0.1	-3.96212
13052037	661	0.1	-0.1	0.832543
13052037	662	0.1	-0.1	-4.28584
13052037	663	0.1	-0.1	-5.13377
13052037	664	0.1	-0.1	1.31212
13052037	665	0.1	-0.1	0.488592
13052037	666	0.1	-0.1	2.87687
13052037	667	0.1	-0.1	1.92237
13052037	668	0.1	-0.1	4.41776
13052037	669	0.1	-0.1	5.70575
13052037	670	0.1	-0.1	-0.43892
13052037	671	0.1	-0.1	-0.373417
13052037	672	0.1	-0.1	1.9615
13052037	673	0.1	-0.1	-5.23304
13052037	674	0.1	-0.1	1.67608
13052037	675	0.1	-0.1	-0.3832
13052037	676	0.1	-0.1	0.544686
13052037	677	0.1	-0.1	2.74842
13052037	678	0.1	-0.1	-3.43444
13052037	679	0.1	-0.1	-5.03681
13052037	680	0.1	-0.1	-2.29107
13052037	681	0.1	-0.1	-4.66653
13052037	682	0.1	-0.1	2.68702
13052037	683	0.1	-0.1	4.18661
13052037	684	0.1	-0.1	-1.34236
13052037	685	0.1	-0.1	-1.37864
13052037	686	0.1	-0.1	1.75042
13052037	687	0.1	-0.1	-3.54457
13052037	688	0.1	-0.1	4.23744
13052037	689	0.1	-0.1	-1.29507
13052037	690	0.1	-0.1	-0.667965
13052037	691	0.1	-0.1	-5.31641
13052037	692	0.1	-0.1	0.719084
13052037	693	0.1	-0.1	2.01414
13052037	694	0.1	-0.1	-3.19726
13052037	695	0.1	-0.1	-4.52869
13052037	696	0.1	-0.1	-2.10064
13052037	697	0.1	-0.1	0.408712
13052037	698	0.1	-0.1	3.51371
13052037	699	0.1	-0.1	0.48393
13052037	700	0.1	-0.1	2.04014
13052037	701	0.1	-0.1	-5.43734
13052037	702	0.1	-0.1	0.507517
13052037	703	0.1	-0.1	-0.537632
13052037	704	0.1	-0.1	0.525973
13052037	705	0.1	-0.1	3.98576
13052037	706	0.1	-0.1	4.3986
13052037	707	0.1	-0.1	1.98168
13052037	708	0.1	-0.1	0.681905
13052037	709	0.1	-0.1	3.352
13052037	710	0.1	-0.1	-3.09396
13052037	711	0.1	-0.1	-4.43523
13052037	712	0.1	-0.1	0.383805
13052037	713	0.1	-0.1	-4.47838
13052037	714	0.1	-0.1	0.457906
13052037	715	0.1	-0.1	-3.74177
13052037	716	0.1	-0.1	4.13235
13052037	717	0.1	-0.1	5.55934
13052037	718	0.1	-0.1	3.39414
13052037	719	0.1	-0.1	2.60046
13052037	720	0.1	-0.1	-2.75895
13052037	721	0.1	-0.1	3.35135
13052037	722	0.1	-0.1	2.36998
13052037	723	0.1	-0.1	-4.0491
13052037	724	0.1	-0.1	-4.75836
13052037	725	0.1	-0.1	2.89148
13052037	726	0.1	-0.1	-2.86087
13052037	727	0.1	-0.1	-5.01643
13052037	728	0.1	-0.1	-0.0569019
13052037	729	0.1	-0.1	-5.85401
13052037	730	0.1	-0.1	-1.62047
13052037	731	0.1	-0.1	1.91069
13052037	732	0.1	-0.1	-4.32798
13052037	733	0.1	-0.1	-1.27151
13052037	734	0.1	-0.1	2.97845
13052037	735	0.1	-0.1	2.17729
13052037	736	0.1	-0.1	5.4589
13052037	737	0.1	-0.1	-2.31059
13052037	738	0.1	-0.1	5.34112
13052037	739	0.1	-0.1	0.612777
13052037	740	0.1	-0.1	5.8454
13052037	741	0.1	-0.1	-4.22919
13052037	742	0.1	-0.1	2.52339
13052037	743	0.1	-0.1	-5.01598
13052037	744	0.1	-0.1	0.070031
13052037	745	0.1	-0.1	3.32306
13052037	746	0.1	-0.1	-5.62921
13052037	747	0.1	-0.1	-1.91236
13052037	748	0.1	-0.1	-0.637978
13052037	749	0.1	-0.1	-3.03764
13052037	750	0.1	-0.1	5.41803
13052037	751	0.1	-0.1	5.27042
13052037	752	0.1	-0.1	-0.503964
13052037	753	0.1	-0.1	-5.02308
13052037	754	0.1	-0.1	-1.29477
13052037	755	0.1	-0.1	-3.58012
13052037	756	0.1	-0.1	-5.84556
13052037	757	0.1	-0.1	-3.59767
13052037	758	0.1	-0.1	4.66794
13052037	759	0.1	-0.1	-4.16758
13052037	760	0.1	-0.1	4.1426
13052037	761	0.1	-0.1	-4.07901
13052037	762	0.1	-0.1	2.23035
13052037	763	0.1	-0.1	-1.22293
13052037	764	0.1	-0.1	1.97206
13052037	765	0.1	-0.1	4.50487
13052037	766	0.1	-0.1	5.80394
13052037	767	0.1	-0.1	-3.95509
13052037	768	0.1	-0.1	-2.10766
13052037	769	0.1	-0.1	-3.49693
13052037	770	0.1	-0.1	-2.46097
13052037	771	0.1	-0.1	4.38996
13052037	772	0.1	-0.1	1.19387
13052037	773	0.1	-0.1	5.33084
13052037	774	0.1	-0.1	2.67331
13052037	775	0.1	-0.1	-0.594129
13052037	776	0.1	-0.1	-1.24901
13052037	777	0.1	-0.1	-5.98775
13052037	778	0.1	-0.1	-5.46073
13052037	779	0.1	-0.1	-4.22029
13052037	780	0.1	-0.1	-3.38967
13052037	781	0.1	-0.1	3.95451
13052037	782	0.1	-0.1	4.13473
13052037	783	0.1	-0.1	0.541644
13052037	784	0.1	-0.1	2.5405
13052037	785	0.1	-0.1	-2.92763
13052037	786	0.1	-0.1	4.09445
13052037	787	0.1	-0.1	-4.54224
13052037	788	0.1	-0.1	2.39525
13052037	789	0.1	-0.1	-2.6137
13052037	790	0.1	-0.1	1.29454
13052037	791	0.1	-0.1	1.07809
13052037	792	0.1	-0.1	1.55833
13052037	793	0.1	-0.1	-0.00394316
13052037	794	0.1	-0.1	3.46905
13052037	795	0.1	-0.1	-0.786747
13052037	796	0.1	-0.1	2.8302
13052037	797	0.1	-0.1	-3.88459
13052037	798	0.1	-0.1	3.82761
13052037	799	0.1	-0.1	-4.47935
13052037	800	0.1	-0.1	4.9078
13052037	801	0.1	-0.1	-5.53651
13052037	802	0.1	-0.1	4.78865
13052037	803	0.1	-0.1	5.87019
13052037	804	0.1	-0.1	-5.78698
13052037	805	0.1	-0.1	-2.71583
13052037	806	0.1	-0.1	-0.373611
13052037	807	0.1	-0.1	5.25074
13052037	808	0.1	-0.1	-1.23827
13052037	809	0.1	-0.1	-0.805428
13052037	810	0.1	-0.1	-1.6061
13052037	811	0.1	-0.1	5.14931
13052037	812	0.1	-0.1	0.829633
13052037	813	0.1	-0.1	-2.74459
13052037	814	0.1	-0.1	-5.20252
13052037	815	0.1	-0.1	3.3373
13052037	816	0.1	-0.1	-3.5574
13052037	817	0.1	-0.1	1.42672
13052037	818	0.1	-0.1	-4.92617
13052037	819	0.1	-0.1	-3.35664
13052037	820	0.1	-0.1	0.222411
13052037	821	0.1	-0.1	0.515754
13052037	822	0.1	-0.1	4.3623
13052037	823	0.1	-0.1	4.81715
13052037	824	0.1	-0.1	1.69389
13052037	825	0.1	-0.1	0.336243
13052037	826	0.1	-0.1	-4.08254
13052037	827	0.1	-0.1	0.802692
13052037	828	0.1	-0.1	-3.81649
13052037	829	0.1	-0.1	0.408106
13052037	830	0.1	-0.1	5.80503
13052037	831	0.1	-0.1	4.48537
13052037	832	0.1	-0.1	-4.89457
13052037	833	0.1	-0.1	-3.5979
13052037	834	0.1	-0.1	3.06175
13052037	835	0.1	-0.1	-2.13173
13052037	836	0.1	-0.1	-5.25073
13052037	837	0.1	-0.1	-5.01299
13052037	838	0.1	-0.1	2.91939
13052037	839	0.1	-0.1	2.99921
13052037	840	0.1	-0.1	5.12997
13052037	841	0.1	-0.1	-4.53749
13052037	842	0.1	-0.1	0.216479
13052037	843	0.1	-0.1	-2.17775
13052037	844	0.1	-0.1	-4.01384
13052037	845	0.1	-0.1	0.0887356
13052037	846	0.1	-0.1	-3.00185
13052037	847	0.1	-0.1	-1.8509
13052037	848	0.1	-0.1	-1.78404
13052037	849	0.1	-0.1	-0.6551
13052037	850	0.1	-0.1	3.07487
13052037	851	0.1	-0.1	1.8798
13052037	852	0.1	-0.1	-1.25166
13052037	853	0.1	-0.1	5.00424
13052037	854	0.1	-0.1	-1.29851
13052037	855	0.1	-0.1	-1.63146
13052037	856	0.1	-0.1	5.6688
13052037	857	0.1	-0.1	-0.448596
13052037	858	0.1	-0.1	-5.0005
13052037	859	0.1	-0.1	-0.112195
13052037	860	0.1	-0.1	4.79912
13052037	861	0.1	-0.1	1.77235
13052037	862	0.1	-0.1	5.9726
13052037	863	0.1	-0.1	4.80587
13052037	864	0.1	-0.1	1.36686
13052037	865	0.1	-0.1	1.95831
13052037	866	0.1	-0.1	0.333808
13052037	867	0.1	-0.1	-2.70361
13052037	868	0.1	-0.1	1.35165
13052037	869	0.1	-0.1	1.02703
13052037	870	0.1	-0.1	-4.55619
13052037	871	0.1	-0.1	-5.55303
13052037	872	0.1	-0.1	-2.61332
13052037	873	0.1	-0.1	-2.77243
13052037	874	0.1	-0.1	-3.47395
13052037	875	0.1	-0.1	4.11793
13052037	876	0.1	-0.1	0.98117
13052037	877	0.1	-0.1	-2.17694
13052037	878	0.1	-0.1	-4.65969
13052037	879	0.1	-0.1	2.49471
13052037	880	0.1	-0.1	2.59751
13052037	881	0.1	-0.1	-3.97303
13052037	882	0.1	-0.1	0.648313
13052037	883	0.1	-0.1	4.97902
13052037	884	0.1	-0.1	2.98193
13052037	885	0.1	-0.1	5.91692
13052037	886	0.1	-0.1	-5.43017
13052037	887	0.1	-0.1	-5.6846
13052037	888	0.1	-0.1	1.45999
13052037	889	0.1	-0.1	3.09231
13052037	890	0.1	-0.1	0.307609
13052037	891	0.1	-0.1	2.93782
13052037	892	0.1	-0.1	-1.16387
13052037	893	0.1	-0.1	4.15234
13052037	894	0.1	-0.1	2.82053
13052037	895	0.1	-0.1	-0.717993
13052037	896	0.1	-0.1	-0.123766
13052037	897	0.1	-0.1	0.566396
13052037	898	0.1	-0.1	-2.86492
13052037	899	0.1	-0.1	-1.45813
13052037	900	0.1	-0.1	1.53511
13052037	901	0.1	-0.1	3.30265
13052037	902	0.1	-0.1	-1.59438
13052037	903	0.1	-0.1	-3.57341
13052037	904	0.1	-0.1	2.86206
13052037	905	0.1	-0.1	2.06708
13052037	906	0.1	-0.1	-0.679134
13052037	907	0.1	-0.1	-0.695407
13052037	908	0.1	-0.1	5.74451
13052037	909	0.1	-0.1	1.21123
13052037	910	0.1	-0.1	1.35557
13052037	911	0.1	-0.1	1.58712
13052037	912	0.1	-0.1	-2.99688
13052037	913	0.1	-0.1	-1.62141
13052037	914	0.1	-0.1	3.86192
13052037	915	0.1	-0.1	-1.32443
13052037	916	0.1	-0.1	-3.5746
13052037	917	0.1	-0.1	2.35811
13052037	918	0.1	-0.1	-2.63309
13052037	919	0.1	-0.1	0.819298
13052037	920	0.1	-0.1	2.9655
13052037	921	0.1	-0.1	-2.90631
13052037	922	0.1	-0.1	-1.85564
13052037	923	0.1	-0.1	1.01112
13052037	924	0.1	-0.1	-3.19235
13052037	925	0.1	-0.1	1.82037
13052037	926	0.1	-0.1	-3.53756
13052037	927	0.1	-0.1	3.87959
13052037	928	0.1	-0.1	-1.21239
13052037	929	0.1	-0.1	2.20838
13052037	930	0.1	-0.1	-4.18876
13052037	931	0.1	-0.1	-1.30599
13052037	932	0.1	-0.1	-5.37911
13052037	933	0.1	-0.1	3.68308
13052037	934	0.1	-0.1	-0.412816
13052037	935	0.1	-0.1	-3.20806
13052037	936	0.1	-0.1	-5.8362
13052037	937	0.1	-0.1	-1.64169
13052037	938	0.1	-0.1	-4.52989
13052037	939	0.1	-0.1	4.01073
13052037	940	0.1	-0.1	-1.5888
13052037	941	0.1	-0.1	-0.17894
13052037	942	0.1	-0.1	-2.97963
13052037	943	0.1	-0.1	-2.61106
13052037	944	0.1	-0.1	3.44334
13052037	945	0.1	-0.1	-0.352818
13052037	946	0.1	-0.1	-2.64044
13052037	947	0.1	-0.1	-4.76727
13052037	948	0.1	-0.1	3.11393
13052037	949	0.1	-0.1	3.47039
13052037	950	0.1	-0.1	1.95028
13052037	951	0.1	-0.1	4.76058
13052037	952	0.1	-0.1	-5.81926
13052037	953	0.1	-0.1	-0.707988
13052037	954	0.1	-0.1	-2.59358
13052037	955	0.1	-0.1	-2.87979
13052037	956	0.1	-0.1	-0.835619
13052037	957	0.1	-0.1	2.28648
13052037	958	0.1	-0.1	1.9004
13052037	959	0.1	-0.1	0.334308
13052037	960	0.1	-0.1	1.50845
13052037	961	0.1	-0.1	-2.20594
13052037	962	0.1	-0.1	-3.69147
13052037	963	0.1	-0.1	0.00533048
13052037	964	0.1	-0.1	-2.57977
13052037	965	0.1	-0.1	1.00192
13052037	966	0.1	-0.1	2.50519
13052037	967	0.1	-0.1	-1.13456
13052037	968	0.1	-0.1	-4.55477
13052037	969	0.1	-0.1	-3.9905
13052037	970	0.1	-0.1	5.62486
13052037	971	0.1	-0.1	-2.69093
13052037	972	0.1	-0.1	5.15165
13052037	973	0.1	-0.1	1.61657
13052037	974	0.1	-0.1	2.87582
13052037	975	0.1	-0.1	1.89989
13052037	976	0.1	-0.1	-1.89296
13052037	977	0.1	-0.1	-1.59764
13052037	978	0.1	-0.1	5.8092
13052037	979	0.1	-0.1	-2.8306
13052037	980	0.1	-0.1	-3.50294
13052037	981	0.1	-0.1	5.5419
13052037	982	0.1	-0.1	-2.06577
13052037	983	0.1	-0.1	-5.63236
13052037	984	0.1	-0.1	5.10416
13052037	985	0.1	-0.1	3.69424
13052037	986	0.1	-0.1	3.78695
13052037	987	0.1	-0.1	2.6575
13052037	988	0.1	-0.1	-1.6334
13052037	989	0.1	-0.1	-1.67322
13052037	990	0.1	-0.1	0.928077
13052037	991	0.1	-0.1	0.155226
13052037	992	0.1	-0.1	1.54216
13052037	993	0.1	-0.1	5.40573
13052037	994	0.1	-0.1	3.06957
13052037	995	0.1	-0.1	0.625456
13052037	996	0.1	-0.1	2.74607
13052037	997	0.1	-0.1	3.42994
13052037	998	0.1	-0.1	-2.7268
13052037	999	0.1	-0.1	-3.22529
13052037	1000	0.1	-0.1	-3.21444
