13059007	1	0.1	-0.1	3.52351
13059007	2	0.1	-0.1	4.7963
13059007	3	0.1	-0.1	3.67417
13059007	4	0.1	-0.1	-2.30756
13059007	5	0.1	-0.1	2.217
13059007	6	0.1	-0.1	-2.07747
13059007	7	0.1	-0.1	-5.46336
13059007	8	0.1	-0.1	5.68856
13059007	9	0.1	-0.1	1.29415
13059007	10	0.1	-0.1	-0.176988
13059007	11	0.1	-0.1	1.87263
13059007	12	0.1	-0.1	4.65429
13059007	13	0.1	-0.1	2.2203
13059007	14	0.1	-0.1	-3.35723
13059007	15	0.1	-0.1	4.28994
13059007	16	0.1	-0.1	0.35046
13059007	17	0.1	-0.1	4.23096
13059007	18	0.1	-0.1	1.55929
13059007	19	0.1	-0.1	-0.313935
13059007	20	0.1	-0.1	2.96365
13059007	21	0.1	-0.1	5.0536
13059007	22	0.1	-0.1	0.357794
13059007	23	0.1	-0.1	4.63202
13059007	24	0.1	-0.1	-5.54338
13059007	25	0.1	-0.1	-2.8164
13059007	26	0.1	-0.1	2.68365
13059007	27	0.1	-0.1	-1.2448
13059007	28	0.1	-0.1	-5.47563
13059007	29	0.1	-0.1	3.47772
13059007	30	0.1	-0.1	-2.36444
13059007	31	0.1	-0.1	1.11598
13059007	32	0.1	-0.1	-1.74914
13059007	33	0.1	-0.1	-4.76307
13059007	34	0.1	-0.1	-4.95021
13059007	35	0.1	-0.1	-1.38741
13059007	36	0.1	-0.1	-2.90908
13059007	37	0.1	-0.1	3.58746
13059007	38	0.1	-0.1	-4.14651
13059007	39	0.1	-0.1	-4.99033
13059007	40	0.1	-0.1	-0.0115408
13059007	41	0.1	-0.1	-5.58144
13059007	42	0.1	-0.1	-2.23695
13059007	43	0.1	-0.1	1.76308
13059007	44	0.1	-0.1	4.01024
13059007	45	0.1	-0.1	-3.01685
13059007	46	0.1	-0.1	4.33011
13059007	47	0.1	-0.1	-4.6732
13059007	48	0.1	-0.1	-0.65743
13059007	49	0.1	-0.1	0.338079
13059007	50	0.1	-0.1	-0.778291
13059007	51	0.1	-0.1	5.87837
13059007	52	0.1	-0.1	-3.86292
13059007	53	0.1	-0.1	4.87149
13059007	54	0.1	-0.1	5.0664
13059007	55	0.1	-0.1	4.36404
13059007	56	0.1	-0.1	2.37451
13059007	57	0.1	-0.1	2.62053
13059007	58	0.1	-0.1	-2.96443
13059007	59	0.1	-0.1	3.99655
13059007	60	0.1	-0.1	1.72997
13059007	61	0.1	-0.1	2.95968
13059007	62	0.1	-0.1	-1.23622
13059007	63	0.1	-0.1	2.23629
13059007	64	0.1	-0.1	2.16686
13059007	65	0.1	-0.1	1.7589
13059007	66	0.1	-0.1	-0.278363
13059007	67	0.1	-0.1	-4.86443
13059007	68	0.1	-0.1	-0.697134
13059007	69	0.1	-0.1	-5.40211
13059007	70	0.1	-0.1	-0.789643
13059007	71	0.1	-0.1	3.38741
13059007	72	0.1	-0.1	3.73876
13059007	73	0.1	-0.1	-4.9371
13059007	74	0.1	-0.1	-0.126176
13059007	75	0.1	-0.1	-0.118785
13059007	76	0.1	-0.1	-3.09899
13059007	77	0.1	-0.1	-5.99947
13059007	78	0.1	-0.1	0.0524057
13059007	79	0.1	-0.1	-1.41179
13059007	80	0.1	-0.1	2.7737
13059007	81	0.1	-0.1	0.407315
13059007	82	0.1	-0.1	-5.84196
13059007	83	0.1	-0.1	-3.19365
13059007	84	0.1	-0.1	4.9985
13059007	85	0.1	-0.1	-4.64433
13059007	86	0.1	-0.1	1.70785
13059007	87	0.1	-0.1	3.76018
13059007	88	0.1	-0.1	2.53313
13059007	89	0.1	-0.1	-0.138878
13059007	90	0.1	-0.1	2.52644
13059007	91	0.1	-0.1	0.588586
13059007	92	0.1	-0.1	-2.36604
13059007	93	0.1	-0.1	-1.71252
13059007	94	0.1	-0.1	-1.05432
13059007	95	0.1	-0.1	0.401102
13059007	96	0.1	-0.1	-0.849508
13059007	97	0.1	-0.1	1.50632
13059007	98	0.1	-0.1	-5.90998
13059007	99	0.1	-0.1	-0.653439
13059007	100	0.1	-0.1	5.1911
13059007	101	0.1	-0.1	1.49724
13059007	102	0.1	-0.1	-3.56256
13059007	103	0.1	-0.1	-5.01972
13059007	104	0.1	-0.1	0.408858
13059007	105	0.1	-0.1	-2.51539
13059007	106	0.1	-0.1	1.73531
13059007	107	0.1	-0.1	-2.91211
13059007	108	0.1	-0.1	1.5993
13059007	109	0.1	-0.1	-1.17932
13059007	110	0.1	-0.1	3.50499
13059007	111	0.1	-0.1	1.52491
13059007	112	0.1	-0.1	-2.23335
13059007	113	0.1	-0.1	-1.13672
13059007	114	0.1	-0.1	-3.97248
13059007	115	0.1	-0.1	-2.48628
13059007	116	0.1	-0.1	5.43022
13059007	117	0.1	-0.1	4.80485
13059007	118	0.1	-0.1	2.04997
13059007	119	0.1	-0.1	0.0435942
13059007	120	0.1	-0.1	5.64361
13059007	121	0.1	-0.1	2.67789
13059007	122	0.1	-0.1	5.22589
13059007	123	0.1	-0.1	4.67718
13059007	124	0.1	-0.1	2.72087
13059007	125	0.1	-0.1	-5.51798
13059007	126	0.1	-0.1	1.05793
13059007	127	0.1	-0.1	1.61366
13059007	128	0.1	-0.1	4.21634
13059007	129	0.1	-0.1	-3.86144
13059007	130	0.1	-0.1	3.22396
13059007	131	0.1	-0.1	-3.87917
13059007	132	0.1	-0.1	1.11068
13059007	133	0.1	-0.1	3.36538
13059007	134	0.1	-0.1	-3.92101
13059007	135	0.1	-0.1	-1.19141
13059007	136	0.1	-0.1	4.81491
13059007	137	0.1	-0.1	-1.36282
13059007	138	0.1	-0.1	2.85374
13059007	139	0.1	-0.1	0.871729
13059007	140	0.1	-0.1	5.87188
13059007	141	0.1	-0.1	0.250727
13059007	142	0.1	-0.1	2.6655
13059007	143	0.1	-0.1	-4.79218
13059007	144	0.1	-0.1	1.91928
13059007	145	0.1	-0.1	-4.11657
13059007	146	0.1	-0.1	-1.85613
13059007	147	0.1	-0.1	-1.10387
13059007	148	0.1	-0.1	2.84662
13059007	149	0.1	-0.1	2.63668
13059007	150	0.1	-0.1	-1.33938
13059007	151	0.1	-0.1	2.82096
13059007	152	0.1	-0.1	2.51196
13059007	153	0.1	-0.1	0.745957
13059007	154	0.1	-0.1	2.67508
13059007	155	0.1	-0.1	2.50835
13059007	156	0.1	-0.1	-0.620151
13059007	157	0.1	-0.1	1.032
13059007	158	0.1	-0.1	5.84033
13059007	159	0.1	-0.1	-4.81824
13059007	160	0.1	-0.1	-5.10083
13059007	161	0.1	-0.1	0.154647
13059007	162	0.1	-0.1	2.66872
13059007	163	0.1	-0.1	1.88959
13059007	164	0.1	-0.1	3.0875
13059007	165	0.1	-0.1	4.23919
13059007	166	0.1	-0.1	-3.36815
13059007	167	0.1	-0.1	2.96716
13059007	168	0.1	-0.1	2.99384
13059007	169	0.1	-0.1	-5.07812
13059007	170	0.1	-0.1	0.938947
13059007	171	0.1	-0.1	0.565495
13059007	172	0.1	-0.1	0.483944
13059007	173	0.1	-0.1	1.89744
13059007	174	0.1	-0.1	-5.49549
13059007	175	0.1	-0.1	-4.90929
13059007	176	0.1	-0.1	-4.43292
13059007	177	0.1	-0.1	-1.26628
13059007	178	0.1	-0.1	2.42603
13059007	179	0.1	-0.1	0.982863
13059007	180	0.1	-0.1	5.37071
13059007	181	0.1	-0.1	-3.69903
13059007	182	0.1	-0.1	0.503206
13059007	183	0.1	-0.1	-5.24296
13059007	184	0.1	-0.1	-4.52668
13059007	185	0.1	-0.1	-2.49493
13059007	186	0.1	-0.1	4.63445
13059007	187	0.1	-0.1	-5.36414
13059007	188	0.1	-0.1	4.04134
13059007	189	0.1	-0.1	-3.9998
13059007	190	0.1	-0.1	-0.804914
13059007	191	0.1	-0.1	2.91292
13059007	192	0.1	-0.1	-3.82002
13059007	193	0.1	-0.1	3.9125
13059007	194	0.1	-0.1	-1.5051
13059007	195	0.1	-0.1	-5.43399
13059007	196	0.1	-0.1	-4.59504
13059007	197	0.1	-0.1	2.76104
13059007	198	0.1	-0.1	-0.169889
13059007	199	0.1	-0.1	1.80994
13059007	200	0.1	-0.1	-3.46904
13059007	201	0.1	-0.1	4.59748
13059007	202	0.1	-0.1	2.6033
13059007	203	0.1	-0.1	-0.549836
13059007	204	0.1	-0.1	2.65875
13059007	205	0.1	-0.1	-5.99196
13059007	206	0.1	-0.1	-5.74013
13059007	207	0.1	-0.1	3.75367
13059007	208	0.1	-0.1	0.970213
13059007	209	0.1	-0.1	5.98728
13059007	210	0.1	-0.1	4.6027
13059007	211	0.1	-0.1	-5.38793
13059007	212	0.1	-0.1	-2.96203
13059007	213	0.1	-0.1	5.40901
13059007	214	0.1	-0.1	-5.6177
13059007	215	0.1	-0.1	1.9343
13059007	216	0.1	-0.1	3.00806
13059007	217	0.1	-0.1	3.08138
13059007	218	0.1	-0.1	4.44441
13059007	219	0.1	-0.1	-3.70006
13059007	220	0.1	-0.1	-1.55468
13059007	221	0.1	-0.1	-5.38132
13059007	222	0.1	-0.1	4.49418
13059007	223	0.1	-0.1	-3.34275
13059007	224	0.1	-0.1	-5.12942
13059007	225	0.1	-0.1	1.34117
13059007	226	0.1	-0.1	-2.3331
13059007	227	0.1	-0.1	0.438411
13059007	228	0.1	-0.1	0.0779456
13059007	229	0.1	-0.1	1.02619
13059007	230	0.1	-0.1	0.737161
13059007	231	0.1	-0.1	5.801
13059007	232	0.1	-0.1	1.35352
13059007	233	0.1	-0.1	3.53423
13059007	234	0.1	-0.1	-4.62101
13059007	235	0.1	-0.1	1.65165
13059007	236	0.1	-0.1	5.54819
13059007	237	0.1	-0.1	-5.76563
13059007	238	0.1	-0.1	-1.94674
13059007	239	0.1	-0.1	2.24105
13059007	240	0.1	-0.1	-5.55199
13059007	241	0.1	-0.1	4.28661
13059007	242	0.1	-0.1	5.52119
13059007	243	0.1	-0.1	-3.74229
13059007	244	0.1	-0.1	2.92762
13059007	245	0.1	-0.1	-0.423758
13059007	246	0.1	-0.1	-3.71711
13059007	247	0.1	-0.1	0.851587
13059007	248	0.1	-0.1	-3.79322
13059007	249	0.1	-0.1	-3.81498
13059007	250	0.1	-0.1	1.46213
13059007	251	0.1	-0.1	-5.7669
13059007	252	0.1	-0.1	3.45917
13059007	253	0.1	-0.1	4.32791
13059007	254	0.1	-0.1	4.62739
13059007	255	0.1	-0.1	5.37436
13059007	256	0.1	-0.1	0.443737
13059007	257	0.1	-0.1	-2.21187
13059007	258	0.1	-0.1	-2.04752
13059007	259	0.1	-0.1	-5.21867
13059007	260	0.1	-0.1	1.70865
13059007	261	0.1	-0.1	3.45529
13059007	262	0.1	-0.1	2.7196
13059007	263	0.1	-0.1	-0.858378
13059007	264	0.1	-0.1	-2.40621
13059007	265	0.1	-0.1	-0.551507
13059007	266	0.1	-0.1	0.462575
13059007	267	0.1	-0.1	5.21594
13059007	268	0.1	-0.1	-4.64867
13059007	269	0.1	-0.1	4.05551
13059007	270	0.1	-0.1	2.86313
13059007	271	0.1	-0.1	5.27291
13059007	272	0.1	-0.1	-2.71472
13059007	273	0.1	-0.1	-2.27171
13059007	274	0.1	-0.1	3.67749
13059007	275	0.1	-0.1	1.30878
13059007	276	0.1	-0.1	5.40592
13059007	277	0.1	-0.1	1.73628
13059007	278	0.1	-0.1	-2.32402
13059007	279	0.1	-0.1	0.960396
13059007	280	0.1	-0.1	-5.70825
13059007	281	0.1	-0.1	1.31727
13059007	282	0.1	-0.1	1.75149
13059007	283	0.1	-0.1	0.612939
13059007	284	0.1	-0.1	-2.89428
13059007	285	0.1	-0.1	-1.93942
13059007	286	0.1	-0.1	0.839055
13059007	287	0.1	-0.1	-4.05091
13059007	288	0.1	-0.1	-2.10748
13059007	289	0.1	-0.1	2.82448
13059007	290	0.1	-0.1	-5.07301
13059007	291	0.1	-0.1	1.35133
13059007	292	0.1	-0.1	-3.70659
13059007	293	0.1	-0.1	-4.11451
13059007	294	0.1	-0.1	-0.894919
13059007	295	0.1	-0.1	-2.01901
13059007	296	0.1	-0.1	3.45771
13059007	297	0.1	-0.1	-0.728594
13059007	298	0.1	-0.1	-2.93919
13059007	299	0.1	-0.1	0.270383
13059007	300	0.1	-0.1	-1.34199
13059007	301	0.1	-0.1	1.0364
13059007	302	0.1	-0.1	5.35805
13059007	303	0.1	-0.1	3.12542
13059007	304	0.1	-0.1	0.864409
13059007	305	0.1	-0.1	4.71588
13059007	306	0.1	-0.1	-5.4762
13059007	307	0.1	-0.1	2.48698
13059007	308	0.1	-0.1	-1.67794
13059007	309	0.1	-0.1	1.89658
13059007	310	0.1	-0.1	4.6008
13059007	311	0.1	-0.1	5.43614
13059007	312	0.1	-0.1	-1.43955
13059007	313	0.1	-0.1	3.45634
13059007	314	0.1	-0.1	-2.31349
13059007	315	0.1	-0.1	-0.0224241
13059007	316	0.1	-0.1	3.68027
13059007	317	0.1	-0.1	-0.530224
13059007	318	0.1	-0.1	0.253223
13059007	319	0.1	-0.1	0.444841
13059007	320	0.1	-0.1	-3.74531
13059007	321	0.1	-0.1	0.0890415
13059007	322	0.1	-0.1	1.46755
13059007	323	0.1	-0.1	-0.61252
13059007	324	0.1	-0.1	5.88458
13059007	325	0.1	-0.1	-1.37627
13059007	326	0.1	-0.1	-2.81392
13059007	327	0.1	-0.1	3.03902
13059007	328	0.1	-0.1	5.96574
13059007	329	0.1	-0.1	5.12796
13059007	330	0.1	-0.1	-3.76547
13059007	331	0.1	-0.1	-1.07925
13059007	332	0.1	-0.1	-0.622797
13059007	333	0.1	-0.1	-2.76554
13059007	334	0.1	-0.1	5.62247
13059007	335	0.1	-0.1	-4.83036
13059007	336	0.1	-0.1	1.16778
13059007	337	0.1	-0.1	5.56429
13059007	338	0.1	-0.1	2.79384
13059007	339	0.1	-0.1	-4.64333
13059007	340	0.1	-0.1	-2.9354
13059007	341	0.1	-0.1	3.82522
13059007	342	0.1	-0.1	2.93682
13059007	343	0.1	-0.1	4.85544
13059007	344	0.1	-0.1	-0.714953
13059007	345	0.1	-0.1	5.6392
13059007	346	0.1	-0.1	1.33756
13059007	347	0.1	-0.1	-1.71812
13059007	348	0.1	-0.1	-5.55918
13059007	349	0.1	-0.1	-2.97541
13059007	350	0.1	-0.1	3.74263
13059007	351	0.1	-0.1	4.25209
13059007	352	0.1	-0.1	4.73419
13059007	353	0.1	-0.1	2.94355
13059007	354	0.1	-0.1	-2.77667
13059007	355	0.1	-0.1	1.92719
13059007	356	0.1	-0.1	3.10779
13059007	357	0.1	-0.1	-3.0212
13059007	358	0.1	-0.1	3.99879
13059007	359	0.1	-0.1	0.327592
13059007	360	0.1	-0.1	0.904457
13059007	361	0.1	-0.1	-0.689727
13059007	362	0.1	-0.1	5.96448
13059007	363	0.1	-0.1	3.37526
13059007	364	0.1	-0.1	4.36062
13059007	365	0.1	-0.1	2.35829
13059007	366	0.1	-0.1	-2.80833
13059007	367	0.1	-0.1	-2.65988
13059007	368	0.1	-0.1	3.1544
13059007	369	0.1	-0.1	2.09539
13059007	370	0.1	-0.1	-0.468703
13059007	371	0.1	-0.1	-0.594603
13059007	372	0.1	-0.1	-2.44693
13059007	373	0.1	-0.1	3.85355
13059007	374	0.1	-0.1	1.93295
13059007	375	0.1	-0.1	-5.43834
13059007	376	0.1	-0.1	-5.24186
13059007	377	0.1	-0.1	4.31437
13059007	378	0.1	-0.1	-5.34717
13059007	379	0.1	-0.1	0.562857
13059007	380	0.1	-0.1	3.43263
13059007	381	0.1	-0.1	-0.580959
13059007	382	0.1	-0.1	2.76664
13059007	383	0.1	-0.1	2.27758
13059007	384	0.1	-0.1	-0.741665
13059007	385	0.1	-0.1	0.557881
13059007	386	0.1	-0.1	-3.03694
13059007	387	0.1	-0.1	3.43861
13059007	388	0.1	-0.1	-5.72828
13059007	389	0.1	-0.1	-3.40128
13059007	390	0.1	-0.1	-5.02281
13059007	391	0.1	-0.1	3.76657
13059007	392	0.1	-0.1	-2.87344
13059007	393	0.1	-0.1	3.85321
13059007	394	0.1	-0.1	-4.02307
13059007	395	0.1	-0.1	-0.520749
13059007	396	0.1	-0.1	3.67745
13059007	397	0.1	-0.1	1.39419
13059007	398	0.1	-0.1	-1.45712
13059007	399	0.1	-0.1	2.08082
13059007	400	0.1	-0.1	0.316617
13059007	401	0.1	-0.1	-5.40593
13059007	402	0.1	-0.1	-4.06632
13059007	403	0.1	-0.1	5.64539
13059007	404	0.1	-0.1	-5.01153
13059007	405	0.1	-0.1	0.300442
13059007	406	0.1	-0.1	-0.0398147
13059007	407	0.1	-0.1	-0.706341
13059007	408	0.1	-0.1	2.64903
13059007	409	0.1	-0.1	-5.3626
13059007	410	0.1	-0.1	1.06346
13059007	411	0.1	-0.1	5.0747
13059007	412	0.1	-0.1	2.09927
13059007	413	0.1	-0.1	4.54286
13059007	414	0.1	-0.1	-4.92014
13059007	415	0.1	-0.1	-1.13327
13059007	416	0.1	-0.1	-0.812713
13059007	417	0.1	-0.1	-5.37208
13059007	418	0.1	-0.1	-2.23737
13059007	419	0.1	-0.1	3.97168
13059007	420	0.1	-0.1	4.9031
13059007	421	0.1	-0.1	3.8676
13059007	422	0.1	-0.1	3.94532
13059007	423	0.1	-0.1	4.4245
13059007	424	0.1	-0.1	-1.20155
13059007	425	0.1	-0.1	-2.43649
13059007	426	0.1	-0.1	1.35098
13059007	427	0.1	-0.1	-1.16005
13059007	428	0.1	-0.1	2.26802
13059007	429	0.1	-0.1	5.967
13059007	430	0.1	-0.1	3.00579
13059007	431	0.1	-0.1	-2.11974
13059007	432	0.1	-0.1	-0.415466
13059007	433	0.1	-0.1	-4.47071
13059007	434	0.1	-0.1	-0.0430253
13059007	435	0.1	-0.1	3.96339
13059007	436	0.1	-0.1	1.16796
13059007	437	0.1	-0.1	5.12213
13059007	438	0.1	-0.1	-4.30367
13059007	439	0.1	-0.1	-0.153383
13059007	440	0.1	-0.1	0.396999
13059007	441	0.1	-0.1	-4.32013
13059007	442	0.1	-0.1	0.43687
13059007	443	0.1	-0.1	0.71905
13059007	444	0.1	-0.1	2.3301
13059007	445	0.1	-0.1	-1.21532
13059007	446	0.1	-0.1	5.62673
13059007	447	0.1	-0.1	5.55408
13059007	448	0.1	-0.1	5.07286
13059007	449	0.1	-0.1	-1.58942
13059007	450	0.1	-0.1	-5.87882
13059007	451	0.1	-0.1	3.5647
13059007	452	0.1	-0.1	2.22642
13059007	453	0.1	-0.1	-0.950193
13059007	454	0.1	-0.1	-4.82524
13059007	455	0.1	-0.1	3.5608
13059007	456	0.1	-0.1	-2.8627
13059007	457	0.1	-0.1	1.86303
13059007	458	0.1	-0.1	-4.38226
13059007	459	0.1	-0.1	3.91627
13059007	460	0.1	-0.1	3.57187
13059007	461	0.1	-0.1	-4.43362
13059007	462	0.1	-0.1	5.84496
13059007	463	0.1	-0.1	-1.42832
13059007	464	0.1	-0.1	2.89389
13059007	465	0.1	-0.1	-5.09327
13059007	466	0.1	-0.1	1.13991
13059007	467	0.1	-0.1	0.375233
13059007	468	0.1	-0.1	2.15691
13059007	469	0.1	-0.1	-5.13916
13059007	470	0.1	-0.1	-3.24463
13059007	471	0.1	-0.1	-0.127578
13059007	472	0.1	-0.1	-2.77505
13059007	473	0.1	-0.1	0.240638
13059007	474	0.1	-0.1	-4.64224
13059007	475	0.1	-0.1	3.47199
13059007	476	0.1	-0.1	2.08515
13059007	477	0.1	-0.1	4.26519
13059007	478	0.1	-0.1	-5.2251
13059007	479	0.1	-0.1	2.37177
13059007	480	0.1	-0.1	-2.97973
13059007	481	0.1	-0.1	-0.889484
13059007	482	0.1	-0.1	5.40932
13059007	483	0.1	-0.1	-2.0553
13059007	484	0.1	-0.1	-2.17458
13059007	485	0.1	-0.1	-4.70534
13059007	486	0.1	-0.1	-2.46331
13059007	487	0.1	-0.1	-5.32137
13059007	488	0.1	-0.1	-0.497284
13059007	489	0.1	-0.1	5.33908
13059007	490	0.1	-0.1	-5.42268
13059007	491	0.1	-0.1	2.96376
13059007	492	0.1	-0.1	1.964
13059007	493	0.1	-0.1	-0.96457
13059007	494	0.1	-0.1	-4.52309
13059007	495	0.1	-0.1	1.9297
13059007	496	0.1	-0.1	-4.47535
13059007	497	0.1	-0.1	2.37654
13059007	498	0.1	-0.1	-3.61292
13059007	499	0.1	-0.1	-1.606
13059007	500	0.1	-0.1	5.02143
13059007	501	0.1	-0.1	-4.92332
13059007	502	0.1	-0.1	4.52352
13059007	503	0.1	-0.1	2.89522
13059007	504	0.1	-0.1	4.43268
13059007	505	0.1	-0.1	0.678824
13059007	506	0.1	-0.1	-0.0791492
13059007	507	0.1	-0.1	5.14537
13059007	508	0.1	-0.1	-0.812514
13059007	509	0.1	-0.1	-0.00293613
13059007	510	0.1	-0.1	-0.961388
13059007	511	0.1	-0.1	3.70772
13059007	512	0.1	-0.1	-1.44413
13059007	513	0.1	-0.1	5.33714
13059007	514	0.1	-0.1	1.80117
13059007	515	0.1	-0.1	-1.97401
13059007	516	0.1	-0.1	4.39944
13059007	517	0.1	-0.1	-2.00906
13059007	518	0.1	-0.1	1.22097
13059007	519	0.1	-0.1	0.50984
13059007	520	0.1	-0.1	-5.05175
13059007	521	0.1	-0.1	-5.47226
13059007	522	0.1	-0.1	1.02815
13059007	523	0.1	-0.1	-4.82314
13059007	524	0.1	-0.1	-0.223742
13059007	525	0.1	-0.1	-2.79189
13059007	526	0.1	-0.1	1.808
13059007	527	0.1	-0.1	-3.52188
13059007	528	0.1	-0.1	-2.12948
13059007	529	0.1	-0.1	-5.24528
13059007	530	0.1	-0.1	1.40379
13059007	531	0.1	-0.1	3.99198
13059007	532	0.1	-0.1	-5.93156
13059007	533	0.1	-0.1	-5.14394
13059007	534	0.1	-0.1	3.49833
13059007	535	0.1	-0.1	1.63962
13059007	536	0.1	-0.1	3.57109
13059007	537	0.1	-0.1	3.15714
13059007	538	0.1	-0.1	0.805264
13059007	539	0.1	-0.1	-2.08941
13059007	540	0.1	-0.1	-3.80746
13059007	541	0.1	-0.1	-2.07943
13059007	542	0.1	-0.1	-4.23641
13059007	543	0.1	-0.1	-4.04562
13059007	544	0.1	-0.1	-5.38102
13059007	545	0.1	-0.1	5.68795
13059007	546	0.1	-0.1	-0.843664
13059007	547	0.1	-0.1	-2.50289
13059007	548	0.1	-0.1	5.2226
13059007	549	0.1	-0.1	4.15471
13059007	550	0.1	-0.1	-2.31286
13059007	551	0.1	-0.1	-5.12234
13059007	552	0.1	-0.1	-4.03426
13059007	553	0.1	-0.1	2.18968
13059007	554	0.1	-0.1	1.58222
13059007	555	0.1	-0.1	4.29791
13059007	556	0.1	-0.1	4.45502
13059007	557	0.1	-0.1	2.30338
13059007	558	0.1	-0.1	4.79372
13059007	559	0.1	-0.1	5.08631
13059007	560	0.1	-0.1	5.49238
13059007	561	0.1	-0.1	-3.62185
13059007	562	0.1	-0.1	-5.61157
13059007	563	0.1	-0.1	-0.75002
13059007	564	0.1	-0.1	5.4934
13059007	565	0.1	-0.1	-2.34968
13059007	566	0.1	-0.1	-3.20074
13059007	567	0.1	-0.1	1.14956
13059007	568	0.1	-0.1	-2.16456
13059007	569	0.1	-0.1	-3.95315
13059007	570	0.1	-0.1	-0.266332
13059007	571	0.1	-0.1	-5.28821
13059007	572	0.1	-0.1	-1.53952
13059007	573	0.1	-0.1	5.72622
13059007	574	0.1	-0.1	-2.754
13059007	575	0.1	-0.1	-5.17498
13059007	576	0.1	-0.1	2.17535
13059007	577	0.1	-0.1	-0.409887
13059007	578	0.1	-0.1	-4.07629
13059007	579	0.1	-0.1	-0.885394
13059007	580	0.1	-0.1	0.301804
13059007	581	0.1	-0.1	-1.28758
13059007	582	0.1	-0.1	0.97034
13059007	583	0.1	-0.1	-0.0058167
13059007	584	0.1	-0.1	-0.0474202
13059007	585	0.1	-0.1	-5.20814
13059007	586	0.1	-0.1	-4.22877
13059007	587	0.1	-0.1	-2.03624
13059007	588	0.1	-0.1	4.85436
13059007	589	0.1	-0.1	1.60346
13059007	590	0.1	-0.1	3.81399
13059007	591	0.1	-0.1	-5.61807
13059007	592	0.1	-0.1	5.90709
13059007	593	0.1	-0.1	3.89905
13059007	594	0.1	-0.1	-5.58558
13059007	595	0.1	-0.1	-0.913448
13059007	596	0.1	-0.1	-2.56364
13059007	597	0.1	-0.1	-3.78418
13059007	598	0.1	-0.1	3.13665
13059007	599	0.1	-0.1	-3.89507
13059007	600	0.1	-0.1	0.103853
13059007	601	0.1	-0.1	-4.69493
13059007	602	0.1	-0.1	0.528454
13059007	603	0.1	-0.1	1.03748
13059007	604	0.1	-0.1	-1.9056
13059007	605	0.1	-0.1	-5.89292
13059007	606	0.1	-0.1	5.58531
13059007	607	0.1	-0.1	-1.01399
13059007	608	0.1	-0.1	-5.56568
13059007	609	0.1	-0.1	-3.26791
13059007	610	0.1	-0.1	-4.12754
13059007	611	0.1	-0.1	0.507741
13059007	612	0.1	-0.1	-3.76724
13059007	613	0.1	-0.1	-3.8296
13059007	614	0.1	-0.1	3.03431
13059007	615	0.1	-0.1	0.141356
13059007	616	0.1	-0.1	0.0617934
13059007	617	0.1	-0.1	-0.814926
13059007	618	0.1	-0.1	-2.99517
13059007	619	0.1	-0.1	4.60336
13059007	620	0.1	-0.1	-5.87574
13059007	621	0.1	-0.1	-1.77839
13059007	622	0.1	-0.1	3.1354
13059007	623	0.1	-0.1	-4.81845
13059007	624	0.1	-0.1	5.24132
13059007	625	0.1	-0.1	1.38805
13059007	626	0.1	-0.1	0.998837
13059007	627	0.1	-0.1	-3.72404
13059007	628	0.1	-0.1	3.61836
13059007	629	0.1	-0.1	-5.5483
13059007	630	0.1	-0.1	0.326293
13059007	631	0.1	-0.1	1.67091
13059007	632	0.1	-0.1	2.52556
13059007	633	0.1	-0.1	-4.74362
13059007	634	0.1	-0.1	0.749379
13059007	635	0.1	-0.1	5.68058
13059007	636	0.1	-0.1	4.68092
13059007	637	0.1	-0.1	2.04767
13059007	638	0.1	-0.1	4.83494
13059007	639	0.1	-0.1	-1.71638
13059007	640	0.1	-0.1	-4.884
13059007	641	0.1	-0.1	1.10616
13059007	642	0.1	-0.1	-5.25093
13059007	643	0.1	-0.1	-3.57629
13059007	644	0.1	-0.1	-2.63196
13059007	645	0.1	-0.1	1.58554
13059007	646	0.1	-0.1	2.83494
13059007	647	0.1	-0.1	-0.597714
13059007	648	0.1	-0.1	-1.13373
13059007	649	0.1	-0.1	5.16567
13059007	650	0.1	-0.1	-0.759625
13059007	651	0.1	-0.1	3.87192
13059007	652	0.1	-0.1	-4.29694
13059007	653	0.1	-0.1	-0.809035
13059007	654	0.1	-0.1	3.69892
13059007	655	0.1	-0.1	-5.77737
13059007	656	0.1	-0.1	-1.10269
13059007	657	0.1	-0.1	0.998486
13059007	658	0.1	-0.1	3.14198
13059007	659	0.1	-0.1	3.9468
13059007	660	0.1	-0.1	-5.11652
13059007	661	0.1	-0.1	-0.329053
13059007	662	0.1	-0.1	-2.35558
13059007	663	0.1	-0.1	2.60824
13059007	664	0.1	-0.1	0.220005
13059007	665	0.1	-0.1	-4.44355
13059007	666	0.1	-0.1	-3.14252
13059007	667	0.1	-0.1	-3.9121
13059007	668	0.1	-0.1	5.37977
13059007	669	0.1	-0.1	4.22782
13059007	670	0.1	-0.1	0.382037
13059007	671	0.1	-0.1	5.32387
13059007	672	0.1	-0.1	2.80686
13059007	673	0.1	-0.1	3.42652
13059007	674	0.1	-0.1	-2.71519
13059007	675	0.1	-0.1	3.74249
13059007	676	0.1	-0.1	3.73089
13059007	677	0.1	-0.1	-1.57697
13059007	678	0.1	-0.1	4.51721
13059007	679	0.1	-0.1	2.43693
13059007	680	0.1	-0.1	0.34217
13059007	681	0.1	-0.1	4.32515
13059007	682	0.1	-0.1	2.22759
13059007	683	0.1	-0.1	5.64613
13059007	684	0.1	-0.1	-0.423626
13059007	685	0.1	-0.1	3.17249
13059007	686	0.1	-0.1	-0.165534
13059007	687	0.1	-0.1	0.423691
13059007	688	0.1	-0.1	1.64827
13059007	689	0.1	-0.1	-5.19915
13059007	690	0.1	-0.1	-0.259076
13059007	691	0.1	-0.1	-2.79987
13059007	692	0.1	-0.1	2.40125
13059007	693	0.1	-0.1	2.14845
13059007	694	0.1	-0.1	3.57227
13059007	695	0.1	-0.1	0.580234
13059007	696	0.1	-0.1	3.85771
13059007	697	0.1	-0.1	-3.83674
13059007	698	0.1	-0.1	1.83446
13059007	699	0.1	-0.1	-4.1142
13059007	700	0.1	-0.1	5.56643
13059007	701	0.1	-0.1	1.21821
13059007	702	0.1	-0.1	-3.24199
13059007	703	0.1	-0.1	4.74208
13059007	704	0.1	-0.1	4.46064
13059007	705	0.1	-0.1	2.73768
13059007	706	0.1	-0.1	4.13358
13059007	707	0.1	-0.1	-4.57371
13059007	708	0.1	-0.1	-4.56102
13059007	709	0.1	-0.1	2.09521
13059007	710	0.1	-0.1	-1.53617
13059007	711	0.1	-0.1	-3.27823
13059007	712	0.1	-0.1	0.537269
13059007	713	0.1	-0.1	5.11013
13059007	714	0.1	-0.1	4.40818
13059007	715	0.1	-0.1	5.72433
13059007	716	0.1	-0.1	-2.50123
13059007	717	0.1	-0.1	-0.480268
13059007	718	0.1	-0.1	4.38339
13059007	719	0.1	-0.1	-3.90222
13059007	720	0.1	-0.1	2.98194
13059007	721	0.1	-0.1	-3.32483
13059007	722	0.1	-0.1	-1.07933
13059007	723	0.1	-0.1	-4.76283
13059007	724	0.1	-0.1	5.06009
13059007	725	0.1	-0.1	-4.36738
13059007	726	0.1	-0.1	-1.77039
13059007	727	0.1	-0.1	-3.87877
13059007	728	0.1	-0.1	-0.87958
13059007	729	0.1	-0.1	3.72989
13059007	730	0.1	-0.1	1.04362
13059007	731	0.1	-0.1	-4.88913
13059007	732	0.1	-0.1	3.65108
13059007	733	0.1	-0.1	5.89172
13059007	734	0.1	-0.1	-2.48063
13059007	735	0.1	-0.1	-4.70408
13059007	736	0.1	-0.1	1.83343
13059007	737	0.1	-0.1	3.89613
13059007	738	0.1	-0.1	-4.59198
13059007	739	0.1	-0.1	5.01654
13059007	740	0.1	-0.1	0.636043
13059007	741	0.1	-0.1	-4.98124
13059007	742	0.1	-0.1	5.07442
13059007	743	0.1	-0.1	-3.98409
13059007	744	0.1	-0.1	-4.26206
13059007	745	0.1	-0.1	-5.32895
13059007	746	0.1	-0.1	3.51085
13059007	747	0.1	-0.1	1.98826
13059007	748	0.1	-0.1	-1.29374
13059007	749	0.1	-0.1	-2.92311
13059007	750	0.1	-0.1	2.53163
13059007	751	0.1	-0.1	-1.88089
13059007	752	0.1	-0.1	-0.55951
13059007	753	0.1	-0.1	-1.13868
13059007	754	0.1	-0.1	3.38752
13059007	755	0.1	-0.1	-2.49347
13059007	756	0.1	-0.1	4.57726
13059007	757	0.1	-0.1	-0.807049
13059007	758	0.1	-0.1	0.755928
13059007	759	0.1	-0.1	-5.65303
13059007	760	0.1	-0.1	-1.91514
13059007	761	0.1	-0.1	0.620476
13059007	762	0.1	-0.1	-2.85388
13059007	763	0.1	-0.1	2.36267
13059007	764	0.1	-0.1	0.370889
13059007	765	0.1	-0.1	-1.25499
13059007	766	0.1	-0.1	-5.31148
13059007	767	0.1	-0.1	-3.35459
13059007	768	0.1	-0.1	-5.60601
13059007	769	0.1	-0.1	1.74673
13059007	770	0.1	-0.1	-5.41103
13059007	771	0.1	-0.1	-3.39476
13059007	772	0.1	-0.1	0.366482
13059007	773	0.1	-0.1	-1.90077
13059007	774	0.1	-0.1	5.85627
13059007	775	0.1	-0.1	5.08969
13059007	776	0.1	-0.1	2.46154
13059007	777	0.1	-0.1	4.0815
13059007	778	0.1	-0.1	-1.66791
13059007	779	0.1	-0.1	-1.97277
13059007	780	0.1	-0.1	-2.21195
13059007	781	0.1	-0.1	-1.50676
13059007	782	0.1	-0.1	3.17638
13059007	783	0.1	-0.1	3.77501
13059007	784	0.1	-0.1	1.53477
13059007	785	0.1	-0.1	2.63357
13059007	786	0.1	-0.1	0.761286
13059007	787	0.1	-0.1	5.04328
13059007	788	0.1	-0.1	0.269841
13059007	789	0.1	-0.1	-3.11295
13059007	790	0.1	-0.1	5.90858
13059007	791	0.1	-0.1	2.60631
13059007	792	0.1	-0.1	-0.782943
13059007	793	0.1	-0.1	-4.45825
13059007	794	0.1	-0.1	-2.57015
13059007	795	0.1	-0.1	0.617582
13059007	796	0.1	-0.1	5.21042
13059007	797	0.1	-0.1	5.25097
13059007	798	0.1	-0.1	5.95347
13059007	799	0.1	-0.1	-2.19487
13059007	800	0.1	-0.1	-0.492984
13059007	801	0.1	-0.1	2.9926
13059007	802	0.1	-0.1	4.55861
13059007	803	0.1	-0.1	-4.96192
13059007	804	0.1	-0.1	-3.46301
13059007	805	0.1	-0.1	-1.40366
13059007	806	0.1	-0.1	-0.256982
13059007	807	0.1	-0.1	-5.74999
13059007	808	0.1	-0.1	4.83845
13059007	809	0.1	-0.1	-4.71497
13059007	810	0.1	-0.1	1.31415
13059007	811	0.1	-0.1	2.36205
13059007	812	0.1	-0.1	-3.18329
13059007	813	0.1	-0.1	-5.04111
13059007	814	0.1	-0.1	-4.69677
13059007	815	0.1	-0.1	0.581803
13059007	816	0.1	-0.1	3.73465
13059007	817	0.1	-0.1	0.787572
13059007	818	0.1	-0.1	0.203043
13059007	819	0.1	-0.1	-2.92076
13059007	820	0.1	-0.1	-5.85826
13059007	821	0.1	-0.1	2.88079
13059007	822	0.1	-0.1	-0.610998
13059007	823	0.1	-0.1	-3.50678
13059007	824	0.1	-0.1	0.992505
13059007	825	0.1	-0.1	-4.67142
13059007	826	0.1	-0.1	-0.55757
13059007	827	0.1	-0.1	-4.89135
13059007	828	0.1	-0.1	-0.520329
13059007	829	0.1	-0.1	3.86418
13059007	830	0.1	-0.1	-3.65017
13059007	831	0.1	-0.1	0.711934
13059007	832	0.1	-0.1	-1.93021
13059007	833	0.1	-0.1	5.14633
13059007	834	0.1	-0.1	-4.79297
13059007	835	0.1	-0.1	4.88798
13059007	836	0.1	-0.1	3.89857
13059007	837	0.1	-0.1	5.22125
13059007	838	0.1	-0.1	1.22948
13059007	839	0.1	-0.1	3.77222
13059007	840	0.1	-0.1	-0.553046
13059007	841	0.1	-0.1	4.48411
13059007	842	0.1	-0.1	5.79619
13059007	843	0.1	-0.1	-2.63414
13059007	844	0.1	-0.1	0.0833634
13059007	845	0.1	-0.1	0.509583
13059007	846	0.1	-0.1	-5.19229
13059007	847	0.1	-0.1	4.3871
13059007	848	0.1	-0.1	-2.48979
13059007	849	0.1	-0.1	4.18379
13059007	850	0.1	-0.1	-2.63576
13059007	851	0.1	-0.1	1.42367
13059007	852	0.1	-0.1	-4.3747
13059007	853	0.1	-0.1	-5.21224
13059007	854	0.1	-0.1	-2.32737
13059007	855	0.1	-0.1	0.842754
13059007	856	0.1	-0.1	-3.33844
13059007	857	0.1	-0.1	-1.83704
13059007	858	0.1	-0.1	4.92211
13059007	859	0.1	-0.1	-5.77503
13059007	860	0.1	-0.1	-1.89188
13059007	861	0.1	-0.1	-0.4605
13059007	862	0.1	-0.1	-5.42791
13059007	863	0.1	-0.1	-5.85669
13059007	864	0.1	-0.1	3.16851
13059007	865	0.1	-0.1	5.94927
13059007	866	0.1	-0.1	4.83026
13059007	867	0.1	-0.1	-1.35895
13059007	868	0.1	-0.1	4.2899
13059007	869	0.1	-0.1	1.14134
13059007	870	0.1	-0.1	1.96297
13059007	871	0.1	-0.1	-5.12826
13059007	872	0.1	-0.1	4.30203
13059007	873	0.1	-0.1	3.16595
13059007	874	0.1	-0.1	2.97723
13059007	875	0.1	-0.1	4.11504
13059007	876	0.1	-0.1	-4.59412
13059007	877	0.1	-0.1	-0.47693
13059007	878	0.1	-0.1	0.899449
13059007	879	0.1	-0.1	-0.426674
13059007	880	0.1	-0.1	5.18297
13059007	881	0.1	-0.1	4.60682
13059007	882	0.1	-0.1	-5.26833
13059007	883	0.1	-0.1	3.09641
13059007	884	0.1	-0.1	-2.70238
13059007	885	0.1	-0.1	-0.970405
13059007	886	0.1	-0.1	-2.19579
13059007	887	0.1	-0.1	5.39274
13059007	888	0.1	-0.1	-5.72352
13059007	889	0.1	-0.1	-5.69011
13059007	890	0.1	-0.1	-1.69168
13059007	891	0.1	-0.1	5.5998
13059007	892	0.1	-0.1	5.64614
13059007	893	0.1	-0.1	2.72657
13059007	894	0.1	-0.1	2.77477
13059007	895	0.1	-0.1	-2.28445
13059007	896	0.1	-0.1	2.20222
13059007	897	0.1	-0.1	-5.29481
13059007	898	0.1	-0.1	3.19875
13059007	899	0.1	-0.1	-1.85828
13059007	900	0.1	-0.1	-1.99726
13059007	901	0.1	-0.1	3.0311
13059007	902	0.1	-0.1	1.74051
13059007	903	0.1	-0.1	4.33997
13059007	904	0.1	-0.1	2.72668
13059007	905	0.1	-0.1	-1.11864
13059007	906	0.1	-0.1	-3.78462
13059007	907	0.1	-0.1	3.76399
13059007	908	0.1	-0.1	-2.5873
13059007	909	0.1	-0.1	-2.39395
13059007	910	0.1	-0.1	-1.38691
13059007	911	0.1	-0.1	0.614311
13059007	912	0.1	-0.1	2.63333
13059007	913	0.1	-0.1	0.0999615
13059007	914	0.1	-0.1	-0.696427
13059007	915	0.1	-0.1	-4.60116
13059007	916	0.1	-0.1	-0.200691
13059007	917	0.1	-0.1	5.54096
13059007	918	0.1	-0.1	0.176118
13059007	919	0.1	-0.1	3.35181
13059007	920	0.1	-0.1	4.93374
13059007	921	0.1	-0.1	-1.18665
13059007	922	0.1	-0.1	-5.978
13059007	923	0.1	-0.1	-0.93211
13059007	924	0.1	-0.1	-1.47583
13059007	925	0.1	-0.1	-1.36783
13059007	926	0.1	-0.1	1.75504
13059007	927	0.1	-0.1	4.89016
13059007	928	0.1	-0.1	5.85353
13059007	929	0.1	-0.1	5.9342
13059007	930	0.1	-0.1	-0.794643
13059007	931	0.1	-0.1	-4.17705
13059007	932	0.1	-0.1	2.77012
13059007	933	0.1	-0.1	-0.520421
13059007	934	0.1	-0.1	-5.61697
13059007	935	0.1	-0.1	5.66337
13059007	936	0.1	-0.1	-2.7383
13059007	937	0.1	-0.1	2.04808
13059007	938	0.1	-0.1	4.38021
13059007	939	0.1	-0.1	0.977771
13059007	940	0.1	-0.1	3.94887
13059007	941	0.1	-0.1	0.648644
13059007	942	0.1	-0.1	-1.04975
13059007	943	0.1	-0.1	2.05966
13059007	944	0.1	-0.1	0.793265
13059007	945	0.1	-0.1	1.0238
13059007	946	0.1	-0.1	-5.10704
13059007	947	0.1	-0.1	-3.77788
13059007	948	0.1	-0.1	4.39454
13059007	949	0.1	-0.1	5.61926
13059007	950	0.1	-0.1	5.87772
13059007	951	0.1	-0.1	4.28715
13059007	952	0.1	-0.1	0.95685
13059007	953	0.1	-0.1	-1.20173
13059007	954	0.1	-0.1	1.9441
13059007	955	0.1	-0.1	5.6367
13059007	956	0.1	-0.1	2.29725
13059007	957	0.1	-0.1	1.3308
13059007	958	0.1	-0.1	2.77358
13059007	959	0.1	-0.1	-1.88941
13059007	960	0.1	-0.1	-0.0347361
13059007	961	0.1	-0.1	-4.73459
13059007	962	0.1	-0.1	-5.16944
13059007	963	0.1	-0.1	4.67668
13059007	964	0.1	-0.1	0.541357
13059007	965	0.1	-0.1	-1.8264
13059007	966	0.1	-0.1	1.90561
13059007	967	0.1	-0.1	1.13333
13059007	968	0.1	-0.1	2.31147
13059007	969	0.1	-0.1	-2.02319
13059007	970	0.1	-0.1	1.58233
13059007	971	0.1	-0.1	5.98688
13059007	972	0.1	-0.1	4.48947
13059007	973	0.1	-0.1	-2.06611
13059007	974	0.1	-0.1	-5.32855
13059007	975	0.1	-0.1	0.754348
13059007	976	0.1	-0.1	-5.39836
13059007	977	0.1	-0.1	-1.24601
13059007	978	0.1	-0.1	0.689
13059007	979	0.1	-0.1	-2.3895
13059007	980	0.1	-0.1	-1.06159
13059007	981	0.1	-0.1	-0.546004
13059007	982	0.1	-0.1	0.664933
13059007	983	0.1	-0.1	-0.95909
13059007	984	0.1	-0.1	3.61851
13059007	985	0.1	-0.1	2.90496
13059007	986	0.1	-0.1	-2.32709
13059007	987	0.1	-0.1	3.13943
13059007	988	0.1	-0.1	-0.682259
13059007	989	0.1	-0.1	1.22693
13059007	990	0.1	-0.1	0.426139
13059007	991	0.1	-0.1	1.02272
13059007	992	0.1	-0.1	-4.80275
13059007	993	0.1	-0.1	2.88776
13059007	994	0.1	-0.1	-1.274
13059007	995	0.1	-0.1	3.95344
13059007	996	0.1	-0.1	5.92085
13059007	997	0.1	-0.1	3.06217
13059007	998	0.1	-0.1	3.16842
13059007	999	0.1	-0.1	4.33279
13059007	1000	0.1	-0.1	-3.17249
