13055024	1	0.1	-0.1	-4.01027
13055024	2	0.1	-0.1	-1.48448
13055024	3	0.1	-0.1	5.46018
13055024	4	0.1	-0.1	2.31521
13055024	5	0.1	-0.1	2.49801
13055024	6	0.1	-0.1	-5.08478
13055024	7	0.1	-0.1	3.36374
13055024	8	0.1	-0.1	4.36634
13055024	9	0.1	-0.1	4.20239
13055024	10	0.1	-0.1	-0.46835
13055024	11	0.1	-0.1	5.57142
13055024	12	0.1	-0.1	5.66005
13055024	13	0.1	-0.1	5.39679
13055024	14	0.1	-0.1	-1.57925
13055024	15	0.1	-0.1	2.06268
13055024	16	0.1	-0.1	0.875974
13055024	17	0.1	-0.1	3.40359
13055024	18	0.1	-0.1	2.93232
13055024	19	0.1	-0.1	-0.0220852
13055024	20	0.1	-0.1	5.90994
13055024	21	0.1	-0.1	5.5066
13055024	22	0.1	-0.1	-1.80571
13055024	23	0.1	-0.1	-1.52041
13055024	24	0.1	-0.1	-0.806158
13055024	25	0.1	-0.1	-1.71774
13055024	26	0.1	-0.1	-1.32965
13055024	27	0.1	-0.1	-5.11116
13055024	28	0.1	-0.1	-1.78603
13055024	29	0.1	-0.1	2.42377
13055024	30	0.1	-0.1	-2.26835
13055024	31	0.1	-0.1	2.93792
13055024	32	0.1	-0.1	4.38474
13055024	33	0.1	-0.1	-4.95808
13055024	34	0.1	-0.1	-4.37024
13055024	35	0.1	-0.1	5.89086
13055024	36	0.1	-0.1	2.50045
13055024	37	0.1	-0.1	-0.734895
13055024	38	0.1	-0.1	-5.39706
13055024	39	0.1	-0.1	-2.31545
13055024	40	0.1	-0.1	-3.60607
13055024	41	0.1	-0.1	-2.5995
13055024	42	0.1	-0.1	4.10342
13055024	43	0.1	-0.1	3.38541
13055024	44	0.1	-0.1	-1.04539
13055024	45	0.1	-0.1	3.70834
13055024	46	0.1	-0.1	-2.70417
13055024	47	0.1	-0.1	-1.15303
13055024	48	0.1	-0.1	-0.0100792
13055024	49	0.1	-0.1	-2.08947
13055024	50	0.1	-0.1	2.72879
13055024	51	0.1	-0.1	-5.41731
13055024	52	0.1	-0.1	3.94706
13055024	53	0.1	-0.1	1.79322
13055024	54	0.1	-0.1	0.0999158
13055024	55	0.1	-0.1	-0.390974
13055024	56	0.1	-0.1	-1.70187
13055024	57	0.1	-0.1	4.74485
13055024	58	0.1	-0.1	-1.79166
13055024	59	0.1	-0.1	-3.70948
13055024	60	0.1	-0.1	0.374013
13055024	61	0.1	-0.1	-4.49229
13055024	62	0.1	-0.1	4.43923
13055024	63	0.1	-0.1	-1.94838
13055024	64	0.1	-0.1	-0.842157
13055024	65	0.1	-0.1	0.0903225
13055024	66	0.1	-0.1	-5.89399
13055024	67	0.1	-0.1	-0.0932107
13055024	68	0.1	-0.1	-1.65246
13055024	69	0.1	-0.1	2.26125
13055024	70	0.1	-0.1	2.76855
13055024	71	0.1	-0.1	3.52979
13055024	72	0.1	-0.1	4.17517
13055024	73	0.1	-0.1	-0.947876
13055024	74	0.1	-0.1	-4.29984
13055024	75	0.1	-0.1	3.6609
13055024	76	0.1	-0.1	3.82811
13055024	77	0.1	-0.1	-4.05299
13055024	78	0.1	-0.1	3.92411
13055024	79	0.1	-0.1	0.936714
13055024	80	0.1	-0.1	-1.01939
13055024	81	0.1	-0.1	-4.55947
13055024	82	0.1	-0.1	-1.02942
13055024	83	0.1	-0.1	-0.397701
13055024	84	0.1	-0.1	-0.899515
13055024	85	0.1	-0.1	-3.19243
13055024	86	0.1	-0.1	-3.8977
13055024	87	0.1	-0.1	-4.59819
13055024	88	0.1	-0.1	-3.11329
13055024	89	0.1	-0.1	-3.21979
13055024	90	0.1	-0.1	-3.29149
13055024	91	0.1	-0.1	1.57458
13055024	92	0.1	-0.1	-3.35896
13055024	93	0.1	-0.1	-5.64046
13055024	94	0.1	-0.1	2.67585
13055024	95	0.1	-0.1	4.45161
13055024	96	0.1	-0.1	3.41738
13055024	97	0.1	-0.1	5.07878
13055024	98	0.1	-0.1	-5.4145
13055024	99	0.1	-0.1	4.18456
13055024	100	0.1	-0.1	-3.59813
13055024	101	0.1	-0.1	4.24953
13055024	102	0.1	-0.1	-1.12244
13055024	103	0.1	-0.1	4.16291
13055024	104	0.1	-0.1	5.4368
13055024	105	0.1	-0.1	-1.47986
13055024	106	0.1	-0.1	3.76943
13055024	107	0.1	-0.1	3.27746
13055024	108	0.1	-0.1	-1.6595
13055024	109	0.1	-0.1	-3.28401
13055024	110	0.1	-0.1	-1.13846
13055024	111	0.1	-0.1	-1.92912
13055024	112	0.1	-0.1	-1.63293
13055024	113	0.1	-0.1	-4.54041
13055024	114	0.1	-0.1	-2.05014
13055024	115	0.1	-0.1	3.6884
13055024	116	0.1	-0.1	5.34063
13055024	117	0.1	-0.1	-4.28674
13055024	118	0.1	-0.1	-2.76544
13055024	119	0.1	-0.1	-5.81506
13055024	120	0.1	-0.1	-3.47456
13055024	121	0.1	-0.1	-0.281243
13055024	122	0.1	-0.1	-4.49471
13055024	123	0.1	-0.1	5.90887
13055024	124	0.1	-0.1	-2.44936
13055024	125	0.1	-0.1	-0.726167
13055024	126	0.1	-0.1	4.65871
13055024	127	0.1	-0.1	-1.07796
13055024	128	0.1	-0.1	5.17694
13055024	129	0.1	-0.1	2.84409
13055024	130	0.1	-0.1	-1.76192
13055024	131	0.1	-0.1	4.68876
13055024	132	0.1	-0.1	-0.842181
13055024	133	0.1	-0.1	-1.82907
13055024	134	0.1	-0.1	-2.89916
13055024	135	0.1	-0.1	4.10824
13055024	136	0.1	-0.1	1.07024
13055024	137	0.1	-0.1	2.54497
13055024	138	0.1	-0.1	0.621171
13055024	139	0.1	-0.1	3.73401
13055024	140	0.1	-0.1	-5.62645
13055024	141	0.1	-0.1	2.0494
13055024	142	0.1	-0.1	0.307439
13055024	143	0.1	-0.1	-3.41923
13055024	144	0.1	-0.1	-3.90088
13055024	145	0.1	-0.1	4.63125
13055024	146	0.1	-0.1	4.61747
13055024	147	0.1	-0.1	-4.40238
13055024	148	0.1	-0.1	1.52591
13055024	149	0.1	-0.1	1.57892
13055024	150	0.1	-0.1	-3.1695
13055024	151	0.1	-0.1	1.95595
13055024	152	0.1	-0.1	-5.70219
13055024	153	0.1	-0.1	1.68741
13055024	154	0.1	-0.1	4.2265
13055024	155	0.1	-0.1	0.917107
13055024	156	0.1	-0.1	0.732008
13055024	157	0.1	-0.1	1.23369
13055024	158	0.1	-0.1	2.79642
13055024	159	0.1	-0.1	1.85755
13055024	160	0.1	-0.1	-2.74921
13055024	161	0.1	-0.1	5.30067
13055024	162	0.1	-0.1	0.38221
13055024	163	0.1	-0.1	-4.83111
13055024	164	0.1	-0.1	-4.75068
13055024	165	0.1	-0.1	-0.283597
13055024	166	0.1	-0.1	5.59978
13055024	167	0.1	-0.1	1.45712
13055024	168	0.1	-0.1	4.68718
13055024	169	0.1	-0.1	-0.192315
13055024	170	0.1	-0.1	2.815
13055024	171	0.1	-0.1	-3.31306
13055024	172	0.1	-0.1	0.284083
13055024	173	0.1	-0.1	4.29288
13055024	174	0.1	-0.1	-0.0746316
13055024	175	0.1	-0.1	-1.67198
13055024	176	0.1	-0.1	-4.2238
13055024	177	0.1	-0.1	0.480717
13055024	178	0.1	-0.1	0.224012
13055024	179	0.1	-0.1	3.2381
13055024	180	0.1	-0.1	-5.14733
13055024	181	0.1	-0.1	-4.47448
13055024	182	0.1	-0.1	-0.192616
13055024	183	0.1	-0.1	5.20162
13055024	184	0.1	-0.1	-4.83936
13055024	185	0.1	-0.1	-5.63081
13055024	186	0.1	-0.1	-5.83826
13055024	187	0.1	-0.1	-0.91567
13055024	188	0.1	-0.1	2.2205
13055024	189	0.1	-0.1	-2.87542
13055024	190	0.1	-0.1	2.6278
13055024	191	0.1	-0.1	-5.86238
13055024	192	0.1	-0.1	3.53902
13055024	193	0.1	-0.1	1.50187
13055024	194	0.1	-0.1	-4.60136
13055024	195	0.1	-0.1	-0.238679
13055024	196	0.1	-0.1	-5.40862
13055024	197	0.1	-0.1	5.70914
13055024	198	0.1	-0.1	-5.09028
13055024	199	0.1	-0.1	-4.54279
13055024	200	0.1	-0.1	0.588765
13055024	201	0.1	-0.1	5.0987
13055024	202	0.1	-0.1	0.59969
13055024	203	0.1	-0.1	-1.09879
13055024	204	0.1	-0.1	-5.39716
13055024	205	0.1	-0.1	4.82255
13055024	206	0.1	-0.1	-0.521656
13055024	207	0.1	-0.1	2.88622
13055024	208	0.1	-0.1	-5.63499
13055024	209	0.1	-0.1	0.253113
13055024	210	0.1	-0.1	0.648756
13055024	211	0.1	-0.1	1.32887
13055024	212	0.1	-0.1	4.80301
13055024	213	0.1	-0.1	-1.06057
13055024	214	0.1	-0.1	-1.5509
13055024	215	0.1	-0.1	0.512472
13055024	216	0.1	-0.1	5.09103
13055024	217	0.1	-0.1	4.53104
13055024	218	0.1	-0.1	1.83187
13055024	219	0.1	-0.1	-4.02627
13055024	220	0.1	-0.1	0.0884891
13055024	221	0.1	-0.1	-5.03402
13055024	222	0.1	-0.1	4.33844
13055024	223	0.1	-0.1	5.57641
13055024	224	0.1	-0.1	3.51026
13055024	225	0.1	-0.1	3.59341
13055024	226	0.1	-0.1	-1.78392
13055024	227	0.1	-0.1	5.0934
13055024	228	0.1	-0.1	4.99545
13055024	229	0.1	-0.1	2.50498
13055024	230	0.1	-0.1	-3.67867
13055024	231	0.1	-0.1	-3.09546
13055024	232	0.1	-0.1	2.54572
13055024	233	0.1	-0.1	3.09253
13055024	234	0.1	-0.1	-1.01852
13055024	235	0.1	-0.1	4.15077
13055024	236	0.1	-0.1	3.48462
13055024	237	0.1	-0.1	-0.73693
13055024	238	0.1	-0.1	-5.88397
13055024	239	0.1	-0.1	5.20743
13055024	240	0.1	-0.1	-4.128
13055024	241	0.1	-0.1	5.18153
13055024	242	0.1	-0.1	4.62552
13055024	243	0.1	-0.1	5.39965
13055024	244	0.1	-0.1	-4.44667
13055024	245	0.1	-0.1	-2.58545
13055024	246	0.1	-0.1	-2.28937
13055024	247	0.1	-0.1	0.294437
13055024	248	0.1	-0.1	1.33217
13055024	249	0.1	-0.1	-2.21785
13055024	250	0.1	-0.1	2.59039
13055024	251	0.1	-0.1	-4.10626
13055024	252	0.1	-0.1	5.16049
13055024	253	0.1	-0.1	-5.08757
13055024	254	0.1	-0.1	1.10485
13055024	255	0.1	-0.1	0.612176
13055024	256	0.1	-0.1	3.5155
13055024	257	0.1	-0.1	-2.69625
13055024	258	0.1	-0.1	2.74228
13055024	259	0.1	-0.1	5.01954
13055024	260	0.1	-0.1	2.22488
13055024	261	0.1	-0.1	-5.02581
13055024	262	0.1	-0.1	-0.55604
13055024	263	0.1	-0.1	5.04967
13055024	264	0.1	-0.1	-1.32101
13055024	265	0.1	-0.1	2.31061
13055024	266	0.1	-0.1	0.873575
13055024	267	0.1	-0.1	-4.39894
13055024	268	0.1	-0.1	-5.17712
13055024	269	0.1	-0.1	-3.83841
13055024	270	0.1	-0.1	5.05331
13055024	271	0.1	-0.1	2.5438
13055024	272	0.1	-0.1	-3.00016
13055024	273	0.1	-0.1	3.25875
13055024	274	0.1	-0.1	-1.21951
13055024	275	0.1	-0.1	1.11873
13055024	276	0.1	-0.1	5.94224
13055024	277	0.1	-0.1	0.233034
13055024	278	0.1	-0.1	5.87079
13055024	279	0.1	-0.1	5.69003
13055024	280	0.1	-0.1	-2.66135
13055024	281	0.1	-0.1	-1.13392
13055024	282	0.1	-0.1	-0.178604
13055024	283	0.1	-0.1	5.96262
13055024	284	0.1	-0.1	4.26955
13055024	285	0.1	-0.1	-4.63753
13055024	286	0.1	-0.1	-4.67961
13055024	287	0.1	-0.1	1.83049
13055024	288	0.1	-0.1	-3.3537
13055024	289	0.1	-0.1	-4.68962
13055024	290	0.1	-0.1	0.254112
13055024	291	0.1	-0.1	-1.82344
13055024	292	0.1	-0.1	-4.53133
13055024	293	0.1	-0.1	-4.35014
13055024	294	0.1	-0.1	4.52267
13055024	295	0.1	-0.1	0.408451
13055024	296	0.1	-0.1	0.175951
13055024	297	0.1	-0.1	-0.342085
13055024	298	0.1	-0.1	-5.01048
13055024	299	0.1	-0.1	-4.14589
13055024	300	0.1	-0.1	3.3358
13055024	301	0.1	-0.1	4.50175
13055024	302	0.1	-0.1	5.12487
13055024	303	0.1	-0.1	-2.06262
13055024	304	0.1	-0.1	3.49535
13055024	305	0.1	-0.1	4.68516
13055024	306	0.1	-0.1	0.886361
13055024	307	0.1	-0.1	5.24789
13055024	308	0.1	-0.1	-0.686995
13055024	309	0.1	-0.1	-0.0821388
13055024	310	0.1	-0.1	-0.854053
13055024	311	0.1	-0.1	-5.14358
13055024	312	0.1	-0.1	1.17468
13055024	313	0.1	-0.1	-3.65344
13055024	314	0.1	-0.1	-5.66147
13055024	315	0.1	-0.1	-3.91847
13055024	316	0.1	-0.1	-0.596295
13055024	317	0.1	-0.1	-2.02352
13055024	318	0.1	-0.1	3.21175
13055024	319	0.1	-0.1	4.52239
13055024	320	0.1	-0.1	4.18804
13055024	321	0.1	-0.1	-1.87186
13055024	322	0.1	-0.1	-3.21473
13055024	323	0.1	-0.1	0.434351
13055024	324	0.1	-0.1	4.12778
13055024	325	0.1	-0.1	-5.70105
13055024	326	0.1	-0.1	-1.77454
13055024	327	0.1	-0.1	5.32945
13055024	328	0.1	-0.1	-4.34352
13055024	329	0.1	-0.1	5.98676
13055024	330	0.1	-0.1	4.23719
13055024	331	0.1	-0.1	5.59184
13055024	332	0.1	-0.1	-2.62092
13055024	333	0.1	-0.1	-5.91389
13055024	334	0.1	-0.1	-5.67474
13055024	335	0.1	-0.1	1.69746
13055024	336	0.1	-0.1	-2.60004
13055024	337	0.1	-0.1	-2.35072
13055024	338	0.1	-0.1	-5.40699
13055024	339	0.1	-0.1	5.70344
13055024	340	0.1	-0.1	3.48227
13055024	341	0.1	-0.1	-2.95762
13055024	342	0.1	-0.1	-4.52172
13055024	343	0.1	-0.1	2.54651
13055024	344	0.1	-0.1	-3.38943
13055024	345	0.1	-0.1	-2.80872
13055024	346	0.1	-0.1	5.71752
13055024	347	0.1	-0.1	2.8791
13055024	348	0.1	-0.1	5.90382
13055024	349	0.1	-0.1	3.42687
13055024	350	0.1	-0.1	-0.952564
13055024	351	0.1	-0.1	-2.03502
13055024	352	0.1	-0.1	-2.31845
13055024	353	0.1	-0.1	2.31305
13055024	354	0.1	-0.1	-4.37653
13055024	355	0.1	-0.1	-5.95894
13055024	356	0.1	-0.1	5.98902
13055024	357	0.1	-0.1	3.0846
13055024	358	0.1	-0.1	-5.0387
13055024	359	0.1	-0.1	2.30147
13055024	360	0.1	-0.1	1.05301
13055024	361	0.1	-0.1	2.46268
13055024	362	0.1	-0.1	4.29168
13055024	363	0.1	-0.1	5.78595
13055024	364	0.1	-0.1	-2.32733
13055024	365	0.1	-0.1	-1.88411
13055024	366	0.1	-0.1	4.4898
13055024	367	0.1	-0.1	-3.25192
13055024	368	0.1	-0.1	-5.15378
13055024	369	0.1	-0.1	-2.77788
13055024	370	0.1	-0.1	3.46513
13055024	371	0.1	-0.1	4.41578
13055024	372	0.1	-0.1	1.77475
13055024	373	0.1	-0.1	3.54372
13055024	374	0.1	-0.1	-5.50697
13055024	375	0.1	-0.1	-3.81917
13055024	376	0.1	-0.1	-4.57457
13055024	377	0.1	-0.1	0.182031
13055024	378	0.1	-0.1	-0.154685
13055024	379	0.1	-0.1	-4.33208
13055024	380	0.1	-0.1	4.40304
13055024	381	0.1	-0.1	0.588178
13055024	382	0.1	-0.1	4.74924
13055024	383	0.1	-0.1	3.07786
13055024	384	0.1	-0.1	5.93035
13055024	385	0.1	-0.1	-2.10547
13055024	386	0.1	-0.1	-3.30293
13055024	387	0.1	-0.1	4.94913
13055024	388	0.1	-0.1	-2.48305
13055024	389	0.1	-0.1	-0.859566
13055024	390	0.1	-0.1	-2.2312
13055024	391	0.1	-0.1	-5.71972
13055024	392	0.1	-0.1	-3.65875
13055024	393	0.1	-0.1	-4.75724
13055024	394	0.1	-0.1	-1.58244
13055024	395	0.1	-0.1	-4.66058
13055024	396	0.1	-0.1	5.66627
13055024	397	0.1	-0.1	3.18242
13055024	398	0.1	-0.1	0.256456
13055024	399	0.1	-0.1	-1.25911
13055024	400	0.1	-0.1	2.02027
13055024	401	0.1	-0.1	3.21544
13055024	402	0.1	-0.1	1.00566
13055024	403	0.1	-0.1	1.7749
13055024	404	0.1	-0.1	1.8416
13055024	405	0.1	-0.1	-5.79389
13055024	406	0.1	-0.1	3.98989
13055024	407	0.1	-0.1	3.62618
13055024	408	0.1	-0.1	-2.05102
13055024	409	0.1	-0.1	0.185775
13055024	410	0.1	-0.1	-2.39034
13055024	411	0.1	-0.1	-1.65237
13055024	412	0.1	-0.1	0.923404
13055024	413	0.1	-0.1	2.33718
13055024	414	0.1	-0.1	-4.45681
13055024	415	0.1	-0.1	-1.56187
13055024	416	0.1	-0.1	4.35947
13055024	417	0.1	-0.1	4.42249
13055024	418	0.1	-0.1	-3.69036
13055024	419	0.1	-0.1	2.1483
13055024	420	0.1	-0.1	-4.90977
13055024	421	0.1	-0.1	4.12487
13055024	422	0.1	-0.1	-3.48306
13055024	423	0.1	-0.1	-1.26802
13055024	424	0.1	-0.1	1.10309
13055024	425	0.1	-0.1	2.66466
13055024	426	0.1	-0.1	3.73046
13055024	427	0.1	-0.1	-5.56285
13055024	428	0.1	-0.1	-2.93443
13055024	429	0.1	-0.1	0.566047
13055024	430	0.1	-0.1	4.97898
13055024	431	0.1	-0.1	-0.805581
13055024	432	0.1	-0.1	2.78931
13055024	433	0.1	-0.1	0.427946
13055024	434	0.1	-0.1	-4.35972
13055024	435	0.1	-0.1	5.839
13055024	436	0.1	-0.1	-1.24118
13055024	437	0.1	-0.1	-2.14726
13055024	438	0.1	-0.1	-1.56945
13055024	439	0.1	-0.1	-0.62784
13055024	440	0.1	-0.1	-5.3334
13055024	441	0.1	-0.1	3.50518
13055024	442	0.1	-0.1	-3.83266
13055024	443	0.1	-0.1	-4.38946
13055024	444	0.1	-0.1	1.1797
13055024	445	0.1	-0.1	-3.15769
13055024	446	0.1	-0.1	-2.02272
13055024	447	0.1	-0.1	-3.07574
13055024	448	0.1	-0.1	-4.19413
13055024	449	0.1	-0.1	-2.50015
13055024	450	0.1	-0.1	1.08228
13055024	451	0.1	-0.1	5.04188
13055024	452	0.1	-0.1	3.0211
13055024	453	0.1	-0.1	4.52622
13055024	454	0.1	-0.1	-5.40961
13055024	455	0.1	-0.1	1.82121
13055024	456	0.1	-0.1	3.68501
13055024	457	0.1	-0.1	-1.42668
13055024	458	0.1	-0.1	-4.23165
13055024	459	0.1	-0.1	-5.94483
13055024	460	0.1	-0.1	3.26487
13055024	461	0.1	-0.1	-0.17753
13055024	462	0.1	-0.1	-2.23417
13055024	463	0.1	-0.1	5.51262
13055024	464	0.1	-0.1	4.95855
13055024	465	0.1	-0.1	3.38407
13055024	466	0.1	-0.1	-0.05767
13055024	467	0.1	-0.1	-2.65248
13055024	468	0.1	-0.1	-2.17693
13055024	469	0.1	-0.1	-1.78551
13055024	470	0.1	-0.1	-1.06041
13055024	471	0.1	-0.1	-0.172749
13055024	472	0.1	-0.1	4.57821
13055024	473	0.1	-0.1	5.82154
13055024	474	0.1	-0.1	-1.35313
13055024	475	0.1	-0.1	3.83001
13055024	476	0.1	-0.1	2.63141
13055024	477	0.1	-0.1	-5.60437
13055024	478	0.1	-0.1	-4.11732
13055024	479	0.1	-0.1	3.21572
13055024	480	0.1	-0.1	3.33405
13055024	481	0.1	-0.1	0.810554
13055024	482	0.1	-0.1	-5.88904
13055024	483	0.1	-0.1	-4.61258
13055024	484	0.1	-0.1	0.565172
13055024	485	0.1	-0.1	0.765221
13055024	486	0.1	-0.1	-3.73987
13055024	487	0.1	-0.1	-4.72985
13055024	488	0.1	-0.1	-4.07521
13055024	489	0.1	-0.1	-0.932969
13055024	490	0.1	-0.1	-3.48492
13055024	491	0.1	-0.1	-1.60116
13055024	492	0.1	-0.1	-3.5162
13055024	493	0.1	-0.1	-2.11261
13055024	494	0.1	-0.1	-4.82201
13055024	495	0.1	-0.1	0.00478634
13055024	496	0.1	-0.1	1.20657
13055024	497	0.1	-0.1	1.37179
13055024	498	0.1	-0.1	0.112225
13055024	499	0.1	-0.1	4.06105
13055024	500	0.1	-0.1	5.88164
13055024	501	0.1	-0.1	-1.63715
13055024	502	0.1	-0.1	0.304877
13055024	503	0.1	-0.1	-1.43223
13055024	504	0.1	-0.1	-1.19044
13055024	505	0.1	-0.1	-5.81126
13055024	506	0.1	-0.1	-4.54253
13055024	507	0.1	-0.1	4.39194
13055024	508	0.1	-0.1	-2.2978
13055024	509	0.1	-0.1	-1.19583
13055024	510	0.1	-0.1	0.906397
13055024	511	0.1	-0.1	3.3923
13055024	512	0.1	-0.1	-3.14347
13055024	513	0.1	-0.1	-2.54097
13055024	514	0.1	-0.1	-2.84958
13055024	515	0.1	-0.1	4.07021
13055024	516	0.1	-0.1	-0.321215
13055024	517	0.1	-0.1	3.48951
13055024	518	0.1	-0.1	2.79393
13055024	519	0.1	-0.1	-3.41847
13055024	520	0.1	-0.1	1.45906
13055024	521	0.1	-0.1	1.62359
13055024	522	0.1	-0.1	2.24075
13055024	523	0.1	-0.1	5.74544
13055024	524	0.1	-0.1	0.504291
13055024	525	0.1	-0.1	-1.18557
13055024	526	0.1	-0.1	5.9099
13055024	527	0.1	-0.1	-2.00903
13055024	528	0.1	-0.1	-0.355554
13055024	529	0.1	-0.1	3.98909
13055024	530	0.1	-0.1	-2.37805
13055024	531	0.1	-0.1	-5.95843
13055024	532	0.1	-0.1	4.34247
13055024	533	0.1	-0.1	0.373867
13055024	534	0.1	-0.1	3.27861
13055024	535	0.1	-0.1	-2.35908
13055024	536	0.1	-0.1	2.66818
13055024	537	0.1	-0.1	0.747188
13055024	538	0.1	-0.1	-1.30084
13055024	539	0.1	-0.1	5.33174
13055024	540	0.1	-0.1	3.40059
13055024	541	0.1	-0.1	5.64534
13055024	542	0.1	-0.1	-5.71944
13055024	543	0.1	-0.1	1.294
13055024	544	0.1	-0.1	-4.53109
13055024	545	0.1	-0.1	4.37472
13055024	546	0.1	-0.1	3.21317
13055024	547	0.1	-0.1	3.08991
13055024	548	0.1	-0.1	-2.06821
13055024	549	0.1	-0.1	-5.7134
13055024	550	0.1	-0.1	4.40324
13055024	551	0.1	-0.1	4.70068
13055024	552	0.1	-0.1	2.6516
13055024	553	0.1	-0.1	0.33622
13055024	554	0.1	-0.1	-1.30022
13055024	555	0.1	-0.1	4.8659
13055024	556	0.1	-0.1	5.13296
13055024	557	0.1	-0.1	-0.407729
13055024	558	0.1	-0.1	-4.30306
13055024	559	0.1	-0.1	2.32389
13055024	560	0.1	-0.1	-5.40328
13055024	561	0.1	-0.1	-3.41612
13055024	562	0.1	-0.1	-3.60641
13055024	563	0.1	-0.1	2.42217
13055024	564	0.1	-0.1	3.01691
13055024	565	0.1	-0.1	-5.57324
13055024	566	0.1	-0.1	-1.12907
13055024	567	0.1	-0.1	3.96708
13055024	568	0.1	-0.1	-2.15268
13055024	569	0.1	-0.1	0.644164
13055024	570	0.1	-0.1	5.25006
13055024	571	0.1	-0.1	-2.75901
13055024	572	0.1	-0.1	3.60027
13055024	573	0.1	-0.1	4.5886
13055024	574	0.1	-0.1	5.1716
13055024	575	0.1	-0.1	1.20791
13055024	576	0.1	-0.1	-0.197927
13055024	577	0.1	-0.1	2.16958
13055024	578	0.1	-0.1	3.45699
13055024	579	0.1	-0.1	-5.63683
13055024	580	0.1	-0.1	-4.626
13055024	581	0.1	-0.1	-0.874883
13055024	582	0.1	-0.1	-3.04314
13055024	583	0.1	-0.1	2.70429
13055024	584	0.1	-0.1	-2.11393
13055024	585	0.1	-0.1	0.943736
13055024	586	0.1	-0.1	-4.97532
13055024	587	0.1	-0.1	0.478509
13055024	588	0.1	-0.1	5.19721
13055024	589	0.1	-0.1	-2.44032
13055024	590	0.1	-0.1	3.97606
13055024	591	0.1	-0.1	2.60194
13055024	592	0.1	-0.1	-0.71944
13055024	593	0.1	-0.1	-4.17204
13055024	594	0.1	-0.1	5.40006
13055024	595	0.1	-0.1	-5.55047
13055024	596	0.1	-0.1	4.71509
13055024	597	0.1	-0.1	-4.26657
13055024	598	0.1	-0.1	-2.04538
13055024	599	0.1	-0.1	3.96529
13055024	600	0.1	-0.1	-1.63816
13055024	601	0.1	-0.1	-2.79834
13055024	602	0.1	-0.1	-0.247502
13055024	603	0.1	-0.1	1.14331
13055024	604	0.1	-0.1	5.26689
13055024	605	0.1	-0.1	2.78158
13055024	606	0.1	-0.1	0.38086
13055024	607	0.1	-0.1	2.68377
13055024	608	0.1	-0.1	-5.32189
13055024	609	0.1	-0.1	4.54996
13055024	610	0.1	-0.1	-3.4688
13055024	611	0.1	-0.1	5.40277
13055024	612	0.1	-0.1	-2.99831
13055024	613	0.1	-0.1	-5.24298
13055024	614	0.1	-0.1	1.38107
13055024	615	0.1	-0.1	-4.25093
13055024	616	0.1	-0.1	3.32975
13055024	617	0.1	-0.1	-5.16426
13055024	618	0.1	-0.1	-1.61352
13055024	619	0.1	-0.1	0.0968372
13055024	620	0.1	-0.1	0.541476
13055024	621	0.1	-0.1	5.46951
13055024	622	0.1	-0.1	-1.1365
13055024	623	0.1	-0.1	4.20886
13055024	624	0.1	-0.1	4.1222
13055024	625	0.1	-0.1	-2.36715
13055024	626	0.1	-0.1	2.91001
13055024	627	0.1	-0.1	2.01891
13055024	628	0.1	-0.1	-5.63404
13055024	629	0.1	-0.1	3.05464
13055024	630	0.1	-0.1	-5.16795
13055024	631	0.1	-0.1	3.03464
13055024	632	0.1	-0.1	0.977972
13055024	633	0.1	-0.1	-3.64148
13055024	634	0.1	-0.1	-3.86144
13055024	635	0.1	-0.1	1.11023
13055024	636	0.1	-0.1	-0.956015
13055024	637	0.1	-0.1	0.258079
13055024	638	0.1	-0.1	-1.12347
13055024	639	0.1	-0.1	4.24465
13055024	640	0.1	-0.1	0.452848
13055024	641	0.1	-0.1	4.38963
13055024	642	0.1	-0.1	-3.79024
13055024	643	0.1	-0.1	-4.0769
13055024	644	0.1	-0.1	-2.99528
13055024	645	0.1	-0.1	4.33295
13055024	646	0.1	-0.1	1.08121
13055024	647	0.1	-0.1	-3.32657
13055024	648	0.1	-0.1	-5.42838
13055024	649	0.1	-0.1	-3.25131
13055024	650	0.1	-0.1	2.52236
13055024	651	0.1	-0.1	3.39621
13055024	652	0.1	-0.1	2.5415
13055024	653	0.1	-0.1	-1.90698
13055024	654	0.1	-0.1	-4.51196
13055024	655	0.1	-0.1	-4.79892
13055024	656	0.1	-0.1	0.975105
13055024	657	0.1	-0.1	-2.37271
13055024	658	0.1	-0.1	-3.92352
13055024	659	0.1	-0.1	2.3101
13055024	660	0.1	-0.1	0.769731
13055024	661	0.1	-0.1	4.22894
13055024	662	0.1	-0.1	-0.491262
13055024	663	0.1	-0.1	-2.08573
13055024	664	0.1	-0.1	-3.74139
13055024	665	0.1	-0.1	3.68993
13055024	666	0.1	-0.1	-4.66518
13055024	667	0.1	-0.1	0.361679
13055024	668	0.1	-0.1	-3.41712
13055024	669	0.1	-0.1	4.64751
13055024	670	0.1	-0.1	-1.48066
13055024	671	0.1	-0.1	4.83242
13055024	672	0.1	-0.1	2.8286
13055024	673	0.1	-0.1	-3.41377
13055024	674	0.1	-0.1	-0.628176
13055024	675	0.1	-0.1	-0.597527
13055024	676	0.1	-0.1	0.109313
13055024	677	0.1	-0.1	-2.4204
13055024	678	0.1	-0.1	-4.62377
13055024	679	0.1	-0.1	2.72059
13055024	680	0.1	-0.1	5.62051
13055024	681	0.1	-0.1	1.1305
13055024	682	0.1	-0.1	3.09962
13055024	683	0.1	-0.1	-0.984085
13055024	684	0.1	-0.1	0.646497
13055024	685	0.1	-0.1	-4.53624
13055024	686	0.1	-0.1	4.88476
13055024	687	0.1	-0.1	4.72007
13055024	688	0.1	-0.1	0.250683
13055024	689	0.1	-0.1	2.15375
13055024	690	0.1	-0.1	-1.53714
13055024	691	0.1	-0.1	-3.37454
13055024	692	0.1	-0.1	-3.90165
13055024	693	0.1	-0.1	-2.27871
13055024	694	0.1	-0.1	-5.92528
13055024	695	0.1	-0.1	-1.85634
13055024	696	0.1	-0.1	1.31129
13055024	697	0.1	-0.1	5.10674
13055024	698	0.1	-0.1	0.35809
13055024	699	0.1	-0.1	1.23317
13055024	700	0.1	-0.1	-4.30676
13055024	701	0.1	-0.1	5.60791
13055024	702	0.1	-0.1	-5.78023
13055024	703	0.1	-0.1	-3.95846
13055024	704	0.1	-0.1	1.50545
13055024	705	0.1	-0.1	0.57956
13055024	706	0.1	-0.1	-3.61514
13055024	707	0.1	-0.1	0.519667
13055024	708	0.1	-0.1	0.798277
13055024	709	0.1	-0.1	-3.30963
13055024	710	0.1	-0.1	-0.0559139
13055024	711	0.1	-0.1	1.45817
13055024	712	0.1	-0.1	3.59829
13055024	713	0.1	-0.1	1.19661
13055024	714	0.1	-0.1	-0.0442589
13055024	715	0.1	-0.1	4.40081
13055024	716	0.1	-0.1	-2.68054
13055024	717	0.1	-0.1	-5.29193
13055024	718	0.1	-0.1	-5.68605
13055024	719	0.1	-0.1	-0.747247
13055024	720	0.1	-0.1	1.84232
13055024	721	0.1	-0.1	-0.527446
13055024	722	0.1	-0.1	-2.70625
13055024	723	0.1	-0.1	-0.210349
13055024	724	0.1	-0.1	-2.74087
13055024	725	0.1	-0.1	1.61023
13055024	726	0.1	-0.1	-3.14795
13055024	727	0.1	-0.1	0.516952
13055024	728	0.1	-0.1	-0.0187308
13055024	729	0.1	-0.1	-0.723881
13055024	730	0.1	-0.1	3.74967
13055024	731	0.1	-0.1	-2.17329
13055024	732	0.1	-0.1	-5.57499
13055024	733	0.1	-0.1	5.03826
13055024	734	0.1	-0.1	1.11868
13055024	735	0.1	-0.1	3.60544
13055024	736	0.1	-0.1	3.37469
13055024	737	0.1	-0.1	3.4597
13055024	738	0.1	-0.1	-3.84116
13055024	739	0.1	-0.1	3.09625
13055024	740	0.1	-0.1	-4.87927
13055024	741	0.1	-0.1	0.454212
13055024	742	0.1	-0.1	-0.43311
13055024	743	0.1	-0.1	-5.63143
13055024	744	0.1	-0.1	-3.47556
13055024	745	0.1	-0.1	-1.00271
13055024	746	0.1	-0.1	4.02534
13055024	747	0.1	-0.1	2.46074
13055024	748	0.1	-0.1	2.9604
13055024	749	0.1	-0.1	-4.1089
13055024	750	0.1	-0.1	-3.6938
13055024	751	0.1	-0.1	1.7853
13055024	752	0.1	-0.1	-4.53668
13055024	753	0.1	-0.1	5.20319
13055024	754	0.1	-0.1	4.08609
13055024	755	0.1	-0.1	-0.681698
13055024	756	0.1	-0.1	1.294
13055024	757	0.1	-0.1	-2.77739
13055024	758	0.1	-0.1	0.1462
13055024	759	0.1	-0.1	-1.1162
13055024	760	0.1	-0.1	0.516845
13055024	761	0.1	-0.1	-4.35868
13055024	762	0.1	-0.1	-2.86011
13055024	763	0.1	-0.1	-1.85695
13055024	764	0.1	-0.1	2.5608
13055024	765	0.1	-0.1	-2.60965
13055024	766	0.1	-0.1	-1.9731
13055024	767	0.1	-0.1	2.98297
13055024	768	0.1	-0.1	-5.5244
13055024	769	0.1	-0.1	-0.682198
13055024	770	0.1	-0.1	-2.2339
13055024	771	0.1	-0.1	-4.44474
13055024	772	0.1	-0.1	3.65566
13055024	773	0.1	-0.1	0.82209
13055024	774	0.1	-0.1	4.48392
13055024	775	0.1	-0.1	-1.48084
13055024	776	0.1	-0.1	-0.0217275
13055024	777	0.1	-0.1	3.767
13055024	778	0.1	-0.1	-5.62683
13055024	779	0.1	-0.1	-1.83874
13055024	780	0.1	-0.1	-2.81125
13055024	781	0.1	-0.1	1.02178
13055024	782	0.1	-0.1	4.193
13055024	783	0.1	-0.1	3.44407
13055024	784	0.1	-0.1	3.59219
13055024	785	0.1	-0.1	3.27163
13055024	786	0.1	-0.1	-2.57354
13055024	787	0.1	-0.1	-2.30859
13055024	788	0.1	-0.1	3.43706
13055024	789	0.1	-0.1	-3.05311
13055024	790	0.1	-0.1	-5.42544
13055024	791	0.1	-0.1	2.65739
13055024	792	0.1	-0.1	1.36024
13055024	793	0.1	-0.1	-2.66825
13055024	794	0.1	-0.1	-3.43837
13055024	795	0.1	-0.1	1.91448
13055024	796	0.1	-0.1	3.41443
13055024	797	0.1	-0.1	-4.62498
13055024	798	0.1	-0.1	4.88699
13055024	799	0.1	-0.1	-0.306862
13055024	800	0.1	-0.1	-4.33055
13055024	801	0.1	-0.1	2.65216
13055024	802	0.1	-0.1	-0.303341
13055024	803	0.1	-0.1	1.89549
13055024	804	0.1	-0.1	2.1803
13055024	805	0.1	-0.1	1.24011
13055024	806	0.1	-0.1	0.034664
13055024	807	0.1	-0.1	-2.38108
13055024	808	0.1	-0.1	-1.59673
13055024	809	0.1	-0.1	-5.17581
13055024	810	0.1	-0.1	4.96094
13055024	811	0.1	-0.1	-0.132646
13055024	812	0.1	-0.1	2.3606
13055024	813	0.1	-0.1	-4.38594
13055024	814	0.1	-0.1	3.89057
13055024	815	0.1	-0.1	2.91936
13055024	816	0.1	-0.1	-0.831302
13055024	817	0.1	-0.1	2.86107
13055024	818	0.1	-0.1	0.565736
13055024	819	0.1	-0.1	2.05738
13055024	820	0.1	-0.1	3.70214
13055024	821	0.1	-0.1	-3.07064
13055024	822	0.1	-0.1	-4.16713
13055024	823	0.1	-0.1	-5.92899
13055024	824	0.1	-0.1	-5.20934
13055024	825	0.1	-0.1	-3.50575
13055024	826	0.1	-0.1	-2.05407
13055024	827	0.1	-0.1	3.8798
13055024	828	0.1	-0.1	-1.40465
13055024	829	0.1	-0.1	4.29828
13055024	830	0.1	-0.1	1.17968
13055024	831	0.1	-0.1	2.82445
13055024	832	0.1	-0.1	-4.52053
13055024	833	0.1	-0.1	2.03667
13055024	834	0.1	-0.1	3.51115
13055024	835	0.1	-0.1	-2.74478
13055024	836	0.1	-0.1	-1.27426
13055024	837	0.1	-0.1	-3.28831
13055024	838	0.1	-0.1	5.59912
13055024	839	0.1	-0.1	-1.48417
13055024	840	0.1	-0.1	-4.06154
13055024	841	0.1	-0.1	4.58628
13055024	842	0.1	-0.1	0.807032
13055024	843	0.1	-0.1	1.22266
13055024	844	0.1	-0.1	-1.62001
13055024	845	0.1	-0.1	-2.25994
13055024	846	0.1	-0.1	-0.233817
13055024	847	0.1	-0.1	0.41337
13055024	848	0.1	-0.1	-5.46277
13055024	849	0.1	-0.1	4.58283
13055024	850	0.1	-0.1	0.11639
13055024	851	0.1	-0.1	-2.2628
13055024	852	0.1	-0.1	-2.0994
13055024	853	0.1	-0.1	-3.32026
13055024	854	0.1	-0.1	1.21241
13055024	855	0.1	-0.1	2.84546
13055024	856	0.1	-0.1	-1.05735
13055024	857	0.1	-0.1	-5.67193
13055024	858	0.1	-0.1	-2.36495
13055024	859	0.1	-0.1	4.54596
13055024	860	0.1	-0.1	-4.03615
13055024	861	0.1	-0.1	-4.11014
13055024	862	0.1	-0.1	-0.45407
13055024	863	0.1	-0.1	4.41905
13055024	864	0.1	-0.1	3.38163
13055024	865	0.1	-0.1	-5.62374
13055024	866	0.1	-0.1	-0.466195
13055024	867	0.1	-0.1	4.00086
13055024	868	0.1	-0.1	-2.69084
13055024	869	0.1	-0.1	-4.06213
13055024	870	0.1	-0.1	-4.90012
13055024	871	0.1	-0.1	4.16041
13055024	872	0.1	-0.1	0.465648
13055024	873	0.1	-0.1	-2.03355
13055024	874	0.1	-0.1	-1.51907
13055024	875	0.1	-0.1	-5.10745
13055024	876	0.1	-0.1	-0.344022
13055024	877	0.1	-0.1	-3.89941
13055024	878	0.1	-0.1	-5.71391
13055024	879	0.1	-0.1	4.9514
13055024	880	0.1	-0.1	5.94691
13055024	881	0.1	-0.1	4.75454
13055024	882	0.1	-0.1	-3.37078
13055024	883	0.1	-0.1	-0.815279
13055024	884	0.1	-0.1	2.41379
13055024	885	0.1	-0.1	2.34834
13055024	886	0.1	-0.1	-0.48293
13055024	887	0.1	-0.1	-0.387803
13055024	888	0.1	-0.1	-5.61497
13055024	889	0.1	-0.1	-1.69272
13055024	890	0.1	-0.1	4.93409
13055024	891	0.1	-0.1	-1.04759
13055024	892	0.1	-0.1	1.3612
13055024	893	0.1	-0.1	5.09275
13055024	894	0.1	-0.1	-2.34047
13055024	895	0.1	-0.1	-5.62331
13055024	896	0.1	-0.1	3.93019
13055024	897	0.1	-0.1	-2.56247
13055024	898	0.1	-0.1	0.210619
13055024	899	0.1	-0.1	1.89272
13055024	900	0.1	-0.1	1.53964
13055024	901	0.1	-0.1	-5.05355
13055024	902	0.1	-0.1	-4.41837
13055024	903	0.1	-0.1	0.0610875
13055024	904	0.1	-0.1	-2.98744
13055024	905	0.1	-0.1	-3.41631
13055024	906	0.1	-0.1	-4.48304
13055024	907	0.1	-0.1	-4.7495
13055024	908	0.1	-0.1	0.757651
13055024	909	0.1	-0.1	-1.32809
13055024	910	0.1	-0.1	4.48217
13055024	911	0.1	-0.1	0.241188
13055024	912	0.1	-0.1	2.3529
13055024	913	0.1	-0.1	-5.85008
13055024	914	0.1	-0.1	4.19129
13055024	915	0.1	-0.1	-1.28481
13055024	916	0.1	-0.1	-2.61976
13055024	917	0.1	-0.1	-1.3594
13055024	918	0.1	-0.1	2.95127
13055024	919	0.1	-0.1	-5.02307
13055024	920	0.1	-0.1	5.99886
13055024	921	0.1	-0.1	-4.03567
13055024	922	0.1	-0.1	-2.2511
13055024	923	0.1	-0.1	-0.210714
13055024	924	0.1	-0.1	-1.52567
13055024	925	0.1	-0.1	-3.00086
13055024	926	0.1	-0.1	-2.89342
13055024	927	0.1	-0.1	2.378
13055024	928	0.1	-0.1	1.19641
13055024	929	0.1	-0.1	4.99661
13055024	930	0.1	-0.1	-1.61202
13055024	931	0.1	-0.1	-5.99481
13055024	932	0.1	-0.1	0.846932
13055024	933	0.1	-0.1	1.29993
13055024	934	0.1	-0.1	5.61444
13055024	935	0.1	-0.1	-3.75078
13055024	936	0.1	-0.1	3.93311
13055024	937	0.1	-0.1	-3.65077
13055024	938	0.1	-0.1	5.28427
13055024	939	0.1	-0.1	2.45111
13055024	940	0.1	-0.1	4.16109
13055024	941	0.1	-0.1	4.53014
13055024	942	0.1	-0.1	-2.29449
13055024	943	0.1	-0.1	-4.38656
13055024	944	0.1	-0.1	-1.44054
13055024	945	0.1	-0.1	0.359277
13055024	946	0.1	-0.1	-3.17733
13055024	947	0.1	-0.1	-0.0769056
13055024	948	0.1	-0.1	-0.877708
13055024	949	0.1	-0.1	1.04634
13055024	950	0.1	-0.1	-2.40339
13055024	951	0.1	-0.1	-2.6456
13055024	952	0.1	-0.1	4.19384
13055024	953	0.1	-0.1	-2.32284
13055024	954	0.1	-0.1	-2.02137
13055024	955	0.1	-0.1	1.53359
13055024	956	0.1	-0.1	2.30918
13055024	957	0.1	-0.1	-0.719363
13055024	958	0.1	-0.1	-1.53516
13055024	959	0.1	-0.1	4.95751
13055024	960	0.1	-0.1	3.85085
13055024	961	0.1	-0.1	1.86935
13055024	962	0.1	-0.1	2.48524
13055024	963	0.1	-0.1	0.624291
13055024	964	0.1	-0.1	-3.28133
13055024	965	0.1	-0.1	1.64266
13055024	966	0.1	-0.1	4.94274
13055024	967	0.1	-0.1	4.86562
13055024	968	0.1	-0.1	1.04481
13055024	969	0.1	-0.1	-0.85256
13055024	970	0.1	-0.1	0.458871
13055024	971	0.1	-0.1	5.33621
13055024	972	0.1	-0.1	5.51167
13055024	973	0.1	-0.1	3.77977
13055024	974	0.1	-0.1	-0.407942
13055024	975	0.1	-0.1	2.90778
13055024	976	0.1	-0.1	0.149062
13055024	977	0.1	-0.1	2.99981
13055024	978	0.1	-0.1	-1.94946
13055024	979	0.1	-0.1	3.31492
13055024	980	0.1	-0.1	0.789895
13055024	981	0.1	-0.1	3.59471
13055024	982	0.1	-0.1	1.92264
13055024	983	0.1	-0.1	0.258381
13055024	984	0.1	-0.1	-3.8474
13055024	985	0.1	-0.1	3.33419
13055024	986	0.1	-0.1	1.51285
13055024	987	0.1	-0.1	-4.86948
13055024	988	0.1	-0.1	0.768859
13055024	989	0.1	-0.1	5.27644
13055024	990	0.1	-0.1	-4.63557
13055024	991	0.1	-0.1	4.2369
13055024	992	0.1	-0.1	0.0166849
13055024	993	0.1	-0.1	-1.81853
13055024	994	0.1	-0.1	0.583421
13055024	995	0.1	-0.1	-3.18063
13055024	996	0.1	-0.1	4.9805
13055024	997	0.1	-0.1	5.23266
13055024	998	0.1	-0.1	2.53295
13055024	999	0.1	-0.1	-3.92994
13055024	1000	0.1	-0.1	-4.39318
