13051102	1	0.1	-0.1	-5.52505
13051102	2	0.1	-0.1	3.97141
13051102	3	0.1	-0.1	-3.13564
13051102	4	0.1	-0.1	-1.21749
13051102	5	0.1	-0.1	0.3035
13051102	6	0.1	-0.1	-1.02256
13051102	7	0.1	-0.1	-1.18452
13051102	8	0.1	-0.1	0.261785
13051102	9	0.1	-0.1	-1.15448
13051102	10	0.1	-0.1	1.00865
13051102	11	0.1	-0.1	-1.80087
13051102	12	0.1	-0.1	-3.26638
13051102	13	0.1	-0.1	-3.25064
13051102	14	0.1	-0.1	2.96812
13051102	15	0.1	-0.1	4.39633
13051102	16	0.1	-0.1	-1.6918
13051102	17	0.1	-0.1	0.5152
13051102	18	0.1	-0.1	-3.19323
13051102	19	0.1	-0.1	4.83827
13051102	20	0.1	-0.1	4.86876
13051102	21	0.1	-0.1	1.0749
13051102	22	0.1	-0.1	5.17486
13051102	23	0.1	-0.1	3.67567
13051102	24	0.1	-0.1	4.02787
13051102	25	0.1	-0.1	-3.07752
13051102	26	0.1	-0.1	1.1178
13051102	27	0.1	-0.1	-1.40218
13051102	28	0.1	-0.1	2.35568
13051102	29	0.1	-0.1	2.62925
13051102	30	0.1	-0.1	-3.64843
13051102	31	0.1	-0.1	4.04477
13051102	32	0.1	-0.1	-4.14672
13051102	33	0.1	-0.1	1.64133
13051102	34	0.1	-0.1	-4.79125
13051102	35	0.1	-0.1	-0.335102
13051102	36	0.1	-0.1	1.9691
13051102	37	0.1	-0.1	0.543609
13051102	38	0.1	-0.1	4.68142
13051102	39	0.1	-0.1	5.84537
13051102	40	0.1	-0.1	-4.82406
13051102	41	0.1	-0.1	-2.03441
13051102	42	0.1	-0.1	-5.69594
13051102	43	0.1	-0.1	3.20171
13051102	44	0.1	-0.1	-4.88377
13051102	45	0.1	-0.1	-5.8636
13051102	46	0.1	-0.1	2.40654
13051102	47	0.1	-0.1	-5.26135
13051102	48	0.1	-0.1	-3.204
13051102	49	0.1	-0.1	1.20163
13051102	50	0.1	-0.1	-0.156287
13051102	51	0.1	-0.1	1.94252
13051102	52	0.1	-0.1	3.12273
13051102	53	0.1	-0.1	-0.739093
13051102	54	0.1	-0.1	-1.04172
13051102	55	0.1	-0.1	0.613675
13051102	56	0.1	-0.1	-3.87807
13051102	57	0.1	-0.1	-1.32283
13051102	58	0.1	-0.1	0.119039
13051102	59	0.1	-0.1	-4.63869
13051102	60	0.1	-0.1	-5.11196
13051102	61	0.1	-0.1	5.82168
13051102	62	0.1	-0.1	2.62091
13051102	63	0.1	-0.1	-3.36657
13051102	64	0.1	-0.1	-5.1202
13051102	65	0.1	-0.1	3.4503
13051102	66	0.1	-0.1	3.30622
13051102	67	0.1	-0.1	-1.15797
13051102	68	0.1	-0.1	2.54912
13051102	69	0.1	-0.1	-4.20594
13051102	70	0.1	-0.1	-5.1228
13051102	71	0.1	-0.1	-4.85448
13051102	72	0.1	-0.1	-5.10233
13051102	73	0.1	-0.1	-1.94941
13051102	74	0.1	-0.1	1.37064
13051102	75	0.1	-0.1	-3.90545
13051102	76	0.1	-0.1	-2.63617
13051102	77	0.1	-0.1	4.65018
13051102	78	0.1	-0.1	-1.55083
13051102	79	0.1	-0.1	2.91338
13051102	80	0.1	-0.1	0.66792
13051102	81	0.1	-0.1	4.50926
13051102	82	0.1	-0.1	3.95176
13051102	83	0.1	-0.1	-1.66729
13051102	84	0.1	-0.1	-4.53506
13051102	85	0.1	-0.1	-3.78481
13051102	86	0.1	-0.1	5.34275
13051102	87	0.1	-0.1	0.980417
13051102	88	0.1	-0.1	-3.63893
13051102	89	0.1	-0.1	0.493501
13051102	90	0.1	-0.1	5.2861
13051102	91	0.1	-0.1	1.31073
13051102	92	0.1	-0.1	3.23367
13051102	93	0.1	-0.1	4.49997
13051102	94	0.1	-0.1	-3.70092
13051102	95	0.1	-0.1	-1.14068
13051102	96	0.1	-0.1	0.230509
13051102	97	0.1	-0.1	-2.62362
13051102	98	0.1	-0.1	0.675974
13051102	99	0.1	-0.1	-0.116078
13051102	100	0.1	-0.1	-4.89929
13051102	101	0.1	-0.1	3.10198
13051102	102	0.1	-0.1	-3.96833
13051102	103	0.1	-0.1	-0.209132
13051102	104	0.1	-0.1	3.41518
13051102	105	0.1	-0.1	-5.32366
13051102	106	0.1	-0.1	-2.84406
13051102	107	0.1	-0.1	0.171658
13051102	108	0.1	-0.1	-4.7484
13051102	109	0.1	-0.1	3.10463
13051102	110	0.1	-0.1	-2.5831
13051102	111	0.1	-0.1	-3.65821
13051102	112	0.1	-0.1	-1.36836
13051102	113	0.1	-0.1	-1.4039
13051102	114	0.1	-0.1	-5.21434
13051102	115	0.1	-0.1	4.45183
13051102	116	0.1	-0.1	5.40824
13051102	117	0.1	-0.1	3.92461
13051102	118	0.1	-0.1	-5.95617
13051102	119	0.1	-0.1	2.12833
13051102	120	0.1	-0.1	5.62069
13051102	121	0.1	-0.1	5.31302
13051102	122	0.1	-0.1	5.71903
13051102	123	0.1	-0.1	5.86332
13051102	124	0.1	-0.1	3.81385
13051102	125	0.1	-0.1	0.542699
13051102	126	0.1	-0.1	-1.59251
13051102	127	0.1	-0.1	5.77021
13051102	128	0.1	-0.1	-2.7257
13051102	129	0.1	-0.1	-2.171
13051102	130	0.1	-0.1	5.28344
13051102	131	0.1	-0.1	3.88363
13051102	132	0.1	-0.1	3.50615
13051102	133	0.1	-0.1	-1.44851
13051102	134	0.1	-0.1	4.31446
13051102	135	0.1	-0.1	1.62008
13051102	136	0.1	-0.1	5.06066
13051102	137	0.1	-0.1	-3.28701
13051102	138	0.1	-0.1	-2.20737
13051102	139	0.1	-0.1	4.10262
13051102	140	0.1	-0.1	-0.549437
13051102	141	0.1	-0.1	0.345252
13051102	142	0.1	-0.1	1.68501
13051102	143	0.1	-0.1	4.75653
13051102	144	0.1	-0.1	-2.46645
13051102	145	0.1	-0.1	-5.82348
13051102	146	0.1	-0.1	-0.204803
13051102	147	0.1	-0.1	-4.35809
13051102	148	0.1	-0.1	2.94083
13051102	149	0.1	-0.1	4.62175
13051102	150	0.1	-0.1	-4.77231
13051102	151	0.1	-0.1	-3.11756
13051102	152	0.1	-0.1	2.76018
13051102	153	0.1	-0.1	-1.46632
13051102	154	0.1	-0.1	-1.39439
13051102	155	0.1	-0.1	-2.1242
13051102	156	0.1	-0.1	2.55717
13051102	157	0.1	-0.1	1.61424
13051102	158	0.1	-0.1	-0.146716
13051102	159	0.1	-0.1	2.39749
13051102	160	0.1	-0.1	0.649843
13051102	161	0.1	-0.1	3.48797
13051102	162	0.1	-0.1	3.37879
13051102	163	0.1	-0.1	-5.99794
13051102	164	0.1	-0.1	1.85157
13051102	165	0.1	-0.1	4.00751
13051102	166	0.1	-0.1	1.76655
13051102	167	0.1	-0.1	-3.91096
13051102	168	0.1	-0.1	-1.96489
13051102	169	0.1	-0.1	0.203687
13051102	170	0.1	-0.1	-1.19958
13051102	171	0.1	-0.1	3.43986
13051102	172	0.1	-0.1	2.20338
13051102	173	0.1	-0.1	3.18713
13051102	174	0.1	-0.1	-3.84178
13051102	175	0.1	-0.1	-5.48366
13051102	176	0.1	-0.1	-2.23101
13051102	177	0.1	-0.1	-5.4229
13051102	178	0.1	-0.1	-1.24189
13051102	179	0.1	-0.1	-0.786545
13051102	180	0.1	-0.1	1.13983
13051102	181	0.1	-0.1	1.58356
13051102	182	0.1	-0.1	3.90577
13051102	183	0.1	-0.1	4.45435
13051102	184	0.1	-0.1	4.19715
13051102	185	0.1	-0.1	-5.17596
13051102	186	0.1	-0.1	-5.15062
13051102	187	0.1	-0.1	-3.03418
13051102	188	0.1	-0.1	-0.36034
13051102	189	0.1	-0.1	-5.02444
13051102	190	0.1	-0.1	-4.17388
13051102	191	0.1	-0.1	-5.79402
13051102	192	0.1	-0.1	1.41913
13051102	193	0.1	-0.1	3.53228
13051102	194	0.1	-0.1	-5.42958
13051102	195	0.1	-0.1	-3.67444
13051102	196	0.1	-0.1	3.05889
13051102	197	0.1	-0.1	3.76991
13051102	198	0.1	-0.1	-4.0153
13051102	199	0.1	-0.1	4.23726
13051102	200	0.1	-0.1	3.42524
13051102	201	0.1	-0.1	5.72076
13051102	202	0.1	-0.1	3.32828
13051102	203	0.1	-0.1	3.27063
13051102	204	0.1	-0.1	-4.01534
13051102	205	0.1	-0.1	4.9884
13051102	206	0.1	-0.1	3.84068
13051102	207	0.1	-0.1	5.46306
13051102	208	0.1	-0.1	-3.79622
13051102	209	0.1	-0.1	-4.38062
13051102	210	0.1	-0.1	-2.88524
13051102	211	0.1	-0.1	-5.92485
13051102	212	0.1	-0.1	3.10759
13051102	213	0.1	-0.1	0.139748
13051102	214	0.1	-0.1	4.64834
13051102	215	0.1	-0.1	5.37654
13051102	216	0.1	-0.1	1.13945
13051102	217	0.1	-0.1	2.5654
13051102	218	0.1	-0.1	-4.58063
13051102	219	0.1	-0.1	2.42643
13051102	220	0.1	-0.1	-2.7738
13051102	221	0.1	-0.1	-2.43527
13051102	222	0.1	-0.1	-0.305807
13051102	223	0.1	-0.1	0.648281
13051102	224	0.1	-0.1	-2.27455
13051102	225	0.1	-0.1	-5.27841
13051102	226	0.1	-0.1	0.902073
13051102	227	0.1	-0.1	3.14425
13051102	228	0.1	-0.1	-5.31835
13051102	229	0.1	-0.1	-3.0766
13051102	230	0.1	-0.1	-2.81434
13051102	231	0.1	-0.1	-3.28523
13051102	232	0.1	-0.1	2.26406
13051102	233	0.1	-0.1	4.62861
13051102	234	0.1	-0.1	-0.581576
13051102	235	0.1	-0.1	-5.89314
13051102	236	0.1	-0.1	2.27791
13051102	237	0.1	-0.1	-3.48246
13051102	238	0.1	-0.1	5.10879
13051102	239	0.1	-0.1	-1.78506
13051102	240	0.1	-0.1	1.49765
13051102	241	0.1	-0.1	5.59461
13051102	242	0.1	-0.1	0.451837
13051102	243	0.1	-0.1	-3.90613
13051102	244	0.1	-0.1	-3.68206
13051102	245	0.1	-0.1	-1.16662
13051102	246	0.1	-0.1	2.9606
13051102	247	0.1	-0.1	4.37391
13051102	248	0.1	-0.1	0.528633
13051102	249	0.1	-0.1	-5.96294
13051102	250	0.1	-0.1	-2.07706
13051102	251	0.1	-0.1	4.19854
13051102	252	0.1	-0.1	-2.35863
13051102	253	0.1	-0.1	1.48412
13051102	254	0.1	-0.1	-5.04919
13051102	255	0.1	-0.1	-3.53168
13051102	256	0.1	-0.1	5.34857
13051102	257	0.1	-0.1	3.41458
13051102	258	0.1	-0.1	-3.70754
13051102	259	0.1	-0.1	5.555
13051102	260	0.1	-0.1	2.03448
13051102	261	0.1	-0.1	-2.75419
13051102	262	0.1	-0.1	-0.840532
13051102	263	0.1	-0.1	3.21415
13051102	264	0.1	-0.1	-3.12172
13051102	265	0.1	-0.1	5.36305
13051102	266	0.1	-0.1	1.83629
13051102	267	0.1	-0.1	-2.31453
13051102	268	0.1	-0.1	3.25931
13051102	269	0.1	-0.1	-1.30089
13051102	270	0.1	-0.1	-3.88479
13051102	271	0.1	-0.1	3.08679
13051102	272	0.1	-0.1	-2.14861
13051102	273	0.1	-0.1	3.03533
13051102	274	0.1	-0.1	4.66839
13051102	275	0.1	-0.1	0.125486
13051102	276	0.1	-0.1	4.03147
13051102	277	0.1	-0.1	3.64351
13051102	278	0.1	-0.1	4.08223
13051102	279	0.1	-0.1	2.08125
13051102	280	0.1	-0.1	1.81282
13051102	281	0.1	-0.1	-1.73981
13051102	282	0.1	-0.1	-1.60107
13051102	283	0.1	-0.1	-5.05588
13051102	284	0.1	-0.1	-2.56293
13051102	285	0.1	-0.1	5.99805
13051102	286	0.1	-0.1	-2.58226
13051102	287	0.1	-0.1	4.5652
13051102	288	0.1	-0.1	-5.5903
13051102	289	0.1	-0.1	-0.52635
13051102	290	0.1	-0.1	-5.963
13051102	291	0.1	-0.1	-0.417637
13051102	292	0.1	-0.1	2.92882
13051102	293	0.1	-0.1	-2.99709
13051102	294	0.1	-0.1	-1.56528
13051102	295	0.1	-0.1	1.35379
13051102	296	0.1	-0.1	-5.81867
13051102	297	0.1	-0.1	4.79113
13051102	298	0.1	-0.1	0.312651
13051102	299	0.1	-0.1	-2.6255
13051102	300	0.1	-0.1	-5.90643
13051102	301	0.1	-0.1	4.23361
13051102	302	0.1	-0.1	-3.27771
13051102	303	0.1	-0.1	-4.64903
13051102	304	0.1	-0.1	2.33029
13051102	305	0.1	-0.1	-1.86118
13051102	306	0.1	-0.1	-2.79745
13051102	307	0.1	-0.1	-3.59703
13051102	308	0.1	-0.1	-2.80351
13051102	309	0.1	-0.1	-5.03743
13051102	310	0.1	-0.1	-0.798829
13051102	311	0.1	-0.1	-1.31358
13051102	312	0.1	-0.1	-1.82615
13051102	313	0.1	-0.1	1.45333
13051102	314	0.1	-0.1	1.09393
13051102	315	0.1	-0.1	2.67885
13051102	316	0.1	-0.1	2.1098
13051102	317	0.1	-0.1	1.32061
13051102	318	0.1	-0.1	-5.65084
13051102	319	0.1	-0.1	1.02932
13051102	320	0.1	-0.1	1.1549
13051102	321	0.1	-0.1	0.977122
13051102	322	0.1	-0.1	2.6614
13051102	323	0.1	-0.1	-4.79442
13051102	324	0.1	-0.1	5.97317
13051102	325	0.1	-0.1	-1.21681
13051102	326	0.1	-0.1	-4.73307
13051102	327	0.1	-0.1	-3.7991
13051102	328	0.1	-0.1	0.521237
13051102	329	0.1	-0.1	-4.53111
13051102	330	0.1	-0.1	1.22237
13051102	331	0.1	-0.1	1.04661
13051102	332	0.1	-0.1	-3.61613
13051102	333	0.1	-0.1	-2.19237
13051102	334	0.1	-0.1	-0.836247
13051102	335	0.1	-0.1	0.553561
13051102	336	0.1	-0.1	-0.614103
13051102	337	0.1	-0.1	0.247355
13051102	338	0.1	-0.1	0.79545
13051102	339	0.1	-0.1	-1.99385
13051102	340	0.1	-0.1	1.0222
13051102	341	0.1	-0.1	-0.0310266
13051102	342	0.1	-0.1	-1.17461
13051102	343	0.1	-0.1	4.99694
13051102	344	0.1	-0.1	-0.611161
13051102	345	0.1	-0.1	-0.820394
13051102	346	0.1	-0.1	3.66347
13051102	347	0.1	-0.1	-1.24762
13051102	348	0.1	-0.1	-0.9657
13051102	349	0.1	-0.1	5.05412
13051102	350	0.1	-0.1	5.85322
13051102	351	0.1	-0.1	-2.60737
13051102	352	0.1	-0.1	5.75459
13051102	353	0.1	-0.1	1.02207
13051102	354	0.1	-0.1	0.766053
13051102	355	0.1	-0.1	-2.1223
13051102	356	0.1	-0.1	-2.73671
13051102	357	0.1	-0.1	-3.81983
13051102	358	0.1	-0.1	1.78395
13051102	359	0.1	-0.1	4.90147
13051102	360	0.1	-0.1	-4.54316
13051102	361	0.1	-0.1	3.55947
13051102	362	0.1	-0.1	-5.39814
13051102	363	0.1	-0.1	2.69029
13051102	364	0.1	-0.1	1.64586
13051102	365	0.1	-0.1	1.15886
13051102	366	0.1	-0.1	-2.3994
13051102	367	0.1	-0.1	2.92377
13051102	368	0.1	-0.1	-4.38762
13051102	369	0.1	-0.1	-0.710078
13051102	370	0.1	-0.1	4.99363
13051102	371	0.1	-0.1	3.54661
13051102	372	0.1	-0.1	-0.949593
13051102	373	0.1	-0.1	-4.0846
13051102	374	0.1	-0.1	4.03667
13051102	375	0.1	-0.1	-1.04513
13051102	376	0.1	-0.1	-0.00219197
13051102	377	0.1	-0.1	-1.7267
13051102	378	0.1	-0.1	-3.13035
13051102	379	0.1	-0.1	-2.36304
13051102	380	0.1	-0.1	-4.2711
13051102	381	0.1	-0.1	3.03717
13051102	382	0.1	-0.1	1.37911
13051102	383	0.1	-0.1	-1.62346
13051102	384	0.1	-0.1	0.14244
13051102	385	0.1	-0.1	-3.70465
13051102	386	0.1	-0.1	-5.88362
13051102	387	0.1	-0.1	-2.32409
13051102	388	0.1	-0.1	-3.43858
13051102	389	0.1	-0.1	3.55475
13051102	390	0.1	-0.1	-3.20089
13051102	391	0.1	-0.1	-4.86837
13051102	392	0.1	-0.1	5.53264
13051102	393	0.1	-0.1	-0.890457
13051102	394	0.1	-0.1	2.9588
13051102	395	0.1	-0.1	-3.38496
13051102	396	0.1	-0.1	-4.67475
13051102	397	0.1	-0.1	-5.86285
13051102	398	0.1	-0.1	-0.36212
13051102	399	0.1	-0.1	-1.98449
13051102	400	0.1	-0.1	-2.95761
13051102	401	0.1	-0.1	5.84128
13051102	402	0.1	-0.1	3.42483
13051102	403	0.1	-0.1	-1.0121
13051102	404	0.1	-0.1	-2.45142
13051102	405	0.1	-0.1	-1.91824
13051102	406	0.1	-0.1	5.6848
13051102	407	0.1	-0.1	1.10572
13051102	408	0.1	-0.1	-0.121564
13051102	409	0.1	-0.1	-0.855974
13051102	410	0.1	-0.1	4.46917
13051102	411	0.1	-0.1	4.67402
13051102	412	0.1	-0.1	-5.07077
13051102	413	0.1	-0.1	0.290702
13051102	414	0.1	-0.1	4.44566
13051102	415	0.1	-0.1	-4.12452
13051102	416	0.1	-0.1	-2.08006
13051102	417	0.1	-0.1	-5.82081
13051102	418	0.1	-0.1	5.23045
13051102	419	0.1	-0.1	2.84288
13051102	420	0.1	-0.1	-2.23558
13051102	421	0.1	-0.1	5.30758
13051102	422	0.1	-0.1	3.596
13051102	423	0.1	-0.1	-3.20866
13051102	424	0.1	-0.1	2.31194
13051102	425	0.1	-0.1	1.39528
13051102	426	0.1	-0.1	4.58267
13051102	427	0.1	-0.1	-4.30748
13051102	428	0.1	-0.1	0.808358
13051102	429	0.1	-0.1	0.833868
13051102	430	0.1	-0.1	2.62843
13051102	431	0.1	-0.1	4.13132
13051102	432	0.1	-0.1	1.75767
13051102	433	0.1	-0.1	-2.30096
13051102	434	0.1	-0.1	4.53169
13051102	435	0.1	-0.1	4.67063
13051102	436	0.1	-0.1	-0.355133
13051102	437	0.1	-0.1	-0.785086
13051102	438	0.1	-0.1	-5.75505
13051102	439	0.1	-0.1	0.592685
13051102	440	0.1	-0.1	-1.72487
13051102	441	0.1	-0.1	1.33431
13051102	442	0.1	-0.1	-5.42286
13051102	443	0.1	-0.1	4.55
13051102	444	0.1	-0.1	-1.9224
13051102	445	0.1	-0.1	5.02841
13051102	446	0.1	-0.1	-0.370458
13051102	447	0.1	-0.1	3.2883
13051102	448	0.1	-0.1	1.46029
13051102	449	0.1	-0.1	-4.48998
13051102	450	0.1	-0.1	4.97486
13051102	451	0.1	-0.1	3.28937
13051102	452	0.1	-0.1	-3.46484
13051102	453	0.1	-0.1	1.87707
13051102	454	0.1	-0.1	-3.4942
13051102	455	0.1	-0.1	3.57669
13051102	456	0.1	-0.1	-5.29502
13051102	457	0.1	-0.1	4.09672
13051102	458	0.1	-0.1	-5.87722
13051102	459	0.1	-0.1	3.23193
13051102	460	0.1	-0.1	-3.0975
13051102	461	0.1	-0.1	0.294566
13051102	462	0.1	-0.1	-4.06648
13051102	463	0.1	-0.1	4.86337
13051102	464	0.1	-0.1	1.56407
13051102	465	0.1	-0.1	5.54514
13051102	466	0.1	-0.1	3.56257
13051102	467	0.1	-0.1	3.95757
13051102	468	0.1	-0.1	2.1232
13051102	469	0.1	-0.1	4.91097
13051102	470	0.1	-0.1	-0.914584
13051102	471	0.1	-0.1	2.94604
13051102	472	0.1	-0.1	1.28724
13051102	473	0.1	-0.1	1.63495
13051102	474	0.1	-0.1	-4.4073
13051102	475	0.1	-0.1	2.6871
13051102	476	0.1	-0.1	-1.1541
13051102	477	0.1	-0.1	3.74433
13051102	478	0.1	-0.1	-0.104317
13051102	479	0.1	-0.1	-3.03223
13051102	480	0.1	-0.1	-0.133191
13051102	481	0.1	-0.1	-5.18802
13051102	482	0.1	-0.1	2.74926
13051102	483	0.1	-0.1	4.85826
13051102	484	0.1	-0.1	-3.6553
13051102	485	0.1	-0.1	3.93694
13051102	486	0.1	-0.1	-3.16578
13051102	487	0.1	-0.1	4.38628
13051102	488	0.1	-0.1	3.72459
13051102	489	0.1	-0.1	0.74076
13051102	490	0.1	-0.1	-1.24354
13051102	491	0.1	-0.1	2.62067
13051102	492	0.1	-0.1	-4.40689
13051102	493	0.1	-0.1	-5.97405
13051102	494	0.1	-0.1	0.839745
13051102	495	0.1	-0.1	-5.91965
13051102	496	0.1	-0.1	3.32697
13051102	497	0.1	-0.1	-0.156101
13051102	498	0.1	-0.1	-1.20966
13051102	499	0.1	-0.1	-0.440153
13051102	500	0.1	-0.1	1.81835
13051102	501	0.1	-0.1	1.42197
13051102	502	0.1	-0.1	2.8593
13051102	503	0.1	-0.1	-3.68499
13051102	504	0.1	-0.1	-0.322362
13051102	505	0.1	-0.1	1.72924
13051102	506	0.1	-0.1	5.38392
13051102	507	0.1	-0.1	-3.37486
13051102	508	0.1	-0.1	5.13401
13051102	509	0.1	-0.1	2.71852
13051102	510	0.1	-0.1	0.845202
13051102	511	0.1	-0.1	-1.49494
13051102	512	0.1	-0.1	2.64773
13051102	513	0.1	-0.1	-0.661401
13051102	514	0.1	-0.1	-1.1629
13051102	515	0.1	-0.1	1.15487
13051102	516	0.1	-0.1	-4.8041
13051102	517	0.1	-0.1	-2.16169
13051102	518	0.1	-0.1	-2.74496
13051102	519	0.1	-0.1	-3.2335
13051102	520	0.1	-0.1	-5.87786
13051102	521	0.1	-0.1	-0.397948
13051102	522	0.1	-0.1	-3.79489
13051102	523	0.1	-0.1	-2.41256
13051102	524	0.1	-0.1	2.71724
13051102	525	0.1	-0.1	-5.3247
13051102	526	0.1	-0.1	-3.82224
13051102	527	0.1	-0.1	0.734625
13051102	528	0.1	-0.1	-1.02671
13051102	529	0.1	-0.1	3.92654
13051102	530	0.1	-0.1	-0.506127
13051102	531	0.1	-0.1	-1.03658
13051102	532	0.1	-0.1	1.78259
13051102	533	0.1	-0.1	-0.234778
13051102	534	0.1	-0.1	0.971145
13051102	535	0.1	-0.1	-2.80224
13051102	536	0.1	-0.1	-5.36548
13051102	537	0.1	-0.1	0.828112
13051102	538	0.1	-0.1	-3.76515
13051102	539	0.1	-0.1	0.883942
13051102	540	0.1	-0.1	-2.32937
13051102	541	0.1	-0.1	5.23832
13051102	542	0.1	-0.1	-3.04539
13051102	543	0.1	-0.1	0.453939
13051102	544	0.1	-0.1	-5.16746
13051102	545	0.1	-0.1	-5.07701
13051102	546	0.1	-0.1	5.65223
13051102	547	0.1	-0.1	-2.58643
13051102	548	0.1	-0.1	3.95465
13051102	549	0.1	-0.1	0.230066
13051102	550	0.1	-0.1	2.07198
13051102	551	0.1	-0.1	-2.75275
13051102	552	0.1	-0.1	2.18083
13051102	553	0.1	-0.1	-0.157169
13051102	554	0.1	-0.1	5.38788
13051102	555	0.1	-0.1	-1.74855
13051102	556	0.1	-0.1	-3.58117
13051102	557	0.1	-0.1	4.39792
13051102	558	0.1	-0.1	5.62594
13051102	559	0.1	-0.1	-2.76241
13051102	560	0.1	-0.1	-3.48458
13051102	561	0.1	-0.1	-5.85832
13051102	562	0.1	-0.1	-3.26552
13051102	563	0.1	-0.1	-4.18439
13051102	564	0.1	-0.1	5.06141
13051102	565	0.1	-0.1	-4.89932
13051102	566	0.1	-0.1	-0.379406
13051102	567	0.1	-0.1	1.07933
13051102	568	0.1	-0.1	5.32571
13051102	569	0.1	-0.1	-1.21272
13051102	570	0.1	-0.1	-3.99876
13051102	571	0.1	-0.1	0.262178
13051102	572	0.1	-0.1	3.99603
13051102	573	0.1	-0.1	-2.07966
13051102	574	0.1	-0.1	3.57849
13051102	575	0.1	-0.1	-5.13631
13051102	576	0.1	-0.1	-4.8426
13051102	577	0.1	-0.1	0.530284
13051102	578	0.1	-0.1	5.30911
13051102	579	0.1	-0.1	-3.47938
13051102	580	0.1	-0.1	4.28833
13051102	581	0.1	-0.1	5.2059
13051102	582	0.1	-0.1	4.83495
13051102	583	0.1	-0.1	4.62636
13051102	584	0.1	-0.1	-0.340998
13051102	585	0.1	-0.1	-0.346641
13051102	586	0.1	-0.1	-0.157558
13051102	587	0.1	-0.1	-4.77521
13051102	588	0.1	-0.1	-0.992704
13051102	589	0.1	-0.1	4.89309
13051102	590	0.1	-0.1	-5.55919
13051102	591	0.1	-0.1	-4.11022
13051102	592	0.1	-0.1	4.39032
13051102	593	0.1	-0.1	4.33329
13051102	594	0.1	-0.1	0.777983
13051102	595	0.1	-0.1	-3.97711
13051102	596	0.1	-0.1	1.11647
13051102	597	0.1	-0.1	5.38573
13051102	598	0.1	-0.1	2.35087
13051102	599	0.1	-0.1	-0.523441
13051102	600	0.1	-0.1	-0.775451
13051102	601	0.1	-0.1	-0.352274
13051102	602	0.1	-0.1	0.818401
13051102	603	0.1	-0.1	-5.93054
13051102	604	0.1	-0.1	-4.74275
13051102	605	0.1	-0.1	3.57966
13051102	606	0.1	-0.1	0.339301
13051102	607	0.1	-0.1	0.544585
13051102	608	0.1	-0.1	0.0348557
13051102	609	0.1	-0.1	-3.60838
13051102	610	0.1	-0.1	-2.26515
13051102	611	0.1	-0.1	3.8104
13051102	612	0.1	-0.1	1.63527
13051102	613	0.1	-0.1	3.03828
13051102	614	0.1	-0.1	-1.93076
13051102	615	0.1	-0.1	-2.56929
13051102	616	0.1	-0.1	-3.5473
13051102	617	0.1	-0.1	-0.551794
13051102	618	0.1	-0.1	-1.67712
13051102	619	0.1	-0.1	2.54718
13051102	620	0.1	-0.1	-4.61204
13051102	621	0.1	-0.1	-0.0605525
13051102	622	0.1	-0.1	5.26861
13051102	623	0.1	-0.1	-1.22641
13051102	624	0.1	-0.1	-1.03015
13051102	625	0.1	-0.1	-1.62528
13051102	626	0.1	-0.1	-0.122242
13051102	627	0.1	-0.1	0.391943
13051102	628	0.1	-0.1	-3.71742
13051102	629	0.1	-0.1	-1.6566
13051102	630	0.1	-0.1	1.39231
13051102	631	0.1	-0.1	-1.18437
13051102	632	0.1	-0.1	-0.541706
13051102	633	0.1	-0.1	-3.91931
13051102	634	0.1	-0.1	0.876711
13051102	635	0.1	-0.1	-1.1008
13051102	636	0.1	-0.1	5.12376
13051102	637	0.1	-0.1	-0.644036
13051102	638	0.1	-0.1	1.07339
13051102	639	0.1	-0.1	-3.11742
13051102	640	0.1	-0.1	5.61504
13051102	641	0.1	-0.1	2.49759
13051102	642	0.1	-0.1	-0.811355
13051102	643	0.1	-0.1	-2.73796
13051102	644	0.1	-0.1	-5.59954
13051102	645	0.1	-0.1	2.42412
13051102	646	0.1	-0.1	5.3703
13051102	647	0.1	-0.1	2.03698
13051102	648	0.1	-0.1	-4.07372
13051102	649	0.1	-0.1	-3.77987
13051102	650	0.1	-0.1	-4.74979
13051102	651	0.1	-0.1	5.21758
13051102	652	0.1	-0.1	-1.46495
13051102	653	0.1	-0.1	3.12582
13051102	654	0.1	-0.1	2.40985
13051102	655	0.1	-0.1	-5.10689
13051102	656	0.1	-0.1	3.64467
13051102	657	0.1	-0.1	0.615764
13051102	658	0.1	-0.1	-1.22682
13051102	659	0.1	-0.1	-4.17602
13051102	660	0.1	-0.1	-3.10636
13051102	661	0.1	-0.1	4.90046
13051102	662	0.1	-0.1	-3.22114
13051102	663	0.1	-0.1	1.28701
13051102	664	0.1	-0.1	5.19218
13051102	665	0.1	-0.1	1.47508
13051102	666	0.1	-0.1	0.89388
13051102	667	0.1	-0.1	-0.603694
13051102	668	0.1	-0.1	2.93055
13051102	669	0.1	-0.1	1.5082
13051102	670	0.1	-0.1	2.9592
13051102	671	0.1	-0.1	5.54546
13051102	672	0.1	-0.1	1.01723
13051102	673	0.1	-0.1	-5.26487
13051102	674	0.1	-0.1	0.945857
13051102	675	0.1	-0.1	-1.35375
13051102	676	0.1	-0.1	-1.9922
13051102	677	0.1	-0.1	-1.89429
13051102	678	0.1	-0.1	0.324353
13051102	679	0.1	-0.1	-5.25068
13051102	680	0.1	-0.1	-5.90084
13051102	681	0.1	-0.1	-1.1808
13051102	682	0.1	-0.1	-3.09131
13051102	683	0.1	-0.1	-1.9284
13051102	684	0.1	-0.1	5.07846
13051102	685	0.1	-0.1	4.53381
13051102	686	0.1	-0.1	-4.85162
13051102	687	0.1	-0.1	0.272031
13051102	688	0.1	-0.1	-4.45238
13051102	689	0.1	-0.1	-3.35058
13051102	690	0.1	-0.1	-3.14739
13051102	691	0.1	-0.1	3.37872
13051102	692	0.1	-0.1	-5.1853
13051102	693	0.1	-0.1	-0.908117
13051102	694	0.1	-0.1	-0.649327
13051102	695	0.1	-0.1	-4.59134
13051102	696	0.1	-0.1	3.31635
13051102	697	0.1	-0.1	3.93826
13051102	698	0.1	-0.1	-1.22309
13051102	699	0.1	-0.1	-1.08303
13051102	700	0.1	-0.1	3.5777
13051102	701	0.1	-0.1	-1.97866
13051102	702	0.1	-0.1	1.52269
13051102	703	0.1	-0.1	-2.74547
13051102	704	0.1	-0.1	4.97979
13051102	705	0.1	-0.1	-1.88644
13051102	706	0.1	-0.1	-3.27794
13051102	707	0.1	-0.1	-3.72329
13051102	708	0.1	-0.1	-3.83727
13051102	709	0.1	-0.1	0.241944
13051102	710	0.1	-0.1	-3.01867
13051102	711	0.1	-0.1	-5.5306
13051102	712	0.1	-0.1	1.37775
13051102	713	0.1	-0.1	-1.19242
13051102	714	0.1	-0.1	-3.97646
13051102	715	0.1	-0.1	-0.157524
13051102	716	0.1	-0.1	-5.61718
13051102	717	0.1	-0.1	3.79686
13051102	718	0.1	-0.1	-3.39018
13051102	719	0.1	-0.1	3.78206
13051102	720	0.1	-0.1	-4.50152
13051102	721	0.1	-0.1	-5.79274
13051102	722	0.1	-0.1	-5.09212
13051102	723	0.1	-0.1	4.14142
13051102	724	0.1	-0.1	4.17732
13051102	725	0.1	-0.1	1.01451
13051102	726	0.1	-0.1	-5.29507
13051102	727	0.1	-0.1	-5.45532
13051102	728	0.1	-0.1	1.41709
13051102	729	0.1	-0.1	-2.37874
13051102	730	0.1	-0.1	-4.49667
13051102	731	0.1	-0.1	0.931733
13051102	732	0.1	-0.1	1.51615
13051102	733	0.1	-0.1	1.39929
13051102	734	0.1	-0.1	5.03133
13051102	735	0.1	-0.1	4.97543
13051102	736	0.1	-0.1	-3.98122
13051102	737	0.1	-0.1	-1.91525
13051102	738	0.1	-0.1	-2.05336
13051102	739	0.1	-0.1	-3.86017
13051102	740	0.1	-0.1	3.2527
13051102	741	0.1	-0.1	1.26972
13051102	742	0.1	-0.1	-2.93236
13051102	743	0.1	-0.1	-3.91587
13051102	744	0.1	-0.1	0.925355
13051102	745	0.1	-0.1	3.45809
13051102	746	0.1	-0.1	-4.70705
13051102	747	0.1	-0.1	-3.51931
13051102	748	0.1	-0.1	-3.10466
13051102	749	0.1	-0.1	4.4189
13051102	750	0.1	-0.1	0.0253472
13051102	751	0.1	-0.1	-0.705935
13051102	752	0.1	-0.1	-4.32511
13051102	753	0.1	-0.1	-0.243257
13051102	754	0.1	-0.1	1.18306
13051102	755	0.1	-0.1	-2.05888
13051102	756	0.1	-0.1	4.77835
13051102	757	0.1	-0.1	-2.67615
13051102	758	0.1	-0.1	3.56569
13051102	759	0.1	-0.1	5.98203
13051102	760	0.1	-0.1	-2.00575
13051102	761	0.1	-0.1	4.01689
13051102	762	0.1	-0.1	0.375045
13051102	763	0.1	-0.1	4.10488
13051102	764	0.1	-0.1	1.40074
13051102	765	0.1	-0.1	3.07728
13051102	766	0.1	-0.1	5.63356
13051102	767	0.1	-0.1	-4.89163
13051102	768	0.1	-0.1	-2.85786
13051102	769	0.1	-0.1	-5.0246
13051102	770	0.1	-0.1	0.0761092
13051102	771	0.1	-0.1	-4.3053
13051102	772	0.1	-0.1	2.96177
13051102	773	0.1	-0.1	-3.95033
13051102	774	0.1	-0.1	-2.41638
13051102	775	0.1	-0.1	-3.9397
13051102	776	0.1	-0.1	-1.98863
13051102	777	0.1	-0.1	-4.29566
13051102	778	0.1	-0.1	3.17903
13051102	779	0.1	-0.1	-0.643362
13051102	780	0.1	-0.1	3.17863
13051102	781	0.1	-0.1	1.79427
13051102	782	0.1	-0.1	-2.89042
13051102	783	0.1	-0.1	3.38338
13051102	784	0.1	-0.1	0.015939
13051102	785	0.1	-0.1	-4.13754
13051102	786	0.1	-0.1	3.75854
13051102	787	0.1	-0.1	5.73626
13051102	788	0.1	-0.1	-4.87079
13051102	789	0.1	-0.1	2.52772
13051102	790	0.1	-0.1	2.06916
13051102	791	0.1	-0.1	2.88663
13051102	792	0.1	-0.1	2.78089
13051102	793	0.1	-0.1	-3.96672
13051102	794	0.1	-0.1	4.08357
13051102	795	0.1	-0.1	-1.47207
13051102	796	0.1	-0.1	1.07451
13051102	797	0.1	-0.1	4.47551
13051102	798	0.1	-0.1	2.2225
13051102	799	0.1	-0.1	4.60912
13051102	800	0.1	-0.1	-1.33513
13051102	801	0.1	-0.1	-0.240131
13051102	802	0.1	-0.1	-0.74867
13051102	803	0.1	-0.1	-5.49603
13051102	804	0.1	-0.1	2.02659
13051102	805	0.1	-0.1	-4.86811
13051102	806	0.1	-0.1	-2.97689
13051102	807	0.1	-0.1	-0.19548
13051102	808	0.1	-0.1	1.99936
13051102	809	0.1	-0.1	-2.15277
13051102	810	0.1	-0.1	3.42828
13051102	811	0.1	-0.1	-4.2697
13051102	812	0.1	-0.1	-1.68844
13051102	813	0.1	-0.1	-4.65006
13051102	814	0.1	-0.1	-1.3289
13051102	815	0.1	-0.1	-5.43111
13051102	816	0.1	-0.1	3.02043
13051102	817	0.1	-0.1	-2.07957
13051102	818	0.1	-0.1	3.6204
13051102	819	0.1	-0.1	0.685196
13051102	820	0.1	-0.1	-3.56012
13051102	821	0.1	-0.1	-1.81925
13051102	822	0.1	-0.1	5.84508
13051102	823	0.1	-0.1	-5.81854
13051102	824	0.1	-0.1	2.64065
13051102	825	0.1	-0.1	-3.36209
13051102	826	0.1	-0.1	-5.85338
13051102	827	0.1	-0.1	-2.87858
13051102	828	0.1	-0.1	-2.91218
13051102	829	0.1	-0.1	3.80443
13051102	830	0.1	-0.1	4.70381
13051102	831	0.1	-0.1	3.08817
13051102	832	0.1	-0.1	5.40025
13051102	833	0.1	-0.1	4.03284
13051102	834	0.1	-0.1	-1.45134
13051102	835	0.1	-0.1	-5.49714
13051102	836	0.1	-0.1	-5.81735
13051102	837	0.1	-0.1	-2.01888
13051102	838	0.1	-0.1	0.071603
13051102	839	0.1	-0.1	1.01405
13051102	840	0.1	-0.1	5.0491
13051102	841	0.1	-0.1	-3.72788
13051102	842	0.1	-0.1	0.354365
13051102	843	0.1	-0.1	-5.11512
13051102	844	0.1	-0.1	2.52386
13051102	845	0.1	-0.1	-2.74846
13051102	846	0.1	-0.1	-1.82796
13051102	847	0.1	-0.1	2.34611
13051102	848	0.1	-0.1	2.35327
13051102	849	0.1	-0.1	3.59037
13051102	850	0.1	-0.1	-3.95827
13051102	851	0.1	-0.1	-5.53396
13051102	852	0.1	-0.1	-2.59871
13051102	853	0.1	-0.1	-0.566007
13051102	854	0.1	-0.1	-5.13509
13051102	855	0.1	-0.1	1.42644
13051102	856	0.1	-0.1	-0.675392
13051102	857	0.1	-0.1	-4.32604
13051102	858	0.1	-0.1	1.87738
13051102	859	0.1	-0.1	3.13775
13051102	860	0.1	-0.1	-0.959475
13051102	861	0.1	-0.1	5.55375
13051102	862	0.1	-0.1	-4.05992
13051102	863	0.1	-0.1	-0.292108
13051102	864	0.1	-0.1	-2.42546
13051102	865	0.1	-0.1	4.11895
13051102	866	0.1	-0.1	3.84667
13051102	867	0.1	-0.1	2.07378
13051102	868	0.1	-0.1	-3.57293
13051102	869	0.1	-0.1	0.850857
13051102	870	0.1	-0.1	1.44597
13051102	871	0.1	-0.1	5.4392
13051102	872	0.1	-0.1	3.13078
13051102	873	0.1	-0.1	-2.84724
13051102	874	0.1	-0.1	0.475665
13051102	875	0.1	-0.1	-4.44759
13051102	876	0.1	-0.1	-4.2966
13051102	877	0.1	-0.1	-3.11153
13051102	878	0.1	-0.1	3.51145
13051102	879	0.1	-0.1	5.80838
13051102	880	0.1	-0.1	-1.07602
13051102	881	0.1	-0.1	4.78111
13051102	882	0.1	-0.1	2.49855
13051102	883	0.1	-0.1	-3.14981
13051102	884	0.1	-0.1	2.69384
13051102	885	0.1	-0.1	-2.43115
13051102	886	0.1	-0.1	3.72587
13051102	887	0.1	-0.1	0.871015
13051102	888	0.1	-0.1	2.45461
13051102	889	0.1	-0.1	2.78516
13051102	890	0.1	-0.1	-2.78315
13051102	891	0.1	-0.1	-2.26489
13051102	892	0.1	-0.1	4.26491
13051102	893	0.1	-0.1	2.44618
13051102	894	0.1	-0.1	-0.210074
13051102	895	0.1	-0.1	2.76346
13051102	896	0.1	-0.1	3.84322
13051102	897	0.1	-0.1	-2.67118
13051102	898	0.1	-0.1	-2.38856
13051102	899	0.1	-0.1	5.32778
13051102	900	0.1	-0.1	-2.11255
13051102	901	0.1	-0.1	1.4088
13051102	902	0.1	-0.1	2.62402
13051102	903	0.1	-0.1	-2.53541
13051102	904	0.1	-0.1	-5.05119
13051102	905	0.1	-0.1	4.67702
13051102	906	0.1	-0.1	5.12138
13051102	907	0.1	-0.1	2.11063
13051102	908	0.1	-0.1	-0.886782
13051102	909	0.1	-0.1	5.83331
13051102	910	0.1	-0.1	4.14352
13051102	911	0.1	-0.1	0.950484
13051102	912	0.1	-0.1	0.749679
13051102	913	0.1	-0.1	-2.44471
13051102	914	0.1	-0.1	-3.89334
13051102	915	0.1	-0.1	-0.0154427
13051102	916	0.1	-0.1	3.44846
13051102	917	0.1	-0.1	-5.57991
13051102	918	0.1	-0.1	5.29999
13051102	919	0.1	-0.1	-2.69188
13051102	920	0.1	-0.1	5.1004
13051102	921	0.1	-0.1	0.0631006
13051102	922	0.1	-0.1	4.5455
13051102	923	0.1	-0.1	3.18852
13051102	924	0.1	-0.1	4.11938
13051102	925	0.1	-0.1	-4.50582
13051102	926	0.1	-0.1	-4.57739
13051102	927	0.1	-0.1	2.63554
13051102	928	0.1	-0.1	-4.46596
13051102	929	0.1	-0.1	-1.94779
13051102	930	0.1	-0.1	-1.44399
13051102	931	0.1	-0.1	0.0238817
13051102	932	0.1	-0.1	-3.67684
13051102	933	0.1	-0.1	-1.03832
13051102	934	0.1	-0.1	-4.95348
13051102	935	0.1	-0.1	4.1211
13051102	936	0.1	-0.1	4.93472
13051102	937	0.1	-0.1	2.29358
13051102	938	0.1	-0.1	2.81467
13051102	939	0.1	-0.1	5.24499
13051102	940	0.1	-0.1	5.123
13051102	941	0.1	-0.1	-3.08106
13051102	942	0.1	-0.1	0.942126
13051102	943	0.1	-0.1	4.49782
13051102	944	0.1	-0.1	-0.241973
13051102	945	0.1	-0.1	-4.87203
13051102	946	0.1	-0.1	-2.79727
13051102	947	0.1	-0.1	-1.11252
13051102	948	0.1	-0.1	-5.77775
13051102	949	0.1	-0.1	1.29972
13051102	950	0.1	-0.1	2.39459
13051102	951	0.1	-0.1	5.15352
13051102	952	0.1	-0.1	1.97999
13051102	953	0.1	-0.1	4.51005
13051102	954	0.1	-0.1	4.37078
13051102	955	0.1	-0.1	-4.61179
13051102	956	0.1	-0.1	4.98682
13051102	957	0.1	-0.1	0.349815
13051102	958	0.1	-0.1	5.2227
13051102	959	0.1	-0.1	3.71809
13051102	960	0.1	-0.1	0.547903
13051102	961	0.1	-0.1	2.73757
13051102	962	0.1	-0.1	3.94112
13051102	963	0.1	-0.1	-4.05775
13051102	964	0.1	-0.1	5.58883
13051102	965	0.1	-0.1	-1.05435
13051102	966	0.1	-0.1	3.99868
13051102	967	0.1	-0.1	1.01576
13051102	968	0.1	-0.1	0.70723
13051102	969	0.1	-0.1	-3.73454
13051102	970	0.1	-0.1	3.44149
13051102	971	0.1	-0.1	-3.42538
13051102	972	0.1	-0.1	0.276033
13051102	973	0.1	-0.1	3.07433
13051102	974	0.1	-0.1	-5.30238
13051102	975	0.1	-0.1	-3.31495
13051102	976	0.1	-0.1	4.77733
13051102	977	0.1	-0.1	0.494579
13051102	978	0.1	-0.1	2.74124
13051102	979	0.1	-0.1	-3.43561
13051102	980	0.1	-0.1	1.04837
13051102	981	0.1	-0.1	-2.6201
13051102	982	0.1	-0.1	5.37564
13051102	983	0.1	-0.1	-1.77421
13051102	984	0.1	-0.1	0.813351
13051102	985	0.1	-0.1	5.63944
13051102	986	0.1	-0.1	3.67747
13051102	987	0.1	-0.1	-5.33495
13051102	988	0.1	-0.1	0.163212
13051102	989	0.1	-0.1	5.01483
13051102	990	0.1	-0.1	2.91973
13051102	991	0.1	-0.1	4.44289
13051102	992	0.1	-0.1	-3.12283
13051102	993	0.1	-0.1	1.38484
13051102	994	0.1	-0.1	4.84527
13051102	995	0.1	-0.1	-0.252576
13051102	996	0.1	-0.1	-2.62765
13051102	997	0.1	-0.1	1.29164
13051102	998	0.1	-0.1	-1.38242
13051102	999	0.1	-0.1	2.96279
13051102	1000	0.1	-0.1	2.91987
