13054085	1	0.1	-0.1	3.60106
13054085	2	0.1	-0.1	0.392918
13054085	3	0.1	-0.1	-2.13002
13054085	4	0.1	-0.1	-1.56529
13054085	5	0.1	-0.1	2.08837
13054085	6	0.1	-0.1	-0.678702
13054085	7	0.1	-0.1	-3.41237
13054085	8	0.1	-0.1	-4.32182
13054085	9	0.1	-0.1	-2.70303
13054085	10	0.1	-0.1	-3.56509
13054085	11	0.1	-0.1	-5.37319
13054085	12	0.1	-0.1	3.99846
13054085	13	0.1	-0.1	3.28124
13054085	14	0.1	-0.1	3.01172
13054085	15	0.1	-0.1	-2.46391
13054085	16	0.1	-0.1	4.16822
13054085	17	0.1	-0.1	-0.822589
13054085	18	0.1	-0.1	3.51234
13054085	19	0.1	-0.1	2.53233
13054085	20	0.1	-0.1	3.93469
13054085	21	0.1	-0.1	2.15941
13054085	22	0.1	-0.1	3.9508
13054085	23	0.1	-0.1	5.62816
13054085	24	0.1	-0.1	0.118852
13054085	25	0.1	-0.1	-5.4674
13054085	26	0.1	-0.1	0.502701
13054085	27	0.1	-0.1	-3.15733
13054085	28	0.1	-0.1	3.25351
13054085	29	0.1	-0.1	3.13034
13054085	30	0.1	-0.1	-0.62982
13054085	31	0.1	-0.1	4.32914
13054085	32	0.1	-0.1	-3.70875
13054085	33	0.1	-0.1	-5.13912
13054085	34	0.1	-0.1	-3.92842
13054085	35	0.1	-0.1	2.14431
13054085	36	0.1	-0.1	-0.109023
13054085	37	0.1	-0.1	-2.80623
13054085	38	0.1	-0.1	-4.51853
13054085	39	0.1	-0.1	0.127242
13054085	40	0.1	-0.1	-4.38113
13054085	41	0.1	-0.1	-1.58144
13054085	42	0.1	-0.1	-2.68195
13054085	43	0.1	-0.1	-3.99743
13054085	44	0.1	-0.1	4.2356
13054085	45	0.1	-0.1	0.0812376
13054085	46	0.1	-0.1	-5.11375
13054085	47	0.1	-0.1	3.29623
13054085	48	0.1	-0.1	3.68952
13054085	49	0.1	-0.1	5.97658
13054085	50	0.1	-0.1	2.08213
13054085	51	0.1	-0.1	4.19661
13054085	52	0.1	-0.1	-1.67472
13054085	53	0.1	-0.1	5.58385
13054085	54	0.1	-0.1	4.16437
13054085	55	0.1	-0.1	3.21901
13054085	56	0.1	-0.1	4.35996
13054085	57	0.1	-0.1	-4.05412
13054085	58	0.1	-0.1	0.0114815
13054085	59	0.1	-0.1	4.62666
13054085	60	0.1	-0.1	-3.17358
13054085	61	0.1	-0.1	-4.19675
13054085	62	0.1	-0.1	3.83027
13054085	63	0.1	-0.1	0.917455
13054085	64	0.1	-0.1	1.84171
13054085	65	0.1	-0.1	-1.53814
13054085	66	0.1	-0.1	5.82091
13054085	67	0.1	-0.1	4.40334
13054085	68	0.1	-0.1	4.22158
13054085	69	0.1	-0.1	0.45796
13054085	70	0.1	-0.1	5.09224
13054085	71	0.1	-0.1	4.01922
13054085	72	0.1	-0.1	5.0036
13054085	73	0.1	-0.1	0.248949
13054085	74	0.1	-0.1	2.45353
13054085	75	0.1	-0.1	0.752862
13054085	76	0.1	-0.1	3.45483
13054085	77	0.1	-0.1	-2.85238
13054085	78	0.1	-0.1	3.53926
13054085	79	0.1	-0.1	2.14976
13054085	80	0.1	-0.1	1.46937
13054085	81	0.1	-0.1	1.26921
13054085	82	0.1	-0.1	-1.39439
13054085	83	0.1	-0.1	5.30935
13054085	84	0.1	-0.1	0.269997
13054085	85	0.1	-0.1	-4.74555
13054085	86	0.1	-0.1	-5.98778
13054085	87	0.1	-0.1	1.95038
13054085	88	0.1	-0.1	4.00052
13054085	89	0.1	-0.1	4.81483
13054085	90	0.1	-0.1	-0.990298
13054085	91	0.1	-0.1	-4.38565
13054085	92	0.1	-0.1	-4.1498
13054085	93	0.1	-0.1	1.77806
13054085	94	0.1	-0.1	2.24067
13054085	95	0.1	-0.1	3.27284
13054085	96	0.1	-0.1	-4.1013
13054085	97	0.1	-0.1	-4.91263
13054085	98	0.1	-0.1	0.608317
13054085	99	0.1	-0.1	-2.68586
13054085	100	0.1	-0.1	-0.894599
13054085	101	0.1	-0.1	-5.46546
13054085	102	0.1	-0.1	1.26011
13054085	103	0.1	-0.1	2.91261
13054085	104	0.1	-0.1	1.51495
13054085	105	0.1	-0.1	-2.93458
13054085	106	0.1	-0.1	-1.45578
13054085	107	0.1	-0.1	3.70805
13054085	108	0.1	-0.1	-3.46034
13054085	109	0.1	-0.1	1.35983
13054085	110	0.1	-0.1	0.154749
13054085	111	0.1	-0.1	-4.34878
13054085	112	0.1	-0.1	5.13006
13054085	113	0.1	-0.1	-5.95957
13054085	114	0.1	-0.1	1.19436
13054085	115	0.1	-0.1	1.87779
13054085	116	0.1	-0.1	-0.147778
13054085	117	0.1	-0.1	2.66159
13054085	118	0.1	-0.1	0.301021
13054085	119	0.1	-0.1	1.05282
13054085	120	0.1	-0.1	-1.47187
13054085	121	0.1	-0.1	5.66131
13054085	122	0.1	-0.1	2.36854
13054085	123	0.1	-0.1	2.00252
13054085	124	0.1	-0.1	5.97791
13054085	125	0.1	-0.1	-2.18008
13054085	126	0.1	-0.1	0.500042
13054085	127	0.1	-0.1	-5.35212
13054085	128	0.1	-0.1	-3.59397
13054085	129	0.1	-0.1	-2.16417
13054085	130	0.1	-0.1	-3.97046
13054085	131	0.1	-0.1	4.811
13054085	132	0.1	-0.1	1.6797
13054085	133	0.1	-0.1	-3.5117
13054085	134	0.1	-0.1	-4.56198
13054085	135	0.1	-0.1	3.67489
13054085	136	0.1	-0.1	0.688312
13054085	137	0.1	-0.1	5.15345
13054085	138	0.1	-0.1	5.6021
13054085	139	0.1	-0.1	-1.71422
13054085	140	0.1	-0.1	4.19119
13054085	141	0.1	-0.1	-2.98651
13054085	142	0.1	-0.1	-2.53663
13054085	143	0.1	-0.1	5.82476
13054085	144	0.1	-0.1	5.09717
13054085	145	0.1	-0.1	-3.82204
13054085	146	0.1	-0.1	0.684094
13054085	147	0.1	-0.1	-1.00285
13054085	148	0.1	-0.1	2.20091
13054085	149	0.1	-0.1	-1.47207
13054085	150	0.1	-0.1	3.40247
13054085	151	0.1	-0.1	-0.157448
13054085	152	0.1	-0.1	0.856052
13054085	153	0.1	-0.1	3.87345
13054085	154	0.1	-0.1	1.38314
13054085	155	0.1	-0.1	1.76472
13054085	156	0.1	-0.1	-4.71273
13054085	157	0.1	-0.1	-5.5215
13054085	158	0.1	-0.1	0.937933
13054085	159	0.1	-0.1	-2.07897
13054085	160	0.1	-0.1	3.78493
13054085	161	0.1	-0.1	5.00034
13054085	162	0.1	-0.1	0.491405
13054085	163	0.1	-0.1	0.194976
13054085	164	0.1	-0.1	-3.14206
13054085	165	0.1	-0.1	-5.45676
13054085	166	0.1	-0.1	1.72399
13054085	167	0.1	-0.1	5.06645
13054085	168	0.1	-0.1	1.63668
13054085	169	0.1	-0.1	-1.25481
13054085	170	0.1	-0.1	-1.64816
13054085	171	0.1	-0.1	-2.80463
13054085	172	0.1	-0.1	4.54414
13054085	173	0.1	-0.1	-5.41245
13054085	174	0.1	-0.1	2.65013
13054085	175	0.1	-0.1	3.28355
13054085	176	0.1	-0.1	3.33601
13054085	177	0.1	-0.1	-2.39834
13054085	178	0.1	-0.1	0.0829618
13054085	179	0.1	-0.1	5.48663
13054085	180	0.1	-0.1	4.93142
13054085	181	0.1	-0.1	3.72333
13054085	182	0.1	-0.1	1.9041
13054085	183	0.1	-0.1	-0.344732
13054085	184	0.1	-0.1	-5.86312
13054085	185	0.1	-0.1	-5.35315
13054085	186	0.1	-0.1	-2.2636
13054085	187	0.1	-0.1	-4.82258
13054085	188	0.1	-0.1	-3.6531
13054085	189	0.1	-0.1	-3.20346
13054085	190	0.1	-0.1	0.854378
13054085	191	0.1	-0.1	-0.291467
13054085	192	0.1	-0.1	2.39412
13054085	193	0.1	-0.1	-2.48502
13054085	194	0.1	-0.1	4.92252
13054085	195	0.1	-0.1	-4.15782
13054085	196	0.1	-0.1	-1.66141
13054085	197	0.1	-0.1	-0.559657
13054085	198	0.1	-0.1	5.92567
13054085	199	0.1	-0.1	-2.38401
13054085	200	0.1	-0.1	-1.18717
13054085	201	0.1	-0.1	1.34359
13054085	202	0.1	-0.1	0.20516
13054085	203	0.1	-0.1	-3.23962
13054085	204	0.1	-0.1	4.79565
13054085	205	0.1	-0.1	-3.64049
13054085	206	0.1	-0.1	2.665
13054085	207	0.1	-0.1	4.48057
13054085	208	0.1	-0.1	-3.43984
13054085	209	0.1	-0.1	5.75028
13054085	210	0.1	-0.1	2.09754
13054085	211	0.1	-0.1	4.79697
13054085	212	0.1	-0.1	-3.33416
13054085	213	0.1	-0.1	-5.27586
13054085	214	0.1	-0.1	2.85613
13054085	215	0.1	-0.1	-2.23992
13054085	216	0.1	-0.1	-3.55733
13054085	217	0.1	-0.1	3.71945
13054085	218	0.1	-0.1	-4.32086
13054085	219	0.1	-0.1	4.94538
13054085	220	0.1	-0.1	3.9854
13054085	221	0.1	-0.1	-2.88574
13054085	222	0.1	-0.1	5.18843
13054085	223	0.1	-0.1	-4.56099
13054085	224	0.1	-0.1	3.35023
13054085	225	0.1	-0.1	4.46776
13054085	226	0.1	-0.1	0.761169
13054085	227	0.1	-0.1	5.18956
13054085	228	0.1	-0.1	-1.37989
13054085	229	0.1	-0.1	1.08382
13054085	230	0.1	-0.1	2.5187
13054085	231	0.1	-0.1	-3.05633
13054085	232	0.1	-0.1	-5.64378
13054085	233	0.1	-0.1	2.98545
13054085	234	0.1	-0.1	-1.92306
13054085	235	0.1	-0.1	-4.28038
13054085	236	0.1	-0.1	-2.83868
13054085	237	0.1	-0.1	4.87951
13054085	238	0.1	-0.1	-0.984847
13054085	239	0.1	-0.1	4.1441
13054085	240	0.1	-0.1	4.25527
13054085	241	0.1	-0.1	1.78369
13054085	242	0.1	-0.1	-5.03792
13054085	243	0.1	-0.1	1.06604
13054085	244	0.1	-0.1	-0.47136
13054085	245	0.1	-0.1	-0.0496683
13054085	246	0.1	-0.1	-4.78934
13054085	247	0.1	-0.1	4.83995
13054085	248	0.1	-0.1	-4.98529
13054085	249	0.1	-0.1	-3.53842
13054085	250	0.1	-0.1	4.31088
13054085	251	0.1	-0.1	2.02189
13054085	252	0.1	-0.1	-4.28825
13054085	253	0.1	-0.1	3.58371
13054085	254	0.1	-0.1	-3.19822
13054085	255	0.1	-0.1	0.937943
13054085	256	0.1	-0.1	0.0439995
13054085	257	0.1	-0.1	1.56079
13054085	258	0.1	-0.1	5.12607
13054085	259	0.1	-0.1	5.32766
13054085	260	0.1	-0.1	-3.16668
13054085	261	0.1	-0.1	5.50088
13054085	262	0.1	-0.1	-3.60103
13054085	263	0.1	-0.1	3.7873
13054085	264	0.1	-0.1	-3.4752
13054085	265	0.1	-0.1	1.89251
13054085	266	0.1	-0.1	-3.55162
13054085	267	0.1	-0.1	-1.87511
13054085	268	0.1	-0.1	-2.01562
13054085	269	0.1	-0.1	0.712229
13054085	270	0.1	-0.1	5.24422
13054085	271	0.1	-0.1	3.85886
13054085	272	0.1	-0.1	-5.65729
13054085	273	0.1	-0.1	1.84193
13054085	274	0.1	-0.1	-3.01979
13054085	275	0.1	-0.1	-0.112947
13054085	276	0.1	-0.1	-3.05385
13054085	277	0.1	-0.1	0.291111
13054085	278	0.1	-0.1	-0.127936
13054085	279	0.1	-0.1	2.90208
13054085	280	0.1	-0.1	1.6496
13054085	281	0.1	-0.1	-1.12098
13054085	282	0.1	-0.1	5.36716
13054085	283	0.1	-0.1	-2.13364
13054085	284	0.1	-0.1	-1.67234
13054085	285	0.1	-0.1	5.45647
13054085	286	0.1	-0.1	-1.03497
13054085	287	0.1	-0.1	2.81578
13054085	288	0.1	-0.1	1.48829
13054085	289	0.1	-0.1	0.536978
13054085	290	0.1	-0.1	-1.26662
13054085	291	0.1	-0.1	-3.27445
13054085	292	0.1	-0.1	-2.06485
13054085	293	0.1	-0.1	-5.65975
13054085	294	0.1	-0.1	-5.7582
13054085	295	0.1	-0.1	5.23247
13054085	296	0.1	-0.1	-1.70135
13054085	297	0.1	-0.1	0.000992775
13054085	298	0.1	-0.1	4.03216
13054085	299	0.1	-0.1	2.64474
13054085	300	0.1	-0.1	4.79915
13054085	301	0.1	-0.1	5.57936
13054085	302	0.1	-0.1	4.27371
13054085	303	0.1	-0.1	-1.76269
13054085	304	0.1	-0.1	2.45841
13054085	305	0.1	-0.1	0.952149
13054085	306	0.1	-0.1	-4.13442
13054085	307	0.1	-0.1	-4.75135
13054085	308	0.1	-0.1	-4.5355
13054085	309	0.1	-0.1	-1.2351
13054085	310	0.1	-0.1	-0.613404
13054085	311	0.1	-0.1	4.61233
13054085	312	0.1	-0.1	3.73431
13054085	313	0.1	-0.1	-0.260234
13054085	314	0.1	-0.1	-0.770697
13054085	315	0.1	-0.1	-1.56259
13054085	316	0.1	-0.1	-4.2759
13054085	317	0.1	-0.1	-2.07365
13054085	318	0.1	-0.1	-4.78847
13054085	319	0.1	-0.1	0.842558
13054085	320	0.1	-0.1	-3.57899
13054085	321	0.1	-0.1	-5.95557
13054085	322	0.1	-0.1	2.55833
13054085	323	0.1	-0.1	-1.86049
13054085	324	0.1	-0.1	0.924197
13054085	325	0.1	-0.1	4.05711
13054085	326	0.1	-0.1	1.23806
13054085	327	0.1	-0.1	3.39073
13054085	328	0.1	-0.1	-4.04412
13054085	329	0.1	-0.1	-1.56276
13054085	330	0.1	-0.1	1.361
13054085	331	0.1	-0.1	3.65147
13054085	332	0.1	-0.1	-4.2247
13054085	333	0.1	-0.1	0.992347
13054085	334	0.1	-0.1	0.864523
13054085	335	0.1	-0.1	-0.324538
13054085	336	0.1	-0.1	-1.2473
13054085	337	0.1	-0.1	-3.02466
13054085	338	0.1	-0.1	4.9538
13054085	339	0.1	-0.1	4.29526
13054085	340	0.1	-0.1	2.82721
13054085	341	0.1	-0.1	1.33537
13054085	342	0.1	-0.1	1.3489
13054085	343	0.1	-0.1	-1.26011
13054085	344	0.1	-0.1	-2.53497
13054085	345	0.1	-0.1	4.60156
13054085	346	0.1	-0.1	-4.10517
13054085	347	0.1	-0.1	-2.3786
13054085	348	0.1	-0.1	0.672571
13054085	349	0.1	-0.1	-4.82396
13054085	350	0.1	-0.1	-4.79609
13054085	351	0.1	-0.1	0.62489
13054085	352	0.1	-0.1	2.20046
13054085	353	0.1	-0.1	2.62052
13054085	354	0.1	-0.1	-0.911618
13054085	355	0.1	-0.1	0.112633
13054085	356	0.1	-0.1	5.77919
13054085	357	0.1	-0.1	-3.21454
13054085	358	0.1	-0.1	-0.0322306
13054085	359	0.1	-0.1	-5.16673
13054085	360	0.1	-0.1	-0.583484
13054085	361	0.1	-0.1	4.99711
13054085	362	0.1	-0.1	2.84677
13054085	363	0.1	-0.1	-1.19629
13054085	364	0.1	-0.1	-2.59132
13054085	365	0.1	-0.1	-1.12704
13054085	366	0.1	-0.1	5.91051
13054085	367	0.1	-0.1	0.904353
13054085	368	0.1	-0.1	-5.41307
13054085	369	0.1	-0.1	-2.3641
13054085	370	0.1	-0.1	3.97535
13054085	371	0.1	-0.1	-2.38523
13054085	372	0.1	-0.1	-4.65356
13054085	373	0.1	-0.1	1.58417
13054085	374	0.1	-0.1	1.3797
13054085	375	0.1	-0.1	-2.21102
13054085	376	0.1	-0.1	3.66844
13054085	377	0.1	-0.1	5.27859
13054085	378	0.1	-0.1	1.67765
13054085	379	0.1	-0.1	3.17717
13054085	380	0.1	-0.1	-4.35224
13054085	381	0.1	-0.1	0.993709
13054085	382	0.1	-0.1	0.48418
13054085	383	0.1	-0.1	-2.52436
13054085	384	0.1	-0.1	3.9422
13054085	385	0.1	-0.1	4.30681
13054085	386	0.1	-0.1	3.40445
13054085	387	0.1	-0.1	-0.575375
13054085	388	0.1	-0.1	-1.94521
13054085	389	0.1	-0.1	-0.351803
13054085	390	0.1	-0.1	-2.34109
13054085	391	0.1	-0.1	-4.35811
13054085	392	0.1	-0.1	2.61556
13054085	393	0.1	-0.1	-5.34101
13054085	394	0.1	-0.1	-1.05214
13054085	395	0.1	-0.1	-2.48794
13054085	396	0.1	-0.1	2.52542
13054085	397	0.1	-0.1	-1.55175
13054085	398	0.1	-0.1	-1.65319
13054085	399	0.1	-0.1	4.46717
13054085	400	0.1	-0.1	1.06956
13054085	401	0.1	-0.1	-4.24681
13054085	402	0.1	-0.1	5.87105
13054085	403	0.1	-0.1	-1.63713
13054085	404	0.1	-0.1	-0.0639764
13054085	405	0.1	-0.1	-2.24978
13054085	406	0.1	-0.1	2.96388
13054085	407	0.1	-0.1	3.49238
13054085	408	0.1	-0.1	-0.552055
13054085	409	0.1	-0.1	-1.12606
13054085	410	0.1	-0.1	0.85788
13054085	411	0.1	-0.1	3.23852
13054085	412	0.1	-0.1	1.45528
13054085	413	0.1	-0.1	-2.45942
13054085	414	0.1	-0.1	-4.34127
13054085	415	0.1	-0.1	0.897146
13054085	416	0.1	-0.1	4.78612
13054085	417	0.1	-0.1	-5.49272
13054085	418	0.1	-0.1	-5.19233
13054085	419	0.1	-0.1	2.57835
13054085	420	0.1	-0.1	-3.55256
13054085	421	0.1	-0.1	2.30701
13054085	422	0.1	-0.1	2.78376
13054085	423	0.1	-0.1	2.68169
13054085	424	0.1	-0.1	-1.06749
13054085	425	0.1	-0.1	2.19187
13054085	426	0.1	-0.1	5.94183
13054085	427	0.1	-0.1	0.903147
13054085	428	0.1	-0.1	-5.9481
13054085	429	0.1	-0.1	-0.0412123
13054085	430	0.1	-0.1	3.10793
13054085	431	0.1	-0.1	-5.93501
13054085	432	0.1	-0.1	3.08048
13054085	433	0.1	-0.1	4.44032
13054085	434	0.1	-0.1	-2.52989
13054085	435	0.1	-0.1	-3.05776
13054085	436	0.1	-0.1	-5.23578
13054085	437	0.1	-0.1	-3.06046
13054085	438	0.1	-0.1	3.18388
13054085	439	0.1	-0.1	-1.18668
13054085	440	0.1	-0.1	3.81368
13054085	441	0.1	-0.1	-1.4399
13054085	442	0.1	-0.1	-2.88876
13054085	443	0.1	-0.1	-1.41961
13054085	444	0.1	-0.1	3.71848
13054085	445	0.1	-0.1	4.58583
13054085	446	0.1	-0.1	-2.08264
13054085	447	0.1	-0.1	1.70742
13054085	448	0.1	-0.1	4.51751
13054085	449	0.1	-0.1	-5.03397
13054085	450	0.1	-0.1	-4.15673
13054085	451	0.1	-0.1	5.06603
13054085	452	0.1	-0.1	-5.61039
13054085	453	0.1	-0.1	0.119419
13054085	454	0.1	-0.1	5.35679
13054085	455	0.1	-0.1	-5.8129
13054085	456	0.1	-0.1	3.3359
13054085	457	0.1	-0.1	-1.20377
13054085	458	0.1	-0.1	-2.01207
13054085	459	0.1	-0.1	1.84018
13054085	460	0.1	-0.1	5.27705
13054085	461	0.1	-0.1	-1.0497
13054085	462	0.1	-0.1	-5.22724
13054085	463	0.1	-0.1	1.23004
13054085	464	0.1	-0.1	-5.98447
13054085	465	0.1	-0.1	-3.18573
13054085	466	0.1	-0.1	1.34249
13054085	467	0.1	-0.1	-2.84268
13054085	468	0.1	-0.1	-4.20967
13054085	469	0.1	-0.1	-1.78038
13054085	470	0.1	-0.1	4.17713
13054085	471	0.1	-0.1	4.00396
13054085	472	0.1	-0.1	-5.21027
13054085	473	0.1	-0.1	5.94921
13054085	474	0.1	-0.1	5.33017
13054085	475	0.1	-0.1	0.885287
13054085	476	0.1	-0.1	5.54071
13054085	477	0.1	-0.1	4.74033
13054085	478	0.1	-0.1	-1.09319
13054085	479	0.1	-0.1	-3.20691
13054085	480	0.1	-0.1	-0.962953
13054085	481	0.1	-0.1	-2.6897
13054085	482	0.1	-0.1	2.54112
13054085	483	0.1	-0.1	-1.37341
13054085	484	0.1	-0.1	3.12228
13054085	485	0.1	-0.1	-2.06467
13054085	486	0.1	-0.1	-4.40577
13054085	487	0.1	-0.1	2.66907
13054085	488	0.1	-0.1	0.963811
13054085	489	0.1	-0.1	2.97721
13054085	490	0.1	-0.1	-1.88286
13054085	491	0.1	-0.1	-2.95831
13054085	492	0.1	-0.1	5.68679
13054085	493	0.1	-0.1	1.75957
13054085	494	0.1	-0.1	4.1359
13054085	495	0.1	-0.1	-4.62629
13054085	496	0.1	-0.1	-5.29483
13054085	497	0.1	-0.1	-2.43602
13054085	498	0.1	-0.1	-0.406662
13054085	499	0.1	-0.1	1.28833
13054085	500	0.1	-0.1	1.49207
13054085	501	0.1	-0.1	1.34322
13054085	502	0.1	-0.1	4.84001
13054085	503	0.1	-0.1	-2.8754
13054085	504	0.1	-0.1	-3.22553
13054085	505	0.1	-0.1	5.03586
13054085	506	0.1	-0.1	4.96679
13054085	507	0.1	-0.1	-5.5412
13054085	508	0.1	-0.1	-4.65357
13054085	509	0.1	-0.1	-4.12917
13054085	510	0.1	-0.1	5.14508
13054085	511	0.1	-0.1	0.247118
13054085	512	0.1	-0.1	-1.43701
13054085	513	0.1	-0.1	-0.0238203
13054085	514	0.1	-0.1	-4.95215
13054085	515	0.1	-0.1	-2.71465
13054085	516	0.1	-0.1	0.644615
13054085	517	0.1	-0.1	2.75842
13054085	518	0.1	-0.1	-1.36348
13054085	519	0.1	-0.1	0.122385
13054085	520	0.1	-0.1	-2.99234
13054085	521	0.1	-0.1	-1.47825
13054085	522	0.1	-0.1	1.38746
13054085	523	0.1	-0.1	0.649253
13054085	524	0.1	-0.1	-3.77989
13054085	525	0.1	-0.1	1.42688
13054085	526	0.1	-0.1	-0.752095
13054085	527	0.1	-0.1	-1.41905
13054085	528	0.1	-0.1	5.22965
13054085	529	0.1	-0.1	4.04356
13054085	530	0.1	-0.1	2.76449
13054085	531	0.1	-0.1	1.40563
13054085	532	0.1	-0.1	0.440579
13054085	533	0.1	-0.1	-1.62049
13054085	534	0.1	-0.1	1.39774
13054085	535	0.1	-0.1	-0.746989
13054085	536	0.1	-0.1	5.96582
13054085	537	0.1	-0.1	-2.81876
13054085	538	0.1	-0.1	5.63951
13054085	539	0.1	-0.1	-1.13834
13054085	540	0.1	-0.1	2.86105
13054085	541	0.1	-0.1	-1.35402
13054085	542	0.1	-0.1	1.99211
13054085	543	0.1	-0.1	-0.049875
13054085	544	0.1	-0.1	1.82181
13054085	545	0.1	-0.1	2.74154
13054085	546	0.1	-0.1	5.21576
13054085	547	0.1	-0.1	1.44448
13054085	548	0.1	-0.1	-5.63532
13054085	549	0.1	-0.1	-3.5817
13054085	550	0.1	-0.1	1.8834
13054085	551	0.1	-0.1	3.29854
13054085	552	0.1	-0.1	-2.69808
13054085	553	0.1	-0.1	4.77709
13054085	554	0.1	-0.1	0.479377
13054085	555	0.1	-0.1	-5.59461
13054085	556	0.1	-0.1	-3.99071
13054085	557	0.1	-0.1	3.89169
13054085	558	0.1	-0.1	-4.05935
13054085	559	0.1	-0.1	-2.26329
13054085	560	0.1	-0.1	-1.1945
13054085	561	0.1	-0.1	-4.51934
13054085	562	0.1	-0.1	-4.59252
13054085	563	0.1	-0.1	-3.84577
13054085	564	0.1	-0.1	-1.22911
13054085	565	0.1	-0.1	-0.767938
13054085	566	0.1	-0.1	-2.2122
13054085	567	0.1	-0.1	4.6217
13054085	568	0.1	-0.1	-1.49435
13054085	569	0.1	-0.1	4.12887
13054085	570	0.1	-0.1	2.23188
13054085	571	0.1	-0.1	1.10461
13054085	572	0.1	-0.1	4.86966
13054085	573	0.1	-0.1	5.77676
13054085	574	0.1	-0.1	2.34915
13054085	575	0.1	-0.1	-5.95827
13054085	576	0.1	-0.1	3.82359
13054085	577	0.1	-0.1	-5.6471
13054085	578	0.1	-0.1	2.75818
13054085	579	0.1	-0.1	1.8244
13054085	580	0.1	-0.1	2.73805
13054085	581	0.1	-0.1	3.79641
13054085	582	0.1	-0.1	-2.31684
13054085	583	0.1	-0.1	2.64153
13054085	584	0.1	-0.1	4.39608
13054085	585	0.1	-0.1	-0.444252
13054085	586	0.1	-0.1	4.52589
13054085	587	0.1	-0.1	-4.51312
13054085	588	0.1	-0.1	-1.85459
13054085	589	0.1	-0.1	-0.621748
13054085	590	0.1	-0.1	0.565039
13054085	591	0.1	-0.1	3.8503
13054085	592	0.1	-0.1	1.0589
13054085	593	0.1	-0.1	-3.91537
13054085	594	0.1	-0.1	3.25697
13054085	595	0.1	-0.1	-4.9757
13054085	596	0.1	-0.1	-5.00851
13054085	597	0.1	-0.1	2.51672
13054085	598	0.1	-0.1	-4.57862
13054085	599	0.1	-0.1	2.40429
13054085	600	0.1	-0.1	-3.22073
13054085	601	0.1	-0.1	3.65732
13054085	602	0.1	-0.1	-4.72119
13054085	603	0.1	-0.1	0.0899283
13054085	604	0.1	-0.1	4.10897
13054085	605	0.1	-0.1	-5.36356
13054085	606	0.1	-0.1	-5.53421
13054085	607	0.1	-0.1	0.397023
13054085	608	0.1	-0.1	3.73875
13054085	609	0.1	-0.1	-3.11161
13054085	610	0.1	-0.1	-0.490039
13054085	611	0.1	-0.1	1.94551
13054085	612	0.1	-0.1	-5.85834
13054085	613	0.1	-0.1	-2.68869
13054085	614	0.1	-0.1	1.90449
13054085	615	0.1	-0.1	0.155292
13054085	616	0.1	-0.1	-3.38051
13054085	617	0.1	-0.1	-4.01344
13054085	618	0.1	-0.1	2.2297
13054085	619	0.1	-0.1	5.32389
13054085	620	0.1	-0.1	-0.500425
13054085	621	0.1	-0.1	-3.93642
13054085	622	0.1	-0.1	1.20184
13054085	623	0.1	-0.1	4.35745
13054085	624	0.1	-0.1	4.91377
13054085	625	0.1	-0.1	4.39172
13054085	626	0.1	-0.1	-5.2795
13054085	627	0.1	-0.1	-2.75027
13054085	628	0.1	-0.1	0.365655
13054085	629	0.1	-0.1	1.57509
13054085	630	0.1	-0.1	-0.180626
13054085	631	0.1	-0.1	0.791355
13054085	632	0.1	-0.1	5.78209
13054085	633	0.1	-0.1	1.07009
13054085	634	0.1	-0.1	1.21538
13054085	635	0.1	-0.1	5.08056
13054085	636	0.1	-0.1	-2.09977
13054085	637	0.1	-0.1	0.332887
13054085	638	0.1	-0.1	5.21508
13054085	639	0.1	-0.1	-5.07715
13054085	640	0.1	-0.1	5.41383
13054085	641	0.1	-0.1	5.88229
13054085	642	0.1	-0.1	-4.78549
13054085	643	0.1	-0.1	1.38847
13054085	644	0.1	-0.1	0.104631
13054085	645	0.1	-0.1	-1.43434
13054085	646	0.1	-0.1	1.95782
13054085	647	0.1	-0.1	3.48553
13054085	648	0.1	-0.1	-0.168692
13054085	649	0.1	-0.1	4.46866
13054085	650	0.1	-0.1	2.37424
13054085	651	0.1	-0.1	-3.70546
13054085	652	0.1	-0.1	-5.00968
13054085	653	0.1	-0.1	-3.73871
13054085	654	0.1	-0.1	1.16369
13054085	655	0.1	-0.1	3.51632
13054085	656	0.1	-0.1	2.47663
13054085	657	0.1	-0.1	3.19017
13054085	658	0.1	-0.1	-4.43776
13054085	659	0.1	-0.1	-5.67844
13054085	660	0.1	-0.1	0.332053
13054085	661	0.1	-0.1	-0.487632
13054085	662	0.1	-0.1	4.32874
13054085	663	0.1	-0.1	1.98292
13054085	664	0.1	-0.1	2.10419
13054085	665	0.1	-0.1	-4.61478
13054085	666	0.1	-0.1	0.852285
13054085	667	0.1	-0.1	-5.07895
13054085	668	0.1	-0.1	1.30904
13054085	669	0.1	-0.1	0.54531
13054085	670	0.1	-0.1	-2.95316
13054085	671	0.1	-0.1	-1.64121
13054085	672	0.1	-0.1	-2.69568
13054085	673	0.1	-0.1	1.64377
13054085	674	0.1	-0.1	2.13785
13054085	675	0.1	-0.1	-0.449116
13054085	676	0.1	-0.1	-0.983673
13054085	677	0.1	-0.1	2.8718
13054085	678	0.1	-0.1	0.279378
13054085	679	0.1	-0.1	4.20804
13054085	680	0.1	-0.1	0.0142997
13054085	681	0.1	-0.1	0.161598
13054085	682	0.1	-0.1	0.9861
13054085	683	0.1	-0.1	1.39964
13054085	684	0.1	-0.1	2.51518
13054085	685	0.1	-0.1	-1.4235
13054085	686	0.1	-0.1	1.07343
13054085	687	0.1	-0.1	-4.31954
13054085	688	0.1	-0.1	1.86932
13054085	689	0.1	-0.1	5.672
13054085	690	0.1	-0.1	5.38764
13054085	691	0.1	-0.1	0.369527
13054085	692	0.1	-0.1	-3.85785
13054085	693	0.1	-0.1	-3.44358
13054085	694	0.1	-0.1	4.37316
13054085	695	0.1	-0.1	4.42659
13054085	696	0.1	-0.1	-2.98329
13054085	697	0.1	-0.1	4.49201
13054085	698	0.1	-0.1	-0.181093
13054085	699	0.1	-0.1	-4.5565
13054085	700	0.1	-0.1	0.161509
13054085	701	0.1	-0.1	4.4789
13054085	702	0.1	-0.1	0.249341
13054085	703	0.1	-0.1	-3.40259
13054085	704	0.1	-0.1	-3.02775
13054085	705	0.1	-0.1	-1.92146
13054085	706	0.1	-0.1	4.38693
13054085	707	0.1	-0.1	2.41722
13054085	708	0.1	-0.1	0.707313
13054085	709	0.1	-0.1	4.63487
13054085	710	0.1	-0.1	-3.25441
13054085	711	0.1	-0.1	5.2876
13054085	712	0.1	-0.1	4.19831
13054085	713	0.1	-0.1	1.91219
13054085	714	0.1	-0.1	-3.10904
13054085	715	0.1	-0.1	-4.14418
13054085	716	0.1	-0.1	-0.848544
13054085	717	0.1	-0.1	-5.95044
13054085	718	0.1	-0.1	-2.87531
13054085	719	0.1	-0.1	-4.03996
13054085	720	0.1	-0.1	2.84852
13054085	721	0.1	-0.1	-2.97984
13054085	722	0.1	-0.1	3.87651
13054085	723	0.1	-0.1	-4.67033
13054085	724	0.1	-0.1	0.354349
13054085	725	0.1	-0.1	-5.50613
13054085	726	0.1	-0.1	-5.11115
13054085	727	0.1	-0.1	3.1459
13054085	728	0.1	-0.1	-4.43107
13054085	729	0.1	-0.1	4.76927
13054085	730	0.1	-0.1	-2.37306
13054085	731	0.1	-0.1	-4.93628
13054085	732	0.1	-0.1	4.3505
13054085	733	0.1	-0.1	-0.788856
13054085	734	0.1	-0.1	0.921356
13054085	735	0.1	-0.1	-2.20626
13054085	736	0.1	-0.1	5.23303
13054085	737	0.1	-0.1	-5.20659
13054085	738	0.1	-0.1	-4.86831
13054085	739	0.1	-0.1	2.84758
13054085	740	0.1	-0.1	3.65677
13054085	741	0.1	-0.1	2.07836
13054085	742	0.1	-0.1	-2.22664
13054085	743	0.1	-0.1	1.18807
13054085	744	0.1	-0.1	4.46899
13054085	745	0.1	-0.1	2.71409
13054085	746	0.1	-0.1	0.540426
13054085	747	0.1	-0.1	5.70592
13054085	748	0.1	-0.1	0.474194
13054085	749	0.1	-0.1	4.79101
13054085	750	0.1	-0.1	5.25919
13054085	751	0.1	-0.1	-2.0414
13054085	752	0.1	-0.1	1.64415
13054085	753	0.1	-0.1	1.69146
13054085	754	0.1	-0.1	-2.86568
13054085	755	0.1	-0.1	3.57661
13054085	756	0.1	-0.1	-0.536909
13054085	757	0.1	-0.1	-4.72818
13054085	758	0.1	-0.1	-2.32366
13054085	759	0.1	-0.1	-2.54759
13054085	760	0.1	-0.1	-1.57993
13054085	761	0.1	-0.1	4.79104
13054085	762	0.1	-0.1	1.57574
13054085	763	0.1	-0.1	4.53533
13054085	764	0.1	-0.1	2.61549
13054085	765	0.1	-0.1	-5.05399
13054085	766	0.1	-0.1	5.6904
13054085	767	0.1	-0.1	-4.08501
13054085	768	0.1	-0.1	0.0689498
13054085	769	0.1	-0.1	-4.3189
13054085	770	0.1	-0.1	3.63063
13054085	771	0.1	-0.1	-4.62667
13054085	772	0.1	-0.1	-2.34878
13054085	773	0.1	-0.1	2.58146
13054085	774	0.1	-0.1	-2.80644
13054085	775	0.1	-0.1	-0.684743
13054085	776	0.1	-0.1	-2.31689
13054085	777	0.1	-0.1	3.13519
13054085	778	0.1	-0.1	3.72255
13054085	779	0.1	-0.1	0.730472
13054085	780	0.1	-0.1	3.86389
13054085	781	0.1	-0.1	4.74444
13054085	782	0.1	-0.1	5.1576
13054085	783	0.1	-0.1	4.02257
13054085	784	0.1	-0.1	-1.41788
13054085	785	0.1	-0.1	-2.18707
13054085	786	0.1	-0.1	0.913607
13054085	787	0.1	-0.1	-4.43834
13054085	788	0.1	-0.1	-5.44938
13054085	789	0.1	-0.1	3.21681
13054085	790	0.1	-0.1	-4.61644
13054085	791	0.1	-0.1	5.14342
13054085	792	0.1	-0.1	2.10825
13054085	793	0.1	-0.1	0.48989
13054085	794	0.1	-0.1	-5.59357
13054085	795	0.1	-0.1	1.20334
13054085	796	0.1	-0.1	5.29645
13054085	797	0.1	-0.1	-0.100775
13054085	798	0.1	-0.1	-4.70094
13054085	799	0.1	-0.1	4.47755
13054085	800	0.1	-0.1	4.81252
13054085	801	0.1	-0.1	5.72543
13054085	802	0.1	-0.1	-2.94439
13054085	803	0.1	-0.1	-1.31428
13054085	804	0.1	-0.1	2.4738
13054085	805	0.1	-0.1	-4.13863
13054085	806	0.1	-0.1	2.69237
13054085	807	0.1	-0.1	-0.938307
13054085	808	0.1	-0.1	1.855
13054085	809	0.1	-0.1	-1.19412
13054085	810	0.1	-0.1	2.97479
13054085	811	0.1	-0.1	-3.0938
13054085	812	0.1	-0.1	-1.25984
13054085	813	0.1	-0.1	5.83848
13054085	814	0.1	-0.1	0.889271
13054085	815	0.1	-0.1	5.47084
13054085	816	0.1	-0.1	-1.43984
13054085	817	0.1	-0.1	3.1752
13054085	818	0.1	-0.1	3.63752
13054085	819	0.1	-0.1	-4.21336
13054085	820	0.1	-0.1	-3.15154
13054085	821	0.1	-0.1	1.83453
13054085	822	0.1	-0.1	1.75672
13054085	823	0.1	-0.1	-2.82732
13054085	824	0.1	-0.1	-3.51545
13054085	825	0.1	-0.1	-0.829326
13054085	826	0.1	-0.1	1.10044
13054085	827	0.1	-0.1	-2.891
13054085	828	0.1	-0.1	-2.38874
13054085	829	0.1	-0.1	-3.26148
13054085	830	0.1	-0.1	0.493839
13054085	831	0.1	-0.1	-1.42149
13054085	832	0.1	-0.1	-1.0018
13054085	833	0.1	-0.1	-3.22261
13054085	834	0.1	-0.1	-5.95707
13054085	835	0.1	-0.1	-2.78677
13054085	836	0.1	-0.1	4.56019
13054085	837	0.1	-0.1	-5.5677
13054085	838	0.1	-0.1	-2.66846
13054085	839	0.1	-0.1	-4.042
13054085	840	0.1	-0.1	2.43333
13054085	841	0.1	-0.1	-5.81181
13054085	842	0.1	-0.1	-2.80519
13054085	843	0.1	-0.1	4.29725
13054085	844	0.1	-0.1	-2.00383
13054085	845	0.1	-0.1	-5.91055
13054085	846	0.1	-0.1	3.92505
13054085	847	0.1	-0.1	-3.41899
13054085	848	0.1	-0.1	3.95823
13054085	849	0.1	-0.1	-1.90568
13054085	850	0.1	-0.1	5.16069
13054085	851	0.1	-0.1	-2.54227
13054085	852	0.1	-0.1	1.37577
13054085	853	0.1	-0.1	-4.65108
13054085	854	0.1	-0.1	1.44294
13054085	855	0.1	-0.1	-0.697964
13054085	856	0.1	-0.1	-0.580997
13054085	857	0.1	-0.1	-3.17356
13054085	858	0.1	-0.1	-1.76177
13054085	859	0.1	-0.1	-2.81214
13054085	860	0.1	-0.1	0.0344398
13054085	861	0.1	-0.1	4.55726
13054085	862	0.1	-0.1	-0.0553919
13054085	863	0.1	-0.1	1.49332
13054085	864	0.1	-0.1	-3.1648
13054085	865	0.1	-0.1	5.52599
13054085	866	0.1	-0.1	-1.72202
13054085	867	0.1	-0.1	2.52944
13054085	868	0.1	-0.1	-2.6836
13054085	869	0.1	-0.1	4.28132
13054085	870	0.1	-0.1	-4.42398
13054085	871	0.1	-0.1	-3.82246
13054085	872	0.1	-0.1	3.6247
13054085	873	0.1	-0.1	5.98512
13054085	874	0.1	-0.1	-4.50109
13054085	875	0.1	-0.1	-4.21889
13054085	876	0.1	-0.1	0.510006
13054085	877	0.1	-0.1	-2.08836
13054085	878	0.1	-0.1	5.22529
13054085	879	0.1	-0.1	4.43589
13054085	880	0.1	-0.1	2.04796
13054085	881	0.1	-0.1	-4.3009
13054085	882	0.1	-0.1	-0.662312
13054085	883	0.1	-0.1	5.75435
13054085	884	0.1	-0.1	-0.965928
13054085	885	0.1	-0.1	-1.59407
13054085	886	0.1	-0.1	-1.59648
13054085	887	0.1	-0.1	-3.16398
13054085	888	0.1	-0.1	-4.82908
13054085	889	0.1	-0.1	-1.76263
13054085	890	0.1	-0.1	-0.191483
13054085	891	0.1	-0.1	4.64922
13054085	892	0.1	-0.1	1.44387
13054085	893	0.1	-0.1	4.40549
13054085	894	0.1	-0.1	1.43621
13054085	895	0.1	-0.1	5.88154
13054085	896	0.1	-0.1	2.30682
13054085	897	0.1	-0.1	5.76598
13054085	898	0.1	-0.1	3.40982
13054085	899	0.1	-0.1	1.06816
13054085	900	0.1	-0.1	0.236698
13054085	901	0.1	-0.1	-5.87283
13054085	902	0.1	-0.1	-0.197281
13054085	903	0.1	-0.1	0.377688
13054085	904	0.1	-0.1	3.42445
13054085	905	0.1	-0.1	3.55682
13054085	906	0.1	-0.1	-4.50917
13054085	907	0.1	-0.1	-3.81967
13054085	908	0.1	-0.1	5.69648
13054085	909	0.1	-0.1	4.53795
13054085	910	0.1	-0.1	-1.89126
13054085	911	0.1	-0.1	0.156783
13054085	912	0.1	-0.1	-5.74992
13054085	913	0.1	-0.1	1.05577
13054085	914	0.1	-0.1	3.09071
13054085	915	0.1	-0.1	1.00413
13054085	916	0.1	-0.1	5.00816
13054085	917	0.1	-0.1	-5.4113
13054085	918	0.1	-0.1	1.98524
13054085	919	0.1	-0.1	-0.890026
13054085	920	0.1	-0.1	4.80648
13054085	921	0.1	-0.1	2.70475
13054085	922	0.1	-0.1	4.81214
13054085	923	0.1	-0.1	0.907073
13054085	924	0.1	-0.1	-4.04937
13054085	925	0.1	-0.1	-5.6472
13054085	926	0.1	-0.1	3.10295
13054085	927	0.1	-0.1	-0.767886
13054085	928	0.1	-0.1	2.27742
13054085	929	0.1	-0.1	-3.06158
13054085	930	0.1	-0.1	-0.601446
13054085	931	0.1	-0.1	-1.25368
13054085	932	0.1	-0.1	-3.26841
13054085	933	0.1	-0.1	-1.95694
13054085	934	0.1	-0.1	3.53142
13054085	935	0.1	-0.1	-5.22015
13054085	936	0.1	-0.1	5.25872
13054085	937	0.1	-0.1	4.69648
13054085	938	0.1	-0.1	2.96524
13054085	939	0.1	-0.1	1.43079
13054085	940	0.1	-0.1	0.950322
13054085	941	0.1	-0.1	3.84826
13054085	942	0.1	-0.1	4.56825
13054085	943	0.1	-0.1	-0.645979
13054085	944	0.1	-0.1	-4.43973
13054085	945	0.1	-0.1	2.84783
13054085	946	0.1	-0.1	-5.88997
13054085	947	0.1	-0.1	-3.23492
13054085	948	0.1	-0.1	-5.1442
13054085	949	0.1	-0.1	3.64149
13054085	950	0.1	-0.1	-2.80583
13054085	951	0.1	-0.1	-5.45448
13054085	952	0.1	-0.1	-2.99387
13054085	953	0.1	-0.1	0.170238
13054085	954	0.1	-0.1	-4.59195
13054085	955	0.1	-0.1	-3.82179
13054085	956	0.1	-0.1	5.02657
13054085	957	0.1	-0.1	-2.09703
13054085	958	0.1	-0.1	3.56844
13054085	959	0.1	-0.1	-5.34916
13054085	960	0.1	-0.1	2.97142
13054085	961	0.1	-0.1	5.28166
13054085	962	0.1	-0.1	-3.34997
13054085	963	0.1	-0.1	5.19002
13054085	964	0.1	-0.1	1.04842
13054085	965	0.1	-0.1	-0.140598
13054085	966	0.1	-0.1	1.50337
13054085	967	0.1	-0.1	-3.70794
13054085	968	0.1	-0.1	-2.66043
13054085	969	0.1	-0.1	1.03887
13054085	970	0.1	-0.1	-2.36913
13054085	971	0.1	-0.1	-2.85164
13054085	972	0.1	-0.1	-0.00205658
13054085	973	0.1	-0.1	0.599864
13054085	974	0.1	-0.1	-2.88322
13054085	975	0.1	-0.1	4.68454
13054085	976	0.1	-0.1	-2.55168
13054085	977	0.1	-0.1	-1.904
13054085	978	0.1	-0.1	4.17071
13054085	979	0.1	-0.1	-5.4173
13054085	980	0.1	-0.1	-3.85169
13054085	981	0.1	-0.1	-0.305795
13054085	982	0.1	-0.1	2.01838
13054085	983	0.1	-0.1	-2.55794
13054085	984	0.1	-0.1	-0.176139
13054085	985	0.1	-0.1	4.66943
13054085	986	0.1	-0.1	-4.27561
13054085	987	0.1	-0.1	5.09521
13054085	988	0.1	-0.1	-3.65208
13054085	989	0.1	-0.1	-1.08659
13054085	990	0.1	-0.1	-5.77368
13054085	991	0.1	-0.1	2.00752
13054085	992	0.1	-0.1	-1.55045
13054085	993	0.1	-0.1	-0.892228
13054085	994	0.1	-0.1	2.80866
13054085	995	0.1	-0.1	1.77704
13054085	996	0.1	-0.1	-2.52337
13054085	997	0.1	-0.1	-2.69612
13054085	998	0.1	-0.1	4.42332
13054085	999	0.1	-0.1	1.47749
13054085	1000	0.1	-0.1	-5.21401
