13055036	1	0.1	-0.1	3.95312
13055036	2	0.1	-0.1	2.16686
13055036	3	0.1	-0.1	-4.23867
13055036	4	0.1	-0.1	-3.2546
13055036	5	0.1	-0.1	3.49104
13055036	6	0.1	-0.1	-2.3902
13055036	7	0.1	-0.1	3.54853
13055036	8	0.1	-0.1	-1.04845
13055036	9	0.1	-0.1	-0.502891
13055036	10	0.1	-0.1	3.59421
13055036	11	0.1	-0.1	0.655554
13055036	12	0.1	-0.1	-5.11852
13055036	13	0.1	-0.1	-2.24676
13055036	14	0.1	-0.1	-3.979
13055036	15	0.1	-0.1	0.739609
13055036	16	0.1	-0.1	4.01837
13055036	17	0.1	-0.1	4.75509
13055036	18	0.1	-0.1	3.08469
13055036	19	0.1	-0.1	-1.54738
13055036	20	0.1	-0.1	4.07983
13055036	21	0.1	-0.1	-4.82497
13055036	22	0.1	-0.1	-4.07483
13055036	23	0.1	-0.1	5.88189
13055036	24	0.1	-0.1	2.48182
13055036	25	0.1	-0.1	0.689488
13055036	26	0.1	-0.1	3.05083
13055036	27	0.1	-0.1	4.47837
13055036	28	0.1	-0.1	4.67011
13055036	29	0.1	-0.1	-2.03329
13055036	30	0.1	-0.1	4.24509
13055036	31	0.1	-0.1	-1.90973
13055036	32	0.1	-0.1	0.923174
13055036	33	0.1	-0.1	-0.189532
13055036	34	0.1	-0.1	-0.329878
13055036	35	0.1	-0.1	5.37733
13055036	36	0.1	-0.1	-2.18956
13055036	37	0.1	-0.1	2.08491
13055036	38	0.1	-0.1	-0.00475351
13055036	39	0.1	-0.1	5.19943
13055036	40	0.1	-0.1	-2.94551
13055036	41	0.1	-0.1	5.38937
13055036	42	0.1	-0.1	3.00091
13055036	43	0.1	-0.1	0.754822
13055036	44	0.1	-0.1	-0.554386
13055036	45	0.1	-0.1	-2.15233
13055036	46	0.1	-0.1	4.37469
13055036	47	0.1	-0.1	-4.70872
13055036	48	0.1	-0.1	2.30594
13055036	49	0.1	-0.1	0.368616
13055036	50	0.1	-0.1	-0.671885
13055036	51	0.1	-0.1	-3.99734
13055036	52	0.1	-0.1	-0.908086
13055036	53	0.1	-0.1	-3.91061
13055036	54	0.1	-0.1	2.33309
13055036	55	0.1	-0.1	-1.5303
13055036	56	0.1	-0.1	1.96364
13055036	57	0.1	-0.1	-4.03388
13055036	58	0.1	-0.1	1.44192
13055036	59	0.1	-0.1	-0.130127
13055036	60	0.1	-0.1	5.77853
13055036	61	0.1	-0.1	0.280774
13055036	62	0.1	-0.1	5.10281
13055036	63	0.1	-0.1	2.88157
13055036	64	0.1	-0.1	-2.52923
13055036	65	0.1	-0.1	-0.0509352
13055036	66	0.1	-0.1	-5.54415
13055036	67	0.1	-0.1	0.32223
13055036	68	0.1	-0.1	2.17951
13055036	69	0.1	-0.1	3.00058
13055036	70	0.1	-0.1	2.85834
13055036	71	0.1	-0.1	1.41303
13055036	72	0.1	-0.1	4.40278
13055036	73	0.1	-0.1	1.52735
13055036	74	0.1	-0.1	-4.21049
13055036	75	0.1	-0.1	3.97561
13055036	76	0.1	-0.1	-3.54146
13055036	77	0.1	-0.1	3.55659
13055036	78	0.1	-0.1	-2.30341
13055036	79	0.1	-0.1	5.16429
13055036	80	0.1	-0.1	-2.20314
13055036	81	0.1	-0.1	5.8789
13055036	82	0.1	-0.1	-4.19098
13055036	83	0.1	-0.1	5.25557
13055036	84	0.1	-0.1	-2.30227
13055036	85	0.1	-0.1	-0.77417
13055036	86	0.1	-0.1	0.14367
13055036	87	0.1	-0.1	-4.37744
13055036	88	0.1	-0.1	-5.92261
13055036	89	0.1	-0.1	4.61603
13055036	90	0.1	-0.1	1.9788
13055036	91	0.1	-0.1	0.620084
13055036	92	0.1	-0.1	1.94663
13055036	93	0.1	-0.1	-2.81693
13055036	94	0.1	-0.1	3.81453
13055036	95	0.1	-0.1	-1.26643
13055036	96	0.1	-0.1	-4.16289
13055036	97	0.1	-0.1	-1.92445
13055036	98	0.1	-0.1	4.2915
13055036	99	0.1	-0.1	-4.98473
13055036	100	0.1	-0.1	-2.99046
13055036	101	0.1	-0.1	2.02731
13055036	102	0.1	-0.1	-5.21142
13055036	103	0.1	-0.1	-5.71045
13055036	104	0.1	-0.1	5.60544
13055036	105	0.1	-0.1	1.02383
13055036	106	0.1	-0.1	3.60398
13055036	107	0.1	-0.1	0.829607
13055036	108	0.1	-0.1	5.81641
13055036	109	0.1	-0.1	0.4579
13055036	110	0.1	-0.1	-1.22363
13055036	111	0.1	-0.1	5.64953
13055036	112	0.1	-0.1	-1.61607
13055036	113	0.1	-0.1	3.88184
13055036	114	0.1	-0.1	-0.695254
13055036	115	0.1	-0.1	0.181417
13055036	116	0.1	-0.1	-5.50378
13055036	117	0.1	-0.1	-0.630166
13055036	118	0.1	-0.1	2.47426
13055036	119	0.1	-0.1	-5.77776
13055036	120	0.1	-0.1	3.63248
13055036	121	0.1	-0.1	-0.888471
13055036	122	0.1	-0.1	5.78983
13055036	123	0.1	-0.1	5.00482
13055036	124	0.1	-0.1	-3.86625
13055036	125	0.1	-0.1	4.508
13055036	126	0.1	-0.1	-1.69889
13055036	127	0.1	-0.1	1.42498
13055036	128	0.1	-0.1	5.44726
13055036	129	0.1	-0.1	-1.60622
13055036	130	0.1	-0.1	-0.572173
13055036	131	0.1	-0.1	-0.845897
13055036	132	0.1	-0.1	-5.09322
13055036	133	0.1	-0.1	-3.84964
13055036	134	0.1	-0.1	1.80668
13055036	135	0.1	-0.1	-0.467909
13055036	136	0.1	-0.1	-1.81928
13055036	137	0.1	-0.1	-0.201511
13055036	138	0.1	-0.1	-5.21885
13055036	139	0.1	-0.1	5.34788
13055036	140	0.1	-0.1	-2.98042
13055036	141	0.1	-0.1	-1.89127
13055036	142	0.1	-0.1	-3.66059
13055036	143	0.1	-0.1	-1.72414
13055036	144	0.1	-0.1	4.648
13055036	145	0.1	-0.1	2.7144
13055036	146	0.1	-0.1	-4.81871
13055036	147	0.1	-0.1	0.394058
13055036	148	0.1	-0.1	-1.99919
13055036	149	0.1	-0.1	0.544799
13055036	150	0.1	-0.1	-1.74535
13055036	151	0.1	-0.1	1.31029
13055036	152	0.1	-0.1	2.26257
13055036	153	0.1	-0.1	-3.29916
13055036	154	0.1	-0.1	1.44246
13055036	155	0.1	-0.1	-3.20475
13055036	156	0.1	-0.1	-5.98449
13055036	157	0.1	-0.1	3.08117
13055036	158	0.1	-0.1	0.430969
13055036	159	0.1	-0.1	0.0452054
13055036	160	0.1	-0.1	4.18205
13055036	161	0.1	-0.1	-3.60833
13055036	162	0.1	-0.1	-4.423
13055036	163	0.1	-0.1	3.6242
13055036	164	0.1	-0.1	2.64558
13055036	165	0.1	-0.1	-2.301
13055036	166	0.1	-0.1	5.67415
13055036	167	0.1	-0.1	-5.5121
13055036	168	0.1	-0.1	0.913279
13055036	169	0.1	-0.1	-3.25516
13055036	170	0.1	-0.1	3.87581
13055036	171	0.1	-0.1	2.12772
13055036	172	0.1	-0.1	-1.83958
13055036	173	0.1	-0.1	3.56246
13055036	174	0.1	-0.1	0.971796
13055036	175	0.1	-0.1	3.08168
13055036	176	0.1	-0.1	-2.73331
13055036	177	0.1	-0.1	5.7678
13055036	178	0.1	-0.1	3.20192
13055036	179	0.1	-0.1	-4.13854
13055036	180	0.1	-0.1	-5.46154
13055036	181	0.1	-0.1	5.36208
13055036	182	0.1	-0.1	4.79553
13055036	183	0.1	-0.1	1.37471
13055036	184	0.1	-0.1	5.62191
13055036	185	0.1	-0.1	3.64651
13055036	186	0.1	-0.1	5.3673
13055036	187	0.1	-0.1	-3.06322
13055036	188	0.1	-0.1	4.07163
13055036	189	0.1	-0.1	-0.120063
13055036	190	0.1	-0.1	-4.04507
13055036	191	0.1	-0.1	0.636679
13055036	192	0.1	-0.1	-5.35533
13055036	193	0.1	-0.1	5.8219
13055036	194	0.1	-0.1	4.2359
13055036	195	0.1	-0.1	-2.90031
13055036	196	0.1	-0.1	-5.69854
13055036	197	0.1	-0.1	-0.606254
13055036	198	0.1	-0.1	-1.00103
13055036	199	0.1	-0.1	1.66641
13055036	200	0.1	-0.1	4.47035
13055036	201	0.1	-0.1	-5.5123
13055036	202	0.1	-0.1	-3.74345
13055036	203	0.1	-0.1	-1.68867
13055036	204	0.1	-0.1	-2.23351
13055036	205	0.1	-0.1	-4.26111
13055036	206	0.1	-0.1	3.76405
13055036	207	0.1	-0.1	0.250027
13055036	208	0.1	-0.1	-5.31706
13055036	209	0.1	-0.1	-2.94308
13055036	210	0.1	-0.1	-3.47184
13055036	211	0.1	-0.1	-0.38029
13055036	212	0.1	-0.1	-4.64473
13055036	213	0.1	-0.1	-5.99247
13055036	214	0.1	-0.1	4.5738
13055036	215	0.1	-0.1	-5.75894
13055036	216	0.1	-0.1	4.03045
13055036	217	0.1	-0.1	1.73446
13055036	218	0.1	-0.1	5.11969
13055036	219	0.1	-0.1	-1.87683
13055036	220	0.1	-0.1	2.20881
13055036	221	0.1	-0.1	2.7
13055036	222	0.1	-0.1	5.2742
13055036	223	0.1	-0.1	5.50774
13055036	224	0.1	-0.1	2.63979
13055036	225	0.1	-0.1	-2.87893
13055036	226	0.1	-0.1	-3.43193
13055036	227	0.1	-0.1	5.14984
13055036	228	0.1	-0.1	-0.504433
13055036	229	0.1	-0.1	0.121493
13055036	230	0.1	-0.1	-1.78786
13055036	231	0.1	-0.1	-1.8819
13055036	232	0.1	-0.1	4.43183
13055036	233	0.1	-0.1	1.36788
13055036	234	0.1	-0.1	0.741549
13055036	235	0.1	-0.1	0.714218
13055036	236	0.1	-0.1	5.29273
13055036	237	0.1	-0.1	1.95758
13055036	238	0.1	-0.1	-5.5013
13055036	239	0.1	-0.1	3.46657
13055036	240	0.1	-0.1	-4.22994
13055036	241	0.1	-0.1	5.88018
13055036	242	0.1	-0.1	0.0491756
13055036	243	0.1	-0.1	-1.86806
13055036	244	0.1	-0.1	0.0181045
13055036	245	0.1	-0.1	3.06283
13055036	246	0.1	-0.1	2.55717
13055036	247	0.1	-0.1	1.8553
13055036	248	0.1	-0.1	0.952398
13055036	249	0.1	-0.1	-5.6684
13055036	250	0.1	-0.1	-0.0262488
13055036	251	0.1	-0.1	-0.590908
13055036	252	0.1	-0.1	2.86451
13055036	253	0.1	-0.1	-3.93812
13055036	254	0.1	-0.1	2.72673
13055036	255	0.1	-0.1	-4.23787
13055036	256	0.1	-0.1	0.774144
13055036	257	0.1	-0.1	-0.923162
13055036	258	0.1	-0.1	3.91992
13055036	259	0.1	-0.1	-2.93366
13055036	260	0.1	-0.1	-1.17066
13055036	261	0.1	-0.1	1.89876
13055036	262	0.1	-0.1	2.87999
13055036	263	0.1	-0.1	-0.920993
13055036	264	0.1	-0.1	-2.09517
13055036	265	0.1	-0.1	4.57931
13055036	266	0.1	-0.1	-5.30854
13055036	267	0.1	-0.1	-1.36
13055036	268	0.1	-0.1	-0.120049
13055036	269	0.1	-0.1	2.13519
13055036	270	0.1	-0.1	-2.0701
13055036	271	0.1	-0.1	-0.608324
13055036	272	0.1	-0.1	-5.89658
13055036	273	0.1	-0.1	2.60436
13055036	274	0.1	-0.1	3.9049
13055036	275	0.1	-0.1	-2.55173
13055036	276	0.1	-0.1	4.35724
13055036	277	0.1	-0.1	0.868645
13055036	278	0.1	-0.1	-3.62862
13055036	279	0.1	-0.1	-3.28475
13055036	280	0.1	-0.1	-5.03735
13055036	281	0.1	-0.1	3.19705
13055036	282	0.1	-0.1	4.10545
13055036	283	0.1	-0.1	4.89996
13055036	284	0.1	-0.1	0.829843
13055036	285	0.1	-0.1	-0.802185
13055036	286	0.1	-0.1	3.47418
13055036	287	0.1	-0.1	-5.28554
13055036	288	0.1	-0.1	1.48052
13055036	289	0.1	-0.1	-1.88646
13055036	290	0.1	-0.1	5.92512
13055036	291	0.1	-0.1	5.93663
13055036	292	0.1	-0.1	3.38374
13055036	293	0.1	-0.1	5.78344
13055036	294	0.1	-0.1	5.27135
13055036	295	0.1	-0.1	-4.31898
13055036	296	0.1	-0.1	-1.67314
13055036	297	0.1	-0.1	-0.952675
13055036	298	0.1	-0.1	-5.63644
13055036	299	0.1	-0.1	2.382
13055036	300	0.1	-0.1	-3.71172
13055036	301	0.1	-0.1	2.79682
13055036	302	0.1	-0.1	-3.72112
13055036	303	0.1	-0.1	3.40063
13055036	304	0.1	-0.1	4.0058
13055036	305	0.1	-0.1	2.49846
13055036	306	0.1	-0.1	0.354495
13055036	307	0.1	-0.1	2.36982
13055036	308	0.1	-0.1	-1.27017
13055036	309	0.1	-0.1	5.42255
13055036	310	0.1	-0.1	3.95977
13055036	311	0.1	-0.1	5.49078
13055036	312	0.1	-0.1	-4.57797
13055036	313	0.1	-0.1	-0.774975
13055036	314	0.1	-0.1	-5.98153
13055036	315	0.1	-0.1	-1.92625
13055036	316	0.1	-0.1	-0.3139
13055036	317	0.1	-0.1	5.70232
13055036	318	0.1	-0.1	-3.81563
13055036	319	0.1	-0.1	-0.862139
13055036	320	0.1	-0.1	4.72273
13055036	321	0.1	-0.1	1.91139
13055036	322	0.1	-0.1	3.82249
13055036	323	0.1	-0.1	-5.07732
13055036	324	0.1	-0.1	-4.22655
13055036	325	0.1	-0.1	4.33862
13055036	326	0.1	-0.1	-2.22492
13055036	327	0.1	-0.1	1.9945
13055036	328	0.1	-0.1	1.1773
13055036	329	0.1	-0.1	-4.02562
13055036	330	0.1	-0.1	-4.20374
13055036	331	0.1	-0.1	-1.44689
13055036	332	0.1	-0.1	-1.83955
13055036	333	0.1	-0.1	-0.453421
13055036	334	0.1	-0.1	1.94505
13055036	335	0.1	-0.1	2.8712
13055036	336	0.1	-0.1	-3.66085
13055036	337	0.1	-0.1	-3.06576
13055036	338	0.1	-0.1	1.9532
13055036	339	0.1	-0.1	4.29621
13055036	340	0.1	-0.1	4.32007
13055036	341	0.1	-0.1	-2.67954
13055036	342	0.1	-0.1	-4.79205
13055036	343	0.1	-0.1	-4.80836
13055036	344	0.1	-0.1	-5.24869
13055036	345	0.1	-0.1	1.61399
13055036	346	0.1	-0.1	5.4195
13055036	347	0.1	-0.1	5.03238
13055036	348	0.1	-0.1	1.93661
13055036	349	0.1	-0.1	-0.503062
13055036	350	0.1	-0.1	5.00675
13055036	351	0.1	-0.1	-2.64283
13055036	352	0.1	-0.1	1.95673
13055036	353	0.1	-0.1	4.39909
13055036	354	0.1	-0.1	-0.130235
13055036	355	0.1	-0.1	4.21237
13055036	356	0.1	-0.1	-5.52679
13055036	357	0.1	-0.1	-1.23325
13055036	358	0.1	-0.1	0.151741
13055036	359	0.1	-0.1	5.16125
13055036	360	0.1	-0.1	-3.22735
13055036	361	0.1	-0.1	2.1306
13055036	362	0.1	-0.1	4.76342
13055036	363	0.1	-0.1	5.87562
13055036	364	0.1	-0.1	0.531235
13055036	365	0.1	-0.1	2.95627
13055036	366	0.1	-0.1	-4.26634
13055036	367	0.1	-0.1	0.722362
13055036	368	0.1	-0.1	1.97466
13055036	369	0.1	-0.1	3.28528
13055036	370	0.1	-0.1	3.66169
13055036	371	0.1	-0.1	-5.75871
13055036	372	0.1	-0.1	5.30729
13055036	373	0.1	-0.1	1.19715
13055036	374	0.1	-0.1	-4.87509
13055036	375	0.1	-0.1	-0.371666
13055036	376	0.1	-0.1	-2.16713
13055036	377	0.1	-0.1	0.0382044
13055036	378	0.1	-0.1	-5.87535
13055036	379	0.1	-0.1	-0.450469
13055036	380	0.1	-0.1	-0.208159
13055036	381	0.1	-0.1	-0.816703
13055036	382	0.1	-0.1	3.78555
13055036	383	0.1	-0.1	-5.54705
13055036	384	0.1	-0.1	3.99642
13055036	385	0.1	-0.1	-5.09897
13055036	386	0.1	-0.1	-4.21813
13055036	387	0.1	-0.1	5.76124
13055036	388	0.1	-0.1	3.93377
13055036	389	0.1	-0.1	4.51519
13055036	390	0.1	-0.1	-5.94184
13055036	391	0.1	-0.1	1.91795
13055036	392	0.1	-0.1	3.84639
13055036	393	0.1	-0.1	-4.83084
13055036	394	0.1	-0.1	2.99424
13055036	395	0.1	-0.1	-5.94619
13055036	396	0.1	-0.1	-5.94833
13055036	397	0.1	-0.1	4.88855
13055036	398	0.1	-0.1	2.04551
13055036	399	0.1	-0.1	1.89588
13055036	400	0.1	-0.1	-5.85821
13055036	401	0.1	-0.1	1.84037
13055036	402	0.1	-0.1	-2.39714
13055036	403	0.1	-0.1	-0.874906
13055036	404	0.1	-0.1	2.0245
13055036	405	0.1	-0.1	-4.53358
13055036	406	0.1	-0.1	-4.65777
13055036	407	0.1	-0.1	0.542326
13055036	408	0.1	-0.1	-2.98707
13055036	409	0.1	-0.1	-4.88762
13055036	410	0.1	-0.1	2.87784
13055036	411	0.1	-0.1	4.39281
13055036	412	0.1	-0.1	-4.85566
13055036	413	0.1	-0.1	-3.63531
13055036	414	0.1	-0.1	-2.07911
13055036	415	0.1	-0.1	1.6794
13055036	416	0.1	-0.1	-3.50519
13055036	417	0.1	-0.1	-0.639519
13055036	418	0.1	-0.1	1.57806
13055036	419	0.1	-0.1	-5.57411
13055036	420	0.1	-0.1	-0.615022
13055036	421	0.1	-0.1	-1.18551
13055036	422	0.1	-0.1	-2.73763
13055036	423	0.1	-0.1	-4.39239
13055036	424	0.1	-0.1	4.90018
13055036	425	0.1	-0.1	-3.73746
13055036	426	0.1	-0.1	-1.03101
13055036	427	0.1	-0.1	-3.44052
13055036	428	0.1	-0.1	0.445396
13055036	429	0.1	-0.1	0.11441
13055036	430	0.1	-0.1	-0.112894
13055036	431	0.1	-0.1	1.15172
13055036	432	0.1	-0.1	2.11952
13055036	433	0.1	-0.1	3.97357
13055036	434	0.1	-0.1	2.47261
13055036	435	0.1	-0.1	-3.50755
13055036	436	0.1	-0.1	5.92576
13055036	437	0.1	-0.1	3.44729
13055036	438	0.1	-0.1	-2.5678
13055036	439	0.1	-0.1	-4.14076
13055036	440	0.1	-0.1	-1.58332
13055036	441	0.1	-0.1	2.34778
13055036	442	0.1	-0.1	-0.784469
13055036	443	0.1	-0.1	0.293681
13055036	444	0.1	-0.1	1.36819
13055036	445	0.1	-0.1	4.58005
13055036	446	0.1	-0.1	3.2467
13055036	447	0.1	-0.1	3.93762
13055036	448	0.1	-0.1	-1.70453
13055036	449	0.1	-0.1	2.6455
13055036	450	0.1	-0.1	-5.88271
13055036	451	0.1	-0.1	0.837844
13055036	452	0.1	-0.1	-2.34081
13055036	453	0.1	-0.1	0.371322
13055036	454	0.1	-0.1	-5.20578
13055036	455	0.1	-0.1	-4.20474
13055036	456	0.1	-0.1	4.45615
13055036	457	0.1	-0.1	-0.204153
13055036	458	0.1	-0.1	-5.85286
13055036	459	0.1	-0.1	1.89751
13055036	460	0.1	-0.1	-1.57858
13055036	461	0.1	-0.1	5.2866
13055036	462	0.1	-0.1	3.24324
13055036	463	0.1	-0.1	2.44005
13055036	464	0.1	-0.1	2.73105
13055036	465	0.1	-0.1	5.83878
13055036	466	0.1	-0.1	5.4733
13055036	467	0.1	-0.1	0.519736
13055036	468	0.1	-0.1	5.67039
13055036	469	0.1	-0.1	5.57581
13055036	470	0.1	-0.1	2.65227
13055036	471	0.1	-0.1	-4.6354
13055036	472	0.1	-0.1	-3.14954
13055036	473	0.1	-0.1	-4.84958
13055036	474	0.1	-0.1	3.2176
13055036	475	0.1	-0.1	-5.63082
13055036	476	0.1	-0.1	-2.56352
13055036	477	0.1	-0.1	-5.96616
13055036	478	0.1	-0.1	3.59891
13055036	479	0.1	-0.1	-0.197895
13055036	480	0.1	-0.1	5.80719
13055036	481	0.1	-0.1	-5.79968
13055036	482	0.1	-0.1	-2.86774
13055036	483	0.1	-0.1	-3.99282
13055036	484	0.1	-0.1	0.706113
13055036	485	0.1	-0.1	-2.25006
13055036	486	0.1	-0.1	4.9945
13055036	487	0.1	-0.1	-5.20181
13055036	488	0.1	-0.1	-0.451493
13055036	489	0.1	-0.1	1.39527
13055036	490	0.1	-0.1	-0.41439
13055036	491	0.1	-0.1	4.85673
13055036	492	0.1	-0.1	2.66441
13055036	493	0.1	-0.1	-2.03345
13055036	494	0.1	-0.1	-1.60815
13055036	495	0.1	-0.1	-3.16447
13055036	496	0.1	-0.1	-4.30736
13055036	497	0.1	-0.1	5.09466
13055036	498	0.1	-0.1	0.94975
13055036	499	0.1	-0.1	-1.61272
13055036	500	0.1	-0.1	3.7634
13055036	501	0.1	-0.1	-2.16674
13055036	502	0.1	-0.1	0.119793
13055036	503	0.1	-0.1	1.12618
13055036	504	0.1	-0.1	-0.69691
13055036	505	0.1	-0.1	5.17131
13055036	506	0.1	-0.1	-3.58777
13055036	507	0.1	-0.1	-2.58792
13055036	508	0.1	-0.1	0.803575
13055036	509	0.1	-0.1	4.76118
13055036	510	0.1	-0.1	-0.931111
13055036	511	0.1	-0.1	4.24373
13055036	512	0.1	-0.1	0.17313
13055036	513	0.1	-0.1	0.599112
13055036	514	0.1	-0.1	4.55239
13055036	515	0.1	-0.1	-0.547437
13055036	516	0.1	-0.1	-2.75557
13055036	517	0.1	-0.1	-3.2176
13055036	518	0.1	-0.1	-4.94266
13055036	519	0.1	-0.1	-2.02405
13055036	520	0.1	-0.1	2.80221
13055036	521	0.1	-0.1	3.8627
13055036	522	0.1	-0.1	3.20442
13055036	523	0.1	-0.1	0.518373
13055036	524	0.1	-0.1	0.0227825
13055036	525	0.1	-0.1	0.0288501
13055036	526	0.1	-0.1	3.28114
13055036	527	0.1	-0.1	-4.92958
13055036	528	0.1	-0.1	-0.8202
13055036	529	0.1	-0.1	-0.302478
13055036	530	0.1	-0.1	2.1767
13055036	531	0.1	-0.1	-3.79092
13055036	532	0.1	-0.1	4.03684
13055036	533	0.1	-0.1	-2.17353
13055036	534	0.1	-0.1	-2.83216
13055036	535	0.1	-0.1	-1.73681
13055036	536	0.1	-0.1	2.18597
13055036	537	0.1	-0.1	-4.84785
13055036	538	0.1	-0.1	2.32673
13055036	539	0.1	-0.1	-5.2168
13055036	540	0.1	-0.1	-3.29823
13055036	541	0.1	-0.1	0.980115
13055036	542	0.1	-0.1	-1.37005
13055036	543	0.1	-0.1	0.118117
13055036	544	0.1	-0.1	-2.76861
13055036	545	0.1	-0.1	-4.84184
13055036	546	0.1	-0.1	-3.9825
13055036	547	0.1	-0.1	-0.179015
13055036	548	0.1	-0.1	3.33004
13055036	549	0.1	-0.1	2.76331
13055036	550	0.1	-0.1	-2.60815
13055036	551	0.1	-0.1	5.99998
13055036	552	0.1	-0.1	0.509854
13055036	553	0.1	-0.1	-0.85469
13055036	554	0.1	-0.1	-4.15268
13055036	555	0.1	-0.1	5.7309
13055036	556	0.1	-0.1	-3.71498
13055036	557	0.1	-0.1	5.52027
13055036	558	0.1	-0.1	0.137164
13055036	559	0.1	-0.1	-0.788991
13055036	560	0.1	-0.1	2.70311
13055036	561	0.1	-0.1	-2.26052
13055036	562	0.1	-0.1	-1.62682
13055036	563	0.1	-0.1	1.97404
13055036	564	0.1	-0.1	-3.99874
13055036	565	0.1	-0.1	-3.87051
13055036	566	0.1	-0.1	5.56446
13055036	567	0.1	-0.1	0.436866
13055036	568	0.1	-0.1	3.03423
13055036	569	0.1	-0.1	-2.61336
13055036	570	0.1	-0.1	5.64932
13055036	571	0.1	-0.1	-1.21949
13055036	572	0.1	-0.1	-4.35365
13055036	573	0.1	-0.1	2.77889
13055036	574	0.1	-0.1	1.09128
13055036	575	0.1	-0.1	-3.1227
13055036	576	0.1	-0.1	5.65687
13055036	577	0.1	-0.1	0.523785
13055036	578	0.1	-0.1	-2.38996
13055036	579	0.1	-0.1	-3.28087
13055036	580	0.1	-0.1	-3.19131
13055036	581	0.1	-0.1	2.74804
13055036	582	0.1	-0.1	4.13026
13055036	583	0.1	-0.1	2.65643
13055036	584	0.1	-0.1	-3.19164
13055036	585	0.1	-0.1	-4.26129
13055036	586	0.1	-0.1	-2.01047
13055036	587	0.1	-0.1	4.03857
13055036	588	0.1	-0.1	-2.40744
13055036	589	0.1	-0.1	2.37287
13055036	590	0.1	-0.1	2.66309
13055036	591	0.1	-0.1	-1.99027
13055036	592	0.1	-0.1	-5.81107
13055036	593	0.1	-0.1	-3.08876
13055036	594	0.1	-0.1	-1.00742
13055036	595	0.1	-0.1	-0.444611
13055036	596	0.1	-0.1	-5.09705
13055036	597	0.1	-0.1	3.21683
13055036	598	0.1	-0.1	-2.12403
13055036	599	0.1	-0.1	2.04761
13055036	600	0.1	-0.1	5.20154
13055036	601	0.1	-0.1	2.78129
13055036	602	0.1	-0.1	0.762107
13055036	603	0.1	-0.1	2.11252
13055036	604	0.1	-0.1	-4.57727
13055036	605	0.1	-0.1	-2.51347
13055036	606	0.1	-0.1	-3.68286
13055036	607	0.1	-0.1	1.811
13055036	608	0.1	-0.1	0.940228
13055036	609	0.1	-0.1	-0.898956
13055036	610	0.1	-0.1	-3.66382
13055036	611	0.1	-0.1	0.908672
13055036	612	0.1	-0.1	-2.99281
13055036	613	0.1	-0.1	-3.69864
13055036	614	0.1	-0.1	-0.0864566
13055036	615	0.1	-0.1	5.43811
13055036	616	0.1	-0.1	3.04634
13055036	617	0.1	-0.1	4.09342
13055036	618	0.1	-0.1	4.93571
13055036	619	0.1	-0.1	4.62248
13055036	620	0.1	-0.1	3.16444
13055036	621	0.1	-0.1	0.328804
13055036	622	0.1	-0.1	4.26795
13055036	623	0.1	-0.1	4.03629
13055036	624	0.1	-0.1	3.79413
13055036	625	0.1	-0.1	-3.95966
13055036	626	0.1	-0.1	1.67049
13055036	627	0.1	-0.1	1.92086
13055036	628	0.1	-0.1	-4.73773
13055036	629	0.1	-0.1	0.434256
13055036	630	0.1	-0.1	1.0182
13055036	631	0.1	-0.1	1.54166
13055036	632	0.1	-0.1	-3.39414
13055036	633	0.1	-0.1	-5.42684
13055036	634	0.1	-0.1	-0.873319
13055036	635	0.1	-0.1	-4.5162
13055036	636	0.1	-0.1	-2.13424
13055036	637	0.1	-0.1	-0.268107
13055036	638	0.1	-0.1	3.48554
13055036	639	0.1	-0.1	-3.02842
13055036	640	0.1	-0.1	4.33685
13055036	641	0.1	-0.1	4.51623
13055036	642	0.1	-0.1	3.79716
13055036	643	0.1	-0.1	-5.44949
13055036	644	0.1	-0.1	4.22976
13055036	645	0.1	-0.1	3.76512
13055036	646	0.1	-0.1	-3.88317
13055036	647	0.1	-0.1	-1.15428
13055036	648	0.1	-0.1	5.22086
13055036	649	0.1	-0.1	-0.05977
13055036	650	0.1	-0.1	0.845742
13055036	651	0.1	-0.1	3.66324
13055036	652	0.1	-0.1	3.79765
13055036	653	0.1	-0.1	-1.73251
13055036	654	0.1	-0.1	3.80905
13055036	655	0.1	-0.1	2.06411
13055036	656	0.1	-0.1	-2.8494
13055036	657	0.1	-0.1	-5.03251
13055036	658	0.1	-0.1	1.68107
13055036	659	0.1	-0.1	-5.21965
13055036	660	0.1	-0.1	3.11892
13055036	661	0.1	-0.1	4.82769
13055036	662	0.1	-0.1	-1.01933
13055036	663	0.1	-0.1	0.235614
13055036	664	0.1	-0.1	-0.971568
13055036	665	0.1	-0.1	3.30019
13055036	666	0.1	-0.1	2.66498
13055036	667	0.1	-0.1	0.95591
13055036	668	0.1	-0.1	-4.74496
13055036	669	0.1	-0.1	-2.86568
13055036	670	0.1	-0.1	5.96614
13055036	671	0.1	-0.1	2.33106
13055036	672	0.1	-0.1	5.34012
13055036	673	0.1	-0.1	1.77936
13055036	674	0.1	-0.1	-4.95921
13055036	675	0.1	-0.1	-0.946759
13055036	676	0.1	-0.1	-3.10058
13055036	677	0.1	-0.1	4.72275
13055036	678	0.1	-0.1	5.20997
13055036	679	0.1	-0.1	-0.53349
13055036	680	0.1	-0.1	4.45608
13055036	681	0.1	-0.1	-2.29578
13055036	682	0.1	-0.1	4.4399
13055036	683	0.1	-0.1	-0.881157
13055036	684	0.1	-0.1	-3.49978
13055036	685	0.1	-0.1	-1.91404
13055036	686	0.1	-0.1	-0.04395
13055036	687	0.1	-0.1	3.14383
13055036	688	0.1	-0.1	0.780981
13055036	689	0.1	-0.1	-1.32406
13055036	690	0.1	-0.1	-4.12086
13055036	691	0.1	-0.1	2.10328
13055036	692	0.1	-0.1	-5.32103
13055036	693	0.1	-0.1	5.48616
13055036	694	0.1	-0.1	-2.07051
13055036	695	0.1	-0.1	-2.48604
13055036	696	0.1	-0.1	-5.0145
13055036	697	0.1	-0.1	0.780424
13055036	698	0.1	-0.1	-4.27438
13055036	699	0.1	-0.1	2.45655
13055036	700	0.1	-0.1	-2.78864
13055036	701	0.1	-0.1	2.40415
13055036	702	0.1	-0.1	4.54869
13055036	703	0.1	-0.1	1.78964
13055036	704	0.1	-0.1	5.66557
13055036	705	0.1	-0.1	1.73995
13055036	706	0.1	-0.1	-5.13995
13055036	707	0.1	-0.1	-1.70487
13055036	708	0.1	-0.1	-2.82125
13055036	709	0.1	-0.1	5.80021
13055036	710	0.1	-0.1	1.44931
13055036	711	0.1	-0.1	0.0376543
13055036	712	0.1	-0.1	-3.78245
13055036	713	0.1	-0.1	4.7574
13055036	714	0.1	-0.1	-4.98733
13055036	715	0.1	-0.1	-4.65226
13055036	716	0.1	-0.1	2.88014
13055036	717	0.1	-0.1	-1.37502
13055036	718	0.1	-0.1	3.73339
13055036	719	0.1	-0.1	4.27274
13055036	720	0.1	-0.1	-1.28202
13055036	721	0.1	-0.1	0.952997
13055036	722	0.1	-0.1	3.74758
13055036	723	0.1	-0.1	3.29336
13055036	724	0.1	-0.1	-5.24695
13055036	725	0.1	-0.1	4.52205
13055036	726	0.1	-0.1	1.6586
13055036	727	0.1	-0.1	-1.29251
13055036	728	0.1	-0.1	-2.58742
13055036	729	0.1	-0.1	2.29138
13055036	730	0.1	-0.1	4.12704
13055036	731	0.1	-0.1	5.74743
13055036	732	0.1	-0.1	1.82583
13055036	733	0.1	-0.1	2.24215
13055036	734	0.1	-0.1	3.68826
13055036	735	0.1	-0.1	-4.09331
13055036	736	0.1	-0.1	4.29626
13055036	737	0.1	-0.1	2.09203
13055036	738	0.1	-0.1	0.880768
13055036	739	0.1	-0.1	-0.698733
13055036	740	0.1	-0.1	3.69948
13055036	741	0.1	-0.1	-0.403661
13055036	742	0.1	-0.1	-1.62909
13055036	743	0.1	-0.1	5.59367
13055036	744	0.1	-0.1	5.99171
13055036	745	0.1	-0.1	-1.14054
13055036	746	0.1	-0.1	-0.928207
13055036	747	0.1	-0.1	3.55786
13055036	748	0.1	-0.1	-4.15133
13055036	749	0.1	-0.1	5.715
13055036	750	0.1	-0.1	-3.9701
13055036	751	0.1	-0.1	-3.43481
13055036	752	0.1	-0.1	0.383177
13055036	753	0.1	-0.1	0.495042
13055036	754	0.1	-0.1	5.95715
13055036	755	0.1	-0.1	0.872022
13055036	756	0.1	-0.1	-4.7327
13055036	757	0.1	-0.1	3.71195
13055036	758	0.1	-0.1	-1.56218
13055036	759	0.1	-0.1	0.121571
13055036	760	0.1	-0.1	0.0202852
13055036	761	0.1	-0.1	0.869218
13055036	762	0.1	-0.1	5.41293
13055036	763	0.1	-0.1	-1.25807
13055036	764	0.1	-0.1	-0.885082
13055036	765	0.1	-0.1	1.90476
13055036	766	0.1	-0.1	5.40696
13055036	767	0.1	-0.1	2.8338
13055036	768	0.1	-0.1	-4.94439
13055036	769	0.1	-0.1	-1.8493
13055036	770	0.1	-0.1	-5.77494
13055036	771	0.1	-0.1	0.621835
13055036	772	0.1	-0.1	1.39501
13055036	773	0.1	-0.1	3.20033
13055036	774	0.1	-0.1	0.910539
13055036	775	0.1	-0.1	-0.476297
13055036	776	0.1	-0.1	5.30288
13055036	777	0.1	-0.1	-3.44703
13055036	778	0.1	-0.1	-3.17339
13055036	779	0.1	-0.1	-4.93594
13055036	780	0.1	-0.1	-3.05373
13055036	781	0.1	-0.1	0.728633
13055036	782	0.1	-0.1	-3.7281
13055036	783	0.1	-0.1	1.11888
13055036	784	0.1	-0.1	5.62551
13055036	785	0.1	-0.1	-0.284231
13055036	786	0.1	-0.1	0.19936
13055036	787	0.1	-0.1	0.588297
13055036	788	0.1	-0.1	-5.95116
13055036	789	0.1	-0.1	5.11283
13055036	790	0.1	-0.1	5.27948
13055036	791	0.1	-0.1	0.644943
13055036	792	0.1	-0.1	-4.98784
13055036	793	0.1	-0.1	1.18083
13055036	794	0.1	-0.1	3.60604
13055036	795	0.1	-0.1	1.01515
13055036	796	0.1	-0.1	-0.327889
13055036	797	0.1	-0.1	-1.22135
13055036	798	0.1	-0.1	-4.53967
13055036	799	0.1	-0.1	3.37268
13055036	800	0.1	-0.1	5.87915
13055036	801	0.1	-0.1	-1.53417
13055036	802	0.1	-0.1	-3.27779
13055036	803	0.1	-0.1	-1.22575
13055036	804	0.1	-0.1	-1.72654
13055036	805	0.1	-0.1	-1.70458
13055036	806	0.1	-0.1	-3.05047
13055036	807	0.1	-0.1	-5.63898
13055036	808	0.1	-0.1	-2.84636
13055036	809	0.1	-0.1	1.67986
13055036	810	0.1	-0.1	0.816379
13055036	811	0.1	-0.1	4.59365
13055036	812	0.1	-0.1	5.38673
13055036	813	0.1	-0.1	-3.61814
13055036	814	0.1	-0.1	-0.389063
13055036	815	0.1	-0.1	4.62318
13055036	816	0.1	-0.1	-4.51224
13055036	817	0.1	-0.1	-4.19769
13055036	818	0.1	-0.1	5.13279
13055036	819	0.1	-0.1	-4.26934
13055036	820	0.1	-0.1	-0.13599
13055036	821	0.1	-0.1	-3.53837
13055036	822	0.1	-0.1	3.61137
13055036	823	0.1	-0.1	-5.61527
13055036	824	0.1	-0.1	5.04775
13055036	825	0.1	-0.1	1.98915
13055036	826	0.1	-0.1	-0.96734
13055036	827	0.1	-0.1	3.78276
13055036	828	0.1	-0.1	0.501254
13055036	829	0.1	-0.1	-0.443506
13055036	830	0.1	-0.1	4.60824
13055036	831	0.1	-0.1	-5.79419
13055036	832	0.1	-0.1	-3.12428
13055036	833	0.1	-0.1	-1.27446
13055036	834	0.1	-0.1	4.23219
13055036	835	0.1	-0.1	-5.30957
13055036	836	0.1	-0.1	-1.7787
13055036	837	0.1	-0.1	-4.30119
13055036	838	0.1	-0.1	1.46383
13055036	839	0.1	-0.1	-1.9747
13055036	840	0.1	-0.1	3.32665
13055036	841	0.1	-0.1	-0.239555
13055036	842	0.1	-0.1	2.75609
13055036	843	0.1	-0.1	-2.1228
13055036	844	0.1	-0.1	-0.412245
13055036	845	0.1	-0.1	4.70595
13055036	846	0.1	-0.1	-5.55913
13055036	847	0.1	-0.1	-4.77305
13055036	848	0.1	-0.1	5.37024
13055036	849	0.1	-0.1	-5.07009
13055036	850	0.1	-0.1	0.683037
13055036	851	0.1	-0.1	5.81461
13055036	852	0.1	-0.1	0.334031
13055036	853	0.1	-0.1	2.65056
13055036	854	0.1	-0.1	0.84219
13055036	855	0.1	-0.1	1.30805
13055036	856	0.1	-0.1	5.34811
13055036	857	0.1	-0.1	4.44177
13055036	858	0.1	-0.1	-3.16681
13055036	859	0.1	-0.1	1.47225
13055036	860	0.1	-0.1	-3.92153
13055036	861	0.1	-0.1	-4.76189
13055036	862	0.1	-0.1	-0.448851
13055036	863	0.1	-0.1	4.80177
13055036	864	0.1	-0.1	1.13172
13055036	865	0.1	-0.1	-5.62778
13055036	866	0.1	-0.1	-5.42446
13055036	867	0.1	-0.1	-1.06953
13055036	868	0.1	-0.1	-1.31325
13055036	869	0.1	-0.1	2.19226
13055036	870	0.1	-0.1	-5.23417
13055036	871	0.1	-0.1	-5.0501
13055036	872	0.1	-0.1	-1.92673
13055036	873	0.1	-0.1	-4.29692
13055036	874	0.1	-0.1	-2.21736
13055036	875	0.1	-0.1	-3.54835
13055036	876	0.1	-0.1	-2.02695
13055036	877	0.1	-0.1	0.0957122
13055036	878	0.1	-0.1	1.62014
13055036	879	0.1	-0.1	3.81468
13055036	880	0.1	-0.1	-3.38576
13055036	881	0.1	-0.1	4.2608
13055036	882	0.1	-0.1	-3.82029
13055036	883	0.1	-0.1	-0.500931
13055036	884	0.1	-0.1	1.03154
13055036	885	0.1	-0.1	0.863342
13055036	886	0.1	-0.1	-0.0519229
13055036	887	0.1	-0.1	-5.60177
13055036	888	0.1	-0.1	0.328163
13055036	889	0.1	-0.1	3.49675
13055036	890	0.1	-0.1	-2.95615
13055036	891	0.1	-0.1	-4.33685
13055036	892	0.1	-0.1	-2.5986
13055036	893	0.1	-0.1	-3.62657
13055036	894	0.1	-0.1	-4.24173
13055036	895	0.1	-0.1	3.57712
13055036	896	0.1	-0.1	1.15873
13055036	897	0.1	-0.1	-2.40566
13055036	898	0.1	-0.1	-3.92014
13055036	899	0.1	-0.1	-3.7804
13055036	900	0.1	-0.1	-3.28458
13055036	901	0.1	-0.1	-3.08559
13055036	902	0.1	-0.1	1.91321
13055036	903	0.1	-0.1	-1.34994
13055036	904	0.1	-0.1	-5.28989
13055036	905	0.1	-0.1	-4.99323
13055036	906	0.1	-0.1	-3.85931
13055036	907	0.1	-0.1	1.08906
13055036	908	0.1	-0.1	-3.78017
13055036	909	0.1	-0.1	-3.43997
13055036	910	0.1	-0.1	1.14973
13055036	911	0.1	-0.1	-5.97993
13055036	912	0.1	-0.1	3.68815
13055036	913	0.1	-0.1	-3.18984
13055036	914	0.1	-0.1	5.62387
13055036	915	0.1	-0.1	-5.56995
13055036	916	0.1	-0.1	-0.224107
13055036	917	0.1	-0.1	2.15463
13055036	918	0.1	-0.1	-1.40589
13055036	919	0.1	-0.1	2.34425
13055036	920	0.1	-0.1	-2.17287
13055036	921	0.1	-0.1	-5.49734
13055036	922	0.1	-0.1	0.0181442
13055036	923	0.1	-0.1	-5.33944
13055036	924	0.1	-0.1	-4.88743
13055036	925	0.1	-0.1	-5.69676
13055036	926	0.1	-0.1	-2.24662
13055036	927	0.1	-0.1	-5.82921
13055036	928	0.1	-0.1	-0.658889
13055036	929	0.1	-0.1	2.11583
13055036	930	0.1	-0.1	0.0624571
13055036	931	0.1	-0.1	-1.12092
13055036	932	0.1	-0.1	2.106
13055036	933	0.1	-0.1	-3.05614
13055036	934	0.1	-0.1	-0.631257
13055036	935	0.1	-0.1	-3.55548
13055036	936	0.1	-0.1	0.105029
13055036	937	0.1	-0.1	4.09166
13055036	938	0.1	-0.1	-2.8866
13055036	939	0.1	-0.1	5.62378
13055036	940	0.1	-0.1	-5.37141
13055036	941	0.1	-0.1	2.25726
13055036	942	0.1	-0.1	-0.523205
13055036	943	0.1	-0.1	3.00206
13055036	944	0.1	-0.1	0.132233
13055036	945	0.1	-0.1	1.93763
13055036	946	0.1	-0.1	-0.0735676
13055036	947	0.1	-0.1	-2.96446
13055036	948	0.1	-0.1	4.50885
13055036	949	0.1	-0.1	-1.92958
13055036	950	0.1	-0.1	-3.12907
13055036	951	0.1	-0.1	-1.14605
13055036	952	0.1	-0.1	-1.26092
13055036	953	0.1	-0.1	-3.41386
13055036	954	0.1	-0.1	-2.95182
13055036	955	0.1	-0.1	-4.26466
13055036	956	0.1	-0.1	3.48307
13055036	957	0.1	-0.1	-1.13458
13055036	958	0.1	-0.1	-2.45636
13055036	959	0.1	-0.1	-5.6903
13055036	960	0.1	-0.1	-0.321754
13055036	961	0.1	-0.1	1.78995
13055036	962	0.1	-0.1	2.77357
13055036	963	0.1	-0.1	-4.25235
13055036	964	0.1	-0.1	3.34999
13055036	965	0.1	-0.1	3.49644
13055036	966	0.1	-0.1	-0.249652
13055036	967	0.1	-0.1	0.303338
13055036	968	0.1	-0.1	-0.173649
13055036	969	0.1	-0.1	2.26514
13055036	970	0.1	-0.1	-5.91271
13055036	971	0.1	-0.1	1.90156
13055036	972	0.1	-0.1	1.89554
13055036	973	0.1	-0.1	-0.983861
13055036	974	0.1	-0.1	0.50877
13055036	975	0.1	-0.1	1.53964
13055036	976	0.1	-0.1	4.1347
13055036	977	0.1	-0.1	0.074085
13055036	978	0.1	-0.1	4.4314
13055036	979	0.1	-0.1	1.7858
13055036	980	0.1	-0.1	4.36059
13055036	981	0.1	-0.1	-0.035111
13055036	982	0.1	-0.1	5.68483
13055036	983	0.1	-0.1	2.47246
13055036	984	0.1	-0.1	-1.6151
13055036	985	0.1	-0.1	-5.15188
13055036	986	0.1	-0.1	-2.21129
13055036	987	0.1	-0.1	-5.68279
13055036	988	0.1	-0.1	-0.497499
13055036	989	0.1	-0.1	-2.47494
13055036	990	0.1	-0.1	-3.44021
13055036	991	0.1	-0.1	5.01432
13055036	992	0.1	-0.1	2.1571
13055036	993	0.1	-0.1	4.794
13055036	994	0.1	-0.1	0.181628
13055036	995	0.1	-0.1	-5.71452
13055036	996	0.1	-0.1	-3.93929
13055036	997	0.1	-0.1	-3.58326
13055036	998	0.1	-0.1	1.62857
13055036	999	0.1	-0.1	-0.645119
13055036	1000	0.1	-0.1	-4.59505
