13050029	1	0.1	-0.1	-3.98317
13050029	2	0.1	-0.1	1.67984
13050029	3	0.1	-0.1	-4.50805
13050029	4	0.1	-0.1	-3.17217
13050029	5	0.1	-0.1	4.26129
13050029	6	0.1	-0.1	5.21526
13050029	7	0.1	-0.1	-3.08033
13050029	8	0.1	-0.1	1.34367
13050029	9	0.1	-0.1	3.47047
13050029	10	0.1	-0.1	-0.448162
13050029	11	0.1	-0.1	-2.82649
13050029	12	0.1	-0.1	3.90233
13050029	13	0.1	-0.1	1.55741
13050029	14	0.1	-0.1	-1.2188
13050029	15	0.1	-0.1	1.76117
13050029	16	0.1	-0.1	2.66344
13050029	17	0.1	-0.1	-3.99229
13050029	18	0.1	-0.1	-4.59166
13050029	19	0.1	-0.1	3.54814
13050029	20	0.1	-0.1	-5.90007
13050029	21	0.1	-0.1	-3.20922
13050029	22	0.1	-0.1	5.29029
13050029	23	0.1	-0.1	-2.17728
13050029	24	0.1	-0.1	-5.4389
13050029	25	0.1	-0.1	-0.890158
13050029	26	0.1	-0.1	-2.7972
13050029	27	0.1	-0.1	2.56151
13050029	28	0.1	-0.1	-3.27254
13050029	29	0.1	-0.1	5.78245
13050029	30	0.1	-0.1	1.62693
13050029	31	0.1	-0.1	-4.4031
13050029	32	0.1	-0.1	3.76442
13050029	33	0.1	-0.1	-4.49044
13050029	34	0.1	-0.1	-3.64384
13050029	35	0.1	-0.1	0.0879296
13050029	36	0.1	-0.1	0.455951
13050029	37	0.1	-0.1	-2.24627
13050029	38	0.1	-0.1	3.63824
13050029	39	0.1	-0.1	-1.16234
13050029	40	0.1	-0.1	0.565657
13050029	41	0.1	-0.1	0.563585
13050029	42	0.1	-0.1	3.86523
13050029	43	0.1	-0.1	4.9575
13050029	44	0.1	-0.1	3.10397
13050029	45	0.1	-0.1	3.55696
13050029	46	0.1	-0.1	1.84408
13050029	47	0.1	-0.1	3.80849
13050029	48	0.1	-0.1	3.04487
13050029	49	0.1	-0.1	3.89607
13050029	50	0.1	-0.1	-4.9556
13050029	51	0.1	-0.1	0.900352
13050029	52	0.1	-0.1	3.69552
13050029	53	0.1	-0.1	-1.79514
13050029	54	0.1	-0.1	4.36164
13050029	55	0.1	-0.1	-3.55397
13050029	56	0.1	-0.1	2.99082
13050029	57	0.1	-0.1	2.61128
13050029	58	0.1	-0.1	5.59627
13050029	59	0.1	-0.1	3.14069
13050029	60	0.1	-0.1	1.07687
13050029	61	0.1	-0.1	3.91728
13050029	62	0.1	-0.1	-5.43696
13050029	63	0.1	-0.1	3.59413
13050029	64	0.1	-0.1	-5.20485
13050029	65	0.1	-0.1	-5.18927
13050029	66	0.1	-0.1	-4.00038
13050029	67	0.1	-0.1	1.92747
13050029	68	0.1	-0.1	-5.03549
13050029	69	0.1	-0.1	-4.28184
13050029	70	0.1	-0.1	-5.90134
13050029	71	0.1	-0.1	0.0834701
13050029	72	0.1	-0.1	-3.77507
13050029	73	0.1	-0.1	-0.44063
13050029	74	0.1	-0.1	-4.3969
13050029	75	0.1	-0.1	-0.743793
13050029	76	0.1	-0.1	-3.44332
13050029	77	0.1	-0.1	2.93495
13050029	78	0.1	-0.1	0.859974
13050029	79	0.1	-0.1	5.92192
13050029	80	0.1	-0.1	-5.82495
13050029	81	0.1	-0.1	3.17814
13050029	82	0.1	-0.1	0.305241
13050029	83	0.1	-0.1	3.15576
13050029	84	0.1	-0.1	-0.183893
13050029	85	0.1	-0.1	-4.28996
13050029	86	0.1	-0.1	3.55955
13050029	87	0.1	-0.1	-0.511848
13050029	88	0.1	-0.1	-3.04391
13050029	89	0.1	-0.1	4.33406
13050029	90	0.1	-0.1	-0.462624
13050029	91	0.1	-0.1	-2.5287
13050029	92	0.1	-0.1	3.32054
13050029	93	0.1	-0.1	1.10521
13050029	94	0.1	-0.1	0.818152
13050029	95	0.1	-0.1	-1.05043
13050029	96	0.1	-0.1	-4.78678
13050029	97	0.1	-0.1	3.71098
13050029	98	0.1	-0.1	-2.17882
13050029	99	0.1	-0.1	-0.804894
13050029	100	0.1	-0.1	-0.0455416
13050029	101	0.1	-0.1	3.94182
13050029	102	0.1	-0.1	1.64739
13050029	103	0.1	-0.1	-0.187012
13050029	104	0.1	-0.1	-0.153277
13050029	105	0.1	-0.1	2.32705
13050029	106	0.1	-0.1	0.345508
13050029	107	0.1	-0.1	5.28827
13050029	108	0.1	-0.1	5.03031
13050029	109	0.1	-0.1	-5.57849
13050029	110	0.1	-0.1	-5.51356
13050029	111	0.1	-0.1	-3.76762
13050029	112	0.1	-0.1	-5.43551
13050029	113	0.1	-0.1	-2.9559
13050029	114	0.1	-0.1	-2.83432
13050029	115	0.1	-0.1	-1.58178
13050029	116	0.1	-0.1	-0.701336
13050029	117	0.1	-0.1	-4.92639
13050029	118	0.1	-0.1	0.335625
13050029	119	0.1	-0.1	3.53908
13050029	120	0.1	-0.1	-2.0062
13050029	121	0.1	-0.1	-3.34921
13050029	122	0.1	-0.1	2.00505
13050029	123	0.1	-0.1	-3.15639
13050029	124	0.1	-0.1	4.76236
13050029	125	0.1	-0.1	-3.39814
13050029	126	0.1	-0.1	-2.30166
13050029	127	0.1	-0.1	-0.0661234
13050029	128	0.1	-0.1	4.83923
13050029	129	0.1	-0.1	-3.09376
13050029	130	0.1	-0.1	-1.31776
13050029	131	0.1	-0.1	-1.72976
13050029	132	0.1	-0.1	-3.39522
13050029	133	0.1	-0.1	-0.839903
13050029	134	0.1	-0.1	2.10833
13050029	135	0.1	-0.1	3.98946
13050029	136	0.1	-0.1	-3.19272
13050029	137	0.1	-0.1	-4.48289
13050029	138	0.1	-0.1	-4.85557
13050029	139	0.1	-0.1	-0.332473
13050029	140	0.1	-0.1	0.0762648
13050029	141	0.1	-0.1	-3.84046
13050029	142	0.1	-0.1	-2.98883
13050029	143	0.1	-0.1	0.00125455
13050029	144	0.1	-0.1	-3.79604
13050029	145	0.1	-0.1	-0.519796
13050029	146	0.1	-0.1	-3.12632
13050029	147	0.1	-0.1	5.30745
13050029	148	0.1	-0.1	-5.51619
13050029	149	0.1	-0.1	4.87995
13050029	150	0.1	-0.1	-0.342549
13050029	151	0.1	-0.1	5.02543
13050029	152	0.1	-0.1	4.11477
13050029	153	0.1	-0.1	-5.24047
13050029	154	0.1	-0.1	-1.98371
13050029	155	0.1	-0.1	-3.20093
13050029	156	0.1	-0.1	-0.155969
13050029	157	0.1	-0.1	-5.08923
13050029	158	0.1	-0.1	-0.972668
13050029	159	0.1	-0.1	2.67392
13050029	160	0.1	-0.1	0.851244
13050029	161	0.1	-0.1	4.77806
13050029	162	0.1	-0.1	5.06487
13050029	163	0.1	-0.1	-0.739452
13050029	164	0.1	-0.1	-4.11725
13050029	165	0.1	-0.1	-5.38752
13050029	166	0.1	-0.1	1.9263
13050029	167	0.1	-0.1	-4.2643
13050029	168	0.1	-0.1	3.78529
13050029	169	0.1	-0.1	3.97529
13050029	170	0.1	-0.1	-3.43064
13050029	171	0.1	-0.1	0.340461
13050029	172	0.1	-0.1	-2.43779
13050029	173	0.1	-0.1	-5.7222
13050029	174	0.1	-0.1	-0.870581
13050029	175	0.1	-0.1	-0.836355
13050029	176	0.1	-0.1	-1.24924
13050029	177	0.1	-0.1	-0.550101
13050029	178	0.1	-0.1	-2.66833
13050029	179	0.1	-0.1	-0.462494
13050029	180	0.1	-0.1	0.521945
13050029	181	0.1	-0.1	3.91454
13050029	182	0.1	-0.1	-2.44676
13050029	183	0.1	-0.1	-4.46554
13050029	184	0.1	-0.1	-2.93921
13050029	185	0.1	-0.1	-4.96341
13050029	186	0.1	-0.1	-5.77286
13050029	187	0.1	-0.1	0.475951
13050029	188	0.1	-0.1	-0.719726
13050029	189	0.1	-0.1	-2.94154
13050029	190	0.1	-0.1	2.38492
13050029	191	0.1	-0.1	-2.47828
13050029	192	0.1	-0.1	3.04167
13050029	193	0.1	-0.1	2.3865
13050029	194	0.1	-0.1	5.91937
13050029	195	0.1	-0.1	0.844081
13050029	196	0.1	-0.1	0.00176538
13050029	197	0.1	-0.1	1.92371
13050029	198	0.1	-0.1	-1.23622
13050029	199	0.1	-0.1	4.78698
13050029	200	0.1	-0.1	0.177742
13050029	201	0.1	-0.1	-3.49607
13050029	202	0.1	-0.1	1.31749
13050029	203	0.1	-0.1	5.07298
13050029	204	0.1	-0.1	-5.22122
13050029	205	0.1	-0.1	-1.84882
13050029	206	0.1	-0.1	-4.45615
13050029	207	0.1	-0.1	5.18141
13050029	208	0.1	-0.1	2.73746
13050029	209	0.1	-0.1	4.46264
13050029	210	0.1	-0.1	5.22092
13050029	211	0.1	-0.1	-5.83544
13050029	212	0.1	-0.1	-0.32858
13050029	213	0.1	-0.1	0.93612
13050029	214	0.1	-0.1	4.43794
13050029	215	0.1	-0.1	-3.47446
13050029	216	0.1	-0.1	-5.14206
13050029	217	0.1	-0.1	1.57048
13050029	218	0.1	-0.1	-3.89406
13050029	219	0.1	-0.1	-3.21682
13050029	220	0.1	-0.1	4.35771
13050029	221	0.1	-0.1	3.72737
13050029	222	0.1	-0.1	1.65675
13050029	223	0.1	-0.1	5.56279
13050029	224	0.1	-0.1	1.39202
13050029	225	0.1	-0.1	-4.48795
13050029	226	0.1	-0.1	2.68802
13050029	227	0.1	-0.1	3.0914
13050029	228	0.1	-0.1	4.0609
13050029	229	0.1	-0.1	5.35777
13050029	230	0.1	-0.1	4.17173
13050029	231	0.1	-0.1	3.63854
13050029	232	0.1	-0.1	-4.92729
13050029	233	0.1	-0.1	-0.251296
13050029	234	0.1	-0.1	-2.20259
13050029	235	0.1	-0.1	-5.8718
13050029	236	0.1	-0.1	5.9575
13050029	237	0.1	-0.1	-0.127064
13050029	238	0.1	-0.1	4.04991
13050029	239	0.1	-0.1	-2.35368
13050029	240	0.1	-0.1	5.59886
13050029	241	0.1	-0.1	-3.4526
13050029	242	0.1	-0.1	-2.46378
13050029	243	0.1	-0.1	0.323894
13050029	244	0.1	-0.1	-4.7334
13050029	245	0.1	-0.1	-1.43908
13050029	246	0.1	-0.1	-4.63346
13050029	247	0.1	-0.1	4.09277
13050029	248	0.1	-0.1	3.18949
13050029	249	0.1	-0.1	-4.16919
13050029	250	0.1	-0.1	-5.34179
13050029	251	0.1	-0.1	-5.75055
13050029	252	0.1	-0.1	4.26217
13050029	253	0.1	-0.1	4.96397
13050029	254	0.1	-0.1	-0.0334407
13050029	255	0.1	-0.1	-2.3206
13050029	256	0.1	-0.1	-3.97157
13050029	257	0.1	-0.1	-0.276935
13050029	258	0.1	-0.1	-0.177882
13050029	259	0.1	-0.1	2.49952
13050029	260	0.1	-0.1	-3.10362
13050029	261	0.1	-0.1	-2.1969
13050029	262	0.1	-0.1	-3.96444
13050029	263	0.1	-0.1	2.47039
13050029	264	0.1	-0.1	2.82405
13050029	265	0.1	-0.1	0.195004
13050029	266	0.1	-0.1	0.560962
13050029	267	0.1	-0.1	4.28799
13050029	268	0.1	-0.1	3.4996
13050029	269	0.1	-0.1	-5.41283
13050029	270	0.1	-0.1	3.28637
13050029	271	0.1	-0.1	2.43545
13050029	272	0.1	-0.1	-0.407029
13050029	273	0.1	-0.1	-1.23007
13050029	274	0.1	-0.1	0.952608
13050029	275	0.1	-0.1	-1.37038
13050029	276	0.1	-0.1	0.476026
13050029	277	0.1	-0.1	-4.73965
13050029	278	0.1	-0.1	-1.80152
13050029	279	0.1	-0.1	3.28935
13050029	280	0.1	-0.1	-0.863229
13050029	281	0.1	-0.1	-5.76569
13050029	282	0.1	-0.1	-1.81642
13050029	283	0.1	-0.1	5.28441
13050029	284	0.1	-0.1	-4.39694
13050029	285	0.1	-0.1	-1.65041
13050029	286	0.1	-0.1	-0.339369
13050029	287	0.1	-0.1	-1.60594
13050029	288	0.1	-0.1	2.03407
13050029	289	0.1	-0.1	-3.22632
13050029	290	0.1	-0.1	1.8024
13050029	291	0.1	-0.1	-1.67098
13050029	292	0.1	-0.1	5.9723
13050029	293	0.1	-0.1	4.32298
13050029	294	0.1	-0.1	-3.06053
13050029	295	0.1	-0.1	3.23075
13050029	296	0.1	-0.1	-5.12807
13050029	297	0.1	-0.1	5.83691
13050029	298	0.1	-0.1	3.2759
13050029	299	0.1	-0.1	2.61641
13050029	300	0.1	-0.1	3.28428
13050029	301	0.1	-0.1	-2.75898
13050029	302	0.1	-0.1	-5.12271
13050029	303	0.1	-0.1	-4.80669
13050029	304	0.1	-0.1	-2.09207
13050029	305	0.1	-0.1	2.01649
13050029	306	0.1	-0.1	5.45595
13050029	307	0.1	-0.1	-0.812334
13050029	308	0.1	-0.1	1.2201
13050029	309	0.1	-0.1	-2.0821
13050029	310	0.1	-0.1	-2.26166
13050029	311	0.1	-0.1	3.10283
13050029	312	0.1	-0.1	3.16823
13050029	313	0.1	-0.1	1.6624
13050029	314	0.1	-0.1	-0.487706
13050029	315	0.1	-0.1	-4.6509
13050029	316	0.1	-0.1	2.37288
13050029	317	0.1	-0.1	-0.924441
13050029	318	0.1	-0.1	1.07704
13050029	319	0.1	-0.1	-3.26574
13050029	320	0.1	-0.1	3.26415
13050029	321	0.1	-0.1	-2.09093
13050029	322	0.1	-0.1	4.7505
13050029	323	0.1	-0.1	-3.21592
13050029	324	0.1	-0.1	1.65317
13050029	325	0.1	-0.1	5.99589
13050029	326	0.1	-0.1	3.89818
13050029	327	0.1	-0.1	0.806679
13050029	328	0.1	-0.1	-4.99014
13050029	329	0.1	-0.1	-1.20724
13050029	330	0.1	-0.1	-4.11954
13050029	331	0.1	-0.1	0.473939
13050029	332	0.1	-0.1	-3.91628
13050029	333	0.1	-0.1	-3.11986
13050029	334	0.1	-0.1	0.925377
13050029	335	0.1	-0.1	-0.861697
13050029	336	0.1	-0.1	-1.81836
13050029	337	0.1	-0.1	0.91235
13050029	338	0.1	-0.1	-2.67665
13050029	339	0.1	-0.1	1.53385
13050029	340	0.1	-0.1	-1.36812
13050029	341	0.1	-0.1	-5.22055
13050029	342	0.1	-0.1	4.72523
13050029	343	0.1	-0.1	2.62982
13050029	344	0.1	-0.1	-3.98079
13050029	345	0.1	-0.1	-4.12556
13050029	346	0.1	-0.1	3.06882
13050029	347	0.1	-0.1	-2.25135
13050029	348	0.1	-0.1	-4.19879
13050029	349	0.1	-0.1	0.629435
13050029	350	0.1	-0.1	1.67557
13050029	351	0.1	-0.1	4.24014
13050029	352	0.1	-0.1	-5.8851
13050029	353	0.1	-0.1	0.419959
13050029	354	0.1	-0.1	2.96843
13050029	355	0.1	-0.1	-0.882389
13050029	356	0.1	-0.1	-3.94062
13050029	357	0.1	-0.1	-4.85238
13050029	358	0.1	-0.1	-4.0343
13050029	359	0.1	-0.1	-3.78653
13050029	360	0.1	-0.1	-1.34934
13050029	361	0.1	-0.1	-1.93299
13050029	362	0.1	-0.1	-3.73151
13050029	363	0.1	-0.1	3.63902
13050029	364	0.1	-0.1	2.74534
13050029	365	0.1	-0.1	-1.32361
13050029	366	0.1	-0.1	-4.00511
13050029	367	0.1	-0.1	-5.99589
13050029	368	0.1	-0.1	-1.42335
13050029	369	0.1	-0.1	-3.12852
13050029	370	0.1	-0.1	-5.7106
13050029	371	0.1	-0.1	5.95488
13050029	372	0.1	-0.1	-2.86902
13050029	373	0.1	-0.1	3.22415
13050029	374	0.1	-0.1	-2.74377
13050029	375	0.1	-0.1	3.06165
13050029	376	0.1	-0.1	1.78603
13050029	377	0.1	-0.1	4.02002
13050029	378	0.1	-0.1	4.0599
13050029	379	0.1	-0.1	-3.45086
13050029	380	0.1	-0.1	4.07192
13050029	381	0.1	-0.1	-4.3729
13050029	382	0.1	-0.1	5.39575
13050029	383	0.1	-0.1	0.0139118
13050029	384	0.1	-0.1	-1.94206
13050029	385	0.1	-0.1	5.35061
13050029	386	0.1	-0.1	2.60389
13050029	387	0.1	-0.1	-0.86856
13050029	388	0.1	-0.1	-0.175924
13050029	389	0.1	-0.1	1.04775
13050029	390	0.1	-0.1	-3.27835
13050029	391	0.1	-0.1	-0.529908
13050029	392	0.1	-0.1	4.85314
13050029	393	0.1	-0.1	4.5341
13050029	394	0.1	-0.1	1.13886
13050029	395	0.1	-0.1	3.72708
13050029	396	0.1	-0.1	3.10559
13050029	397	0.1	-0.1	-2.26396
13050029	398	0.1	-0.1	-1.17999
13050029	399	0.1	-0.1	1.21757
13050029	400	0.1	-0.1	3.39657
13050029	401	0.1	-0.1	-4.25472
13050029	402	0.1	-0.1	-4.87743
13050029	403	0.1	-0.1	-3.05864
13050029	404	0.1	-0.1	-5.11992
13050029	405	0.1	-0.1	-4.43615
13050029	406	0.1	-0.1	-0.773115
13050029	407	0.1	-0.1	-0.41874
13050029	408	0.1	-0.1	0.797086
13050029	409	0.1	-0.1	-2.1931
13050029	410	0.1	-0.1	-4.20142
13050029	411	0.1	-0.1	3.92928
13050029	412	0.1	-0.1	1.01436
13050029	413	0.1	-0.1	-5.32256
13050029	414	0.1	-0.1	-4.32992
13050029	415	0.1	-0.1	0.90256
13050029	416	0.1	-0.1	-2.10674
13050029	417	0.1	-0.1	2.44711
13050029	418	0.1	-0.1	-0.0555403
13050029	419	0.1	-0.1	-3.34189
13050029	420	0.1	-0.1	4.12181
13050029	421	0.1	-0.1	-5.20546
13050029	422	0.1	-0.1	5.47284
13050029	423	0.1	-0.1	-2.455
13050029	424	0.1	-0.1	-4.71479
13050029	425	0.1	-0.1	-4.50894
13050029	426	0.1	-0.1	-0.25835
13050029	427	0.1	-0.1	-2.04017
13050029	428	0.1	-0.1	0.608975
13050029	429	0.1	-0.1	-1.7917
13050029	430	0.1	-0.1	-0.392001
13050029	431	0.1	-0.1	-4.06068
13050029	432	0.1	-0.1	-4.41971
13050029	433	0.1	-0.1	-1.90981
13050029	434	0.1	-0.1	3.45508
13050029	435	0.1	-0.1	4.4819
13050029	436	0.1	-0.1	-4.69712
13050029	437	0.1	-0.1	2.47585
13050029	438	0.1	-0.1	3.50424
13050029	439	0.1	-0.1	-0.332214
13050029	440	0.1	-0.1	1.71219
13050029	441	0.1	-0.1	1.25709
13050029	442	0.1	-0.1	-3.10951
13050029	443	0.1	-0.1	-4.06793
13050029	444	0.1	-0.1	4.21659
13050029	445	0.1	-0.1	-3.00169
13050029	446	0.1	-0.1	2.25164
13050029	447	0.1	-0.1	-4.78441
13050029	448	0.1	-0.1	-5.70057
13050029	449	0.1	-0.1	-0.00598465
13050029	450	0.1	-0.1	1.21264
13050029	451	0.1	-0.1	-1.48461
13050029	452	0.1	-0.1	5.353
13050029	453	0.1	-0.1	4.12029
13050029	454	0.1	-0.1	2.94532
13050029	455	0.1	-0.1	5.68531
13050029	456	0.1	-0.1	-0.712549
13050029	457	0.1	-0.1	2.53026
13050029	458	0.1	-0.1	4.41299
13050029	459	0.1	-0.1	-5.40132
13050029	460	0.1	-0.1	-1.42572
13050029	461	0.1	-0.1	4.62484
13050029	462	0.1	-0.1	4.49596
13050029	463	0.1	-0.1	-4.26533
13050029	464	0.1	-0.1	-2.76201
13050029	465	0.1	-0.1	-0.641683
13050029	466	0.1	-0.1	-3.84552
13050029	467	0.1	-0.1	-0.354728
13050029	468	0.1	-0.1	3.34515
13050029	469	0.1	-0.1	-3.13258
13050029	470	0.1	-0.1	2.18598
13050029	471	0.1	-0.1	-5.71304
13050029	472	0.1	-0.1	2.33421
13050029	473	0.1	-0.1	-4.46818
13050029	474	0.1	-0.1	5.17748
13050029	475	0.1	-0.1	-2.1063
13050029	476	0.1	-0.1	-1.13772
13050029	477	0.1	-0.1	5.39221
13050029	478	0.1	-0.1	-1.03304
13050029	479	0.1	-0.1	5.81646
13050029	480	0.1	-0.1	5.29913
13050029	481	0.1	-0.1	3.5505
13050029	482	0.1	-0.1	1.19946
13050029	483	0.1	-0.1	-5.16664
13050029	484	0.1	-0.1	2.56619
13050029	485	0.1	-0.1	-2.8107
13050029	486	0.1	-0.1	-3.52263
13050029	487	0.1	-0.1	-4.16193
13050029	488	0.1	-0.1	-0.268731
13050029	489	0.1	-0.1	0.60578
13050029	490	0.1	-0.1	-2.46774
13050029	491	0.1	-0.1	-2.65132
13050029	492	0.1	-0.1	-0.132048
13050029	493	0.1	-0.1	-5.50485
13050029	494	0.1	-0.1	3.43406
13050029	495	0.1	-0.1	-4.26798
13050029	496	0.1	-0.1	-4.2341
13050029	497	0.1	-0.1	3.8604
13050029	498	0.1	-0.1	5.03942
13050029	499	0.1	-0.1	1.09792
13050029	500	0.1	-0.1	3.32289
13050029	501	0.1	-0.1	0.572613
13050029	502	0.1	-0.1	-4.10768
13050029	503	0.1	-0.1	-1.66853
13050029	504	0.1	-0.1	-4.21276
13050029	505	0.1	-0.1	2.64218
13050029	506	0.1	-0.1	-2.19616
13050029	507	0.1	-0.1	3.72641
13050029	508	0.1	-0.1	2.44354
13050029	509	0.1	-0.1	-0.51947
13050029	510	0.1	-0.1	-2.73559
13050029	511	0.1	-0.1	-1.69197
13050029	512	0.1	-0.1	3.00538
13050029	513	0.1	-0.1	-4.642
13050029	514	0.1	-0.1	-1.11889
13050029	515	0.1	-0.1	1.57996
13050029	516	0.1	-0.1	0.341633
13050029	517	0.1	-0.1	3.21465
13050029	518	0.1	-0.1	2.98311
13050029	519	0.1	-0.1	-1.81249
13050029	520	0.1	-0.1	1.07486
13050029	521	0.1	-0.1	-1.65876
13050029	522	0.1	-0.1	0.279053
13050029	523	0.1	-0.1	5.43518
13050029	524	0.1	-0.1	-0.385153
13050029	525	0.1	-0.1	-2.6654
13050029	526	0.1	-0.1	-4.59751
13050029	527	0.1	-0.1	1.43482
13050029	528	0.1	-0.1	-2.05215
13050029	529	0.1	-0.1	-3.53198
13050029	530	0.1	-0.1	-0.944722
13050029	531	0.1	-0.1	5.70656
13050029	532	0.1	-0.1	0.246664
13050029	533	0.1	-0.1	2.44833
13050029	534	0.1	-0.1	-1.75609
13050029	535	0.1	-0.1	4.22263
13050029	536	0.1	-0.1	3.33716
13050029	537	0.1	-0.1	3.63703
13050029	538	0.1	-0.1	-4.36868
13050029	539	0.1	-0.1	-4.48472
13050029	540	0.1	-0.1	2.84047
13050029	541	0.1	-0.1	-2.05262
13050029	542	0.1	-0.1	4.7838
13050029	543	0.1	-0.1	-4.44302
13050029	544	0.1	-0.1	2.4203
13050029	545	0.1	-0.1	2.43354
13050029	546	0.1	-0.1	2.83383
13050029	547	0.1	-0.1	-1.04556
13050029	548	0.1	-0.1	-5.84347
13050029	549	0.1	-0.1	-1.59378
13050029	550	0.1	-0.1	5.6719
13050029	551	0.1	-0.1	1.57359
13050029	552	0.1	-0.1	-0.747741
13050029	553	0.1	-0.1	-3.63326
13050029	554	0.1	-0.1	-0.0958022
13050029	555	0.1	-0.1	-5.05626
13050029	556	0.1	-0.1	0.187944
13050029	557	0.1	-0.1	4.89757
13050029	558	0.1	-0.1	5.00225
13050029	559	0.1	-0.1	4.15032
13050029	560	0.1	-0.1	0.0286498
13050029	561	0.1	-0.1	2.90596
13050029	562	0.1	-0.1	-1.72847
13050029	563	0.1	-0.1	5.76654
13050029	564	0.1	-0.1	5.00721
13050029	565	0.1	-0.1	-4.70588
13050029	566	0.1	-0.1	3.33854
13050029	567	0.1	-0.1	3.1378
13050029	568	0.1	-0.1	-1.75226
13050029	569	0.1	-0.1	5.70468
13050029	570	0.1	-0.1	-2.28083
13050029	571	0.1	-0.1	2.63611
13050029	572	0.1	-0.1	-5.87693
13050029	573	0.1	-0.1	-5.45571
13050029	574	0.1	-0.1	-5.48963
13050029	575	0.1	-0.1	5.75274
13050029	576	0.1	-0.1	5.63244
13050029	577	0.1	-0.1	5.86661
13050029	578	0.1	-0.1	2.28405
13050029	579	0.1	-0.1	-2.00227
13050029	580	0.1	-0.1	4.27548
13050029	581	0.1	-0.1	-4.65967
13050029	582	0.1	-0.1	3.99992
13050029	583	0.1	-0.1	-0.211477
13050029	584	0.1	-0.1	0.674323
13050029	585	0.1	-0.1	3.40383
13050029	586	0.1	-0.1	-3.90163
13050029	587	0.1	-0.1	-3.78886
13050029	588	0.1	-0.1	-0.0684691
13050029	589	0.1	-0.1	0.549774
13050029	590	0.1	-0.1	2.79347
13050029	591	0.1	-0.1	4.68686
13050029	592	0.1	-0.1	-5.09249
13050029	593	0.1	-0.1	0.678717
13050029	594	0.1	-0.1	-0.443116
13050029	595	0.1	-0.1	0.462432
13050029	596	0.1	-0.1	-0.889011
13050029	597	0.1	-0.1	-1.51911
13050029	598	0.1	-0.1	-4.11005
13050029	599	0.1	-0.1	1.25343
13050029	600	0.1	-0.1	2.93602
13050029	601	0.1	-0.1	-0.969618
13050029	602	0.1	-0.1	0.0128171
13050029	603	0.1	-0.1	-2.3727
13050029	604	0.1	-0.1	-5.54838
13050029	605	0.1	-0.1	-1.80443
13050029	606	0.1	-0.1	5.52803
13050029	607	0.1	-0.1	-3.14041
13050029	608	0.1	-0.1	-3.45575
13050029	609	0.1	-0.1	0.582364
13050029	610	0.1	-0.1	5.71183
13050029	611	0.1	-0.1	-2.68603
13050029	612	0.1	-0.1	5.0339
13050029	613	0.1	-0.1	2.10279
13050029	614	0.1	-0.1	-5.86388
13050029	615	0.1	-0.1	-2.30884
13050029	616	0.1	-0.1	-4.39956
13050029	617	0.1	-0.1	1.35269
13050029	618	0.1	-0.1	-4.89821
13050029	619	0.1	-0.1	2.41933
13050029	620	0.1	-0.1	-5.1087
13050029	621	0.1	-0.1	-3.98724
13050029	622	0.1	-0.1	-4.06609
13050029	623	0.1	-0.1	5.64124
13050029	624	0.1	-0.1	5.1129
13050029	625	0.1	-0.1	3.34246
13050029	626	0.1	-0.1	-1.16878
13050029	627	0.1	-0.1	-2.68613
13050029	628	0.1	-0.1	-5.16701
13050029	629	0.1	-0.1	5.1518
13050029	630	0.1	-0.1	-4.03745
13050029	631	0.1	-0.1	4.89336
13050029	632	0.1	-0.1	5.43453
13050029	633	0.1	-0.1	-2.00294
13050029	634	0.1	-0.1	2.04862
13050029	635	0.1	-0.1	5.40635
13050029	636	0.1	-0.1	4.48683
13050029	637	0.1	-0.1	2.60734
13050029	638	0.1	-0.1	4.95326
13050029	639	0.1	-0.1	-5.73259
13050029	640	0.1	-0.1	-2.26603
13050029	641	0.1	-0.1	2.57061
13050029	642	0.1	-0.1	-1.77555
13050029	643	0.1	-0.1	-1.08979
13050029	644	0.1	-0.1	-5.64832
13050029	645	0.1	-0.1	-0.697578
13050029	646	0.1	-0.1	0.233245
13050029	647	0.1	-0.1	-1.33928
13050029	648	0.1	-0.1	3.27529
13050029	649	0.1	-0.1	-0.950169
13050029	650	0.1	-0.1	4.1888
13050029	651	0.1	-0.1	-5.0652
13050029	652	0.1	-0.1	2.26745
13050029	653	0.1	-0.1	2.8418
13050029	654	0.1	-0.1	-4.38196
13050029	655	0.1	-0.1	-0.705868
13050029	656	0.1	-0.1	5.71338
13050029	657	0.1	-0.1	0.904276
13050029	658	0.1	-0.1	-1.33262
13050029	659	0.1	-0.1	-4.40833
13050029	660	0.1	-0.1	0.230546
13050029	661	0.1	-0.1	2.11497
13050029	662	0.1	-0.1	-3.25621
13050029	663	0.1	-0.1	-1.25057
13050029	664	0.1	-0.1	-1.77036
13050029	665	0.1	-0.1	4.28587
13050029	666	0.1	-0.1	2.34314
13050029	667	0.1	-0.1	-3.98552
13050029	668	0.1	-0.1	-3.27969
13050029	669	0.1	-0.1	2.1975
13050029	670	0.1	-0.1	4.53186
13050029	671	0.1	-0.1	3.64963
13050029	672	0.1	-0.1	-5.5042
13050029	673	0.1	-0.1	-3.0106
13050029	674	0.1	-0.1	-1.53972
13050029	675	0.1	-0.1	-1.22803
13050029	676	0.1	-0.1	-0.99323
13050029	677	0.1	-0.1	-3.4766
13050029	678	0.1	-0.1	-3.04826
13050029	679	0.1	-0.1	-4.46955
13050029	680	0.1	-0.1	2.18467
13050029	681	0.1	-0.1	0.244504
13050029	682	0.1	-0.1	3.24058
13050029	683	0.1	-0.1	2.44385
13050029	684	0.1	-0.1	-2.69459
13050029	685	0.1	-0.1	-3.03437
13050029	686	0.1	-0.1	-5.93938
13050029	687	0.1	-0.1	-5.72936
13050029	688	0.1	-0.1	0.985455
13050029	689	0.1	-0.1	4.75678
13050029	690	0.1	-0.1	4.22658
13050029	691	0.1	-0.1	-0.168693
13050029	692	0.1	-0.1	5.51278
13050029	693	0.1	-0.1	4.21871
13050029	694	0.1	-0.1	-0.62752
13050029	695	0.1	-0.1	0.309426
13050029	696	0.1	-0.1	-4.50665
13050029	697	0.1	-0.1	-2.2976
13050029	698	0.1	-0.1	1.31407
13050029	699	0.1	-0.1	4.76477
13050029	700	0.1	-0.1	-4.84318
13050029	701	0.1	-0.1	2.80574
13050029	702	0.1	-0.1	-2.1994
13050029	703	0.1	-0.1	2.11627
13050029	704	0.1	-0.1	2.01279
13050029	705	0.1	-0.1	4.83902
13050029	706	0.1	-0.1	3.97786
13050029	707	0.1	-0.1	-5.42282
13050029	708	0.1	-0.1	-3.59004
13050029	709	0.1	-0.1	-3.90815
13050029	710	0.1	-0.1	0.784785
13050029	711	0.1	-0.1	0.429327
13050029	712	0.1	-0.1	-1.78748
13050029	713	0.1	-0.1	2.25694
13050029	714	0.1	-0.1	5.02383
13050029	715	0.1	-0.1	0.810721
13050029	716	0.1	-0.1	-3.1002
13050029	717	0.1	-0.1	-4.86999
13050029	718	0.1	-0.1	0.608178
13050029	719	0.1	-0.1	3.89117
13050029	720	0.1	-0.1	0.766772
13050029	721	0.1	-0.1	-1.27738
13050029	722	0.1	-0.1	3.76698
13050029	723	0.1	-0.1	-3.28732
13050029	724	0.1	-0.1	3.22307
13050029	725	0.1	-0.1	-3.14078
13050029	726	0.1	-0.1	-2.63448
13050029	727	0.1	-0.1	-3.81102
13050029	728	0.1	-0.1	-0.690374
13050029	729	0.1	-0.1	-0.555362
13050029	730	0.1	-0.1	1.77091
13050029	731	0.1	-0.1	1.17355
13050029	732	0.1	-0.1	5.04911
13050029	733	0.1	-0.1	2.90736
13050029	734	0.1	-0.1	-4.29828
13050029	735	0.1	-0.1	1.27758
13050029	736	0.1	-0.1	1.34185
13050029	737	0.1	-0.1	4.58364
13050029	738	0.1	-0.1	4.74018
13050029	739	0.1	-0.1	5.46455
13050029	740	0.1	-0.1	-2.52066
13050029	741	0.1	-0.1	1.09694
13050029	742	0.1	-0.1	4.17171
13050029	743	0.1	-0.1	-3.71671
13050029	744	0.1	-0.1	1.47697
13050029	745	0.1	-0.1	-4.51883
13050029	746	0.1	-0.1	-0.273967
13050029	747	0.1	-0.1	-2.82225
13050029	748	0.1	-0.1	-3.64192
13050029	749	0.1	-0.1	4.73465
13050029	750	0.1	-0.1	0.54229
13050029	751	0.1	-0.1	-2.38294
13050029	752	0.1	-0.1	1.16256
13050029	753	0.1	-0.1	4.86438
13050029	754	0.1	-0.1	-4.53114
13050029	755	0.1	-0.1	-2.33775
13050029	756	0.1	-0.1	-3.63319
13050029	757	0.1	-0.1	5.16056
13050029	758	0.1	-0.1	5.99649
13050029	759	0.1	-0.1	5.18946
13050029	760	0.1	-0.1	0.73471
13050029	761	0.1	-0.1	-5.91669
13050029	762	0.1	-0.1	-3.00192
13050029	763	0.1	-0.1	5.93725
13050029	764	0.1	-0.1	-1.81981
13050029	765	0.1	-0.1	4.07599
13050029	766	0.1	-0.1	-5.81993
13050029	767	0.1	-0.1	2.56444
13050029	768	0.1	-0.1	-0.282906
13050029	769	0.1	-0.1	5.71551
13050029	770	0.1	-0.1	-1.56428
13050029	771	0.1	-0.1	5.79597
13050029	772	0.1	-0.1	-0.060231
13050029	773	0.1	-0.1	-3.01719
13050029	774	0.1	-0.1	-0.0970568
13050029	775	0.1	-0.1	0.801646
13050029	776	0.1	-0.1	-0.0422947
13050029	777	0.1	-0.1	5.68072
13050029	778	0.1	-0.1	4.79263
13050029	779	0.1	-0.1	1.64302
13050029	780	0.1	-0.1	3.87166
13050029	781	0.1	-0.1	0.452679
13050029	782	0.1	-0.1	-5.9442
13050029	783	0.1	-0.1	-1.77245
13050029	784	0.1	-0.1	3.79134
13050029	785	0.1	-0.1	0.117466
13050029	786	0.1	-0.1	-0.381103
13050029	787	0.1	-0.1	5.32206
13050029	788	0.1	-0.1	2.49135
13050029	789	0.1	-0.1	-3.19682
13050029	790	0.1	-0.1	-5.86427
13050029	791	0.1	-0.1	-2.2512
13050029	792	0.1	-0.1	3.05014
13050029	793	0.1	-0.1	4.27586
13050029	794	0.1	-0.1	-4.72234
13050029	795	0.1	-0.1	-1.46056
13050029	796	0.1	-0.1	-1.86864
13050029	797	0.1	-0.1	5.91023
13050029	798	0.1	-0.1	5.49168
13050029	799	0.1	-0.1	3.07223
13050029	800	0.1	-0.1	1.72078
13050029	801	0.1	-0.1	-1.22481
13050029	802	0.1	-0.1	-0.0149603
13050029	803	0.1	-0.1	-5.15641
13050029	804	0.1	-0.1	1.50958
13050029	805	0.1	-0.1	3.21066
13050029	806	0.1	-0.1	-0.16292
13050029	807	0.1	-0.1	1.64121
13050029	808	0.1	-0.1	-2.08598
13050029	809	0.1	-0.1	-0.982958
13050029	810	0.1	-0.1	-5.40327
13050029	811	0.1	-0.1	-3.65202
13050029	812	0.1	-0.1	-3.02739
13050029	813	0.1	-0.1	-2.76099
13050029	814	0.1	-0.1	-3.7854
13050029	815	0.1	-0.1	5.61423
13050029	816	0.1	-0.1	-4.39357
13050029	817	0.1	-0.1	-4.58004
13050029	818	0.1	-0.1	3.03499
13050029	819	0.1	-0.1	2.09585
13050029	820	0.1	-0.1	4.93779
13050029	821	0.1	-0.1	-0.718785
13050029	822	0.1	-0.1	4.82654
13050029	823	0.1	-0.1	-4.5589
13050029	824	0.1	-0.1	0.288843
13050029	825	0.1	-0.1	-1.99512
13050029	826	0.1	-0.1	3.32239
13050029	827	0.1	-0.1	-0.853776
13050029	828	0.1	-0.1	0.356303
13050029	829	0.1	-0.1	1.12067
13050029	830	0.1	-0.1	-0.686215
13050029	831	0.1	-0.1	3.77615
13050029	832	0.1	-0.1	3.23088
13050029	833	0.1	-0.1	-0.776417
13050029	834	0.1	-0.1	3.15805
13050029	835	0.1	-0.1	5.13575
13050029	836	0.1	-0.1	4.57022
13050029	837	0.1	-0.1	-2.62837
13050029	838	0.1	-0.1	-2.4681
13050029	839	0.1	-0.1	5.03073
13050029	840	0.1	-0.1	-4.57797
13050029	841	0.1	-0.1	5.72681
13050029	842	0.1	-0.1	4.0012
13050029	843	0.1	-0.1	2.91596
13050029	844	0.1	-0.1	2.34966
13050029	845	0.1	-0.1	-5.08031
13050029	846	0.1	-0.1	-5.88154
13050029	847	0.1	-0.1	5.30491
13050029	848	0.1	-0.1	-3.6879
13050029	849	0.1	-0.1	-1.01601
13050029	850	0.1	-0.1	-4.64236
13050029	851	0.1	-0.1	-5.21095
13050029	852	0.1	-0.1	-5.23033
13050029	853	0.1	-0.1	-5.076
13050029	854	0.1	-0.1	-5.24735
13050029	855	0.1	-0.1	-5.90368
13050029	856	0.1	-0.1	-5.55882
13050029	857	0.1	-0.1	-1.33205
13050029	858	0.1	-0.1	-3.83368
13050029	859	0.1	-0.1	2.2033
13050029	860	0.1	-0.1	3.40771
13050029	861	0.1	-0.1	-0.506276
13050029	862	0.1	-0.1	-2.25218
13050029	863	0.1	-0.1	-3.05873
13050029	864	0.1	-0.1	-5.64515
13050029	865	0.1	-0.1	-3.119
13050029	866	0.1	-0.1	2.37914
13050029	867	0.1	-0.1	3.88335
13050029	868	0.1	-0.1	-1.64353
13050029	869	0.1	-0.1	5.76651
13050029	870	0.1	-0.1	-0.563061
13050029	871	0.1	-0.1	3.31132
13050029	872	0.1	-0.1	-4.21028
13050029	873	0.1	-0.1	-3.07548
13050029	874	0.1	-0.1	-0.399371
13050029	875	0.1	-0.1	-2.12372
13050029	876	0.1	-0.1	-2.87426
13050029	877	0.1	-0.1	5.27257
13050029	878	0.1	-0.1	-0.345599
13050029	879	0.1	-0.1	-2.11067
13050029	880	0.1	-0.1	5.60707
13050029	881	0.1	-0.1	-4.68487
13050029	882	0.1	-0.1	4.51812
13050029	883	0.1	-0.1	2.49208
13050029	884	0.1	-0.1	-3.33519
13050029	885	0.1	-0.1	2.4338
13050029	886	0.1	-0.1	5.32688
13050029	887	0.1	-0.1	-3.87341
13050029	888	0.1	-0.1	1.34951
13050029	889	0.1	-0.1	-2.41415
13050029	890	0.1	-0.1	2.27096
13050029	891	0.1	-0.1	4.99191
13050029	892	0.1	-0.1	2.96176
13050029	893	0.1	-0.1	0.714901
13050029	894	0.1	-0.1	-1.90359
13050029	895	0.1	-0.1	-5.05048
13050029	896	0.1	-0.1	2.28374
13050029	897	0.1	-0.1	1.10495
13050029	898	0.1	-0.1	0.828343
13050029	899	0.1	-0.1	-4.28509
13050029	900	0.1	-0.1	-4.50416
13050029	901	0.1	-0.1	-0.63827
13050029	902	0.1	-0.1	-1.35304
13050029	903	0.1	-0.1	-2.16671
13050029	904	0.1	-0.1	-4.32635
13050029	905	0.1	-0.1	1.31455
13050029	906	0.1	-0.1	-2.39012
13050029	907	0.1	-0.1	-2.74803
13050029	908	0.1	-0.1	3.64971
13050029	909	0.1	-0.1	-0.797303
13050029	910	0.1	-0.1	-5.92306
13050029	911	0.1	-0.1	-4.66484
13050029	912	0.1	-0.1	5.20322
13050029	913	0.1	-0.1	-4.9708
13050029	914	0.1	-0.1	-2.0735
13050029	915	0.1	-0.1	2.6956
13050029	916	0.1	-0.1	1.64643
13050029	917	0.1	-0.1	-2.16472
13050029	918	0.1	-0.1	0.480767
13050029	919	0.1	-0.1	2.8655
13050029	920	0.1	-0.1	-2.0503
13050029	921	0.1	-0.1	-1.70607
13050029	922	0.1	-0.1	3.72965
13050029	923	0.1	-0.1	-5.86695
13050029	924	0.1	-0.1	4.81175
13050029	925	0.1	-0.1	0.760562
13050029	926	0.1	-0.1	4.35872
13050029	927	0.1	-0.1	4.27499
13050029	928	0.1	-0.1	0.783635
13050029	929	0.1	-0.1	-3.6325
13050029	930	0.1	-0.1	2.42762
13050029	931	0.1	-0.1	-3.90242
13050029	932	0.1	-0.1	3.73733
13050029	933	0.1	-0.1	4.87543
13050029	934	0.1	-0.1	-5.29015
13050029	935	0.1	-0.1	-3.63168
13050029	936	0.1	-0.1	-2.32547
13050029	937	0.1	-0.1	5.39664
13050029	938	0.1	-0.1	-2.48907
13050029	939	0.1	-0.1	-3.7399
13050029	940	0.1	-0.1	-5.35246
13050029	941	0.1	-0.1	-0.120955
13050029	942	0.1	-0.1	5.16423
13050029	943	0.1	-0.1	0.714319
13050029	944	0.1	-0.1	1.16865
13050029	945	0.1	-0.1	-1.16686
13050029	946	0.1	-0.1	-4.65698
13050029	947	0.1	-0.1	-3.78131
13050029	948	0.1	-0.1	-5.74152
13050029	949	0.1	-0.1	0.432842
13050029	950	0.1	-0.1	-1.35514
13050029	951	0.1	-0.1	-4.68321
13050029	952	0.1	-0.1	5.18001
13050029	953	0.1	-0.1	2.92643
13050029	954	0.1	-0.1	2.80768
13050029	955	0.1	-0.1	-0.0933885
13050029	956	0.1	-0.1	2.71843
13050029	957	0.1	-0.1	-0.0540408
13050029	958	0.1	-0.1	3.45019
13050029	959	0.1	-0.1	-0.113604
13050029	960	0.1	-0.1	-0.648867
13050029	961	0.1	-0.1	3.97742
13050029	962	0.1	-0.1	2.25595
13050029	963	0.1	-0.1	0.608853
13050029	964	0.1	-0.1	5.91086
13050029	965	0.1	-0.1	4.69269
13050029	966	0.1	-0.1	5.72142
13050029	967	0.1	-0.1	-0.653607
13050029	968	0.1	-0.1	3.81466
13050029	969	0.1	-0.1	-2.50851
13050029	970	0.1	-0.1	0.631449
13050029	971	0.1	-0.1	3.44978
13050029	972	0.1	-0.1	-0.302845
13050029	973	0.1	-0.1	-5.59875
13050029	974	0.1	-0.1	-1.20954
13050029	975	0.1	-0.1	-1.04029
13050029	976	0.1	-0.1	2.23152
13050029	977	0.1	-0.1	5.34361
13050029	978	0.1	-0.1	-0.232684
13050029	979	0.1	-0.1	3.58335
13050029	980	0.1	-0.1	-0.342852
13050029	981	0.1	-0.1	-4.70069
13050029	982	0.1	-0.1	0.897654
13050029	983	0.1	-0.1	-5.79406
13050029	984	0.1	-0.1	1.73279
13050029	985	0.1	-0.1	-0.398144
13050029	986	0.1	-0.1	-0.000867365
13050029	987	0.1	-0.1	-3.19089
13050029	988	0.1	-0.1	1.17292
13050029	989	0.1	-0.1	-2.25746
13050029	990	0.1	-0.1	-4.47255
13050029	991	0.1	-0.1	-3.11916
13050029	992	0.1	-0.1	2.25966
13050029	993	0.1	-0.1	-2.51814
13050029	994	0.1	-0.1	5.77341
13050029	995	0.1	-0.1	2.5353
13050029	996	0.1	-0.1	-0.235471
13050029	997	0.1	-0.1	4.92331
13050029	998	0.1	-0.1	-2.26788
13050029	999	0.1	-0.1	-4.21121
13050029	1000	0.1	-0.1	-3.94939
