13053015	1	0.1	-0.1	5.36078
13053015	2	0.1	-0.1	-1.23735
13053015	3	0.1	-0.1	5.82911
13053015	4	0.1	-0.1	3.09533
13053015	5	0.1	-0.1	0.345497
13053015	6	0.1	-0.1	1.30376
13053015	7	0.1	-0.1	1.63026
13053015	8	0.1	-0.1	3.45469
13053015	9	0.1	-0.1	1.40406
13053015	10	0.1	-0.1	2.75084
13053015	11	0.1	-0.1	1.08247
13053015	12	0.1	-0.1	-4.96911
13053015	13	0.1	-0.1	3.04021
13053015	14	0.1	-0.1	-3.30717
13053015	15	0.1	-0.1	-1.04204
13053015	16	0.1	-0.1	2.78898
13053015	17	0.1	-0.1	5.85725
13053015	18	0.1	-0.1	-5.07655
13053015	19	0.1	-0.1	-0.180119
13053015	20	0.1	-0.1	0.243976
13053015	21	0.1	-0.1	-3.06805
13053015	22	0.1	-0.1	5.08524
13053015	23	0.1	-0.1	5.26696
13053015	24	0.1	-0.1	-4.66212
13053015	25	0.1	-0.1	-5.81782
13053015	26	0.1	-0.1	-1.679
13053015	27	0.1	-0.1	3.41218
13053015	28	0.1	-0.1	-4.38419
13053015	29	0.1	-0.1	3.07752
13053015	30	0.1	-0.1	-5.63745
13053015	31	0.1	-0.1	-1.38505
13053015	32	0.1	-0.1	0.518543
13053015	33	0.1	-0.1	4.1037
13053015	34	0.1	-0.1	-1.30231
13053015	35	0.1	-0.1	-2.70075
13053015	36	0.1	-0.1	2.67285
13053015	37	0.1	-0.1	-5.51695
13053015	38	0.1	-0.1	-4.19085
13053015	39	0.1	-0.1	-2.37881
13053015	40	0.1	-0.1	1.31715
13053015	41	0.1	-0.1	-3.89226
13053015	42	0.1	-0.1	-5.98859
13053015	43	0.1	-0.1	-3.06007
13053015	44	0.1	-0.1	5.77639
13053015	45	0.1	-0.1	-4.37635
13053015	46	0.1	-0.1	2.50967
13053015	47	0.1	-0.1	1.84237
13053015	48	0.1	-0.1	3.92519
13053015	49	0.1	-0.1	-3.66699
13053015	50	0.1	-0.1	-4.29143
13053015	51	0.1	-0.1	3.93953
13053015	52	0.1	-0.1	5.0415
13053015	53	0.1	-0.1	-2.46674
13053015	54	0.1	-0.1	-2.10496
13053015	55	0.1	-0.1	1.57472
13053015	56	0.1	-0.1	-1.08974
13053015	57	0.1	-0.1	-5.56335
13053015	58	0.1	-0.1	0.48488
13053015	59	0.1	-0.1	3.80887
13053015	60	0.1	-0.1	5.42358
13053015	61	0.1	-0.1	-5.51279
13053015	62	0.1	-0.1	2.33878
13053015	63	0.1	-0.1	4.255
13053015	64	0.1	-0.1	-0.661631
13053015	65	0.1	-0.1	4.27031
13053015	66	0.1	-0.1	-1.60294
13053015	67	0.1	-0.1	0.934318
13053015	68	0.1	-0.1	3.40752
13053015	69	0.1	-0.1	-0.0120721
13053015	70	0.1	-0.1	-5.7398
13053015	71	0.1	-0.1	2.95123
13053015	72	0.1	-0.1	4.06606
13053015	73	0.1	-0.1	5.10851
13053015	74	0.1	-0.1	1.78246
13053015	75	0.1	-0.1	-1.22137
13053015	76	0.1	-0.1	-3.2878
13053015	77	0.1	-0.1	1.71561
13053015	78	0.1	-0.1	3.2566
13053015	79	0.1	-0.1	2.07762
13053015	80	0.1	-0.1	0.687157
13053015	81	0.1	-0.1	-1.13546
13053015	82	0.1	-0.1	2.97622
13053015	83	0.1	-0.1	-5.65656
13053015	84	0.1	-0.1	-2.70367
13053015	85	0.1	-0.1	-0.847008
13053015	86	0.1	-0.1	1.89895
13053015	87	0.1	-0.1	3.06653
13053015	88	0.1	-0.1	4.57467
13053015	89	0.1	-0.1	0.176441
13053015	90	0.1	-0.1	-0.835729
13053015	91	0.1	-0.1	-2.74838
13053015	92	0.1	-0.1	5.60706
13053015	93	0.1	-0.1	1.19708
13053015	94	0.1	-0.1	0.771443
13053015	95	0.1	-0.1	3.12046
13053015	96	0.1	-0.1	3.34745
13053015	97	0.1	-0.1	-4.14716
13053015	98	0.1	-0.1	-1.63702
13053015	99	0.1	-0.1	-4.70846
13053015	100	0.1	-0.1	4.1703
13053015	101	0.1	-0.1	3.60111
13053015	102	0.1	-0.1	0.372943
13053015	103	0.1	-0.1	5.65614
13053015	104	0.1	-0.1	-0.624713
13053015	105	0.1	-0.1	-2.53215
13053015	106	0.1	-0.1	1.7165
13053015	107	0.1	-0.1	2.00526
13053015	108	0.1	-0.1	0.863515
13053015	109	0.1	-0.1	4.09925
13053015	110	0.1	-0.1	-0.550302
13053015	111	0.1	-0.1	-5.34649
13053015	112	0.1	-0.1	0.816205
13053015	113	0.1	-0.1	5.83504
13053015	114	0.1	-0.1	5.92809
13053015	115	0.1	-0.1	-3.68459
13053015	116	0.1	-0.1	-1.18034
13053015	117	0.1	-0.1	3.14471
13053015	118	0.1	-0.1	0.466705
13053015	119	0.1	-0.1	5.573
13053015	120	0.1	-0.1	-2.12435
13053015	121	0.1	-0.1	1.48947
13053015	122	0.1	-0.1	-3.88581
13053015	123	0.1	-0.1	-1.32602
13053015	124	0.1	-0.1	-5.5674
13053015	125	0.1	-0.1	0.375139
13053015	126	0.1	-0.1	-5.02519
13053015	127	0.1	-0.1	0.520846
13053015	128	0.1	-0.1	5.43082
13053015	129	0.1	-0.1	3.42933
13053015	130	0.1	-0.1	-3.30278
13053015	131	0.1	-0.1	-1.26716
13053015	132	0.1	-0.1	1.39921
13053015	133	0.1	-0.1	-1.92892
13053015	134	0.1	-0.1	-0.0169791
13053015	135	0.1	-0.1	-2.34412
13053015	136	0.1	-0.1	-4.85266
13053015	137	0.1	-0.1	-1.94591
13053015	138	0.1	-0.1	2.98548
13053015	139	0.1	-0.1	-0.507738
13053015	140	0.1	-0.1	5.59676
13053015	141	0.1	-0.1	0.472155
13053015	142	0.1	-0.1	-5.67085
13053015	143	0.1	-0.1	-3.65123
13053015	144	0.1	-0.1	5.09621
13053015	145	0.1	-0.1	-1.17933
13053015	146	0.1	-0.1	-5.36821
13053015	147	0.1	-0.1	1.08122
13053015	148	0.1	-0.1	3.25129
13053015	149	0.1	-0.1	5.55487
13053015	150	0.1	-0.1	2.73871
13053015	151	0.1	-0.1	-5.05437
13053015	152	0.1	-0.1	-2.76678
13053015	153	0.1	-0.1	0.312659
13053015	154	0.1	-0.1	2.85198
13053015	155	0.1	-0.1	3.8198
13053015	156	0.1	-0.1	-4.76249
13053015	157	0.1	-0.1	-1.02853
13053015	158	0.1	-0.1	1.74079
13053015	159	0.1	-0.1	-4.9508
13053015	160	0.1	-0.1	2.40764
13053015	161	0.1	-0.1	-4.29726
13053015	162	0.1	-0.1	0.625283
13053015	163	0.1	-0.1	1.61944
13053015	164	0.1	-0.1	1.65619
13053015	165	0.1	-0.1	-0.956714
13053015	166	0.1	-0.1	2.84541
13053015	167	0.1	-0.1	-0.965556
13053015	168	0.1	-0.1	2.18183
13053015	169	0.1	-0.1	-4.62918
13053015	170	0.1	-0.1	5.56264
13053015	171	0.1	-0.1	1.84637
13053015	172	0.1	-0.1	-1.40366
13053015	173	0.1	-0.1	-0.0834361
13053015	174	0.1	-0.1	-0.227883
13053015	175	0.1	-0.1	-3.28658
13053015	176	0.1	-0.1	-4.65466
13053015	177	0.1	-0.1	-3.77036
13053015	178	0.1	-0.1	0.719436
13053015	179	0.1	-0.1	-1.67943
13053015	180	0.1	-0.1	-5.07081
13053015	181	0.1	-0.1	-5.38051
13053015	182	0.1	-0.1	-3.64692
13053015	183	0.1	-0.1	0.57416
13053015	184	0.1	-0.1	1.07537
13053015	185	0.1	-0.1	3.35134
13053015	186	0.1	-0.1	-5.69331
13053015	187	0.1	-0.1	-4.63883
13053015	188	0.1	-0.1	0.192164
13053015	189	0.1	-0.1	2.98833
13053015	190	0.1	-0.1	5.80461
13053015	191	0.1	-0.1	4.79012
13053015	192	0.1	-0.1	5.98871
13053015	193	0.1	-0.1	-1.73929
13053015	194	0.1	-0.1	5.36586
13053015	195	0.1	-0.1	-0.165937
13053015	196	0.1	-0.1	-5.32226
13053015	197	0.1	-0.1	-4.32677
13053015	198	0.1	-0.1	4.58276
13053015	199	0.1	-0.1	-0.444825
13053015	200	0.1	-0.1	-2.14365
13053015	201	0.1	-0.1	-0.611321
13053015	202	0.1	-0.1	0.028705
13053015	203	0.1	-0.1	-5.21051
13053015	204	0.1	-0.1	1.92091
13053015	205	0.1	-0.1	0.301697
13053015	206	0.1	-0.1	3.74321
13053015	207	0.1	-0.1	-3.49413
13053015	208	0.1	-0.1	-2.01898
13053015	209	0.1	-0.1	4.25684
13053015	210	0.1	-0.1	0.885246
13053015	211	0.1	-0.1	2.95454
13053015	212	0.1	-0.1	2.73425
13053015	213	0.1	-0.1	-5.572
13053015	214	0.1	-0.1	-0.472173
13053015	215	0.1	-0.1	-2.04721
13053015	216	0.1	-0.1	-4.83617
13053015	217	0.1	-0.1	3.72786
13053015	218	0.1	-0.1	-5.54061
13053015	219	0.1	-0.1	5.03613
13053015	220	0.1	-0.1	-4.61184
13053015	221	0.1	-0.1	2.53946
13053015	222	0.1	-0.1	-3.86169
13053015	223	0.1	-0.1	1.33827
13053015	224	0.1	-0.1	1.57822
13053015	225	0.1	-0.1	-5.74267
13053015	226	0.1	-0.1	2.6859
13053015	227	0.1	-0.1	-3.26175
13053015	228	0.1	-0.1	2.28709
13053015	229	0.1	-0.1	2.61875
13053015	230	0.1	-0.1	2.48021
13053015	231	0.1	-0.1	1.77924
13053015	232	0.1	-0.1	4.3395
13053015	233	0.1	-0.1	2.37945
13053015	234	0.1	-0.1	-3.02035
13053015	235	0.1	-0.1	-0.520212
13053015	236	0.1	-0.1	4.18459
13053015	237	0.1	-0.1	-3.93303
13053015	238	0.1	-0.1	3.5637
13053015	239	0.1	-0.1	4.88431
13053015	240	0.1	-0.1	3.57744
13053015	241	0.1	-0.1	-0.630577
13053015	242	0.1	-0.1	-2.15242
13053015	243	0.1	-0.1	-3.49724
13053015	244	0.1	-0.1	-0.942294
13053015	245	0.1	-0.1	5.61505
13053015	246	0.1	-0.1	0.616797
13053015	247	0.1	-0.1	0.812283
13053015	248	0.1	-0.1	-2.66923
13053015	249	0.1	-0.1	-0.902834
13053015	250	0.1	-0.1	2.78218
13053015	251	0.1	-0.1	5.47222
13053015	252	0.1	-0.1	2.64544
13053015	253	0.1	-0.1	-3.27722
13053015	254	0.1	-0.1	3.29428
13053015	255	0.1	-0.1	-5.15238
13053015	256	0.1	-0.1	-3.31365
13053015	257	0.1	-0.1	-5.12547
13053015	258	0.1	-0.1	-3.0727
13053015	259	0.1	-0.1	4.71185
13053015	260	0.1	-0.1	4.21196
13053015	261	0.1	-0.1	1.53529
13053015	262	0.1	-0.1	3.07886
13053015	263	0.1	-0.1	-2.86654
13053015	264	0.1	-0.1	3.9243
13053015	265	0.1	-0.1	3.53729
13053015	266	0.1	-0.1	-1.95913
13053015	267	0.1	-0.1	-4.50896
13053015	268	0.1	-0.1	-5.26795
13053015	269	0.1	-0.1	-2.4301
13053015	270	0.1	-0.1	-2.40238
13053015	271	0.1	-0.1	-4.81833
13053015	272	0.1	-0.1	-0.901555
13053015	273	0.1	-0.1	-4.29253
13053015	274	0.1	-0.1	4.25449
13053015	275	0.1	-0.1	5.4016
13053015	276	0.1	-0.1	-0.320667
13053015	277	0.1	-0.1	1.5913
13053015	278	0.1	-0.1	5.09987
13053015	279	0.1	-0.1	-0.132077
13053015	280	0.1	-0.1	1.68424
13053015	281	0.1	-0.1	-2.46165
13053015	282	0.1	-0.1	2.36387
13053015	283	0.1	-0.1	0.400746
13053015	284	0.1	-0.1	-3.55891
13053015	285	0.1	-0.1	-5.2294
13053015	286	0.1	-0.1	-3.7073
13053015	287	0.1	-0.1	-3.66423
13053015	288	0.1	-0.1	-1.60292
13053015	289	0.1	-0.1	0.617373
13053015	290	0.1	-0.1	4.74519
13053015	291	0.1	-0.1	0.635815
13053015	292	0.1	-0.1	0.952775
13053015	293	0.1	-0.1	3.96711
13053015	294	0.1	-0.1	2.86646
13053015	295	0.1	-0.1	-1.75219
13053015	296	0.1	-0.1	-5.58525
13053015	297	0.1	-0.1	4.90803
13053015	298	0.1	-0.1	5.26861
13053015	299	0.1	-0.1	-3.06399
13053015	300	0.1	-0.1	-2.17918
13053015	301	0.1	-0.1	4.00452
13053015	302	0.1	-0.1	1.85934
13053015	303	0.1	-0.1	-0.815826
13053015	304	0.1	-0.1	4.25303
13053015	305	0.1	-0.1	-2.90242
13053015	306	0.1	-0.1	-3.35299
13053015	307	0.1	-0.1	3.08407
13053015	308	0.1	-0.1	5.82228
13053015	309	0.1	-0.1	-1.36764
13053015	310	0.1	-0.1	-3.70997
13053015	311	0.1	-0.1	-3.70094
13053015	312	0.1	-0.1	-1.13591
13053015	313	0.1	-0.1	1.88266
13053015	314	0.1	-0.1	-0.057235
13053015	315	0.1	-0.1	-1.51557
13053015	316	0.1	-0.1	0.514327
13053015	317	0.1	-0.1	4.16334
13053015	318	0.1	-0.1	5.04742
13053015	319	0.1	-0.1	3.3636
13053015	320	0.1	-0.1	-1.71376
13053015	321	0.1	-0.1	2.0949
13053015	322	0.1	-0.1	5.17584
13053015	323	0.1	-0.1	-4.77975
13053015	324	0.1	-0.1	1.75411
13053015	325	0.1	-0.1	-0.444038
13053015	326	0.1	-0.1	-1.2758
13053015	327	0.1	-0.1	-2.71553
13053015	328	0.1	-0.1	1.58485
13053015	329	0.1	-0.1	-5.23653
13053015	330	0.1	-0.1	4.04918
13053015	331	0.1	-0.1	5.7281
13053015	332	0.1	-0.1	0.759548
13053015	333	0.1	-0.1	3.30041
13053015	334	0.1	-0.1	-0.476407
13053015	335	0.1	-0.1	4.98537
13053015	336	0.1	-0.1	1.99334
13053015	337	0.1	-0.1	1.20791
13053015	338	0.1	-0.1	1.02622
13053015	339	0.1	-0.1	5.65824
13053015	340	0.1	-0.1	0.469602
13053015	341	0.1	-0.1	-0.173724
13053015	342	0.1	-0.1	-4.64324
13053015	343	0.1	-0.1	0.357373
13053015	344	0.1	-0.1	2.38822
13053015	345	0.1	-0.1	-3.94895
13053015	346	0.1	-0.1	5.22892
13053015	347	0.1	-0.1	4.23581
13053015	348	0.1	-0.1	-3.08165
13053015	349	0.1	-0.1	-1.8138
13053015	350	0.1	-0.1	-3.03884
13053015	351	0.1	-0.1	-2.1489
13053015	352	0.1	-0.1	-4.7487
13053015	353	0.1	-0.1	-5.69365
13053015	354	0.1	-0.1	-2.0392
13053015	355	0.1	-0.1	-2.69541
13053015	356	0.1	-0.1	-1.76669
13053015	357	0.1	-0.1	1.7772
13053015	358	0.1	-0.1	-3.41416
13053015	359	0.1	-0.1	0.00784463
13053015	360	0.1	-0.1	3.83506
13053015	361	0.1	-0.1	-1.73299
13053015	362	0.1	-0.1	1.42089
13053015	363	0.1	-0.1	0.0693254
13053015	364	0.1	-0.1	-2.56936
13053015	365	0.1	-0.1	-5.55676
13053015	366	0.1	-0.1	-3.97065
13053015	367	0.1	-0.1	0.0392663
13053015	368	0.1	-0.1	4.83202
13053015	369	0.1	-0.1	5.44325
13053015	370	0.1	-0.1	-1.26612
13053015	371	0.1	-0.1	-0.649414
13053015	372	0.1	-0.1	5.54248
13053015	373	0.1	-0.1	-2.06956
13053015	374	0.1	-0.1	-3.29347
13053015	375	0.1	-0.1	-1.77831
13053015	376	0.1	-0.1	-1.99288
13053015	377	0.1	-0.1	-0.76539
13053015	378	0.1	-0.1	0.541485
13053015	379	0.1	-0.1	-0.174986
13053015	380	0.1	-0.1	0.820131
13053015	381	0.1	-0.1	-5.76205
13053015	382	0.1	-0.1	2.87877
13053015	383	0.1	-0.1	-5.21204
13053015	384	0.1	-0.1	3.13053
13053015	385	0.1	-0.1	5.4233
13053015	386	0.1	-0.1	-2.84525
13053015	387	0.1	-0.1	-0.876096
13053015	388	0.1	-0.1	-5.86905
13053015	389	0.1	-0.1	4.93963
13053015	390	0.1	-0.1	-5.67828
13053015	391	0.1	-0.1	-0.325375
13053015	392	0.1	-0.1	3.58618
13053015	393	0.1	-0.1	1.50064
13053015	394	0.1	-0.1	-1.92683
13053015	395	0.1	-0.1	-3.65351
13053015	396	0.1	-0.1	-3.88
13053015	397	0.1	-0.1	0.712058
13053015	398	0.1	-0.1	1.96709
13053015	399	0.1	-0.1	3.59295
13053015	400	0.1	-0.1	-0.138522
13053015	401	0.1	-0.1	-5.59133
13053015	402	0.1	-0.1	-5.45457
13053015	403	0.1	-0.1	1.9493
13053015	404	0.1	-0.1	-1.42461
13053015	405	0.1	-0.1	2.56412
13053015	406	0.1	-0.1	-1.88048
13053015	407	0.1	-0.1	0.616375
13053015	408	0.1	-0.1	4.03639
13053015	409	0.1	-0.1	5.62858
13053015	410	0.1	-0.1	-5.54503
13053015	411	0.1	-0.1	-4.56418
13053015	412	0.1	-0.1	-2.02318
13053015	413	0.1	-0.1	0.583655
13053015	414	0.1	-0.1	5.6146
13053015	415	0.1	-0.1	5.47693
13053015	416	0.1	-0.1	-5.0309
13053015	417	0.1	-0.1	4.38606
13053015	418	0.1	-0.1	-1.25863
13053015	419	0.1	-0.1	-5.50957
13053015	420	0.1	-0.1	-3.9234
13053015	421	0.1	-0.1	0.926198
13053015	422	0.1	-0.1	4.54413
13053015	423	0.1	-0.1	3.64864
13053015	424	0.1	-0.1	-5.42711
13053015	425	0.1	-0.1	-4.53827
13053015	426	0.1	-0.1	0.155964
13053015	427	0.1	-0.1	2.02503
13053015	428	0.1	-0.1	1.81981
13053015	429	0.1	-0.1	4.15037
13053015	430	0.1	-0.1	4.54824
13053015	431	0.1	-0.1	-5.17649
13053015	432	0.1	-0.1	-5.18186
13053015	433	0.1	-0.1	-2.12541
13053015	434	0.1	-0.1	-4.3178
13053015	435	0.1	-0.1	-4.21973
13053015	436	0.1	-0.1	-2.00847
13053015	437	0.1	-0.1	3.82074
13053015	438	0.1	-0.1	0.397152
13053015	439	0.1	-0.1	-0.0970006
13053015	440	0.1	-0.1	-0.991869
13053015	441	0.1	-0.1	4.27624
13053015	442	0.1	-0.1	-2.01708
13053015	443	0.1	-0.1	-4.43937
13053015	444	0.1	-0.1	3.79018
13053015	445	0.1	-0.1	-4.19508
13053015	446	0.1	-0.1	2.3558
13053015	447	0.1	-0.1	2.46822
13053015	448	0.1	-0.1	-0.725943
13053015	449	0.1	-0.1	5.71826
13053015	450	0.1	-0.1	-5.5067
13053015	451	0.1	-0.1	5.91646
13053015	452	0.1	-0.1	-3.00855
13053015	453	0.1	-0.1	-4.1789
13053015	454	0.1	-0.1	0.117989
13053015	455	0.1	-0.1	4.25355
13053015	456	0.1	-0.1	-4.4628
13053015	457	0.1	-0.1	-0.221867
13053015	458	0.1	-0.1	3.53197
13053015	459	0.1	-0.1	-3.73162
13053015	460	0.1	-0.1	1.79782
13053015	461	0.1	-0.1	4.92096
13053015	462	0.1	-0.1	-5.64411
13053015	463	0.1	-0.1	-1.7247
13053015	464	0.1	-0.1	-2.26701
13053015	465	0.1	-0.1	4.63581
13053015	466	0.1	-0.1	-2.8556
13053015	467	0.1	-0.1	-4.35787
13053015	468	0.1	-0.1	5.22835
13053015	469	0.1	-0.1	-3.67341
13053015	470	0.1	-0.1	4.74955
13053015	471	0.1	-0.1	-5.23902
13053015	472	0.1	-0.1	-1.94501
13053015	473	0.1	-0.1	3.70081
13053015	474	0.1	-0.1	4.46026
13053015	475	0.1	-0.1	-2.82613
13053015	476	0.1	-0.1	4.77734
13053015	477	0.1	-0.1	-4.49095
13053015	478	0.1	-0.1	2.02266
13053015	479	0.1	-0.1	2.21764
13053015	480	0.1	-0.1	2.26361
13053015	481	0.1	-0.1	-0.406476
13053015	482	0.1	-0.1	3.23925
13053015	483	0.1	-0.1	4.46976
13053015	484	0.1	-0.1	-4.97148
13053015	485	0.1	-0.1	-1.87486
13053015	486	0.1	-0.1	0.918337
13053015	487	0.1	-0.1	-3.8543
13053015	488	0.1	-0.1	-1.14596
13053015	489	0.1	-0.1	-5.72503
13053015	490	0.1	-0.1	5.42536
13053015	491	0.1	-0.1	4.04472
13053015	492	0.1	-0.1	-3.30636
13053015	493	0.1	-0.1	4.31083
13053015	494	0.1	-0.1	2.85843
13053015	495	0.1	-0.1	-2.26585
13053015	496	0.1	-0.1	2.91457
13053015	497	0.1	-0.1	3.27979
13053015	498	0.1	-0.1	3.0429
13053015	499	0.1	-0.1	-3.72975
13053015	500	0.1	-0.1	0.14212
13053015	501	0.1	-0.1	5.21482
13053015	502	0.1	-0.1	5.11884
13053015	503	0.1	-0.1	-2.01754
13053015	504	0.1	-0.1	3.03992
13053015	505	0.1	-0.1	2.79026
13053015	506	0.1	-0.1	-1.33882
13053015	507	0.1	-0.1	-5.76663
13053015	508	0.1	-0.1	4.14968
13053015	509	0.1	-0.1	-3.32522
13053015	510	0.1	-0.1	-1.14786
13053015	511	0.1	-0.1	-2.39824
13053015	512	0.1	-0.1	0.0872854
13053015	513	0.1	-0.1	-5.49932
13053015	514	0.1	-0.1	0.594155
13053015	515	0.1	-0.1	4.10336
13053015	516	0.1	-0.1	-2.37697
13053015	517	0.1	-0.1	4.82837
13053015	518	0.1	-0.1	2.64671
13053015	519	0.1	-0.1	3.09886
13053015	520	0.1	-0.1	-1.94122
13053015	521	0.1	-0.1	-5.53627
13053015	522	0.1	-0.1	0.724616
13053015	523	0.1	-0.1	-0.490445
13053015	524	0.1	-0.1	-5.53505
13053015	525	0.1	-0.1	0.298427
13053015	526	0.1	-0.1	-4.59768
13053015	527	0.1	-0.1	-1.24633
13053015	528	0.1	-0.1	-4.01252
13053015	529	0.1	-0.1	2.61616
13053015	530	0.1	-0.1	0.181413
13053015	531	0.1	-0.1	-2.78718
13053015	532	0.1	-0.1	-0.776977
13053015	533	0.1	-0.1	-4.12434
13053015	534	0.1	-0.1	2.54498
13053015	535	0.1	-0.1	-4.44086
13053015	536	0.1	-0.1	2.30191
13053015	537	0.1	-0.1	-3.48887
13053015	538	0.1	-0.1	-2.36568
13053015	539	0.1	-0.1	-2.2407
13053015	540	0.1	-0.1	3.94785
13053015	541	0.1	-0.1	1.12325
13053015	542	0.1	-0.1	1.89472
13053015	543	0.1	-0.1	3.25312
13053015	544	0.1	-0.1	2.94888
13053015	545	0.1	-0.1	-4.3306
13053015	546	0.1	-0.1	4.25658
13053015	547	0.1	-0.1	3.65435
13053015	548	0.1	-0.1	-1.13293
13053015	549	0.1	-0.1	-2.9321
13053015	550	0.1	-0.1	3.28575
13053015	551	0.1	-0.1	1.42998
13053015	552	0.1	-0.1	-0.153445
13053015	553	0.1	-0.1	-0.951654
13053015	554	0.1	-0.1	3.90803
13053015	555	0.1	-0.1	-3.923
13053015	556	0.1	-0.1	3.00302
13053015	557	0.1	-0.1	4.63803
13053015	558	0.1	-0.1	-3.83367
13053015	559	0.1	-0.1	1.03957
13053015	560	0.1	-0.1	1.08434
13053015	561	0.1	-0.1	2.93401
13053015	562	0.1	-0.1	3.81932
13053015	563	0.1	-0.1	-0.390262
13053015	564	0.1	-0.1	2.02686
13053015	565	0.1	-0.1	4.34537
13053015	566	0.1	-0.1	4.6707
13053015	567	0.1	-0.1	2.24501
13053015	568	0.1	-0.1	-1.82573
13053015	569	0.1	-0.1	-2.02968
13053015	570	0.1	-0.1	0.647737
13053015	571	0.1	-0.1	-4.7642
13053015	572	0.1	-0.1	-2.85947
13053015	573	0.1	-0.1	4.6418
13053015	574	0.1	-0.1	3.79152
13053015	575	0.1	-0.1	-0.965012
13053015	576	0.1	-0.1	2.58312
13053015	577	0.1	-0.1	-0.279556
13053015	578	0.1	-0.1	-1.49587
13053015	579	0.1	-0.1	5.11848
13053015	580	0.1	-0.1	2.16486
13053015	581	0.1	-0.1	4.02773
13053015	582	0.1	-0.1	-4.04781
13053015	583	0.1	-0.1	-0.57345
13053015	584	0.1	-0.1	4.76979
13053015	585	0.1	-0.1	-2.1469
13053015	586	0.1	-0.1	-4.24013
13053015	587	0.1	-0.1	-4.68753
13053015	588	0.1	-0.1	-0.805244
13053015	589	0.1	-0.1	-1.98189
13053015	590	0.1	-0.1	3.18551
13053015	591	0.1	-0.1	-4.36131
13053015	592	0.1	-0.1	2.93576
13053015	593	0.1	-0.1	5.22719
13053015	594	0.1	-0.1	4.68349
13053015	595	0.1	-0.1	-1.41615
13053015	596	0.1	-0.1	0.868376
13053015	597	0.1	-0.1	-5.479
13053015	598	0.1	-0.1	2.35814
13053015	599	0.1	-0.1	-4.55662
13053015	600	0.1	-0.1	-0.433642
13053015	601	0.1	-0.1	-4.54816
13053015	602	0.1	-0.1	5.11793
13053015	603	0.1	-0.1	2.86535
13053015	604	0.1	-0.1	-3.1854
13053015	605	0.1	-0.1	-1.30032
13053015	606	0.1	-0.1	2.57253
13053015	607	0.1	-0.1	-4.12257
13053015	608	0.1	-0.1	-2.03384
13053015	609	0.1	-0.1	3.66322
13053015	610	0.1	-0.1	-2.50051
13053015	611	0.1	-0.1	-5.25996
13053015	612	0.1	-0.1	0.753755
13053015	613	0.1	-0.1	-1.40587
13053015	614	0.1	-0.1	-0.530977
13053015	615	0.1	-0.1	2.74647
13053015	616	0.1	-0.1	3.81688
13053015	617	0.1	-0.1	2.097
13053015	618	0.1	-0.1	1.15384
13053015	619	0.1	-0.1	-0.505151
13053015	620	0.1	-0.1	-3.64383
13053015	621	0.1	-0.1	-2.64991
13053015	622	0.1	-0.1	-3.02706
13053015	623	0.1	-0.1	5.56904
13053015	624	0.1	-0.1	3.76095
13053015	625	0.1	-0.1	2.41243
13053015	626	0.1	-0.1	-4.57704
13053015	627	0.1	-0.1	2.53918
13053015	628	0.1	-0.1	2.12188
13053015	629	0.1	-0.1	-2.94782
13053015	630	0.1	-0.1	-3.61964
13053015	631	0.1	-0.1	-3.75962
13053015	632	0.1	-0.1	-0.741114
13053015	633	0.1	-0.1	2.79444
13053015	634	0.1	-0.1	5.00267
13053015	635	0.1	-0.1	0.67936
13053015	636	0.1	-0.1	4.69365
13053015	637	0.1	-0.1	-0.538166
13053015	638	0.1	-0.1	-4.86223
13053015	639	0.1	-0.1	1.33516
13053015	640	0.1	-0.1	1.70755
13053015	641	0.1	-0.1	4.25552
13053015	642	0.1	-0.1	1.14803
13053015	643	0.1	-0.1	-3.10704
13053015	644	0.1	-0.1	-1.57535
13053015	645	0.1	-0.1	-2.34895
13053015	646	0.1	-0.1	0.103692
13053015	647	0.1	-0.1	-4.4031
13053015	648	0.1	-0.1	1.05636
13053015	649	0.1	-0.1	-5.96952
13053015	650	0.1	-0.1	-2.93747
13053015	651	0.1	-0.1	-3.88239
13053015	652	0.1	-0.1	3.58338
13053015	653	0.1	-0.1	-2.55793
13053015	654	0.1	-0.1	-5.10768
13053015	655	0.1	-0.1	-1.51333
13053015	656	0.1	-0.1	-2.64849
13053015	657	0.1	-0.1	-3.81832
13053015	658	0.1	-0.1	1.07018
13053015	659	0.1	-0.1	4.60058
13053015	660	0.1	-0.1	0.641942
13053015	661	0.1	-0.1	2.96296
13053015	662	0.1	-0.1	-3.60283
13053015	663	0.1	-0.1	3.48039
13053015	664	0.1	-0.1	2.61715
13053015	665	0.1	-0.1	4.18566
13053015	666	0.1	-0.1	-4.41352
13053015	667	0.1	-0.1	3.76957
13053015	668	0.1	-0.1	2.90497
13053015	669	0.1	-0.1	2.59914
13053015	670	0.1	-0.1	-1.80995
13053015	671	0.1	-0.1	-1.05383
13053015	672	0.1	-0.1	-4.23533
13053015	673	0.1	-0.1	1.46531
13053015	674	0.1	-0.1	-2.25498
13053015	675	0.1	-0.1	3.26189
13053015	676	0.1	-0.1	4.71307
13053015	677	0.1	-0.1	-3.29266
13053015	678	0.1	-0.1	5.51346
13053015	679	0.1	-0.1	5.99239
13053015	680	0.1	-0.1	3.11384
13053015	681	0.1	-0.1	5.28225
13053015	682	0.1	-0.1	3.98505
13053015	683	0.1	-0.1	4.7829
13053015	684	0.1	-0.1	-2.89612
13053015	685	0.1	-0.1	3.23035
13053015	686	0.1	-0.1	-4.66854
13053015	687	0.1	-0.1	-1.4957
13053015	688	0.1	-0.1	-2.02217
13053015	689	0.1	-0.1	-1.9951
13053015	690	0.1	-0.1	0.166633
13053015	691	0.1	-0.1	1.15917
13053015	692	0.1	-0.1	1.15531
13053015	693	0.1	-0.1	5.39519
13053015	694	0.1	-0.1	-0.726293
13053015	695	0.1	-0.1	4.06847
13053015	696	0.1	-0.1	-3.60101
13053015	697	0.1	-0.1	-1.19465
13053015	698	0.1	-0.1	2.14527
13053015	699	0.1	-0.1	1.38594
13053015	700	0.1	-0.1	-2.37758
13053015	701	0.1	-0.1	-1.06515
13053015	702	0.1	-0.1	-4.04935
13053015	703	0.1	-0.1	-3.16099
13053015	704	0.1	-0.1	3.86703
13053015	705	0.1	-0.1	-4.86509
13053015	706	0.1	-0.1	-2.02034
13053015	707	0.1	-0.1	-4.2939
13053015	708	0.1	-0.1	-3.17993
13053015	709	0.1	-0.1	-3.89527
13053015	710	0.1	-0.1	-2.79693
13053015	711	0.1	-0.1	0.127027
13053015	712	0.1	-0.1	5.73751
13053015	713	0.1	-0.1	-0.399435
13053015	714	0.1	-0.1	4.66702
13053015	715	0.1	-0.1	2.05403
13053015	716	0.1	-0.1	0.525938
13053015	717	0.1	-0.1	-2.27101
13053015	718	0.1	-0.1	5.73585
13053015	719	0.1	-0.1	-3.63796
13053015	720	0.1	-0.1	5.5987
13053015	721	0.1	-0.1	2.86648
13053015	722	0.1	-0.1	-2.70636
13053015	723	0.1	-0.1	-3.6015
13053015	724	0.1	-0.1	-3.32533
13053015	725	0.1	-0.1	5.98754
13053015	726	0.1	-0.1	-0.615444
13053015	727	0.1	-0.1	4.53819
13053015	728	0.1	-0.1	4.57502
13053015	729	0.1	-0.1	5.77608
13053015	730	0.1	-0.1	-5.53406
13053015	731	0.1	-0.1	4.28517
13053015	732	0.1	-0.1	-3.90228
13053015	733	0.1	-0.1	1.57861
13053015	734	0.1	-0.1	2.94998
13053015	735	0.1	-0.1	1.33768
13053015	736	0.1	-0.1	2.09949
13053015	737	0.1	-0.1	-4.5212
13053015	738	0.1	-0.1	1.56989
13053015	739	0.1	-0.1	2.26995
13053015	740	0.1	-0.1	-1.93484
13053015	741	0.1	-0.1	4.17622
13053015	742	0.1	-0.1	-2.26126
13053015	743	0.1	-0.1	-5.8494
13053015	744	0.1	-0.1	3.98733
13053015	745	0.1	-0.1	-0.0578184
13053015	746	0.1	-0.1	5.98504
13053015	747	0.1	-0.1	3.67815
13053015	748	0.1	-0.1	5.55235
13053015	749	0.1	-0.1	-1.40272
13053015	750	0.1	-0.1	5.38061
13053015	751	0.1	-0.1	3.8165
13053015	752	0.1	-0.1	3.86954
13053015	753	0.1	-0.1	4.44886
13053015	754	0.1	-0.1	-1.77535
13053015	755	0.1	-0.1	-0.250391
13053015	756	0.1	-0.1	4.17257
13053015	757	0.1	-0.1	-4.4274
13053015	758	0.1	-0.1	3.70585
13053015	759	0.1	-0.1	-0.134354
13053015	760	0.1	-0.1	-1.63699
13053015	761	0.1	-0.1	4.25633
13053015	762	0.1	-0.1	0.410729
13053015	763	0.1	-0.1	3.96468
13053015	764	0.1	-0.1	-3.76229
13053015	765	0.1	-0.1	3.87859
13053015	766	0.1	-0.1	5.03552
13053015	767	0.1	-0.1	-0.296801
13053015	768	0.1	-0.1	0.25079
13053015	769	0.1	-0.1	0.229878
13053015	770	0.1	-0.1	2.8306
13053015	771	0.1	-0.1	1.77522
13053015	772	0.1	-0.1	5.36358
13053015	773	0.1	-0.1	4.85551
13053015	774	0.1	-0.1	4.80075
13053015	775	0.1	-0.1	-3.73979
13053015	776	0.1	-0.1	0.573974
13053015	777	0.1	-0.1	-2.11408
13053015	778	0.1	-0.1	1.81652
13053015	779	0.1	-0.1	1.98685
13053015	780	0.1	-0.1	-3.36554
13053015	781	0.1	-0.1	5.10451
13053015	782	0.1	-0.1	2.088
13053015	783	0.1	-0.1	-0.908121
13053015	784	0.1	-0.1	0.0440646
13053015	785	0.1	-0.1	-1.20753
13053015	786	0.1	-0.1	-3.75063
13053015	787	0.1	-0.1	5.86547
13053015	788	0.1	-0.1	-0.549687
13053015	789	0.1	-0.1	-0.779186
13053015	790	0.1	-0.1	-3.50716
13053015	791	0.1	-0.1	-0.022975
13053015	792	0.1	-0.1	-5.58379
13053015	793	0.1	-0.1	-1.74732
13053015	794	0.1	-0.1	3.06333
13053015	795	0.1	-0.1	-2.01683
13053015	796	0.1	-0.1	-2.47564
13053015	797	0.1	-0.1	-0.608528
13053015	798	0.1	-0.1	2.06471
13053015	799	0.1	-0.1	-5.79733
13053015	800	0.1	-0.1	0.994991
13053015	801	0.1	-0.1	-5.80698
13053015	802	0.1	-0.1	-2.55083
13053015	803	0.1	-0.1	0.960266
13053015	804	0.1	-0.1	-0.969796
13053015	805	0.1	-0.1	-3.64756
13053015	806	0.1	-0.1	1.42284
13053015	807	0.1	-0.1	-4.22593
13053015	808	0.1	-0.1	4.72516
13053015	809	0.1	-0.1	0.710203
13053015	810	0.1	-0.1	-4.17948
13053015	811	0.1	-0.1	-5.5195
13053015	812	0.1	-0.1	-2.74143
13053015	813	0.1	-0.1	-0.0810851
13053015	814	0.1	-0.1	-3.56059
13053015	815	0.1	-0.1	4.15932
13053015	816	0.1	-0.1	5.78102
13053015	817	0.1	-0.1	2.68685
13053015	818	0.1	-0.1	-3.97514
13053015	819	0.1	-0.1	-5.21467
13053015	820	0.1	-0.1	-0.584938
13053015	821	0.1	-0.1	2.11527
13053015	822	0.1	-0.1	-2.2321
13053015	823	0.1	-0.1	2.09731
13053015	824	0.1	-0.1	3.18183
13053015	825	0.1	-0.1	1.35847
13053015	826	0.1	-0.1	-5.1348
13053015	827	0.1	-0.1	-2.00636
13053015	828	0.1	-0.1	4.1836
13053015	829	0.1	-0.1	-0.853782
13053015	830	0.1	-0.1	-2.46013
13053015	831	0.1	-0.1	5.74198
13053015	832	0.1	-0.1	-3.53926
13053015	833	0.1	-0.1	3.35301
13053015	834	0.1	-0.1	0.787577
13053015	835	0.1	-0.1	-1.61412
13053015	836	0.1	-0.1	4.27956
13053015	837	0.1	-0.1	0.0205264
13053015	838	0.1	-0.1	-5.87922
13053015	839	0.1	-0.1	5.48262
13053015	840	0.1	-0.1	5.39811
13053015	841	0.1	-0.1	5.94486
13053015	842	0.1	-0.1	2.45315
13053015	843	0.1	-0.1	0.211626
13053015	844	0.1	-0.1	3.31976
13053015	845	0.1	-0.1	1.4094
13053015	846	0.1	-0.1	-1.47053
13053015	847	0.1	-0.1	-2.5359
13053015	848	0.1	-0.1	-5.05979
13053015	849	0.1	-0.1	5.86139
13053015	850	0.1	-0.1	4.62174
13053015	851	0.1	-0.1	5.19523
13053015	852	0.1	-0.1	-3.4925
13053015	853	0.1	-0.1	1.70262
13053015	854	0.1	-0.1	-4.4036
13053015	855	0.1	-0.1	-2.21103
13053015	856	0.1	-0.1	-2.0993
13053015	857	0.1	-0.1	3.63911
13053015	858	0.1	-0.1	5.08701
13053015	859	0.1	-0.1	0.26533
13053015	860	0.1	-0.1	4.34787
13053015	861	0.1	-0.1	-4.08002
13053015	862	0.1	-0.1	-1.62514
13053015	863	0.1	-0.1	0.327907
13053015	864	0.1	-0.1	-1.87613
13053015	865	0.1	-0.1	2.91117
13053015	866	0.1	-0.1	1.70801
13053015	867	0.1	-0.1	-1.11774
13053015	868	0.1	-0.1	-4.34048
13053015	869	0.1	-0.1	4.67357
13053015	870	0.1	-0.1	-2.00957
13053015	871	0.1	-0.1	2.32837
13053015	872	0.1	-0.1	1.06023
13053015	873	0.1	-0.1	-4.07208
13053015	874	0.1	-0.1	1.50543
13053015	875	0.1	-0.1	-0.533017
13053015	876	0.1	-0.1	-3.53786
13053015	877	0.1	-0.1	-0.276358
13053015	878	0.1	-0.1	5.04089
13053015	879	0.1	-0.1	5.30528
13053015	880	0.1	-0.1	-4.83128
13053015	881	0.1	-0.1	3.72323
13053015	882	0.1	-0.1	2.30418
13053015	883	0.1	-0.1	0.843055
13053015	884	0.1	-0.1	0.489496
13053015	885	0.1	-0.1	1.1244
13053015	886	0.1	-0.1	-5.06246
13053015	887	0.1	-0.1	-1.34369
13053015	888	0.1	-0.1	-3.6909
13053015	889	0.1	-0.1	2.40356
13053015	890	0.1	-0.1	2.85826
13053015	891	0.1	-0.1	-0.0962335
13053015	892	0.1	-0.1	-3.63808
13053015	893	0.1	-0.1	4.77746
13053015	894	0.1	-0.1	-4.80026
13053015	895	0.1	-0.1	3.63833
13053015	896	0.1	-0.1	3.73986
13053015	897	0.1	-0.1	3.47505
13053015	898	0.1	-0.1	-3.3391
13053015	899	0.1	-0.1	-2.9443
13053015	900	0.1	-0.1	-3.12606
13053015	901	0.1	-0.1	-1.95263
13053015	902	0.1	-0.1	2.05226
13053015	903	0.1	-0.1	-4.18712
13053015	904	0.1	-0.1	-5.87712
13053015	905	0.1	-0.1	-2.20399
13053015	906	0.1	-0.1	5.17469
13053015	907	0.1	-0.1	1.90653
13053015	908	0.1	-0.1	-2.61951
13053015	909	0.1	-0.1	-2.034
13053015	910	0.1	-0.1	-3.55761
13053015	911	0.1	-0.1	1.20754
13053015	912	0.1	-0.1	2.68488
13053015	913	0.1	-0.1	-3.04988
13053015	914	0.1	-0.1	-4.69737
13053015	915	0.1	-0.1	0.593527
13053015	916	0.1	-0.1	-5.09663
13053015	917	0.1	-0.1	0.783208
13053015	918	0.1	-0.1	-3.15245
13053015	919	0.1	-0.1	1.71283
13053015	920	0.1	-0.1	-2.03185
13053015	921	0.1	-0.1	-1.18544
13053015	922	0.1	-0.1	5.13682
13053015	923	0.1	-0.1	5.7424
13053015	924	0.1	-0.1	5.9208
13053015	925	0.1	-0.1	-1.18009
13053015	926	0.1	-0.1	2.44496
13053015	927	0.1	-0.1	5.9882
13053015	928	0.1	-0.1	-2.96666
13053015	929	0.1	-0.1	-4.76972
13053015	930	0.1	-0.1	-3.299
13053015	931	0.1	-0.1	-4.41209
13053015	932	0.1	-0.1	0.530216
13053015	933	0.1	-0.1	1.2371
13053015	934	0.1	-0.1	-1.46725
13053015	935	0.1	-0.1	-3.34459
13053015	936	0.1	-0.1	-1.98373
13053015	937	0.1	-0.1	3.62993
13053015	938	0.1	-0.1	4.25712
13053015	939	0.1	-0.1	3.15332
13053015	940	0.1	-0.1	-0.92665
13053015	941	0.1	-0.1	-2.48614
13053015	942	0.1	-0.1	-5.21669
13053015	943	0.1	-0.1	-0.556701
13053015	944	0.1	-0.1	3.70707
13053015	945	0.1	-0.1	-2.46484
13053015	946	0.1	-0.1	0.878948
13053015	947	0.1	-0.1	-3.23333
13053015	948	0.1	-0.1	4.96359
13053015	949	0.1	-0.1	-4.41903
13053015	950	0.1	-0.1	-4.4132
13053015	951	0.1	-0.1	-3.41
13053015	952	0.1	-0.1	-2.82816
13053015	953	0.1	-0.1	-0.754517
13053015	954	0.1	-0.1	-4.63912
13053015	955	0.1	-0.1	-0.374226
13053015	956	0.1	-0.1	-0.855362
13053015	957	0.1	-0.1	-3.4094
13053015	958	0.1	-0.1	-4.92832
13053015	959	0.1	-0.1	-2.76561
13053015	960	0.1	-0.1	-0.852044
13053015	961	0.1	-0.1	5.18358
13053015	962	0.1	-0.1	-0.581818
13053015	963	0.1	-0.1	3.18384
13053015	964	0.1	-0.1	-4.06173
13053015	965	0.1	-0.1	-5.25026
13053015	966	0.1	-0.1	-1.33884
13053015	967	0.1	-0.1	-5.96286
13053015	968	0.1	-0.1	-2.51629
13053015	969	0.1	-0.1	2.31258
13053015	970	0.1	-0.1	-1.33814
13053015	971	0.1	-0.1	-0.641239
13053015	972	0.1	-0.1	2.79132
13053015	973	0.1	-0.1	-2.43789
13053015	974	0.1	-0.1	-4.05466
13053015	975	0.1	-0.1	-1.07797
13053015	976	0.1	-0.1	-1.69533
13053015	977	0.1	-0.1	-5.22823
13053015	978	0.1	-0.1	-4.97647
13053015	979	0.1	-0.1	-4.31697
13053015	980	0.1	-0.1	3.03606
13053015	981	0.1	-0.1	-1.6925
13053015	982	0.1	-0.1	2.01242
13053015	983	0.1	-0.1	3.25312
13053015	984	0.1	-0.1	-3.01797
13053015	985	0.1	-0.1	-3.4532
13053015	986	0.1	-0.1	-1.90501
13053015	987	0.1	-0.1	4.26773
13053015	988	0.1	-0.1	-0.684971
13053015	989	0.1	-0.1	-5.57451
13053015	990	0.1	-0.1	4.28805
13053015	991	0.1	-0.1	-0.68625
13053015	992	0.1	-0.1	-1.66349
13053015	993	0.1	-0.1	2.77905
13053015	994	0.1	-0.1	5.23167
13053015	995	0.1	-0.1	5.27408
13053015	996	0.1	-0.1	1.35005
13053015	997	0.1	-0.1	5.50615
13053015	998	0.1	-0.1	-0.427495
13053015	999	0.1	-0.1	2.57758
13053015	1000	0.1	-0.1	3.74675
