13056029	1	0.1	-0.1	0.140645
13056029	2	0.1	-0.1	-1.0771
13056029	3	0.1	-0.1	5.24909
13056029	4	0.1	-0.1	5.21918
13056029	5	0.1	-0.1	-0.721327
13056029	6	0.1	-0.1	-5.53501
13056029	7	0.1	-0.1	0.399662
13056029	8	0.1	-0.1	5.51992
13056029	9	0.1	-0.1	4.82155
13056029	10	0.1	-0.1	-5.35052
13056029	11	0.1	-0.1	-5.67733
13056029	12	0.1	-0.1	5.65265
13056029	13	0.1	-0.1	4.55221
13056029	14	0.1	-0.1	-3.76038
13056029	15	0.1	-0.1	4.89591
13056029	16	0.1	-0.1	-1.66877
13056029	17	0.1	-0.1	1.58027
13056029	18	0.1	-0.1	-2.68426
13056029	19	0.1	-0.1	-1.13618
13056029	20	0.1	-0.1	-4.81615
13056029	21	0.1	-0.1	-0.118175
13056029	22	0.1	-0.1	2.38132
13056029	23	0.1	-0.1	2.66289
13056029	24	0.1	-0.1	-1.75253
13056029	25	0.1	-0.1	-2.52609
13056029	26	0.1	-0.1	-3.56186
13056029	27	0.1	-0.1	5.08464
13056029	28	0.1	-0.1	3.52852
13056029	29	0.1	-0.1	1.68096
13056029	30	0.1	-0.1	3.61339
13056029	31	0.1	-0.1	2.26772
13056029	32	0.1	-0.1	-1.90565
13056029	33	0.1	-0.1	4.5877
13056029	34	0.1	-0.1	5.54009
13056029	35	0.1	-0.1	5.3336
13056029	36	0.1	-0.1	-1.76901
13056029	37	0.1	-0.1	1.77205
13056029	38	0.1	-0.1	-4.51031
13056029	39	0.1	-0.1	-2.66131
13056029	40	0.1	-0.1	-2.78568
13056029	41	0.1	-0.1	-0.839943
13056029	42	0.1	-0.1	-1.37317
13056029	43	0.1	-0.1	0.955737
13056029	44	0.1	-0.1	2.69977
13056029	45	0.1	-0.1	-1.18769
13056029	46	0.1	-0.1	-4.69684
13056029	47	0.1	-0.1	-3.06482
13056029	48	0.1	-0.1	-1.30786
13056029	49	0.1	-0.1	2.00673
13056029	50	0.1	-0.1	-0.958029
13056029	51	0.1	-0.1	-2.91005
13056029	52	0.1	-0.1	-1.0632
13056029	53	0.1	-0.1	0.802133
13056029	54	0.1	-0.1	-2.25836
13056029	55	0.1	-0.1	4.12885
13056029	56	0.1	-0.1	-1.7997
13056029	57	0.1	-0.1	-2.35011
13056029	58	0.1	-0.1	-1.84947
13056029	59	0.1	-0.1	-0.614966
13056029	60	0.1	-0.1	-4.81481
13056029	61	0.1	-0.1	-1.48
13056029	62	0.1	-0.1	3.42851
13056029	63	0.1	-0.1	-5.27738
13056029	64	0.1	-0.1	5.41756
13056029	65	0.1	-0.1	3.98747
13056029	66	0.1	-0.1	-2.99718
13056029	67	0.1	-0.1	-1.40955
13056029	68	0.1	-0.1	4.78883
13056029	69	0.1	-0.1	1.34832
13056029	70	0.1	-0.1	-3.24308
13056029	71	0.1	-0.1	2.1721
13056029	72	0.1	-0.1	-5.43378
13056029	73	0.1	-0.1	-1.62532
13056029	74	0.1	-0.1	4.54218
13056029	75	0.1	-0.1	-5.0627
13056029	76	0.1	-0.1	3.63046
13056029	77	0.1	-0.1	-1.01097
13056029	78	0.1	-0.1	1.71441
13056029	79	0.1	-0.1	4.47196
13056029	80	0.1	-0.1	4.3336
13056029	81	0.1	-0.1	3.56551
13056029	82	0.1	-0.1	-3.9911
13056029	83	0.1	-0.1	-4.97765
13056029	84	0.1	-0.1	-0.531196
13056029	85	0.1	-0.1	4.1667
13056029	86	0.1	-0.1	3.74333
13056029	87	0.1	-0.1	-3.21644
13056029	88	0.1	-0.1	-0.577118
13056029	89	0.1	-0.1	-1.49004
13056029	90	0.1	-0.1	-0.0457565
13056029	91	0.1	-0.1	5.2654
13056029	92	0.1	-0.1	-3.35691
13056029	93	0.1	-0.1	4.12198
13056029	94	0.1	-0.1	-1.46361
13056029	95	0.1	-0.1	0.493724
13056029	96	0.1	-0.1	2.78593
13056029	97	0.1	-0.1	3.54824
13056029	98	0.1	-0.1	-1.15194
13056029	99	0.1	-0.1	5.75788
13056029	100	0.1	-0.1	4.34341
13056029	101	0.1	-0.1	5.89321
13056029	102	0.1	-0.1	0.358681
13056029	103	0.1	-0.1	-2.16925
13056029	104	0.1	-0.1	1.27537
13056029	105	0.1	-0.1	-1.3869
13056029	106	0.1	-0.1	4.00072
13056029	107	0.1	-0.1	-1.95185
13056029	108	0.1	-0.1	5.97984
13056029	109	0.1	-0.1	2.95596
13056029	110	0.1	-0.1	4.98609
13056029	111	0.1	-0.1	4.11608
13056029	112	0.1	-0.1	-2.53781
13056029	113	0.1	-0.1	-4.64531
13056029	114	0.1	-0.1	-4.08502
13056029	115	0.1	-0.1	0.00398605
13056029	116	0.1	-0.1	-3.04777
13056029	117	0.1	-0.1	-4.71973
13056029	118	0.1	-0.1	4.66943
13056029	119	0.1	-0.1	-0.901046
13056029	120	0.1	-0.1	-4.12688
13056029	121	0.1	-0.1	-0.186257
13056029	122	0.1	-0.1	3.29732
13056029	123	0.1	-0.1	-1.72904
13056029	124	0.1	-0.1	3.40315
13056029	125	0.1	-0.1	-2.57236
13056029	126	0.1	-0.1	-0.482542
13056029	127	0.1	-0.1	3.81991
13056029	128	0.1	-0.1	-1.58787
13056029	129	0.1	-0.1	-2.47569
13056029	130	0.1	-0.1	-1.34439
13056029	131	0.1	-0.1	5.64342
13056029	132	0.1	-0.1	-5.13463
13056029	133	0.1	-0.1	2.74072
13056029	134	0.1	-0.1	1.49379
13056029	135	0.1	-0.1	2.40025
13056029	136	0.1	-0.1	4.56964
13056029	137	0.1	-0.1	0.00263644
13056029	138	0.1	-0.1	-1.55669
13056029	139	0.1	-0.1	-4.94501
13056029	140	0.1	-0.1	3.16936
13056029	141	0.1	-0.1	-5.61204
13056029	142	0.1	-0.1	4.76781
13056029	143	0.1	-0.1	-2.01564
13056029	144	0.1	-0.1	1.70741
13056029	145	0.1	-0.1	-1.06196
13056029	146	0.1	-0.1	4.84606
13056029	147	0.1	-0.1	4.79292
13056029	148	0.1	-0.1	1.84017
13056029	149	0.1	-0.1	-2.83559
13056029	150	0.1	-0.1	-2.33748
13056029	151	0.1	-0.1	2.54648
13056029	152	0.1	-0.1	-3.37592
13056029	153	0.1	-0.1	-4.20858
13056029	154	0.1	-0.1	5.3444
13056029	155	0.1	-0.1	-5.90965
13056029	156	0.1	-0.1	4.86654
13056029	157	0.1	-0.1	-2.52467
13056029	158	0.1	-0.1	0.0675072
13056029	159	0.1	-0.1	-5.26226
13056029	160	0.1	-0.1	-2.22453
13056029	161	0.1	-0.1	-3.00202
13056029	162	0.1	-0.1	-0.927324
13056029	163	0.1	-0.1	5.81697
13056029	164	0.1	-0.1	3.52756
13056029	165	0.1	-0.1	4.75899
13056029	166	0.1	-0.1	-5.02509
13056029	167	0.1	-0.1	5.96012
13056029	168	0.1	-0.1	-3.66689
13056029	169	0.1	-0.1	-3.28916
13056029	170	0.1	-0.1	1.51107
13056029	171	0.1	-0.1	3.30652
13056029	172	0.1	-0.1	-1.18238
13056029	173	0.1	-0.1	-1.09134
13056029	174	0.1	-0.1	0.186103
13056029	175	0.1	-0.1	-2.77701
13056029	176	0.1	-0.1	0.609056
13056029	177	0.1	-0.1	1.91356
13056029	178	0.1	-0.1	-4.08078
13056029	179	0.1	-0.1	4.75549
13056029	180	0.1	-0.1	-3.58005
13056029	181	0.1	-0.1	2.27809
13056029	182	0.1	-0.1	-2.9773
13056029	183	0.1	-0.1	-1.21358
13056029	184	0.1	-0.1	3.42674
13056029	185	0.1	-0.1	-1.77023
13056029	186	0.1	-0.1	-5.18306
13056029	187	0.1	-0.1	0.264865
13056029	188	0.1	-0.1	0.244483
13056029	189	0.1	-0.1	3.91195
13056029	190	0.1	-0.1	4.79513
13056029	191	0.1	-0.1	-0.747546
13056029	192	0.1	-0.1	2.99926
13056029	193	0.1	-0.1	5.71345
13056029	194	0.1	-0.1	3.69552
13056029	195	0.1	-0.1	2.17047
13056029	196	0.1	-0.1	-4.79373
13056029	197	0.1	-0.1	-4.14429
13056029	198	0.1	-0.1	-3.40077
13056029	199	0.1	-0.1	-2.11646
13056029	200	0.1	-0.1	0.866794
13056029	201	0.1	-0.1	-5.13956
13056029	202	0.1	-0.1	4.40002
13056029	203	0.1	-0.1	-5.99883
13056029	204	0.1	-0.1	-3.37361
13056029	205	0.1	-0.1	-0.343791
13056029	206	0.1	-0.1	-3.15443
13056029	207	0.1	-0.1	4.0381
13056029	208	0.1	-0.1	2.94882
13056029	209	0.1	-0.1	-0.836202
13056029	210	0.1	-0.1	-3.72073
13056029	211	0.1	-0.1	-5.54309
13056029	212	0.1	-0.1	-3.78882
13056029	213	0.1	-0.1	3.71979
13056029	214	0.1	-0.1	5.72818
13056029	215	0.1	-0.1	3.21536
13056029	216	0.1	-0.1	-5.02908
13056029	217	0.1	-0.1	1.40883
13056029	218	0.1	-0.1	-0.528212
13056029	219	0.1	-0.1	-2.28919
13056029	220	0.1	-0.1	1.1945
13056029	221	0.1	-0.1	0.404378
13056029	222	0.1	-0.1	-0.123749
13056029	223	0.1	-0.1	-2.98259
13056029	224	0.1	-0.1	3.26962
13056029	225	0.1	-0.1	1.90396
13056029	226	0.1	-0.1	0.598059
13056029	227	0.1	-0.1	-5.71217
13056029	228	0.1	-0.1	3.50797
13056029	229	0.1	-0.1	-1.70762
13056029	230	0.1	-0.1	-0.995102
13056029	231	0.1	-0.1	-4.43387
13056029	232	0.1	-0.1	-3.21762
13056029	233	0.1	-0.1	-3.09982
13056029	234	0.1	-0.1	-3.81181
13056029	235	0.1	-0.1	-3.44613
13056029	236	0.1	-0.1	-0.41715
13056029	237	0.1	-0.1	-0.0394253
13056029	238	0.1	-0.1	4.33177
13056029	239	0.1	-0.1	-0.673231
13056029	240	0.1	-0.1	3.35853
13056029	241	0.1	-0.1	-5.14605
13056029	242	0.1	-0.1	-0.900824
13056029	243	0.1	-0.1	-3.06605
13056029	244	0.1	-0.1	1.97842
13056029	245	0.1	-0.1	-1.74134
13056029	246	0.1	-0.1	2.76471
13056029	247	0.1	-0.1	-4.18111
13056029	248	0.1	-0.1	0.81525
13056029	249	0.1	-0.1	3.09522
13056029	250	0.1	-0.1	5.2338
13056029	251	0.1	-0.1	1.42084
13056029	252	0.1	-0.1	-0.326441
13056029	253	0.1	-0.1	4.51722
13056029	254	0.1	-0.1	5.08028
13056029	255	0.1	-0.1	1.0555
13056029	256	0.1	-0.1	-1.03859
13056029	257	0.1	-0.1	0.607303
13056029	258	0.1	-0.1	4.61427
13056029	259	0.1	-0.1	-2.84457
13056029	260	0.1	-0.1	2.61875
13056029	261	0.1	-0.1	-4.94451
13056029	262	0.1	-0.1	-0.459241
13056029	263	0.1	-0.1	3.00274
13056029	264	0.1	-0.1	1.144
13056029	265	0.1	-0.1	-2.93331
13056029	266	0.1	-0.1	2.7682
13056029	267	0.1	-0.1	-1.65174
13056029	268	0.1	-0.1	0.668196
13056029	269	0.1	-0.1	-1.47296
13056029	270	0.1	-0.1	1.76563
13056029	271	0.1	-0.1	-0.0294303
13056029	272	0.1	-0.1	2.04817
13056029	273	0.1	-0.1	4.80275
13056029	274	0.1	-0.1	-0.73089
13056029	275	0.1	-0.1	5.65615
13056029	276	0.1	-0.1	-0.599095
13056029	277	0.1	-0.1	-0.228089
13056029	278	0.1	-0.1	2.70428
13056029	279	0.1	-0.1	2.43007
13056029	280	0.1	-0.1	3.35636
13056029	281	0.1	-0.1	0.851677
13056029	282	0.1	-0.1	4.79262
13056029	283	0.1	-0.1	4.98788
13056029	284	0.1	-0.1	-2.16701
13056029	285	0.1	-0.1	1.54487
13056029	286	0.1	-0.1	1.40271
13056029	287	0.1	-0.1	0.929975
13056029	288	0.1	-0.1	1.87311
13056029	289	0.1	-0.1	-3.66289
13056029	290	0.1	-0.1	-5.34621
13056029	291	0.1	-0.1	0.182365
13056029	292	0.1	-0.1	-2.4775
13056029	293	0.1	-0.1	5.23801
13056029	294	0.1	-0.1	-2.69413
13056029	295	0.1	-0.1	2.9316
13056029	296	0.1	-0.1	1.93244
13056029	297	0.1	-0.1	-5.71157
13056029	298	0.1	-0.1	-1.08118
13056029	299	0.1	-0.1	3.36077
13056029	300	0.1	-0.1	-2.67704
13056029	301	0.1	-0.1	5.83513
13056029	302	0.1	-0.1	-1.52215
13056029	303	0.1	-0.1	-0.220223
13056029	304	0.1	-0.1	-2.49801
13056029	305	0.1	-0.1	5.69301
13056029	306	0.1	-0.1	-4.29636
13056029	307	0.1	-0.1	5.25187
13056029	308	0.1	-0.1	-4.17864
13056029	309	0.1	-0.1	-0.676628
13056029	310	0.1	-0.1	-4.66392
13056029	311	0.1	-0.1	0.610977
13056029	312	0.1	-0.1	-5.37279
13056029	313	0.1	-0.1	-2.42922
13056029	314	0.1	-0.1	-0.429427
13056029	315	0.1	-0.1	-0.623658
13056029	316	0.1	-0.1	2.37622
13056029	317	0.1	-0.1	-2.42027
13056029	318	0.1	-0.1	-2.90324
13056029	319	0.1	-0.1	-3.3452
13056029	320	0.1	-0.1	-3.0403
13056029	321	0.1	-0.1	2.15728
13056029	322	0.1	-0.1	1.77547
13056029	323	0.1	-0.1	4.5048
13056029	324	0.1	-0.1	2.45148
13056029	325	0.1	-0.1	5.78796
13056029	326	0.1	-0.1	-0.203786
13056029	327	0.1	-0.1	3.15068
13056029	328	0.1	-0.1	-4.56425
13056029	329	0.1	-0.1	-1.58006
13056029	330	0.1	-0.1	-5.94905
13056029	331	0.1	-0.1	-2.66211
13056029	332	0.1	-0.1	3.455
13056029	333	0.1	-0.1	-4.2256
13056029	334	0.1	-0.1	-5.96276
13056029	335	0.1	-0.1	-3.84683
13056029	336	0.1	-0.1	-5.28335
13056029	337	0.1	-0.1	-4.66249
13056029	338	0.1	-0.1	5.39128
13056029	339	0.1	-0.1	1.58259
13056029	340	0.1	-0.1	0.362952
13056029	341	0.1	-0.1	-3.14144
13056029	342	0.1	-0.1	1.77944
13056029	343	0.1	-0.1	-1.43441
13056029	344	0.1	-0.1	-1.75964
13056029	345	0.1	-0.1	-0.877837
13056029	346	0.1	-0.1	-1.88865
13056029	347	0.1	-0.1	0.123697
13056029	348	0.1	-0.1	5.4291
13056029	349	0.1	-0.1	-2.97748
13056029	350	0.1	-0.1	3.19424
13056029	351	0.1	-0.1	-0.913357
13056029	352	0.1	-0.1	5.20139
13056029	353	0.1	-0.1	-5.61383
13056029	354	0.1	-0.1	-1.82487
13056029	355	0.1	-0.1	3.46059
13056029	356	0.1	-0.1	-4.83428
13056029	357	0.1	-0.1	-3.1606
13056029	358	0.1	-0.1	3.12451
13056029	359	0.1	-0.1	5.82185
13056029	360	0.1	-0.1	1.99959
13056029	361	0.1	-0.1	1.51623
13056029	362	0.1	-0.1	-5.69233
13056029	363	0.1	-0.1	-2.43901
13056029	364	0.1	-0.1	-2.70717
13056029	365	0.1	-0.1	4.18465
13056029	366	0.1	-0.1	-5.01916
13056029	367	0.1	-0.1	-0.826758
13056029	368	0.1	-0.1	-3.47515
13056029	369	0.1	-0.1	-2.41486
13056029	370	0.1	-0.1	1.84473
13056029	371	0.1	-0.1	2.98771
13056029	372	0.1	-0.1	-3.22374
13056029	373	0.1	-0.1	2.32679
13056029	374	0.1	-0.1	3.10609
13056029	375	0.1	-0.1	-4.97227
13056029	376	0.1	-0.1	5.25433
13056029	377	0.1	-0.1	1.05332
13056029	378	0.1	-0.1	3.55388
13056029	379	0.1	-0.1	-1.29224
13056029	380	0.1	-0.1	-1.52815
13056029	381	0.1	-0.1	3.77701
13056029	382	0.1	-0.1	2.40679
13056029	383	0.1	-0.1	-5.322
13056029	384	0.1	-0.1	-5.78841
13056029	385	0.1	-0.1	-2.55369
13056029	386	0.1	-0.1	4.65852
13056029	387	0.1	-0.1	0.92565
13056029	388	0.1	-0.1	4.95584
13056029	389	0.1	-0.1	2.51786
13056029	390	0.1	-0.1	1.81128
13056029	391	0.1	-0.1	1.6549
13056029	392	0.1	-0.1	-4.86674
13056029	393	0.1	-0.1	2.13824
13056029	394	0.1	-0.1	-1.42817
13056029	395	0.1	-0.1	2.89
13056029	396	0.1	-0.1	3.59616
13056029	397	0.1	-0.1	-5.53699
13056029	398	0.1	-0.1	-0.968634
13056029	399	0.1	-0.1	-1.48656
13056029	400	0.1	-0.1	3.09189
13056029	401	0.1	-0.1	-4.55491
13056029	402	0.1	-0.1	-0.893284
13056029	403	0.1	-0.1	-3.8502
13056029	404	0.1	-0.1	-5.46017
13056029	405	0.1	-0.1	5.96255
13056029	406	0.1	-0.1	-3.43689
13056029	407	0.1	-0.1	4.23881
13056029	408	0.1	-0.1	4.21972
13056029	409	0.1	-0.1	4.9889
13056029	410	0.1	-0.1	-5.93577
13056029	411	0.1	-0.1	-3.78205
13056029	412	0.1	-0.1	-5.78442
13056029	413	0.1	-0.1	0.00358491
13056029	414	0.1	-0.1	-4.67844
13056029	415	0.1	-0.1	4.6652
13056029	416	0.1	-0.1	2.70375
13056029	417	0.1	-0.1	-0.855006
13056029	418	0.1	-0.1	-5.42539
13056029	419	0.1	-0.1	-1.73532
13056029	420	0.1	-0.1	3.85379
13056029	421	0.1	-0.1	-5.99023
13056029	422	0.1	-0.1	3.05262
13056029	423	0.1	-0.1	-5.52793
13056029	424	0.1	-0.1	-0.626328
13056029	425	0.1	-0.1	0.339297
13056029	426	0.1	-0.1	2.53874
13056029	427	0.1	-0.1	5.47415
13056029	428	0.1	-0.1	-4.51113
13056029	429	0.1	-0.1	-4.64244
13056029	430	0.1	-0.1	0.683463
13056029	431	0.1	-0.1	-2.95365
13056029	432	0.1	-0.1	-2.3076
13056029	433	0.1	-0.1	-5.17792
13056029	434	0.1	-0.1	-2.63011
13056029	435	0.1	-0.1	0.304125
13056029	436	0.1	-0.1	-0.0800373
13056029	437	0.1	-0.1	5.04216
13056029	438	0.1	-0.1	2.69285
13056029	439	0.1	-0.1	-2.34653
13056029	440	0.1	-0.1	2.55398
13056029	441	0.1	-0.1	-0.65382
13056029	442	0.1	-0.1	1.73944
13056029	443	0.1	-0.1	-2.06776
13056029	444	0.1	-0.1	1.82079
13056029	445	0.1	-0.1	-4.00629
13056029	446	0.1	-0.1	-1.39435
13056029	447	0.1	-0.1	3.65478
13056029	448	0.1	-0.1	-2.00937
13056029	449	0.1	-0.1	2.35106
13056029	450	0.1	-0.1	-4.11874
13056029	451	0.1	-0.1	5.40141
13056029	452	0.1	-0.1	-2.19064
13056029	453	0.1	-0.1	3.76235
13056029	454	0.1	-0.1	4.47679
13056029	455	0.1	-0.1	1.29573
13056029	456	0.1	-0.1	5.0062
13056029	457	0.1	-0.1	-4.5852
13056029	458	0.1	-0.1	4.8218
13056029	459	0.1	-0.1	-4.28206
13056029	460	0.1	-0.1	-5.14105
13056029	461	0.1	-0.1	-0.161821
13056029	462	0.1	-0.1	-0.487478
13056029	463	0.1	-0.1	-5.00127
13056029	464	0.1	-0.1	4.28322
13056029	465	0.1	-0.1	-3.31021
13056029	466	0.1	-0.1	1.82323
13056029	467	0.1	-0.1	0.582888
13056029	468	0.1	-0.1	-4.08046
13056029	469	0.1	-0.1	-1.23101
13056029	470	0.1	-0.1	-3.48554
13056029	471	0.1	-0.1	5.24226
13056029	472	0.1	-0.1	2.49333
13056029	473	0.1	-0.1	-4.30291
13056029	474	0.1	-0.1	-3.0514
13056029	475	0.1	-0.1	1.73293
13056029	476	0.1	-0.1	3.87382
13056029	477	0.1	-0.1	2.83914
13056029	478	0.1	-0.1	5.74553
13056029	479	0.1	-0.1	-5.119
13056029	480	0.1	-0.1	-4.17125
13056029	481	0.1	-0.1	-0.593705
13056029	482	0.1	-0.1	-4.7542
13056029	483	0.1	-0.1	0.389026
13056029	484	0.1	-0.1	-5.23811
13056029	485	0.1	-0.1	-2.12067
13056029	486	0.1	-0.1	-0.660054
13056029	487	0.1	-0.1	-5.09097
13056029	488	0.1	-0.1	1.78055
13056029	489	0.1	-0.1	5.21964
13056029	490	0.1	-0.1	-1.84507
13056029	491	0.1	-0.1	-3.25962
13056029	492	0.1	-0.1	3.3989
13056029	493	0.1	-0.1	2.1131
13056029	494	0.1	-0.1	4.86101
13056029	495	0.1	-0.1	0.849252
13056029	496	0.1	-0.1	2.88402
13056029	497	0.1	-0.1	3.33828
13056029	498	0.1	-0.1	4.2052
13056029	499	0.1	-0.1	2.50219
13056029	500	0.1	-0.1	2.98054
13056029	501	0.1	-0.1	4.04935
13056029	502	0.1	-0.1	-5.18469
13056029	503	0.1	-0.1	2.32569
13056029	504	0.1	-0.1	0.260686
13056029	505	0.1	-0.1	2.27901
13056029	506	0.1	-0.1	-5.43604
13056029	507	0.1	-0.1	5.53248
13056029	508	0.1	-0.1	-4.21077
13056029	509	0.1	-0.1	-4.90735
13056029	510	0.1	-0.1	1.8762
13056029	511	0.1	-0.1	-1.97927
13056029	512	0.1	-0.1	-1.68421
13056029	513	0.1	-0.1	-3.49419
13056029	514	0.1	-0.1	3.16859
13056029	515	0.1	-0.1	-0.204469
13056029	516	0.1	-0.1	-3.27183
13056029	517	0.1	-0.1	3.32227
13056029	518	0.1	-0.1	3.37126
13056029	519	0.1	-0.1	-1.81833
13056029	520	0.1	-0.1	-4.71137
13056029	521	0.1	-0.1	3.63609
13056029	522	0.1	-0.1	-0.49095
13056029	523	0.1	-0.1	2.58202
13056029	524	0.1	-0.1	3.45871
13056029	525	0.1	-0.1	3.42777
13056029	526	0.1	-0.1	-3.79718
13056029	527	0.1	-0.1	-5.7712
13056029	528	0.1	-0.1	-4.27909
13056029	529	0.1	-0.1	-2.38168
13056029	530	0.1	-0.1	5.55137
13056029	531	0.1	-0.1	-1.23826
13056029	532	0.1	-0.1	2.62
13056029	533	0.1	-0.1	-3.10505
13056029	534	0.1	-0.1	-3.61691
13056029	535	0.1	-0.1	-5.21827
13056029	536	0.1	-0.1	0.173028
13056029	537	0.1	-0.1	-5.09797
13056029	538	0.1	-0.1	-2.84646
13056029	539	0.1	-0.1	4.18826
13056029	540	0.1	-0.1	-0.695353
13056029	541	0.1	-0.1	-2.91315
13056029	542	0.1	-0.1	-5.28226
13056029	543	0.1	-0.1	-5.00762
13056029	544	0.1	-0.1	-5.01336
13056029	545	0.1	-0.1	4.70437
13056029	546	0.1	-0.1	-1.28229
13056029	547	0.1	-0.1	-2.39723
13056029	548	0.1	-0.1	5.83557
13056029	549	0.1	-0.1	0.555779
13056029	550	0.1	-0.1	5.51461
13056029	551	0.1	-0.1	3.11973
13056029	552	0.1	-0.1	3.82695
13056029	553	0.1	-0.1	-3.01653
13056029	554	0.1	-0.1	0.976163
13056029	555	0.1	-0.1	4.77351
13056029	556	0.1	-0.1	3.0439
13056029	557	0.1	-0.1	2.27233
13056029	558	0.1	-0.1	4.21818
13056029	559	0.1	-0.1	-1.39175
13056029	560	0.1	-0.1	5.9358
13056029	561	0.1	-0.1	5.26641
13056029	562	0.1	-0.1	-4.24518
13056029	563	0.1	-0.1	-3.57376
13056029	564	0.1	-0.1	-1.47079
13056029	565	0.1	-0.1	3.84043
13056029	566	0.1	-0.1	5.16844
13056029	567	0.1	-0.1	-2.75889
13056029	568	0.1	-0.1	4.66831
13056029	569	0.1	-0.1	-1.82921
13056029	570	0.1	-0.1	-2.41065
13056029	571	0.1	-0.1	3.40897
13056029	572	0.1	-0.1	-4.85811
13056029	573	0.1	-0.1	-1.77749
13056029	574	0.1	-0.1	3.5879
13056029	575	0.1	-0.1	5.78261
13056029	576	0.1	-0.1	-1.90545
13056029	577	0.1	-0.1	-2.79175
13056029	578	0.1	-0.1	-2.75617
13056029	579	0.1	-0.1	3.69163
13056029	580	0.1	-0.1	-3.19182
13056029	581	0.1	-0.1	1.20946
13056029	582	0.1	-0.1	-1.58025
13056029	583	0.1	-0.1	5.84333
13056029	584	0.1	-0.1	-0.46145
13056029	585	0.1	-0.1	5.76066
13056029	586	0.1	-0.1	-3.83446
13056029	587	0.1	-0.1	-5.54148
13056029	588	0.1	-0.1	-1.82093
13056029	589	0.1	-0.1	3.57452
13056029	590	0.1	-0.1	4.98483
13056029	591	0.1	-0.1	-3.5782
13056029	592	0.1	-0.1	-2.87706
13056029	593	0.1	-0.1	-1.49984
13056029	594	0.1	-0.1	4.0467
13056029	595	0.1	-0.1	-3.52009
13056029	596	0.1	-0.1	1.54592
13056029	597	0.1	-0.1	5.10674
13056029	598	0.1	-0.1	2.25218
13056029	599	0.1	-0.1	-1.22239
13056029	600	0.1	-0.1	0.0409081
13056029	601	0.1	-0.1	-1.34849
13056029	602	0.1	-0.1	5.5464
13056029	603	0.1	-0.1	5.99977
13056029	604	0.1	-0.1	-5.13573
13056029	605	0.1	-0.1	-3.93387
13056029	606	0.1	-0.1	-4.96371
13056029	607	0.1	-0.1	1.8348
13056029	608	0.1	-0.1	-5.15259
13056029	609	0.1	-0.1	3.12259
13056029	610	0.1	-0.1	-1.44605
13056029	611	0.1	-0.1	3.26076
13056029	612	0.1	-0.1	-5.74776
13056029	613	0.1	-0.1	5.06723
13056029	614	0.1	-0.1	-3.01842
13056029	615	0.1	-0.1	1.65002
13056029	616	0.1	-0.1	2.54611
13056029	617	0.1	-0.1	-2.79443
13056029	618	0.1	-0.1	4.27474
13056029	619	0.1	-0.1	4.35246
13056029	620	0.1	-0.1	4.29003
13056029	621	0.1	-0.1	2.43177
13056029	622	0.1	-0.1	-4.93649
13056029	623	0.1	-0.1	-2.53462
13056029	624	0.1	-0.1	1.99535
13056029	625	0.1	-0.1	1.71668
13056029	626	0.1	-0.1	-0.451236
13056029	627	0.1	-0.1	-2.78259
13056029	628	0.1	-0.1	-4.9453
13056029	629	0.1	-0.1	5.6248
13056029	630	0.1	-0.1	-2.65395
13056029	631	0.1	-0.1	2.23538
13056029	632	0.1	-0.1	-5.15051
13056029	633	0.1	-0.1	-1.98047
13056029	634	0.1	-0.1	3.05716
13056029	635	0.1	-0.1	5.95814
13056029	636	0.1	-0.1	-3.64006
13056029	637	0.1	-0.1	-3.58014
13056029	638	0.1	-0.1	-0.843007
13056029	639	0.1	-0.1	-2.51312
13056029	640	0.1	-0.1	1.32379
13056029	641	0.1	-0.1	4.96248
13056029	642	0.1	-0.1	-3.00969
13056029	643	0.1	-0.1	3.79601
13056029	644	0.1	-0.1	-3.65605
13056029	645	0.1	-0.1	1.45379
13056029	646	0.1	-0.1	5.47162
13056029	647	0.1	-0.1	5.27545
13056029	648	0.1	-0.1	-0.775935
13056029	649	0.1	-0.1	-0.707576
13056029	650	0.1	-0.1	4.9778
13056029	651	0.1	-0.1	-1.07921
13056029	652	0.1	-0.1	-2.87215
13056029	653	0.1	-0.1	3.95466
13056029	654	0.1	-0.1	-4.38761
13056029	655	0.1	-0.1	4.67318
13056029	656	0.1	-0.1	-1.89476
13056029	657	0.1	-0.1	3.24195
13056029	658	0.1	-0.1	1.69693
13056029	659	0.1	-0.1	2.58731
13056029	660	0.1	-0.1	3.68899
13056029	661	0.1	-0.1	-5.38105
13056029	662	0.1	-0.1	-0.332512
13056029	663	0.1	-0.1	-4.25461
13056029	664	0.1	-0.1	-4.3
13056029	665	0.1	-0.1	-0.309503
13056029	666	0.1	-0.1	4.04924
13056029	667	0.1	-0.1	5.17833
13056029	668	0.1	-0.1	0.755261
13056029	669	0.1	-0.1	-3.8066
13056029	670	0.1	-0.1	5.763
13056029	671	0.1	-0.1	2.67219
13056029	672	0.1	-0.1	-5.93689
13056029	673	0.1	-0.1	4.94171
13056029	674	0.1	-0.1	-4.12447
13056029	675	0.1	-0.1	1.49424
13056029	676	0.1	-0.1	1.03845
13056029	677	0.1	-0.1	-4.30985
13056029	678	0.1	-0.1	0.156998
13056029	679	0.1	-0.1	-0.852884
13056029	680	0.1	-0.1	5.55522
13056029	681	0.1	-0.1	5.16996
13056029	682	0.1	-0.1	2.24044
13056029	683	0.1	-0.1	2.48655
13056029	684	0.1	-0.1	-2.01556
13056029	685	0.1	-0.1	-2.66117
13056029	686	0.1	-0.1	-4.30355
13056029	687	0.1	-0.1	1.01172
13056029	688	0.1	-0.1	2.05311
13056029	689	0.1	-0.1	2.55556
13056029	690	0.1	-0.1	4.03278
13056029	691	0.1	-0.1	0.772676
13056029	692	0.1	-0.1	-5.45115
13056029	693	0.1	-0.1	3.83296
13056029	694	0.1	-0.1	4.77674
13056029	695	0.1	-0.1	5.06891
13056029	696	0.1	-0.1	0.620593
13056029	697	0.1	-0.1	4.96831
13056029	698	0.1	-0.1	-2.55275
13056029	699	0.1	-0.1	1.32135
13056029	700	0.1	-0.1	5.68798
13056029	701	0.1	-0.1	-2.53915
13056029	702	0.1	-0.1	-0.63222
13056029	703	0.1	-0.1	-1.07881
13056029	704	0.1	-0.1	5.72324
13056029	705	0.1	-0.1	1.69371
13056029	706	0.1	-0.1	5.48951
13056029	707	0.1	-0.1	-2.2117
13056029	708	0.1	-0.1	2.51024
13056029	709	0.1	-0.1	0.755799
13056029	710	0.1	-0.1	-5.68425
13056029	711	0.1	-0.1	4.23472
13056029	712	0.1	-0.1	-3.81576
13056029	713	0.1	-0.1	5.39848
13056029	714	0.1	-0.1	1.58333
13056029	715	0.1	-0.1	4.28489
13056029	716	0.1	-0.1	-0.688546
13056029	717	0.1	-0.1	-0.277756
13056029	718	0.1	-0.1	2.49889
13056029	719	0.1	-0.1	-0.633725
13056029	720	0.1	-0.1	5.88676
13056029	721	0.1	-0.1	-3.53796
13056029	722	0.1	-0.1	-4.46293
13056029	723	0.1	-0.1	1.59468
13056029	724	0.1	-0.1	-3.68926
13056029	725	0.1	-0.1	-3.99098
13056029	726	0.1	-0.1	2.45402
13056029	727	0.1	-0.1	-1.47928
13056029	728	0.1	-0.1	-2.76096
13056029	729	0.1	-0.1	-0.918349
13056029	730	0.1	-0.1	-3.51095
13056029	731	0.1	-0.1	-4.05396
13056029	732	0.1	-0.1	4.95206
13056029	733	0.1	-0.1	1.65052
13056029	734	0.1	-0.1	-4.20347
13056029	735	0.1	-0.1	4.72904
13056029	736	0.1	-0.1	-0.732471
13056029	737	0.1	-0.1	0.902425
13056029	738	0.1	-0.1	-4.88133
13056029	739	0.1	-0.1	0.523128
13056029	740	0.1	-0.1	-1.91516
13056029	741	0.1	-0.1	-4.84717
13056029	742	0.1	-0.1	4.0725
13056029	743	0.1	-0.1	-3.92685
13056029	744	0.1	-0.1	-3.82795
13056029	745	0.1	-0.1	-3.57791
13056029	746	0.1	-0.1	-4.11631
13056029	747	0.1	-0.1	-1.38826
13056029	748	0.1	-0.1	2.80268
13056029	749	0.1	-0.1	-5.14077
13056029	750	0.1	-0.1	2.66545
13056029	751	0.1	-0.1	4.29535
13056029	752	0.1	-0.1	1.53099
13056029	753	0.1	-0.1	1.84405
13056029	754	0.1	-0.1	4.49208
13056029	755	0.1	-0.1	5.23074
13056029	756	0.1	-0.1	-1.08705
13056029	757	0.1	-0.1	5.32093
13056029	758	0.1	-0.1	-5.53365
13056029	759	0.1	-0.1	1.42742
13056029	760	0.1	-0.1	-4.02586
13056029	761	0.1	-0.1	3.61357
13056029	762	0.1	-0.1	-4.07604
13056029	763	0.1	-0.1	0.365012
13056029	764	0.1	-0.1	-1.93667
13056029	765	0.1	-0.1	5.61901
13056029	766	0.1	-0.1	-3.63236
13056029	767	0.1	-0.1	-1.41161
13056029	768	0.1	-0.1	-1.95739
13056029	769	0.1	-0.1	1.73091
13056029	770	0.1	-0.1	4.45802
13056029	771	0.1	-0.1	4.52856
13056029	772	0.1	-0.1	-2.50435
13056029	773	0.1	-0.1	4.44402
13056029	774	0.1	-0.1	3.50885
13056029	775	0.1	-0.1	2.07069
13056029	776	0.1	-0.1	-1.83855
13056029	777	0.1	-0.1	0.033765
13056029	778	0.1	-0.1	-2.41914
13056029	779	0.1	-0.1	-5.45574
13056029	780	0.1	-0.1	3.56731
13056029	781	0.1	-0.1	2.54885
13056029	782	0.1	-0.1	3.76968
13056029	783	0.1	-0.1	0.40282
13056029	784	0.1	-0.1	-1.309
13056029	785	0.1	-0.1	1.16579
13056029	786	0.1	-0.1	-2.14488
13056029	787	0.1	-0.1	-4.94175
13056029	788	0.1	-0.1	-2.01579
13056029	789	0.1	-0.1	2.84879
13056029	790	0.1	-0.1	0.459144
13056029	791	0.1	-0.1	1.49992
13056029	792	0.1	-0.1	-0.654799
13056029	793	0.1	-0.1	3.00362
13056029	794	0.1	-0.1	0.821905
13056029	795	0.1	-0.1	0.297814
13056029	796	0.1	-0.1	0.889746
13056029	797	0.1	-0.1	-2.42715
13056029	798	0.1	-0.1	-5.24164
13056029	799	0.1	-0.1	-3.64219
13056029	800	0.1	-0.1	-1.94927
13056029	801	0.1	-0.1	-2.10615
13056029	802	0.1	-0.1	5.4026
13056029	803	0.1	-0.1	3.17754
13056029	804	0.1	-0.1	5.48612
13056029	805	0.1	-0.1	-1.8856
13056029	806	0.1	-0.1	-2.06032
13056029	807	0.1	-0.1	-1.45818
13056029	808	0.1	-0.1	4.9233
13056029	809	0.1	-0.1	1.17626
13056029	810	0.1	-0.1	-2.40412
13056029	811	0.1	-0.1	5.55979
13056029	812	0.1	-0.1	1.6802
13056029	813	0.1	-0.1	-4.05531
13056029	814	0.1	-0.1	-3.07944
13056029	815	0.1	-0.1	5.2249
13056029	816	0.1	-0.1	-1.47333
13056029	817	0.1	-0.1	0.606769
13056029	818	0.1	-0.1	-0.756251
13056029	819	0.1	-0.1	-0.606365
13056029	820	0.1	-0.1	0.328018
13056029	821	0.1	-0.1	-3.65676
13056029	822	0.1	-0.1	-0.413489
13056029	823	0.1	-0.1	5.5416
13056029	824	0.1	-0.1	2.43542
13056029	825	0.1	-0.1	-1.98813
13056029	826	0.1	-0.1	-0.586993
13056029	827	0.1	-0.1	4.6722
13056029	828	0.1	-0.1	3.42406
13056029	829	0.1	-0.1	2.43442
13056029	830	0.1	-0.1	4.56353
13056029	831	0.1	-0.1	-0.397568
13056029	832	0.1	-0.1	2.12828
13056029	833	0.1	-0.1	-0.387458
13056029	834	0.1	-0.1	-1.89695
13056029	835	0.1	-0.1	3.04423
13056029	836	0.1	-0.1	4.46941
13056029	837	0.1	-0.1	3.85118
13056029	838	0.1	-0.1	1.23062
13056029	839	0.1	-0.1	1.04615
13056029	840	0.1	-0.1	-2.44415
13056029	841	0.1	-0.1	-5.60504
13056029	842	0.1	-0.1	-4.90246
13056029	843	0.1	-0.1	5.69164
13056029	844	0.1	-0.1	-5.52859
13056029	845	0.1	-0.1	-3.07519
13056029	846	0.1	-0.1	-4.02289
13056029	847	0.1	-0.1	-3.55091
13056029	848	0.1	-0.1	3.08446
13056029	849	0.1	-0.1	5.75607
13056029	850	0.1	-0.1	-4.09687
13056029	851	0.1	-0.1	4.44579
13056029	852	0.1	-0.1	-4.81113
13056029	853	0.1	-0.1	5.78052
13056029	854	0.1	-0.1	-2.08961
13056029	855	0.1	-0.1	-4.14022
13056029	856	0.1	-0.1	3.87194
13056029	857	0.1	-0.1	-3.48952
13056029	858	0.1	-0.1	2.02622
13056029	859	0.1	-0.1	-2.23676
13056029	860	0.1	-0.1	-0.461676
13056029	861	0.1	-0.1	-4.26334
13056029	862	0.1	-0.1	-3.90178
13056029	863	0.1	-0.1	2.34909
13056029	864	0.1	-0.1	4.8596
13056029	865	0.1	-0.1	-4.45069
13056029	866	0.1	-0.1	2.98202
13056029	867	0.1	-0.1	3.79548
13056029	868	0.1	-0.1	5.22324
13056029	869	0.1	-0.1	3.09238
13056029	870	0.1	-0.1	-0.51988
13056029	871	0.1	-0.1	-3.26832
13056029	872	0.1	-0.1	-2.44585
13056029	873	0.1	-0.1	0.196479
13056029	874	0.1	-0.1	-4.88102
13056029	875	0.1	-0.1	1.75455
13056029	876	0.1	-0.1	-4.21236
13056029	877	0.1	-0.1	-5.81482
13056029	878	0.1	-0.1	-4.63513
13056029	879	0.1	-0.1	1.44795
13056029	880	0.1	-0.1	-0.630026
13056029	881	0.1	-0.1	4.73147
13056029	882	0.1	-0.1	-5.77403
13056029	883	0.1	-0.1	4.32183
13056029	884	0.1	-0.1	-1.94312
13056029	885	0.1	-0.1	4.23489
13056029	886	0.1	-0.1	1.0295
13056029	887	0.1	-0.1	-1.47514
13056029	888	0.1	-0.1	-3.88936
13056029	889	0.1	-0.1	1.78632
13056029	890	0.1	-0.1	-4.14368
13056029	891	0.1	-0.1	-2.44187
13056029	892	0.1	-0.1	-2.70833
13056029	893	0.1	-0.1	-1.37629
13056029	894	0.1	-0.1	3.11375
13056029	895	0.1	-0.1	-1.94453
13056029	896	0.1	-0.1	5.62427
13056029	897	0.1	-0.1	2.65611
13056029	898	0.1	-0.1	1.82171
13056029	899	0.1	-0.1	-0.681675
13056029	900	0.1	-0.1	-5.0474
13056029	901	0.1	-0.1	-2.56068
13056029	902	0.1	-0.1	1.5648
13056029	903	0.1	-0.1	5.77615
13056029	904	0.1	-0.1	-0.458067
13056029	905	0.1	-0.1	-0.552457
13056029	906	0.1	-0.1	4.55419
13056029	907	0.1	-0.1	5.98893
13056029	908	0.1	-0.1	1.32443
13056029	909	0.1	-0.1	5.73078
13056029	910	0.1	-0.1	0.984515
13056029	911	0.1	-0.1	2.93094
13056029	912	0.1	-0.1	-1.35135
13056029	913	0.1	-0.1	2.60323
13056029	914	0.1	-0.1	5.83217
13056029	915	0.1	-0.1	-2.55901
13056029	916	0.1	-0.1	-3.00919
13056029	917	0.1	-0.1	-0.313703
13056029	918	0.1	-0.1	5.72427
13056029	919	0.1	-0.1	3.98447
13056029	920	0.1	-0.1	1.39383
13056029	921	0.1	-0.1	-3.06041
13056029	922	0.1	-0.1	-3.0279
13056029	923	0.1	-0.1	-2.71355
13056029	924	0.1	-0.1	3.72371
13056029	925	0.1	-0.1	-5.64618
13056029	926	0.1	-0.1	0.30399
13056029	927	0.1	-0.1	-2.84691
13056029	928	0.1	-0.1	0.0822442
13056029	929	0.1	-0.1	4.12627
13056029	930	0.1	-0.1	4.25824
13056029	931	0.1	-0.1	-1.0209
13056029	932	0.1	-0.1	-1.07904
13056029	933	0.1	-0.1	-5.20594
13056029	934	0.1	-0.1	-1.45666
13056029	935	0.1	-0.1	3.62585
13056029	936	0.1	-0.1	4.02683
13056029	937	0.1	-0.1	1.43259
13056029	938	0.1	-0.1	3.21977
13056029	939	0.1	-0.1	5.05543
13056029	940	0.1	-0.1	-2.96011
13056029	941	0.1	-0.1	-1.7545
13056029	942	0.1	-0.1	-1.76534
13056029	943	0.1	-0.1	-5.9063
13056029	944	0.1	-0.1	2.73098
13056029	945	0.1	-0.1	4.50268
13056029	946	0.1	-0.1	-3.45961
13056029	947	0.1	-0.1	-0.678124
13056029	948	0.1	-0.1	4.27237
13056029	949	0.1	-0.1	-4.65858
13056029	950	0.1	-0.1	-0.227396
13056029	951	0.1	-0.1	-2.0141
13056029	952	0.1	-0.1	5.33246
13056029	953	0.1	-0.1	0.218074
13056029	954	0.1	-0.1	5.33877
13056029	955	0.1	-0.1	3.2167
13056029	956	0.1	-0.1	-4.91994
13056029	957	0.1	-0.1	3.1343
13056029	958	0.1	-0.1	-0.458155
13056029	959	0.1	-0.1	-3.81653
13056029	960	0.1	-0.1	0.451821
13056029	961	0.1	-0.1	0.293819
13056029	962	0.1	-0.1	4.17585
13056029	963	0.1	-0.1	-0.520187
13056029	964	0.1	-0.1	-4.65846
13056029	965	0.1	-0.1	-3.92879
13056029	966	0.1	-0.1	1.31883
13056029	967	0.1	-0.1	0.240476
13056029	968	0.1	-0.1	-2.3597
13056029	969	0.1	-0.1	2.36
13056029	970	0.1	-0.1	-1.15093
13056029	971	0.1	-0.1	-5.55436
13056029	972	0.1	-0.1	-3.62066
13056029	973	0.1	-0.1	1.56452
13056029	974	0.1	-0.1	-2.15258
13056029	975	0.1	-0.1	-0.0613806
13056029	976	0.1	-0.1	-2.589
13056029	977	0.1	-0.1	-0.234296
13056029	978	0.1	-0.1	-4.61251
13056029	979	0.1	-0.1	5.0452
13056029	980	0.1	-0.1	-2.40529
13056029	981	0.1	-0.1	-3.28101
13056029	982	0.1	-0.1	0.0201994
13056029	983	0.1	-0.1	3.21087
13056029	984	0.1	-0.1	-0.933537
13056029	985	0.1	-0.1	1.50993
13056029	986	0.1	-0.1	0.17186
13056029	987	0.1	-0.1	-1.36642
13056029	988	0.1	-0.1	-3.47148
13056029	989	0.1	-0.1	1.01841
13056029	990	0.1	-0.1	-5.13238
13056029	991	0.1	-0.1	-0.623582
13056029	992	0.1	-0.1	3.27725
13056029	993	0.1	-0.1	3.12383
13056029	994	0.1	-0.1	-0.119393
13056029	995	0.1	-0.1	-0.516569
13056029	996	0.1	-0.1	-4.45
13056029	997	0.1	-0.1	5.99434
13056029	998	0.1	-0.1	2.60341
13056029	999	0.1	-0.1	4.02059
13056029	1000	0.1	-0.1	5.86449
