13055023	1	0.1	-0.1	-2.38839
13055023	2	0.1	-0.1	0.515707
13055023	3	0.1	-0.1	-0.720066
13055023	4	0.1	-0.1	3.59363
13055023	5	0.1	-0.1	5.35578
13055023	6	0.1	-0.1	-2.57033
13055023	7	0.1	-0.1	1.86899
13055023	8	0.1	-0.1	-2.86611
13055023	9	0.1	-0.1	-3.3145
13055023	10	0.1	-0.1	3.87769
13055023	11	0.1	-0.1	-3.98742
13055023	12	0.1	-0.1	4.1971
13055023	13	0.1	-0.1	2.91076
13055023	14	0.1	-0.1	0.290645
13055023	15	0.1	-0.1	-1.76237
13055023	16	0.1	-0.1	-2.40578
13055023	17	0.1	-0.1	0.19146
13055023	18	0.1	-0.1	-1.18133
13055023	19	0.1	-0.1	0.352948
13055023	20	0.1	-0.1	0.244924
13055023	21	0.1	-0.1	3.50012
13055023	22	0.1	-0.1	-1.89087
13055023	23	0.1	-0.1	1.08695
13055023	24	0.1	-0.1	4.01234
13055023	25	0.1	-0.1	-2.97757
13055023	26	0.1	-0.1	2.63954
13055023	27	0.1	-0.1	2.5556
13055023	28	0.1	-0.1	-0.0196038
13055023	29	0.1	-0.1	-5.39022
13055023	30	0.1	-0.1	5.0391
13055023	31	0.1	-0.1	-5.99447
13055023	32	0.1	-0.1	-0.597128
13055023	33	0.1	-0.1	-4.90641
13055023	34	0.1	-0.1	3.61071
13055023	35	0.1	-0.1	-5.22814
13055023	36	0.1	-0.1	2.91046
13055023	37	0.1	-0.1	-4.08943
13055023	38	0.1	-0.1	3.54683
13055023	39	0.1	-0.1	1.08611
13055023	40	0.1	-0.1	5.73445
13055023	41	0.1	-0.1	2.40323
13055023	42	0.1	-0.1	-3.10199
13055023	43	0.1	-0.1	-1.85992
13055023	44	0.1	-0.1	-4.66854
13055023	45	0.1	-0.1	4.69259
13055023	46	0.1	-0.1	-2.98269
13055023	47	0.1	-0.1	-1.83194
13055023	48	0.1	-0.1	0.854942
13055023	49	0.1	-0.1	0.438178
13055023	50	0.1	-0.1	5.74159
13055023	51	0.1	-0.1	2.7879
13055023	52	0.1	-0.1	-0.732547
13055023	53	0.1	-0.1	-1.26254
13055023	54	0.1	-0.1	-0.151344
13055023	55	0.1	-0.1	-5.58707
13055023	56	0.1	-0.1	2.06431
13055023	57	0.1	-0.1	-3.18092
13055023	58	0.1	-0.1	-3.01751
13055023	59	0.1	-0.1	3.50158
13055023	60	0.1	-0.1	-4.75562
13055023	61	0.1	-0.1	3.40534
13055023	62	0.1	-0.1	-5.71998
13055023	63	0.1	-0.1	-3.93741
13055023	64	0.1	-0.1	2.84696
13055023	65	0.1	-0.1	-2.15329
13055023	66	0.1	-0.1	0.682835
13055023	67	0.1	-0.1	2.03023
13055023	68	0.1	-0.1	3.15435
13055023	69	0.1	-0.1	-5.32894
13055023	70	0.1	-0.1	-0.244192
13055023	71	0.1	-0.1	-4.33779
13055023	72	0.1	-0.1	0.566437
13055023	73	0.1	-0.1	5.27066
13055023	74	0.1	-0.1	4.11841
13055023	75	0.1	-0.1	-5.64742
13055023	76	0.1	-0.1	4.93584
13055023	77	0.1	-0.1	1.72035
13055023	78	0.1	-0.1	4.26613
13055023	79	0.1	-0.1	-1.84153
13055023	80	0.1	-0.1	-3.52325
13055023	81	0.1	-0.1	4.63494
13055023	82	0.1	-0.1	-3.18266
13055023	83	0.1	-0.1	-2.77468
13055023	84	0.1	-0.1	5.57803
13055023	85	0.1	-0.1	5.44329
13055023	86	0.1	-0.1	-2.09371
13055023	87	0.1	-0.1	3.17683
13055023	88	0.1	-0.1	1.30968
13055023	89	0.1	-0.1	1.61247
13055023	90	0.1	-0.1	-5.4928
13055023	91	0.1	-0.1	4.83214
13055023	92	0.1	-0.1	0.632011
13055023	93	0.1	-0.1	4.62541
13055023	94	0.1	-0.1	0.733496
13055023	95	0.1	-0.1	-2.88128
13055023	96	0.1	-0.1	-0.20282
13055023	97	0.1	-0.1	-2.01321
13055023	98	0.1	-0.1	3.89222
13055023	99	0.1	-0.1	2.73814
13055023	100	0.1	-0.1	-1.08495
13055023	101	0.1	-0.1	1.18847
13055023	102	0.1	-0.1	4.89724
13055023	103	0.1	-0.1	-4.78238
13055023	104	0.1	-0.1	-0.13103
13055023	105	0.1	-0.1	3.18726
13055023	106	0.1	-0.1	-4.18525
13055023	107	0.1	-0.1	2.25208
13055023	108	0.1	-0.1	0.851492
13055023	109	0.1	-0.1	-0.698176
13055023	110	0.1	-0.1	4.00573
13055023	111	0.1	-0.1	-3.11462
13055023	112	0.1	-0.1	-2.54267
13055023	113	0.1	-0.1	5.30036
13055023	114	0.1	-0.1	-2.9683
13055023	115	0.1	-0.1	5.98756
13055023	116	0.1	-0.1	5.09459
13055023	117	0.1	-0.1	3.42028
13055023	118	0.1	-0.1	-3.85527
13055023	119	0.1	-0.1	-1.33078
13055023	120	0.1	-0.1	3.1314
13055023	121	0.1	-0.1	-2.51297
13055023	122	0.1	-0.1	1.64329
13055023	123	0.1	-0.1	-4.44512
13055023	124	0.1	-0.1	4.3992
13055023	125	0.1	-0.1	-4.8174
13055023	126	0.1	-0.1	3.29652
13055023	127	0.1	-0.1	2.01677
13055023	128	0.1	-0.1	4.72124
13055023	129	0.1	-0.1	-2.79559
13055023	130	0.1	-0.1	-3.268
13055023	131	0.1	-0.1	-5.61781
13055023	132	0.1	-0.1	-4.89741
13055023	133	0.1	-0.1	4.56998
13055023	134	0.1	-0.1	-5.35512
13055023	135	0.1	-0.1	1.43489
13055023	136	0.1	-0.1	-0.944578
13055023	137	0.1	-0.1	-2.65434
13055023	138	0.1	-0.1	-5.77603
13055023	139	0.1	-0.1	3.44969
13055023	140	0.1	-0.1	-1.07372
13055023	141	0.1	-0.1	1.57775
13055023	142	0.1	-0.1	4.34878
13055023	143	0.1	-0.1	-1.15264
13055023	144	0.1	-0.1	-3.21335
13055023	145	0.1	-0.1	-5.96999
13055023	146	0.1	-0.1	-1.10137
13055023	147	0.1	-0.1	1.51436
13055023	148	0.1	-0.1	-2.40432
13055023	149	0.1	-0.1	-0.897546
13055023	150	0.1	-0.1	5.16846
13055023	151	0.1	-0.1	5.35044
13055023	152	0.1	-0.1	0.840817
13055023	153	0.1	-0.1	1.0013
13055023	154	0.1	-0.1	3.18278
13055023	155	0.1	-0.1	2.00644
13055023	156	0.1	-0.1	-5.34683
13055023	157	0.1	-0.1	-5.76435
13055023	158	0.1	-0.1	-1.28589
13055023	159	0.1	-0.1	-3.71317
13055023	160	0.1	-0.1	2.33495
13055023	161	0.1	-0.1	4.31428
13055023	162	0.1	-0.1	-2.78061
13055023	163	0.1	-0.1	-3.2619
13055023	164	0.1	-0.1	-5.38996
13055023	165	0.1	-0.1	0.112732
13055023	166	0.1	-0.1	2.36668
13055023	167	0.1	-0.1	-0.97265
13055023	168	0.1	-0.1	1.60658
13055023	169	0.1	-0.1	-2.78327
13055023	170	0.1	-0.1	-0.259104
13055023	171	0.1	-0.1	1.4974
13055023	172	0.1	-0.1	-0.914981
13055023	173	0.1	-0.1	5.96074
13055023	174	0.1	-0.1	-1.62972
13055023	175	0.1	-0.1	-1.23341
13055023	176	0.1	-0.1	4.30521
13055023	177	0.1	-0.1	-0.966569
13055023	178	0.1	-0.1	0.13159
13055023	179	0.1	-0.1	3.89055
13055023	180	0.1	-0.1	-3.24053
13055023	181	0.1	-0.1	-1.86015
13055023	182	0.1	-0.1	-0.226066
13055023	183	0.1	-0.1	-5.39132
13055023	184	0.1	-0.1	1.03113
13055023	185	0.1	-0.1	4.10124
13055023	186	0.1	-0.1	-3.2669
13055023	187	0.1	-0.1	4.96399
13055023	188	0.1	-0.1	-4.84973
13055023	189	0.1	-0.1	0.635854
13055023	190	0.1	-0.1	-1.65781
13055023	191	0.1	-0.1	-2.8793
13055023	192	0.1	-0.1	-2.0968
13055023	193	0.1	-0.1	2.80086
13055023	194	0.1	-0.1	3.28211
13055023	195	0.1	-0.1	-3.14049
13055023	196	0.1	-0.1	-1.89156
13055023	197	0.1	-0.1	-4.88396
13055023	198	0.1	-0.1	-4.37524
13055023	199	0.1	-0.1	2.80992
13055023	200	0.1	-0.1	4.98353
13055023	201	0.1	-0.1	2.97339
13055023	202	0.1	-0.1	-0.670654
13055023	203	0.1	-0.1	-3.92244
13055023	204	0.1	-0.1	1.51956
13055023	205	0.1	-0.1	1.13526
13055023	206	0.1	-0.1	2.12719
13055023	207	0.1	-0.1	5.08359
13055023	208	0.1	-0.1	2.26179
13055023	209	0.1	-0.1	5.50937
13055023	210	0.1	-0.1	-0.196091
13055023	211	0.1	-0.1	4.37241
13055023	212	0.1	-0.1	2.26329
13055023	213	0.1	-0.1	4.31366
13055023	214	0.1	-0.1	-5.81075
13055023	215	0.1	-0.1	0.0231223
13055023	216	0.1	-0.1	1.05969
13055023	217	0.1	-0.1	0.926617
13055023	218	0.1	-0.1	-1.23168
13055023	219	0.1	-0.1	-3.4085
13055023	220	0.1	-0.1	-3.4511
13055023	221	0.1	-0.1	3.93233
13055023	222	0.1	-0.1	5.56651
13055023	223	0.1	-0.1	0.0995701
13055023	224	0.1	-0.1	5.39588
13055023	225	0.1	-0.1	0.905435
13055023	226	0.1	-0.1	5.93565
13055023	227	0.1	-0.1	2.15004
13055023	228	0.1	-0.1	-1.97692
13055023	229	0.1	-0.1	-5.96244
13055023	230	0.1	-0.1	4.72695
13055023	231	0.1	-0.1	4.01676
13055023	232	0.1	-0.1	4.37435
13055023	233	0.1	-0.1	-1.46698
13055023	234	0.1	-0.1	1.35294
13055023	235	0.1	-0.1	-0.0347379
13055023	236	0.1	-0.1	4.36661
13055023	237	0.1	-0.1	2.79081
13055023	238	0.1	-0.1	4.83485
13055023	239	0.1	-0.1	0.321801
13055023	240	0.1	-0.1	-2.20391
13055023	241	0.1	-0.1	5.84413
13055023	242	0.1	-0.1	-3.14295
13055023	243	0.1	-0.1	5.02951
13055023	244	0.1	-0.1	-3.93654
13055023	245	0.1	-0.1	-1.17267
13055023	246	0.1	-0.1	-0.643124
13055023	247	0.1	-0.1	-4.92509
13055023	248	0.1	-0.1	-2.6109
13055023	249	0.1	-0.1	0.229065
13055023	250	0.1	-0.1	-5.93349
13055023	251	0.1	-0.1	-3.71085
13055023	252	0.1	-0.1	-4.93901
13055023	253	0.1	-0.1	3.13472
13055023	254	0.1	-0.1	4.40649
13055023	255	0.1	-0.1	3.36866
13055023	256	0.1	-0.1	-4.31374
13055023	257	0.1	-0.1	5.70976
13055023	258	0.1	-0.1	2.81554
13055023	259	0.1	-0.1	5.07717
13055023	260	0.1	-0.1	-1.027
13055023	261	0.1	-0.1	0.258834
13055023	262	0.1	-0.1	-5.15047
13055023	263	0.1	-0.1	-3.22839
13055023	264	0.1	-0.1	-3.54164
13055023	265	0.1	-0.1	-1.24046
13055023	266	0.1	-0.1	2.01547
13055023	267	0.1	-0.1	-5.76548
13055023	268	0.1	-0.1	-4.80997
13055023	269	0.1	-0.1	5.10642
13055023	270	0.1	-0.1	2.53052
13055023	271	0.1	-0.1	-5.82554
13055023	272	0.1	-0.1	-3.74265
13055023	273	0.1	-0.1	-0.544978
13055023	274	0.1	-0.1	-0.80978
13055023	275	0.1	-0.1	-3.1416
13055023	276	0.1	-0.1	1.89568
13055023	277	0.1	-0.1	-4.30469
13055023	278	0.1	-0.1	-2.21273
13055023	279	0.1	-0.1	-4.92238
13055023	280	0.1	-0.1	-5.98082
13055023	281	0.1	-0.1	4.58681
13055023	282	0.1	-0.1	-0.477344
13055023	283	0.1	-0.1	4.72869
13055023	284	0.1	-0.1	4.8278
13055023	285	0.1	-0.1	4.53343
13055023	286	0.1	-0.1	3.88389
13055023	287	0.1	-0.1	1.10697
13055023	288	0.1	-0.1	-4.5196
13055023	289	0.1	-0.1	-1.35285
13055023	290	0.1	-0.1	-5.95727
13055023	291	0.1	-0.1	-2.32873
13055023	292	0.1	-0.1	-2.47772
13055023	293	0.1	-0.1	4.42236
13055023	294	0.1	-0.1	2.58162
13055023	295	0.1	-0.1	-5.45038
13055023	296	0.1	-0.1	2.19773
13055023	297	0.1	-0.1	2.62585
13055023	298	0.1	-0.1	2.11907
13055023	299	0.1	-0.1	2.07812
13055023	300	0.1	-0.1	0.385127
13055023	301	0.1	-0.1	-5.40149
13055023	302	0.1	-0.1	-4.7607
13055023	303	0.1	-0.1	5.47955
13055023	304	0.1	-0.1	4.33646
13055023	305	0.1	-0.1	-2.44199
13055023	306	0.1	-0.1	-5.96278
13055023	307	0.1	-0.1	-0.561301
13055023	308	0.1	-0.1	-0.221754
13055023	309	0.1	-0.1	5.62611
13055023	310	0.1	-0.1	-4.72607
13055023	311	0.1	-0.1	5.86484
13055023	312	0.1	-0.1	1.44808
13055023	313	0.1	-0.1	-3.79282
13055023	314	0.1	-0.1	-4.9665
13055023	315	0.1	-0.1	2.0027
13055023	316	0.1	-0.1	-3.68091
13055023	317	0.1	-0.1	1.42007
13055023	318	0.1	-0.1	-2.09756
13055023	319	0.1	-0.1	-3.52325
13055023	320	0.1	-0.1	-3.31853
13055023	321	0.1	-0.1	-1.29955
13055023	322	0.1	-0.1	-0.931355
13055023	323	0.1	-0.1	-3.72755
13055023	324	0.1	-0.1	0.211809
13055023	325	0.1	-0.1	-5.97695
13055023	326	0.1	-0.1	-3.9394
13055023	327	0.1	-0.1	-0.456298
13055023	328	0.1	-0.1	-1.73168
13055023	329	0.1	-0.1	-4.76771
13055023	330	0.1	-0.1	3.79648
13055023	331	0.1	-0.1	-4.58895
13055023	332	0.1	-0.1	-4.64348
13055023	333	0.1	-0.1	2.89936
13055023	334	0.1	-0.1	1.88937
13055023	335	0.1	-0.1	-3.31182
13055023	336	0.1	-0.1	-1.66746
13055023	337	0.1	-0.1	-4.03011
13055023	338	0.1	-0.1	-0.863776
13055023	339	0.1	-0.1	3.07049
13055023	340	0.1	-0.1	0.410794
13055023	341	0.1	-0.1	4.20573
13055023	342	0.1	-0.1	3.74827
13055023	343	0.1	-0.1	0.217974
13055023	344	0.1	-0.1	4.34473
13055023	345	0.1	-0.1	3.40331
13055023	346	0.1	-0.1	-1.2364
13055023	347	0.1	-0.1	-1.56675
13055023	348	0.1	-0.1	-4.84193
13055023	349	0.1	-0.1	3.95989
13055023	350	0.1	-0.1	-3.59791
13055023	351	0.1	-0.1	2.97579
13055023	352	0.1	-0.1	3.05106
13055023	353	0.1	-0.1	-4.21904
13055023	354	0.1	-0.1	5.97859
13055023	355	0.1	-0.1	-3.4438
13055023	356	0.1	-0.1	-4.71164
13055023	357	0.1	-0.1	-3.92217
13055023	358	0.1	-0.1	4.37236
13055023	359	0.1	-0.1	-4.57241
13055023	360	0.1	-0.1	-2.03238
13055023	361	0.1	-0.1	-4.70813
13055023	362	0.1	-0.1	-0.607377
13055023	363	0.1	-0.1	3.34848
13055023	364	0.1	-0.1	2.22761
13055023	365	0.1	-0.1	-5.9159
13055023	366	0.1	-0.1	5.40945
13055023	367	0.1	-0.1	-2.60313
13055023	368	0.1	-0.1	-0.567498
13055023	369	0.1	-0.1	-4.67196
13055023	370	0.1	-0.1	-3.15427
13055023	371	0.1	-0.1	3.66956
13055023	372	0.1	-0.1	-4.48576
13055023	373	0.1	-0.1	-0.841497
13055023	374	0.1	-0.1	0.648091
13055023	375	0.1	-0.1	-1.89602
13055023	376	0.1	-0.1	5.58871
13055023	377	0.1	-0.1	-1.8814
13055023	378	0.1	-0.1	-2.91299
13055023	379	0.1	-0.1	-3.59072
13055023	380	0.1	-0.1	-5.0473
13055023	381	0.1	-0.1	-5.38303
13055023	382	0.1	-0.1	-0.780069
13055023	383	0.1	-0.1	0.0259979
13055023	384	0.1	-0.1	-5.57559
13055023	385	0.1	-0.1	-2.94727
13055023	386	0.1	-0.1	4.84951
13055023	387	0.1	-0.1	0.0974634
13055023	388	0.1	-0.1	-4.09657
13055023	389	0.1	-0.1	-2.75257
13055023	390	0.1	-0.1	-0.512341
13055023	391	0.1	-0.1	3.65018
13055023	392	0.1	-0.1	-1.72677
13055023	393	0.1	-0.1	2.0211
13055023	394	0.1	-0.1	4.38959
13055023	395	0.1	-0.1	4.66534
13055023	396	0.1	-0.1	-1.34413
13055023	397	0.1	-0.1	-4.4817
13055023	398	0.1	-0.1	3.97815
13055023	399	0.1	-0.1	2.42198
13055023	400	0.1	-0.1	-0.13652
13055023	401	0.1	-0.1	-0.752353
13055023	402	0.1	-0.1	-1.99297
13055023	403	0.1	-0.1	3.92371
13055023	404	0.1	-0.1	-5.07479
13055023	405	0.1	-0.1	-0.843593
13055023	406	0.1	-0.1	1.71226
13055023	407	0.1	-0.1	-3.57983
13055023	408	0.1	-0.1	-1.39988
13055023	409	0.1	-0.1	5.49866
13055023	410	0.1	-0.1	-3.65581
13055023	411	0.1	-0.1	4.22383
13055023	412	0.1	-0.1	-3.93382
13055023	413	0.1	-0.1	3.00694
13055023	414	0.1	-0.1	4.97052
13055023	415	0.1	-0.1	-5.05337
13055023	416	0.1	-0.1	-1.63869
13055023	417	0.1	-0.1	4.15877
13055023	418	0.1	-0.1	0.512099
13055023	419	0.1	-0.1	3.23295
13055023	420	0.1	-0.1	1.5401
13055023	421	0.1	-0.1	2.89235
13055023	422	0.1	-0.1	3.56779
13055023	423	0.1	-0.1	-0.185351
13055023	424	0.1	-0.1	3.89088
13055023	425	0.1	-0.1	-1.38031
13055023	426	0.1	-0.1	-3.23894
13055023	427	0.1	-0.1	-2.33972
13055023	428	0.1	-0.1	-0.126376
13055023	429	0.1	-0.1	-1.34293
13055023	430	0.1	-0.1	-5.59841
13055023	431	0.1	-0.1	-3.35872
13055023	432	0.1	-0.1	2.03546
13055023	433	0.1	-0.1	-1.77792
13055023	434	0.1	-0.1	-5.88906
13055023	435	0.1	-0.1	-3.17497
13055023	436	0.1	-0.1	-5.04173
13055023	437	0.1	-0.1	-1.86587
13055023	438	0.1	-0.1	2.06072
13055023	439	0.1	-0.1	4.23077
13055023	440	0.1	-0.1	0.844563
13055023	441	0.1	-0.1	0.867514
13055023	442	0.1	-0.1	-5.86471
13055023	443	0.1	-0.1	-3.98462
13055023	444	0.1	-0.1	-2.45216
13055023	445	0.1	-0.1	-1.10984
13055023	446	0.1	-0.1	-4.63098
13055023	447	0.1	-0.1	5.31891
13055023	448	0.1	-0.1	2.99985
13055023	449	0.1	-0.1	0.820717
13055023	450	0.1	-0.1	3.32778
13055023	451	0.1	-0.1	-4.09569
13055023	452	0.1	-0.1	0.0812862
13055023	453	0.1	-0.1	-0.383652
13055023	454	0.1	-0.1	1.39422
13055023	455	0.1	-0.1	1.12293
13055023	456	0.1	-0.1	0.969853
13055023	457	0.1	-0.1	4.6969
13055023	458	0.1	-0.1	2.95195
13055023	459	0.1	-0.1	-0.28433
13055023	460	0.1	-0.1	-4.90482
13055023	461	0.1	-0.1	-3.53453
13055023	462	0.1	-0.1	-4.16009
13055023	463	0.1	-0.1	-5.78741
13055023	464	0.1	-0.1	1.55515
13055023	465	0.1	-0.1	-1.17446
13055023	466	0.1	-0.1	0.870465
13055023	467	0.1	-0.1	-3.14602
13055023	468	0.1	-0.1	-0.437689
13055023	469	0.1	-0.1	1.89255
13055023	470	0.1	-0.1	4.52061
13055023	471	0.1	-0.1	4.17579
13055023	472	0.1	-0.1	1.33126
13055023	473	0.1	-0.1	3.01194
13055023	474	0.1	-0.1	0.147133
13055023	475	0.1	-0.1	5.40005
13055023	476	0.1	-0.1	1.46522
13055023	477	0.1	-0.1	2.8415
13055023	478	0.1	-0.1	-3.28746
13055023	479	0.1	-0.1	-1.17989
13055023	480	0.1	-0.1	-1.88213
13055023	481	0.1	-0.1	-3.4734
13055023	482	0.1	-0.1	-0.759918
13055023	483	0.1	-0.1	-1.40806
13055023	484	0.1	-0.1	-4.03097
13055023	485	0.1	-0.1	-4.3658
13055023	486	0.1	-0.1	-2.02543
13055023	487	0.1	-0.1	-1.31873
13055023	488	0.1	-0.1	-2.81208
13055023	489	0.1	-0.1	2.31956
13055023	490	0.1	-0.1	1.7982
13055023	491	0.1	-0.1	-0.692092
13055023	492	0.1	-0.1	-3.18206
13055023	493	0.1	-0.1	1.46795
13055023	494	0.1	-0.1	1.56642
13055023	495	0.1	-0.1	-2.32436
13055023	496	0.1	-0.1	-2.63288
13055023	497	0.1	-0.1	-1.01945
13055023	498	0.1	-0.1	4.64572
13055023	499	0.1	-0.1	-5.03363
13055023	500	0.1	-0.1	-3.31281
13055023	501	0.1	-0.1	4.40002
13055023	502	0.1	-0.1	-5.07111
13055023	503	0.1	-0.1	-4.82325
13055023	504	0.1	-0.1	2.61686
13055023	505	0.1	-0.1	-3.94826
13055023	506	0.1	-0.1	-4.3559
13055023	507	0.1	-0.1	2.99996
13055023	508	0.1	-0.1	-1.90584
13055023	509	0.1	-0.1	-3.97238
13055023	510	0.1	-0.1	-5.23558
13055023	511	0.1	-0.1	-4.57546
13055023	512	0.1	-0.1	-1.00329
13055023	513	0.1	-0.1	5.67354
13055023	514	0.1	-0.1	2.60894
13055023	515	0.1	-0.1	-5.52677
13055023	516	0.1	-0.1	-5.01971
13055023	517	0.1	-0.1	5.9075
13055023	518	0.1	-0.1	5.76969
13055023	519	0.1	-0.1	-1.52293
13055023	520	0.1	-0.1	5.14291
13055023	521	0.1	-0.1	-0.439812
13055023	522	0.1	-0.1	-1.5185
13055023	523	0.1	-0.1	1.28246
13055023	524	0.1	-0.1	2.44524
13055023	525	0.1	-0.1	-3.88575
13055023	526	0.1	-0.1	1.28024
13055023	527	0.1	-0.1	5.92137
13055023	528	0.1	-0.1	5.09068
13055023	529	0.1	-0.1	-5.25992
13055023	530	0.1	-0.1	0.0114125
13055023	531	0.1	-0.1	0.359021
13055023	532	0.1	-0.1	-5.85154
13055023	533	0.1	-0.1	-0.644216
13055023	534	0.1	-0.1	4.7847
13055023	535	0.1	-0.1	2.5501
13055023	536	0.1	-0.1	2.43029
13055023	537	0.1	-0.1	-2.31933
13055023	538	0.1	-0.1	1.00442
13055023	539	0.1	-0.1	-4.99415
13055023	540	0.1	-0.1	0.041609
13055023	541	0.1	-0.1	-4.98357
13055023	542	0.1	-0.1	4.99515
13055023	543	0.1	-0.1	-3.62808
13055023	544	0.1	-0.1	-4.88678
13055023	545	0.1	-0.1	4.08052
13055023	546	0.1	-0.1	1.15293
13055023	547	0.1	-0.1	-5.77556
13055023	548	0.1	-0.1	-3.77965
13055023	549	0.1	-0.1	-5.50681
13055023	550	0.1	-0.1	5.66505
13055023	551	0.1	-0.1	-0.734229
13055023	552	0.1	-0.1	3.91141
13055023	553	0.1	-0.1	5.25701
13055023	554	0.1	-0.1	-0.73073
13055023	555	0.1	-0.1	5.97803
13055023	556	0.1	-0.1	5.70179
13055023	557	0.1	-0.1	2.10148
13055023	558	0.1	-0.1	-4.6567
13055023	559	0.1	-0.1	-4.30838
13055023	560	0.1	-0.1	-5.3001
13055023	561	0.1	-0.1	2.33461
13055023	562	0.1	-0.1	2.49056
13055023	563	0.1	-0.1	-4.20311
13055023	564	0.1	-0.1	-0.0423899
13055023	565	0.1	-0.1	1.63599
13055023	566	0.1	-0.1	4.93787
13055023	567	0.1	-0.1	2.85483
13055023	568	0.1	-0.1	-2.72536
13055023	569	0.1	-0.1	-1.06054
13055023	570	0.1	-0.1	3.31831
13055023	571	0.1	-0.1	-4.95378
13055023	572	0.1	-0.1	4.45531
13055023	573	0.1	-0.1	-4.35604
13055023	574	0.1	-0.1	-3.0253
13055023	575	0.1	-0.1	1.79195
13055023	576	0.1	-0.1	2.66789
13055023	577	0.1	-0.1	-1.28979
13055023	578	0.1	-0.1	3.80604
13055023	579	0.1	-0.1	-3.77252
13055023	580	0.1	-0.1	-0.051057
13055023	581	0.1	-0.1	4.08185
13055023	582	0.1	-0.1	5.1231
13055023	583	0.1	-0.1	5.46704
13055023	584	0.1	-0.1	-4.5647
13055023	585	0.1	-0.1	5.07505
13055023	586	0.1	-0.1	5.67044
13055023	587	0.1	-0.1	-0.481889
13055023	588	0.1	-0.1	0.869738
13055023	589	0.1	-0.1	0.806299
13055023	590	0.1	-0.1	-1.65798
13055023	591	0.1	-0.1	-2.5112
13055023	592	0.1	-0.1	1.32709
13055023	593	0.1	-0.1	3.31655
13055023	594	0.1	-0.1	-3.8435
13055023	595	0.1	-0.1	-0.214481
13055023	596	0.1	-0.1	-2.44931
13055023	597	0.1	-0.1	-3.6581
13055023	598	0.1	-0.1	0.16771
13055023	599	0.1	-0.1	0.525375
13055023	600	0.1	-0.1	1.41633
13055023	601	0.1	-0.1	-0.169229
13055023	602	0.1	-0.1	3.72128
13055023	603	0.1	-0.1	0.508917
13055023	604	0.1	-0.1	3.13643
13055023	605	0.1	-0.1	-5.14697
13055023	606	0.1	-0.1	-5.81665
13055023	607	0.1	-0.1	2.26369
13055023	608	0.1	-0.1	-5.85602
13055023	609	0.1	-0.1	-3.14028
13055023	610	0.1	-0.1	-3.19096
13055023	611	0.1	-0.1	4.11186
13055023	612	0.1	-0.1	2.48701
13055023	613	0.1	-0.1	1.6174
13055023	614	0.1	-0.1	-2.80953
13055023	615	0.1	-0.1	0.0337764
13055023	616	0.1	-0.1	-2.27961
13055023	617	0.1	-0.1	3.23107
13055023	618	0.1	-0.1	-2.9467
13055023	619	0.1	-0.1	-1.04114
13055023	620	0.1	-0.1	4.99809
13055023	621	0.1	-0.1	3.44171
13055023	622	0.1	-0.1	-3.38573
13055023	623	0.1	-0.1	-4.05413
13055023	624	0.1	-0.1	0.745198
13055023	625	0.1	-0.1	-0.525308
13055023	626	0.1	-0.1	-0.398188
13055023	627	0.1	-0.1	5.7738
13055023	628	0.1	-0.1	0.661086
13055023	629	0.1	-0.1	-0.358557
13055023	630	0.1	-0.1	3.81531
13055023	631	0.1	-0.1	5.60226
13055023	632	0.1	-0.1	2.46153
13055023	633	0.1	-0.1	-4.09023
13055023	634	0.1	-0.1	-5.95363
13055023	635	0.1	-0.1	4.15412
13055023	636	0.1	-0.1	-5.885
13055023	637	0.1	-0.1	-2.2335
13055023	638	0.1	-0.1	2.89974
13055023	639	0.1	-0.1	1.96023
13055023	640	0.1	-0.1	4.05496
13055023	641	0.1	-0.1	4.3876
13055023	642	0.1	-0.1	-3.85239
13055023	643	0.1	-0.1	-0.854508
13055023	644	0.1	-0.1	1.78765
13055023	645	0.1	-0.1	-5.6261
13055023	646	0.1	-0.1	0.743526
13055023	647	0.1	-0.1	-4.89185
13055023	648	0.1	-0.1	0.601112
13055023	649	0.1	-0.1	3.67584
13055023	650	0.1	-0.1	-0.663264
13055023	651	0.1	-0.1	-3.57583
13055023	652	0.1	-0.1	0.780177
13055023	653	0.1	-0.1	0.353119
13055023	654	0.1	-0.1	3.49475
13055023	655	0.1	-0.1	-2.45123
13055023	656	0.1	-0.1	-3.00917
13055023	657	0.1	-0.1	-4.41839
13055023	658	0.1	-0.1	-3.09696
13055023	659	0.1	-0.1	-5.79294
13055023	660	0.1	-0.1	0.486421
13055023	661	0.1	-0.1	-1.02247
13055023	662	0.1	-0.1	1.28867
13055023	663	0.1	-0.1	5.11224
13055023	664	0.1	-0.1	0.852724
13055023	665	0.1	-0.1	-3.23493
13055023	666	0.1	-0.1	-2.61631
13055023	667	0.1	-0.1	-3.18412
13055023	668	0.1	-0.1	5.17239
13055023	669	0.1	-0.1	2.42985
13055023	670	0.1	-0.1	5.76641
13055023	671	0.1	-0.1	-1.58698
13055023	672	0.1	-0.1	1.65158
13055023	673	0.1	-0.1	-3.36973
13055023	674	0.1	-0.1	4.62042
13055023	675	0.1	-0.1	1.8301
13055023	676	0.1	-0.1	-5.89305
13055023	677	0.1	-0.1	-2.75293
13055023	678	0.1	-0.1	-0.093465
13055023	679	0.1	-0.1	-4.7975
13055023	680	0.1	-0.1	0.502172
13055023	681	0.1	-0.1	1.50351
13055023	682	0.1	-0.1	-0.473744
13055023	683	0.1	-0.1	1.92427
13055023	684	0.1	-0.1	2.93488
13055023	685	0.1	-0.1	-3.90935
13055023	686	0.1	-0.1	4.32761
13055023	687	0.1	-0.1	4.96799
13055023	688	0.1	-0.1	0.0469616
13055023	689	0.1	-0.1	0.965552
13055023	690	0.1	-0.1	-0.98627
13055023	691	0.1	-0.1	2.12846
13055023	692	0.1	-0.1	-1.56741
13055023	693	0.1	-0.1	-4.48188
13055023	694	0.1	-0.1	4.01452
13055023	695	0.1	-0.1	4.00819
13055023	696	0.1	-0.1	-4.90712
13055023	697	0.1	-0.1	0.702504
13055023	698	0.1	-0.1	-2.74748
13055023	699	0.1	-0.1	0.748004
13055023	700	0.1	-0.1	4.52147
13055023	701	0.1	-0.1	-2.46174
13055023	702	0.1	-0.1	-5.49167
13055023	703	0.1	-0.1	3.50139
13055023	704	0.1	-0.1	0.885318
13055023	705	0.1	-0.1	4.83436
13055023	706	0.1	-0.1	3.10498
13055023	707	0.1	-0.1	1.35855
13055023	708	0.1	-0.1	-1.77184
13055023	709	0.1	-0.1	1.67794
13055023	710	0.1	-0.1	-5.29524
13055023	711	0.1	-0.1	-4.39006
13055023	712	0.1	-0.1	1.88983
13055023	713	0.1	-0.1	-4.03184
13055023	714	0.1	-0.1	3.84205
13055023	715	0.1	-0.1	1.17713
13055023	716	0.1	-0.1	4.46772
13055023	717	0.1	-0.1	5.63873
13055023	718	0.1	-0.1	5.54297
13055023	719	0.1	-0.1	4.19077
13055023	720	0.1	-0.1	-2.38518
13055023	721	0.1	-0.1	2.57813
13055023	722	0.1	-0.1	1.60937
13055023	723	0.1	-0.1	-5.72417
13055023	724	0.1	-0.1	3.58528
13055023	725	0.1	-0.1	-3.46158
13055023	726	0.1	-0.1	-0.779264
13055023	727	0.1	-0.1	1.87038
13055023	728	0.1	-0.1	2.72004
13055023	729	0.1	-0.1	2.16958
13055023	730	0.1	-0.1	-1.45295
13055023	731	0.1	-0.1	3.5213
13055023	732	0.1	-0.1	-3.39261
13055023	733	0.1	-0.1	-4.9581
13055023	734	0.1	-0.1	-3.46874
13055023	735	0.1	-0.1	4.77161
13055023	736	0.1	-0.1	-2.77413
13055023	737	0.1	-0.1	-3.83744
13055023	738	0.1	-0.1	-5.63021
13055023	739	0.1	-0.1	3.63917
13055023	740	0.1	-0.1	-0.13852
13055023	741	0.1	-0.1	2.48205
13055023	742	0.1	-0.1	2.36184
13055023	743	0.1	-0.1	-2.95731
13055023	744	0.1	-0.1	1.64261
13055023	745	0.1	-0.1	-0.123718
13055023	746	0.1	-0.1	-5.08183
13055023	747	0.1	-0.1	5.26878
13055023	748	0.1	-0.1	2.56263
13055023	749	0.1	-0.1	3.37366
13055023	750	0.1	-0.1	3.0985
13055023	751	0.1	-0.1	2.98714
13055023	752	0.1	-0.1	4.34183
13055023	753	0.1	-0.1	-4.11539
13055023	754	0.1	-0.1	0.0740656
13055023	755	0.1	-0.1	-2.11454
13055023	756	0.1	-0.1	1.32167
13055023	757	0.1	-0.1	2.09416
13055023	758	0.1	-0.1	3.01869
13055023	759	0.1	-0.1	-2.03537
13055023	760	0.1	-0.1	0.0650484
13055023	761	0.1	-0.1	4.35829
13055023	762	0.1	-0.1	1.54971
13055023	763	0.1	-0.1	1.47988
13055023	764	0.1	-0.1	-1.2195
13055023	765	0.1	-0.1	-3.64128
13055023	766	0.1	-0.1	4.25767
13055023	767	0.1	-0.1	4.04351
13055023	768	0.1	-0.1	-2.54472
13055023	769	0.1	-0.1	-0.212696
13055023	770	0.1	-0.1	4.63207
13055023	771	0.1	-0.1	-1.67288
13055023	772	0.1	-0.1	-0.919624
13055023	773	0.1	-0.1	-1.7975
13055023	774	0.1	-0.1	-1.00621
13055023	775	0.1	-0.1	3.48607
13055023	776	0.1	-0.1	2.96613
13055023	777	0.1	-0.1	-5.35589
13055023	778	0.1	-0.1	0.65278
13055023	779	0.1	-0.1	2.51073
13055023	780	0.1	-0.1	4.38537
13055023	781	0.1	-0.1	-0.307476
13055023	782	0.1	-0.1	2.95788
13055023	783	0.1	-0.1	2.57072
13055023	784	0.1	-0.1	-5.13508
13055023	785	0.1	-0.1	-5.43524
13055023	786	0.1	-0.1	3.77734
13055023	787	0.1	-0.1	-4.43201
13055023	788	0.1	-0.1	-4.06075
13055023	789	0.1	-0.1	-4.59246
13055023	790	0.1	-0.1	-0.743644
13055023	791	0.1	-0.1	2.26334
13055023	792	0.1	-0.1	4.11731
13055023	793	0.1	-0.1	-3.95747
13055023	794	0.1	-0.1	-4.5214
13055023	795	0.1	-0.1	-2.50537
13055023	796	0.1	-0.1	0.153159
13055023	797	0.1	-0.1	3.66143
13055023	798	0.1	-0.1	-4.06234
13055023	799	0.1	-0.1	4.85758
13055023	800	0.1	-0.1	-0.568578
13055023	801	0.1	-0.1	3.56677
13055023	802	0.1	-0.1	5.05624
13055023	803	0.1	-0.1	-1.64908
13055023	804	0.1	-0.1	-3.91216
13055023	805	0.1	-0.1	2.70237
13055023	806	0.1	-0.1	0.397478
13055023	807	0.1	-0.1	4.18313
13055023	808	0.1	-0.1	-3.38418
13055023	809	0.1	-0.1	3.89119
13055023	810	0.1	-0.1	-1.69995
13055023	811	0.1	-0.1	3.67795
13055023	812	0.1	-0.1	-3.31926
13055023	813	0.1	-0.1	4.27718
13055023	814	0.1	-0.1	0.501383
13055023	815	0.1	-0.1	1.98551
13055023	816	0.1	-0.1	4.11153
13055023	817	0.1	-0.1	4.51262
13055023	818	0.1	-0.1	-5.07056
13055023	819	0.1	-0.1	0.400291
13055023	820	0.1	-0.1	-4.82428
13055023	821	0.1	-0.1	2.55374
13055023	822	0.1	-0.1	0.653514
13055023	823	0.1	-0.1	3.37293
13055023	824	0.1	-0.1	4.75639
13055023	825	0.1	-0.1	-4.53881
13055023	826	0.1	-0.1	5.70891
13055023	827	0.1	-0.1	2.36238
13055023	828	0.1	-0.1	-2.62469
13055023	829	0.1	-0.1	3.14522
13055023	830	0.1	-0.1	3.49066
13055023	831	0.1	-0.1	1.83032
13055023	832	0.1	-0.1	2.29895
13055023	833	0.1	-0.1	5.70873
13055023	834	0.1	-0.1	1.48406
13055023	835	0.1	-0.1	0.106757
13055023	836	0.1	-0.1	5.99976
13055023	837	0.1	-0.1	5.78454
13055023	838	0.1	-0.1	5.40298
13055023	839	0.1	-0.1	4.31307
13055023	840	0.1	-0.1	-3.606
13055023	841	0.1	-0.1	-3.70092
13055023	842	0.1	-0.1	3.66811
13055023	843	0.1	-0.1	-4.26101
13055023	844	0.1	-0.1	-3.84978
13055023	845	0.1	-0.1	0.98304
13055023	846	0.1	-0.1	-0.244158
13055023	847	0.1	-0.1	0.269674
13055023	848	0.1	-0.1	4.23755
13055023	849	0.1	-0.1	3.46675
13055023	850	0.1	-0.1	2.55836
13055023	851	0.1	-0.1	-5.55788
13055023	852	0.1	-0.1	1.68824
13055023	853	0.1	-0.1	-2.88126
13055023	854	0.1	-0.1	3.07597
13055023	855	0.1	-0.1	2.9191
13055023	856	0.1	-0.1	2.82835
13055023	857	0.1	-0.1	-0.525102
13055023	858	0.1	-0.1	-3.896
13055023	859	0.1	-0.1	4.13673
13055023	860	0.1	-0.1	-5.92475
13055023	861	0.1	-0.1	2.09855
13055023	862	0.1	-0.1	-3.71688
13055023	863	0.1	-0.1	-4.63513
13055023	864	0.1	-0.1	-3.21708
13055023	865	0.1	-0.1	1.64757
13055023	866	0.1	-0.1	0.218723
13055023	867	0.1	-0.1	1.04383
13055023	868	0.1	-0.1	2.45012
13055023	869	0.1	-0.1	3.27698
13055023	870	0.1	-0.1	-4.19711
13055023	871	0.1	-0.1	-5.40843
13055023	872	0.1	-0.1	-2.3628
13055023	873	0.1	-0.1	4.04472
13055023	874	0.1	-0.1	1.60674
13055023	875	0.1	-0.1	2.2414
13055023	876	0.1	-0.1	-5.8692
13055023	877	0.1	-0.1	-2.0297
13055023	878	0.1	-0.1	-3.35926
13055023	879	0.1	-0.1	-5.50507
13055023	880	0.1	-0.1	-5.98257
13055023	881	0.1	-0.1	5.11843
13055023	882	0.1	-0.1	-1.60979
13055023	883	0.1	-0.1	-4.94653
13055023	884	0.1	-0.1	-1.97651
13055023	885	0.1	-0.1	-2.92909
13055023	886	0.1	-0.1	0.469884
13055023	887	0.1	-0.1	1.14795
13055023	888	0.1	-0.1	-0.45051
13055023	889	0.1	-0.1	-0.10306
13055023	890	0.1	-0.1	1.91254
13055023	891	0.1	-0.1	1.97203
13055023	892	0.1	-0.1	-3.19082
13055023	893	0.1	-0.1	1.66736
13055023	894	0.1	-0.1	-1.62016
13055023	895	0.1	-0.1	2.89172
13055023	896	0.1	-0.1	0.542975
13055023	897	0.1	-0.1	-0.00413242
13055023	898	0.1	-0.1	1.36454
13055023	899	0.1	-0.1	-2.70429
13055023	900	0.1	-0.1	-2.60955
13055023	901	0.1	-0.1	-5.29092
13055023	902	0.1	-0.1	-4.9399
13055023	903	0.1	-0.1	0.765101
13055023	904	0.1	-0.1	-3.94558
13055023	905	0.1	-0.1	-1.24569
13055023	906	0.1	-0.1	-5.76725
13055023	907	0.1	-0.1	2.0756
13055023	908	0.1	-0.1	-2.36309
13055023	909	0.1	-0.1	-2.74878
13055023	910	0.1	-0.1	-3.01046
13055023	911	0.1	-0.1	5.74907
13055023	912	0.1	-0.1	4.89379
13055023	913	0.1	-0.1	2.30811
13055023	914	0.1	-0.1	4.67984
13055023	915	0.1	-0.1	0.67136
13055023	916	0.1	-0.1	-0.0102198
13055023	917	0.1	-0.1	-2.03114
13055023	918	0.1	-0.1	-1.46012
13055023	919	0.1	-0.1	-1.72219
13055023	920	0.1	-0.1	2.92304
13055023	921	0.1	-0.1	1.40841
13055023	922	0.1	-0.1	-0.397352
13055023	923	0.1	-0.1	-3.70727
13055023	924	0.1	-0.1	-0.312921
13055023	925	0.1	-0.1	-1.0224
13055023	926	0.1	-0.1	-5.71578
13055023	927	0.1	-0.1	-4.04638
13055023	928	0.1	-0.1	-0.763078
13055023	929	0.1	-0.1	4.67821
13055023	930	0.1	-0.1	3.92425
13055023	931	0.1	-0.1	-2.38381
13055023	932	0.1	-0.1	5.19715
13055023	933	0.1	-0.1	-4.41383
13055023	934	0.1	-0.1	3.71133
13055023	935	0.1	-0.1	2.60939
13055023	936	0.1	-0.1	3.13984
13055023	937	0.1	-0.1	-4.79676
13055023	938	0.1	-0.1	-5.60786
13055023	939	0.1	-0.1	1.17657
13055023	940	0.1	-0.1	1.10406
13055023	941	0.1	-0.1	-2.3828
13055023	942	0.1	-0.1	-4.1196
13055023	943	0.1	-0.1	-2.63826
13055023	944	0.1	-0.1	3.28457
13055023	945	0.1	-0.1	2.14877
13055023	946	0.1	-0.1	-2.89932
13055023	947	0.1	-0.1	4.00468
13055023	948	0.1	-0.1	2.25344
13055023	949	0.1	-0.1	-3.5179
13055023	950	0.1	-0.1	-3.34453
13055023	951	0.1	-0.1	-1.94691
13055023	952	0.1	-0.1	3.15354
13055023	953	0.1	-0.1	-2.80484
13055023	954	0.1	-0.1	-0.574326
13055023	955	0.1	-0.1	0.690302
13055023	956	0.1	-0.1	5.41944
13055023	957	0.1	-0.1	-5.97388
13055023	958	0.1	-0.1	5.77635
13055023	959	0.1	-0.1	3.11331
13055023	960	0.1	-0.1	-1.85657
13055023	961	0.1	-0.1	1.80305
13055023	962	0.1	-0.1	4.19278
13055023	963	0.1	-0.1	-2.80404
13055023	964	0.1	-0.1	-3.80159
13055023	965	0.1	-0.1	-3.9303
13055023	966	0.1	-0.1	5.9336
13055023	967	0.1	-0.1	-4.85282
13055023	968	0.1	-0.1	5.62508
13055023	969	0.1	-0.1	2.49249
13055023	970	0.1	-0.1	-1.12051
13055023	971	0.1	-0.1	-2.99197
13055023	972	0.1	-0.1	-1.46077
13055023	973	0.1	-0.1	0.672658
13055023	974	0.1	-0.1	4.57342
13055023	975	0.1	-0.1	-5.25728
13055023	976	0.1	-0.1	4.6524
13055023	977	0.1	-0.1	4.91434
13055023	978	0.1	-0.1	-2.32169
13055023	979	0.1	-0.1	2.1899
13055023	980	0.1	-0.1	-5.65617
13055023	981	0.1	-0.1	-4.92748
13055023	982	0.1	-0.1	-1.31745
13055023	983	0.1	-0.1	2.74908
13055023	984	0.1	-0.1	-5.09298
13055023	985	0.1	-0.1	2.14321
13055023	986	0.1	-0.1	-5.95643
13055023	987	0.1	-0.1	-3.53652
13055023	988	0.1	-0.1	3.09431
13055023	989	0.1	-0.1	-4.14351
13055023	990	0.1	-0.1	3.8637
13055023	991	0.1	-0.1	-4.91993
13055023	992	0.1	-0.1	-4.30431
13055023	993	0.1	-0.1	-0.305243
13055023	994	0.1	-0.1	-5.00557
13055023	995	0.1	-0.1	-2.77467
13055023	996	0.1	-0.1	1.62515
13055023	997	0.1	-0.1	1.04283
13055023	998	0.1	-0.1	-1.89695
13055023	999	0.1	-0.1	4.22075
13055023	1000	0.1	-0.1	-5.40594
