13057055	1	0.1	-0.1	3.45315
13057055	2	0.1	-0.1	1.13017
13057055	3	0.1	-0.1	-5.15906
13057055	4	0.1	-0.1	-3.20427
13057055	5	0.1	-0.1	-5.10638
13057055	6	0.1	-0.1	1.59612
13057055	7	0.1	-0.1	4.70781
13057055	8	0.1	-0.1	-4.72482
13057055	9	0.1	-0.1	-1.3117
13057055	10	0.1	-0.1	2.76524
13057055	11	0.1	-0.1	-1.68547
13057055	12	0.1	-0.1	0.63932
13057055	13	0.1	-0.1	-3.7145
13057055	14	0.1	-0.1	-4.47825
13057055	15	0.1	-0.1	-5.33105
13057055	16	0.1	-0.1	1.82313
13057055	17	0.1	-0.1	-4.80289
13057055	18	0.1	-0.1	1.90667
13057055	19	0.1	-0.1	3.2447
13057055	20	0.1	-0.1	4.86264
13057055	21	0.1	-0.1	-0.570995
13057055	22	0.1	-0.1	-4.89956
13057055	23	0.1	-0.1	-5.71697
13057055	24	0.1	-0.1	-3.06446
13057055	25	0.1	-0.1	0.414007
13057055	26	0.1	-0.1	-0.649258
13057055	27	0.1	-0.1	2.37096
13057055	28	0.1	-0.1	2.64007
13057055	29	0.1	-0.1	0.831177
13057055	30	0.1	-0.1	1.9073
13057055	31	0.1	-0.1	4.86998
13057055	32	0.1	-0.1	3.13115
13057055	33	0.1	-0.1	-4.43862
13057055	34	0.1	-0.1	3.39988
13057055	35	0.1	-0.1	-5.75081
13057055	36	0.1	-0.1	-2.33255
13057055	37	0.1	-0.1	0.64278
13057055	38	0.1	-0.1	-1.5341
13057055	39	0.1	-0.1	-2.52021
13057055	40	0.1	-0.1	0.963145
13057055	41	0.1	-0.1	5.87051
13057055	42	0.1	-0.1	-5.54128
13057055	43	0.1	-0.1	3.60989
13057055	44	0.1	-0.1	-5.91574
13057055	45	0.1	-0.1	-0.031498
13057055	46	0.1	-0.1	-0.252035
13057055	47	0.1	-0.1	-1.16284
13057055	48	0.1	-0.1	-4.04384
13057055	49	0.1	-0.1	-2.7878
13057055	50	0.1	-0.1	2.88087
13057055	51	0.1	-0.1	-3.87473
13057055	52	0.1	-0.1	-2.24051
13057055	53	0.1	-0.1	3.78727
13057055	54	0.1	-0.1	4.21069
13057055	55	0.1	-0.1	1.9608
13057055	56	0.1	-0.1	1.50591
13057055	57	0.1	-0.1	-3.05357
13057055	58	0.1	-0.1	-5.49743
13057055	59	0.1	-0.1	-5.10253
13057055	60	0.1	-0.1	-3.46181
13057055	61	0.1	-0.1	-3.77734
13057055	62	0.1	-0.1	5.1387
13057055	63	0.1	-0.1	-2.74672
13057055	64	0.1	-0.1	0.262103
13057055	65	0.1	-0.1	4.4471
13057055	66	0.1	-0.1	-0.876149
13057055	67	0.1	-0.1	3.98656
13057055	68	0.1	-0.1	1.41289
13057055	69	0.1	-0.1	0.37392
13057055	70	0.1	-0.1	-3.22712
13057055	71	0.1	-0.1	-3.6039
13057055	72	0.1	-0.1	2.97381
13057055	73	0.1	-0.1	1.78522
13057055	74	0.1	-0.1	3.91721
13057055	75	0.1	-0.1	0.91048
13057055	76	0.1	-0.1	-2.09419
13057055	77	0.1	-0.1	3.76468
13057055	78	0.1	-0.1	3.29749
13057055	79	0.1	-0.1	-4.52818
13057055	80	0.1	-0.1	3.35728
13057055	81	0.1	-0.1	-1.16393
13057055	82	0.1	-0.1	-2.97063
13057055	83	0.1	-0.1	5.24236
13057055	84	0.1	-0.1	2.33635
13057055	85	0.1	-0.1	-0.518088
13057055	86	0.1	-0.1	-5.43793
13057055	87	0.1	-0.1	-2.22871
13057055	88	0.1	-0.1	3.39876
13057055	89	0.1	-0.1	0.702643
13057055	90	0.1	-0.1	-3.30129
13057055	91	0.1	-0.1	-3.96315
13057055	92	0.1	-0.1	-2.77331
13057055	93	0.1	-0.1	3.20738
13057055	94	0.1	-0.1	-5.77666
13057055	95	0.1	-0.1	-1.80348
13057055	96	0.1	-0.1	-4.97784
13057055	97	0.1	-0.1	-0.678102
13057055	98	0.1	-0.1	-5.33584
13057055	99	0.1	-0.1	-4.80701
13057055	100	0.1	-0.1	-1.4357
13057055	101	0.1	-0.1	-3.60537
13057055	102	0.1	-0.1	4.06529
13057055	103	0.1	-0.1	-4.85145
13057055	104	0.1	-0.1	2.65255
13057055	105	0.1	-0.1	-1.20386
13057055	106	0.1	-0.1	3.99734
13057055	107	0.1	-0.1	5.06758
13057055	108	0.1	-0.1	-4.80096
13057055	109	0.1	-0.1	2.05633
13057055	110	0.1	-0.1	3.57245
13057055	111	0.1	-0.1	4.39325
13057055	112	0.1	-0.1	2.88057
13057055	113	0.1	-0.1	0.822908
13057055	114	0.1	-0.1	0.087973
13057055	115	0.1	-0.1	-0.108219
13057055	116	0.1	-0.1	-5.39626
13057055	117	0.1	-0.1	3.68381
13057055	118	0.1	-0.1	0.734089
13057055	119	0.1	-0.1	-4.62067
13057055	120	0.1	-0.1	-1.98752
13057055	121	0.1	-0.1	-1.27177
13057055	122	0.1	-0.1	5.51498
13057055	123	0.1	-0.1	-5.02616
13057055	124	0.1	-0.1	2.31722
13057055	125	0.1	-0.1	-2.1305
13057055	126	0.1	-0.1	5.10872
13057055	127	0.1	-0.1	4.23205
13057055	128	0.1	-0.1	-2.97854
13057055	129	0.1	-0.1	-4.92028
13057055	130	0.1	-0.1	-5.32653
13057055	131	0.1	-0.1	5.85879
13057055	132	0.1	-0.1	-4.26405
13057055	133	0.1	-0.1	-4.92419
13057055	134	0.1	-0.1	0.809759
13057055	135	0.1	-0.1	0.00550127
13057055	136	0.1	-0.1	-3.63743
13057055	137	0.1	-0.1	4.975
13057055	138	0.1	-0.1	5.02503
13057055	139	0.1	-0.1	-0.705084
13057055	140	0.1	-0.1	0.12099
13057055	141	0.1	-0.1	5.48577
13057055	142	0.1	-0.1	-1.93095
13057055	143	0.1	-0.1	5.65272
13057055	144	0.1	-0.1	0.468549
13057055	145	0.1	-0.1	3.56324
13057055	146	0.1	-0.1	-5.87439
13057055	147	0.1	-0.1	2.25646
13057055	148	0.1	-0.1	2.48343
13057055	149	0.1	-0.1	1.83745
13057055	150	0.1	-0.1	3.68213
13057055	151	0.1	-0.1	-2.35172
13057055	152	0.1	-0.1	-2.73311
13057055	153	0.1	-0.1	0.674322
13057055	154	0.1	-0.1	1.19521
13057055	155	0.1	-0.1	1.05796
13057055	156	0.1	-0.1	0.465238
13057055	157	0.1	-0.1	-3.07936
13057055	158	0.1	-0.1	2.26666
13057055	159	0.1	-0.1	-5.14304
13057055	160	0.1	-0.1	-2.28299
13057055	161	0.1	-0.1	-3.0685
13057055	162	0.1	-0.1	-1.62491
13057055	163	0.1	-0.1	1.95418
13057055	164	0.1	-0.1	-2.35204
13057055	165	0.1	-0.1	-2.04333
13057055	166	0.1	-0.1	-2.313
13057055	167	0.1	-0.1	5.12857
13057055	168	0.1	-0.1	-3.43707
13057055	169	0.1	-0.1	3.08019
13057055	170	0.1	-0.1	-4.91757
13057055	171	0.1	-0.1	2.03058
13057055	172	0.1	-0.1	2.53767
13057055	173	0.1	-0.1	-3.83839
13057055	174	0.1	-0.1	1.78786
13057055	175	0.1	-0.1	1.37881
13057055	176	0.1	-0.1	-3.54767
13057055	177	0.1	-0.1	-5.35778
13057055	178	0.1	-0.1	5.91699
13057055	179	0.1	-0.1	1.61419
13057055	180	0.1	-0.1	0.88935
13057055	181	0.1	-0.1	-3.38072
13057055	182	0.1	-0.1	1.27926
13057055	183	0.1	-0.1	-3.16847
13057055	184	0.1	-0.1	0.848647
13057055	185	0.1	-0.1	-4.81872
13057055	186	0.1	-0.1	-5.15994
13057055	187	0.1	-0.1	1.24364
13057055	188	0.1	-0.1	-3.59998
13057055	189	0.1	-0.1	4.71204
13057055	190	0.1	-0.1	-3.87486
13057055	191	0.1	-0.1	0.912641
13057055	192	0.1	-0.1	-1.16844
13057055	193	0.1	-0.1	3.77223
13057055	194	0.1	-0.1	-5.32356
13057055	195	0.1	-0.1	-0.146029
13057055	196	0.1	-0.1	-0.916253
13057055	197	0.1	-0.1	5.34254
13057055	198	0.1	-0.1	0.607946
13057055	199	0.1	-0.1	-3.76798
13057055	200	0.1	-0.1	3.40264
13057055	201	0.1	-0.1	3.40135
13057055	202	0.1	-0.1	-4.05943
13057055	203	0.1	-0.1	1.14997
13057055	204	0.1	-0.1	-2.40431
13057055	205	0.1	-0.1	0.723509
13057055	206	0.1	-0.1	1.8279
13057055	207	0.1	-0.1	-5.92202
13057055	208	0.1	-0.1	-3.15812
13057055	209	0.1	-0.1	-5.83441
13057055	210	0.1	-0.1	5.91453
13057055	211	0.1	-0.1	5.0113
13057055	212	0.1	-0.1	2.10929
13057055	213	0.1	-0.1	-0.738837
13057055	214	0.1	-0.1	4.34633
13057055	215	0.1	-0.1	-5.41844
13057055	216	0.1	-0.1	-3.29466
13057055	217	0.1	-0.1	5.37832
13057055	218	0.1	-0.1	0.407003
13057055	219	0.1	-0.1	4.88914
13057055	220	0.1	-0.1	-5.01383
13057055	221	0.1	-0.1	-5.11061
13057055	222	0.1	-0.1	1.82662
13057055	223	0.1	-0.1	-2.86182
13057055	224	0.1	-0.1	2.16969
13057055	225	0.1	-0.1	-2.12817
13057055	226	0.1	-0.1	2.14786
13057055	227	0.1	-0.1	2.91312
13057055	228	0.1	-0.1	0.64429
13057055	229	0.1	-0.1	1.2604
13057055	230	0.1	-0.1	5.07849
13057055	231	0.1	-0.1	-1.47133
13057055	232	0.1	-0.1	-1.91897
13057055	233	0.1	-0.1	-4.33276
13057055	234	0.1	-0.1	-3.3983
13057055	235	0.1	-0.1	2.08005
13057055	236	0.1	-0.1	-0.295851
13057055	237	0.1	-0.1	1.19339
13057055	238	0.1	-0.1	-1.6739
13057055	239	0.1	-0.1	-1.52664
13057055	240	0.1	-0.1	-5.51163
13057055	241	0.1	-0.1	-0.689666
13057055	242	0.1	-0.1	-3.87777
13057055	243	0.1	-0.1	4.09601
13057055	244	0.1	-0.1	-0.630479
13057055	245	0.1	-0.1	-5.43521
13057055	246	0.1	-0.1	3.66445
13057055	247	0.1	-0.1	-5.785
13057055	248	0.1	-0.1	-2.42492
13057055	249	0.1	-0.1	1.95615
13057055	250	0.1	-0.1	4.38771
13057055	251	0.1	-0.1	5.52666
13057055	252	0.1	-0.1	-4.93516
13057055	253	0.1	-0.1	0.884469
13057055	254	0.1	-0.1	0.861648
13057055	255	0.1	-0.1	-5.79409
13057055	256	0.1	-0.1	-0.178717
13057055	257	0.1	-0.1	-2.57584
13057055	258	0.1	-0.1	-2.25664
13057055	259	0.1	-0.1	4.91857
13057055	260	0.1	-0.1	0.101852
13057055	261	0.1	-0.1	-2.59692
13057055	262	0.1	-0.1	-0.540877
13057055	263	0.1	-0.1	5.75547
13057055	264	0.1	-0.1	-0.620202
13057055	265	0.1	-0.1	-1.92022
13057055	266	0.1	-0.1	-5.29098
13057055	267	0.1	-0.1	-4.71252
13057055	268	0.1	-0.1	-4.11771
13057055	269	0.1	-0.1	-3.36927
13057055	270	0.1	-0.1	3.57463
13057055	271	0.1	-0.1	5.0741
13057055	272	0.1	-0.1	4.69883
13057055	273	0.1	-0.1	-4.09519
13057055	274	0.1	-0.1	-2.30547
13057055	275	0.1	-0.1	-2.86592
13057055	276	0.1	-0.1	4.77477
13057055	277	0.1	-0.1	-2.74104
13057055	278	0.1	-0.1	2.986
13057055	279	0.1	-0.1	0.510052
13057055	280	0.1	-0.1	2.73585
13057055	281	0.1	-0.1	-2.04139
13057055	282	0.1	-0.1	4.18037
13057055	283	0.1	-0.1	3.42545
13057055	284	0.1	-0.1	-1.93251
13057055	285	0.1	-0.1	-0.0317658
13057055	286	0.1	-0.1	0.646215
13057055	287	0.1	-0.1	0.486225
13057055	288	0.1	-0.1	-5.26348
13057055	289	0.1	-0.1	0.17273
13057055	290	0.1	-0.1	-5.19846
13057055	291	0.1	-0.1	-5.5357
13057055	292	0.1	-0.1	3.99562
13057055	293	0.1	-0.1	-2.3625
13057055	294	0.1	-0.1	-2.99513
13057055	295	0.1	-0.1	2.86469
13057055	296	0.1	-0.1	-4.499
13057055	297	0.1	-0.1	2.94977
13057055	298	0.1	-0.1	-4.79309
13057055	299	0.1	-0.1	-2.8405
13057055	300	0.1	-0.1	4.98211
13057055	301	0.1	-0.1	3.88266
13057055	302	0.1	-0.1	-3.78944
13057055	303	0.1	-0.1	1.89355
13057055	304	0.1	-0.1	5.61983
13057055	305	0.1	-0.1	5.56167
13057055	306	0.1	-0.1	0.477122
13057055	307	0.1	-0.1	4.51903
13057055	308	0.1	-0.1	-3.30085
13057055	309	0.1	-0.1	-2.18643
13057055	310	0.1	-0.1	4.73365
13057055	311	0.1	-0.1	-4.43155
13057055	312	0.1	-0.1	4.97557
13057055	313	0.1	-0.1	5.26907
13057055	314	0.1	-0.1	0.907944
13057055	315	0.1	-0.1	-4.08237
13057055	316	0.1	-0.1	3.93807
13057055	317	0.1	-0.1	-2.11862
13057055	318	0.1	-0.1	-2.04115
13057055	319	0.1	-0.1	-1.613
13057055	320	0.1	-0.1	-4.19266
13057055	321	0.1	-0.1	5.08787
13057055	322	0.1	-0.1	2.59595
13057055	323	0.1	-0.1	-2.77452
13057055	324	0.1	-0.1	-4.9034
13057055	325	0.1	-0.1	3.10109
13057055	326	0.1	-0.1	-1.43435
13057055	327	0.1	-0.1	1.52379
13057055	328	0.1	-0.1	0.787924
13057055	329	0.1	-0.1	-4.37037
13057055	330	0.1	-0.1	2.57232
13057055	331	0.1	-0.1	-5.71273
13057055	332	0.1	-0.1	1.30387
13057055	333	0.1	-0.1	-3.53723
13057055	334	0.1	-0.1	0.168511
13057055	335	0.1	-0.1	-1.96355
13057055	336	0.1	-0.1	-0.222052
13057055	337	0.1	-0.1	3.30428
13057055	338	0.1	-0.1	0.591572
13057055	339	0.1	-0.1	0.512943
13057055	340	0.1	-0.1	4.89471
13057055	341	0.1	-0.1	-5.47247
13057055	342	0.1	-0.1	1.36073
13057055	343	0.1	-0.1	-5.57537
13057055	344	0.1	-0.1	-3.05704
13057055	345	0.1	-0.1	-4.17177
13057055	346	0.1	-0.1	5.92314
13057055	347	0.1	-0.1	-2.38105
13057055	348	0.1	-0.1	-3.86342
13057055	349	0.1	-0.1	0.372873
13057055	350	0.1	-0.1	-5.29203
13057055	351	0.1	-0.1	4.91473
13057055	352	0.1	-0.1	0.747656
13057055	353	0.1	-0.1	2.6273
13057055	354	0.1	-0.1	-4.21484
13057055	355	0.1	-0.1	-4.15811
13057055	356	0.1	-0.1	-2.52568
13057055	357	0.1	-0.1	4.7811
13057055	358	0.1	-0.1	-5.05809
13057055	359	0.1	-0.1	-1.07339
13057055	360	0.1	-0.1	4.92342
13057055	361	0.1	-0.1	-0.858964
13057055	362	0.1	-0.1	1.5341
13057055	363	0.1	-0.1	-0.732587
13057055	364	0.1	-0.1	5.19143
13057055	365	0.1	-0.1	-0.0810689
13057055	366	0.1	-0.1	-4.04854
13057055	367	0.1	-0.1	5.2149
13057055	368	0.1	-0.1	-2.29599
13057055	369	0.1	-0.1	2.65998
13057055	370	0.1	-0.1	-0.914406
13057055	371	0.1	-0.1	2.58344
13057055	372	0.1	-0.1	-2.62841
13057055	373	0.1	-0.1	3.19341
13057055	374	0.1	-0.1	-3.63251
13057055	375	0.1	-0.1	-5.77418
13057055	376	0.1	-0.1	1.78971
13057055	377	0.1	-0.1	0.872847
13057055	378	0.1	-0.1	-4.70372
13057055	379	0.1	-0.1	-3.85734
13057055	380	0.1	-0.1	-1.21604
13057055	381	0.1	-0.1	-4.55993
13057055	382	0.1	-0.1	0.257881
13057055	383	0.1	-0.1	1.10386
13057055	384	0.1	-0.1	-0.941391
13057055	385	0.1	-0.1	5.4793
13057055	386	0.1	-0.1	-3.11775
13057055	387	0.1	-0.1	2.851
13057055	388	0.1	-0.1	-2.20692
13057055	389	0.1	-0.1	-3.17388
13057055	390	0.1	-0.1	1.4343
13057055	391	0.1	-0.1	2.9302
13057055	392	0.1	-0.1	4.52203
13057055	393	0.1	-0.1	4.81871
13057055	394	0.1	-0.1	4.30741
13057055	395	0.1	-0.1	-5.87382
13057055	396	0.1	-0.1	-4.43289
13057055	397	0.1	-0.1	-0.891486
13057055	398	0.1	-0.1	1.35331
13057055	399	0.1	-0.1	-4.86394
13057055	400	0.1	-0.1	5.4269
13057055	401	0.1	-0.1	-5.55032
13057055	402	0.1	-0.1	3.24186
13057055	403	0.1	-0.1	2.66167
13057055	404	0.1	-0.1	-2.76526
13057055	405	0.1	-0.1	2.29559
13057055	406	0.1	-0.1	4.80393
13057055	407	0.1	-0.1	-3.31862
13057055	408	0.1	-0.1	5.1303
13057055	409	0.1	-0.1	1.73892
13057055	410	0.1	-0.1	-1.20015
13057055	411	0.1	-0.1	5.44988
13057055	412	0.1	-0.1	2.00501
13057055	413	0.1	-0.1	1.009
13057055	414	0.1	-0.1	1.60853
13057055	415	0.1	-0.1	-1.29817
13057055	416	0.1	-0.1	3.75033
13057055	417	0.1	-0.1	1.46593
13057055	418	0.1	-0.1	1.86689
13057055	419	0.1	-0.1	4.89818
13057055	420	0.1	-0.1	1.70175
13057055	421	0.1	-0.1	4.51662
13057055	422	0.1	-0.1	-3.94727
13057055	423	0.1	-0.1	-3.66097
13057055	424	0.1	-0.1	0.782028
13057055	425	0.1	-0.1	-5.84378
13057055	426	0.1	-0.1	-5.24558
13057055	427	0.1	-0.1	-4.01394
13057055	428	0.1	-0.1	-2.59255
13057055	429	0.1	-0.1	0.404985
13057055	430	0.1	-0.1	-1.71138
13057055	431	0.1	-0.1	-0.136092
13057055	432	0.1	-0.1	-2.97833
13057055	433	0.1	-0.1	0.658091
13057055	434	0.1	-0.1	2.79838
13057055	435	0.1	-0.1	-0.129841
13057055	436	0.1	-0.1	0.434279
13057055	437	0.1	-0.1	1.82227
13057055	438	0.1	-0.1	-5.82106
13057055	439	0.1	-0.1	2.53622
13057055	440	0.1	-0.1	4.34339
13057055	441	0.1	-0.1	5.46838
13057055	442	0.1	-0.1	-3.73064
13057055	443	0.1	-0.1	-5.61051
13057055	444	0.1	-0.1	1.92265
13057055	445	0.1	-0.1	4.75345
13057055	446	0.1	-0.1	-4.03704
13057055	447	0.1	-0.1	-2.40085
13057055	448	0.1	-0.1	-3.99651
13057055	449	0.1	-0.1	-2.89601
13057055	450	0.1	-0.1	-1.84998
13057055	451	0.1	-0.1	-2.06421
13057055	452	0.1	-0.1	-3.9555
13057055	453	0.1	-0.1	-4.18334
13057055	454	0.1	-0.1	0.466785
13057055	455	0.1	-0.1	-5.25376
13057055	456	0.1	-0.1	3.31415
13057055	457	0.1	-0.1	2.92678
13057055	458	0.1	-0.1	5.44057
13057055	459	0.1	-0.1	0.913783
13057055	460	0.1	-0.1	-0.607296
13057055	461	0.1	-0.1	5.97426
13057055	462	0.1	-0.1	3.25598
13057055	463	0.1	-0.1	-1.57769
13057055	464	0.1	-0.1	3.95005
13057055	465	0.1	-0.1	2.33113
13057055	466	0.1	-0.1	3.37537
13057055	467	0.1	-0.1	-5.33046
13057055	468	0.1	-0.1	-2.95051
13057055	469	0.1	-0.1	-1.47425
13057055	470	0.1	-0.1	1.52478
13057055	471	0.1	-0.1	-1.84889
13057055	472	0.1	-0.1	-0.658494
13057055	473	0.1	-0.1	-2.91441
13057055	474	0.1	-0.1	2.43078
13057055	475	0.1	-0.1	1.49276
13057055	476	0.1	-0.1	-2.50441
13057055	477	0.1	-0.1	2.40133
13057055	478	0.1	-0.1	-0.537434
13057055	479	0.1	-0.1	2.17491
13057055	480	0.1	-0.1	5.19381
13057055	481	0.1	-0.1	-1.26654
13057055	482	0.1	-0.1	1.28728
13057055	483	0.1	-0.1	5.33372
13057055	484	0.1	-0.1	0.181045
13057055	485	0.1	-0.1	-2.21578
13057055	486	0.1	-0.1	-4.07622
13057055	487	0.1	-0.1	2.32982
13057055	488	0.1	-0.1	1.05709
13057055	489	0.1	-0.1	-1.47536
13057055	490	0.1	-0.1	-4.05151
13057055	491	0.1	-0.1	5.26721
13057055	492	0.1	-0.1	0.992608
13057055	493	0.1	-0.1	4.13481
13057055	494	0.1	-0.1	-1.86462
13057055	495	0.1	-0.1	0.552252
13057055	496	0.1	-0.1	1.85226
13057055	497	0.1	-0.1	-3.41174
13057055	498	0.1	-0.1	-4.55268
13057055	499	0.1	-0.1	1.80715
13057055	500	0.1	-0.1	-0.665188
13057055	501	0.1	-0.1	-4.47168
13057055	502	0.1	-0.1	-2.81082
13057055	503	0.1	-0.1	-3.70159
13057055	504	0.1	-0.1	-0.658302
13057055	505	0.1	-0.1	1.66911
13057055	506	0.1	-0.1	-2.92494
13057055	507	0.1	-0.1	-5.4253
13057055	508	0.1	-0.1	-0.86412
13057055	509	0.1	-0.1	0.0333141
13057055	510	0.1	-0.1	-0.626091
13057055	511	0.1	-0.1	2.34358
13057055	512	0.1	-0.1	3.46867
13057055	513	0.1	-0.1	-3.26299
13057055	514	0.1	-0.1	-1.73018
13057055	515	0.1	-0.1	0.458114
13057055	516	0.1	-0.1	0.452145
13057055	517	0.1	-0.1	-2.66076
13057055	518	0.1	-0.1	5.04566
13057055	519	0.1	-0.1	2.77557
13057055	520	0.1	-0.1	0.399692
13057055	521	0.1	-0.1	3.61683
13057055	522	0.1	-0.1	0.623048
13057055	523	0.1	-0.1	-3.17486
13057055	524	0.1	-0.1	5.88285
13057055	525	0.1	-0.1	-3.21466
13057055	526	0.1	-0.1	0.0351631
13057055	527	0.1	-0.1	-2.97188
13057055	528	0.1	-0.1	-3.71069
13057055	529	0.1	-0.1	1.49532
13057055	530	0.1	-0.1	2.09767
13057055	531	0.1	-0.1	0.0268793
13057055	532	0.1	-0.1	3.36043
13057055	533	0.1	-0.1	5.34946
13057055	534	0.1	-0.1	0.934143
13057055	535	0.1	-0.1	-0.226196
13057055	536	0.1	-0.1	-4.87757
13057055	537	0.1	-0.1	-1.5173
13057055	538	0.1	-0.1	-3.44582
13057055	539	0.1	-0.1	-3.21019
13057055	540	0.1	-0.1	-2.44109
13057055	541	0.1	-0.1	2.21767
13057055	542	0.1	-0.1	-4.38916
13057055	543	0.1	-0.1	1.05312
13057055	544	0.1	-0.1	2.80525
13057055	545	0.1	-0.1	-0.051333
13057055	546	0.1	-0.1	-2.67117
13057055	547	0.1	-0.1	-5.3687
13057055	548	0.1	-0.1	1.62672
13057055	549	0.1	-0.1	-1.90078
13057055	550	0.1	-0.1	5.0149
13057055	551	0.1	-0.1	2.98946
13057055	552	0.1	-0.1	-5.62753
13057055	553	0.1	-0.1	4.71534
13057055	554	0.1	-0.1	-5.01482
13057055	555	0.1	-0.1	5.36743
13057055	556	0.1	-0.1	1.52507
13057055	557	0.1	-0.1	-4.66756
13057055	558	0.1	-0.1	-1.642
13057055	559	0.1	-0.1	5.8243
13057055	560	0.1	-0.1	4.6335
13057055	561	0.1	-0.1	-2.93465
13057055	562	0.1	-0.1	-1.31289
13057055	563	0.1	-0.1	3.34404
13057055	564	0.1	-0.1	0.798395
13057055	565	0.1	-0.1	-5.60262
13057055	566	0.1	-0.1	2.45275
13057055	567	0.1	-0.1	5.06565
13057055	568	0.1	-0.1	-1.69722
13057055	569	0.1	-0.1	-3.47801
13057055	570	0.1	-0.1	3.0095
13057055	571	0.1	-0.1	-5.47372
13057055	572	0.1	-0.1	5.28614
13057055	573	0.1	-0.1	-0.633521
13057055	574	0.1	-0.1	-4.79541
13057055	575	0.1	-0.1	1.78513
13057055	576	0.1	-0.1	0.129531
13057055	577	0.1	-0.1	0.616767
13057055	578	0.1	-0.1	-4.52714
13057055	579	0.1	-0.1	0.920174
13057055	580	0.1	-0.1	-5.34733
13057055	581	0.1	-0.1	4.07299
13057055	582	0.1	-0.1	-0.150267
13057055	583	0.1	-0.1	-3.07135
13057055	584	0.1	-0.1	2.82038
13057055	585	0.1	-0.1	-3.97736
13057055	586	0.1	-0.1	-2.19265
13057055	587	0.1	-0.1	-3.36858
13057055	588	0.1	-0.1	-1.52835
13057055	589	0.1	-0.1	5.17263
13057055	590	0.1	-0.1	-4.58788
13057055	591	0.1	-0.1	2.95696
13057055	592	0.1	-0.1	4.59787
13057055	593	0.1	-0.1	-4.50331
13057055	594	0.1	-0.1	-0.314489
13057055	595	0.1	-0.1	-0.911442
13057055	596	0.1	-0.1	-1.95188
13057055	597	0.1	-0.1	-3.28583
13057055	598	0.1	-0.1	2.76768
13057055	599	0.1	-0.1	-0.275646
13057055	600	0.1	-0.1	5.20753
13057055	601	0.1	-0.1	-1.76397
13057055	602	0.1	-0.1	-2.76199
13057055	603	0.1	-0.1	-3.45512
13057055	604	0.1	-0.1	0.350743
13057055	605	0.1	-0.1	-5.90269
13057055	606	0.1	-0.1	-3.28827
13057055	607	0.1	-0.1	-5.98825
13057055	608	0.1	-0.1	-4.67338
13057055	609	0.1	-0.1	5.30296
13057055	610	0.1	-0.1	3.19743
13057055	611	0.1	-0.1	-0.571774
13057055	612	0.1	-0.1	-3.22643
13057055	613	0.1	-0.1	-2.95437
13057055	614	0.1	-0.1	1.77071
13057055	615	0.1	-0.1	0.500285
13057055	616	0.1	-0.1	0.147465
13057055	617	0.1	-0.1	4.91497
13057055	618	0.1	-0.1	5.07911
13057055	619	0.1	-0.1	3.23159
13057055	620	0.1	-0.1	-5.36924
13057055	621	0.1	-0.1	-5.18274
13057055	622	0.1	-0.1	-2.76073
13057055	623	0.1	-0.1	0.959602
13057055	624	0.1	-0.1	2.97454
13057055	625	0.1	-0.1	1.3848
13057055	626	0.1	-0.1	3.6861
13057055	627	0.1	-0.1	5.63895
13057055	628	0.1	-0.1	0.725263
13057055	629	0.1	-0.1	3.53168
13057055	630	0.1	-0.1	1.44684
13057055	631	0.1	-0.1	3.9381
13057055	632	0.1	-0.1	-4.58106
13057055	633	0.1	-0.1	-0.766918
13057055	634	0.1	-0.1	-2.32472
13057055	635	0.1	-0.1	1.63807
13057055	636	0.1	-0.1	1.31157
13057055	637	0.1	-0.1	-1.69178
13057055	638	0.1	-0.1	0.485497
13057055	639	0.1	-0.1	-4.25702
13057055	640	0.1	-0.1	-0.690341
13057055	641	0.1	-0.1	-0.156837
13057055	642	0.1	-0.1	0.00156016
13057055	643	0.1	-0.1	0.73478
13057055	644	0.1	-0.1	0.344953
13057055	645	0.1	-0.1	-2.99539
13057055	646	0.1	-0.1	-3.84279
13057055	647	0.1	-0.1	-4.76315
13057055	648	0.1	-0.1	5.8349
13057055	649	0.1	-0.1	-0.97377
13057055	650	0.1	-0.1	2.42493
13057055	651	0.1	-0.1	-5.19416
13057055	652	0.1	-0.1	-3.7343
13057055	653	0.1	-0.1	-2.28735
13057055	654	0.1	-0.1	-5.79083
13057055	655	0.1	-0.1	5.81574
13057055	656	0.1	-0.1	5.04368
13057055	657	0.1	-0.1	3.01769
13057055	658	0.1	-0.1	-3.47761
13057055	659	0.1	-0.1	5.53708
13057055	660	0.1	-0.1	1.45881
13057055	661	0.1	-0.1	4.24558
13057055	662	0.1	-0.1	-2.31806
13057055	663	0.1	-0.1	3.96407
13057055	664	0.1	-0.1	4.41511
13057055	665	0.1	-0.1	-4.29647
13057055	666	0.1	-0.1	-2.77222
13057055	667	0.1	-0.1	-4.3942
13057055	668	0.1	-0.1	-5.18412
13057055	669	0.1	-0.1	2.9549
13057055	670	0.1	-0.1	-4.47369
13057055	671	0.1	-0.1	5.95765
13057055	672	0.1	-0.1	2.37287
13057055	673	0.1	-0.1	0.0238453
13057055	674	0.1	-0.1	-1.45082
13057055	675	0.1	-0.1	-4.46236
13057055	676	0.1	-0.1	-5.75412
13057055	677	0.1	-0.1	-2.15893
13057055	678	0.1	-0.1	2.50838
13057055	679	0.1	-0.1	-5.45966
13057055	680	0.1	-0.1	-0.969014
13057055	681	0.1	-0.1	-1.54402
13057055	682	0.1	-0.1	4.29226
13057055	683	0.1	-0.1	4.04458
13057055	684	0.1	-0.1	-4.44078
13057055	685	0.1	-0.1	-0.0893117
13057055	686	0.1	-0.1	-5.16555
13057055	687	0.1	-0.1	2.75415
13057055	688	0.1	-0.1	-1.68826
13057055	689	0.1	-0.1	-3.78379
13057055	690	0.1	-0.1	5.80898
13057055	691	0.1	-0.1	2.44957
13057055	692	0.1	-0.1	4.5835
13057055	693	0.1	-0.1	2.09732
13057055	694	0.1	-0.1	3.73343
13057055	695	0.1	-0.1	-4.80465
13057055	696	0.1	-0.1	-5.46666
13057055	697	0.1	-0.1	-0.522361
13057055	698	0.1	-0.1	-1.31592
13057055	699	0.1	-0.1	-1.63617
13057055	700	0.1	-0.1	4.53833
13057055	701	0.1	-0.1	4.61854
13057055	702	0.1	-0.1	-3.25827
13057055	703	0.1	-0.1	5.34176
13057055	704	0.1	-0.1	-0.216503
13057055	705	0.1	-0.1	0.385332
13057055	706	0.1	-0.1	-3.0788
13057055	707	0.1	-0.1	0.597964
13057055	708	0.1	-0.1	0.536797
13057055	709	0.1	-0.1	-4.98897
13057055	710	0.1	-0.1	1.58706
13057055	711	0.1	-0.1	3.04376
13057055	712	0.1	-0.1	-2.89144
13057055	713	0.1	-0.1	-1.91484
13057055	714	0.1	-0.1	5.06757
13057055	715	0.1	-0.1	5.37681
13057055	716	0.1	-0.1	-5.9408
13057055	717	0.1	-0.1	0.674896
13057055	718	0.1	-0.1	-5.31188
13057055	719	0.1	-0.1	-4.58973
13057055	720	0.1	-0.1	3.86026
13057055	721	0.1	-0.1	-2.16117
13057055	722	0.1	-0.1	4.70148
13057055	723	0.1	-0.1	2.63426
13057055	724	0.1	-0.1	0.298334
13057055	725	0.1	-0.1	-0.0323906
13057055	726	0.1	-0.1	3.04658
13057055	727	0.1	-0.1	2.7662
13057055	728	0.1	-0.1	3.52268
13057055	729	0.1	-0.1	3.12717
13057055	730	0.1	-0.1	5.45567
13057055	731	0.1	-0.1	-1.79385
13057055	732	0.1	-0.1	-1.17962
13057055	733	0.1	-0.1	-3.70636
13057055	734	0.1	-0.1	-2.02891
13057055	735	0.1	-0.1	2.32436
13057055	736	0.1	-0.1	-4.8382
13057055	737	0.1	-0.1	4.76206
13057055	738	0.1	-0.1	2.13803
13057055	739	0.1	-0.1	-4.43757
13057055	740	0.1	-0.1	4.6248
13057055	741	0.1	-0.1	-0.446834
13057055	742	0.1	-0.1	-1.77509
13057055	743	0.1	-0.1	-5.26551
13057055	744	0.1	-0.1	4.3383
13057055	745	0.1	-0.1	3.29098
13057055	746	0.1	-0.1	-1.43886
13057055	747	0.1	-0.1	5.47269
13057055	748	0.1	-0.1	0.375492
13057055	749	0.1	-0.1	3.01499
13057055	750	0.1	-0.1	1.76614
13057055	751	0.1	-0.1	-1.79083
13057055	752	0.1	-0.1	4.42386
13057055	753	0.1	-0.1	-0.988082
13057055	754	0.1	-0.1	0.806253
13057055	755	0.1	-0.1	-4.87554
13057055	756	0.1	-0.1	2.10025
13057055	757	0.1	-0.1	-0.932434
13057055	758	0.1	-0.1	4.24444
13057055	759	0.1	-0.1	0.671086
13057055	760	0.1	-0.1	-2.51207
13057055	761	0.1	-0.1	1.21948
13057055	762	0.1	-0.1	2.56969
13057055	763	0.1	-0.1	2.82427
13057055	764	0.1	-0.1	-4.29474
13057055	765	0.1	-0.1	-1.34457
13057055	766	0.1	-0.1	4.26902
13057055	767	0.1	-0.1	5.15934
13057055	768	0.1	-0.1	4.65639
13057055	769	0.1	-0.1	-1.97912
13057055	770	0.1	-0.1	-0.31274
13057055	771	0.1	-0.1	2.03139
13057055	772	0.1	-0.1	-5.31233
13057055	773	0.1	-0.1	4.80347
13057055	774	0.1	-0.1	-1.89188
13057055	775	0.1	-0.1	4.5793
13057055	776	0.1	-0.1	-5.08724
13057055	777	0.1	-0.1	4.63434
13057055	778	0.1	-0.1	5.80109
13057055	779	0.1	-0.1	5.89081
13057055	780	0.1	-0.1	-4.3726
13057055	781	0.1	-0.1	5.62139
13057055	782	0.1	-0.1	0.643092
13057055	783	0.1	-0.1	-4.47246
13057055	784	0.1	-0.1	-4.4255
13057055	785	0.1	-0.1	-0.208341
13057055	786	0.1	-0.1	-2.03949
13057055	787	0.1	-0.1	-5.64015
13057055	788	0.1	-0.1	0.0479573
13057055	789	0.1	-0.1	1.66305
13057055	790	0.1	-0.1	-3.8927
13057055	791	0.1	-0.1	-5.08548
13057055	792	0.1	-0.1	-1.202
13057055	793	0.1	-0.1	-1.76315
13057055	794	0.1	-0.1	2.25064
13057055	795	0.1	-0.1	-5.2913
13057055	796	0.1	-0.1	-4.38063
13057055	797	0.1	-0.1	5.3209
13057055	798	0.1	-0.1	5.7167
13057055	799	0.1	-0.1	4.55322
13057055	800	0.1	-0.1	-4.97049
13057055	801	0.1	-0.1	-5.4211
13057055	802	0.1	-0.1	-1.37095
13057055	803	0.1	-0.1	-0.152972
13057055	804	0.1	-0.1	0.0958763
13057055	805	0.1	-0.1	2.78022
13057055	806	0.1	-0.1	-5.82237
13057055	807	0.1	-0.1	0.343915
13057055	808	0.1	-0.1	3.23928
13057055	809	0.1	-0.1	0.125391
13057055	810	0.1	-0.1	-3.64177
13057055	811	0.1	-0.1	-4.69586
13057055	812	0.1	-0.1	1.81735
13057055	813	0.1	-0.1	-5.52483
13057055	814	0.1	-0.1	0.480438
13057055	815	0.1	-0.1	-5.46566
13057055	816	0.1	-0.1	-0.578771
13057055	817	0.1	-0.1	0.0816975
13057055	818	0.1	-0.1	-5.08896
13057055	819	0.1	-0.1	3.03936
13057055	820	0.1	-0.1	2.15291
13057055	821	0.1	-0.1	0.629726
13057055	822	0.1	-0.1	1.03325
13057055	823	0.1	-0.1	3.90849
13057055	824	0.1	-0.1	2.1098
13057055	825	0.1	-0.1	2.38177
13057055	826	0.1	-0.1	4.24791
13057055	827	0.1	-0.1	-0.345098
13057055	828	0.1	-0.1	1.27385
13057055	829	0.1	-0.1	4.22995
13057055	830	0.1	-0.1	1.89151
13057055	831	0.1	-0.1	2.02162
13057055	832	0.1	-0.1	4.13174
13057055	833	0.1	-0.1	-1.05278
13057055	834	0.1	-0.1	-5.94773
13057055	835	0.1	-0.1	-0.163586
13057055	836	0.1	-0.1	-4.77681
13057055	837	0.1	-0.1	5.86819
13057055	838	0.1	-0.1	4.64336
13057055	839	0.1	-0.1	-4.88783
13057055	840	0.1	-0.1	2.16356
13057055	841	0.1	-0.1	3.10643
13057055	842	0.1	-0.1	-3.50352
13057055	843	0.1	-0.1	-0.399999
13057055	844	0.1	-0.1	-4.49225
13057055	845	0.1	-0.1	-0.441209
13057055	846	0.1	-0.1	2.89474
13057055	847	0.1	-0.1	-3.38842
13057055	848	0.1	-0.1	-4.51464
13057055	849	0.1	-0.1	-0.689234
13057055	850	0.1	-0.1	-4.26028
13057055	851	0.1	-0.1	-0.108027
13057055	852	0.1	-0.1	4.96501
13057055	853	0.1	-0.1	-3.51946
13057055	854	0.1	-0.1	3.00776
13057055	855	0.1	-0.1	-0.867089
13057055	856	0.1	-0.1	-4.24029
13057055	857	0.1	-0.1	-3.02517
13057055	858	0.1	-0.1	3.30716
13057055	859	0.1	-0.1	2.20084
13057055	860	0.1	-0.1	5.34968
13057055	861	0.1	-0.1	-3.85167
13057055	862	0.1	-0.1	-4.10286
13057055	863	0.1	-0.1	2.30296
13057055	864	0.1	-0.1	-3.72623
13057055	865	0.1	-0.1	-0.518235
13057055	866	0.1	-0.1	-1.00666
13057055	867	0.1	-0.1	-1.97459
13057055	868	0.1	-0.1	-1.92786
13057055	869	0.1	-0.1	-3.56996
13057055	870	0.1	-0.1	4.93223
13057055	871	0.1	-0.1	1.71625
13057055	872	0.1	-0.1	3.27247
13057055	873	0.1	-0.1	5.5252
13057055	874	0.1	-0.1	-5.69174
13057055	875	0.1	-0.1	5.4657
13057055	876	0.1	-0.1	4.61506
13057055	877	0.1	-0.1	1.96374
13057055	878	0.1	-0.1	0.61771
13057055	879	0.1	-0.1	-5.01981
13057055	880	0.1	-0.1	-2.79071
13057055	881	0.1	-0.1	-5.76572
13057055	882	0.1	-0.1	2.14227
13057055	883	0.1	-0.1	-0.834489
13057055	884	0.1	-0.1	-4.20168
13057055	885	0.1	-0.1	5.03299
13057055	886	0.1	-0.1	-1.29423
13057055	887	0.1	-0.1	3.64209
13057055	888	0.1	-0.1	5.87459
13057055	889	0.1	-0.1	5.47844
13057055	890	0.1	-0.1	-3.33108
13057055	891	0.1	-0.1	4.69121
13057055	892	0.1	-0.1	-1.08761
13057055	893	0.1	-0.1	-1.91607
13057055	894	0.1	-0.1	4.79895
13057055	895	0.1	-0.1	5.66724
13057055	896	0.1	-0.1	-4.05847
13057055	897	0.1	-0.1	-3.91251
13057055	898	0.1	-0.1	-3.89273
13057055	899	0.1	-0.1	4.29561
13057055	900	0.1	-0.1	1.51588
13057055	901	0.1	-0.1	4.79816
13057055	902	0.1	-0.1	4.19233
13057055	903	0.1	-0.1	-3.43936
13057055	904	0.1	-0.1	-2.77295
13057055	905	0.1	-0.1	-3.52745
13057055	906	0.1	-0.1	4.88757
13057055	907	0.1	-0.1	-3.02162
13057055	908	0.1	-0.1	0.523265
13057055	909	0.1	-0.1	5.08872
13057055	910	0.1	-0.1	2.34406
13057055	911	0.1	-0.1	-3.32998
13057055	912	0.1	-0.1	2.27265
13057055	913	0.1	-0.1	-1.00012
13057055	914	0.1	-0.1	-1.36785
13057055	915	0.1	-0.1	-3.3785
13057055	916	0.1	-0.1	1.70476
13057055	917	0.1	-0.1	-1.2931
13057055	918	0.1	-0.1	5.67203
13057055	919	0.1	-0.1	-0.855332
13057055	920	0.1	-0.1	-5.9552
13057055	921	0.1	-0.1	0.354657
13057055	922	0.1	-0.1	5.41042
13057055	923	0.1	-0.1	3.60663
13057055	924	0.1	-0.1	-2.35289
13057055	925	0.1	-0.1	-4.86265
13057055	926	0.1	-0.1	-5.75833
13057055	927	0.1	-0.1	4.60756
13057055	928	0.1	-0.1	1.94945
13057055	929	0.1	-0.1	-1.8401
13057055	930	0.1	-0.1	-3.76023
13057055	931	0.1	-0.1	2.16858
13057055	932	0.1	-0.1	1.67895
13057055	933	0.1	-0.1	-2.76385
13057055	934	0.1	-0.1	-1.82404
13057055	935	0.1	-0.1	-2.03834
13057055	936	0.1	-0.1	-2.12293
13057055	937	0.1	-0.1	-0.356042
13057055	938	0.1	-0.1	4.74475
13057055	939	0.1	-0.1	-1.51371
13057055	940	0.1	-0.1	-5.78591
13057055	941	0.1	-0.1	3.1016
13057055	942	0.1	-0.1	-1.67405
13057055	943	0.1	-0.1	5.50116
13057055	944	0.1	-0.1	-4.2829
13057055	945	0.1	-0.1	0.847171
13057055	946	0.1	-0.1	-1.01095
13057055	947	0.1	-0.1	-2.52852
13057055	948	0.1	-0.1	-3.50286
13057055	949	0.1	-0.1	2.49394
13057055	950	0.1	-0.1	-3.76081
13057055	951	0.1	-0.1	-4.87092
13057055	952	0.1	-0.1	4.37184
13057055	953	0.1	-0.1	-3.2251
13057055	954	0.1	-0.1	-5.36788
13057055	955	0.1	-0.1	4.51575
13057055	956	0.1	-0.1	-0.619722
13057055	957	0.1	-0.1	-3.9431
13057055	958	0.1	-0.1	3.62326
13057055	959	0.1	-0.1	4.99536
13057055	960	0.1	-0.1	-2.23349
13057055	961	0.1	-0.1	5.32174
13057055	962	0.1	-0.1	3.07018
13057055	963	0.1	-0.1	-3.32874
13057055	964	0.1	-0.1	-0.355884
13057055	965	0.1	-0.1	-1.89636
13057055	966	0.1	-0.1	-0.794612
13057055	967	0.1	-0.1	-5.1319
13057055	968	0.1	-0.1	-3.06266
13057055	969	0.1	-0.1	-5.30412
13057055	970	0.1	-0.1	-5.85842
13057055	971	0.1	-0.1	-0.0782068
13057055	972	0.1	-0.1	-3.31606
13057055	973	0.1	-0.1	-2.49111
13057055	974	0.1	-0.1	-5.635
13057055	975	0.1	-0.1	-0.338967
13057055	976	0.1	-0.1	-5.76633
13057055	977	0.1	-0.1	5.89545
13057055	978	0.1	-0.1	5.86391
13057055	979	0.1	-0.1	4.93683
13057055	980	0.1	-0.1	-4.38416
13057055	981	0.1	-0.1	1.87524
13057055	982	0.1	-0.1	5.28048
13057055	983	0.1	-0.1	0.595576
13057055	984	0.1	-0.1	-3.39932
13057055	985	0.1	-0.1	5.41914
13057055	986	0.1	-0.1	-2.02663
13057055	987	0.1	-0.1	-3.21139
13057055	988	0.1	-0.1	0.0281466
13057055	989	0.1	-0.1	-2.12369
13057055	990	0.1	-0.1	1.98588
13057055	991	0.1	-0.1	-1.60192
13057055	992	0.1	-0.1	4.20744
13057055	993	0.1	-0.1	2.19684
13057055	994	0.1	-0.1	2.91738
13057055	995	0.1	-0.1	-2.84377
13057055	996	0.1	-0.1	2.63066
13057055	997	0.1	-0.1	4.34529
13057055	998	0.1	-0.1	3.41389
13057055	999	0.1	-0.1	1.98431
13057055	1000	0.1	-0.1	3.91404
