13059079	1	0.1	-0.1	-3.62026
13059079	2	0.1	-0.1	0.423282
13059079	3	0.1	-0.1	-1.42756
13059079	4	0.1	-0.1	-1.8614
13059079	5	0.1	-0.1	4.96118
13059079	6	0.1	-0.1	1.49369
13059079	7	0.1	-0.1	-0.593087
13059079	8	0.1	-0.1	3.52331
13059079	9	0.1	-0.1	1.59453
13059079	10	0.1	-0.1	4.82353
13059079	11	0.1	-0.1	5.64809
13059079	12	0.1	-0.1	2.06529
13059079	13	0.1	-0.1	-0.231397
13059079	14	0.1	-0.1	4.19973
13059079	15	0.1	-0.1	-5.6749
13059079	16	0.1	-0.1	-5.71465
13059079	17	0.1	-0.1	-2.40707
13059079	18	0.1	-0.1	-0.220196
13059079	19	0.1	-0.1	-4.06252
13059079	20	0.1	-0.1	2.13237
13059079	21	0.1	-0.1	0.725999
13059079	22	0.1	-0.1	1.37748
13059079	23	0.1	-0.1	-5.33847
13059079	24	0.1	-0.1	-3.81694
13059079	25	0.1	-0.1	-0.114978
13059079	26	0.1	-0.1	0.987566
13059079	27	0.1	-0.1	-1.0056
13059079	28	0.1	-0.1	3.53088
13059079	29	0.1	-0.1	-5.24147
13059079	30	0.1	-0.1	-4.68516
13059079	31	0.1	-0.1	4.61566
13059079	32	0.1	-0.1	-3.06026
13059079	33	0.1	-0.1	-0.64081
13059079	34	0.1	-0.1	-5.97189
13059079	35	0.1	-0.1	2.78256
13059079	36	0.1	-0.1	-0.188001
13059079	37	0.1	-0.1	-2.04688
13059079	38	0.1	-0.1	1.51678
13059079	39	0.1	-0.1	-2.36176
13059079	40	0.1	-0.1	3.76217
13059079	41	0.1	-0.1	1.47117
13059079	42	0.1	-0.1	-0.89421
13059079	43	0.1	-0.1	4.33144
13059079	44	0.1	-0.1	4.07023
13059079	45	0.1	-0.1	5.48724
13059079	46	0.1	-0.1	1.5196
13059079	47	0.1	-0.1	2.2074
13059079	48	0.1	-0.1	0.755821
13059079	49	0.1	-0.1	4.94975
13059079	50	0.1	-0.1	5.76514
13059079	51	0.1	-0.1	1.59755
13059079	52	0.1	-0.1	-3.07851
13059079	53	0.1	-0.1	-4.58681
13059079	54	0.1	-0.1	-3.65753
13059079	55	0.1	-0.1	-5.3548
13059079	56	0.1	-0.1	5.2777
13059079	57	0.1	-0.1	-4.24434
13059079	58	0.1	-0.1	2.01096
13059079	59	0.1	-0.1	3.41521
13059079	60	0.1	-0.1	-2.34801
13059079	61	0.1	-0.1	4.88165
13059079	62	0.1	-0.1	4.01596
13059079	63	0.1	-0.1	5.83688
13059079	64	0.1	-0.1	-3.01616
13059079	65	0.1	-0.1	-4.05979
13059079	66	0.1	-0.1	2.34581
13059079	67	0.1	-0.1	5.08133
13059079	68	0.1	-0.1	3.05318
13059079	69	0.1	-0.1	1.69737
13059079	70	0.1	-0.1	4.19333
13059079	71	0.1	-0.1	2.22178
13059079	72	0.1	-0.1	4.50088
13059079	73	0.1	-0.1	5.70542
13059079	74	0.1	-0.1	2.33714
13059079	75	0.1	-0.1	0.00433281
13059079	76	0.1	-0.1	-0.826971
13059079	77	0.1	-0.1	-0.789169
13059079	78	0.1	-0.1	-4.94393
13059079	79	0.1	-0.1	4.21984
13059079	80	0.1	-0.1	2.53908
13059079	81	0.1	-0.1	-1.55008
13059079	82	0.1	-0.1	2.72337
13059079	83	0.1	-0.1	4.517
13059079	84	0.1	-0.1	-4.9648
13059079	85	0.1	-0.1	-2.54362
13059079	86	0.1	-0.1	4.71769
13059079	87	0.1	-0.1	2.11524
13059079	88	0.1	-0.1	4.52618
13059079	89	0.1	-0.1	-2.33652
13059079	90	0.1	-0.1	-3.34684
13059079	91	0.1	-0.1	1.86756
13059079	92	0.1	-0.1	3.88234
13059079	93	0.1	-0.1	-2.67156
13059079	94	0.1	-0.1	2.23073
13059079	95	0.1	-0.1	2.20686
13059079	96	0.1	-0.1	0.0473243
13059079	97	0.1	-0.1	-5.20195
13059079	98	0.1	-0.1	5.39807
13059079	99	0.1	-0.1	-4.53923
13059079	100	0.1	-0.1	-4.20614
13059079	101	0.1	-0.1	-2.74854
13059079	102	0.1	-0.1	0.142781
13059079	103	0.1	-0.1	-4.72123
13059079	104	0.1	-0.1	5.28407
13059079	105	0.1	-0.1	-4.21725
13059079	106	0.1	-0.1	-2.05536
13059079	107	0.1	-0.1	1.59754
13059079	108	0.1	-0.1	5.77073
13059079	109	0.1	-0.1	4.43461
13059079	110	0.1	-0.1	4.30935
13059079	111	0.1	-0.1	-0.487859
13059079	112	0.1	-0.1	0.107041
13059079	113	0.1	-0.1	4.7424
13059079	114	0.1	-0.1	1.11583
13059079	115	0.1	-0.1	2.1093
13059079	116	0.1	-0.1	-3.03882
13059079	117	0.1	-0.1	-2.04516
13059079	118	0.1	-0.1	3.13843
13059079	119	0.1	-0.1	0.219568
13059079	120	0.1	-0.1	-3.84001
13059079	121	0.1	-0.1	-3.03987
13059079	122	0.1	-0.1	-3.32554
13059079	123	0.1	-0.1	-1.40134
13059079	124	0.1	-0.1	1.18509
13059079	125	0.1	-0.1	-5.15143
13059079	126	0.1	-0.1	-5.57183
13059079	127	0.1	-0.1	-5.66843
13059079	128	0.1	-0.1	-3.66005
13059079	129	0.1	-0.1	-4.03358
13059079	130	0.1	-0.1	3.78516
13059079	131	0.1	-0.1	5.53844
13059079	132	0.1	-0.1	1.5772
13059079	133	0.1	-0.1	5.64304
13059079	134	0.1	-0.1	-0.550811
13059079	135	0.1	-0.1	0.587782
13059079	136	0.1	-0.1	0.454339
13059079	137	0.1	-0.1	2.31575
13059079	138	0.1	-0.1	4.8253
13059079	139	0.1	-0.1	-1.13399
13059079	140	0.1	-0.1	-3.0531
13059079	141	0.1	-0.1	-0.676703
13059079	142	0.1	-0.1	0.99731
13059079	143	0.1	-0.1	3.08177
13059079	144	0.1	-0.1	2.74048
13059079	145	0.1	-0.1	-2.24376
13059079	146	0.1	-0.1	3.56882
13059079	147	0.1	-0.1	4.57379
13059079	148	0.1	-0.1	-4.12486
13059079	149	0.1	-0.1	1.66548
13059079	150	0.1	-0.1	-5.09467
13059079	151	0.1	-0.1	2.32654
13059079	152	0.1	-0.1	3.31674
13059079	153	0.1	-0.1	-5.0651
13059079	154	0.1	-0.1	-5.7166
13059079	155	0.1	-0.1	1.33773
13059079	156	0.1	-0.1	-0.813377
13059079	157	0.1	-0.1	5.1205
13059079	158	0.1	-0.1	4.59014
13059079	159	0.1	-0.1	-4.18916
13059079	160	0.1	-0.1	-3.38119
13059079	161	0.1	-0.1	0.205054
13059079	162	0.1	-0.1	-1.9411
13059079	163	0.1	-0.1	-5.55717
13059079	164	0.1	-0.1	5.31065
13059079	165	0.1	-0.1	2.27522
13059079	166	0.1	-0.1	-4.23558
13059079	167	0.1	-0.1	0.355127
13059079	168	0.1	-0.1	3.43419
13059079	169	0.1	-0.1	4.09234
13059079	170	0.1	-0.1	1.51744
13059079	171	0.1	-0.1	-0.401286
13059079	172	0.1	-0.1	-1.61094
13059079	173	0.1	-0.1	-0.238454
13059079	174	0.1	-0.1	-5.30673
13059079	175	0.1	-0.1	-0.860069
13059079	176	0.1	-0.1	-5.23928
13059079	177	0.1	-0.1	-5.96501
13059079	178	0.1	-0.1	5.83727
13059079	179	0.1	-0.1	5.15665
13059079	180	0.1	-0.1	4.00856
13059079	181	0.1	-0.1	1.1783
13059079	182	0.1	-0.1	-5.23908
13059079	183	0.1	-0.1	-2.97648
13059079	184	0.1	-0.1	-1.52756
13059079	185	0.1	-0.1	4.57188
13059079	186	0.1	-0.1	-0.0256044
13059079	187	0.1	-0.1	-0.138381
13059079	188	0.1	-0.1	4.31507
13059079	189	0.1	-0.1	3.13635
13059079	190	0.1	-0.1	-3.19785
13059079	191	0.1	-0.1	-4.24141
13059079	192	0.1	-0.1	2.5673
13059079	193	0.1	-0.1	4.68057
13059079	194	0.1	-0.1	2.07941
13059079	195	0.1	-0.1	1.99209
13059079	196	0.1	-0.1	3.36651
13059079	197	0.1	-0.1	5.88213
13059079	198	0.1	-0.1	0.841317
13059079	199	0.1	-0.1	-0.500488
13059079	200	0.1	-0.1	5.59153
13059079	201	0.1	-0.1	4.53161
13059079	202	0.1	-0.1	-0.721286
13059079	203	0.1	-0.1	0.5626
13059079	204	0.1	-0.1	4.22736
13059079	205	0.1	-0.1	-5.8593
13059079	206	0.1	-0.1	2.88907
13059079	207	0.1	-0.1	-2.80641
13059079	208	0.1	-0.1	-3.06658
13059079	209	0.1	-0.1	-3.27584
13059079	210	0.1	-0.1	-3.93371
13059079	211	0.1	-0.1	0.935371
13059079	212	0.1	-0.1	2.37334
13059079	213	0.1	-0.1	4.86631
13059079	214	0.1	-0.1	-3.93051
13059079	215	0.1	-0.1	4.34778
13059079	216	0.1	-0.1	3.51883
13059079	217	0.1	-0.1	5.62996
13059079	218	0.1	-0.1	5.95782
13059079	219	0.1	-0.1	5.84914
13059079	220	0.1	-0.1	4.10439
13059079	221	0.1	-0.1	1.85174
13059079	222	0.1	-0.1	2.70608
13059079	223	0.1	-0.1	3.81572
13059079	224	0.1	-0.1	-0.306176
13059079	225	0.1	-0.1	-2.41229
13059079	226	0.1	-0.1	5.20608
13059079	227	0.1	-0.1	2.35192
13059079	228	0.1	-0.1	1.42351
13059079	229	0.1	-0.1	-3.3282
13059079	230	0.1	-0.1	1.84383
13059079	231	0.1	-0.1	1.72603
13059079	232	0.1	-0.1	2.7463
13059079	233	0.1	-0.1	2.71465
13059079	234	0.1	-0.1	-1.873
13059079	235	0.1	-0.1	-3.49589
13059079	236	0.1	-0.1	0.1569
13059079	237	0.1	-0.1	2.34627
13059079	238	0.1	-0.1	5.70953
13059079	239	0.1	-0.1	3.15847
13059079	240	0.1	-0.1	-1.12361
13059079	241	0.1	-0.1	2.01076
13059079	242	0.1	-0.1	-1.3474
13059079	243	0.1	-0.1	4.16628
13059079	244	0.1	-0.1	-4.30343
13059079	245	0.1	-0.1	-3.41367
13059079	246	0.1	-0.1	5.61176
13059079	247	0.1	-0.1	-4.39982
13059079	248	0.1	-0.1	3.66086
13059079	249	0.1	-0.1	4.73917
13059079	250	0.1	-0.1	1.13664
13059079	251	0.1	-0.1	-0.896805
13059079	252	0.1	-0.1	1.3081
13059079	253	0.1	-0.1	-0.912548
13059079	254	0.1	-0.1	-4.83635
13059079	255	0.1	-0.1	-0.338885
13059079	256	0.1	-0.1	-2.02441
13059079	257	0.1	-0.1	1.62893
13059079	258	0.1	-0.1	-2.72989
13059079	259	0.1	-0.1	2.08953
13059079	260	0.1	-0.1	0.736877
13059079	261	0.1	-0.1	0.879565
13059079	262	0.1	-0.1	5.35461
13059079	263	0.1	-0.1	4.6859
13059079	264	0.1	-0.1	-1.32931
13059079	265	0.1	-0.1	5.16991
13059079	266	0.1	-0.1	5.28888
13059079	267	0.1	-0.1	-0.462886
13059079	268	0.1	-0.1	-4.6411
13059079	269	0.1	-0.1	-1.02245
13059079	270	0.1	-0.1	-1.62854
13059079	271	0.1	-0.1	0.576872
13059079	272	0.1	-0.1	-3.52625
13059079	273	0.1	-0.1	3.59705
13059079	274	0.1	-0.1	2.02147
13059079	275	0.1	-0.1	2.63061
13059079	276	0.1	-0.1	-5.79175
13059079	277	0.1	-0.1	-5.84197
13059079	278	0.1	-0.1	0.214207
13059079	279	0.1	-0.1	4.04343
13059079	280	0.1	-0.1	1.77202
13059079	281	0.1	-0.1	-4.89852
13059079	282	0.1	-0.1	-4.38701
13059079	283	0.1	-0.1	-1.68755
13059079	284	0.1	-0.1	-1.89054
13059079	285	0.1	-0.1	-2.99656
13059079	286	0.1	-0.1	3.34705
13059079	287	0.1	-0.1	1.61339
13059079	288	0.1	-0.1	3.24975
13059079	289	0.1	-0.1	-1.29317
13059079	290	0.1	-0.1	-1.38912
13059079	291	0.1	-0.1	2.83453
13059079	292	0.1	-0.1	2.67767
13059079	293	0.1	-0.1	-3.74649
13059079	294	0.1	-0.1	4.68876
13059079	295	0.1	-0.1	2.56679
13059079	296	0.1	-0.1	3.79795
13059079	297	0.1	-0.1	2.34701
13059079	298	0.1	-0.1	0.803397
13059079	299	0.1	-0.1	5.30902
13059079	300	0.1	-0.1	-4.02927
13059079	301	0.1	-0.1	0.079423
13059079	302	0.1	-0.1	1.67293
13059079	303	0.1	-0.1	2.58884
13059079	304	0.1	-0.1	-3.0144
13059079	305	0.1	-0.1	2.17179
13059079	306	0.1	-0.1	2.26708
13059079	307	0.1	-0.1	-1.74114
13059079	308	0.1	-0.1	-4.78993
13059079	309	0.1	-0.1	-3.23364
13059079	310	0.1	-0.1	-0.0761448
13059079	311	0.1	-0.1	-2.65242
13059079	312	0.1	-0.1	-5.18546
13059079	313	0.1	-0.1	-3.75935
13059079	314	0.1	-0.1	2.84614
13059079	315	0.1	-0.1	4.46472
13059079	316	0.1	-0.1	2.93377
13059079	317	0.1	-0.1	-2.81129
13059079	318	0.1	-0.1	-5.70831
13059079	319	0.1	-0.1	-0.448225
13059079	320	0.1	-0.1	4.89328
13059079	321	0.1	-0.1	-0.297427
13059079	322	0.1	-0.1	-2.07894
13059079	323	0.1	-0.1	4.22468
13059079	324	0.1	-0.1	0.290429
13059079	325	0.1	-0.1	-5.84286
13059079	326	0.1	-0.1	3.47586
13059079	327	0.1	-0.1	-1.61288
13059079	328	0.1	-0.1	-0.354593
13059079	329	0.1	-0.1	-1.42044
13059079	330	0.1	-0.1	-5.65624
13059079	331	0.1	-0.1	1.43376
13059079	332	0.1	-0.1	0.79218
13059079	333	0.1	-0.1	-4.01861
13059079	334	0.1	-0.1	0.327846
13059079	335	0.1	-0.1	-4.9178
13059079	336	0.1	-0.1	-1.68071
13059079	337	0.1	-0.1	-4.24136
13059079	338	0.1	-0.1	-2.56183
13059079	339	0.1	-0.1	3.48806
13059079	340	0.1	-0.1	1.36285
13059079	341	0.1	-0.1	-2.34849
13059079	342	0.1	-0.1	3.30453
13059079	343	0.1	-0.1	0.516194
13059079	344	0.1	-0.1	-3.05196
13059079	345	0.1	-0.1	1.64653
13059079	346	0.1	-0.1	3.43925
13059079	347	0.1	-0.1	3.47454
13059079	348	0.1	-0.1	-4.05036
13059079	349	0.1	-0.1	-4.01355
13059079	350	0.1	-0.1	3.50395
13059079	351	0.1	-0.1	2.54389
13059079	352	0.1	-0.1	-2.17522
13059079	353	0.1	-0.1	-3.58271
13059079	354	0.1	-0.1	5.27942
13059079	355	0.1	-0.1	-2.04957
13059079	356	0.1	-0.1	-1.83725
13059079	357	0.1	-0.1	0.232346
13059079	358	0.1	-0.1	-1.67879
13059079	359	0.1	-0.1	-0.772264
13059079	360	0.1	-0.1	-1.64571
13059079	361	0.1	-0.1	-5.92316
13059079	362	0.1	-0.1	-4.35605
13059079	363	0.1	-0.1	5.92454
13059079	364	0.1	-0.1	-2.35542
13059079	365	0.1	-0.1	3.48888
13059079	366	0.1	-0.1	-1.1231
13059079	367	0.1	-0.1	-1.86345
13059079	368	0.1	-0.1	4.48902
13059079	369	0.1	-0.1	-0.533002
13059079	370	0.1	-0.1	-1.12376
13059079	371	0.1	-0.1	-3.89229
13059079	372	0.1	-0.1	-5.30639
13059079	373	0.1	-0.1	1.13654
13059079	374	0.1	-0.1	-4.50429
13059079	375	0.1	-0.1	-0.944622
13059079	376	0.1	-0.1	5.3694
13059079	377	0.1	-0.1	5.23143
13059079	378	0.1	-0.1	5.09956
13059079	379	0.1	-0.1	-1.37575
13059079	380	0.1	-0.1	4.75578
13059079	381	0.1	-0.1	3.70798
13059079	382	0.1	-0.1	-4.46145
13059079	383	0.1	-0.1	3.72359
13059079	384	0.1	-0.1	-0.0368988
13059079	385	0.1	-0.1	4.87082
13059079	386	0.1	-0.1	5.6708
13059079	387	0.1	-0.1	2.29693
13059079	388	0.1	-0.1	-5.74693
13059079	389	0.1	-0.1	2.44017
13059079	390	0.1	-0.1	4.14102
13059079	391	0.1	-0.1	-0.281892
13059079	392	0.1	-0.1	-1.58997
13059079	393	0.1	-0.1	2.93438
13059079	394	0.1	-0.1	-0.539757
13059079	395	0.1	-0.1	0.743412
13059079	396	0.1	-0.1	2.07814
13059079	397	0.1	-0.1	0.949584
13059079	398	0.1	-0.1	-2.32875
13059079	399	0.1	-0.1	2.34817
13059079	400	0.1	-0.1	-1.49883
13059079	401	0.1	-0.1	2.10245
13059079	402	0.1	-0.1	-2.04435
13059079	403	0.1	-0.1	-0.508269
13059079	404	0.1	-0.1	3.83827
13059079	405	0.1	-0.1	1.90431
13059079	406	0.1	-0.1	-1.46089
13059079	407	0.1	-0.1	2.04713
13059079	408	0.1	-0.1	3.14448
13059079	409	0.1	-0.1	0.937212
13059079	410	0.1	-0.1	-2.61429
13059079	411	0.1	-0.1	-3.68279
13059079	412	0.1	-0.1	3.43951
13059079	413	0.1	-0.1	-2.37064
13059079	414	0.1	-0.1	-2.21646
13059079	415	0.1	-0.1	-1.39158
13059079	416	0.1	-0.1	-1.77627
13059079	417	0.1	-0.1	-2.96669
13059079	418	0.1	-0.1	4.43306
13059079	419	0.1	-0.1	0.186496
13059079	420	0.1	-0.1	0.49884
13059079	421	0.1	-0.1	5.1637
13059079	422	0.1	-0.1	0.742042
13059079	423	0.1	-0.1	-3.40677
13059079	424	0.1	-0.1	-5.61376
13059079	425	0.1	-0.1	-4.78009
13059079	426	0.1	-0.1	-0.0766512
13059079	427	0.1	-0.1	-2.14228
13059079	428	0.1	-0.1	1.85074
13059079	429	0.1	-0.1	-4.77393
13059079	430	0.1	-0.1	-1.81086
13059079	431	0.1	-0.1	1.1055
13059079	432	0.1	-0.1	5.30107
13059079	433	0.1	-0.1	4.83347
13059079	434	0.1	-0.1	-3.85409
13059079	435	0.1	-0.1	-5.14597
13059079	436	0.1	-0.1	-0.891081
13059079	437	0.1	-0.1	0.71068
13059079	438	0.1	-0.1	-1.48073
13059079	439	0.1	-0.1	0.490961
13059079	440	0.1	-0.1	-3.91104
13059079	441	0.1	-0.1	-1.34518
13059079	442	0.1	-0.1	-2.27204
13059079	443	0.1	-0.1	3.28639
13059079	444	0.1	-0.1	5.89174
13059079	445	0.1	-0.1	-0.164796
13059079	446	0.1	-0.1	-5.0767
13059079	447	0.1	-0.1	5.18709
13059079	448	0.1	-0.1	2.61162
13059079	449	0.1	-0.1	2.02191
13059079	450	0.1	-0.1	2.32101
13059079	451	0.1	-0.1	0.498918
13059079	452	0.1	-0.1	-3.58908
13059079	453	0.1	-0.1	4.39381
13059079	454	0.1	-0.1	-3.97892
13059079	455	0.1	-0.1	-3.74513
13059079	456	0.1	-0.1	-3.00215
13059079	457	0.1	-0.1	2.12357
13059079	458	0.1	-0.1	-5.77334
13059079	459	0.1	-0.1	2.90358
13059079	460	0.1	-0.1	-3.54974
13059079	461	0.1	-0.1	-4.57318
13059079	462	0.1	-0.1	2.93504
13059079	463	0.1	-0.1	-4.1341
13059079	464	0.1	-0.1	3.04426
13059079	465	0.1	-0.1	5.51907
13059079	466	0.1	-0.1	1.03455
13059079	467	0.1	-0.1	0.176144
13059079	468	0.1	-0.1	2.6783
13059079	469	0.1	-0.1	-5.89506
13059079	470	0.1	-0.1	-4.13104
13059079	471	0.1	-0.1	3.38228
13059079	472	0.1	-0.1	4.87871
13059079	473	0.1	-0.1	-0.680927
13059079	474	0.1	-0.1	1.26676
13059079	475	0.1	-0.1	-0.691987
13059079	476	0.1	-0.1	-0.648709
13059079	477	0.1	-0.1	-0.44701
13059079	478	0.1	-0.1	3.3395
13059079	479	0.1	-0.1	-2.32414
13059079	480	0.1	-0.1	4.88408
13059079	481	0.1	-0.1	2.76252
13059079	482	0.1	-0.1	-1.31744
13059079	483	0.1	-0.1	5.97643
13059079	484	0.1	-0.1	-5.99211
13059079	485	0.1	-0.1	2.74527
13059079	486	0.1	-0.1	-1.7674
13059079	487	0.1	-0.1	-4.90399
13059079	488	0.1	-0.1	-0.839753
13059079	489	0.1	-0.1	3.59927
13059079	490	0.1	-0.1	-4.06239
13059079	491	0.1	-0.1	5.99848
13059079	492	0.1	-0.1	-1.4428
13059079	493	0.1	-0.1	4.18742
13059079	494	0.1	-0.1	2.9915
13059079	495	0.1	-0.1	-4.35358
13059079	496	0.1	-0.1	1.80417
13059079	497	0.1	-0.1	0.197878
13059079	498	0.1	-0.1	-3.82199
13059079	499	0.1	-0.1	2.20115
13059079	500	0.1	-0.1	-3.67093
13059079	501	0.1	-0.1	-2.339
13059079	502	0.1	-0.1	3.69133
13059079	503	0.1	-0.1	-1.28464
13059079	504	0.1	-0.1	0.540465
13059079	505	0.1	-0.1	1.23309
13059079	506	0.1	-0.1	-3.34004
13059079	507	0.1	-0.1	-4.68115
13059079	508	0.1	-0.1	1.7711
13059079	509	0.1	-0.1	-0.398627
13059079	510	0.1	-0.1	3.5537
13059079	511	0.1	-0.1	5.59965
13059079	512	0.1	-0.1	3.26366
13059079	513	0.1	-0.1	4.79514
13059079	514	0.1	-0.1	-3.86425
13059079	515	0.1	-0.1	0.210199
13059079	516	0.1	-0.1	-5.78333
13059079	517	0.1	-0.1	-4.18817
13059079	518	0.1	-0.1	4.98658
13059079	519	0.1	-0.1	3.26654
13059079	520	0.1	-0.1	2.44218
13059079	521	0.1	-0.1	0.334438
13059079	522	0.1	-0.1	-2.94578
13059079	523	0.1	-0.1	1.32761
13059079	524	0.1	-0.1	5.44468
13059079	525	0.1	-0.1	4.62681
13059079	526	0.1	-0.1	-1.71972
13059079	527	0.1	-0.1	-3.03696
13059079	528	0.1	-0.1	-4.26056
13059079	529	0.1	-0.1	-1.81833
13059079	530	0.1	-0.1	5.43894
13059079	531	0.1	-0.1	0.122205
13059079	532	0.1	-0.1	5.39108
13059079	533	0.1	-0.1	4.90064
13059079	534	0.1	-0.1	-0.0143139
13059079	535	0.1	-0.1	4.21528
13059079	536	0.1	-0.1	-4.48928
13059079	537	0.1	-0.1	-4.25668
13059079	538	0.1	-0.1	5.26532
13059079	539	0.1	-0.1	-0.662912
13059079	540	0.1	-0.1	5.11555
13059079	541	0.1	-0.1	2.1427
13059079	542	0.1	-0.1	-2.52376
13059079	543	0.1	-0.1	-5.61655
13059079	544	0.1	-0.1	2.39022
13059079	545	0.1	-0.1	5.5405
13059079	546	0.1	-0.1	3.96945
13059079	547	0.1	-0.1	0.133381
13059079	548	0.1	-0.1	4.0437
13059079	549	0.1	-0.1	4.72967
13059079	550	0.1	-0.1	-2.87588
13059079	551	0.1	-0.1	2.42025
13059079	552	0.1	-0.1	1.70259
13059079	553	0.1	-0.1	-3.51222
13059079	554	0.1	-0.1	2.83756
13059079	555	0.1	-0.1	2.21417
13059079	556	0.1	-0.1	0.606465
13059079	557	0.1	-0.1	-5.0876
13059079	558	0.1	-0.1	4.23364
13059079	559	0.1	-0.1	-2.19532
13059079	560	0.1	-0.1	5.13628
13059079	561	0.1	-0.1	-4.2148
13059079	562	0.1	-0.1	-3.28077
13059079	563	0.1	-0.1	2.64345
13059079	564	0.1	-0.1	-5.62066
13059079	565	0.1	-0.1	-4.80851
13059079	566	0.1	-0.1	-4.00867
13059079	567	0.1	-0.1	2.8614
13059079	568	0.1	-0.1	3.94707
13059079	569	0.1	-0.1	0.872177
13059079	570	0.1	-0.1	4.19666
13059079	571	0.1	-0.1	4.56218
13059079	572	0.1	-0.1	-0.300826
13059079	573	0.1	-0.1	-3.2186
13059079	574	0.1	-0.1	0.168358
13059079	575	0.1	-0.1	1.64186
13059079	576	0.1	-0.1	4.64922
13059079	577	0.1	-0.1	1.59849
13059079	578	0.1	-0.1	-4.53662
13059079	579	0.1	-0.1	-0.605976
13059079	580	0.1	-0.1	-5.1573
13059079	581	0.1	-0.1	4.85373
13059079	582	0.1	-0.1	2.5796
13059079	583	0.1	-0.1	3.3112
13059079	584	0.1	-0.1	-5.32127
13059079	585	0.1	-0.1	5.67967
13059079	586	0.1	-0.1	-1.84281
13059079	587	0.1	-0.1	1.50297
13059079	588	0.1	-0.1	4.42157
13059079	589	0.1	-0.1	-2.33893
13059079	590	0.1	-0.1	0.54129
13059079	591	0.1	-0.1	5.62428
13059079	592	0.1	-0.1	0.717793
13059079	593	0.1	-0.1	-5.75975
13059079	594	0.1	-0.1	2.44093
13059079	595	0.1	-0.1	-3.50185
13059079	596	0.1	-0.1	-2.46119
13059079	597	0.1	-0.1	-2.50364
13059079	598	0.1	-0.1	3.87702
13059079	599	0.1	-0.1	-0.554363
13059079	600	0.1	-0.1	1.06249
13059079	601	0.1	-0.1	-0.507997
13059079	602	0.1	-0.1	-4.8517
13059079	603	0.1	-0.1	4.71636
13059079	604	0.1	-0.1	-2.83827
13059079	605	0.1	-0.1	-3.25428
13059079	606	0.1	-0.1	2.45234
13059079	607	0.1	-0.1	-3.46857
13059079	608	0.1	-0.1	-2.47029
13059079	609	0.1	-0.1	-2.94065
13059079	610	0.1	-0.1	-2.16332
13059079	611	0.1	-0.1	-1.68677
13059079	612	0.1	-0.1	1.64965
13059079	613	0.1	-0.1	-2.13864
13059079	614	0.1	-0.1	-3.81822
13059079	615	0.1	-0.1	-3.05266
13059079	616	0.1	-0.1	1.70687
13059079	617	0.1	-0.1	0.268701
13059079	618	0.1	-0.1	-1.7435
13059079	619	0.1	-0.1	-3.96805
13059079	620	0.1	-0.1	3.10613
13059079	621	0.1	-0.1	-5.20697
13059079	622	0.1	-0.1	-0.761348
13059079	623	0.1	-0.1	4.86989
13059079	624	0.1	-0.1	4.57166
13059079	625	0.1	-0.1	2.17556
13059079	626	0.1	-0.1	5.8592
13059079	627	0.1	-0.1	0.126053
13059079	628	0.1	-0.1	2.26494
13059079	629	0.1	-0.1	0.283524
13059079	630	0.1	-0.1	-2.63684
13059079	631	0.1	-0.1	4.57861
13059079	632	0.1	-0.1	-0.718658
13059079	633	0.1	-0.1	3.84922
13059079	634	0.1	-0.1	-1.72649
13059079	635	0.1	-0.1	-3.59906
13059079	636	0.1	-0.1	1.13601
13059079	637	0.1	-0.1	-3.76514
13059079	638	0.1	-0.1	-5.73562
13059079	639	0.1	-0.1	3.7648
13059079	640	0.1	-0.1	-4.61234
13059079	641	0.1	-0.1	2.77418
13059079	642	0.1	-0.1	-4.00127
13059079	643	0.1	-0.1	0.453344
13059079	644	0.1	-0.1	5.44206
13059079	645	0.1	-0.1	5.3233
13059079	646	0.1	-0.1	-1.78731
13059079	647	0.1	-0.1	-5.47587
13059079	648	0.1	-0.1	-0.557678
13059079	649	0.1	-0.1	-0.422269
13059079	650	0.1	-0.1	-1.81759
13059079	651	0.1	-0.1	4.17819
13059079	652	0.1	-0.1	1.80448
13059079	653	0.1	-0.1	-0.823206
13059079	654	0.1	-0.1	4.24491
13059079	655	0.1	-0.1	5.59338
13059079	656	0.1	-0.1	1.25831
13059079	657	0.1	-0.1	-0.588342
13059079	658	0.1	-0.1	0.0742031
13059079	659	0.1	-0.1	1.01281
13059079	660	0.1	-0.1	5.14571
13059079	661	0.1	-0.1	-0.791845
13059079	662	0.1	-0.1	-2.44089
13059079	663	0.1	-0.1	5.83749
13059079	664	0.1	-0.1	-1.61899
13059079	665	0.1	-0.1	-3.4984
13059079	666	0.1	-0.1	-1.69033
13059079	667	0.1	-0.1	-0.142363
13059079	668	0.1	-0.1	-2.67756
13059079	669	0.1	-0.1	-2.15512
13059079	670	0.1	-0.1	-4.5281
13059079	671	0.1	-0.1	-3.79934
13059079	672	0.1	-0.1	-0.781292
13059079	673	0.1	-0.1	-4.51179
13059079	674	0.1	-0.1	-5.18319
13059079	675	0.1	-0.1	5.89727
13059079	676	0.1	-0.1	-2.64453
13059079	677	0.1	-0.1	-1.7541
13059079	678	0.1	-0.1	2.40343
13059079	679	0.1	-0.1	-0.265953
13059079	680	0.1	-0.1	-3.67072
13059079	681	0.1	-0.1	1.36053
13059079	682	0.1	-0.1	1.40485
13059079	683	0.1	-0.1	-4.8972
13059079	684	0.1	-0.1	4.92242
13059079	685	0.1	-0.1	-0.737394
13059079	686	0.1	-0.1	-5.67209
13059079	687	0.1	-0.1	2.72833
13059079	688	0.1	-0.1	1.41595
13059079	689	0.1	-0.1	4.06023
13059079	690	0.1	-0.1	2.09875
13059079	691	0.1	-0.1	0.59838
13059079	692	0.1	-0.1	-1.66153
13059079	693	0.1	-0.1	-1.08257
13059079	694	0.1	-0.1	5.99942
13059079	695	0.1	-0.1	4.83695
13059079	696	0.1	-0.1	-4.32513
13059079	697	0.1	-0.1	3.29829
13059079	698	0.1	-0.1	3.29106
13059079	699	0.1	-0.1	0.0683262
13059079	700	0.1	-0.1	-5.97821
13059079	701	0.1	-0.1	1.98761
13059079	702	0.1	-0.1	3.41853
13059079	703	0.1	-0.1	-3.65061
13059079	704	0.1	-0.1	-5.38766
13059079	705	0.1	-0.1	3.20503
13059079	706	0.1	-0.1	-2.18389
13059079	707	0.1	-0.1	5.71232
13059079	708	0.1	-0.1	-1.56323
13059079	709	0.1	-0.1	3.25759
13059079	710	0.1	-0.1	2.26149
13059079	711	0.1	-0.1	-5.80177
13059079	712	0.1	-0.1	2.50674
13059079	713	0.1	-0.1	-5.96669
13059079	714	0.1	-0.1	0.817202
13059079	715	0.1	-0.1	-4.5895
13059079	716	0.1	-0.1	0.950193
13059079	717	0.1	-0.1	-4.43158
13059079	718	0.1	-0.1	-1.06609
13059079	719	0.1	-0.1	-2.73566
13059079	720	0.1	-0.1	4.84031
13059079	721	0.1	-0.1	4.64676
13059079	722	0.1	-0.1	-2.80762
13059079	723	0.1	-0.1	-0.198523
13059079	724	0.1	-0.1	2.59253
13059079	725	0.1	-0.1	-4.72073
13059079	726	0.1	-0.1	2.84013
13059079	727	0.1	-0.1	-1.43322
13059079	728	0.1	-0.1	2.86078
13059079	729	0.1	-0.1	-5.4654
13059079	730	0.1	-0.1	-3.32823
13059079	731	0.1	-0.1	-1.18534
13059079	732	0.1	-0.1	-2.65485
13059079	733	0.1	-0.1	-2.11165
13059079	734	0.1	-0.1	5.29061
13059079	735	0.1	-0.1	1.07167
13059079	736	0.1	-0.1	-0.419405
13059079	737	0.1	-0.1	5.15367
13059079	738	0.1	-0.1	3.46055
13059079	739	0.1	-0.1	-2.53306
13059079	740	0.1	-0.1	-3.15181
13059079	741	0.1	-0.1	-5.03387
13059079	742	0.1	-0.1	-0.385243
13059079	743	0.1	-0.1	-4.00212
13059079	744	0.1	-0.1	0.736559
13059079	745	0.1	-0.1	-0.635844
13059079	746	0.1	-0.1	-4.49561
13059079	747	0.1	-0.1	4.67333
13059079	748	0.1	-0.1	1.80564
13059079	749	0.1	-0.1	4.34061
13059079	750	0.1	-0.1	3.72363
13059079	751	0.1	-0.1	-2.27857
13059079	752	0.1	-0.1	1.99953
13059079	753	0.1	-0.1	-2.41746
13059079	754	0.1	-0.1	5.04049
13059079	755	0.1	-0.1	-5.55226
13059079	756	0.1	-0.1	-1.32235
13059079	757	0.1	-0.1	-3.10724
13059079	758	0.1	-0.1	-5.95515
13059079	759	0.1	-0.1	-0.516941
13059079	760	0.1	-0.1	-2.99919
13059079	761	0.1	-0.1	-5.14303
13059079	762	0.1	-0.1	-4.40748
13059079	763	0.1	-0.1	-0.229021
13059079	764	0.1	-0.1	-5.19685
13059079	765	0.1	-0.1	3.24639
13059079	766	0.1	-0.1	-1.65328
13059079	767	0.1	-0.1	-3.6798
13059079	768	0.1	-0.1	1.98841
13059079	769	0.1	-0.1	-1.35348
13059079	770	0.1	-0.1	2.55354
13059079	771	0.1	-0.1	-2.2522
13059079	772	0.1	-0.1	4.44483
13059079	773	0.1	-0.1	-1.91999
13059079	774	0.1	-0.1	-0.627098
13059079	775	0.1	-0.1	-4.02077
13059079	776	0.1	-0.1	-0.720119
13059079	777	0.1	-0.1	1.43017
13059079	778	0.1	-0.1	5.51551
13059079	779	0.1	-0.1	0.886414
13059079	780	0.1	-0.1	0.457559
13059079	781	0.1	-0.1	-5.74367
13059079	782	0.1	-0.1	4.61235
13059079	783	0.1	-0.1	3.8751
13059079	784	0.1	-0.1	-2.9738
13059079	785	0.1	-0.1	2.27206
13059079	786	0.1	-0.1	1.094
13059079	787	0.1	-0.1	-2.10244
13059079	788	0.1	-0.1	-4.3149
13059079	789	0.1	-0.1	-1.02447
13059079	790	0.1	-0.1	-5.34968
13059079	791	0.1	-0.1	-3.62153
13059079	792	0.1	-0.1	-4.75869
13059079	793	0.1	-0.1	2.76828
13059079	794	0.1	-0.1	3.54734
13059079	795	0.1	-0.1	-3.73842
13059079	796	0.1	-0.1	0.192872
13059079	797	0.1	-0.1	3.82925
13059079	798	0.1	-0.1	4.60173
13059079	799	0.1	-0.1	-5.35844
13059079	800	0.1	-0.1	-5.65899
13059079	801	0.1	-0.1	-3.36878
13059079	802	0.1	-0.1	2.4755
13059079	803	0.1	-0.1	2.61432
13059079	804	0.1	-0.1	-0.00897678
13059079	805	0.1	-0.1	-2.68433
13059079	806	0.1	-0.1	-1.29879
13059079	807	0.1	-0.1	5.1315
13059079	808	0.1	-0.1	-1.88265
13059079	809	0.1	-0.1	4.81905
13059079	810	0.1	-0.1	4.86551
13059079	811	0.1	-0.1	-2.61309
13059079	812	0.1	-0.1	-1.95394
13059079	813	0.1	-0.1	-0.191145
13059079	814	0.1	-0.1	5.6425
13059079	815	0.1	-0.1	-0.58188
13059079	816	0.1	-0.1	0.683097
13059079	817	0.1	-0.1	-2.88855
13059079	818	0.1	-0.1	-5.08496
13059079	819	0.1	-0.1	4.88039
13059079	820	0.1	-0.1	0.758034
13059079	821	0.1	-0.1	-5.84185
13059079	822	0.1	-0.1	1.52329
13059079	823	0.1	-0.1	-3.01717
13059079	824	0.1	-0.1	4.32796
13059079	825	0.1	-0.1	-1.61806
13059079	826	0.1	-0.1	2.59555
13059079	827	0.1	-0.1	-5.3577
13059079	828	0.1	-0.1	5.04778
13059079	829	0.1	-0.1	4.60094
13059079	830	0.1	-0.1	3.20355
13059079	831	0.1	-0.1	3.9331
13059079	832	0.1	-0.1	-4.85571
13059079	833	0.1	-0.1	-5.94708
13059079	834	0.1	-0.1	-1.0233
13059079	835	0.1	-0.1	-3.06669
13059079	836	0.1	-0.1	-1.4438
13059079	837	0.1	-0.1	3.91422
13059079	838	0.1	-0.1	1.83022
13059079	839	0.1	-0.1	0.00905003
13059079	840	0.1	-0.1	-0.0231186
13059079	841	0.1	-0.1	3.18242
13059079	842	0.1	-0.1	0.817004
13059079	843	0.1	-0.1	5.99043
13059079	844	0.1	-0.1	4.4268
13059079	845	0.1	-0.1	-4.02509
13059079	846	0.1	-0.1	3.77206
13059079	847	0.1	-0.1	-3.15404
13059079	848	0.1	-0.1	-4.80486
13059079	849	0.1	-0.1	-1.41378
13059079	850	0.1	-0.1	1.36734
13059079	851	0.1	-0.1	0.902364
13059079	852	0.1	-0.1	-0.589411
13059079	853	0.1	-0.1	1.41865
13059079	854	0.1	-0.1	0.215109
13059079	855	0.1	-0.1	-4.0443
13059079	856	0.1	-0.1	4.9497
13059079	857	0.1	-0.1	-0.995987
13059079	858	0.1	-0.1	-2.8704
13059079	859	0.1	-0.1	-1.90171
13059079	860	0.1	-0.1	-0.915619
13059079	861	0.1	-0.1	2.3269
13059079	862	0.1	-0.1	-3.5265
13059079	863	0.1	-0.1	2.17646
13059079	864	0.1	-0.1	4.2478
13059079	865	0.1	-0.1	-3.28345
13059079	866	0.1	-0.1	-1.26536
13059079	867	0.1	-0.1	-2.57315
13059079	868	0.1	-0.1	3.95548
13059079	869	0.1	-0.1	5.92632
13059079	870	0.1	-0.1	-2.0268
13059079	871	0.1	-0.1	0.723322
13059079	872	0.1	-0.1	1.6771
13059079	873	0.1	-0.1	1.74762
13059079	874	0.1	-0.1	4.65708
13059079	875	0.1	-0.1	-0.322497
13059079	876	0.1	-0.1	-4.73679
13059079	877	0.1	-0.1	3.72593
13059079	878	0.1	-0.1	0.972448
13059079	879	0.1	-0.1	-0.0311935
13059079	880	0.1	-0.1	-0.382954
13059079	881	0.1	-0.1	0.866559
13059079	882	0.1	-0.1	4.64432
13059079	883	0.1	-0.1	4.63967
13059079	884	0.1	-0.1	4.37034
13059079	885	0.1	-0.1	-3.34933
13059079	886	0.1	-0.1	4.6156
13059079	887	0.1	-0.1	-4.67533
13059079	888	0.1	-0.1	-3.55042
13059079	889	0.1	-0.1	1.51411
13059079	890	0.1	-0.1	3.64586
13059079	891	0.1	-0.1	-0.879852
13059079	892	0.1	-0.1	1.51218
13059079	893	0.1	-0.1	4.10976
13059079	894	0.1	-0.1	4.40119
13059079	895	0.1	-0.1	3.68153
13059079	896	0.1	-0.1	-3.46228
13059079	897	0.1	-0.1	3.85664
13059079	898	0.1	-0.1	-5.73667
13059079	899	0.1	-0.1	3.13152
13059079	900	0.1	-0.1	-4.86003
13059079	901	0.1	-0.1	0.417065
13059079	902	0.1	-0.1	-5.57452
13059079	903	0.1	-0.1	-1.12193
13059079	904	0.1	-0.1	-2.618
13059079	905	0.1	-0.1	-4.016
13059079	906	0.1	-0.1	-1.06344
13059079	907	0.1	-0.1	1.99552
13059079	908	0.1	-0.1	4.10731
13059079	909	0.1	-0.1	-1.24836
13059079	910	0.1	-0.1	5.78504
13059079	911	0.1	-0.1	0.562441
13059079	912	0.1	-0.1	1.72484
13059079	913	0.1	-0.1	1.6561
13059079	914	0.1	-0.1	-1.9765
13059079	915	0.1	-0.1	2.64897
13059079	916	0.1	-0.1	-1.29588
13059079	917	0.1	-0.1	-0.640139
13059079	918	0.1	-0.1	4.85617
13059079	919	0.1	-0.1	-0.704309
13059079	920	0.1	-0.1	0.842865
13059079	921	0.1	-0.1	3.40767
13059079	922	0.1	-0.1	2.87389
13059079	923	0.1	-0.1	0.91984
13059079	924	0.1	-0.1	0.24378
13059079	925	0.1	-0.1	-0.100936
13059079	926	0.1	-0.1	-5.37153
13059079	927	0.1	-0.1	-3.49184
13059079	928	0.1	-0.1	-5.81697
13059079	929	0.1	-0.1	-1.70725
13059079	930	0.1	-0.1	-3.44628
13059079	931	0.1	-0.1	2.06536
13059079	932	0.1	-0.1	-1.66973
13059079	933	0.1	-0.1	-0.359252
13059079	934	0.1	-0.1	-0.209745
13059079	935	0.1	-0.1	-2.43136
13059079	936	0.1	-0.1	-1.34026
13059079	937	0.1	-0.1	-0.295334
13059079	938	0.1	-0.1	-4.94276
13059079	939	0.1	-0.1	1.35503
13059079	940	0.1	-0.1	-5.56406
13059079	941	0.1	-0.1	-4.25211
13059079	942	0.1	-0.1	3.70019
13059079	943	0.1	-0.1	-3.77526
13059079	944	0.1	-0.1	-0.000778704
13059079	945	0.1	-0.1	3.88076
13059079	946	0.1	-0.1	0.364732
13059079	947	0.1	-0.1	5.91086
13059079	948	0.1	-0.1	3.97859
13059079	949	0.1	-0.1	-3.67056
13059079	950	0.1	-0.1	-3.07896
13059079	951	0.1	-0.1	-4.21786
13059079	952	0.1	-0.1	-1.84485
13059079	953	0.1	-0.1	-1.14243
13059079	954	0.1	-0.1	0.454452
13059079	955	0.1	-0.1	4.95987
13059079	956	0.1	-0.1	-1.36345
13059079	957	0.1	-0.1	3.26175
13059079	958	0.1	-0.1	5.10012
13059079	959	0.1	-0.1	5.4611
13059079	960	0.1	-0.1	3.60906
13059079	961	0.1	-0.1	0.937587
13059079	962	0.1	-0.1	-4.00827
13059079	963	0.1	-0.1	-2.09303
13059079	964	0.1	-0.1	5.12478
13059079	965	0.1	-0.1	-4.07831
13059079	966	0.1	-0.1	-1.09538
13059079	967	0.1	-0.1	-5.45845
13059079	968	0.1	-0.1	-0.302719
13059079	969	0.1	-0.1	3.60562
13059079	970	0.1	-0.1	2.40686
13059079	971	0.1	-0.1	-0.525498
13059079	972	0.1	-0.1	-4.71379
13059079	973	0.1	-0.1	3.95431
13059079	974	0.1	-0.1	-4.76753
13059079	975	0.1	-0.1	-5.30682
13059079	976	0.1	-0.1	0.845115
13059079	977	0.1	-0.1	-1.73964
13059079	978	0.1	-0.1	0.380949
13059079	979	0.1	-0.1	-2.17098
13059079	980	0.1	-0.1	3.36594
13059079	981	0.1	-0.1	-1.28563
13059079	982	0.1	-0.1	-0.606309
13059079	983	0.1	-0.1	5.04243
13059079	984	0.1	-0.1	5.27467
13059079	985	0.1	-0.1	-1.88874
13059079	986	0.1	-0.1	5.73073
13059079	987	0.1	-0.1	4.06092
13059079	988	0.1	-0.1	-3.74579
13059079	989	0.1	-0.1	1.79263
13059079	990	0.1	-0.1	3.32752
13059079	991	0.1	-0.1	-0.173219
13059079	992	0.1	-0.1	0.618949
13059079	993	0.1	-0.1	1.76077
13059079	994	0.1	-0.1	-4.44003
13059079	995	0.1	-0.1	0.0207211
13059079	996	0.1	-0.1	-5.28071
13059079	997	0.1	-0.1	0.929719
13059079	998	0.1	-0.1	4.54749
13059079	999	0.1	-0.1	5.56507
13059079	1000	0.1	-0.1	-0.0314545
