13059038	1	0.1	-0.1	0.784744
13059038	2	0.1	-0.1	-5.70405
13059038	3	0.1	-0.1	5.59336
13059038	4	0.1	-0.1	-1.49664
13059038	5	0.1	-0.1	4.32298
13059038	6	0.1	-0.1	-0.402978
13059038	7	0.1	-0.1	4.52173
13059038	8	0.1	-0.1	-4.65914
13059038	9	0.1	-0.1	-2.19291
13059038	10	0.1	-0.1	-5.793
13059038	11	0.1	-0.1	3.42646
13059038	12	0.1	-0.1	-0.804361
13059038	13	0.1	-0.1	0.312087
13059038	14	0.1	-0.1	2.31665
13059038	15	0.1	-0.1	4.79065
13059038	16	0.1	-0.1	0.469449
13059038	17	0.1	-0.1	5.38227
13059038	18	0.1	-0.1	-4.49322
13059038	19	0.1	-0.1	-5.30757
13059038	20	0.1	-0.1	-4.71831
13059038	21	0.1	-0.1	-5.06188
13059038	22	0.1	-0.1	3.46162
13059038	23	0.1	-0.1	4.46909
13059038	24	0.1	-0.1	0.487919
13059038	25	0.1	-0.1	4.87091
13059038	26	0.1	-0.1	5.99751
13059038	27	0.1	-0.1	-3.8171
13059038	28	0.1	-0.1	0.37295
13059038	29	0.1	-0.1	-1.72005
13059038	30	0.1	-0.1	2.28223
13059038	31	0.1	-0.1	3.70406
13059038	32	0.1	-0.1	-5.89671
13059038	33	0.1	-0.1	5.82066
13059038	34	0.1	-0.1	-1.12682
13059038	35	0.1	-0.1	0.952667
13059038	36	0.1	-0.1	0.887574
13059038	37	0.1	-0.1	-3.93914
13059038	38	0.1	-0.1	-5.03103
13059038	39	0.1	-0.1	-3.85946
13059038	40	0.1	-0.1	-3.97015
13059038	41	0.1	-0.1	-1.53102
13059038	42	0.1	-0.1	-2.96494
13059038	43	0.1	-0.1	1.52213
13059038	44	0.1	-0.1	0.469634
13059038	45	0.1	-0.1	-0.798741
13059038	46	0.1	-0.1	5.47296
13059038	47	0.1	-0.1	5.66945
13059038	48	0.1	-0.1	-5.00668
13059038	49	0.1	-0.1	-2.77469
13059038	50	0.1	-0.1	4.0131
13059038	51	0.1	-0.1	0.764506
13059038	52	0.1	-0.1	4.32598
13059038	53	0.1	-0.1	4.22934
13059038	54	0.1	-0.1	-2.36355
13059038	55	0.1	-0.1	1.72118
13059038	56	0.1	-0.1	1.81469
13059038	57	0.1	-0.1	2.41692
13059038	58	0.1	-0.1	2.56381
13059038	59	0.1	-0.1	4.55077
13059038	60	0.1	-0.1	-1.95216
13059038	61	0.1	-0.1	-3.87317
13059038	62	0.1	-0.1	-0.469376
13059038	63	0.1	-0.1	0.669995
13059038	64	0.1	-0.1	3.95121
13059038	65	0.1	-0.1	3.80643
13059038	66	0.1	-0.1	-3.68286
13059038	67	0.1	-0.1	-1.26454
13059038	68	0.1	-0.1	3.99415
13059038	69	0.1	-0.1	3.48192
13059038	70	0.1	-0.1	-0.0722808
13059038	71	0.1	-0.1	-1.50942
13059038	72	0.1	-0.1	3.6075
13059038	73	0.1	-0.1	3.70306
13059038	74	0.1	-0.1	3.70806
13059038	75	0.1	-0.1	4.96262
13059038	76	0.1	-0.1	-0.512563
13059038	77	0.1	-0.1	-1.60914
13059038	78	0.1	-0.1	3.66746
13059038	79	0.1	-0.1	-3.64348
13059038	80	0.1	-0.1	-1.18073
13059038	81	0.1	-0.1	0.342151
13059038	82	0.1	-0.1	-2.31664
13059038	83	0.1	-0.1	-2.16631
13059038	84	0.1	-0.1	-3.70443
13059038	85	0.1	-0.1	-3.10096
13059038	86	0.1	-0.1	2.50124
13059038	87	0.1	-0.1	-4.08821
13059038	88	0.1	-0.1	-1.19243
13059038	89	0.1	-0.1	3.65935
13059038	90	0.1	-0.1	2.89524
13059038	91	0.1	-0.1	-1.39174
13059038	92	0.1	-0.1	0.0948617
13059038	93	0.1	-0.1	-0.763469
13059038	94	0.1	-0.1	-4.14485
13059038	95	0.1	-0.1	-2.13255
13059038	96	0.1	-0.1	0.764596
13059038	97	0.1	-0.1	5.37581
13059038	98	0.1	-0.1	-2.33298
13059038	99	0.1	-0.1	5.72868
13059038	100	0.1	-0.1	0.916653
13059038	101	0.1	-0.1	-2.33138
13059038	102	0.1	-0.1	2.31559
13059038	103	0.1	-0.1	-2.79165
13059038	104	0.1	-0.1	0.140496
13059038	105	0.1	-0.1	-2.45867
13059038	106	0.1	-0.1	5.42959
13059038	107	0.1	-0.1	-0.796772
13059038	108	0.1	-0.1	-3.82711
13059038	109	0.1	-0.1	2.67118
13059038	110	0.1	-0.1	0.181549
13059038	111	0.1	-0.1	1.43502
13059038	112	0.1	-0.1	-5.70492
13059038	113	0.1	-0.1	-1.23904
13059038	114	0.1	-0.1	5.52018
13059038	115	0.1	-0.1	-0.590266
13059038	116	0.1	-0.1	1.02326
13059038	117	0.1	-0.1	2.75757
13059038	118	0.1	-0.1	3.41523
13059038	119	0.1	-0.1	-4.65041
13059038	120	0.1	-0.1	0.515262
13059038	121	0.1	-0.1	2.33933
13059038	122	0.1	-0.1	3.70309
13059038	123	0.1	-0.1	1.65992
13059038	124	0.1	-0.1	2.31553
13059038	125	0.1	-0.1	5.72498
13059038	126	0.1	-0.1	5.35644
13059038	127	0.1	-0.1	2.7057
13059038	128	0.1	-0.1	3.1401
13059038	129	0.1	-0.1	-1.11079
13059038	130	0.1	-0.1	-0.888276
13059038	131	0.1	-0.1	1.14496
13059038	132	0.1	-0.1	3.96545
13059038	133	0.1	-0.1	2.66512
13059038	134	0.1	-0.1	4.32638
13059038	135	0.1	-0.1	-3.59515
13059038	136	0.1	-0.1	-1.14976
13059038	137	0.1	-0.1	2.17302
13059038	138	0.1	-0.1	-2.66509
13059038	139	0.1	-0.1	0.0115239
13059038	140	0.1	-0.1	4.58315
13059038	141	0.1	-0.1	-0.106982
13059038	142	0.1	-0.1	-3.19408
13059038	143	0.1	-0.1	1.19147
13059038	144	0.1	-0.1	-5.24658
13059038	145	0.1	-0.1	4.98837
13059038	146	0.1	-0.1	1.94564
13059038	147	0.1	-0.1	4.07897
13059038	148	0.1	-0.1	4.00216
13059038	149	0.1	-0.1	4.92908
13059038	150	0.1	-0.1	-5.34191
13059038	151	0.1	-0.1	2.74875
13059038	152	0.1	-0.1	5.8084
13059038	153	0.1	-0.1	1.99076
13059038	154	0.1	-0.1	3.68795
13059038	155	0.1	-0.1	4.69094
13059038	156	0.1	-0.1	0.411229
13059038	157	0.1	-0.1	3.53249
13059038	158	0.1	-0.1	-0.34508
13059038	159	0.1	-0.1	4.16531
13059038	160	0.1	-0.1	-2.41737
13059038	161	0.1	-0.1	-2.87718
13059038	162	0.1	-0.1	5.68536
13059038	163	0.1	-0.1	5.32268
13059038	164	0.1	-0.1	0.736269
13059038	165	0.1	-0.1	2.78117
13059038	166	0.1	-0.1	1.00341
13059038	167	0.1	-0.1	2.86976
13059038	168	0.1	-0.1	-3.40083
13059038	169	0.1	-0.1	0.146089
13059038	170	0.1	-0.1	0.250524
13059038	171	0.1	-0.1	-4.95148
13059038	172	0.1	-0.1	-0.345338
13059038	173	0.1	-0.1	-5.20006
13059038	174	0.1	-0.1	-2.0862
13059038	175	0.1	-0.1	-2.10009
13059038	176	0.1	-0.1	0.00106667
13059038	177	0.1	-0.1	-5.28352
13059038	178	0.1	-0.1	-3.3206
13059038	179	0.1	-0.1	0.519624
13059038	180	0.1	-0.1	-0.0484304
13059038	181	0.1	-0.1	-2.34767
13059038	182	0.1	-0.1	2.55446
13059038	183	0.1	-0.1	-0.761458
13059038	184	0.1	-0.1	3.19852
13059038	185	0.1	-0.1	-1.71064
13059038	186	0.1	-0.1	5.60473
13059038	187	0.1	-0.1	5.97027
13059038	188	0.1	-0.1	0.737186
13059038	189	0.1	-0.1	4.18522
13059038	190	0.1	-0.1	1.0344
13059038	191	0.1	-0.1	0.937002
13059038	192	0.1	-0.1	-5.68227
13059038	193	0.1	-0.1	4.44317
13059038	194	0.1	-0.1	-4.1169
13059038	195	0.1	-0.1	-0.258303
13059038	196	0.1	-0.1	2.12351
13059038	197	0.1	-0.1	2.52954
13059038	198	0.1	-0.1	1.08795
13059038	199	0.1	-0.1	2.73285
13059038	200	0.1	-0.1	2.84767
13059038	201	0.1	-0.1	0.179035
13059038	202	0.1	-0.1	4.16972
13059038	203	0.1	-0.1	-3.181
13059038	204	0.1	-0.1	-3.03695
13059038	205	0.1	-0.1	-4.68059
13059038	206	0.1	-0.1	-1.36187
13059038	207	0.1	-0.1	1.59057
13059038	208	0.1	-0.1	5.51907
13059038	209	0.1	-0.1	5.09261
13059038	210	0.1	-0.1	0.664186
13059038	211	0.1	-0.1	0.501223
13059038	212	0.1	-0.1	-4.85816
13059038	213	0.1	-0.1	3.51318
13059038	214	0.1	-0.1	-4.02612
13059038	215	0.1	-0.1	4.2022
13059038	216	0.1	-0.1	-0.720159
13059038	217	0.1	-0.1	3.96043
13059038	218	0.1	-0.1	-3.82354
13059038	219	0.1	-0.1	-0.654588
13059038	220	0.1	-0.1	4.10537
13059038	221	0.1	-0.1	-3.77763
13059038	222	0.1	-0.1	-5.13467
13059038	223	0.1	-0.1	-2.39055
13059038	224	0.1	-0.1	2.87502
13059038	225	0.1	-0.1	5.76834
13059038	226	0.1	-0.1	-5.31294
13059038	227	0.1	-0.1	-1.81097
13059038	228	0.1	-0.1	2.55816
13059038	229	0.1	-0.1	4.11202
13059038	230	0.1	-0.1	-5.43411
13059038	231	0.1	-0.1	-2.9149
13059038	232	0.1	-0.1	-0.704047
13059038	233	0.1	-0.1	-1.06925
13059038	234	0.1	-0.1	4.08969
13059038	235	0.1	-0.1	-1.362
13059038	236	0.1	-0.1	4.62347
13059038	237	0.1	-0.1	-2.06146
13059038	238	0.1	-0.1	-5.66976
13059038	239	0.1	-0.1	5.72071
13059038	240	0.1	-0.1	0.365643
13059038	241	0.1	-0.1	0.499157
13059038	242	0.1	-0.1	3.45781
13059038	243	0.1	-0.1	-3.10922
13059038	244	0.1	-0.1	1.5833
13059038	245	0.1	-0.1	2.98449
13059038	246	0.1	-0.1	3.21649
13059038	247	0.1	-0.1	-2.17409
13059038	248	0.1	-0.1	-1.53814
13059038	249	0.1	-0.1	3.43963
13059038	250	0.1	-0.1	5.0869
13059038	251	0.1	-0.1	2.0078
13059038	252	0.1	-0.1	1.4519
13059038	253	0.1	-0.1	-0.663214
13059038	254	0.1	-0.1	-3.53218
13059038	255	0.1	-0.1	-4.74655
13059038	256	0.1	-0.1	2.09413
13059038	257	0.1	-0.1	-0.823545
13059038	258	0.1	-0.1	1.94016
13059038	259	0.1	-0.1	-1.00681
13059038	260	0.1	-0.1	-4.87313
13059038	261	0.1	-0.1	-1.47061
13059038	262	0.1	-0.1	-1.5061
13059038	263	0.1	-0.1	-0.869168
13059038	264	0.1	-0.1	-5.28181
13059038	265	0.1	-0.1	5.6211
13059038	266	0.1	-0.1	-1.25349
13059038	267	0.1	-0.1	3.08532
13059038	268	0.1	-0.1	4.67564
13059038	269	0.1	-0.1	-1.58077
13059038	270	0.1	-0.1	-2.14325
13059038	271	0.1	-0.1	-2.18816
13059038	272	0.1	-0.1	-5.08448
13059038	273	0.1	-0.1	-0.984152
13059038	274	0.1	-0.1	3.68476
13059038	275	0.1	-0.1	-4.5584
13059038	276	0.1	-0.1	5.28747
13059038	277	0.1	-0.1	-0.203902
13059038	278	0.1	-0.1	-5.08083
13059038	279	0.1	-0.1	-4.73992
13059038	280	0.1	-0.1	-5.49613
13059038	281	0.1	-0.1	-3.23829
13059038	282	0.1	-0.1	3.46089
13059038	283	0.1	-0.1	4.6631
13059038	284	0.1	-0.1	-4.1004
13059038	285	0.1	-0.1	4.50086
13059038	286	0.1	-0.1	2.95406
13059038	287	0.1	-0.1	-4.53161
13059038	288	0.1	-0.1	-0.401409
13059038	289	0.1	-0.1	3.02111
13059038	290	0.1	-0.1	-0.794175
13059038	291	0.1	-0.1	-0.701243
13059038	292	0.1	-0.1	0.93477
13059038	293	0.1	-0.1	-4.96379
13059038	294	0.1	-0.1	-3.83792
13059038	295	0.1	-0.1	-2.74222
13059038	296	0.1	-0.1	-0.658292
13059038	297	0.1	-0.1	0.0849741
13059038	298	0.1	-0.1	5.16393
13059038	299	0.1	-0.1	1.54636
13059038	300	0.1	-0.1	2.10533
13059038	301	0.1	-0.1	1.22479
13059038	302	0.1	-0.1	-3.038
13059038	303	0.1	-0.1	2.87262
13059038	304	0.1	-0.1	-2.73487
13059038	305	0.1	-0.1	-3.33897
13059038	306	0.1	-0.1	1.61946
13059038	307	0.1	-0.1	4.41382
13059038	308	0.1	-0.1	3.92181
13059038	309	0.1	-0.1	-5.50181
13059038	310	0.1	-0.1	2.43259
13059038	311	0.1	-0.1	1.00004
13059038	312	0.1	-0.1	-2.5908
13059038	313	0.1	-0.1	1.08324
13059038	314	0.1	-0.1	-3.45558
13059038	315	0.1	-0.1	5.09421
13059038	316	0.1	-0.1	-5.94725
13059038	317	0.1	-0.1	-4.84056
13059038	318	0.1	-0.1	1.45723
13059038	319	0.1	-0.1	-4.34462
13059038	320	0.1	-0.1	4.28777
13059038	321	0.1	-0.1	-2.26563
13059038	322	0.1	-0.1	2.77575
13059038	323	0.1	-0.1	-1.9589
13059038	324	0.1	-0.1	-2.42151
13059038	325	0.1	-0.1	0.850511
13059038	326	0.1	-0.1	-4.59612
13059038	327	0.1	-0.1	-0.464314
13059038	328	0.1	-0.1	-4.59264
13059038	329	0.1	-0.1	1.41378
13059038	330	0.1	-0.1	1.6896
13059038	331	0.1	-0.1	0.059448
13059038	332	0.1	-0.1	0.726301
13059038	333	0.1	-0.1	4.07028
13059038	334	0.1	-0.1	3.89612
13059038	335	0.1	-0.1	-4.05643
13059038	336	0.1	-0.1	-5.96586
13059038	337	0.1	-0.1	1.5723
13059038	338	0.1	-0.1	4.01813
13059038	339	0.1	-0.1	4.83112
13059038	340	0.1	-0.1	-5.30269
13059038	341	0.1	-0.1	0.195689
13059038	342	0.1	-0.1	-3.23792
13059038	343	0.1	-0.1	-3.87253
13059038	344	0.1	-0.1	0.954021
13059038	345	0.1	-0.1	-0.315246
13059038	346	0.1	-0.1	2.01835
13059038	347	0.1	-0.1	0.607861
13059038	348	0.1	-0.1	4.2242
13059038	349	0.1	-0.1	4.54906
13059038	350	0.1	-0.1	3.98261
13059038	351	0.1	-0.1	2.30953
13059038	352	0.1	-0.1	2.13802
13059038	353	0.1	-0.1	0.992347
13059038	354	0.1	-0.1	5.28678
13059038	355	0.1	-0.1	-5.58402
13059038	356	0.1	-0.1	0.261012
13059038	357	0.1	-0.1	4.46244
13059038	358	0.1	-0.1	-5.89585
13059038	359	0.1	-0.1	-0.270785
13059038	360	0.1	-0.1	-4.18354
13059038	361	0.1	-0.1	-1.08132
13059038	362	0.1	-0.1	2.345
13059038	363	0.1	-0.1	5.49929
13059038	364	0.1	-0.1	0.426805
13059038	365	0.1	-0.1	3.33358
13059038	366	0.1	-0.1	-0.281053
13059038	367	0.1	-0.1	4.39174
13059038	368	0.1	-0.1	-2.22045
13059038	369	0.1	-0.1	-2.09889
13059038	370	0.1	-0.1	3.61511
13059038	371	0.1	-0.1	2.68161
13059038	372	0.1	-0.1	3.80778
13059038	373	0.1	-0.1	3.50167
13059038	374	0.1	-0.1	-3.34453
13059038	375	0.1	-0.1	-1.6015
13059038	376	0.1	-0.1	1.20078
13059038	377	0.1	-0.1	-1.66528
13059038	378	0.1	-0.1	-3.58433
13059038	379	0.1	-0.1	0.527235
13059038	380	0.1	-0.1	-5.45544
13059038	381	0.1	-0.1	5.01448
13059038	382	0.1	-0.1	-4.91291
13059038	383	0.1	-0.1	-2.45968
13059038	384	0.1	-0.1	-4.64537
13059038	385	0.1	-0.1	0.211359
13059038	386	0.1	-0.1	5.39527
13059038	387	0.1	-0.1	-1.5909
13059038	388	0.1	-0.1	-4.10743
13059038	389	0.1	-0.1	4.41913
13059038	390	0.1	-0.1	5.90671
13059038	391	0.1	-0.1	2.2464
13059038	392	0.1	-0.1	-1.12459
13059038	393	0.1	-0.1	3.10666
13059038	394	0.1	-0.1	5.5563
13059038	395	0.1	-0.1	1.03892
13059038	396	0.1	-0.1	1.14171
13059038	397	0.1	-0.1	-1.08892
13059038	398	0.1	-0.1	4.37601
13059038	399	0.1	-0.1	-0.216558
13059038	400	0.1	-0.1	-3.41725
13059038	401	0.1	-0.1	-3.10823
13059038	402	0.1	-0.1	0.515588
13059038	403	0.1	-0.1	-4.86818
13059038	404	0.1	-0.1	4.81718
13059038	405	0.1	-0.1	-4.10961
13059038	406	0.1	-0.1	-4.94287
13059038	407	0.1	-0.1	-2.06799
13059038	408	0.1	-0.1	-4.3244
13059038	409	0.1	-0.1	-5.11163
13059038	410	0.1	-0.1	5.70513
13059038	411	0.1	-0.1	3.92271
13059038	412	0.1	-0.1	1.68804
13059038	413	0.1	-0.1	1.65897
13059038	414	0.1	-0.1	-3.23834
13059038	415	0.1	-0.1	5.22714
13059038	416	0.1	-0.1	-0.591352
13059038	417	0.1	-0.1	-1.75526
13059038	418	0.1	-0.1	-4.98408
13059038	419	0.1	-0.1	-1.28177
13059038	420	0.1	-0.1	-3.23027
13059038	421	0.1	-0.1	5.6623
13059038	422	0.1	-0.1	5.69211
13059038	423	0.1	-0.1	-3.04268
13059038	424	0.1	-0.1	-5.00747
13059038	425	0.1	-0.1	-3.94979
13059038	426	0.1	-0.1	-2.4023
13059038	427	0.1	-0.1	-2.2674
13059038	428	0.1	-0.1	-0.482929
13059038	429	0.1	-0.1	-0.281324
13059038	430	0.1	-0.1	0.644604
13059038	431	0.1	-0.1	3.08461
13059038	432	0.1	-0.1	-4.63891
13059038	433	0.1	-0.1	-3.30331
13059038	434	0.1	-0.1	3.8696
13059038	435	0.1	-0.1	-4.78392
13059038	436	0.1	-0.1	4.82029
13059038	437	0.1	-0.1	-0.878469
13059038	438	0.1	-0.1	-5.33126
13059038	439	0.1	-0.1	0.251172
13059038	440	0.1	-0.1	4.66638
13059038	441	0.1	-0.1	-3.87775
13059038	442	0.1	-0.1	-4.79932
13059038	443	0.1	-0.1	-2.13858
13059038	444	0.1	-0.1	-3.33619
13059038	445	0.1	-0.1	-0.444938
13059038	446	0.1	-0.1	-5.29885
13059038	447	0.1	-0.1	5.38515
13059038	448	0.1	-0.1	-2.75435
13059038	449	0.1	-0.1	-4.11922
13059038	450	0.1	-0.1	2.65118
13059038	451	0.1	-0.1	-5.7417
13059038	452	0.1	-0.1	-4.71331
13059038	453	0.1	-0.1	5.37077
13059038	454	0.1	-0.1	4.38454
13059038	455	0.1	-0.1	-0.790627
13059038	456	0.1	-0.1	3.76501
13059038	457	0.1	-0.1	-4.23686
13059038	458	0.1	-0.1	-1.53385
13059038	459	0.1	-0.1	4.43638
13059038	460	0.1	-0.1	4.58145
13059038	461	0.1	-0.1	2.23395
13059038	462	0.1	-0.1	0.193681
13059038	463	0.1	-0.1	-0.101227
13059038	464	0.1	-0.1	-3.47673
13059038	465	0.1	-0.1	-3.14671
13059038	466	0.1	-0.1	-1.89387
13059038	467	0.1	-0.1	0.180039
13059038	468	0.1	-0.1	4.26588
13059038	469	0.1	-0.1	-4.63043
13059038	470	0.1	-0.1	-2.45516
13059038	471	0.1	-0.1	0.517544
13059038	472	0.1	-0.1	-1.26621
13059038	473	0.1	-0.1	-1.91063
13059038	474	0.1	-0.1	5.75298
13059038	475	0.1	-0.1	-0.183762
13059038	476	0.1	-0.1	-3.04094
13059038	477	0.1	-0.1	-0.42851
13059038	478	0.1	-0.1	3.38893
13059038	479	0.1	-0.1	-0.44671
13059038	480	0.1	-0.1	-1.33131
13059038	481	0.1	-0.1	-3.52233
13059038	482	0.1	-0.1	1.17884
13059038	483	0.1	-0.1	0.697056
13059038	484	0.1	-0.1	1.01889
13059038	485	0.1	-0.1	4.78496
13059038	486	0.1	-0.1	-2.18492
13059038	487	0.1	-0.1	0.920994
13059038	488	0.1	-0.1	-2.09992
13059038	489	0.1	-0.1	3.83775
13059038	490	0.1	-0.1	-0.549624
13059038	491	0.1	-0.1	0.212457
13059038	492	0.1	-0.1	-2.687
13059038	493	0.1	-0.1	-2.77721
13059038	494	0.1	-0.1	2.5399
13059038	495	0.1	-0.1	-4.46702
13059038	496	0.1	-0.1	2.95483
13059038	497	0.1	-0.1	-3.46274
13059038	498	0.1	-0.1	1.50286
13059038	499	0.1	-0.1	-1.15013
13059038	500	0.1	-0.1	-1.78384
13059038	501	0.1	-0.1	-3.32283
13059038	502	0.1	-0.1	-2.17439
13059038	503	0.1	-0.1	5.71564
13059038	504	0.1	-0.1	4.34067
13059038	505	0.1	-0.1	-0.941843
13059038	506	0.1	-0.1	3.29171
13059038	507	0.1	-0.1	-3.10789
13059038	508	0.1	-0.1	2.74762
13059038	509	0.1	-0.1	-3.50133
13059038	510	0.1	-0.1	1.94981
13059038	511	0.1	-0.1	4.98086
13059038	512	0.1	-0.1	-4.67715
13059038	513	0.1	-0.1	-5.1414
13059038	514	0.1	-0.1	-0.488858
13059038	515	0.1	-0.1	-3.62086
13059038	516	0.1	-0.1	-3.50065
13059038	517	0.1	-0.1	3.68356
13059038	518	0.1	-0.1	-3.36335
13059038	519	0.1	-0.1	0.676917
13059038	520	0.1	-0.1	0.610985
13059038	521	0.1	-0.1	1.37965
13059038	522	0.1	-0.1	-2.37221
13059038	523	0.1	-0.1	-1.12256
13059038	524	0.1	-0.1	-0.697708
13059038	525	0.1	-0.1	5.90339
13059038	526	0.1	-0.1	4.47958
13059038	527	0.1	-0.1	4.14067
13059038	528	0.1	-0.1	1.49047
13059038	529	0.1	-0.1	3.6337
13059038	530	0.1	-0.1	1.38129
13059038	531	0.1	-0.1	-2.59237
13059038	532	0.1	-0.1	3.45901
13059038	533	0.1	-0.1	-5.26254
13059038	534	0.1	-0.1	2.44873
13059038	535	0.1	-0.1	0.42679
13059038	536	0.1	-0.1	4.54742
13059038	537	0.1	-0.1	5.58172
13059038	538	0.1	-0.1	3.39663
13059038	539	0.1	-0.1	-2.66713
13059038	540	0.1	-0.1	-1.4579
13059038	541	0.1	-0.1	5.50112
13059038	542	0.1	-0.1	-2.52072
13059038	543	0.1	-0.1	-2.45912
13059038	544	0.1	-0.1	4.21753
13059038	545	0.1	-0.1	0.0615449
13059038	546	0.1	-0.1	-5.31128
13059038	547	0.1	-0.1	2.43739
13059038	548	0.1	-0.1	-2.41926
13059038	549	0.1	-0.1	2.74312
13059038	550	0.1	-0.1	-1.68083
13059038	551	0.1	-0.1	0.787985
13059038	552	0.1	-0.1	4.30223
13059038	553	0.1	-0.1	2.52994
13059038	554	0.1	-0.1	-2.85818
13059038	555	0.1	-0.1	-3.65449
13059038	556	0.1	-0.1	0.349541
13059038	557	0.1	-0.1	1.18349
13059038	558	0.1	-0.1	3.20608
13059038	559	0.1	-0.1	-2.56745
13059038	560	0.1	-0.1	1.17808
13059038	561	0.1	-0.1	-1.36298
13059038	562	0.1	-0.1	2.23482
13059038	563	0.1	-0.1	-1.10106
13059038	564	0.1	-0.1	3.32348
13059038	565	0.1	-0.1	5.09767
13059038	566	0.1	-0.1	-5.65577
13059038	567	0.1	-0.1	-0.136136
13059038	568	0.1	-0.1	0.920862
13059038	569	0.1	-0.1	-2.10618
13059038	570	0.1	-0.1	4.64842
13059038	571	0.1	-0.1	-0.184428
13059038	572	0.1	-0.1	3.20561
13059038	573	0.1	-0.1	-4.42527
13059038	574	0.1	-0.1	5.6475
13059038	575	0.1	-0.1	2.10995
13059038	576	0.1	-0.1	-1.29249
13059038	577	0.1	-0.1	3.88002
13059038	578	0.1	-0.1	-3.1396
13059038	579	0.1	-0.1	-5.75943
13059038	580	0.1	-0.1	-1.57555
13059038	581	0.1	-0.1	4.05793
13059038	582	0.1	-0.1	2.0392
13059038	583	0.1	-0.1	5.7576
13059038	584	0.1	-0.1	-2.50234
13059038	585	0.1	-0.1	-4.69951
13059038	586	0.1	-0.1	1.08267
13059038	587	0.1	-0.1	3.54124
13059038	588	0.1	-0.1	-2.46799
13059038	589	0.1	-0.1	-2.74539
13059038	590	0.1	-0.1	-4.26744
13059038	591	0.1	-0.1	5.09799
13059038	592	0.1	-0.1	5.31365
13059038	593	0.1	-0.1	-1.18333
13059038	594	0.1	-0.1	-3.85178
13059038	595	0.1	-0.1	-5.68313
13059038	596	0.1	-0.1	0.491571
13059038	597	0.1	-0.1	0.226855
13059038	598	0.1	-0.1	-2.88184
13059038	599	0.1	-0.1	2.01701
13059038	600	0.1	-0.1	-1.81899
13059038	601	0.1	-0.1	-3.51882
13059038	602	0.1	-0.1	-3.42486
13059038	603	0.1	-0.1	-5.07583
13059038	604	0.1	-0.1	1.41304
13059038	605	0.1	-0.1	-1.63938
13059038	606	0.1	-0.1	1.72612
13059038	607	0.1	-0.1	4.69346
13059038	608	0.1	-0.1	-1.57185
13059038	609	0.1	-0.1	-2.62536
13059038	610	0.1	-0.1	-1.11474
13059038	611	0.1	-0.1	4.25178
13059038	612	0.1	-0.1	1.59533
13059038	613	0.1	-0.1	3.45193
13059038	614	0.1	-0.1	-0.54869
13059038	615	0.1	-0.1	3.38184
13059038	616	0.1	-0.1	-2.90285
13059038	617	0.1	-0.1	-2.87132
13059038	618	0.1	-0.1	3.48381
13059038	619	0.1	-0.1	1.98109
13059038	620	0.1	-0.1	0.33182
13059038	621	0.1	-0.1	2.16323
13059038	622	0.1	-0.1	2.10526
13059038	623	0.1	-0.1	-2.56722
13059038	624	0.1	-0.1	2.86715
13059038	625	0.1	-0.1	-2.03844
13059038	626	0.1	-0.1	-5.01975
13059038	627	0.1	-0.1	5.00302
13059038	628	0.1	-0.1	0.151943
13059038	629	0.1	-0.1	-2.82362
13059038	630	0.1	-0.1	5.11629
13059038	631	0.1	-0.1	3.45147
13059038	632	0.1	-0.1	0.744752
13059038	633	0.1	-0.1	5.67977
13059038	634	0.1	-0.1	5.1888
13059038	635	0.1	-0.1	-1.63373
13059038	636	0.1	-0.1	-5.6776
13059038	637	0.1	-0.1	0.605186
13059038	638	0.1	-0.1	0.409304
13059038	639	0.1	-0.1	0.355097
13059038	640	0.1	-0.1	2.74718
13059038	641	0.1	-0.1	2.92483
13059038	642	0.1	-0.1	0.659586
13059038	643	0.1	-0.1	-3.47863
13059038	644	0.1	-0.1	4.84096
13059038	645	0.1	-0.1	-3.15832
13059038	646	0.1	-0.1	5.8227
13059038	647	0.1	-0.1	0.419823
13059038	648	0.1	-0.1	3.56878
13059038	649	0.1	-0.1	-4.60477
13059038	650	0.1	-0.1	-3.89932
13059038	651	0.1	-0.1	3.69393
13059038	652	0.1	-0.1	5.15345
13059038	653	0.1	-0.1	4.03417
13059038	654	0.1	-0.1	1.71029
13059038	655	0.1	-0.1	5.04483
13059038	656	0.1	-0.1	3.82653
13059038	657	0.1	-0.1	5.49514
13059038	658	0.1	-0.1	-0.0265118
13059038	659	0.1	-0.1	4.48824
13059038	660	0.1	-0.1	-2.97971
13059038	661	0.1	-0.1	0.167774
13059038	662	0.1	-0.1	4.42838
13059038	663	0.1	-0.1	-2.87547
13059038	664	0.1	-0.1	0.222786
13059038	665	0.1	-0.1	1.62827
13059038	666	0.1	-0.1	-1.33191
13059038	667	0.1	-0.1	4.111
13059038	668	0.1	-0.1	-3.62137
13059038	669	0.1	-0.1	3.74648
13059038	670	0.1	-0.1	-1.08254
13059038	671	0.1	-0.1	2.08257
13059038	672	0.1	-0.1	-5.54465
13059038	673	0.1	-0.1	-3.54962
13059038	674	0.1	-0.1	-3.49217
13059038	675	0.1	-0.1	5.45604
13059038	676	0.1	-0.1	-0.878703
13059038	677	0.1	-0.1	1.82399
13059038	678	0.1	-0.1	2.33836
13059038	679	0.1	-0.1	-1.24198
13059038	680	0.1	-0.1	2.35122
13059038	681	0.1	-0.1	1.56817
13059038	682	0.1	-0.1	-0.743884
13059038	683	0.1	-0.1	-3.4526
13059038	684	0.1	-0.1	1.98819
13059038	685	0.1	-0.1	-0.459634
13059038	686	0.1	-0.1	1.97415
13059038	687	0.1	-0.1	-3.91379
13059038	688	0.1	-0.1	-4.19783
13059038	689	0.1	-0.1	-2.5045
13059038	690	0.1	-0.1	-4.51108
13059038	691	0.1	-0.1	-4.31726
13059038	692	0.1	-0.1	1.21867
13059038	693	0.1	-0.1	1.24752
13059038	694	0.1	-0.1	-3.42633
13059038	695	0.1	-0.1	-4.23281
13059038	696	0.1	-0.1	-5.48427
13059038	697	0.1	-0.1	-0.128853
13059038	698	0.1	-0.1	-5.36116
13059038	699	0.1	-0.1	4.55583
13059038	700	0.1	-0.1	4.22586
13059038	701	0.1	-0.1	3.45032
13059038	702	0.1	-0.1	3.58618
13059038	703	0.1	-0.1	2.43418
13059038	704	0.1	-0.1	1.36961
13059038	705	0.1	-0.1	5.05053
13059038	706	0.1	-0.1	-0.653287
13059038	707	0.1	-0.1	-5.16459
13059038	708	0.1	-0.1	-5.83713
13059038	709	0.1	-0.1	-5.1643
13059038	710	0.1	-0.1	-1.16797
13059038	711	0.1	-0.1	4.66363
13059038	712	0.1	-0.1	-4.3625
13059038	713	0.1	-0.1	-3.36036
13059038	714	0.1	-0.1	0.185783
13059038	715	0.1	-0.1	-3.04133
13059038	716	0.1	-0.1	-1.97843
13059038	717	0.1	-0.1	-0.995152
13059038	718	0.1	-0.1	-4.66211
13059038	719	0.1	-0.1	0.76074
13059038	720	0.1	-0.1	2.36044
13059038	721	0.1	-0.1	3.84719
13059038	722	0.1	-0.1	-1.75001
13059038	723	0.1	-0.1	-0.8358
13059038	724	0.1	-0.1	-0.637591
13059038	725	0.1	-0.1	2.46867
13059038	726	0.1	-0.1	-3.70669
13059038	727	0.1	-0.1	2.95844
13059038	728	0.1	-0.1	-4.29415
13059038	729	0.1	-0.1	-0.711726
13059038	730	0.1	-0.1	-4.70728
13059038	731	0.1	-0.1	1.92259
13059038	732	0.1	-0.1	4.02741
13059038	733	0.1	-0.1	0.593107
13059038	734	0.1	-0.1	-3.15611
13059038	735	0.1	-0.1	-5.16603
13059038	736	0.1	-0.1	0.808595
13059038	737	0.1	-0.1	-0.0337426
13059038	738	0.1	-0.1	5.11925
13059038	739	0.1	-0.1	-1.6037
13059038	740	0.1	-0.1	-3.48872
13059038	741	0.1	-0.1	-1.94735
13059038	742	0.1	-0.1	-2.76804
13059038	743	0.1	-0.1	-4.08033
13059038	744	0.1	-0.1	1.02261
13059038	745	0.1	-0.1	1.41942
13059038	746	0.1	-0.1	4.22787
13059038	747	0.1	-0.1	4.97185
13059038	748	0.1	-0.1	-1.3761
13059038	749	0.1	-0.1	-5.44684
13059038	750	0.1	-0.1	-1.39623
13059038	751	0.1	-0.1	-3.71926
13059038	752	0.1	-0.1	-1.58971
13059038	753	0.1	-0.1	4.51688
13059038	754	0.1	-0.1	-5.39782
13059038	755	0.1	-0.1	4.30865
13059038	756	0.1	-0.1	-0.285552
13059038	757	0.1	-0.1	-4.72201
13059038	758	0.1	-0.1	-1.63642
13059038	759	0.1	-0.1	-0.0797333
13059038	760	0.1	-0.1	-2.77701
13059038	761	0.1	-0.1	0.62005
13059038	762	0.1	-0.1	-3.94794
13059038	763	0.1	-0.1	-1.19738
13059038	764	0.1	-0.1	0.887655
13059038	765	0.1	-0.1	-1.33348
13059038	766	0.1	-0.1	-1.09211
13059038	767	0.1	-0.1	4.45986
13059038	768	0.1	-0.1	2.43324
13059038	769	0.1	-0.1	-5.88105
13059038	770	0.1	-0.1	-0.249552
13059038	771	0.1	-0.1	2.15139
13059038	772	0.1	-0.1	-5.09914
13059038	773	0.1	-0.1	-5.88404
13059038	774	0.1	-0.1	1.03381
13059038	775	0.1	-0.1	-2.32952
13059038	776	0.1	-0.1	2.05174
13059038	777	0.1	-0.1	5.11174
13059038	778	0.1	-0.1	-2.04323
13059038	779	0.1	-0.1	-1.69351
13059038	780	0.1	-0.1	1.49184
13059038	781	0.1	-0.1	2.71751
13059038	782	0.1	-0.1	4.67712
13059038	783	0.1	-0.1	4.42188
13059038	784	0.1	-0.1	1.60247
13059038	785	0.1	-0.1	-1.17112
13059038	786	0.1	-0.1	1.18667
13059038	787	0.1	-0.1	-5.92614
13059038	788	0.1	-0.1	-1.60055
13059038	789	0.1	-0.1	2.97131
13059038	790	0.1	-0.1	-4.17175
13059038	791	0.1	-0.1	5.75293
13059038	792	0.1	-0.1	2.10649
13059038	793	0.1	-0.1	-2.64775
13059038	794	0.1	-0.1	-2.30604
13059038	795	0.1	-0.1	-3.35139
13059038	796	0.1	-0.1	0.630374
13059038	797	0.1	-0.1	-0.842738
13059038	798	0.1	-0.1	3.94913
13059038	799	0.1	-0.1	5.50127
13059038	800	0.1	-0.1	2.69712
13059038	801	0.1	-0.1	-1.29971
13059038	802	0.1	-0.1	-2.61583
13059038	803	0.1	-0.1	3.87024
13059038	804	0.1	-0.1	-5.41037
13059038	805	0.1	-0.1	-2.69354
13059038	806	0.1	-0.1	-3.84084
13059038	807	0.1	-0.1	-0.649966
13059038	808	0.1	-0.1	-3.15914
13059038	809	0.1	-0.1	-0.104561
13059038	810	0.1	-0.1	-5.8357
13059038	811	0.1	-0.1	1.17233
13059038	812	0.1	-0.1	-1.91099
13059038	813	0.1	-0.1	3.40283
13059038	814	0.1	-0.1	-5.39651
13059038	815	0.1	-0.1	3.58868
13059038	816	0.1	-0.1	5.75718
13059038	817	0.1	-0.1	-1.78613
13059038	818	0.1	-0.1	2.89108
13059038	819	0.1	-0.1	2.09073
13059038	820	0.1	-0.1	5.13722
13059038	821	0.1	-0.1	1.3889
13059038	822	0.1	-0.1	-4.55822
13059038	823	0.1	-0.1	-5.76385
13059038	824	0.1	-0.1	0.425208
13059038	825	0.1	-0.1	-4.87791
13059038	826	0.1	-0.1	-1.476
13059038	827	0.1	-0.1	3.5556
13059038	828	0.1	-0.1	-2.29832
13059038	829	0.1	-0.1	-4.26685
13059038	830	0.1	-0.1	-1.30636
13059038	831	0.1	-0.1	5.9377
13059038	832	0.1	-0.1	-3.09641
13059038	833	0.1	-0.1	-4.37809
13059038	834	0.1	-0.1	-2.1649
13059038	835	0.1	-0.1	1.66959
13059038	836	0.1	-0.1	0.562525
13059038	837	0.1	-0.1	1.36548
13059038	838	0.1	-0.1	-5.36362
13059038	839	0.1	-0.1	-1.3927
13059038	840	0.1	-0.1	1.93582
13059038	841	0.1	-0.1	-4.41022
13059038	842	0.1	-0.1	-0.195477
13059038	843	0.1	-0.1	4.75797
13059038	844	0.1	-0.1	4.14987
13059038	845	0.1	-0.1	-5.02272
13059038	846	0.1	-0.1	5.06215
13059038	847	0.1	-0.1	-1.57945
13059038	848	0.1	-0.1	0.974479
13059038	849	0.1	-0.1	0.615653
13059038	850	0.1	-0.1	-0.55961
13059038	851	0.1	-0.1	-1.3439
13059038	852	0.1	-0.1	4.80677
13059038	853	0.1	-0.1	-5.68294
13059038	854	0.1	-0.1	0.720949
13059038	855	0.1	-0.1	-3.31125
13059038	856	0.1	-0.1	-0.940858
13059038	857	0.1	-0.1	3.50516
13059038	858	0.1	-0.1	2.92653
13059038	859	0.1	-0.1	-0.379034
13059038	860	0.1	-0.1	1.52117
13059038	861	0.1	-0.1	-4.87879
13059038	862	0.1	-0.1	-0.502573
13059038	863	0.1	-0.1	3.44088
13059038	864	0.1	-0.1	5.87208
13059038	865	0.1	-0.1	-0.979721
13059038	866	0.1	-0.1	2.02483
13059038	867	0.1	-0.1	-1.0128
13059038	868	0.1	-0.1	1.60913
13059038	869	0.1	-0.1	-4.0338
13059038	870	0.1	-0.1	-2.88668
13059038	871	0.1	-0.1	1.34516
13059038	872	0.1	-0.1	3.13122
13059038	873	0.1	-0.1	-4.43586
13059038	874	0.1	-0.1	3.31904
13059038	875	0.1	-0.1	-5.70524
13059038	876	0.1	-0.1	4.48862
13059038	877	0.1	-0.1	-0.787577
13059038	878	0.1	-0.1	2.88257
13059038	879	0.1	-0.1	0.540826
13059038	880	0.1	-0.1	3.66102
13059038	881	0.1	-0.1	0.0622329
13059038	882	0.1	-0.1	2.95584
13059038	883	0.1	-0.1	-2.5254
13059038	884	0.1	-0.1	-3.72412
13059038	885	0.1	-0.1	4.88196
13059038	886	0.1	-0.1	0.694807
13059038	887	0.1	-0.1	4.97398
13059038	888	0.1	-0.1	-0.438331
13059038	889	0.1	-0.1	2.15843
13059038	890	0.1	-0.1	5.67605
13059038	891	0.1	-0.1	0.18649
13059038	892	0.1	-0.1	5.59088
13059038	893	0.1	-0.1	-4.66961
13059038	894	0.1	-0.1	1.09278
13059038	895	0.1	-0.1	5.19644
13059038	896	0.1	-0.1	-1.21866
13059038	897	0.1	-0.1	0.219302
13059038	898	0.1	-0.1	-4.39671
13059038	899	0.1	-0.1	5.55251
13059038	900	0.1	-0.1	-0.519356
13059038	901	0.1	-0.1	1.18125
13059038	902	0.1	-0.1	-0.331048
13059038	903	0.1	-0.1	1.28156
13059038	904	0.1	-0.1	2.02387
13059038	905	0.1	-0.1	-4.31822
13059038	906	0.1	-0.1	2.34424
13059038	907	0.1	-0.1	5.5726
13059038	908	0.1	-0.1	2.86365
13059038	909	0.1	-0.1	0.311012
13059038	910	0.1	-0.1	-5.62043
13059038	911	0.1	-0.1	-1.18798
13059038	912	0.1	-0.1	4.1954
13059038	913	0.1	-0.1	5.97426
13059038	914	0.1	-0.1	1.60194
13059038	915	0.1	-0.1	1.64503
13059038	916	0.1	-0.1	-3.62761
13059038	917	0.1	-0.1	-5.28227
13059038	918	0.1	-0.1	4.87922
13059038	919	0.1	-0.1	-0.708372
13059038	920	0.1	-0.1	-0.0990857
13059038	921	0.1	-0.1	4.97291
13059038	922	0.1	-0.1	-4.22979
13059038	923	0.1	-0.1	-1.86119
13059038	924	0.1	-0.1	-3.559
13059038	925	0.1	-0.1	-1.30508
13059038	926	0.1	-0.1	3.26579
13059038	927	0.1	-0.1	-3.13052
13059038	928	0.1	-0.1	-3.25388
13059038	929	0.1	-0.1	-3.77646
13059038	930	0.1	-0.1	-3.39605
13059038	931	0.1	-0.1	-4.54438
13059038	932	0.1	-0.1	-0.252716
13059038	933	0.1	-0.1	-2.85089
13059038	934	0.1	-0.1	-3.46127
13059038	935	0.1	-0.1	-1.16846
13059038	936	0.1	-0.1	-4.96154
13059038	937	0.1	-0.1	-0.163018
13059038	938	0.1	-0.1	-4.4505
13059038	939	0.1	-0.1	5.99862
13059038	940	0.1	-0.1	0.476556
13059038	941	0.1	-0.1	4.06159
13059038	942	0.1	-0.1	-0.356397
13059038	943	0.1	-0.1	-2.23275
13059038	944	0.1	-0.1	3.29404
13059038	945	0.1	-0.1	1.55217
13059038	946	0.1	-0.1	-4.52258
13059038	947	0.1	-0.1	0.859531
13059038	948	0.1	-0.1	-3.05267
13059038	949	0.1	-0.1	-1.90931
13059038	950	0.1	-0.1	3.32855
13059038	951	0.1	-0.1	5.63698
13059038	952	0.1	-0.1	0.967852
13059038	953	0.1	-0.1	3.69888
13059038	954	0.1	-0.1	5.19678
13059038	955	0.1	-0.1	3.57683
13059038	956	0.1	-0.1	-5.82739
13059038	957	0.1	-0.1	-3.37636
13059038	958	0.1	-0.1	-2.21079
13059038	959	0.1	-0.1	-1.81528
13059038	960	0.1	-0.1	2.07361
13059038	961	0.1	-0.1	-1.0107
13059038	962	0.1	-0.1	0.950128
13059038	963	0.1	-0.1	-0.00113406
13059038	964	0.1	-0.1	-5.63064
13059038	965	0.1	-0.1	5.54655
13059038	966	0.1	-0.1	-1.62391
13059038	967	0.1	-0.1	5.7233
13059038	968	0.1	-0.1	4.53138
13059038	969	0.1	-0.1	5.3741
13059038	970	0.1	-0.1	0.564395
13059038	971	0.1	-0.1	-0.0374432
13059038	972	0.1	-0.1	-5.37407
13059038	973	0.1	-0.1	-0.208926
13059038	974	0.1	-0.1	1.27325
13059038	975	0.1	-0.1	-3.91653
13059038	976	0.1	-0.1	-4.11074
13059038	977	0.1	-0.1	-3.59789
13059038	978	0.1	-0.1	5.55665
13059038	979	0.1	-0.1	0.620913
13059038	980	0.1	-0.1	4.24233
13059038	981	0.1	-0.1	1.72589
13059038	982	0.1	-0.1	-4.88669
13059038	983	0.1	-0.1	2.14959
13059038	984	0.1	-0.1	1.22666
13059038	985	0.1	-0.1	3.30628
13059038	986	0.1	-0.1	2.70086
13059038	987	0.1	-0.1	5.17408
13059038	988	0.1	-0.1	2.06564
13059038	989	0.1	-0.1	-2.85445
13059038	990	0.1	-0.1	4.10466
13059038	991	0.1	-0.1	-5.70363
13059038	992	0.1	-0.1	-3.9102
13059038	993	0.1	-0.1	-3.60885
13059038	994	0.1	-0.1	2.54255
13059038	995	0.1	-0.1	-0.554881
13059038	996	0.1	-0.1	2.26765
13059038	997	0.1	-0.1	2.89631
13059038	998	0.1	-0.1	-1.46807
13059038	999	0.1	-0.1	5.66957
13059038	1000	0.1	-0.1	1.20999
