13056039	1	0.1	-0.1	-1.44216
13056039	2	0.1	-0.1	-4.39117
13056039	3	0.1	-0.1	-3.2734
13056039	4	0.1	-0.1	-0.122811
13056039	5	0.1	-0.1	4.2001
13056039	6	0.1	-0.1	0.491818
13056039	7	0.1	-0.1	1.76
13056039	8	0.1	-0.1	-3.47277
13056039	9	0.1	-0.1	-3.22701
13056039	10	0.1	-0.1	2.69227
13056039	11	0.1	-0.1	-1.22948
13056039	12	0.1	-0.1	-3.13028
13056039	13	0.1	-0.1	5.93046
13056039	14	0.1	-0.1	5.91929
13056039	15	0.1	-0.1	2.97037
13056039	16	0.1	-0.1	-1.83796
13056039	17	0.1	-0.1	3.53065
13056039	18	0.1	-0.1	-4.70073
13056039	19	0.1	-0.1	-0.720449
13056039	20	0.1	-0.1	1.30057
13056039	21	0.1	-0.1	5.90524
13056039	22	0.1	-0.1	-3.70873
13056039	23	0.1	-0.1	2.53461
13056039	24	0.1	-0.1	3.46959
13056039	25	0.1	-0.1	-5.75155
13056039	26	0.1	-0.1	-1.53523
13056039	27	0.1	-0.1	1.13624
13056039	28	0.1	-0.1	-3.35521
13056039	29	0.1	-0.1	-3.1562
13056039	30	0.1	-0.1	-5.17393
13056039	31	0.1	-0.1	-1.37601
13056039	32	0.1	-0.1	4.30637
13056039	33	0.1	-0.1	-1.85817
13056039	34	0.1	-0.1	1.44998
13056039	35	0.1	-0.1	3.95079
13056039	36	0.1	-0.1	1.29548
13056039	37	0.1	-0.1	0.738302
13056039	38	0.1	-0.1	5.89877
13056039	39	0.1	-0.1	-0.743244
13056039	40	0.1	-0.1	-5.5109
13056039	41	0.1	-0.1	5.2257
13056039	42	0.1	-0.1	4.54435
13056039	43	0.1	-0.1	-3.08196
13056039	44	0.1	-0.1	-4.09825
13056039	45	0.1	-0.1	2.0397
13056039	46	0.1	-0.1	4.87677
13056039	47	0.1	-0.1	-3.47685
13056039	48	0.1	-0.1	5.20007
13056039	49	0.1	-0.1	2.2789
13056039	50	0.1	-0.1	-4.6299
13056039	51	0.1	-0.1	2.24239
13056039	52	0.1	-0.1	5.6939
13056039	53	0.1	-0.1	-4.40581
13056039	54	0.1	-0.1	5.93115
13056039	55	0.1	-0.1	1.19468
13056039	56	0.1	-0.1	-4.53077
13056039	57	0.1	-0.1	-2.95087
13056039	58	0.1	-0.1	5.15643
13056039	59	0.1	-0.1	-4.74739
13056039	60	0.1	-0.1	-3.50248
13056039	61	0.1	-0.1	-0.836494
13056039	62	0.1	-0.1	-5.1228
13056039	63	0.1	-0.1	-5.66876
13056039	64	0.1	-0.1	2.12168
13056039	65	0.1	-0.1	4.43565
13056039	66	0.1	-0.1	3.13073
13056039	67	0.1	-0.1	-1.67755
13056039	68	0.1	-0.1	2.99312
13056039	69	0.1	-0.1	2.14389
13056039	70	0.1	-0.1	3.00874
13056039	71	0.1	-0.1	4.30167
13056039	72	0.1	-0.1	-4.93248
13056039	73	0.1	-0.1	3.13691
13056039	74	0.1	-0.1	0.351958
13056039	75	0.1	-0.1	-3.39744
13056039	76	0.1	-0.1	1.71648
13056039	77	0.1	-0.1	-5.47324
13056039	78	0.1	-0.1	-3.0463
13056039	79	0.1	-0.1	5.54276
13056039	80	0.1	-0.1	4.11463
13056039	81	0.1	-0.1	-5.39452
13056039	82	0.1	-0.1	3.57217
13056039	83	0.1	-0.1	0.539594
13056039	84	0.1	-0.1	4.66826
13056039	85	0.1	-0.1	-5.64362
13056039	86	0.1	-0.1	-3.27406
13056039	87	0.1	-0.1	0.472314
13056039	88	0.1	-0.1	4.02392
13056039	89	0.1	-0.1	-2.30832
13056039	90	0.1	-0.1	-0.28344
13056039	91	0.1	-0.1	-4.90329
13056039	92	0.1	-0.1	0.842257
13056039	93	0.1	-0.1	-4.34156
13056039	94	0.1	-0.1	-2.24272
13056039	95	0.1	-0.1	-4.96566
13056039	96	0.1	-0.1	1.83192
13056039	97	0.1	-0.1	-0.442224
13056039	98	0.1	-0.1	1.91496
13056039	99	0.1	-0.1	-2.41637
13056039	100	0.1	-0.1	0.355194
13056039	101	0.1	-0.1	4.92627
13056039	102	0.1	-0.1	-2.74861
13056039	103	0.1	-0.1	2.54996
13056039	104	0.1	-0.1	1.99788
13056039	105	0.1	-0.1	-1.45812
13056039	106	0.1	-0.1	-0.58429
13056039	107	0.1	-0.1	-4.85087
13056039	108	0.1	-0.1	0.232339
13056039	109	0.1	-0.1	4.3401
13056039	110	0.1	-0.1	5.8557
13056039	111	0.1	-0.1	-4.08052
13056039	112	0.1	-0.1	-3.81628
13056039	113	0.1	-0.1	1.49005
13056039	114	0.1	-0.1	-2.75339
13056039	115	0.1	-0.1	-4.3276
13056039	116	0.1	-0.1	-1.88694
13056039	117	0.1	-0.1	-2.62019
13056039	118	0.1	-0.1	3.45451
13056039	119	0.1	-0.1	-3.44483
13056039	120	0.1	-0.1	1.67156
13056039	121	0.1	-0.1	-2.73757
13056039	122	0.1	-0.1	-5.22214
13056039	123	0.1	-0.1	-5.11167
13056039	124	0.1	-0.1	-5.61474
13056039	125	0.1	-0.1	4.26209
13056039	126	0.1	-0.1	5.15314
13056039	127	0.1	-0.1	5.5725
13056039	128	0.1	-0.1	-5.12971
13056039	129	0.1	-0.1	5.07328
13056039	130	0.1	-0.1	-3.6322
13056039	131	0.1	-0.1	2.22469
13056039	132	0.1	-0.1	-1.44341
13056039	133	0.1	-0.1	1.43442
13056039	134	0.1	-0.1	-3.61017
13056039	135	0.1	-0.1	-4.12428
13056039	136	0.1	-0.1	-5.3278
13056039	137	0.1	-0.1	-1.74314
13056039	138	0.1	-0.1	-2.247
13056039	139	0.1	-0.1	4.69743
13056039	140	0.1	-0.1	2.54401
13056039	141	0.1	-0.1	0.733645
13056039	142	0.1	-0.1	-0.913302
13056039	143	0.1	-0.1	-0.540958
13056039	144	0.1	-0.1	3.5228
13056039	145	0.1	-0.1	-3.61523
13056039	146	0.1	-0.1	1.00441
13056039	147	0.1	-0.1	-3.3524
13056039	148	0.1	-0.1	2.45934
13056039	149	0.1	-0.1	-2.9665
13056039	150	0.1	-0.1	-1.46374
13056039	151	0.1	-0.1	-2.90311
13056039	152	0.1	-0.1	0.967994
13056039	153	0.1	-0.1	-0.0497349
13056039	154	0.1	-0.1	3.80297
13056039	155	0.1	-0.1	-0.988096
13056039	156	0.1	-0.1	-0.428391
13056039	157	0.1	-0.1	1.51681
13056039	158	0.1	-0.1	-3.94038
13056039	159	0.1	-0.1	-5.19483
13056039	160	0.1	-0.1	3.18809
13056039	161	0.1	-0.1	4.17137
13056039	162	0.1	-0.1	-5.78463
13056039	163	0.1	-0.1	-5.4952
13056039	164	0.1	-0.1	-2.51855
13056039	165	0.1	-0.1	5.03105
13056039	166	0.1	-0.1	4.14143
13056039	167	0.1	-0.1	5.25654
13056039	168	0.1	-0.1	-0.00830348
13056039	169	0.1	-0.1	-0.691418
13056039	170	0.1	-0.1	1.24246
13056039	171	0.1	-0.1	-4.49184
13056039	172	0.1	-0.1	-2.6266
13056039	173	0.1	-0.1	-3.97444
13056039	174	0.1	-0.1	0.855558
13056039	175	0.1	-0.1	0.286606
13056039	176	0.1	-0.1	-5.64555
13056039	177	0.1	-0.1	0.698782
13056039	178	0.1	-0.1	-2.4035
13056039	179	0.1	-0.1	1.0631
13056039	180	0.1	-0.1	-3.26284
13056039	181	0.1	-0.1	2.82962
13056039	182	0.1	-0.1	-4.31967
13056039	183	0.1	-0.1	-3.01982
13056039	184	0.1	-0.1	-3.40043
13056039	185	0.1	-0.1	-3.91335
13056039	186	0.1	-0.1	-4.61007
13056039	187	0.1	-0.1	4.17106
13056039	188	0.1	-0.1	-0.228545
13056039	189	0.1	-0.1	3.01198
13056039	190	0.1	-0.1	5.471
13056039	191	0.1	-0.1	-0.520777
13056039	192	0.1	-0.1	-4.69654
13056039	193	0.1	-0.1	-4.11615
13056039	194	0.1	-0.1	-4.82564
13056039	195	0.1	-0.1	-5.19147
13056039	196	0.1	-0.1	-3.90041
13056039	197	0.1	-0.1	-1.83218
13056039	198	0.1	-0.1	0.886167
13056039	199	0.1	-0.1	-3.07949
13056039	200	0.1	-0.1	3.0855
13056039	201	0.1	-0.1	-5.55422
13056039	202	0.1	-0.1	0.627642
13056039	203	0.1	-0.1	2.90356
13056039	204	0.1	-0.1	-1.31515
13056039	205	0.1	-0.1	4.56884
13056039	206	0.1	-0.1	-2.17135
13056039	207	0.1	-0.1	5.33598
13056039	208	0.1	-0.1	2.99926
13056039	209	0.1	-0.1	-3.50373
13056039	210	0.1	-0.1	-2.35897
13056039	211	0.1	-0.1	4.58552
13056039	212	0.1	-0.1	-0.655449
13056039	213	0.1	-0.1	0.163939
13056039	214	0.1	-0.1	3.86931
13056039	215	0.1	-0.1	-1.02918
13056039	216	0.1	-0.1	1.4832
13056039	217	0.1	-0.1	1.23174
13056039	218	0.1	-0.1	-1.41606
13056039	219	0.1	-0.1	-0.0057938
13056039	220	0.1	-0.1	3.24836
13056039	221	0.1	-0.1	-0.162744
13056039	222	0.1	-0.1	0.463774
13056039	223	0.1	-0.1	-1.60845
13056039	224	0.1	-0.1	3.12914
13056039	225	0.1	-0.1	0.485925
13056039	226	0.1	-0.1	1.334
13056039	227	0.1	-0.1	-4.14485
13056039	228	0.1	-0.1	-3.44221
13056039	229	0.1	-0.1	-4.42293
13056039	230	0.1	-0.1	-1.71132
13056039	231	0.1	-0.1	-4.8964
13056039	232	0.1	-0.1	5.57866
13056039	233	0.1	-0.1	3.20614
13056039	234	0.1	-0.1	2.0052
13056039	235	0.1	-0.1	-1.32176
13056039	236	0.1	-0.1	-2.94095
13056039	237	0.1	-0.1	-0.174502
13056039	238	0.1	-0.1	-2.09038
13056039	239	0.1	-0.1	1.03524
13056039	240	0.1	-0.1	2.75169
13056039	241	0.1	-0.1	-0.935515
13056039	242	0.1	-0.1	-0.0721548
13056039	243	0.1	-0.1	4.39739
13056039	244	0.1	-0.1	-0.532569
13056039	245	0.1	-0.1	4.1787
13056039	246	0.1	-0.1	-0.670275
13056039	247	0.1	-0.1	0.391241
13056039	248	0.1	-0.1	1.67777
13056039	249	0.1	-0.1	1.83997
13056039	250	0.1	-0.1	-3.09504
13056039	251	0.1	-0.1	5.44304
13056039	252	0.1	-0.1	-5.82656
13056039	253	0.1	-0.1	4.40093
13056039	254	0.1	-0.1	-5.41713
13056039	255	0.1	-0.1	-5.21095
13056039	256	0.1	-0.1	-2.95559
13056039	257	0.1	-0.1	1.36239
13056039	258	0.1	-0.1	2.68002
13056039	259	0.1	-0.1	-4.94492
13056039	260	0.1	-0.1	3.97237
13056039	261	0.1	-0.1	-5.0645
13056039	262	0.1	-0.1	-5.84243
13056039	263	0.1	-0.1	-3.39882
13056039	264	0.1	-0.1	-3.74247
13056039	265	0.1	-0.1	-5.17697
13056039	266	0.1	-0.1	-4.48635
13056039	267	0.1	-0.1	3.03426
13056039	268	0.1	-0.1	-5.19317
13056039	269	0.1	-0.1	2.76418
13056039	270	0.1	-0.1	5.17305
13056039	271	0.1	-0.1	5.93959
13056039	272	0.1	-0.1	1.07046
13056039	273	0.1	-0.1	-5.84816
13056039	274	0.1	-0.1	5.61277
13056039	275	0.1	-0.1	-5.15168
13056039	276	0.1	-0.1	-1.66761
13056039	277	0.1	-0.1	-0.727914
13056039	278	0.1	-0.1	5.71859
13056039	279	0.1	-0.1	-0.163509
13056039	280	0.1	-0.1	1.65181
13056039	281	0.1	-0.1	5.7495
13056039	282	0.1	-0.1	0.906279
13056039	283	0.1	-0.1	1.26626
13056039	284	0.1	-0.1	5.08906
13056039	285	0.1	-0.1	-1.96857
13056039	286	0.1	-0.1	4.40528
13056039	287	0.1	-0.1	0.271803
13056039	288	0.1	-0.1	-5.53351
13056039	289	0.1	-0.1	-2.66065
13056039	290	0.1	-0.1	2.78045
13056039	291	0.1	-0.1	-5.14321
13056039	292	0.1	-0.1	5.54218
13056039	293	0.1	-0.1	-5.83679
13056039	294	0.1	-0.1	4.9446
13056039	295	0.1	-0.1	1.11498
13056039	296	0.1	-0.1	-4.8497
13056039	297	0.1	-0.1	0.575094
13056039	298	0.1	-0.1	4.99308
13056039	299	0.1	-0.1	-4.94635
13056039	300	0.1	-0.1	-2.6482
13056039	301	0.1	-0.1	2.77152
13056039	302	0.1	-0.1	-0.787662
13056039	303	0.1	-0.1	-0.088217
13056039	304	0.1	-0.1	-1.68378
13056039	305	0.1	-0.1	-1.42997
13056039	306	0.1	-0.1	-4.79912
13056039	307	0.1	-0.1	3.3688
13056039	308	0.1	-0.1	-1.79094
13056039	309	0.1	-0.1	-3.57782
13056039	310	0.1	-0.1	-5.24103
13056039	311	0.1	-0.1	4.44781
13056039	312	0.1	-0.1	-1.99766
13056039	313	0.1	-0.1	-2.00818
13056039	314	0.1	-0.1	-2.97199
13056039	315	0.1	-0.1	-5.00009
13056039	316	0.1	-0.1	-2.82409
13056039	317	0.1	-0.1	-2.85058
13056039	318	0.1	-0.1	-0.147108
13056039	319	0.1	-0.1	1.88133
13056039	320	0.1	-0.1	3.48013
13056039	321	0.1	-0.1	3.07726
13056039	322	0.1	-0.1	3.5813
13056039	323	0.1	-0.1	-4.08923
13056039	324	0.1	-0.1	5.47017
13056039	325	0.1	-0.1	2.99206
13056039	326	0.1	-0.1	2.87536
13056039	327	0.1	-0.1	4.28022
13056039	328	0.1	-0.1	0.248134
13056039	329	0.1	-0.1	2.49169
13056039	330	0.1	-0.1	3.94455
13056039	331	0.1	-0.1	2.62935
13056039	332	0.1	-0.1	-2.92537
13056039	333	0.1	-0.1	-3.22005
13056039	334	0.1	-0.1	5.54479
13056039	335	0.1	-0.1	2.46143
13056039	336	0.1	-0.1	5.23668
13056039	337	0.1	-0.1	0.0730154
13056039	338	0.1	-0.1	0.446953
13056039	339	0.1	-0.1	-1.61815
13056039	340	0.1	-0.1	2.79301
13056039	341	0.1	-0.1	2.08435
13056039	342	0.1	-0.1	-2.3314
13056039	343	0.1	-0.1	-4.26388
13056039	344	0.1	-0.1	-0.544458
13056039	345	0.1	-0.1	-4.3388
13056039	346	0.1	-0.1	0.190777
13056039	347	0.1	-0.1	-3.90195
13056039	348	0.1	-0.1	-3.2274
13056039	349	0.1	-0.1	1.25808
13056039	350	0.1	-0.1	2.53314
13056039	351	0.1	-0.1	4.09347
13056039	352	0.1	-0.1	-3.55861
13056039	353	0.1	-0.1	3.70058
13056039	354	0.1	-0.1	-1.47289
13056039	355	0.1	-0.1	0.778767
13056039	356	0.1	-0.1	-0.0960743
13056039	357	0.1	-0.1	0.516334
13056039	358	0.1	-0.1	4.91439
13056039	359	0.1	-0.1	4.40068
13056039	360	0.1	-0.1	4.56115
13056039	361	0.1	-0.1	-3.72744
13056039	362	0.1	-0.1	-3.62094
13056039	363	0.1	-0.1	-3.24739
13056039	364	0.1	-0.1	-5.84279
13056039	365	0.1	-0.1	-5.0044
13056039	366	0.1	-0.1	-1.97472
13056039	367	0.1	-0.1	2.88142
13056039	368	0.1	-0.1	5.07885
13056039	369	0.1	-0.1	-2.70666
13056039	370	0.1	-0.1	-0.21934
13056039	371	0.1	-0.1	4.52989
13056039	372	0.1	-0.1	5.95656
13056039	373	0.1	-0.1	-5.16714
13056039	374	0.1	-0.1	-5.29782
13056039	375	0.1	-0.1	2.84929
13056039	376	0.1	-0.1	-0.265863
13056039	377	0.1	-0.1	2.23675
13056039	378	0.1	-0.1	0.380004
13056039	379	0.1	-0.1	5.82079
13056039	380	0.1	-0.1	3.47659
13056039	381	0.1	-0.1	1.33849
13056039	382	0.1	-0.1	-1.7952
13056039	383	0.1	-0.1	3.54112
13056039	384	0.1	-0.1	-0.213659
13056039	385	0.1	-0.1	-2.36574
13056039	386	0.1	-0.1	0.333006
13056039	387	0.1	-0.1	-1.41606
13056039	388	0.1	-0.1	2.79202
13056039	389	0.1	-0.1	-0.714472
13056039	390	0.1	-0.1	5.9313
13056039	391	0.1	-0.1	-0.294328
13056039	392	0.1	-0.1	5.1126
13056039	393	0.1	-0.1	5.54355
13056039	394	0.1	-0.1	-3.88408
13056039	395	0.1	-0.1	5.77163
13056039	396	0.1	-0.1	0.216572
13056039	397	0.1	-0.1	-4.98263
13056039	398	0.1	-0.1	0.369474
13056039	399	0.1	-0.1	-1.75938
13056039	400	0.1	-0.1	-0.300521
13056039	401	0.1	-0.1	-5.69104
13056039	402	0.1	-0.1	-2.8975
13056039	403	0.1	-0.1	0.524384
13056039	404	0.1	-0.1	1.98859
13056039	405	0.1	-0.1	-3.17694
13056039	406	0.1	-0.1	1.40687
13056039	407	0.1	-0.1	0.585521
13056039	408	0.1	-0.1	-2.37957
13056039	409	0.1	-0.1	-4.81022
13056039	410	0.1	-0.1	-2.07761
13056039	411	0.1	-0.1	0.813995
13056039	412	0.1	-0.1	-4.83532
13056039	413	0.1	-0.1	3.33264
13056039	414	0.1	-0.1	1.99132
13056039	415	0.1	-0.1	-1.75001
13056039	416	0.1	-0.1	5.43598
13056039	417	0.1	-0.1	-4.6976
13056039	418	0.1	-0.1	-0.896037
13056039	419	0.1	-0.1	1.30358
13056039	420	0.1	-0.1	-0.163804
13056039	421	0.1	-0.1	-1.00374
13056039	422	0.1	-0.1	-5.03132
13056039	423	0.1	-0.1	2.46713
13056039	424	0.1	-0.1	3.05854
13056039	425	0.1	-0.1	-0.65477
13056039	426	0.1	-0.1	-5.56199
13056039	427	0.1	-0.1	-4.40985
13056039	428	0.1	-0.1	-4.62348
13056039	429	0.1	-0.1	1.7132
13056039	430	0.1	-0.1	-1.17665
13056039	431	0.1	-0.1	-4.00684
13056039	432	0.1	-0.1	4.38884
13056039	433	0.1	-0.1	0.195618
13056039	434	0.1	-0.1	1.55382
13056039	435	0.1	-0.1	0.349626
13056039	436	0.1	-0.1	5.62375
13056039	437	0.1	-0.1	2.60714
13056039	438	0.1	-0.1	-0.0963718
13056039	439	0.1	-0.1	3.0726
13056039	440	0.1	-0.1	0.727622
13056039	441	0.1	-0.1	5.22381
13056039	442	0.1	-0.1	-2.93884
13056039	443	0.1	-0.1	1.14411
13056039	444	0.1	-0.1	-5.04408
13056039	445	0.1	-0.1	3.34132
13056039	446	0.1	-0.1	-5.66483
13056039	447	0.1	-0.1	3.94007
13056039	448	0.1	-0.1	-5.88682
13056039	449	0.1	-0.1	1.09631
13056039	450	0.1	-0.1	1.9187
13056039	451	0.1	-0.1	-4.67637
13056039	452	0.1	-0.1	-4.5874
13056039	453	0.1	-0.1	-2.27031
13056039	454	0.1	-0.1	1.26452
13056039	455	0.1	-0.1	-1.17702
13056039	456	0.1	-0.1	3.16802
13056039	457	0.1	-0.1	-3.39606
13056039	458	0.1	-0.1	5.26377
13056039	459	0.1	-0.1	-3.55015
13056039	460	0.1	-0.1	4.85256
13056039	461	0.1	-0.1	2.90001
13056039	462	0.1	-0.1	5.98458
13056039	463	0.1	-0.1	5.00862
13056039	464	0.1	-0.1	3.39378
13056039	465	0.1	-0.1	-4.19461
13056039	466	0.1	-0.1	5.78322
13056039	467	0.1	-0.1	5.81098
13056039	468	0.1	-0.1	-0.0340499
13056039	469	0.1	-0.1	-5.78008
13056039	470	0.1	-0.1	0.836404
13056039	471	0.1	-0.1	3.44125
13056039	472	0.1	-0.1	-1.0893
13056039	473	0.1	-0.1	-0.506702
13056039	474	0.1	-0.1	3.51552
13056039	475	0.1	-0.1	-3.27264
13056039	476	0.1	-0.1	0.774373
13056039	477	0.1	-0.1	5.95423
13056039	478	0.1	-0.1	3.63829
13056039	479	0.1	-0.1	-0.86171
13056039	480	0.1	-0.1	-5.45932
13056039	481	0.1	-0.1	-1.56248
13056039	482	0.1	-0.1	1.27337
13056039	483	0.1	-0.1	-3.18083
13056039	484	0.1	-0.1	5.26387
13056039	485	0.1	-0.1	4.31221
13056039	486	0.1	-0.1	2.93694
13056039	487	0.1	-0.1	-1.3048
13056039	488	0.1	-0.1	5.9972
13056039	489	0.1	-0.1	-2.18085
13056039	490	0.1	-0.1	5.82179
13056039	491	0.1	-0.1	-5.09282
13056039	492	0.1	-0.1	-1.19936
13056039	493	0.1	-0.1	-1.61935
13056039	494	0.1	-0.1	-4.82005
13056039	495	0.1	-0.1	-1.61399
13056039	496	0.1	-0.1	-0.611928
13056039	497	0.1	-0.1	-1.49053
13056039	498	0.1	-0.1	-3.26122
13056039	499	0.1	-0.1	-1.07913
13056039	500	0.1	-0.1	-4.57054
13056039	501	0.1	-0.1	0.602202
13056039	502	0.1	-0.1	-2.20927
13056039	503	0.1	-0.1	-0.163082
13056039	504	0.1	-0.1	-1.02972
13056039	505	0.1	-0.1	1.362
13056039	506	0.1	-0.1	0.485449
13056039	507	0.1	-0.1	4.56567
13056039	508	0.1	-0.1	4.6162
13056039	509	0.1	-0.1	2.89777
13056039	510	0.1	-0.1	3.25757
13056039	511	0.1	-0.1	-2.69614
13056039	512	0.1	-0.1	-2.33312
13056039	513	0.1	-0.1	-3.70444
13056039	514	0.1	-0.1	3.24182
13056039	515	0.1	-0.1	4.26483
13056039	516	0.1	-0.1	3.15945
13056039	517	0.1	-0.1	0.801062
13056039	518	0.1	-0.1	-2.71273
13056039	519	0.1	-0.1	3.43431
13056039	520	0.1	-0.1	-1.33619
13056039	521	0.1	-0.1	-3.19547
13056039	522	0.1	-0.1	-1.29642
13056039	523	0.1	-0.1	-2.82128
13056039	524	0.1	-0.1	5.19203
13056039	525	0.1	-0.1	4.63727
13056039	526	0.1	-0.1	-1.4959
13056039	527	0.1	-0.1	4.93163
13056039	528	0.1	-0.1	5.47292
13056039	529	0.1	-0.1	0.946979
13056039	530	0.1	-0.1	4.65644
13056039	531	0.1	-0.1	0.623036
13056039	532	0.1	-0.1	-2.39006
13056039	533	0.1	-0.1	3.33548
13056039	534	0.1	-0.1	2.64724
13056039	535	0.1	-0.1	-2.3925
13056039	536	0.1	-0.1	-1.47497
13056039	537	0.1	-0.1	1.14964
13056039	538	0.1	-0.1	-3.84133
13056039	539	0.1	-0.1	5.05416
13056039	540	0.1	-0.1	-3.35913
13056039	541	0.1	-0.1	1.73724
13056039	542	0.1	-0.1	2.75447
13056039	543	0.1	-0.1	-4.64701
13056039	544	0.1	-0.1	3.30904
13056039	545	0.1	-0.1	-5.30969
13056039	546	0.1	-0.1	-3.88034
13056039	547	0.1	-0.1	-1.55655
13056039	548	0.1	-0.1	4.93229
13056039	549	0.1	-0.1	4.55282
13056039	550	0.1	-0.1	3.69136
13056039	551	0.1	-0.1	1.4393
13056039	552	0.1	-0.1	-0.672487
13056039	553	0.1	-0.1	-3.22493
13056039	554	0.1	-0.1	1.13758
13056039	555	0.1	-0.1	-3.24393
13056039	556	0.1	-0.1	-2.62161
13056039	557	0.1	-0.1	2.99651
13056039	558	0.1	-0.1	-0.907848
13056039	559	0.1	-0.1	1.8901
13056039	560	0.1	-0.1	-3.68347
13056039	561	0.1	-0.1	1.84711
13056039	562	0.1	-0.1	0.85608
13056039	563	0.1	-0.1	3.99482
13056039	564	0.1	-0.1	1.24248
13056039	565	0.1	-0.1	3.32104
13056039	566	0.1	-0.1	2.69178
13056039	567	0.1	-0.1	-4.74551
13056039	568	0.1	-0.1	0.734151
13056039	569	0.1	-0.1	-0.548553
13056039	570	0.1	-0.1	0.0406485
13056039	571	0.1	-0.1	5.83113
13056039	572	0.1	-0.1	-3.01361
13056039	573	0.1	-0.1	-0.156055
13056039	574	0.1	-0.1	5.81244
13056039	575	0.1	-0.1	-3.32553
13056039	576	0.1	-0.1	0.190833
13056039	577	0.1	-0.1	5.95719
13056039	578	0.1	-0.1	2.01907
13056039	579	0.1	-0.1	-5.31826
13056039	580	0.1	-0.1	-1.96321
13056039	581	0.1	-0.1	5.38372
13056039	582	0.1	-0.1	-0.734326
13056039	583	0.1	-0.1	2.9103
13056039	584	0.1	-0.1	-3.3449
13056039	585	0.1	-0.1	-0.430385
13056039	586	0.1	-0.1	-3.85358
13056039	587	0.1	-0.1	-0.490491
13056039	588	0.1	-0.1	-2.78152
13056039	589	0.1	-0.1	4.32239
13056039	590	0.1	-0.1	1.7928
13056039	591	0.1	-0.1	4.97791
13056039	592	0.1	-0.1	-1.05806
13056039	593	0.1	-0.1	-3.79753
13056039	594	0.1	-0.1	-3.5229
13056039	595	0.1	-0.1	-4.58195
13056039	596	0.1	-0.1	-5.14597
13056039	597	0.1	-0.1	-3.88769
13056039	598	0.1	-0.1	5.08977
13056039	599	0.1	-0.1	-0.0553307
13056039	600	0.1	-0.1	-1.35882
13056039	601	0.1	-0.1	5.00563
13056039	602	0.1	-0.1	0.848933
13056039	603	0.1	-0.1	-5.52723
13056039	604	0.1	-0.1	-1.5486
13056039	605	0.1	-0.1	1.47072
13056039	606	0.1	-0.1	-2.81598
13056039	607	0.1	-0.1	4.58854
13056039	608	0.1	-0.1	3.70445
13056039	609	0.1	-0.1	0.934426
13056039	610	0.1	-0.1	5.72463
13056039	611	0.1	-0.1	-0.679708
13056039	612	0.1	-0.1	-2.04761
13056039	613	0.1	-0.1	1.62537
13056039	614	0.1	-0.1	-0.559883
13056039	615	0.1	-0.1	4.42887
13056039	616	0.1	-0.1	-2.29256
13056039	617	0.1	-0.1	3.26563
13056039	618	0.1	-0.1	-2.70125
13056039	619	0.1	-0.1	-3.64387
13056039	620	0.1	-0.1	-0.758939
13056039	621	0.1	-0.1	4.26839
13056039	622	0.1	-0.1	0.359247
13056039	623	0.1	-0.1	5.98487
13056039	624	0.1	-0.1	1.85866
13056039	625	0.1	-0.1	1.66685
13056039	626	0.1	-0.1	4.97202
13056039	627	0.1	-0.1	1.20204
13056039	628	0.1	-0.1	3.64546
13056039	629	0.1	-0.1	-1.74013
13056039	630	0.1	-0.1	4.87837
13056039	631	0.1	-0.1	-1.94547
13056039	632	0.1	-0.1	1.92501
13056039	633	0.1	-0.1	-3.12602
13056039	634	0.1	-0.1	4.63901
13056039	635	0.1	-0.1	0.948596
13056039	636	0.1	-0.1	-2.47473
13056039	637	0.1	-0.1	1.66797
13056039	638	0.1	-0.1	4.16524
13056039	639	0.1	-0.1	0.915778
13056039	640	0.1	-0.1	-0.524772
13056039	641	0.1	-0.1	-1.82988
13056039	642	0.1	-0.1	-1.1453
13056039	643	0.1	-0.1	2.90166
13056039	644	0.1	-0.1	-0.522079
13056039	645	0.1	-0.1	-3.52297
13056039	646	0.1	-0.1	-3.05919
13056039	647	0.1	-0.1	-2.51285
13056039	648	0.1	-0.1	-0.979706
13056039	649	0.1	-0.1	2.77298
13056039	650	0.1	-0.1	-4.94161
13056039	651	0.1	-0.1	0.333364
13056039	652	0.1	-0.1	1.81979
13056039	653	0.1	-0.1	-2.92891
13056039	654	0.1	-0.1	-3.77542
13056039	655	0.1	-0.1	-0.431128
13056039	656	0.1	-0.1	2.89844
13056039	657	0.1	-0.1	-2.41362
13056039	658	0.1	-0.1	1.39492
13056039	659	0.1	-0.1	3.59809
13056039	660	0.1	-0.1	-3.44399
13056039	661	0.1	-0.1	4.00223
13056039	662	0.1	-0.1	1.43038
13056039	663	0.1	-0.1	-5.52559
13056039	664	0.1	-0.1	-3.58528
13056039	665	0.1	-0.1	5.16262
13056039	666	0.1	-0.1	4.08083
13056039	667	0.1	-0.1	3.02479
13056039	668	0.1	-0.1	-0.0762953
13056039	669	0.1	-0.1	3.7458
13056039	670	0.1	-0.1	4.10022
13056039	671	0.1	-0.1	-5.61531
13056039	672	0.1	-0.1	-2.74641
13056039	673	0.1	-0.1	-2.76473
13056039	674	0.1	-0.1	-1.39686
13056039	675	0.1	-0.1	-1.58407
13056039	676	0.1	-0.1	-2.73665
13056039	677	0.1	-0.1	1.83344
13056039	678	0.1	-0.1	-0.631923
13056039	679	0.1	-0.1	2.70072
13056039	680	0.1	-0.1	-1.00551
13056039	681	0.1	-0.1	-4.43961
13056039	682	0.1	-0.1	1.0248
13056039	683	0.1	-0.1	-5.21058
13056039	684	0.1	-0.1	4.98715
13056039	685	0.1	-0.1	-2.03281
13056039	686	0.1	-0.1	0.387248
13056039	687	0.1	-0.1	0.107868
13056039	688	0.1	-0.1	-3.09376
13056039	689	0.1	-0.1	5.90099
13056039	690	0.1	-0.1	-4.14782
13056039	691	0.1	-0.1	5.54679
13056039	692	0.1	-0.1	5.4094
13056039	693	0.1	-0.1	-2.76914
13056039	694	0.1	-0.1	-4.12606
13056039	695	0.1	-0.1	2.27803
13056039	696	0.1	-0.1	-1.67898
13056039	697	0.1	-0.1	4.67076
13056039	698	0.1	-0.1	-0.021217
13056039	699	0.1	-0.1	-2.79791
13056039	700	0.1	-0.1	-1.05794
13056039	701	0.1	-0.1	4.94761
13056039	702	0.1	-0.1	-0.969612
13056039	703	0.1	-0.1	-1.63984
13056039	704	0.1	-0.1	3.20374
13056039	705	0.1	-0.1	4.48734
13056039	706	0.1	-0.1	2.03578
13056039	707	0.1	-0.1	5.72775
13056039	708	0.1	-0.1	-4.02812
13056039	709	0.1	-0.1	4.45163
13056039	710	0.1	-0.1	1.82702
13056039	711	0.1	-0.1	2.29149
13056039	712	0.1	-0.1	-4.86802
13056039	713	0.1	-0.1	-1.3993
13056039	714	0.1	-0.1	-3.09691
13056039	715	0.1	-0.1	-0.612224
13056039	716	0.1	-0.1	-4.78006
13056039	717	0.1	-0.1	-1.19606
13056039	718	0.1	-0.1	-1.11798
13056039	719	0.1	-0.1	5.14061
13056039	720	0.1	-0.1	-0.612309
13056039	721	0.1	-0.1	4.76666
13056039	722	0.1	-0.1	-2.48278
13056039	723	0.1	-0.1	-3.99336
13056039	724	0.1	-0.1	-4.93936
13056039	725	0.1	-0.1	5.71425
13056039	726	0.1	-0.1	-4.40977
13056039	727	0.1	-0.1	-1.23516
13056039	728	0.1	-0.1	3.92227
13056039	729	0.1	-0.1	-3.30437
13056039	730	0.1	-0.1	-1.87857
13056039	731	0.1	-0.1	-2.77791
13056039	732	0.1	-0.1	1.99293
13056039	733	0.1	-0.1	1.27222
13056039	734	0.1	-0.1	-1.91727
13056039	735	0.1	-0.1	5.84467
13056039	736	0.1	-0.1	-3.6364
13056039	737	0.1	-0.1	3.66554
13056039	738	0.1	-0.1	5.14433
13056039	739	0.1	-0.1	-1.60554
13056039	740	0.1	-0.1	-1.37455
13056039	741	0.1	-0.1	-2.32563
13056039	742	0.1	-0.1	3.37735
13056039	743	0.1	-0.1	-5.69466
13056039	744	0.1	-0.1	-1.66469
13056039	745	0.1	-0.1	-2.50947
13056039	746	0.1	-0.1	-5.21403
13056039	747	0.1	-0.1	-5.91463
13056039	748	0.1	-0.1	-4.00608
13056039	749	0.1	-0.1	2.99516
13056039	750	0.1	-0.1	0.274431
13056039	751	0.1	-0.1	-0.236903
13056039	752	0.1	-0.1	2.52139
13056039	753	0.1	-0.1	-2.10714
13056039	754	0.1	-0.1	5.23107
13056039	755	0.1	-0.1	1.75189
13056039	756	0.1	-0.1	-4.04701
13056039	757	0.1	-0.1	-3.97318
13056039	758	0.1	-0.1	-2.08347
13056039	759	0.1	-0.1	-2.12649
13056039	760	0.1	-0.1	3.99672
13056039	761	0.1	-0.1	0.667863
13056039	762	0.1	-0.1	3.42026
13056039	763	0.1	-0.1	1.49507
13056039	764	0.1	-0.1	-5.46508
13056039	765	0.1	-0.1	-0.769239
13056039	766	0.1	-0.1	-5.87044
13056039	767	0.1	-0.1	-3.91336
13056039	768	0.1	-0.1	-2.64821
13056039	769	0.1	-0.1	-1.75755
13056039	770	0.1	-0.1	-5.55825
13056039	771	0.1	-0.1	-1.53547
13056039	772	0.1	-0.1	-3.5571
13056039	773	0.1	-0.1	-0.0327812
13056039	774	0.1	-0.1	-3.35107
13056039	775	0.1	-0.1	2.39019
13056039	776	0.1	-0.1	3.99871
13056039	777	0.1	-0.1	-4.83783
13056039	778	0.1	-0.1	-2.00591
13056039	779	0.1	-0.1	4.78976
13056039	780	0.1	-0.1	1.84056
13056039	781	0.1	-0.1	-0.540807
13056039	782	0.1	-0.1	-3.92351
13056039	783	0.1	-0.1	-0.855131
13056039	784	0.1	-0.1	-4.98189
13056039	785	0.1	-0.1	-0.986046
13056039	786	0.1	-0.1	-3.17777
13056039	787	0.1	-0.1	0.80252
13056039	788	0.1	-0.1	-3.65216
13056039	789	0.1	-0.1	4.46336
13056039	790	0.1	-0.1	0.677695
13056039	791	0.1	-0.1	4.78279
13056039	792	0.1	-0.1	-3.31783
13056039	793	0.1	-0.1	-2.73012
13056039	794	0.1	-0.1	3.29384
13056039	795	0.1	-0.1	-3.69939
13056039	796	0.1	-0.1	-4.98196
13056039	797	0.1	-0.1	-0.637011
13056039	798	0.1	-0.1	2.49337
13056039	799	0.1	-0.1	-3.67082
13056039	800	0.1	-0.1	-3.53545
13056039	801	0.1	-0.1	5.15407
13056039	802	0.1	-0.1	-0.0795132
13056039	803	0.1	-0.1	0.238277
13056039	804	0.1	-0.1	0.350595
13056039	805	0.1	-0.1	5.27504
13056039	806	0.1	-0.1	-1.38866
13056039	807	0.1	-0.1	-4.17978
13056039	808	0.1	-0.1	1.23924
13056039	809	0.1	-0.1	2.08636
13056039	810	0.1	-0.1	-0.142891
13056039	811	0.1	-0.1	1.3781
13056039	812	0.1	-0.1	-0.861999
13056039	813	0.1	-0.1	-2.91584
13056039	814	0.1	-0.1	0.280152
13056039	815	0.1	-0.1	2.95058
13056039	816	0.1	-0.1	-5.5195
13056039	817	0.1	-0.1	2.59227
13056039	818	0.1	-0.1	2.73997
13056039	819	0.1	-0.1	5.2767
13056039	820	0.1	-0.1	-5.90705
13056039	821	0.1	-0.1	4.96659
13056039	822	0.1	-0.1	2.2347
13056039	823	0.1	-0.1	4.03989
13056039	824	0.1	-0.1	-5.04692
13056039	825	0.1	-0.1	-5.78663
13056039	826	0.1	-0.1	-1.1814
13056039	827	0.1	-0.1	-5.85198
13056039	828	0.1	-0.1	2.31889
13056039	829	0.1	-0.1	3.93361
13056039	830	0.1	-0.1	-2.67838
13056039	831	0.1	-0.1	-5.37635
13056039	832	0.1	-0.1	-3.87439
13056039	833	0.1	-0.1	2.25393
13056039	834	0.1	-0.1	0.415129
13056039	835	0.1	-0.1	-5.51633
13056039	836	0.1	-0.1	-3.10149
13056039	837	0.1	-0.1	3.37948
13056039	838	0.1	-0.1	0.696036
13056039	839	0.1	-0.1	3.8233
13056039	840	0.1	-0.1	-5.5132
13056039	841	0.1	-0.1	1.9772
13056039	842	0.1	-0.1	-0.946529
13056039	843	0.1	-0.1	1.93601
13056039	844	0.1	-0.1	2.35311
13056039	845	0.1	-0.1	-4.82531
13056039	846	0.1	-0.1	-0.99854
13056039	847	0.1	-0.1	-3.62828
13056039	848	0.1	-0.1	-3.66939
13056039	849	0.1	-0.1	-4.03965
13056039	850	0.1	-0.1	-4.76489
13056039	851	0.1	-0.1	0.632956
13056039	852	0.1	-0.1	-5.38327
13056039	853	0.1	-0.1	1.04856
13056039	854	0.1	-0.1	-4.76754
13056039	855	0.1	-0.1	5.78968
13056039	856	0.1	-0.1	-4.14615
13056039	857	0.1	-0.1	3.71688
13056039	858	0.1	-0.1	-3.95624
13056039	859	0.1	-0.1	-3.14484
13056039	860	0.1	-0.1	-5.23621
13056039	861	0.1	-0.1	-5.53896
13056039	862	0.1	-0.1	1.61006
13056039	863	0.1	-0.1	-5.0953
13056039	864	0.1	-0.1	3.85951
13056039	865	0.1	-0.1	-1.78229
13056039	866	0.1	-0.1	5.07022
13056039	867	0.1	-0.1	-2.3624
13056039	868	0.1	-0.1	3.61644
13056039	869	0.1	-0.1	4.03349
13056039	870	0.1	-0.1	-0.382387
13056039	871	0.1	-0.1	4.25116
13056039	872	0.1	-0.1	3.97256
13056039	873	0.1	-0.1	-5.64529
13056039	874	0.1	-0.1	2.40859
13056039	875	0.1	-0.1	-3.13222
13056039	876	0.1	-0.1	4.33628
13056039	877	0.1	-0.1	-3.87838
13056039	878	0.1	-0.1	-3.86949
13056039	879	0.1	-0.1	-2.66363
13056039	880	0.1	-0.1	-5.46402
13056039	881	0.1	-0.1	4.05622
13056039	882	0.1	-0.1	-1.87257
13056039	883	0.1	-0.1	5.1689
13056039	884	0.1	-0.1	-0.524228
13056039	885	0.1	-0.1	-0.648555
13056039	886	0.1	-0.1	2.94879
13056039	887	0.1	-0.1	3.50498
13056039	888	0.1	-0.1	1.0406
13056039	889	0.1	-0.1	-0.548971
13056039	890	0.1	-0.1	3.35526
13056039	891	0.1	-0.1	0.941393
13056039	892	0.1	-0.1	3.52931
13056039	893	0.1	-0.1	0.994055
13056039	894	0.1	-0.1	-1.56435
13056039	895	0.1	-0.1	4.65543
13056039	896	0.1	-0.1	1.34436
13056039	897	0.1	-0.1	2.25927
13056039	898	0.1	-0.1	-3.67174
13056039	899	0.1	-0.1	-2.42453
13056039	900	0.1	-0.1	0.546272
13056039	901	0.1	-0.1	0.275447
13056039	902	0.1	-0.1	-0.216617
13056039	903	0.1	-0.1	3.0363
13056039	904	0.1	-0.1	-1.40514
13056039	905	0.1	-0.1	5.09747
13056039	906	0.1	-0.1	0.53592
13056039	907	0.1	-0.1	-4.09086
13056039	908	0.1	-0.1	-5.03966
13056039	909	0.1	-0.1	-0.0473155
13056039	910	0.1	-0.1	0.14528
13056039	911	0.1	-0.1	5.3043
13056039	912	0.1	-0.1	3.84254
13056039	913	0.1	-0.1	-4.22151
13056039	914	0.1	-0.1	4.79011
13056039	915	0.1	-0.1	2.64632
13056039	916	0.1	-0.1	-4.3582
13056039	917	0.1	-0.1	-3.31234
13056039	918	0.1	-0.1	5.40725
13056039	919	0.1	-0.1	-1.59581
13056039	920	0.1	-0.1	-3.75057
13056039	921	0.1	-0.1	-5.12671
13056039	922	0.1	-0.1	-3.355
13056039	923	0.1	-0.1	1.05339
13056039	924	0.1	-0.1	-5.70633
13056039	925	0.1	-0.1	0.690328
13056039	926	0.1	-0.1	0.578123
13056039	927	0.1	-0.1	3.93089
13056039	928	0.1	-0.1	-2.69302
13056039	929	0.1	-0.1	1.57198
13056039	930	0.1	-0.1	1.45389
13056039	931	0.1	-0.1	-1.18476
13056039	932	0.1	-0.1	0.269222
13056039	933	0.1	-0.1	3.83106
13056039	934	0.1	-0.1	3.50946
13056039	935	0.1	-0.1	2.05697
13056039	936	0.1	-0.1	-5.46225
13056039	937	0.1	-0.1	0.956216
13056039	938	0.1	-0.1	-1.41862
13056039	939	0.1	-0.1	4.47354
13056039	940	0.1	-0.1	-3.44968
13056039	941	0.1	-0.1	4.31586
13056039	942	0.1	-0.1	1.9167
13056039	943	0.1	-0.1	-2.34907
13056039	944	0.1	-0.1	3.34088
13056039	945	0.1	-0.1	4.37431
13056039	946	0.1	-0.1	0.399519
13056039	947	0.1	-0.1	2.89674
13056039	948	0.1	-0.1	5.08955
13056039	949	0.1	-0.1	5.56986
13056039	950	0.1	-0.1	5.69127
13056039	951	0.1	-0.1	-3.52782
13056039	952	0.1	-0.1	1.7671
13056039	953	0.1	-0.1	-2.68371
13056039	954	0.1	-0.1	2.67291
13056039	955	0.1	-0.1	-0.104343
13056039	956	0.1	-0.1	-3.18566
13056039	957	0.1	-0.1	5.19044
13056039	958	0.1	-0.1	-5.5573
13056039	959	0.1	-0.1	-5.47448
13056039	960	0.1	-0.1	5.23766
13056039	961	0.1	-0.1	-2.26679
13056039	962	0.1	-0.1	3.62591
13056039	963	0.1	-0.1	-1.82456
13056039	964	0.1	-0.1	-2.56444
13056039	965	0.1	-0.1	4.28804
13056039	966	0.1	-0.1	3.21986
13056039	967	0.1	-0.1	-1.55222
13056039	968	0.1	-0.1	5.38395
13056039	969	0.1	-0.1	4.59224
13056039	970	0.1	-0.1	1.8032
13056039	971	0.1	-0.1	-2.60153
13056039	972	0.1	-0.1	-1.14114
13056039	973	0.1	-0.1	-1.50499
13056039	974	0.1	-0.1	-0.361438
13056039	975	0.1	-0.1	4.95736
13056039	976	0.1	-0.1	-3.11719
13056039	977	0.1	-0.1	-2.54339
13056039	978	0.1	-0.1	-4.28769
13056039	979	0.1	-0.1	5.00225
13056039	980	0.1	-0.1	-2.4023
13056039	981	0.1	-0.1	-5.50999
13056039	982	0.1	-0.1	-1.50833
13056039	983	0.1	-0.1	-0.495225
13056039	984	0.1	-0.1	0.713993
13056039	985	0.1	-0.1	0.53641
13056039	986	0.1	-0.1	-2.80765
13056039	987	0.1	-0.1	-3.33783
13056039	988	0.1	-0.1	-0.625014
13056039	989	0.1	-0.1	-1.19155
13056039	990	0.1	-0.1	3.70591
13056039	991	0.1	-0.1	3.84082
13056039	992	0.1	-0.1	1.96842
13056039	993	0.1	-0.1	-5.6103
13056039	994	0.1	-0.1	1.48551
13056039	995	0.1	-0.1	-1.28904
13056039	996	0.1	-0.1	0.527536
13056039	997	0.1	-0.1	3.96476
13056039	998	0.1	-0.1	-0.376118
13056039	999	0.1	-0.1	-2.43617
13056039	1000	0.1	-0.1	0.979949
