13054019	1	0.1	-0.1	1.70993
13054019	2	0.1	-0.1	2.71624
13054019	3	0.1	-0.1	-2.26211
13054019	4	0.1	-0.1	-2.5549
13054019	5	0.1	-0.1	-4.8013
13054019	6	0.1	-0.1	-4.48736
13054019	7	0.1	-0.1	-3.29326
13054019	8	0.1	-0.1	-3.93423
13054019	9	0.1	-0.1	-0.559828
13054019	10	0.1	-0.1	-3.37522
13054019	11	0.1	-0.1	-1.75164
13054019	12	0.1	-0.1	5.55596
13054019	13	0.1	-0.1	-5.60081
13054019	14	0.1	-0.1	3.97604
13054019	15	0.1	-0.1	-1.63874
13054019	16	0.1	-0.1	3.85926
13054019	17	0.1	-0.1	-3.95923
13054019	18	0.1	-0.1	-5.33801
13054019	19	0.1	-0.1	4.04177
13054019	20	0.1	-0.1	5.53425
13054019	21	0.1	-0.1	1.9144
13054019	22	0.1	-0.1	5.43127
13054019	23	0.1	-0.1	-5.37266
13054019	24	0.1	-0.1	-2.2953
13054019	25	0.1	-0.1	2.11663
13054019	26	0.1	-0.1	5.48004
13054019	27	0.1	-0.1	0.962678
13054019	28	0.1	-0.1	-2.61045
13054019	29	0.1	-0.1	-1.58664
13054019	30	0.1	-0.1	-3.59263
13054019	31	0.1	-0.1	0.43237
13054019	32	0.1	-0.1	2.13592
13054019	33	0.1	-0.1	3.61106
13054019	34	0.1	-0.1	-3.59843
13054019	35	0.1	-0.1	3.21942
13054019	36	0.1	-0.1	4.34508
13054019	37	0.1	-0.1	-2.63689
13054019	38	0.1	-0.1	-3.16468
13054019	39	0.1	-0.1	4.00117
13054019	40	0.1	-0.1	-5.20055
13054019	41	0.1	-0.1	-4.51003
13054019	42	0.1	-0.1	1.21672
13054019	43	0.1	-0.1	-1.06435
13054019	44	0.1	-0.1	-2.94415
13054019	45	0.1	-0.1	2.40205
13054019	46	0.1	-0.1	-0.960214
13054019	47	0.1	-0.1	-1.49275
13054019	48	0.1	-0.1	1.65834
13054019	49	0.1	-0.1	0.697094
13054019	50	0.1	-0.1	3.74623
13054019	51	0.1	-0.1	-4.90946
13054019	52	0.1	-0.1	4.90099
13054019	53	0.1	-0.1	-5.31778
13054019	54	0.1	-0.1	2.99283
13054019	55	0.1	-0.1	-5.30968
13054019	56	0.1	-0.1	1.59882
13054019	57	0.1	-0.1	-1.83639
13054019	58	0.1	-0.1	-5.38879
13054019	59	0.1	-0.1	0.899175
13054019	60	0.1	-0.1	-1.79662
13054019	61	0.1	-0.1	3.08844
13054019	62	0.1	-0.1	0.0550615
13054019	63	0.1	-0.1	-4.13618
13054019	64	0.1	-0.1	-0.993618
13054019	65	0.1	-0.1	-3.4821
13054019	66	0.1	-0.1	3.22978
13054019	67	0.1	-0.1	0.635186
13054019	68	0.1	-0.1	0.207726
13054019	69	0.1	-0.1	-3.47616
13054019	70	0.1	-0.1	1.78351
13054019	71	0.1	-0.1	-0.648331
13054019	72	0.1	-0.1	3.04649
13054019	73	0.1	-0.1	-1.25715
13054019	74	0.1	-0.1	2.57778
13054019	75	0.1	-0.1	-4.52895
13054019	76	0.1	-0.1	-0.924577
13054019	77	0.1	-0.1	3.99938
13054019	78	0.1	-0.1	0.500317
13054019	79	0.1	-0.1	4.60866
13054019	80	0.1	-0.1	3.70753
13054019	81	0.1	-0.1	-2.76883
13054019	82	0.1	-0.1	3.93305
13054019	83	0.1	-0.1	-1.14019
13054019	84	0.1	-0.1	-1.53548
13054019	85	0.1	-0.1	1.4792
13054019	86	0.1	-0.1	-0.262544
13054019	87	0.1	-0.1	-4.27577
13054019	88	0.1	-0.1	2.85151
13054019	89	0.1	-0.1	4.24306
13054019	90	0.1	-0.1	-1.16641
13054019	91	0.1	-0.1	-2.15242
13054019	92	0.1	-0.1	-0.345994
13054019	93	0.1	-0.1	-2.19187
13054019	94	0.1	-0.1	2.02598
13054019	95	0.1	-0.1	-3.77982
13054019	96	0.1	-0.1	-4.38256
13054019	97	0.1	-0.1	2.67234
13054019	98	0.1	-0.1	0.564077
13054019	99	0.1	-0.1	-3.681
13054019	100	0.1	-0.1	-1.02268
13054019	101	0.1	-0.1	-3.67536
13054019	102	0.1	-0.1	1.52229
13054019	103	0.1	-0.1	0.901001
13054019	104	0.1	-0.1	-3.90343
13054019	105	0.1	-0.1	-2.23291
13054019	106	0.1	-0.1	4.65195
13054019	107	0.1	-0.1	-2.88341
13054019	108	0.1	-0.1	-3.58365
13054019	109	0.1	-0.1	4.68082
13054019	110	0.1	-0.1	-5.41638
13054019	111	0.1	-0.1	-1.22156
13054019	112	0.1	-0.1	3.40328
13054019	113	0.1	-0.1	5.873
13054019	114	0.1	-0.1	-2.24865
13054019	115	0.1	-0.1	3.95427
13054019	116	0.1	-0.1	-2.29615
13054019	117	0.1	-0.1	-1.60925
13054019	118	0.1	-0.1	-5.09811
13054019	119	0.1	-0.1	1.9317
13054019	120	0.1	-0.1	-3.06367
13054019	121	0.1	-0.1	3.13308
13054019	122	0.1	-0.1	2.96153
13054019	123	0.1	-0.1	1.97316
13054019	124	0.1	-0.1	-3.96886
13054019	125	0.1	-0.1	1.14936
13054019	126	0.1	-0.1	-5.53964
13054019	127	0.1	-0.1	4.32198
13054019	128	0.1	-0.1	1.15272
13054019	129	0.1	-0.1	4.34004
13054019	130	0.1	-0.1	4.33149
13054019	131	0.1	-0.1	-5.63659
13054019	132	0.1	-0.1	1.16726
13054019	133	0.1	-0.1	-5.63304
13054019	134	0.1	-0.1	-0.281139
13054019	135	0.1	-0.1	0.700678
13054019	136	0.1	-0.1	5.3762
13054019	137	0.1	-0.1	-4.48948
13054019	138	0.1	-0.1	3.76604
13054019	139	0.1	-0.1	1.46839
13054019	140	0.1	-0.1	-0.807129
13054019	141	0.1	-0.1	5.22644
13054019	142	0.1	-0.1	-5.7138
13054019	143	0.1	-0.1	4.55664
13054019	144	0.1	-0.1	0.230379
13054019	145	0.1	-0.1	-3.36454
13054019	146	0.1	-0.1	3.81351
13054019	147	0.1	-0.1	-3.74944
13054019	148	0.1	-0.1	0.0680577
13054019	149	0.1	-0.1	0.0294528
13054019	150	0.1	-0.1	5.63553
13054019	151	0.1	-0.1	-2.13424
13054019	152	0.1	-0.1	-3.46261
13054019	153	0.1	-0.1	0.82792
13054019	154	0.1	-0.1	2.93299
13054019	155	0.1	-0.1	1.34803
13054019	156	0.1	-0.1	-5.81212
13054019	157	0.1	-0.1	-5.58831
13054019	158	0.1	-0.1	5.78396
13054019	159	0.1	-0.1	1.89766
13054019	160	0.1	-0.1	-1.02716
13054019	161	0.1	-0.1	2.9032
13054019	162	0.1	-0.1	-2.5904
13054019	163	0.1	-0.1	3.28405
13054019	164	0.1	-0.1	1.11049
13054019	165	0.1	-0.1	-1.60353
13054019	166	0.1	-0.1	4.52073
13054019	167	0.1	-0.1	4.05347
13054019	168	0.1	-0.1	-0.584544
13054019	169	0.1	-0.1	1.94841
13054019	170	0.1	-0.1	-0.379825
13054019	171	0.1	-0.1	-5.14363
13054019	172	0.1	-0.1	4.32478
13054019	173	0.1	-0.1	-5.7562
13054019	174	0.1	-0.1	-4.13882
13054019	175	0.1	-0.1	0.49478
13054019	176	0.1	-0.1	-1.61072
13054019	177	0.1	-0.1	-3.67587
13054019	178	0.1	-0.1	2.09334
13054019	179	0.1	-0.1	2.16878
13054019	180	0.1	-0.1	-2.77886
13054019	181	0.1	-0.1	3.68759
13054019	182	0.1	-0.1	-1.95684
13054019	183	0.1	-0.1	-5.45153
13054019	184	0.1	-0.1	5.72672
13054019	185	0.1	-0.1	-4.52326
13054019	186	0.1	-0.1	0.403401
13054019	187	0.1	-0.1	3.42237
13054019	188	0.1	-0.1	4.26955
13054019	189	0.1	-0.1	-3.5598
13054019	190	0.1	-0.1	-3.97825
13054019	191	0.1	-0.1	1.88611
13054019	192	0.1	-0.1	-0.816707
13054019	193	0.1	-0.1	-2.3543
13054019	194	0.1	-0.1	3.59235
13054019	195	0.1	-0.1	-3.24029
13054019	196	0.1	-0.1	3.95215
13054019	197	0.1	-0.1	1.43151
13054019	198	0.1	-0.1	0.314353
13054019	199	0.1	-0.1	-1.91485
13054019	200	0.1	-0.1	-0.786067
13054019	201	0.1	-0.1	-2.20771
13054019	202	0.1	-0.1	-0.847245
13054019	203	0.1	-0.1	4.89203
13054019	204	0.1	-0.1	-0.20241
13054019	205	0.1	-0.1	-4.4449
13054019	206	0.1	-0.1	2.14528
13054019	207	0.1	-0.1	3.4577
13054019	208	0.1	-0.1	0.548855
13054019	209	0.1	-0.1	3.80052
13054019	210	0.1	-0.1	-5.02883
13054019	211	0.1	-0.1	3.58409
13054019	212	0.1	-0.1	3.91866
13054019	213	0.1	-0.1	3.91086
13054019	214	0.1	-0.1	5.89892
13054019	215	0.1	-0.1	-3.60185
13054019	216	0.1	-0.1	4.07808
13054019	217	0.1	-0.1	3.74131
13054019	218	0.1	-0.1	2.20827
13054019	219	0.1	-0.1	3.72423
13054019	220	0.1	-0.1	3.73919
13054019	221	0.1	-0.1	-4.46174
13054019	222	0.1	-0.1	-3.84139
13054019	223	0.1	-0.1	1.59727
13054019	224	0.1	-0.1	3.75527
13054019	225	0.1	-0.1	2.05648
13054019	226	0.1	-0.1	-0.314387
13054019	227	0.1	-0.1	4.88291
13054019	228	0.1	-0.1	-5.30304
13054019	229	0.1	-0.1	0.639748
13054019	230	0.1	-0.1	3.34791
13054019	231	0.1	-0.1	0.147239
13054019	232	0.1	-0.1	0.719949
13054019	233	0.1	-0.1	-1.96651
13054019	234	0.1	-0.1	-3.33599
13054019	235	0.1	-0.1	2.10878
13054019	236	0.1	-0.1	-5.8095
13054019	237	0.1	-0.1	0.412724
13054019	238	0.1	-0.1	-2.91185
13054019	239	0.1	-0.1	3.68391
13054019	240	0.1	-0.1	1.61903
13054019	241	0.1	-0.1	0.504284
13054019	242	0.1	-0.1	5.83373
13054019	243	0.1	-0.1	-0.646482
13054019	244	0.1	-0.1	5.70072
13054019	245	0.1	-0.1	-3.83522
13054019	246	0.1	-0.1	0.0475441
13054019	247	0.1	-0.1	5.74684
13054019	248	0.1	-0.1	0.187536
13054019	249	0.1	-0.1	2.16238
13054019	250	0.1	-0.1	5.19647
13054019	251	0.1	-0.1	0.0442501
13054019	252	0.1	-0.1	5.70241
13054019	253	0.1	-0.1	-5.05776
13054019	254	0.1	-0.1	-4.17155
13054019	255	0.1	-0.1	-0.999992
13054019	256	0.1	-0.1	-5.81852
13054019	257	0.1	-0.1	-0.319318
13054019	258	0.1	-0.1	4.27287
13054019	259	0.1	-0.1	-0.26346
13054019	260	0.1	-0.1	-4.96245
13054019	261	0.1	-0.1	-3.02823
13054019	262	0.1	-0.1	4.46053
13054019	263	0.1	-0.1	1.08074
13054019	264	0.1	-0.1	0.410605
13054019	265	0.1	-0.1	2.4613
13054019	266	0.1	-0.1	0.74767
13054019	267	0.1	-0.1	0.00609928
13054019	268	0.1	-0.1	-0.207099
13054019	269	0.1	-0.1	-5.38893
13054019	270	0.1	-0.1	-5.55263
13054019	271	0.1	-0.1	0.772563
13054019	272	0.1	-0.1	-2.90101
13054019	273	0.1	-0.1	-3.13348
13054019	274	0.1	-0.1	0.111127
13054019	275	0.1	-0.1	1.2759
13054019	276	0.1	-0.1	3.02393
13054019	277	0.1	-0.1	-4.46685
13054019	278	0.1	-0.1	-0.815087
13054019	279	0.1	-0.1	-5.77015
13054019	280	0.1	-0.1	-0.287512
13054019	281	0.1	-0.1	1.68111
13054019	282	0.1	-0.1	2.313
13054019	283	0.1	-0.1	-2.81018
13054019	284	0.1	-0.1	0.573885
13054019	285	0.1	-0.1	0.333415
13054019	286	0.1	-0.1	-3.28609
13054019	287	0.1	-0.1	0.127039
13054019	288	0.1	-0.1	-0.511652
13054019	289	0.1	-0.1	4.22154
13054019	290	0.1	-0.1	0.353916
13054019	291	0.1	-0.1	4.62982
13054019	292	0.1	-0.1	-2.21794
13054019	293	0.1	-0.1	5.31529
13054019	294	0.1	-0.1	3.13301
13054019	295	0.1	-0.1	4.15703
13054019	296	0.1	-0.1	3.85546
13054019	297	0.1	-0.1	3.35597
13054019	298	0.1	-0.1	-1.77175
13054019	299	0.1	-0.1	-0.638106
13054019	300	0.1	-0.1	-1.51339
13054019	301	0.1	-0.1	-3.35332
13054019	302	0.1	-0.1	5.84039
13054019	303	0.1	-0.1	-0.0724992
13054019	304	0.1	-0.1	-5.8702
13054019	305	0.1	-0.1	5.11482
13054019	306	0.1	-0.1	4.42284
13054019	307	0.1	-0.1	1.86441
13054019	308	0.1	-0.1	-0.245746
13054019	309	0.1	-0.1	-4.94355
13054019	310	0.1	-0.1	-5.97637
13054019	311	0.1	-0.1	5.61286
13054019	312	0.1	-0.1	4.11833
13054019	313	0.1	-0.1	5.24315
13054019	314	0.1	-0.1	1.8073
13054019	315	0.1	-0.1	-2.91341
13054019	316	0.1	-0.1	1.13601
13054019	317	0.1	-0.1	0.0923437
13054019	318	0.1	-0.1	-3.20698
13054019	319	0.1	-0.1	2.14924
13054019	320	0.1	-0.1	5.24958
13054019	321	0.1	-0.1	-5.04428
13054019	322	0.1	-0.1	-5.67496
13054019	323	0.1	-0.1	4.08885
13054019	324	0.1	-0.1	2.82566
13054019	325	0.1	-0.1	-0.739846
13054019	326	0.1	-0.1	-2.75393
13054019	327	0.1	-0.1	-5.29858
13054019	328	0.1	-0.1	-1.69251
13054019	329	0.1	-0.1	3.17909
13054019	330	0.1	-0.1	5.29321
13054019	331	0.1	-0.1	-2.93348
13054019	332	0.1	-0.1	-5.5108
13054019	333	0.1	-0.1	0.657694
13054019	334	0.1	-0.1	5.75131
13054019	335	0.1	-0.1	-5.87296
13054019	336	0.1	-0.1	4.09083
13054019	337	0.1	-0.1	-2.7427
13054019	338	0.1	-0.1	2.70357
13054019	339	0.1	-0.1	1.387
13054019	340	0.1	-0.1	1.10924
13054019	341	0.1	-0.1	-4.93173
13054019	342	0.1	-0.1	-1.92165
13054019	343	0.1	-0.1	-3.99427
13054019	344	0.1	-0.1	-0.336354
13054019	345	0.1	-0.1	-5.98852
13054019	346	0.1	-0.1	5.07254
13054019	347	0.1	-0.1	2.30989
13054019	348	0.1	-0.1	-1.43417
13054019	349	0.1	-0.1	0.608568
13054019	350	0.1	-0.1	-2.84135
13054019	351	0.1	-0.1	-2.99933
13054019	352	0.1	-0.1	3.81627
13054019	353	0.1	-0.1	-2.96441
13054019	354	0.1	-0.1	-1.25495
13054019	355	0.1	-0.1	3.0174
13054019	356	0.1	-0.1	-0.106953
13054019	357	0.1	-0.1	-5.17448
13054019	358	0.1	-0.1	4.14105
13054019	359	0.1	-0.1	1.41973
13054019	360	0.1	-0.1	-5.08621
13054019	361	0.1	-0.1	-1.16914
13054019	362	0.1	-0.1	-4.26108
13054019	363	0.1	-0.1	0.365463
13054019	364	0.1	-0.1	-0.252238
13054019	365	0.1	-0.1	-0.431742
13054019	366	0.1	-0.1	0.976745
13054019	367	0.1	-0.1	3.95517
13054019	368	0.1	-0.1	1.2689
13054019	369	0.1	-0.1	1.09325
13054019	370	0.1	-0.1	3.38434
13054019	371	0.1	-0.1	1.35759
13054019	372	0.1	-0.1	-2.10081
13054019	373	0.1	-0.1	2.179
13054019	374	0.1	-0.1	-4.38017
13054019	375	0.1	-0.1	-1.13003
13054019	376	0.1	-0.1	-5.62599
13054019	377	0.1	-0.1	-5.35914
13054019	378	0.1	-0.1	-2.73526
13054019	379	0.1	-0.1	4.48425
13054019	380	0.1	-0.1	-0.90251
13054019	381	0.1	-0.1	1.4248
13054019	382	0.1	-0.1	-4.38621
13054019	383	0.1	-0.1	4.26042
13054019	384	0.1	-0.1	-1.67353
13054019	385	0.1	-0.1	-2.30301
13054019	386	0.1	-0.1	3.05812
13054019	387	0.1	-0.1	-4.23885
13054019	388	0.1	-0.1	5.2041
13054019	389	0.1	-0.1	-0.371326
13054019	390	0.1	-0.1	-3.99617
13054019	391	0.1	-0.1	5.69387
13054019	392	0.1	-0.1	-1.6298
13054019	393	0.1	-0.1	3.99911
13054019	394	0.1	-0.1	-5.15519
13054019	395	0.1	-0.1	-4.55925
13054019	396	0.1	-0.1	1.56629
13054019	397	0.1	-0.1	-0.858521
13054019	398	0.1	-0.1	-2.16502
13054019	399	0.1	-0.1	-1.11867
13054019	400	0.1	-0.1	-0.888627
13054019	401	0.1	-0.1	-1.25525
13054019	402	0.1	-0.1	-1.69449
13054019	403	0.1	-0.1	-0.672763
13054019	404	0.1	-0.1	3.3596
13054019	405	0.1	-0.1	-4.87245
13054019	406	0.1	-0.1	3.37849
13054019	407	0.1	-0.1	-1.47895
13054019	408	0.1	-0.1	-0.956124
13054019	409	0.1	-0.1	-4.30904
13054019	410	0.1	-0.1	0.0386951
13054019	411	0.1	-0.1	-0.884757
13054019	412	0.1	-0.1	-5.83299
13054019	413	0.1	-0.1	-3.13227
13054019	414	0.1	-0.1	2.95548
13054019	415	0.1	-0.1	-0.540184
13054019	416	0.1	-0.1	5.08776
13054019	417	0.1	-0.1	-2.42968
13054019	418	0.1	-0.1	-2.1409
13054019	419	0.1	-0.1	-1.36153
13054019	420	0.1	-0.1	-5.88369
13054019	421	0.1	-0.1	5.94095
13054019	422	0.1	-0.1	-1.12343
13054019	423	0.1	-0.1	-5.88627
13054019	424	0.1	-0.1	4.39065
13054019	425	0.1	-0.1	3.307
13054019	426	0.1	-0.1	-0.34042
13054019	427	0.1	-0.1	4.94813
13054019	428	0.1	-0.1	-2.7684
13054019	429	0.1	-0.1	-4.18404
13054019	430	0.1	-0.1	3.26047
13054019	431	0.1	-0.1	-3.69835
13054019	432	0.1	-0.1	-3.88309
13054019	433	0.1	-0.1	-1.79468
13054019	434	0.1	-0.1	-3.3146
13054019	435	0.1	-0.1	-0.0838132
13054019	436	0.1	-0.1	3.66878
13054019	437	0.1	-0.1	-4.95273
13054019	438	0.1	-0.1	2.67346
13054019	439	0.1	-0.1	1.21679
13054019	440	0.1	-0.1	5.9604
13054019	441	0.1	-0.1	-4.82945
13054019	442	0.1	-0.1	5.90201
13054019	443	0.1	-0.1	4.73349
13054019	444	0.1	-0.1	-0.339802
13054019	445	0.1	-0.1	-2.93203
13054019	446	0.1	-0.1	-3.55884
13054019	447	0.1	-0.1	4.20227
13054019	448	0.1	-0.1	2.9564
13054019	449	0.1	-0.1	-3.07978
13054019	450	0.1	-0.1	2.97368
13054019	451	0.1	-0.1	-4.60428
13054019	452	0.1	-0.1	3.13203
13054019	453	0.1	-0.1	5.91324
13054019	454	0.1	-0.1	4.3768
13054019	455	0.1	-0.1	5.19634
13054019	456	0.1	-0.1	-5.75727
13054019	457	0.1	-0.1	3.07563
13054019	458	0.1	-0.1	-1.66572
13054019	459	0.1	-0.1	-3.77114
13054019	460	0.1	-0.1	-1.81818
13054019	461	0.1	-0.1	2.68779
13054019	462	0.1	-0.1	1.83448
13054019	463	0.1	-0.1	-2.41918
13054019	464	0.1	-0.1	-2.35067
13054019	465	0.1	-0.1	5.32775
13054019	466	0.1	-0.1	2.87122
13054019	467	0.1	-0.1	0.444539
13054019	468	0.1	-0.1	3.06795
13054019	469	0.1	-0.1	1.08495
13054019	470	0.1	-0.1	1.76928
13054019	471	0.1	-0.1	-3.16279
13054019	472	0.1	-0.1	-2.85149
13054019	473	0.1	-0.1	3.00819
13054019	474	0.1	-0.1	-1.51303
13054019	475	0.1	-0.1	5.96321
13054019	476	0.1	-0.1	0.115373
13054019	477	0.1	-0.1	3.81463
13054019	478	0.1	-0.1	-1.13347
13054019	479	0.1	-0.1	-4.57051
13054019	480	0.1	-0.1	3.87793
13054019	481	0.1	-0.1	0.754522
13054019	482	0.1	-0.1	-0.143978
13054019	483	0.1	-0.1	-4.62347
13054019	484	0.1	-0.1	5.03385
13054019	485	0.1	-0.1	4.081
13054019	486	0.1	-0.1	2.84467
13054019	487	0.1	-0.1	0.0437219
13054019	488	0.1	-0.1	1.20829
13054019	489	0.1	-0.1	2.29958
13054019	490	0.1	-0.1	-4.02084
13054019	491	0.1	-0.1	2.91422
13054019	492	0.1	-0.1	-3.10904
13054019	493	0.1	-0.1	0.267529
13054019	494	0.1	-0.1	-5.33753
13054019	495	0.1	-0.1	0.215649
13054019	496	0.1	-0.1	-4.72069
13054019	497	0.1	-0.1	-1.0518
13054019	498	0.1	-0.1	-3.60102
13054019	499	0.1	-0.1	-4.67439
13054019	500	0.1	-0.1	-5.43285
13054019	501	0.1	-0.1	1.70443
13054019	502	0.1	-0.1	-3.95722
13054019	503	0.1	-0.1	-4.10901
13054019	504	0.1	-0.1	0.579525
13054019	505	0.1	-0.1	-4.94227
13054019	506	0.1	-0.1	-1.25575
13054019	507	0.1	-0.1	-4.1588
13054019	508	0.1	-0.1	-1.93977
13054019	509	0.1	-0.1	-1.01128
13054019	510	0.1	-0.1	-2.9228
13054019	511	0.1	-0.1	-0.818679
13054019	512	0.1	-0.1	-5.09293
13054019	513	0.1	-0.1	0.363867
13054019	514	0.1	-0.1	-2.00858
13054019	515	0.1	-0.1	2.64771
13054019	516	0.1	-0.1	-3.74583
13054019	517	0.1	-0.1	4.70698
13054019	518	0.1	-0.1	5.91024
13054019	519	0.1	-0.1	1.05749
13054019	520	0.1	-0.1	-2.21533
13054019	521	0.1	-0.1	3.43165
13054019	522	0.1	-0.1	0.197299
13054019	523	0.1	-0.1	-4.44554
13054019	524	0.1	-0.1	2.04737
13054019	525	0.1	-0.1	5.93055
13054019	526	0.1	-0.1	1.22001
13054019	527	0.1	-0.1	0.766996
13054019	528	0.1	-0.1	1.68852
13054019	529	0.1	-0.1	2.04216
13054019	530	0.1	-0.1	-4.88906
13054019	531	0.1	-0.1	-2.68675
13054019	532	0.1	-0.1	0.806436
13054019	533	0.1	-0.1	0.714702
13054019	534	0.1	-0.1	-0.933793
13054019	535	0.1	-0.1	-2.60459
13054019	536	0.1	-0.1	-2.25489
13054019	537	0.1	-0.1	-1.636
13054019	538	0.1	-0.1	2.56151
13054019	539	0.1	-0.1	-5.43525
13054019	540	0.1	-0.1	5.20687
13054019	541	0.1	-0.1	-5.64986
13054019	542	0.1	-0.1	2.7806
13054019	543	0.1	-0.1	0.636365
13054019	544	0.1	-0.1	2.09376
13054019	545	0.1	-0.1	5.79206
13054019	546	0.1	-0.1	-0.0141005
13054019	547	0.1	-0.1	-5.50126
13054019	548	0.1	-0.1	-1.8837
13054019	549	0.1	-0.1	-4.76127
13054019	550	0.1	-0.1	5.59726
13054019	551	0.1	-0.1	-1.44707
13054019	552	0.1	-0.1	-4.32526
13054019	553	0.1	-0.1	-4.21935
13054019	554	0.1	-0.1	4.34378
13054019	555	0.1	-0.1	3.37818
13054019	556	0.1	-0.1	5.46906
13054019	557	0.1	-0.1	-3.12968
13054019	558	0.1	-0.1	-0.547153
13054019	559	0.1	-0.1	0.515543
13054019	560	0.1	-0.1	-0.600835
13054019	561	0.1	-0.1	0.208445
13054019	562	0.1	-0.1	1.9386
13054019	563	0.1	-0.1	-2.3507
13054019	564	0.1	-0.1	-5.60452
13054019	565	0.1	-0.1	-0.443062
13054019	566	0.1	-0.1	-0.663518
13054019	567	0.1	-0.1	5.24648
13054019	568	0.1	-0.1	1.87729
13054019	569	0.1	-0.1	-1.8247
13054019	570	0.1	-0.1	1.69059
13054019	571	0.1	-0.1	0.898766
13054019	572	0.1	-0.1	-5.1173
13054019	573	0.1	-0.1	-3.4602
13054019	574	0.1	-0.1	0.410454
13054019	575	0.1	-0.1	-5.23205
13054019	576	0.1	-0.1	4.55798
13054019	577	0.1	-0.1	-5.81131
13054019	578	0.1	-0.1	3.8265
13054019	579	0.1	-0.1	-3.12143
13054019	580	0.1	-0.1	-1.58453
13054019	581	0.1	-0.1	-2.95861
13054019	582	0.1	-0.1	-3.99684
13054019	583	0.1	-0.1	-3.97249
13054019	584	0.1	-0.1	4.91072
13054019	585	0.1	-0.1	3.97612
13054019	586	0.1	-0.1	3.34051
13054019	587	0.1	-0.1	-0.731255
13054019	588	0.1	-0.1	0.924568
13054019	589	0.1	-0.1	4.06537
13054019	590	0.1	-0.1	-4.06366
13054019	591	0.1	-0.1	1.25865
13054019	592	0.1	-0.1	4.7688
13054019	593	0.1	-0.1	-1.61084
13054019	594	0.1	-0.1	-0.0846628
13054019	595	0.1	-0.1	0.00049468
13054019	596	0.1	-0.1	1.77598
13054019	597	0.1	-0.1	2.67177
13054019	598	0.1	-0.1	-1.68571
13054019	599	0.1	-0.1	-0.983133
13054019	600	0.1	-0.1	1.33722
13054019	601	0.1	-0.1	4.36575
13054019	602	0.1	-0.1	-2.55222
13054019	603	0.1	-0.1	-5.08185
13054019	604	0.1	-0.1	1.58
13054019	605	0.1	-0.1	-5.19767
13054019	606	0.1	-0.1	-4.75894
13054019	607	0.1	-0.1	5.88787
13054019	608	0.1	-0.1	2.49258
13054019	609	0.1	-0.1	2.0607
13054019	610	0.1	-0.1	-3.16345
13054019	611	0.1	-0.1	-1.22057
13054019	612	0.1	-0.1	-2.0826
13054019	613	0.1	-0.1	5.56142
13054019	614	0.1	-0.1	5.09704
13054019	615	0.1	-0.1	-3.04994
13054019	616	0.1	-0.1	0.13379
13054019	617	0.1	-0.1	-4.33776
13054019	618	0.1	-0.1	-4.71341
13054019	619	0.1	-0.1	1.7817
13054019	620	0.1	-0.1	-4.07732
13054019	621	0.1	-0.1	-1.31214
13054019	622	0.1	-0.1	-2.41979
13054019	623	0.1	-0.1	0.235896
13054019	624	0.1	-0.1	-0.787652
13054019	625	0.1	-0.1	0.805979
13054019	626	0.1	-0.1	-0.694023
13054019	627	0.1	-0.1	2.86578
13054019	628	0.1	-0.1	3.12877
13054019	629	0.1	-0.1	-4.08471
13054019	630	0.1	-0.1	-3.18175
13054019	631	0.1	-0.1	2.39188
13054019	632	0.1	-0.1	2.68016
13054019	633	0.1	-0.1	2.08174
13054019	634	0.1	-0.1	5.30315
13054019	635	0.1	-0.1	-2.84085
13054019	636	0.1	-0.1	-5.0383
13054019	637	0.1	-0.1	-1.24634
13054019	638	0.1	-0.1	-5.2824
13054019	639	0.1	-0.1	0.13937
13054019	640	0.1	-0.1	-0.818441
13054019	641	0.1	-0.1	-2.68008
13054019	642	0.1	-0.1	2.20938
13054019	643	0.1	-0.1	-4.57975
13054019	644	0.1	-0.1	5.04281
13054019	645	0.1	-0.1	1.03562
13054019	646	0.1	-0.1	3.87038
13054019	647	0.1	-0.1	0.710195
13054019	648	0.1	-0.1	1.49949
13054019	649	0.1	-0.1	0.310586
13054019	650	0.1	-0.1	-4.00081
13054019	651	0.1	-0.1	0.797066
13054019	652	0.1	-0.1	-2.42056
13054019	653	0.1	-0.1	-3.85502
13054019	654	0.1	-0.1	2.38722
13054019	655	0.1	-0.1	-0.583858
13054019	656	0.1	-0.1	-0.423353
13054019	657	0.1	-0.1	-4.60431
13054019	658	0.1	-0.1	1.96149
13054019	659	0.1	-0.1	-3.87969
13054019	660	0.1	-0.1	0.458747
13054019	661	0.1	-0.1	-5.23609
13054019	662	0.1	-0.1	5.30144
13054019	663	0.1	-0.1	-5.43561
13054019	664	0.1	-0.1	-4.91241
13054019	665	0.1	-0.1	0.328515
13054019	666	0.1	-0.1	-1.99419
13054019	667	0.1	-0.1	3.97209
13054019	668	0.1	-0.1	3.96771
13054019	669	0.1	-0.1	3.45155
13054019	670	0.1	-0.1	-1.57838
13054019	671	0.1	-0.1	-3.95967
13054019	672	0.1	-0.1	2.19909
13054019	673	0.1	-0.1	-3.41542
13054019	674	0.1	-0.1	-5.50811
13054019	675	0.1	-0.1	1.6741
13054019	676	0.1	-0.1	-4.14311
13054019	677	0.1	-0.1	1.87308
13054019	678	0.1	-0.1	2.40475
13054019	679	0.1	-0.1	-2.08038
13054019	680	0.1	-0.1	-4.57841
13054019	681	0.1	-0.1	-3.03034
13054019	682	0.1	-0.1	3.19964
13054019	683	0.1	-0.1	2.79137
13054019	684	0.1	-0.1	5.87457
13054019	685	0.1	-0.1	4.76383
13054019	686	0.1	-0.1	4.08694
13054019	687	0.1	-0.1	-3.55324
13054019	688	0.1	-0.1	-0.64537
13054019	689	0.1	-0.1	-5.26467
13054019	690	0.1	-0.1	-1.67691
13054019	691	0.1	-0.1	-1.91946
13054019	692	0.1	-0.1	0.0394029
13054019	693	0.1	-0.1	1.18704
13054019	694	0.1	-0.1	-5.82218
13054019	695	0.1	-0.1	4.95839
13054019	696	0.1	-0.1	2.14279
13054019	697	0.1	-0.1	-1.62015
13054019	698	0.1	-0.1	0.496207
13054019	699	0.1	-0.1	-1.29823
13054019	700	0.1	-0.1	-4.71212
13054019	701	0.1	-0.1	1.60862
13054019	702	0.1	-0.1	-3.02208
13054019	703	0.1	-0.1	-4.89673
13054019	704	0.1	-0.1	3.51807
13054019	705	0.1	-0.1	-5.39167
13054019	706	0.1	-0.1	-2.80032
13054019	707	0.1	-0.1	-1.55311
13054019	708	0.1	-0.1	3.14348
13054019	709	0.1	-0.1	3.9668
13054019	710	0.1	-0.1	0.979855
13054019	711	0.1	-0.1	5.23803
13054019	712	0.1	-0.1	-3.17049
13054019	713	0.1	-0.1	-5.31466
13054019	714	0.1	-0.1	-2.43863
13054019	715	0.1	-0.1	-3.05888
13054019	716	0.1	-0.1	-4.20814
13054019	717	0.1	-0.1	-0.412156
13054019	718	0.1	-0.1	5.50353
13054019	719	0.1	-0.1	3.48654
13054019	720	0.1	-0.1	0.062784
13054019	721	0.1	-0.1	-1.74094
13054019	722	0.1	-0.1	5.85553
13054019	723	0.1	-0.1	-5.28783
13054019	724	0.1	-0.1	-4.51421
13054019	725	0.1	-0.1	-2.07298
13054019	726	0.1	-0.1	-1.56263
13054019	727	0.1	-0.1	-3.73961
13054019	728	0.1	-0.1	-3.99313
13054019	729	0.1	-0.1	5.17948
13054019	730	0.1	-0.1	5.11568
13054019	731	0.1	-0.1	-3.82599
13054019	732	0.1	-0.1	4.70122
13054019	733	0.1	-0.1	-5.22048
13054019	734	0.1	-0.1	-0.00139517
13054019	735	0.1	-0.1	1.10588
13054019	736	0.1	-0.1	1.94747
13054019	737	0.1	-0.1	4.62683
13054019	738	0.1	-0.1	5.08456
13054019	739	0.1	-0.1	2.34395
13054019	740	0.1	-0.1	4.89075
13054019	741	0.1	-0.1	-3.18083
13054019	742	0.1	-0.1	-3.04591
13054019	743	0.1	-0.1	5.10268
13054019	744	0.1	-0.1	-0.493471
13054019	745	0.1	-0.1	-0.390897
13054019	746	0.1	-0.1	4.74382
13054019	747	0.1	-0.1	-5.56108
13054019	748	0.1	-0.1	2.88998
13054019	749	0.1	-0.1	-4.43044
13054019	750	0.1	-0.1	-3.79926
13054019	751	0.1	-0.1	0.744723
13054019	752	0.1	-0.1	-2.96757
13054019	753	0.1	-0.1	5.90462
13054019	754	0.1	-0.1	-1.82552
13054019	755	0.1	-0.1	-4.48106
13054019	756	0.1	-0.1	-4.52661
13054019	757	0.1	-0.1	-2.19771
13054019	758	0.1	-0.1	-5.48151
13054019	759	0.1	-0.1	0.506716
13054019	760	0.1	-0.1	0.649696
13054019	761	0.1	-0.1	2.47461
13054019	762	0.1	-0.1	-3.11221
13054019	763	0.1	-0.1	-4.55016
13054019	764	0.1	-0.1	-5.233
13054019	765	0.1	-0.1	1.63867
13054019	766	0.1	-0.1	5.13197
13054019	767	0.1	-0.1	5.29793
13054019	768	0.1	-0.1	-2.2637
13054019	769	0.1	-0.1	4.34254
13054019	770	0.1	-0.1	2.99601
13054019	771	0.1	-0.1	-5.91357
13054019	772	0.1	-0.1	1.78358
13054019	773	0.1	-0.1	-3.65661
13054019	774	0.1	-0.1	1.62614
13054019	775	0.1	-0.1	1.58939
13054019	776	0.1	-0.1	5.16871
13054019	777	0.1	-0.1	2.75639
13054019	778	0.1	-0.1	-1.57053
13054019	779	0.1	-0.1	0.260837
13054019	780	0.1	-0.1	-4.70198
13054019	781	0.1	-0.1	4.75687
13054019	782	0.1	-0.1	-1.34319
13054019	783	0.1	-0.1	5.42698
13054019	784	0.1	-0.1	5.05935
13054019	785	0.1	-0.1	-4.55968
13054019	786	0.1	-0.1	5.24885
13054019	787	0.1	-0.1	-1.41507
13054019	788	0.1	-0.1	-2.76969
13054019	789	0.1	-0.1	-3.45364
13054019	790	0.1	-0.1	-1.70822
13054019	791	0.1	-0.1	3.84529
13054019	792	0.1	-0.1	-2.85805
13054019	793	0.1	-0.1	4.52533
13054019	794	0.1	-0.1	-2.19501
13054019	795	0.1	-0.1	0.942342
13054019	796	0.1	-0.1	3.75806
13054019	797	0.1	-0.1	-2.70732
13054019	798	0.1	-0.1	-5.64323
13054019	799	0.1	-0.1	-1.27349
13054019	800	0.1	-0.1	3.75735
13054019	801	0.1	-0.1	3.88632
13054019	802	0.1	-0.1	0.718345
13054019	803	0.1	-0.1	-4.36794
13054019	804	0.1	-0.1	5.08215
13054019	805	0.1	-0.1	3.47892
13054019	806	0.1	-0.1	4.64874
13054019	807	0.1	-0.1	5.26505
13054019	808	0.1	-0.1	5.9862
13054019	809	0.1	-0.1	2.28128
13054019	810	0.1	-0.1	-0.438122
13054019	811	0.1	-0.1	-1.28348
13054019	812	0.1	-0.1	-5.07125
13054019	813	0.1	-0.1	-2.37074
13054019	814	0.1	-0.1	0.738076
13054019	815	0.1	-0.1	5.68995
13054019	816	0.1	-0.1	1.20891
13054019	817	0.1	-0.1	1.22186
13054019	818	0.1	-0.1	0.027747
13054019	819	0.1	-0.1	5.97147
13054019	820	0.1	-0.1	-2.4194
13054019	821	0.1	-0.1	-3.67707
13054019	822	0.1	-0.1	-1.35011
13054019	823	0.1	-0.1	-0.421452
13054019	824	0.1	-0.1	-0.678966
13054019	825	0.1	-0.1	0.384582
13054019	826	0.1	-0.1	-2.89937
13054019	827	0.1	-0.1	-4.66906
13054019	828	0.1	-0.1	-1.30985
13054019	829	0.1	-0.1	-2.68143
13054019	830	0.1	-0.1	-4.2894
13054019	831	0.1	-0.1	4.15055
13054019	832	0.1	-0.1	4.86797
13054019	833	0.1	-0.1	-4.86261
13054019	834	0.1	-0.1	2.98227
13054019	835	0.1	-0.1	-1.90688
13054019	836	0.1	-0.1	4.79186
13054019	837	0.1	-0.1	-3.01725
13054019	838	0.1	-0.1	-1.18923
13054019	839	0.1	-0.1	-3.97835
13054019	840	0.1	-0.1	-3.06294
13054019	841	0.1	-0.1	-1.94157
13054019	842	0.1	-0.1	-5.80884
13054019	843	0.1	-0.1	4.42447
13054019	844	0.1	-0.1	-5.65866
13054019	845	0.1	-0.1	4.80219
13054019	846	0.1	-0.1	5.36864
13054019	847	0.1	-0.1	-5.06897
13054019	848	0.1	-0.1	2.63842
13054019	849	0.1	-0.1	5.66046
13054019	850	0.1	-0.1	0.575704
13054019	851	0.1	-0.1	-2.78448
13054019	852	0.1	-0.1	5.42414
13054019	853	0.1	-0.1	5.9952
13054019	854	0.1	-0.1	-2.91655
13054019	855	0.1	-0.1	-3.11213
13054019	856	0.1	-0.1	-4.35703
13054019	857	0.1	-0.1	2.32027
13054019	858	0.1	-0.1	5.60871
13054019	859	0.1	-0.1	-1.30129
13054019	860	0.1	-0.1	2.46031
13054019	861	0.1	-0.1	3.94874
13054019	862	0.1	-0.1	4.65237
13054019	863	0.1	-0.1	4.53403
13054019	864	0.1	-0.1	-3.98401
13054019	865	0.1	-0.1	-4.43749
13054019	866	0.1	-0.1	1.33399
13054019	867	0.1	-0.1	5.23519
13054019	868	0.1	-0.1	2.27467
13054019	869	0.1	-0.1	2.50806
13054019	870	0.1	-0.1	1.95729
13054019	871	0.1	-0.1	0.478002
13054019	872	0.1	-0.1	2.79559
13054019	873	0.1	-0.1	3.63399
13054019	874	0.1	-0.1	4.8147
13054019	875	0.1	-0.1	-1.29878
13054019	876	0.1	-0.1	-2.43341
13054019	877	0.1	-0.1	-4.15229
13054019	878	0.1	-0.1	-1.79259
13054019	879	0.1	-0.1	5.28754
13054019	880	0.1	-0.1	0.632498
13054019	881	0.1	-0.1	0.947042
13054019	882	0.1	-0.1	0.0254261
13054019	883	0.1	-0.1	0.302978
13054019	884	0.1	-0.1	-2.99878
13054019	885	0.1	-0.1	4.11305
13054019	886	0.1	-0.1	0.439229
13054019	887	0.1	-0.1	0.874498
13054019	888	0.1	-0.1	-5.54577
13054019	889	0.1	-0.1	2.98879
13054019	890	0.1	-0.1	5.95763
13054019	891	0.1	-0.1	2.45973
13054019	892	0.1	-0.1	4.5853
13054019	893	0.1	-0.1	3.46941
13054019	894	0.1	-0.1	-0.800418
13054019	895	0.1	-0.1	-4.3179
13054019	896	0.1	-0.1	-0.803304
13054019	897	0.1	-0.1	-4.29651
13054019	898	0.1	-0.1	-2.66957
13054019	899	0.1	-0.1	-3.27119
13054019	900	0.1	-0.1	-1.65665
13054019	901	0.1	-0.1	3.21025
13054019	902	0.1	-0.1	4.65258
13054019	903	0.1	-0.1	0.982964
13054019	904	0.1	-0.1	4.49325
13054019	905	0.1	-0.1	1.07492
13054019	906	0.1	-0.1	-4.48141
13054019	907	0.1	-0.1	-0.363992
13054019	908	0.1	-0.1	-3.01077
13054019	909	0.1	-0.1	-0.407179
13054019	910	0.1	-0.1	-3.2703
13054019	911	0.1	-0.1	-2.80053
13054019	912	0.1	-0.1	-3.91607
13054019	913	0.1	-0.1	-4.85762
13054019	914	0.1	-0.1	2.81136
13054019	915	0.1	-0.1	-5.86947
13054019	916	0.1	-0.1	0.999531
13054019	917	0.1	-0.1	-3.68088
13054019	918	0.1	-0.1	-4.09381
13054019	919	0.1	-0.1	-2.06852
13054019	920	0.1	-0.1	-2.30245
13054019	921	0.1	-0.1	2.82054
13054019	922	0.1	-0.1	2.62465
13054019	923	0.1	-0.1	1.87384
13054019	924	0.1	-0.1	-2.3708
13054019	925	0.1	-0.1	-3.40641
13054019	926	0.1	-0.1	3.79125
13054019	927	0.1	-0.1	4.69109
13054019	928	0.1	-0.1	-1.16215
13054019	929	0.1	-0.1	1.92267
13054019	930	0.1	-0.1	5.67659
13054019	931	0.1	-0.1	1.94285
13054019	932	0.1	-0.1	2.59175
13054019	933	0.1	-0.1	5.15551
13054019	934	0.1	-0.1	-4.93453
13054019	935	0.1	-0.1	-3.08122
13054019	936	0.1	-0.1	4.23552
13054019	937	0.1	-0.1	-4.25278
13054019	938	0.1	-0.1	4.35559
13054019	939	0.1	-0.1	-2.4126
13054019	940	0.1	-0.1	5.25215
13054019	941	0.1	-0.1	-5.17059
13054019	942	0.1	-0.1	-4.91273
13054019	943	0.1	-0.1	5.58799
13054019	944	0.1	-0.1	3.51427
13054019	945	0.1	-0.1	3.00676
13054019	946	0.1	-0.1	1.58109
13054019	947	0.1	-0.1	-3.53588
13054019	948	0.1	-0.1	-3.50378
13054019	949	0.1	-0.1	-0.246893
13054019	950	0.1	-0.1	-2.52491
13054019	951	0.1	-0.1	1.46859
13054019	952	0.1	-0.1	-5.64168
13054019	953	0.1	-0.1	-2.23454
13054019	954	0.1	-0.1	1.53897
13054019	955	0.1	-0.1	-0.613346
13054019	956	0.1	-0.1	-1.65155
13054019	957	0.1	-0.1	5.18982
13054019	958	0.1	-0.1	-4.79718
13054019	959	0.1	-0.1	4.8797
13054019	960	0.1	-0.1	5.01457
13054019	961	0.1	-0.1	-4.73043
13054019	962	0.1	-0.1	-0.117909
13054019	963	0.1	-0.1	-4.01564
13054019	964	0.1	-0.1	5.2146
13054019	965	0.1	-0.1	-2.56157
13054019	966	0.1	-0.1	0.517188
13054019	967	0.1	-0.1	-5.52884
13054019	968	0.1	-0.1	-0.0571062
13054019	969	0.1	-0.1	1.25338
13054019	970	0.1	-0.1	-0.147445
13054019	971	0.1	-0.1	-5.85715
13054019	972	0.1	-0.1	2.72056
13054019	973	0.1	-0.1	4.92256
13054019	974	0.1	-0.1	4.08476
13054019	975	0.1	-0.1	-5.51715
13054019	976	0.1	-0.1	0.27189
13054019	977	0.1	-0.1	4.2871
13054019	978	0.1	-0.1	0.580792
13054019	979	0.1	-0.1	-1.55171
13054019	980	0.1	-0.1	0.197626
13054019	981	0.1	-0.1	-0.297383
13054019	982	0.1	-0.1	1.45986
13054019	983	0.1	-0.1	5.66657
13054019	984	0.1	-0.1	1.68517
13054019	985	0.1	-0.1	-3.39831
13054019	986	0.1	-0.1	1.12977
13054019	987	0.1	-0.1	4.53415
13054019	988	0.1	-0.1	-5.52564
13054019	989	0.1	-0.1	-5.37498
13054019	990	0.1	-0.1	0.424803
13054019	991	0.1	-0.1	5.53857
13054019	992	0.1	-0.1	5.13704
13054019	993	0.1	-0.1	4.73045
13054019	994	0.1	-0.1	1.24522
13054019	995	0.1	-0.1	5.27919
13054019	996	0.1	-0.1	-4.19508
13054019	997	0.1	-0.1	0.374072
13054019	998	0.1	-0.1	-5.19579
13054019	999	0.1	-0.1	5.433
13054019	1000	0.1	-0.1	-4.87059
