13055037	1	0.1	-0.1	-2.3547
13055037	2	0.1	-0.1	-4.95828
13055037	3	0.1	-0.1	3.48693
13055037	4	0.1	-0.1	-0.61301
13055037	5	0.1	-0.1	3.45394
13055037	6	0.1	-0.1	1.51969
13055037	7	0.1	-0.1	4.80664
13055037	8	0.1	-0.1	-1.2237
13055037	9	0.1	-0.1	1.32912
13055037	10	0.1	-0.1	-3.57449
13055037	11	0.1	-0.1	4.97159
13055037	12	0.1	-0.1	-5.95909
13055037	13	0.1	-0.1	-2.08785
13055037	14	0.1	-0.1	3.09623
13055037	15	0.1	-0.1	1.39648
13055037	16	0.1	-0.1	3.83345
13055037	17	0.1	-0.1	3.52756
13055037	18	0.1	-0.1	-1.55653
13055037	19	0.1	-0.1	4.90466
13055037	20	0.1	-0.1	-2.22171
13055037	21	0.1	-0.1	-2.55281
13055037	22	0.1	-0.1	-4.98437
13055037	23	0.1	-0.1	-0.988781
13055037	24	0.1	-0.1	1.01751
13055037	25	0.1	-0.1	2.25555
13055037	26	0.1	-0.1	-3.62805
13055037	27	0.1	-0.1	1.853
13055037	28	0.1	-0.1	-5.64569
13055037	29	0.1	-0.1	-5.03235
13055037	30	0.1	-0.1	0.0588366
13055037	31	0.1	-0.1	1.19604
13055037	32	0.1	-0.1	-1.73135
13055037	33	0.1	-0.1	-4.00257
13055037	34	0.1	-0.1	3.80072
13055037	35	0.1	-0.1	4.80891
13055037	36	0.1	-0.1	-2.25502
13055037	37	0.1	-0.1	0.0348556
13055037	38	0.1	-0.1	-2.11908
13055037	39	0.1	-0.1	-5.36472
13055037	40	0.1	-0.1	-2.09569
13055037	41	0.1	-0.1	-3.52771
13055037	42	0.1	-0.1	-4.69048
13055037	43	0.1	-0.1	1.04192
13055037	44	0.1	-0.1	5.46864
13055037	45	0.1	-0.1	-1.20459
13055037	46	0.1	-0.1	1.03127
13055037	47	0.1	-0.1	4.26609
13055037	48	0.1	-0.1	-2.11862
13055037	49	0.1	-0.1	-4.74068
13055037	50	0.1	-0.1	1.55767
13055037	51	0.1	-0.1	-5.67231
13055037	52	0.1	-0.1	-3.546
13055037	53	0.1	-0.1	0.719538
13055037	54	0.1	-0.1	4.7087
13055037	55	0.1	-0.1	3.62633
13055037	56	0.1	-0.1	-4.04354
13055037	57	0.1	-0.1	-5.85641
13055037	58	0.1	-0.1	-4.65344
13055037	59	0.1	-0.1	4.59089
13055037	60	0.1	-0.1	4.37373
13055037	61	0.1	-0.1	2.31059
13055037	62	0.1	-0.1	-1.25296
13055037	63	0.1	-0.1	4.97713
13055037	64	0.1	-0.1	4.70643
13055037	65	0.1	-0.1	-1.27696
13055037	66	0.1	-0.1	-3.87965
13055037	67	0.1	-0.1	5.54618
13055037	68	0.1	-0.1	1.46943
13055037	69	0.1	-0.1	5.37616
13055037	70	0.1	-0.1	-3.54229
13055037	71	0.1	-0.1	5.67874
13055037	72	0.1	-0.1	0.675264
13055037	73	0.1	-0.1	4.19347
13055037	74	0.1	-0.1	-0.286578
13055037	75	0.1	-0.1	-3.75261
13055037	76	0.1	-0.1	4.013
13055037	77	0.1	-0.1	-4.6608
13055037	78	0.1	-0.1	-5.74568
13055037	79	0.1	-0.1	4.64843
13055037	80	0.1	-0.1	-3.79222
13055037	81	0.1	-0.1	-0.540844
13055037	82	0.1	-0.1	-1.81478
13055037	83	0.1	-0.1	1.68727
13055037	84	0.1	-0.1	-1.30992
13055037	85	0.1	-0.1	0.191762
13055037	86	0.1	-0.1	3.02115
13055037	87	0.1	-0.1	3.77168
13055037	88	0.1	-0.1	2.98543
13055037	89	0.1	-0.1	-2.91605
13055037	90	0.1	-0.1	-2.93951
13055037	91	0.1	-0.1	2.40176
13055037	92	0.1	-0.1	-2.07885
13055037	93	0.1	-0.1	-0.18709
13055037	94	0.1	-0.1	-4.01182
13055037	95	0.1	-0.1	5.97003
13055037	96	0.1	-0.1	5.49224
13055037	97	0.1	-0.1	-3.88763
13055037	98	0.1	-0.1	-5.96784
13055037	99	0.1	-0.1	1.43149
13055037	100	0.1	-0.1	5.71142
13055037	101	0.1	-0.1	1.46291
13055037	102	0.1	-0.1	4.08889
13055037	103	0.1	-0.1	1.16932
13055037	104	0.1	-0.1	-3.54978
13055037	105	0.1	-0.1	-5.75919
13055037	106	0.1	-0.1	-3.04753
13055037	107	0.1	-0.1	2.0671
13055037	108	0.1	-0.1	5.70744
13055037	109	0.1	-0.1	0.580424
13055037	110	0.1	-0.1	4.49622
13055037	111	0.1	-0.1	-3.48054
13055037	112	0.1	-0.1	5.53063
13055037	113	0.1	-0.1	5.34875
13055037	114	0.1	-0.1	-2.56822
13055037	115	0.1	-0.1	2.92703
13055037	116	0.1	-0.1	-2.58592
13055037	117	0.1	-0.1	-0.334105
13055037	118	0.1	-0.1	-1.40675
13055037	119	0.1	-0.1	4.86996
13055037	120	0.1	-0.1	-3.03815
13055037	121	0.1	-0.1	0.284053
13055037	122	0.1	-0.1	3.81832
13055037	123	0.1	-0.1	-1.78146
13055037	124	0.1	-0.1	0.290837
13055037	125	0.1	-0.1	0.968738
13055037	126	0.1	-0.1	4.42402
13055037	127	0.1	-0.1	-3.08966
13055037	128	0.1	-0.1	5.33677
13055037	129	0.1	-0.1	-4.78478
13055037	130	0.1	-0.1	5.08218
13055037	131	0.1	-0.1	-4.25564
13055037	132	0.1	-0.1	-4.29559
13055037	133	0.1	-0.1	5.97385
13055037	134	0.1	-0.1	4.12883
13055037	135	0.1	-0.1	-2.22515
13055037	136	0.1	-0.1	-4.06788
13055037	137	0.1	-0.1	0.695506
13055037	138	0.1	-0.1	-4.95991
13055037	139	0.1	-0.1	-1.30979
13055037	140	0.1	-0.1	0.227165
13055037	141	0.1	-0.1	0.167258
13055037	142	0.1	-0.1	5.57754
13055037	143	0.1	-0.1	4.09086
13055037	144	0.1	-0.1	-2.03612
13055037	145	0.1	-0.1	-2.54986
13055037	146	0.1	-0.1	-4.54609
13055037	147	0.1	-0.1	-1.84936
13055037	148	0.1	-0.1	-0.912486
13055037	149	0.1	-0.1	-2.51901
13055037	150	0.1	-0.1	4.6389
13055037	151	0.1	-0.1	-0.668652
13055037	152	0.1	-0.1	-3.8841
13055037	153	0.1	-0.1	-2.28515
13055037	154	0.1	-0.1	1.27874
13055037	155	0.1	-0.1	-5.21936
13055037	156	0.1	-0.1	-4.33717
13055037	157	0.1	-0.1	-0.983653
13055037	158	0.1	-0.1	-5.44263
13055037	159	0.1	-0.1	4.61293
13055037	160	0.1	-0.1	0.133694
13055037	161	0.1	-0.1	-0.527726
13055037	162	0.1	-0.1	0.693278
13055037	163	0.1	-0.1	-0.462804
13055037	164	0.1	-0.1	0.871768
13055037	165	0.1	-0.1	-1.31945
13055037	166	0.1	-0.1	-5.28569
13055037	167	0.1	-0.1	2.31015
13055037	168	0.1	-0.1	-4.11069
13055037	169	0.1	-0.1	-4.74958
13055037	170	0.1	-0.1	2.05433
13055037	171	0.1	-0.1	-0.309713
13055037	172	0.1	-0.1	-5.88789
13055037	173	0.1	-0.1	-2.71416
13055037	174	0.1	-0.1	-0.39552
13055037	175	0.1	-0.1	-5.80845
13055037	176	0.1	-0.1	-4.1049
13055037	177	0.1	-0.1	1.24533
13055037	178	0.1	-0.1	-2.54688
13055037	179	0.1	-0.1	-4.41721
13055037	180	0.1	-0.1	4.0855
13055037	181	0.1	-0.1	-2.03932
13055037	182	0.1	-0.1	-1.59533
13055037	183	0.1	-0.1	0.377248
13055037	184	0.1	-0.1	2.30424
13055037	185	0.1	-0.1	3.51899
13055037	186	0.1	-0.1	5.77605
13055037	187	0.1	-0.1	5.20883
13055037	188	0.1	-0.1	-4.14656
13055037	189	0.1	-0.1	-4.35907
13055037	190	0.1	-0.1	-4.53124
13055037	191	0.1	-0.1	5.03059
13055037	192	0.1	-0.1	-0.0949687
13055037	193	0.1	-0.1	2.83323
13055037	194	0.1	-0.1	-4.41067
13055037	195	0.1	-0.1	4.65183
13055037	196	0.1	-0.1	3.1081
13055037	197	0.1	-0.1	1.45209
13055037	198	0.1	-0.1	3.5271
13055037	199	0.1	-0.1	0.31002
13055037	200	0.1	-0.1	-3.35741
13055037	201	0.1	-0.1	-4.65086
13055037	202	0.1	-0.1	0.304932
13055037	203	0.1	-0.1	2.44062
13055037	204	0.1	-0.1	5.529
13055037	205	0.1	-0.1	5.05357
13055037	206	0.1	-0.1	3.89389
13055037	207	0.1	-0.1	1.44473
13055037	208	0.1	-0.1	-1.76684
13055037	209	0.1	-0.1	-2.07387
13055037	210	0.1	-0.1	-5.2658
13055037	211	0.1	-0.1	-0.113452
13055037	212	0.1	-0.1	1.66069
13055037	213	0.1	-0.1	-5.06794
13055037	214	0.1	-0.1	-1.89477
13055037	215	0.1	-0.1	-5.77418
13055037	216	0.1	-0.1	-1.35024
13055037	217	0.1	-0.1	-1.64953
13055037	218	0.1	-0.1	2.191
13055037	219	0.1	-0.1	3.79632
13055037	220	0.1	-0.1	2.42656
13055037	221	0.1	-0.1	4.8287
13055037	222	0.1	-0.1	1.04909
13055037	223	0.1	-0.1	4.04528
13055037	224	0.1	-0.1	-2.67853
13055037	225	0.1	-0.1	0.93582
13055037	226	0.1	-0.1	-4.4372
13055037	227	0.1	-0.1	-2.38391
13055037	228	0.1	-0.1	2.29205
13055037	229	0.1	-0.1	4.86981
13055037	230	0.1	-0.1	-1.13869
13055037	231	0.1	-0.1	-5.62634
13055037	232	0.1	-0.1	-4.27462
13055037	233	0.1	-0.1	3.85813
13055037	234	0.1	-0.1	0.918755
13055037	235	0.1	-0.1	-0.0582912
13055037	236	0.1	-0.1	5.77282
13055037	237	0.1	-0.1	-0.655695
13055037	238	0.1	-0.1	5.09153
13055037	239	0.1	-0.1	-4.59375
13055037	240	0.1	-0.1	0.0365668
13055037	241	0.1	-0.1	-4.23286
13055037	242	0.1	-0.1	2.57892
13055037	243	0.1	-0.1	2.64894
13055037	244	0.1	-0.1	5.4681
13055037	245	0.1	-0.1	-4.31567
13055037	246	0.1	-0.1	1.27226
13055037	247	0.1	-0.1	-1.10879
13055037	248	0.1	-0.1	-2.17711
13055037	249	0.1	-0.1	-4.27817
13055037	250	0.1	-0.1	-3.71807
13055037	251	0.1	-0.1	-3.79542
13055037	252	0.1	-0.1	-1.89288
13055037	253	0.1	-0.1	4.63914
13055037	254	0.1	-0.1	0.656054
13055037	255	0.1	-0.1	-4.434
13055037	256	0.1	-0.1	-3.36438
13055037	257	0.1	-0.1	-4.55662
13055037	258	0.1	-0.1	1.82162
13055037	259	0.1	-0.1	-5.15875
13055037	260	0.1	-0.1	3.99614
13055037	261	0.1	-0.1	2.11711
13055037	262	0.1	-0.1	2.54375
13055037	263	0.1	-0.1	-2.00862
13055037	264	0.1	-0.1	0.533183
13055037	265	0.1	-0.1	3.55828
13055037	266	0.1	-0.1	5.69898
13055037	267	0.1	-0.1	1.7736
13055037	268	0.1	-0.1	2.40511
13055037	269	0.1	-0.1	3.54608
13055037	270	0.1	-0.1	-3.2451
13055037	271	0.1	-0.1	1.69904
13055037	272	0.1	-0.1	0.0598042
13055037	273	0.1	-0.1	-5.48633
13055037	274	0.1	-0.1	-0.162119
13055037	275	0.1	-0.1	2.72197
13055037	276	0.1	-0.1	-2.89025
13055037	277	0.1	-0.1	-4.90215
13055037	278	0.1	-0.1	-0.946889
13055037	279	0.1	-0.1	4.764
13055037	280	0.1	-0.1	-1.47755
13055037	281	0.1	-0.1	0.838433
13055037	282	0.1	-0.1	-2.43861
13055037	283	0.1	-0.1	5.05228
13055037	284	0.1	-0.1	2.69722
13055037	285	0.1	-0.1	-4.26082
13055037	286	0.1	-0.1	1.08559
13055037	287	0.1	-0.1	-4.47169
13055037	288	0.1	-0.1	-2.66182
13055037	289	0.1	-0.1	-1.97306
13055037	290	0.1	-0.1	3.64344
13055037	291	0.1	-0.1	4.15103
13055037	292	0.1	-0.1	-1.16012
13055037	293	0.1	-0.1	0.143988
13055037	294	0.1	-0.1	4.43922
13055037	295	0.1	-0.1	2.66622
13055037	296	0.1	-0.1	0.596385
13055037	297	0.1	-0.1	-5.87664
13055037	298	0.1	-0.1	1.07984
13055037	299	0.1	-0.1	2.08656
13055037	300	0.1	-0.1	4.10293
13055037	301	0.1	-0.1	2.45857
13055037	302	0.1	-0.1	-2.63574
13055037	303	0.1	-0.1	-4.41541
13055037	304	0.1	-0.1	-0.892311
13055037	305	0.1	-0.1	0.407465
13055037	306	0.1	-0.1	-5.29094
13055037	307	0.1	-0.1	-3.1632
13055037	308	0.1	-0.1	4.95445
13055037	309	0.1	-0.1	5.17368
13055037	310	0.1	-0.1	3.25088
13055037	311	0.1	-0.1	-1.69602
13055037	312	0.1	-0.1	3.91579
13055037	313	0.1	-0.1	-4.53856
13055037	314	0.1	-0.1	-0.204806
13055037	315	0.1	-0.1	-2.87784
13055037	316	0.1	-0.1	3.66868
13055037	317	0.1	-0.1	-0.474905
13055037	318	0.1	-0.1	-3.83765
13055037	319	0.1	-0.1	-3.55987
13055037	320	0.1	-0.1	-1.83611
13055037	321	0.1	-0.1	0.240103
13055037	322	0.1	-0.1	-1.63017
13055037	323	0.1	-0.1	5.67884
13055037	324	0.1	-0.1	-2.54737
13055037	325	0.1	-0.1	-2.77926
13055037	326	0.1	-0.1	5.52822
13055037	327	0.1	-0.1	4.01955
13055037	328	0.1	-0.1	-3.30036
13055037	329	0.1	-0.1	-2.02151
13055037	330	0.1	-0.1	-3.03652
13055037	331	0.1	-0.1	3.15816
13055037	332	0.1	-0.1	-5.46411
13055037	333	0.1	-0.1	-1.11036
13055037	334	0.1	-0.1	0.98075
13055037	335	0.1	-0.1	3.25879
13055037	336	0.1	-0.1	-5.14328
13055037	337	0.1	-0.1	-5.79571
13055037	338	0.1	-0.1	-3.39895
13055037	339	0.1	-0.1	4.96758
13055037	340	0.1	-0.1	3.00412
13055037	341	0.1	-0.1	-4.65769
13055037	342	0.1	-0.1	-5.22279
13055037	343	0.1	-0.1	0.328867
13055037	344	0.1	-0.1	-2.77579
13055037	345	0.1	-0.1	4.23753
13055037	346	0.1	-0.1	1.75956
13055037	347	0.1	-0.1	5.16482
13055037	348	0.1	-0.1	-4.61195
13055037	349	0.1	-0.1	-4.459
13055037	350	0.1	-0.1	-0.989075
13055037	351	0.1	-0.1	-5.94329
13055037	352	0.1	-0.1	5.00154
13055037	353	0.1	-0.1	-1.54709
13055037	354	0.1	-0.1	-1.06689
13055037	355	0.1	-0.1	2.62506
13055037	356	0.1	-0.1	-4.79616
13055037	357	0.1	-0.1	3.56572
13055037	358	0.1	-0.1	0.28478
13055037	359	0.1	-0.1	2.7198
13055037	360	0.1	-0.1	2.36812
13055037	361	0.1	-0.1	-5.8906
13055037	362	0.1	-0.1	-1.85748
13055037	363	0.1	-0.1	4.09275
13055037	364	0.1	-0.1	-5.16
13055037	365	0.1	-0.1	-3.38549
13055037	366	0.1	-0.1	-4.08364
13055037	367	0.1	-0.1	4.21375
13055037	368	0.1	-0.1	-4.74177
13055037	369	0.1	-0.1	-1.24659
13055037	370	0.1	-0.1	3.56317
13055037	371	0.1	-0.1	-2.66891
13055037	372	0.1	-0.1	2.23218
13055037	373	0.1	-0.1	5.21402
13055037	374	0.1	-0.1	5.98917
13055037	375	0.1	-0.1	1.43457
13055037	376	0.1	-0.1	-5.48169
13055037	377	0.1	-0.1	-5.62557
13055037	378	0.1	-0.1	-0.993941
13055037	379	0.1	-0.1	-4.3466
13055037	380	0.1	-0.1	3.81042
13055037	381	0.1	-0.1	-0.598454
13055037	382	0.1	-0.1	2.21538
13055037	383	0.1	-0.1	-3.25247
13055037	384	0.1	-0.1	-1.70468
13055037	385	0.1	-0.1	-2.32935
13055037	386	0.1	-0.1	3.82365
13055037	387	0.1	-0.1	3.80088
13055037	388	0.1	-0.1	-1.72614
13055037	389	0.1	-0.1	-3.03175
13055037	390	0.1	-0.1	3.96286
13055037	391	0.1	-0.1	5.057
13055037	392	0.1	-0.1	-5.57921
13055037	393	0.1	-0.1	3.79524
13055037	394	0.1	-0.1	4.4728
13055037	395	0.1	-0.1	3.5726
13055037	396	0.1	-0.1	-3.84899
13055037	397	0.1	-0.1	-4.36475
13055037	398	0.1	-0.1	-4.87986
13055037	399	0.1	-0.1	-4.28966
13055037	400	0.1	-0.1	5.59364
13055037	401	0.1	-0.1	0.755044
13055037	402	0.1	-0.1	-2.97892
13055037	403	0.1	-0.1	-3.0862
13055037	404	0.1	-0.1	4.39302
13055037	405	0.1	-0.1	0.979769
13055037	406	0.1	-0.1	3.08096
13055037	407	0.1	-0.1	1.79801
13055037	408	0.1	-0.1	-1.43675
13055037	409	0.1	-0.1	-2.31479
13055037	410	0.1	-0.1	-4.71185
13055037	411	0.1	-0.1	1.4275
13055037	412	0.1	-0.1	1.40761
13055037	413	0.1	-0.1	-4.46016
13055037	414	0.1	-0.1	-5.77883
13055037	415	0.1	-0.1	0.269316
13055037	416	0.1	-0.1	4.30696
13055037	417	0.1	-0.1	0.355101
13055037	418	0.1	-0.1	-5.44815
13055037	419	0.1	-0.1	-4.48597
13055037	420	0.1	-0.1	-2.25553
13055037	421	0.1	-0.1	-4.00629
13055037	422	0.1	-0.1	-2.59384
13055037	423	0.1	-0.1	3.74144
13055037	424	0.1	-0.1	0.441584
13055037	425	0.1	-0.1	4.55676
13055037	426	0.1	-0.1	3.5855
13055037	427	0.1	-0.1	-4.18806
13055037	428	0.1	-0.1	-4.68502
13055037	429	0.1	-0.1	-4.75189
13055037	430	0.1	-0.1	-5.22885
13055037	431	0.1	-0.1	2.22124
13055037	432	0.1	-0.1	2.75135
13055037	433	0.1	-0.1	3.72029
13055037	434	0.1	-0.1	5.559
13055037	435	0.1	-0.1	-1.24613
13055037	436	0.1	-0.1	3.40318
13055037	437	0.1	-0.1	3.69405
13055037	438	0.1	-0.1	-2.06944
13055037	439	0.1	-0.1	1.95522
13055037	440	0.1	-0.1	3.80163
13055037	441	0.1	-0.1	-3.7696
13055037	442	0.1	-0.1	-4.10999
13055037	443	0.1	-0.1	-1.99496
13055037	444	0.1	-0.1	1.9205
13055037	445	0.1	-0.1	-3.02666
13055037	446	0.1	-0.1	5.71421
13055037	447	0.1	-0.1	-0.0187384
13055037	448	0.1	-0.1	4.67863
13055037	449	0.1	-0.1	3.17552
13055037	450	0.1	-0.1	-5.10237
13055037	451	0.1	-0.1	4.14367
13055037	452	0.1	-0.1	5.97318
13055037	453	0.1	-0.1	1.70228
13055037	454	0.1	-0.1	-1.16476
13055037	455	0.1	-0.1	-3.67519
13055037	456	0.1	-0.1	-3.92795
13055037	457	0.1	-0.1	5.8099
13055037	458	0.1	-0.1	-1.52439
13055037	459	0.1	-0.1	3.44105
13055037	460	0.1	-0.1	1.60897
13055037	461	0.1	-0.1	-3.94448
13055037	462	0.1	-0.1	3.63597
13055037	463	0.1	-0.1	-1.92468
13055037	464	0.1	-0.1	-3.05483
13055037	465	0.1	-0.1	-1.43218
13055037	466	0.1	-0.1	-3.61278
13055037	467	0.1	-0.1	-1.25318
13055037	468	0.1	-0.1	3.90528
13055037	469	0.1	-0.1	2.69267
13055037	470	0.1	-0.1	4.60991
13055037	471	0.1	-0.1	4.17352
13055037	472	0.1	-0.1	2.54396
13055037	473	0.1	-0.1	3.77622
13055037	474	0.1	-0.1	4.79895
13055037	475	0.1	-0.1	-1.58511
13055037	476	0.1	-0.1	2.45172
13055037	477	0.1	-0.1	-3.87864
13055037	478	0.1	-0.1	2.04044
13055037	479	0.1	-0.1	2.87925
13055037	480	0.1	-0.1	-3.30241
13055037	481	0.1	-0.1	-2.92903
13055037	482	0.1	-0.1	5.59405
13055037	483	0.1	-0.1	-0.503934
13055037	484	0.1	-0.1	1.34642
13055037	485	0.1	-0.1	3.33722
13055037	486	0.1	-0.1	-1.01825
13055037	487	0.1	-0.1	0.639144
13055037	488	0.1	-0.1	3.0053
13055037	489	0.1	-0.1	-0.261607
13055037	490	0.1	-0.1	2.50091
13055037	491	0.1	-0.1	4.2504
13055037	492	0.1	-0.1	1.95134
13055037	493	0.1	-0.1	1.72972
13055037	494	0.1	-0.1	1.20668
13055037	495	0.1	-0.1	0.593466
13055037	496	0.1	-0.1	1.09211
13055037	497	0.1	-0.1	-0.448974
13055037	498	0.1	-0.1	5.79732
13055037	499	0.1	-0.1	-5.18693
13055037	500	0.1	-0.1	5.30648
13055037	501	0.1	-0.1	3.53805
13055037	502	0.1	-0.1	4.85235
13055037	503	0.1	-0.1	5.78918
13055037	504	0.1	-0.1	0.447986
13055037	505	0.1	-0.1	-0.581076
13055037	506	0.1	-0.1	5.65265
13055037	507	0.1	-0.1	-2.47023
13055037	508	0.1	-0.1	4.05528
13055037	509	0.1	-0.1	-1.52074
13055037	510	0.1	-0.1	-4.81804
13055037	511	0.1	-0.1	-1.28723
13055037	512	0.1	-0.1	-5.18273
13055037	513	0.1	-0.1	5.91612
13055037	514	0.1	-0.1	-2.1008
13055037	515	0.1	-0.1	-3.05228
13055037	516	0.1	-0.1	-4.42938
13055037	517	0.1	-0.1	-1.34583
13055037	518	0.1	-0.1	3.78188
13055037	519	0.1	-0.1	5.33782
13055037	520	0.1	-0.1	-5.60856
13055037	521	0.1	-0.1	-3.51139
13055037	522	0.1	-0.1	-0.420966
13055037	523	0.1	-0.1	0.499777
13055037	524	0.1	-0.1	0.60461
13055037	525	0.1	-0.1	-0.95655
13055037	526	0.1	-0.1	-1.84392
13055037	527	0.1	-0.1	-4.90324
13055037	528	0.1	-0.1	5.03505
13055037	529	0.1	-0.1	2.86674
13055037	530	0.1	-0.1	2.95927
13055037	531	0.1	-0.1	5.82511
13055037	532	0.1	-0.1	-1.46382
13055037	533	0.1	-0.1	2.64681
13055037	534	0.1	-0.1	-2.33231
13055037	535	0.1	-0.1	-1.59086
13055037	536	0.1	-0.1	4.2817
13055037	537	0.1	-0.1	2.10662
13055037	538	0.1	-0.1	-0.240975
13055037	539	0.1	-0.1	-5.70443
13055037	540	0.1	-0.1	1.99716
13055037	541	0.1	-0.1	-5.60849
13055037	542	0.1	-0.1	-0.99819
13055037	543	0.1	-0.1	4.36094
13055037	544	0.1	-0.1	-0.780313
13055037	545	0.1	-0.1	-4.48714
13055037	546	0.1	-0.1	1.12478
13055037	547	0.1	-0.1	-3.28205
13055037	548	0.1	-0.1	0.0610216
13055037	549	0.1	-0.1	-1.20583
13055037	550	0.1	-0.1	-4.90747
13055037	551	0.1	-0.1	4.00056
13055037	552	0.1	-0.1	3.8339
13055037	553	0.1	-0.1	2.50805
13055037	554	0.1	-0.1	-3.06324
13055037	555	0.1	-0.1	-1.58558
13055037	556	0.1	-0.1	1.87677
13055037	557	0.1	-0.1	5.24532
13055037	558	0.1	-0.1	5.38524
13055037	559	0.1	-0.1	-5.52918
13055037	560	0.1	-0.1	5.76424
13055037	561	0.1	-0.1	-1.2398
13055037	562	0.1	-0.1	4.84184
13055037	563	0.1	-0.1	-3.28733
13055037	564	0.1	-0.1	-1.09586
13055037	565	0.1	-0.1	3.01863
13055037	566	0.1	-0.1	5.47482
13055037	567	0.1	-0.1	-1.87022
13055037	568	0.1	-0.1	4.90972
13055037	569	0.1	-0.1	4.48048
13055037	570	0.1	-0.1	-0.0633268
13055037	571	0.1	-0.1	-2.74664
13055037	572	0.1	-0.1	-2.73327
13055037	573	0.1	-0.1	2.8657
13055037	574	0.1	-0.1	-4.07014
13055037	575	0.1	-0.1	-4.99859
13055037	576	0.1	-0.1	-1.40432
13055037	577	0.1	-0.1	1.08774
13055037	578	0.1	-0.1	4.04144
13055037	579	0.1	-0.1	-1.27352
13055037	580	0.1	-0.1	-5.01402
13055037	581	0.1	-0.1	5.54279
13055037	582	0.1	-0.1	-3.86172
13055037	583	0.1	-0.1	4.68978
13055037	584	0.1	-0.1	0.461678
13055037	585	0.1	-0.1	1.34883
13055037	586	0.1	-0.1	-5.45255
13055037	587	0.1	-0.1	1.3757
13055037	588	0.1	-0.1	1.45699
13055037	589	0.1	-0.1	1.93194
13055037	590	0.1	-0.1	0.869388
13055037	591	0.1	-0.1	5.89652
13055037	592	0.1	-0.1	4.35883
13055037	593	0.1	-0.1	-2.44201
13055037	594	0.1	-0.1	-3.33646
13055037	595	0.1	-0.1	0.875352
13055037	596	0.1	-0.1	-2.56063
13055037	597	0.1	-0.1	5.16141
13055037	598	0.1	-0.1	2.24885
13055037	599	0.1	-0.1	2.16618
13055037	600	0.1	-0.1	1.57308
13055037	601	0.1	-0.1	-1.22587
13055037	602	0.1	-0.1	5.16215
13055037	603	0.1	-0.1	4.09215
13055037	604	0.1	-0.1	0.418625
13055037	605	0.1	-0.1	0.377957
13055037	606	0.1	-0.1	2.27635
13055037	607	0.1	-0.1	-1.36415
13055037	608	0.1	-0.1	-4.22895
13055037	609	0.1	-0.1	-5.2826
13055037	610	0.1	-0.1	2.48834
13055037	611	0.1	-0.1	2.93395
13055037	612	0.1	-0.1	-0.000400909
13055037	613	0.1	-0.1	-2.43441
13055037	614	0.1	-0.1	5.03149
13055037	615	0.1	-0.1	2.35289
13055037	616	0.1	-0.1	0.645228
13055037	617	0.1	-0.1	3.45602
13055037	618	0.1	-0.1	-1.68996
13055037	619	0.1	-0.1	2.53691
13055037	620	0.1	-0.1	-0.702088
13055037	621	0.1	-0.1	-4.43634
13055037	622	0.1	-0.1	-2.82448
13055037	623	0.1	-0.1	-1.91688
13055037	624	0.1	-0.1	0.205571
13055037	625	0.1	-0.1	5.29763
13055037	626	0.1	-0.1	-1.05929
13055037	627	0.1	-0.1	-2.82822
13055037	628	0.1	-0.1	0.242661
13055037	629	0.1	-0.1	3.28122
13055037	630	0.1	-0.1	5.98407
13055037	631	0.1	-0.1	-4.1155
13055037	632	0.1	-0.1	1.09635
13055037	633	0.1	-0.1	1.14383
13055037	634	0.1	-0.1	-1.24139
13055037	635	0.1	-0.1	5.20292
13055037	636	0.1	-0.1	5.96887
13055037	637	0.1	-0.1	-1.97222
13055037	638	0.1	-0.1	-3.56011
13055037	639	0.1	-0.1	4.72999
13055037	640	0.1	-0.1	-5.76695
13055037	641	0.1	-0.1	5.86859
13055037	642	0.1	-0.1	-0.0953765
13055037	643	0.1	-0.1	-1.75064
13055037	644	0.1	-0.1	-0.923221
13055037	645	0.1	-0.1	-0.382187
13055037	646	0.1	-0.1	4.41539
13055037	647	0.1	-0.1	2.82693
13055037	648	0.1	-0.1	-2.38657
13055037	649	0.1	-0.1	1.24796
13055037	650	0.1	-0.1	5.69731
13055037	651	0.1	-0.1	-5.99175
13055037	652	0.1	-0.1	-1.23507
13055037	653	0.1	-0.1	3.21014
13055037	654	0.1	-0.1	-1.12447
13055037	655	0.1	-0.1	-2.41305
13055037	656	0.1	-0.1	-1.04255
13055037	657	0.1	-0.1	3.0389
13055037	658	0.1	-0.1	2.17521
13055037	659	0.1	-0.1	-1.87852
13055037	660	0.1	-0.1	-1.66879
13055037	661	0.1	-0.1	-3.19277
13055037	662	0.1	-0.1	-1.50265
13055037	663	0.1	-0.1	-5.39467
13055037	664	0.1	-0.1	-0.608247
13055037	665	0.1	-0.1	4.40982
13055037	666	0.1	-0.1	0.658497
13055037	667	0.1	-0.1	0.214342
13055037	668	0.1	-0.1	4.28025
13055037	669	0.1	-0.1	3.91572
13055037	670	0.1	-0.1	-1.01063
13055037	671	0.1	-0.1	-2.74566
13055037	672	0.1	-0.1	-0.469808
13055037	673	0.1	-0.1	2.30364
13055037	674	0.1	-0.1	4.75934
13055037	675	0.1	-0.1	-2.04987
13055037	676	0.1	-0.1	1.41274
13055037	677	0.1	-0.1	1.22995
13055037	678	0.1	-0.1	-0.636633
13055037	679	0.1	-0.1	2.4015
13055037	680	0.1	-0.1	3.10115
13055037	681	0.1	-0.1	5.73951
13055037	682	0.1	-0.1	4.99408
13055037	683	0.1	-0.1	1.89099
13055037	684	0.1	-0.1	2.63088
13055037	685	0.1	-0.1	3.01386
13055037	686	0.1	-0.1	4.23453
13055037	687	0.1	-0.1	1.04829
13055037	688	0.1	-0.1	0.886112
13055037	689	0.1	-0.1	-3.24417
13055037	690	0.1	-0.1	-4.62622
13055037	691	0.1	-0.1	5.26651
13055037	692	0.1	-0.1	2.99397
13055037	693	0.1	-0.1	-0.115916
13055037	694	0.1	-0.1	0.885582
13055037	695	0.1	-0.1	-0.637013
13055037	696	0.1	-0.1	5.80026
13055037	697	0.1	-0.1	1.07529
13055037	698	0.1	-0.1	-4.13407
13055037	699	0.1	-0.1	4.01448
13055037	700	0.1	-0.1	-3.3997
13055037	701	0.1	-0.1	-4.63219
13055037	702	0.1	-0.1	1.06925
13055037	703	0.1	-0.1	4.44603
13055037	704	0.1	-0.1	1.06062
13055037	705	0.1	-0.1	-3.5733
13055037	706	0.1	-0.1	4.35555
13055037	707	0.1	-0.1	-2.35713
13055037	708	0.1	-0.1	-4.78371
13055037	709	0.1	-0.1	2.30088
13055037	710	0.1	-0.1	-5.95404
13055037	711	0.1	-0.1	0.378854
13055037	712	0.1	-0.1	-1.48632
13055037	713	0.1	-0.1	1.94607
13055037	714	0.1	-0.1	0.529887
13055037	715	0.1	-0.1	-1.33444
13055037	716	0.1	-0.1	-1.80261
13055037	717	0.1	-0.1	4.16933
13055037	718	0.1	-0.1	2.64944
13055037	719	0.1	-0.1	2.40678
13055037	720	0.1	-0.1	-4.16368
13055037	721	0.1	-0.1	-1.16115
13055037	722	0.1	-0.1	4.29364
13055037	723	0.1	-0.1	-0.72179
13055037	724	0.1	-0.1	0.777993
13055037	725	0.1	-0.1	-3.29403
13055037	726	0.1	-0.1	3.82478
13055037	727	0.1	-0.1	2.46157
13055037	728	0.1	-0.1	0.581523
13055037	729	0.1	-0.1	-4.43229
13055037	730	0.1	-0.1	-4.37784
13055037	731	0.1	-0.1	-3.14345
13055037	732	0.1	-0.1	-4.28131
13055037	733	0.1	-0.1	-1.06742
13055037	734	0.1	-0.1	-2.53321
13055037	735	0.1	-0.1	-3.57864
13055037	736	0.1	-0.1	-3.64123
13055037	737	0.1	-0.1	-4.51817
13055037	738	0.1	-0.1	0.443596
13055037	739	0.1	-0.1	3.22561
13055037	740	0.1	-0.1	-3.70748
13055037	741	0.1	-0.1	-3.01312
13055037	742	0.1	-0.1	-2.33929
13055037	743	0.1	-0.1	3.3992
13055037	744	0.1	-0.1	-4.43925
13055037	745	0.1	-0.1	-2.21039
13055037	746	0.1	-0.1	5.71262
13055037	747	0.1	-0.1	4.26599
13055037	748	0.1	-0.1	-0.926707
13055037	749	0.1	-0.1	-1.08862
13055037	750	0.1	-0.1	3.66457
13055037	751	0.1	-0.1	1.34816
13055037	752	0.1	-0.1	0.598473
13055037	753	0.1	-0.1	2.32593
13055037	754	0.1	-0.1	2.06036
13055037	755	0.1	-0.1	-0.65402
13055037	756	0.1	-0.1	-0.727036
13055037	757	0.1	-0.1	0.0484891
13055037	758	0.1	-0.1	-2.10779
13055037	759	0.1	-0.1	2.04793
13055037	760	0.1	-0.1	-3.25393
13055037	761	0.1	-0.1	2.83425
13055037	762	0.1	-0.1	2.76353
13055037	763	0.1	-0.1	-2.84368
13055037	764	0.1	-0.1	2.9912
13055037	765	0.1	-0.1	5.00956
13055037	766	0.1	-0.1	0.853095
13055037	767	0.1	-0.1	3.85851
13055037	768	0.1	-0.1	4.4022
13055037	769	0.1	-0.1	-5.21055
13055037	770	0.1	-0.1	-4.23666
13055037	771	0.1	-0.1	0.127572
13055037	772	0.1	-0.1	-5.50596
13055037	773	0.1	-0.1	0.467882
13055037	774	0.1	-0.1	-5.25346
13055037	775	0.1	-0.1	-1.76996
13055037	776	0.1	-0.1	4.76291
13055037	777	0.1	-0.1	3.3109
13055037	778	0.1	-0.1	2.06967
13055037	779	0.1	-0.1	3.32026
13055037	780	0.1	-0.1	3.21141
13055037	781	0.1	-0.1	1.58902
13055037	782	0.1	-0.1	-3.308
13055037	783	0.1	-0.1	2.30186
13055037	784	0.1	-0.1	-0.837461
13055037	785	0.1	-0.1	-1.66902
13055037	786	0.1	-0.1	0.201056
13055037	787	0.1	-0.1	-2.01753
13055037	788	0.1	-0.1	-3.18055
13055037	789	0.1	-0.1	4.97952
13055037	790	0.1	-0.1	2.1017
13055037	791	0.1	-0.1	-1.37757
13055037	792	0.1	-0.1	4.41166
13055037	793	0.1	-0.1	-5.53654
13055037	794	0.1	-0.1	-4.88303
13055037	795	0.1	-0.1	-2.59829
13055037	796	0.1	-0.1	-3.92352
13055037	797	0.1	-0.1	5.3717
13055037	798	0.1	-0.1	5.218
13055037	799	0.1	-0.1	4.17604
13055037	800	0.1	-0.1	2.10456
13055037	801	0.1	-0.1	0.655584
13055037	802	0.1	-0.1	1.86848
13055037	803	0.1	-0.1	1.8713
13055037	804	0.1	-0.1	2.1389
13055037	805	0.1	-0.1	0.178675
13055037	806	0.1	-0.1	-3.87866
13055037	807	0.1	-0.1	-5.36821
13055037	808	0.1	-0.1	-0.0141274
13055037	809	0.1	-0.1	4.31217
13055037	810	0.1	-0.1	0.980221
13055037	811	0.1	-0.1	2.61295
13055037	812	0.1	-0.1	-4.98482
13055037	813	0.1	-0.1	-3.30439
13055037	814	0.1	-0.1	2.00242
13055037	815	0.1	-0.1	0.416198
13055037	816	0.1	-0.1	5.20394
13055037	817	0.1	-0.1	0.505552
13055037	818	0.1	-0.1	-5.57697
13055037	819	0.1	-0.1	4.83748
13055037	820	0.1	-0.1	0.0993098
13055037	821	0.1	-0.1	2.43408
13055037	822	0.1	-0.1	1.79275
13055037	823	0.1	-0.1	-2.89883
13055037	824	0.1	-0.1	-0.876665
13055037	825	0.1	-0.1	5.61934
13055037	826	0.1	-0.1	-5.54676
13055037	827	0.1	-0.1	5.87329
13055037	828	0.1	-0.1	-3.382
13055037	829	0.1	-0.1	-5.62758
13055037	830	0.1	-0.1	-3.96764
13055037	831	0.1	-0.1	4.46413
13055037	832	0.1	-0.1	-1.13144
13055037	833	0.1	-0.1	0.0790865
13055037	834	0.1	-0.1	-2.078
13055037	835	0.1	-0.1	3.00272
13055037	836	0.1	-0.1	-1.25784
13055037	837	0.1	-0.1	5.47519
13055037	838	0.1	-0.1	2.76011
13055037	839	0.1	-0.1	4.81876
13055037	840	0.1	-0.1	5.44556
13055037	841	0.1	-0.1	4.56729
13055037	842	0.1	-0.1	3.65058
13055037	843	0.1	-0.1	1.24518
13055037	844	0.1	-0.1	1.90354
13055037	845	0.1	-0.1	-2.95079
13055037	846	0.1	-0.1	3.91254
13055037	847	0.1	-0.1	-0.00199245
13055037	848	0.1	-0.1	-4.69866
13055037	849	0.1	-0.1	4.86852
13055037	850	0.1	-0.1	-3.07935
13055037	851	0.1	-0.1	-3.18419
13055037	852	0.1	-0.1	-5.68995
13055037	853	0.1	-0.1	-1.10253
13055037	854	0.1	-0.1	-5.04173
13055037	855	0.1	-0.1	-4.59648
13055037	856	0.1	-0.1	-4.4095
13055037	857	0.1	-0.1	-5.60045
13055037	858	0.1	-0.1	-1.73465
13055037	859	0.1	-0.1	2.16947
13055037	860	0.1	-0.1	-4.22251
13055037	861	0.1	-0.1	2.32265
13055037	862	0.1	-0.1	1.86086
13055037	863	0.1	-0.1	4.09074
13055037	864	0.1	-0.1	1.56181
13055037	865	0.1	-0.1	-5.7023
13055037	866	0.1	-0.1	-4.51547
13055037	867	0.1	-0.1	-0.840972
13055037	868	0.1	-0.1	-1.09322
13055037	869	0.1	-0.1	5.4759
13055037	870	0.1	-0.1	1.12411
13055037	871	0.1	-0.1	1.24182
13055037	872	0.1	-0.1	2.71855
13055037	873	0.1	-0.1	-1.07167
13055037	874	0.1	-0.1	4.8763
13055037	875	0.1	-0.1	-0.734952
13055037	876	0.1	-0.1	1.73995
13055037	877	0.1	-0.1	2.6787
13055037	878	0.1	-0.1	4.55949
13055037	879	0.1	-0.1	-5.30797
13055037	880	0.1	-0.1	5.3838
13055037	881	0.1	-0.1	4.5939
13055037	882	0.1	-0.1	5.67855
13055037	883	0.1	-0.1	-4.14593
13055037	884	0.1	-0.1	2.90708
13055037	885	0.1	-0.1	-4.64256
13055037	886	0.1	-0.1	-5.75921
13055037	887	0.1	-0.1	2.91221
13055037	888	0.1	-0.1	-0.924312
13055037	889	0.1	-0.1	-3.23508
13055037	890	0.1	-0.1	-0.910469
13055037	891	0.1	-0.1	-4.18539
13055037	892	0.1	-0.1	2.5206
13055037	893	0.1	-0.1	3.17401
13055037	894	0.1	-0.1	-1.79485
13055037	895	0.1	-0.1	5.80233
13055037	896	0.1	-0.1	5.81625
13055037	897	0.1	-0.1	-1.17324
13055037	898	0.1	-0.1	1.39315
13055037	899	0.1	-0.1	-2.15081
13055037	900	0.1	-0.1	-0.469184
13055037	901	0.1	-0.1	-3.68001
13055037	902	0.1	-0.1	1.40375
13055037	903	0.1	-0.1	1.32603
13055037	904	0.1	-0.1	4.22633
13055037	905	0.1	-0.1	-5.38213
13055037	906	0.1	-0.1	0.156518
13055037	907	0.1	-0.1	-5.68196
13055037	908	0.1	-0.1	-4.42386
13055037	909	0.1	-0.1	-2.5829
13055037	910	0.1	-0.1	-0.76025
13055037	911	0.1	-0.1	3.92758
13055037	912	0.1	-0.1	-0.227404
13055037	913	0.1	-0.1	-5.19938
13055037	914	0.1	-0.1	0.56522
13055037	915	0.1	-0.1	-5.20705
13055037	916	0.1	-0.1	-0.249642
13055037	917	0.1	-0.1	4.80152
13055037	918	0.1	-0.1	1.57986
13055037	919	0.1	-0.1	1.34051
13055037	920	0.1	-0.1	-2.31473
13055037	921	0.1	-0.1	1.08284
13055037	922	0.1	-0.1	4.52612
13055037	923	0.1	-0.1	4.54631
13055037	924	0.1	-0.1	-0.850533
13055037	925	0.1	-0.1	-1.01961
13055037	926	0.1	-0.1	-4.90731
13055037	927	0.1	-0.1	-3.72527
13055037	928	0.1	-0.1	0.684456
13055037	929	0.1	-0.1	-5.75345
13055037	930	0.1	-0.1	-5.42383
13055037	931	0.1	-0.1	1.70849
13055037	932	0.1	-0.1	5.35199
13055037	933	0.1	-0.1	-3.27914
13055037	934	0.1	-0.1	5.15165
13055037	935	0.1	-0.1	-0.267664
13055037	936	0.1	-0.1	1.91368
13055037	937	0.1	-0.1	2.95054
13055037	938	0.1	-0.1	-2.77591
13055037	939	0.1	-0.1	3.61885
13055037	940	0.1	-0.1	-5.07712
13055037	941	0.1	-0.1	3.77332
13055037	942	0.1	-0.1	5.41244
13055037	943	0.1	-0.1	-2.74354
13055037	944	0.1	-0.1	0.61379
13055037	945	0.1	-0.1	5.49747
13055037	946	0.1	-0.1	4.08772
13055037	947	0.1	-0.1	0.395405
13055037	948	0.1	-0.1	-2.67319
13055037	949	0.1	-0.1	2.77643
13055037	950	0.1	-0.1	-4.82607
13055037	951	0.1	-0.1	0.471433
13055037	952	0.1	-0.1	2.98847
13055037	953	0.1	-0.1	-2.10457
13055037	954	0.1	-0.1	-4.79287
13055037	955	0.1	-0.1	-0.0269273
13055037	956	0.1	-0.1	5.87509
13055037	957	0.1	-0.1	4.75534
13055037	958	0.1	-0.1	-5.33404
13055037	959	0.1	-0.1	2.816
13055037	960	0.1	-0.1	-5.50795
13055037	961	0.1	-0.1	3.86569
13055037	962	0.1	-0.1	-0.814298
13055037	963	0.1	-0.1	-1.68892
13055037	964	0.1	-0.1	0.997311
13055037	965	0.1	-0.1	5.11242
13055037	966	0.1	-0.1	0.406979
13055037	967	0.1	-0.1	3.67101
13055037	968	0.1	-0.1	-4.58951
13055037	969	0.1	-0.1	-0.185773
13055037	970	0.1	-0.1	2.96933
13055037	971	0.1	-0.1	-3.36856
13055037	972	0.1	-0.1	4.98282
13055037	973	0.1	-0.1	1.9444
13055037	974	0.1	-0.1	-0.0120185
13055037	975	0.1	-0.1	4.56622
13055037	976	0.1	-0.1	2.52027
13055037	977	0.1	-0.1	3.18375
13055037	978	0.1	-0.1	4.08608
13055037	979	0.1	-0.1	3.10868
13055037	980	0.1	-0.1	-4.77836
13055037	981	0.1	-0.1	-0.795812
13055037	982	0.1	-0.1	4.86664
13055037	983	0.1	-0.1	-2.75874
13055037	984	0.1	-0.1	-3.07926
13055037	985	0.1	-0.1	-4.77654
13055037	986	0.1	-0.1	5.45644
13055037	987	0.1	-0.1	5.66891
13055037	988	0.1	-0.1	-4.41153
13055037	989	0.1	-0.1	-2.78243
13055037	990	0.1	-0.1	0.423003
13055037	991	0.1	-0.1	-5.17405
13055037	992	0.1	-0.1	-0.505768
13055037	993	0.1	-0.1	-3.88763
13055037	994	0.1	-0.1	-5.75037
13055037	995	0.1	-0.1	1.21951
13055037	996	0.1	-0.1	0.946304
13055037	997	0.1	-0.1	1.10902
13055037	998	0.1	-0.1	-2.77069
13055037	999	0.1	-0.1	2.9449
13055037	1000	0.1	-0.1	-3.37165
