13055004	1	0.1	-0.1	3.84796
13055004	2	0.1	-0.1	4.01079
13055004	3	0.1	-0.1	-0.664073
13055004	4	0.1	-0.1	-0.713232
13055004	5	0.1	-0.1	-2.00097
13055004	6	0.1	-0.1	-3.23058
13055004	7	0.1	-0.1	5.90947
13055004	8	0.1	-0.1	4.26969
13055004	9	0.1	-0.1	-5.03847
13055004	10	0.1	-0.1	2.25076
13055004	11	0.1	-0.1	-0.90128
13055004	12	0.1	-0.1	1.71555
13055004	13	0.1	-0.1	2.50967
13055004	14	0.1	-0.1	2.43828
13055004	15	0.1	-0.1	4.35861
13055004	16	0.1	-0.1	-5.2412
13055004	17	0.1	-0.1	0.444525
13055004	18	0.1	-0.1	2.76218
13055004	19	0.1	-0.1	-4.67032
13055004	20	0.1	-0.1	-1.52638
13055004	21	0.1	-0.1	5.11683
13055004	22	0.1	-0.1	-0.778305
13055004	23	0.1	-0.1	-1.34186
13055004	24	0.1	-0.1	5.41778
13055004	25	0.1	-0.1	4.92945
13055004	26	0.1	-0.1	5.92786
13055004	27	0.1	-0.1	-5.76776
13055004	28	0.1	-0.1	4.25934
13055004	29	0.1	-0.1	-5.02576
13055004	30	0.1	-0.1	1.79263
13055004	31	0.1	-0.1	2.43985
13055004	32	0.1	-0.1	4.27537
13055004	33	0.1	-0.1	-1.97061
13055004	34	0.1	-0.1	1.21454
13055004	35	0.1	-0.1	4.09296
13055004	36	0.1	-0.1	-0.286452
13055004	37	0.1	-0.1	2.02338
13055004	38	0.1	-0.1	-4.5534
13055004	39	0.1	-0.1	3.61443
13055004	40	0.1	-0.1	2.66903
13055004	41	0.1	-0.1	-1.95533
13055004	42	0.1	-0.1	-0.801576
13055004	43	0.1	-0.1	1.31838
13055004	44	0.1	-0.1	1.24082
13055004	45	0.1	-0.1	-2.60174
13055004	46	0.1	-0.1	-0.064556
13055004	47	0.1	-0.1	4.13849
13055004	48	0.1	-0.1	-3.95552
13055004	49	0.1	-0.1	-2.04629
13055004	50	0.1	-0.1	1.63827
13055004	51	0.1	-0.1	-4.0282
13055004	52	0.1	-0.1	1.22347
13055004	53	0.1	-0.1	-5.86838
13055004	54	0.1	-0.1	3.51346
13055004	55	0.1	-0.1	-5.36184
13055004	56	0.1	-0.1	5.65939
13055004	57	0.1	-0.1	-4.63575
13055004	58	0.1	-0.1	-4.43645
13055004	59	0.1	-0.1	-4.98996
13055004	60	0.1	-0.1	0.79736
13055004	61	0.1	-0.1	1.46978
13055004	62	0.1	-0.1	1.77938
13055004	63	0.1	-0.1	3.2705
13055004	64	0.1	-0.1	-1.84631
13055004	65	0.1	-0.1	0.0894773
13055004	66	0.1	-0.1	0.245221
13055004	67	0.1	-0.1	-3.44599
13055004	68	0.1	-0.1	0.688155
13055004	69	0.1	-0.1	2.19062
13055004	70	0.1	-0.1	-2.14828
13055004	71	0.1	-0.1	2.70055
13055004	72	0.1	-0.1	-0.131804
13055004	73	0.1	-0.1	-3.53147
13055004	74	0.1	-0.1	0.122091
13055004	75	0.1	-0.1	0.214614
13055004	76	0.1	-0.1	1.5207
13055004	77	0.1	-0.1	-2.93723
13055004	78	0.1	-0.1	4.59512
13055004	79	0.1	-0.1	-1.9783
13055004	80	0.1	-0.1	4.44289
13055004	81	0.1	-0.1	1.41927
13055004	82	0.1	-0.1	-5.57324
13055004	83	0.1	-0.1	5.34869
13055004	84	0.1	-0.1	2.92464
13055004	85	0.1	-0.1	1.79694
13055004	86	0.1	-0.1	2.42329
13055004	87	0.1	-0.1	5.99326
13055004	88	0.1	-0.1	-2.68447
13055004	89	0.1	-0.1	-3.56438
13055004	90	0.1	-0.1	1.23326
13055004	91	0.1	-0.1	3.09168
13055004	92	0.1	-0.1	-3.18221
13055004	93	0.1	-0.1	3.00445
13055004	94	0.1	-0.1	0.765231
13055004	95	0.1	-0.1	-1.62365
13055004	96	0.1	-0.1	1.47289
13055004	97	0.1	-0.1	-3.35502
13055004	98	0.1	-0.1	-4.02522
13055004	99	0.1	-0.1	4.27049
13055004	100	0.1	-0.1	-0.939538
13055004	101	0.1	-0.1	1.84481
13055004	102	0.1	-0.1	5.44384
13055004	103	0.1	-0.1	1.25667
13055004	104	0.1	-0.1	1.35767
13055004	105	0.1	-0.1	-3.7231
13055004	106	0.1	-0.1	5.7426
13055004	107	0.1	-0.1	-1.74689
13055004	108	0.1	-0.1	1.98846
13055004	109	0.1	-0.1	1.545
13055004	110	0.1	-0.1	-2.37468
13055004	111	0.1	-0.1	-0.818598
13055004	112	0.1	-0.1	0.0191911
13055004	113	0.1	-0.1	-3.03324
13055004	114	0.1	-0.1	5.77335
13055004	115	0.1	-0.1	5.64183
13055004	116	0.1	-0.1	1.33485
13055004	117	0.1	-0.1	-4.43271
13055004	118	0.1	-0.1	5.47267
13055004	119	0.1	-0.1	4.59626
13055004	120	0.1	-0.1	3.56635
13055004	121	0.1	-0.1	-1.02695
13055004	122	0.1	-0.1	-2.03696
13055004	123	0.1	-0.1	-3.84013
13055004	124	0.1	-0.1	-3.42226
13055004	125	0.1	-0.1	4.11439
13055004	126	0.1	-0.1	2.01503
13055004	127	0.1	-0.1	-3.51068
13055004	128	0.1	-0.1	2.20789
13055004	129	0.1	-0.1	4.24256
13055004	130	0.1	-0.1	-1.57726
13055004	131	0.1	-0.1	3.09382
13055004	132	0.1	-0.1	-5.60641
13055004	133	0.1	-0.1	3.22304
13055004	134	0.1	-0.1	-3.21921
13055004	135	0.1	-0.1	-5.95972
13055004	136	0.1	-0.1	2.31353
13055004	137	0.1	-0.1	2.95824
13055004	138	0.1	-0.1	-4.88485
13055004	139	0.1	-0.1	1.49979
13055004	140	0.1	-0.1	0.322146
13055004	141	0.1	-0.1	4.52905
13055004	142	0.1	-0.1	-4.41606
13055004	143	0.1	-0.1	-2.83942
13055004	144	0.1	-0.1	-2.08516
13055004	145	0.1	-0.1	-4.3883
13055004	146	0.1	-0.1	4.86009
13055004	147	0.1	-0.1	-5.40065
13055004	148	0.1	-0.1	-2.53652
13055004	149	0.1	-0.1	-2.81828
13055004	150	0.1	-0.1	3.49039
13055004	151	0.1	-0.1	-3.00151
13055004	152	0.1	-0.1	-5.12661
13055004	153	0.1	-0.1	-0.10327
13055004	154	0.1	-0.1	4.71859
13055004	155	0.1	-0.1	-5.51125
13055004	156	0.1	-0.1	-4.76749
13055004	157	0.1	-0.1	-5.38123
13055004	158	0.1	-0.1	4.08885
13055004	159	0.1	-0.1	-3.31312
13055004	160	0.1	-0.1	3.0956
13055004	161	0.1	-0.1	-3.03483
13055004	162	0.1	-0.1	1.35819
13055004	163	0.1	-0.1	2.24029
13055004	164	0.1	-0.1	0.536139
13055004	165	0.1	-0.1	4.87525
13055004	166	0.1	-0.1	2.10951
13055004	167	0.1	-0.1	-2.9457
13055004	168	0.1	-0.1	-1.9011
13055004	169	0.1	-0.1	4.21065
13055004	170	0.1	-0.1	-1.25949
13055004	171	0.1	-0.1	-2.17525
13055004	172	0.1	-0.1	0.357494
13055004	173	0.1	-0.1	-0.959107
13055004	174	0.1	-0.1	-5.3782
13055004	175	0.1	-0.1	3.96038
13055004	176	0.1	-0.1	0.97226
13055004	177	0.1	-0.1	5.82745
13055004	178	0.1	-0.1	-5.36776
13055004	179	0.1	-0.1	-2.43326
13055004	180	0.1	-0.1	0.0933973
13055004	181	0.1	-0.1	1.92563
13055004	182	0.1	-0.1	5.93563
13055004	183	0.1	-0.1	-0.408834
13055004	184	0.1	-0.1	-3.32707
13055004	185	0.1	-0.1	-3.36965
13055004	186	0.1	-0.1	-3.02438
13055004	187	0.1	-0.1	5.30418
13055004	188	0.1	-0.1	-3.75973
13055004	189	0.1	-0.1	-3.82172
13055004	190	0.1	-0.1	5.89098
13055004	191	0.1	-0.1	-5.24961
13055004	192	0.1	-0.1	1.32332
13055004	193	0.1	-0.1	0.86868
13055004	194	0.1	-0.1	-3.61285
13055004	195	0.1	-0.1	-2.66817
13055004	196	0.1	-0.1	0.30582
13055004	197	0.1	-0.1	-2.82049
13055004	198	0.1	-0.1	-3.57017
13055004	199	0.1	-0.1	0.641701
13055004	200	0.1	-0.1	-0.618119
13055004	201	0.1	-0.1	-0.229949
13055004	202	0.1	-0.1	5.38606
13055004	203	0.1	-0.1	-1.63232
13055004	204	0.1	-0.1	3.55391
13055004	205	0.1	-0.1	-2.89754
13055004	206	0.1	-0.1	5.41037
13055004	207	0.1	-0.1	0.25942
13055004	208	0.1	-0.1	1.95597
13055004	209	0.1	-0.1	1.62507
13055004	210	0.1	-0.1	-4.00816
13055004	211	0.1	-0.1	-4.93614
13055004	212	0.1	-0.1	-0.742369
13055004	213	0.1	-0.1	5.4979
13055004	214	0.1	-0.1	-3.38951
13055004	215	0.1	-0.1	5.82912
13055004	216	0.1	-0.1	1.52782
13055004	217	0.1	-0.1	1.14699
13055004	218	0.1	-0.1	-2.81151
13055004	219	0.1	-0.1	-4.46488
13055004	220	0.1	-0.1	-0.799229
13055004	221	0.1	-0.1	-4.38588
13055004	222	0.1	-0.1	-2.07689
13055004	223	0.1	-0.1	-3.71621
13055004	224	0.1	-0.1	5.96783
13055004	225	0.1	-0.1	2.76977
13055004	226	0.1	-0.1	-1.23683
13055004	227	0.1	-0.1	-5.36409
13055004	228	0.1	-0.1	0.537786
13055004	229	0.1	-0.1	-3.55929
13055004	230	0.1	-0.1	0.369064
13055004	231	0.1	-0.1	3.66486
13055004	232	0.1	-0.1	1.97439
13055004	233	0.1	-0.1	2.39759
13055004	234	0.1	-0.1	-5.70916
13055004	235	0.1	-0.1	3.69807
13055004	236	0.1	-0.1	-2.48441
13055004	237	0.1	-0.1	-4.40833
13055004	238	0.1	-0.1	-4.45193
13055004	239	0.1	-0.1	0.882654
13055004	240	0.1	-0.1	-0.749751
13055004	241	0.1	-0.1	1.90375
13055004	242	0.1	-0.1	3.05176
13055004	243	0.1	-0.1	-1.10552
13055004	244	0.1	-0.1	-5.78559
13055004	245	0.1	-0.1	5.92016
13055004	246	0.1	-0.1	-3.51145
13055004	247	0.1	-0.1	-3.47893
13055004	248	0.1	-0.1	-3.10621
13055004	249	0.1	-0.1	1.44933
13055004	250	0.1	-0.1	3.87738
13055004	251	0.1	-0.1	0.265942
13055004	252	0.1	-0.1	3.91501
13055004	253	0.1	-0.1	-2.75972
13055004	254	0.1	-0.1	1.61645
13055004	255	0.1	-0.1	4.31153
13055004	256	0.1	-0.1	-4.35617
13055004	257	0.1	-0.1	5.34572
13055004	258	0.1	-0.1	-5.59386
13055004	259	0.1	-0.1	-2.34227
13055004	260	0.1	-0.1	-3.67832
13055004	261	0.1	-0.1	-2.08657
13055004	262	0.1	-0.1	3.87188
13055004	263	0.1	-0.1	4.13035
13055004	264	0.1	-0.1	-4.98183
13055004	265	0.1	-0.1	-3.51234
13055004	266	0.1	-0.1	-3.48171
13055004	267	0.1	-0.1	-1.91994
13055004	268	0.1	-0.1	3.07604
13055004	269	0.1	-0.1	0.0385499
13055004	270	0.1	-0.1	-2.62153
13055004	271	0.1	-0.1	5.95974
13055004	272	0.1	-0.1	-1.39631
13055004	273	0.1	-0.1	2.35129
13055004	274	0.1	-0.1	5.71246
13055004	275	0.1	-0.1	3.14672
13055004	276	0.1	-0.1	-0.302484
13055004	277	0.1	-0.1	5.84963
13055004	278	0.1	-0.1	1.07243
13055004	279	0.1	-0.1	-2.66487
13055004	280	0.1	-0.1	-0.670679
13055004	281	0.1	-0.1	3.02896
13055004	282	0.1	-0.1	-1.98572
13055004	283	0.1	-0.1	3.40498
13055004	284	0.1	-0.1	1.28799
13055004	285	0.1	-0.1	-0.0289694
13055004	286	0.1	-0.1	4.51231
13055004	287	0.1	-0.1	-0.173231
13055004	288	0.1	-0.1	-1.62783
13055004	289	0.1	-0.1	-3.68548
13055004	290	0.1	-0.1	4.42554
13055004	291	0.1	-0.1	2.33984
13055004	292	0.1	-0.1	-1.60593
13055004	293	0.1	-0.1	-3.5504
13055004	294	0.1	-0.1	-1.00241
13055004	295	0.1	-0.1	-4.41082
13055004	296	0.1	-0.1	2.65332
13055004	297	0.1	-0.1	-4.73138
13055004	298	0.1	-0.1	-5.11949
13055004	299	0.1	-0.1	1.6881
13055004	300	0.1	-0.1	-5.9416
13055004	301	0.1	-0.1	3.39693
13055004	302	0.1	-0.1	-1.3738
13055004	303	0.1	-0.1	3.8996
13055004	304	0.1	-0.1	-5.26651
13055004	305	0.1	-0.1	-4.81108
13055004	306	0.1	-0.1	-2.60248
13055004	307	0.1	-0.1	-3.96129
13055004	308	0.1	-0.1	2.13345
13055004	309	0.1	-0.1	-5.56489
13055004	310	0.1	-0.1	-3.38507
13055004	311	0.1	-0.1	-3.69925
13055004	312	0.1	-0.1	4.91443
13055004	313	0.1	-0.1	3.36951
13055004	314	0.1	-0.1	-0.831961
13055004	315	0.1	-0.1	-3.33813
13055004	316	0.1	-0.1	-3.91861
13055004	317	0.1	-0.1	1.84159
13055004	318	0.1	-0.1	4.26227
13055004	319	0.1	-0.1	-5.99255
13055004	320	0.1	-0.1	-1.7708
13055004	321	0.1	-0.1	-4.81232
13055004	322	0.1	-0.1	2.11638
13055004	323	0.1	-0.1	-5.21985
13055004	324	0.1	-0.1	-0.189601
13055004	325	0.1	-0.1	0.260533
13055004	326	0.1	-0.1	3.57975
13055004	327	0.1	-0.1	3.65231
13055004	328	0.1	-0.1	5.30836
13055004	329	0.1	-0.1	-3.70958
13055004	330	0.1	-0.1	2.03895
13055004	331	0.1	-0.1	-0.304031
13055004	332	0.1	-0.1	1.92599
13055004	333	0.1	-0.1	5.14087
13055004	334	0.1	-0.1	2.68806
13055004	335	0.1	-0.1	1.28086
13055004	336	0.1	-0.1	-0.846137
13055004	337	0.1	-0.1	-5.71406
13055004	338	0.1	-0.1	-5.65319
13055004	339	0.1	-0.1	-5.1729
13055004	340	0.1	-0.1	0.139044
13055004	341	0.1	-0.1	-5.68786
13055004	342	0.1	-0.1	2.90073
13055004	343	0.1	-0.1	-2.8774
13055004	344	0.1	-0.1	-0.628509
13055004	345	0.1	-0.1	-0.443401
13055004	346	0.1	-0.1	-1.91244
13055004	347	0.1	-0.1	-2.41869
13055004	348	0.1	-0.1	-2.14844
13055004	349	0.1	-0.1	0.291674
13055004	350	0.1	-0.1	-5.49036
13055004	351	0.1	-0.1	-1.69822
13055004	352	0.1	-0.1	-5.71789
13055004	353	0.1	-0.1	3.67759
13055004	354	0.1	-0.1	-1.60741
13055004	355	0.1	-0.1	3.52213
13055004	356	0.1	-0.1	-2.95808
13055004	357	0.1	-0.1	4.15466
13055004	358	0.1	-0.1	-0.212379
13055004	359	0.1	-0.1	3.1784
13055004	360	0.1	-0.1	1.20404
13055004	361	0.1	-0.1	-2.87057
13055004	362	0.1	-0.1	1.02529
13055004	363	0.1	-0.1	5.01964
13055004	364	0.1	-0.1	-3.90216
13055004	365	0.1	-0.1	-3.57911
13055004	366	0.1	-0.1	3.17704
13055004	367	0.1	-0.1	-1.55315
13055004	368	0.1	-0.1	-5.00556
13055004	369	0.1	-0.1	0.119775
13055004	370	0.1	-0.1	-1.67653
13055004	371	0.1	-0.1	3.15723
13055004	372	0.1	-0.1	-1.69603
13055004	373	0.1	-0.1	-2.31755
13055004	374	0.1	-0.1	-4.39711
13055004	375	0.1	-0.1	-4.08173
13055004	376	0.1	-0.1	-1.74779
13055004	377	0.1	-0.1	-0.500277
13055004	378	0.1	-0.1	-4.29873
13055004	379	0.1	-0.1	-5.82797
13055004	380	0.1	-0.1	-1.9334
13055004	381	0.1	-0.1	-5.37937
13055004	382	0.1	-0.1	-5.97564
13055004	383	0.1	-0.1	-5.28329
13055004	384	0.1	-0.1	-5.98802
13055004	385	0.1	-0.1	3.1317
13055004	386	0.1	-0.1	0.418181
13055004	387	0.1	-0.1	-5.22896
13055004	388	0.1	-0.1	1.94876
13055004	389	0.1	-0.1	5.58869
13055004	390	0.1	-0.1	0.477556
13055004	391	0.1	-0.1	-2.05681
13055004	392	0.1	-0.1	5.67176
13055004	393	0.1	-0.1	2.31518
13055004	394	0.1	-0.1	2.88555
13055004	395	0.1	-0.1	-3.49681
13055004	396	0.1	-0.1	1.83919
13055004	397	0.1	-0.1	5.44837
13055004	398	0.1	-0.1	2.46909
13055004	399	0.1	-0.1	-0.314177
13055004	400	0.1	-0.1	-2.40095
13055004	401	0.1	-0.1	-3.23307
13055004	402	0.1	-0.1	3.81903
13055004	403	0.1	-0.1	5.17815
13055004	404	0.1	-0.1	1.7334
13055004	405	0.1	-0.1	0.279393
13055004	406	0.1	-0.1	0.251373
13055004	407	0.1	-0.1	-0.737774
13055004	408	0.1	-0.1	2.09285
13055004	409	0.1	-0.1	1.96132
13055004	410	0.1	-0.1	1.21681
13055004	411	0.1	-0.1	0.0282089
13055004	412	0.1	-0.1	4.26493
13055004	413	0.1	-0.1	-2.53039
13055004	414	0.1	-0.1	1.4973
13055004	415	0.1	-0.1	-5.01791
13055004	416	0.1	-0.1	2.20287
13055004	417	0.1	-0.1	2.0465
13055004	418	0.1	-0.1	-0.907104
13055004	419	0.1	-0.1	-2.49101
13055004	420	0.1	-0.1	-3.96983
13055004	421	0.1	-0.1	2.98077
13055004	422	0.1	-0.1	5.80924
13055004	423	0.1	-0.1	-0.457152
13055004	424	0.1	-0.1	4.88337
13055004	425	0.1	-0.1	-2.3687
13055004	426	0.1	-0.1	3.12101
13055004	427	0.1	-0.1	-5.38067
13055004	428	0.1	-0.1	-5.16672
13055004	429	0.1	-0.1	1.50584
13055004	430	0.1	-0.1	-1.18883
13055004	431	0.1	-0.1	-1.12539
13055004	432	0.1	-0.1	-0.543676
13055004	433	0.1	-0.1	-4.40574
13055004	434	0.1	-0.1	4.78972
13055004	435	0.1	-0.1	3.89178
13055004	436	0.1	-0.1	2.50425
13055004	437	0.1	-0.1	3.70133
13055004	438	0.1	-0.1	2.80806
13055004	439	0.1	-0.1	2.58283
13055004	440	0.1	-0.1	5.26598
13055004	441	0.1	-0.1	4.99383
13055004	442	0.1	-0.1	2.05949
13055004	443	0.1	-0.1	-2.46817
13055004	444	0.1	-0.1	-0.729402
13055004	445	0.1	-0.1	-2.58046
13055004	446	0.1	-0.1	5.33393
13055004	447	0.1	-0.1	-3.05325
13055004	448	0.1	-0.1	1.82734
13055004	449	0.1	-0.1	-1.86486
13055004	450	0.1	-0.1	5.78679
13055004	451	0.1	-0.1	-0.476272
13055004	452	0.1	-0.1	-1.76061
13055004	453	0.1	-0.1	-4.1735
13055004	454	0.1	-0.1	-2.27713
13055004	455	0.1	-0.1	3.84081
13055004	456	0.1	-0.1	-1.00405
13055004	457	0.1	-0.1	3.99925
13055004	458	0.1	-0.1	2.73534
13055004	459	0.1	-0.1	-2.37397
13055004	460	0.1	-0.1	5.59845
13055004	461	0.1	-0.1	3.67732
13055004	462	0.1	-0.1	-4.91823
13055004	463	0.1	-0.1	-1.57679
13055004	464	0.1	-0.1	0.831287
13055004	465	0.1	-0.1	-5.74229
13055004	466	0.1	-0.1	-4.5657
13055004	467	0.1	-0.1	-1.98607
13055004	468	0.1	-0.1	4.65802
13055004	469	0.1	-0.1	-5.80254
13055004	470	0.1	-0.1	-1.91558
13055004	471	0.1	-0.1	-1.21448
13055004	472	0.1	-0.1	-2.78263
13055004	473	0.1	-0.1	-5.24447
13055004	474	0.1	-0.1	3.9442
13055004	475	0.1	-0.1	-2.91725
13055004	476	0.1	-0.1	-4.36389
13055004	477	0.1	-0.1	-4.47031
13055004	478	0.1	-0.1	4.28121
13055004	479	0.1	-0.1	3.65202
13055004	480	0.1	-0.1	-4.03128
13055004	481	0.1	-0.1	0.107093
13055004	482	0.1	-0.1	-0.383423
13055004	483	0.1	-0.1	-4.75869
13055004	484	0.1	-0.1	-0.6996
13055004	485	0.1	-0.1	5.27905
13055004	486	0.1	-0.1	4.30689
13055004	487	0.1	-0.1	-3.55736
13055004	488	0.1	-0.1	0.879109
13055004	489	0.1	-0.1	4.72528
13055004	490	0.1	-0.1	3.93559
13055004	491	0.1	-0.1	2.09956
13055004	492	0.1	-0.1	-2.90747
13055004	493	0.1	-0.1	2.79751
13055004	494	0.1	-0.1	-4.88268
13055004	495	0.1	-0.1	4.60944
13055004	496	0.1	-0.1	-3.20008
13055004	497	0.1	-0.1	-2.8064
13055004	498	0.1	-0.1	2.07149
13055004	499	0.1	-0.1	-0.687991
13055004	500	0.1	-0.1	3.94665
13055004	501	0.1	-0.1	2.65577
13055004	502	0.1	-0.1	3.64008
13055004	503	0.1	-0.1	0.941153
13055004	504	0.1	-0.1	1.08452
13055004	505	0.1	-0.1	0.999945
13055004	506	0.1	-0.1	0.99934
13055004	507	0.1	-0.1	-1.63492
13055004	508	0.1	-0.1	-1.51695
13055004	509	0.1	-0.1	5.00318
13055004	510	0.1	-0.1	-1.3825
13055004	511	0.1	-0.1	2.23828
13055004	512	0.1	-0.1	-2.72151
13055004	513	0.1	-0.1	5.51748
13055004	514	0.1	-0.1	5.04696
13055004	515	0.1	-0.1	1.86573
13055004	516	0.1	-0.1	-4.56918
13055004	517	0.1	-0.1	1.50095
13055004	518	0.1	-0.1	5.74146
13055004	519	0.1	-0.1	3.7549
13055004	520	0.1	-0.1	2.6237
13055004	521	0.1	-0.1	0.337665
13055004	522	0.1	-0.1	5.0956
13055004	523	0.1	-0.1	-1.37569
13055004	524	0.1	-0.1	1.90709
13055004	525	0.1	-0.1	1.77418
13055004	526	0.1	-0.1	-2.3094
13055004	527	0.1	-0.1	4.22748
13055004	528	0.1	-0.1	-0.761239
13055004	529	0.1	-0.1	5.53389
13055004	530	0.1	-0.1	0.173303
13055004	531	0.1	-0.1	-2.83053
13055004	532	0.1	-0.1	-3.10131
13055004	533	0.1	-0.1	3.53634
13055004	534	0.1	-0.1	-3.61335
13055004	535	0.1	-0.1	-1.09076
13055004	536	0.1	-0.1	4.78667
13055004	537	0.1	-0.1	4.1766
13055004	538	0.1	-0.1	0.577284
13055004	539	0.1	-0.1	1.92187
13055004	540	0.1	-0.1	-0.534578
13055004	541	0.1	-0.1	-1.71386
13055004	542	0.1	-0.1	4.1914
13055004	543	0.1	-0.1	-1.86602
13055004	544	0.1	-0.1	-2.90895
13055004	545	0.1	-0.1	-0.864558
13055004	546	0.1	-0.1	5.81103
13055004	547	0.1	-0.1	3.4521
13055004	548	0.1	-0.1	3.73319
13055004	549	0.1	-0.1	3.33497
13055004	550	0.1	-0.1	-3.45289
13055004	551	0.1	-0.1	-3.42559
13055004	552	0.1	-0.1	-4.08018
13055004	553	0.1	-0.1	-0.141801
13055004	554	0.1	-0.1	2.96694
13055004	555	0.1	-0.1	2.81369
13055004	556	0.1	-0.1	3.78568
13055004	557	0.1	-0.1	-1.97388
13055004	558	0.1	-0.1	-4.92464
13055004	559	0.1	-0.1	-3.99909
13055004	560	0.1	-0.1	4.18348
13055004	561	0.1	-0.1	-5.75587
13055004	562	0.1	-0.1	3.46956
13055004	563	0.1	-0.1	2.7919
13055004	564	0.1	-0.1	3.0836
13055004	565	0.1	-0.1	5.44071
13055004	566	0.1	-0.1	4.41095
13055004	567	0.1	-0.1	5.5178
13055004	568	0.1	-0.1	2.35935
13055004	569	0.1	-0.1	-2.46168
13055004	570	0.1	-0.1	1.47465
13055004	571	0.1	-0.1	-2.14057
13055004	572	0.1	-0.1	-1.84203
13055004	573	0.1	-0.1	2.1624
13055004	574	0.1	-0.1	0.559383
13055004	575	0.1	-0.1	-2.88625
13055004	576	0.1	-0.1	-5.35451
13055004	577	0.1	-0.1	4.44147
13055004	578	0.1	-0.1	-3.76299
13055004	579	0.1	-0.1	5.94553
13055004	580	0.1	-0.1	5.48652
13055004	581	0.1	-0.1	3.48946
13055004	582	0.1	-0.1	-1.57272
13055004	583	0.1	-0.1	-4.68468
13055004	584	0.1	-0.1	-0.463562
13055004	585	0.1	-0.1	-4.19483
13055004	586	0.1	-0.1	-1.02817
13055004	587	0.1	-0.1	3.80254
13055004	588	0.1	-0.1	2.52443
13055004	589	0.1	-0.1	-0.418753
13055004	590	0.1	-0.1	-5.24746
13055004	591	0.1	-0.1	-3.71877
13055004	592	0.1	-0.1	-0.67172
13055004	593	0.1	-0.1	-3.13485
13055004	594	0.1	-0.1	-0.711315
13055004	595	0.1	-0.1	4.66083
13055004	596	0.1	-0.1	5.02797
13055004	597	0.1	-0.1	-2.42955
13055004	598	0.1	-0.1	0.925655
13055004	599	0.1	-0.1	0.855291
13055004	600	0.1	-0.1	0.239563
13055004	601	0.1	-0.1	-5.52843
13055004	602	0.1	-0.1	4.93101
13055004	603	0.1	-0.1	1.75485
13055004	604	0.1	-0.1	1.93452
13055004	605	0.1	-0.1	3.73399
13055004	606	0.1	-0.1	1.64811
13055004	607	0.1	-0.1	-5.80091
13055004	608	0.1	-0.1	3.18047
13055004	609	0.1	-0.1	2.96493
13055004	610	0.1	-0.1	0.468336
13055004	611	0.1	-0.1	-3.49839
13055004	612	0.1	-0.1	-2.84972
13055004	613	0.1	-0.1	-0.389155
13055004	614	0.1	-0.1	-1.49687
13055004	615	0.1	-0.1	1.18276
13055004	616	0.1	-0.1	0.816415
13055004	617	0.1	-0.1	0.336744
13055004	618	0.1	-0.1	4.04763
13055004	619	0.1	-0.1	-0.204685
13055004	620	0.1	-0.1	5.35947
13055004	621	0.1	-0.1	-5.37824
13055004	622	0.1	-0.1	-1.40904
13055004	623	0.1	-0.1	3.5095
13055004	624	0.1	-0.1	-5.15247
13055004	625	0.1	-0.1	1.04767
13055004	626	0.1	-0.1	5.92884
13055004	627	0.1	-0.1	-0.831778
13055004	628	0.1	-0.1	4.43064
13055004	629	0.1	-0.1	4.07727
13055004	630	0.1	-0.1	3.58717
13055004	631	0.1	-0.1	0.264332
13055004	632	0.1	-0.1	-3.99431
13055004	633	0.1	-0.1	-3.37343
13055004	634	0.1	-0.1	3.6516
13055004	635	0.1	-0.1	-4.53193
13055004	636	0.1	-0.1	1.37999
13055004	637	0.1	-0.1	-3.31298
13055004	638	0.1	-0.1	2.66423
13055004	639	0.1	-0.1	1.40517
13055004	640	0.1	-0.1	2.45163
13055004	641	0.1	-0.1	3.73495
13055004	642	0.1	-0.1	-0.498843
13055004	643	0.1	-0.1	4.65537
13055004	644	0.1	-0.1	2.7653
13055004	645	0.1	-0.1	-0.0414247
13055004	646	0.1	-0.1	4.25028
13055004	647	0.1	-0.1	-4.59213
13055004	648	0.1	-0.1	-1.65366
13055004	649	0.1	-0.1	-3.21346
13055004	650	0.1	-0.1	0.996118
13055004	651	0.1	-0.1	1.43371
13055004	652	0.1	-0.1	0.708592
13055004	653	0.1	-0.1	3.35238
13055004	654	0.1	-0.1	-4.3421
13055004	655	0.1	-0.1	-3.56749
13055004	656	0.1	-0.1	-1.53304
13055004	657	0.1	-0.1	3.45796
13055004	658	0.1	-0.1	4.23531
13055004	659	0.1	-0.1	3.00388
13055004	660	0.1	-0.1	-4.17622
13055004	661	0.1	-0.1	0.854585
13055004	662	0.1	-0.1	3.12331
13055004	663	0.1	-0.1	-2.57989
13055004	664	0.1	-0.1	-4.50222
13055004	665	0.1	-0.1	-1.1409
13055004	666	0.1	-0.1	5.17542
13055004	667	0.1	-0.1	5.20194
13055004	668	0.1	-0.1	-5.52607
13055004	669	0.1	-0.1	3.27131
13055004	670	0.1	-0.1	5.73218
13055004	671	0.1	-0.1	-3.70054
13055004	672	0.1	-0.1	-1.25559
13055004	673	0.1	-0.1	-4.06113
13055004	674	0.1	-0.1	-0.893485
13055004	675	0.1	-0.1	-2.72329
13055004	676	0.1	-0.1	-2.69866
13055004	677	0.1	-0.1	-0.21461
13055004	678	0.1	-0.1	1.35995
13055004	679	0.1	-0.1	2.74521
13055004	680	0.1	-0.1	0.601137
13055004	681	0.1	-0.1	-5.43266
13055004	682	0.1	-0.1	-1.00137
13055004	683	0.1	-0.1	-4.9877
13055004	684	0.1	-0.1	-0.371325
13055004	685	0.1	-0.1	-1.71888
13055004	686	0.1	-0.1	1.28964
13055004	687	0.1	-0.1	-4.65307
13055004	688	0.1	-0.1	-1.55265
13055004	689	0.1	-0.1	5.54686
13055004	690	0.1	-0.1	4.21363
13055004	691	0.1	-0.1	-1.71187
13055004	692	0.1	-0.1	0.140019
13055004	693	0.1	-0.1	4.22618
13055004	694	0.1	-0.1	-2.13808
13055004	695	0.1	-0.1	5.10548
13055004	696	0.1	-0.1	-3.09833
13055004	697	0.1	-0.1	-4.04914
13055004	698	0.1	-0.1	0.138906
13055004	699	0.1	-0.1	3.34813
13055004	700	0.1	-0.1	-5.49378
13055004	701	0.1	-0.1	-4.36688
13055004	702	0.1	-0.1	-3.75785
13055004	703	0.1	-0.1	-1.06573
13055004	704	0.1	-0.1	-1.1477
13055004	705	0.1	-0.1	-5.9548
13055004	706	0.1	-0.1	5.01867
13055004	707	0.1	-0.1	4.73699
13055004	708	0.1	-0.1	-2.57262
13055004	709	0.1	-0.1	2.88304
13055004	710	0.1	-0.1	0.590226
13055004	711	0.1	-0.1	1.15241
13055004	712	0.1	-0.1	2.02448
13055004	713	0.1	-0.1	-5.30213
13055004	714	0.1	-0.1	0.396411
13055004	715	0.1	-0.1	5.60909
13055004	716	0.1	-0.1	-2.90982
13055004	717	0.1	-0.1	5.89929
13055004	718	0.1	-0.1	-5.13992
13055004	719	0.1	-0.1	4.38083
13055004	720	0.1	-0.1	3.05905
13055004	721	0.1	-0.1	-2.94507
13055004	722	0.1	-0.1	-3.61045
13055004	723	0.1	-0.1	-2.00299
13055004	724	0.1	-0.1	4.09716
13055004	725	0.1	-0.1	-0.273273
13055004	726	0.1	-0.1	-1.21825
13055004	727	0.1	-0.1	0.13835
13055004	728	0.1	-0.1	-5.99283
13055004	729	0.1	-0.1	-5.99308
13055004	730	0.1	-0.1	-0.155456
13055004	731	0.1	-0.1	-1.24385
13055004	732	0.1	-0.1	-3.82038
13055004	733	0.1	-0.1	3.5557
13055004	734	0.1	-0.1	-0.139974
13055004	735	0.1	-0.1	-5.47655
13055004	736	0.1	-0.1	1.78355
13055004	737	0.1	-0.1	-4.09114
13055004	738	0.1	-0.1	-4.17445
13055004	739	0.1	-0.1	-3.09812
13055004	740	0.1	-0.1	-1.65647
13055004	741	0.1	-0.1	-4.3497
13055004	742	0.1	-0.1	0.580104
13055004	743	0.1	-0.1	3.23702
13055004	744	0.1	-0.1	0.149238
13055004	745	0.1	-0.1	2.9594
13055004	746	0.1	-0.1	0.489924
13055004	747	0.1	-0.1	-4.09054
13055004	748	0.1	-0.1	1.80884
13055004	749	0.1	-0.1	-3.1241
13055004	750	0.1	-0.1	-5.61406
13055004	751	0.1	-0.1	-4.99808
13055004	752	0.1	-0.1	4.28619
13055004	753	0.1	-0.1	2.53595
13055004	754	0.1	-0.1	-2.88778
13055004	755	0.1	-0.1	5.35161
13055004	756	0.1	-0.1	5.97264
13055004	757	0.1	-0.1	1.76137
13055004	758	0.1	-0.1	0.370969
13055004	759	0.1	-0.1	-1.37861
13055004	760	0.1	-0.1	4.59104
13055004	761	0.1	-0.1	-5.51081
13055004	762	0.1	-0.1	2.39921
13055004	763	0.1	-0.1	-2.77051
13055004	764	0.1	-0.1	0.000420383
13055004	765	0.1	-0.1	0.144595
13055004	766	0.1	-0.1	-1.85895
13055004	767	0.1	-0.1	-2.69259
13055004	768	0.1	-0.1	-5.93783
13055004	769	0.1	-0.1	-1.52789
13055004	770	0.1	-0.1	-4.16295
13055004	771	0.1	-0.1	-1.77208
13055004	772	0.1	-0.1	-3.60933
13055004	773	0.1	-0.1	-3.7422
13055004	774	0.1	-0.1	5.61596
13055004	775	0.1	-0.1	-4.50935
13055004	776	0.1	-0.1	0.486819
13055004	777	0.1	-0.1	3.56733
13055004	778	0.1	-0.1	4.72138
13055004	779	0.1	-0.1	1.86636
13055004	780	0.1	-0.1	-3.11444
13055004	781	0.1	-0.1	0.975531
13055004	782	0.1	-0.1	-0.40595
13055004	783	0.1	-0.1	-2.30509
13055004	784	0.1	-0.1	-0.850341
13055004	785	0.1	-0.1	2.24694
13055004	786	0.1	-0.1	2.43382
13055004	787	0.1	-0.1	-0.333057
13055004	788	0.1	-0.1	-2.63469
13055004	789	0.1	-0.1	-3.29804
13055004	790	0.1	-0.1	-5.45055
13055004	791	0.1	-0.1	3.20953
13055004	792	0.1	-0.1	-2.56761
13055004	793	0.1	-0.1	5.78795
13055004	794	0.1	-0.1	5.97306
13055004	795	0.1	-0.1	3.41479
13055004	796	0.1	-0.1	0.58785
13055004	797	0.1	-0.1	2.11396
13055004	798	0.1	-0.1	-2.9641
13055004	799	0.1	-0.1	4.80198
13055004	800	0.1	-0.1	-2.9915
13055004	801	0.1	-0.1	4.82215
13055004	802	0.1	-0.1	5.31868
13055004	803	0.1	-0.1	-2.69401
13055004	804	0.1	-0.1	2.78035
13055004	805	0.1	-0.1	-5.19241
13055004	806	0.1	-0.1	-5.20244
13055004	807	0.1	-0.1	2.37569
13055004	808	0.1	-0.1	3.17362
13055004	809	0.1	-0.1	-5.83572
13055004	810	0.1	-0.1	5.8971
13055004	811	0.1	-0.1	-5.02628
13055004	812	0.1	-0.1	-4.55038
13055004	813	0.1	-0.1	-5.56749
13055004	814	0.1	-0.1	-0.580165
13055004	815	0.1	-0.1	5.70697
13055004	816	0.1	-0.1	2.72337
13055004	817	0.1	-0.1	3.51677
13055004	818	0.1	-0.1	-1.39014
13055004	819	0.1	-0.1	-4.41997
13055004	820	0.1	-0.1	-1.31968
13055004	821	0.1	-0.1	1.2999
13055004	822	0.1	-0.1	1.25985
13055004	823	0.1	-0.1	4.97791
13055004	824	0.1	-0.1	-1.18316
13055004	825	0.1	-0.1	0.255202
13055004	826	0.1	-0.1	-5.16596
13055004	827	0.1	-0.1	0.355148
13055004	828	0.1	-0.1	-4.20353
13055004	829	0.1	-0.1	-3.85934
13055004	830	0.1	-0.1	3.56231
13055004	831	0.1	-0.1	5.4788
13055004	832	0.1	-0.1	5.02797
13055004	833	0.1	-0.1	0.11628
13055004	834	0.1	-0.1	-1.26705
13055004	835	0.1	-0.1	4.78854
13055004	836	0.1	-0.1	-1.33506
13055004	837	0.1	-0.1	-0.738893
13055004	838	0.1	-0.1	-4.75589
13055004	839	0.1	-0.1	2.68866
13055004	840	0.1	-0.1	-3.57903
13055004	841	0.1	-0.1	-4.36681
13055004	842	0.1	-0.1	0.000749038
13055004	843	0.1	-0.1	4.67435
13055004	844	0.1	-0.1	4.02716
13055004	845	0.1	-0.1	2.54707
13055004	846	0.1	-0.1	4.91352
13055004	847	0.1	-0.1	1.20004
13055004	848	0.1	-0.1	5.14234
13055004	849	0.1	-0.1	0.220578
13055004	850	0.1	-0.1	1.73504
13055004	851	0.1	-0.1	3.65354
13055004	852	0.1	-0.1	-0.512844
13055004	853	0.1	-0.1	-5.31768
13055004	854	0.1	-0.1	1.51046
13055004	855	0.1	-0.1	5.2739
13055004	856	0.1	-0.1	5.3523
13055004	857	0.1	-0.1	3.7335
13055004	858	0.1	-0.1	-2.85017
13055004	859	0.1	-0.1	-2.09155
13055004	860	0.1	-0.1	1.76676
13055004	861	0.1	-0.1	-0.506622
13055004	862	0.1	-0.1	-1.07246
13055004	863	0.1	-0.1	-3.17926
13055004	864	0.1	-0.1	-0.0743316
13055004	865	0.1	-0.1	-3.54932
13055004	866	0.1	-0.1	5.42756
13055004	867	0.1	-0.1	0.326113
13055004	868	0.1	-0.1	1.0704
13055004	869	0.1	-0.1	-1.15595
13055004	870	0.1	-0.1	-5.75551
13055004	871	0.1	-0.1	-1.66933
13055004	872	0.1	-0.1	2.7505
13055004	873	0.1	-0.1	-1.49231
13055004	874	0.1	-0.1	3.76327
13055004	875	0.1	-0.1	-5.71324
13055004	876	0.1	-0.1	0.17892
13055004	877	0.1	-0.1	1.1237
13055004	878	0.1	-0.1	-1.1824
13055004	879	0.1	-0.1	-3.77642
13055004	880	0.1	-0.1	-4.09799
13055004	881	0.1	-0.1	1.74371
13055004	882	0.1	-0.1	-5.40967
13055004	883	0.1	-0.1	2.12758
13055004	884	0.1	-0.1	4.74322
13055004	885	0.1	-0.1	-1.35851
13055004	886	0.1	-0.1	-3.63635
13055004	887	0.1	-0.1	1.37737
13055004	888	0.1	-0.1	1.14684
13055004	889	0.1	-0.1	1.15089
13055004	890	0.1	-0.1	-2.92615
13055004	891	0.1	-0.1	-5.76166
13055004	892	0.1	-0.1	-1.12363
13055004	893	0.1	-0.1	-4.88124
13055004	894	0.1	-0.1	4.81536
13055004	895	0.1	-0.1	-2.63266
13055004	896	0.1	-0.1	-3.39935
13055004	897	0.1	-0.1	3.41777
13055004	898	0.1	-0.1	-1.47126
13055004	899	0.1	-0.1	-5.21744
13055004	900	0.1	-0.1	-4.7263
13055004	901	0.1	-0.1	-1.79288
13055004	902	0.1	-0.1	-3.82421
13055004	903	0.1	-0.1	-5.98078
13055004	904	0.1	-0.1	-2.18953
13055004	905	0.1	-0.1	4.13615
13055004	906	0.1	-0.1	5.01295
13055004	907	0.1	-0.1	-5.99109
13055004	908	0.1	-0.1	0.668239
13055004	909	0.1	-0.1	3.99365
13055004	910	0.1	-0.1	-3.94441
13055004	911	0.1	-0.1	-2.18493
13055004	912	0.1	-0.1	1.59821
13055004	913	0.1	-0.1	2.08067
13055004	914	0.1	-0.1	2.58042
13055004	915	0.1	-0.1	-0.267544
13055004	916	0.1	-0.1	-3.17367
13055004	917	0.1	-0.1	1.79192
13055004	918	0.1	-0.1	-2.10547
13055004	919	0.1	-0.1	-5.36776
13055004	920	0.1	-0.1	2.15091
13055004	921	0.1	-0.1	1.55348
13055004	922	0.1	-0.1	4.61985
13055004	923	0.1	-0.1	-0.993626
13055004	924	0.1	-0.1	2.76201
13055004	925	0.1	-0.1	-1.10253
13055004	926	0.1	-0.1	3.31533
13055004	927	0.1	-0.1	0.758856
13055004	928	0.1	-0.1	3.62694
13055004	929	0.1	-0.1	-4.83561
13055004	930	0.1	-0.1	-0.0475966
13055004	931	0.1	-0.1	-5.43138
13055004	932	0.1	-0.1	3.33047
13055004	933	0.1	-0.1	5.01867
13055004	934	0.1	-0.1	-0.646464
13055004	935	0.1	-0.1	-4.95697
13055004	936	0.1	-0.1	-1.67898
13055004	937	0.1	-0.1	0.633546
13055004	938	0.1	-0.1	-3.90522
13055004	939	0.1	-0.1	-3.62606
13055004	940	0.1	-0.1	3.02116
13055004	941	0.1	-0.1	5.52166
13055004	942	0.1	-0.1	5.79115
13055004	943	0.1	-0.1	-4.40452
13055004	944	0.1	-0.1	5.1013
13055004	945	0.1	-0.1	-3.68346
13055004	946	0.1	-0.1	-0.559535
13055004	947	0.1	-0.1	3.86019
13055004	948	0.1	-0.1	-3.96533
13055004	949	0.1	-0.1	3.39167
13055004	950	0.1	-0.1	2.8009
13055004	951	0.1	-0.1	-5.67621
13055004	952	0.1	-0.1	-2.48132
13055004	953	0.1	-0.1	-0.741374
13055004	954	0.1	-0.1	-2.61133
13055004	955	0.1	-0.1	-0.519134
13055004	956	0.1	-0.1	-3.10353
13055004	957	0.1	-0.1	-1.94515
13055004	958	0.1	-0.1	0.167476
13055004	959	0.1	-0.1	-2.16388
13055004	960	0.1	-0.1	-5.99731
13055004	961	0.1	-0.1	4.17367
13055004	962	0.1	-0.1	-1.63062
13055004	963	0.1	-0.1	1.74731
13055004	964	0.1	-0.1	-4.43166
13055004	965	0.1	-0.1	4.67315
13055004	966	0.1	-0.1	0.86772
13055004	967	0.1	-0.1	5.06701
13055004	968	0.1	-0.1	5.03266
13055004	969	0.1	-0.1	4.42926
13055004	970	0.1	-0.1	-1.88117
13055004	971	0.1	-0.1	0.442292
13055004	972	0.1	-0.1	-4.9011
13055004	973	0.1	-0.1	-1.87084
13055004	974	0.1	-0.1	-3.10229
13055004	975	0.1	-0.1	4.54916
13055004	976	0.1	-0.1	-5.52734
13055004	977	0.1	-0.1	-1.20783
13055004	978	0.1	-0.1	1.59561
13055004	979	0.1	-0.1	0.37096
13055004	980	0.1	-0.1	0.446926
13055004	981	0.1	-0.1	-1.0864
13055004	982	0.1	-0.1	3.58172
13055004	983	0.1	-0.1	-3.70717
13055004	984	0.1	-0.1	-0.647929
13055004	985	0.1	-0.1	-5.80428
13055004	986	0.1	-0.1	-2.61562
13055004	987	0.1	-0.1	4.56887
13055004	988	0.1	-0.1	3.4824
13055004	989	0.1	-0.1	3.95682
13055004	990	0.1	-0.1	3.22429
13055004	991	0.1	-0.1	-5.66635
13055004	992	0.1	-0.1	5.38971
13055004	993	0.1	-0.1	1.4297
13055004	994	0.1	-0.1	4.76709
13055004	995	0.1	-0.1	-2.26422
13055004	996	0.1	-0.1	0.447019
13055004	997	0.1	-0.1	1.92466
13055004	998	0.1	-0.1	-2.00811
13055004	999	0.1	-0.1	2.12358
13055004	1000	0.1	-0.1	5.04321
