13055073	1	0.1	-0.1	-1.34842
13055073	2	0.1	-0.1	1.97867
13055073	3	0.1	-0.1	-5.30844
13055073	4	0.1	-0.1	-5.86284
13055073	5	0.1	-0.1	3.62711
13055073	6	0.1	-0.1	-0.455998
13055073	7	0.1	-0.1	5.57307
13055073	8	0.1	-0.1	-1.07832
13055073	9	0.1	-0.1	0.0120182
13055073	10	0.1	-0.1	-4.31683
13055073	11	0.1	-0.1	-0.795771
13055073	12	0.1	-0.1	-1.66674
13055073	13	0.1	-0.1	-3.36466
13055073	14	0.1	-0.1	3.80951
13055073	15	0.1	-0.1	-1.89992
13055073	16	0.1	-0.1	-0.649562
13055073	17	0.1	-0.1	-3.96087
13055073	18	0.1	-0.1	-3.78197
13055073	19	0.1	-0.1	3.60589
13055073	20	0.1	-0.1	3.05524
13055073	21	0.1	-0.1	3.88608
13055073	22	0.1	-0.1	0.677414
13055073	23	0.1	-0.1	-2.01151
13055073	24	0.1	-0.1	-5.19923
13055073	25	0.1	-0.1	-3.20458
13055073	26	0.1	-0.1	2.25484
13055073	27	0.1	-0.1	5.82475
13055073	28	0.1	-0.1	-0.781108
13055073	29	0.1	-0.1	1.54996
13055073	30	0.1	-0.1	-5.78017
13055073	31	0.1	-0.1	-0.0496875
13055073	32	0.1	-0.1	-0.667466
13055073	33	0.1	-0.1	3.9091
13055073	34	0.1	-0.1	3.87229
13055073	35	0.1	-0.1	3.38243
13055073	36	0.1	-0.1	4.65264
13055073	37	0.1	-0.1	-5.44777
13055073	38	0.1	-0.1	0.904142
13055073	39	0.1	-0.1	1.00831
13055073	40	0.1	-0.1	3.42517
13055073	41	0.1	-0.1	1.59496
13055073	42	0.1	-0.1	0.399386
13055073	43	0.1	-0.1	1.04193
13055073	44	0.1	-0.1	-2.64177
13055073	45	0.1	-0.1	-3.20301
13055073	46	0.1	-0.1	-5.87741
13055073	47	0.1	-0.1	-5.70097
13055073	48	0.1	-0.1	-5.63108
13055073	49	0.1	-0.1	-5.43437
13055073	50	0.1	-0.1	0.747176
13055073	51	0.1	-0.1	-2.56911
13055073	52	0.1	-0.1	2.88001
13055073	53	0.1	-0.1	4.23731
13055073	54	0.1	-0.1	-2.95345
13055073	55	0.1	-0.1	-2.5023
13055073	56	0.1	-0.1	3.52087
13055073	57	0.1	-0.1	2.53914
13055073	58	0.1	-0.1	-3.10519
13055073	59	0.1	-0.1	1.10166
13055073	60	0.1	-0.1	1.6312
13055073	61	0.1	-0.1	0.54674
13055073	62	0.1	-0.1	-1.75784
13055073	63	0.1	-0.1	5.24409
13055073	64	0.1	-0.1	3.20833
13055073	65	0.1	-0.1	-1.13917
13055073	66	0.1	-0.1	3.36988
13055073	67	0.1	-0.1	-1.48887
13055073	68	0.1	-0.1	-3.16991
13055073	69	0.1	-0.1	-5.24748
13055073	70	0.1	-0.1	-4.5423
13055073	71	0.1	-0.1	5.65364
13055073	72	0.1	-0.1	5.87904
13055073	73	0.1	-0.1	5.62183
13055073	74	0.1	-0.1	-4.75511
13055073	75	0.1	-0.1	3.02053
13055073	76	0.1	-0.1	3.22719
13055073	77	0.1	-0.1	-3.14978
13055073	78	0.1	-0.1	-0.379082
13055073	79	0.1	-0.1	-4.28791
13055073	80	0.1	-0.1	2.43239
13055073	81	0.1	-0.1	-4.06889
13055073	82	0.1	-0.1	2.81701
13055073	83	0.1	-0.1	-0.506594
13055073	84	0.1	-0.1	-0.902899
13055073	85	0.1	-0.1	-3.17846
13055073	86	0.1	-0.1	-3.67023
13055073	87	0.1	-0.1	3.17966
13055073	88	0.1	-0.1	-0.057184
13055073	89	0.1	-0.1	-4.83263
13055073	90	0.1	-0.1	-3.62461
13055073	91	0.1	-0.1	-3.80306
13055073	92	0.1	-0.1	-2.44588
13055073	93	0.1	-0.1	-2.56159
13055073	94	0.1	-0.1	3.53608
13055073	95	0.1	-0.1	3.91795
13055073	96	0.1	-0.1	5.3277
13055073	97	0.1	-0.1	-4.05494
13055073	98	0.1	-0.1	3.49492
13055073	99	0.1	-0.1	-3.52524
13055073	100	0.1	-0.1	-1.39626
13055073	101	0.1	-0.1	-2.72312
13055073	102	0.1	-0.1	5.13047
13055073	103	0.1	-0.1	-3.60354
13055073	104	0.1	-0.1	-0.798604
13055073	105	0.1	-0.1	1.37019
13055073	106	0.1	-0.1	-1.09424
13055073	107	0.1	-0.1	-0.124105
13055073	108	0.1	-0.1	-0.589206
13055073	109	0.1	-0.1	4.38772
13055073	110	0.1	-0.1	-2.52279
13055073	111	0.1	-0.1	5.36677
13055073	112	0.1	-0.1	5.94397
13055073	113	0.1	-0.1	-5.82061
13055073	114	0.1	-0.1	-0.462157
13055073	115	0.1	-0.1	-1.83988
13055073	116	0.1	-0.1	5.04291
13055073	117	0.1	-0.1	5.49101
13055073	118	0.1	-0.1	3.90545
13055073	119	0.1	-0.1	-3.01897
13055073	120	0.1	-0.1	-4.68307
13055073	121	0.1	-0.1	3.99032
13055073	122	0.1	-0.1	-3.35109
13055073	123	0.1	-0.1	4.30149
13055073	124	0.1	-0.1	-5.71306
13055073	125	0.1	-0.1	2.73071
13055073	126	0.1	-0.1	5.65304
13055073	127	0.1	-0.1	-0.0327104
13055073	128	0.1	-0.1	-5.13784
13055073	129	0.1	-0.1	4.62845
13055073	130	0.1	-0.1	-0.620246
13055073	131	0.1	-0.1	-5.08332
13055073	132	0.1	-0.1	-2.74711
13055073	133	0.1	-0.1	4.76264
13055073	134	0.1	-0.1	-0.396566
13055073	135	0.1	-0.1	5.34173
13055073	136	0.1	-0.1	3.53437
13055073	137	0.1	-0.1	2.54881
13055073	138	0.1	-0.1	1.68472
13055073	139	0.1	-0.1	-3.98705
13055073	140	0.1	-0.1	3.03016
13055073	141	0.1	-0.1	-3.44199
13055073	142	0.1	-0.1	1.86532
13055073	143	0.1	-0.1	-5.26088
13055073	144	0.1	-0.1	0.646474
13055073	145	0.1	-0.1	-1.7983
13055073	146	0.1	-0.1	5.3921
13055073	147	0.1	-0.1	3.38139
13055073	148	0.1	-0.1	0.999983
13055073	149	0.1	-0.1	2.65236
13055073	150	0.1	-0.1	3.4859
13055073	151	0.1	-0.1	4.37044
13055073	152	0.1	-0.1	-3.79484
13055073	153	0.1	-0.1	3.98646
13055073	154	0.1	-0.1	4.72252
13055073	155	0.1	-0.1	5.77212
13055073	156	0.1	-0.1	-1.54744
13055073	157	0.1	-0.1	2.35319
13055073	158	0.1	-0.1	1.37098
13055073	159	0.1	-0.1	-3.78381
13055073	160	0.1	-0.1	-2.77791
13055073	161	0.1	-0.1	2.58951
13055073	162	0.1	-0.1	4.22687
13055073	163	0.1	-0.1	0.635432
13055073	164	0.1	-0.1	4.10681
13055073	165	0.1	-0.1	0.38469
13055073	166	0.1	-0.1	-4.22298
13055073	167	0.1	-0.1	-5.62582
13055073	168	0.1	-0.1	-1.31851
13055073	169	0.1	-0.1	3.79703
13055073	170	0.1	-0.1	-0.826479
13055073	171	0.1	-0.1	1.60304
13055073	172	0.1	-0.1	0.394172
13055073	173	0.1	-0.1	-4.49283
13055073	174	0.1	-0.1	5.50244
13055073	175	0.1	-0.1	-1.95257
13055073	176	0.1	-0.1	3.044
13055073	177	0.1	-0.1	0.225981
13055073	178	0.1	-0.1	-5.69279
13055073	179	0.1	-0.1	5.86697
13055073	180	0.1	-0.1	-5.17677
13055073	181	0.1	-0.1	-1.201
13055073	182	0.1	-0.1	1.73057
13055073	183	0.1	-0.1	3.70585
13055073	184	0.1	-0.1	-2.69944
13055073	185	0.1	-0.1	-1.48774
13055073	186	0.1	-0.1	-0.624942
13055073	187	0.1	-0.1	-0.00625808
13055073	188	0.1	-0.1	4.522
13055073	189	0.1	-0.1	5.38044
13055073	190	0.1	-0.1	1.37428
13055073	191	0.1	-0.1	-1.96317
13055073	192	0.1	-0.1	4.53064
13055073	193	0.1	-0.1	5.54849
13055073	194	0.1	-0.1	-2.85274
13055073	195	0.1	-0.1	2.31879
13055073	196	0.1	-0.1	0.584847
13055073	197	0.1	-0.1	0.38256
13055073	198	0.1	-0.1	-5.67333
13055073	199	0.1	-0.1	-1.57762
13055073	200	0.1	-0.1	-5.4444
13055073	201	0.1	-0.1	-0.873539
13055073	202	0.1	-0.1	5.08785
13055073	203	0.1	-0.1	3.66696
13055073	204	0.1	-0.1	-1.89114
13055073	205	0.1	-0.1	1.43375
13055073	206	0.1	-0.1	-5.14807
13055073	207	0.1	-0.1	2.52745
13055073	208	0.1	-0.1	-3.87933
13055073	209	0.1	-0.1	-2.43207
13055073	210	0.1	-0.1	-2.36778
13055073	211	0.1	-0.1	2.20598
13055073	212	0.1	-0.1	-2.77371
13055073	213	0.1	-0.1	0.995998
13055073	214	0.1	-0.1	5.99878
13055073	215	0.1	-0.1	-5.59629
13055073	216	0.1	-0.1	-1.6591
13055073	217	0.1	-0.1	5.56341
13055073	218	0.1	-0.1	-3.14042
13055073	219	0.1	-0.1	-5.22161
13055073	220	0.1	-0.1	3.70768
13055073	221	0.1	-0.1	2.57832
13055073	222	0.1	-0.1	0.179139
13055073	223	0.1	-0.1	-4.02055
13055073	224	0.1	-0.1	2.01311
13055073	225	0.1	-0.1	3.58297
13055073	226	0.1	-0.1	5.9823
13055073	227	0.1	-0.1	5.57132
13055073	228	0.1	-0.1	-0.39896
13055073	229	0.1	-0.1	2.15065
13055073	230	0.1	-0.1	-4.39707
13055073	231	0.1	-0.1	5.23592
13055073	232	0.1	-0.1	1.11654
13055073	233	0.1	-0.1	-1.2977
13055073	234	0.1	-0.1	-0.340677
13055073	235	0.1	-0.1	-0.778237
13055073	236	0.1	-0.1	0.311556
13055073	237	0.1	-0.1	2.67627
13055073	238	0.1	-0.1	-0.110776
13055073	239	0.1	-0.1	2.33156
13055073	240	0.1	-0.1	4.44568
13055073	241	0.1	-0.1	1.00043
13055073	242	0.1	-0.1	-0.671962
13055073	243	0.1	-0.1	5.87523
13055073	244	0.1	-0.1	-0.733169
13055073	245	0.1	-0.1	-5.42886
13055073	246	0.1	-0.1	-3.88655
13055073	247	0.1	-0.1	1.81777
13055073	248	0.1	-0.1	-1.16712
13055073	249	0.1	-0.1	-0.42207
13055073	250	0.1	-0.1	2.97518
13055073	251	0.1	-0.1	1.34293
13055073	252	0.1	-0.1	1.4818
13055073	253	0.1	-0.1	2.01413
13055073	254	0.1	-0.1	-4.8532
13055073	255	0.1	-0.1	1.58217
13055073	256	0.1	-0.1	2.29122
13055073	257	0.1	-0.1	4.20731
13055073	258	0.1	-0.1	-4.02701
13055073	259	0.1	-0.1	-1.40944
13055073	260	0.1	-0.1	4.85433
13055073	261	0.1	-0.1	5.51799
13055073	262	0.1	-0.1	-4.75311
13055073	263	0.1	-0.1	-2.99118
13055073	264	0.1	-0.1	-5.55758
13055073	265	0.1	-0.1	3.64283
13055073	266	0.1	-0.1	5.67873
13055073	267	0.1	-0.1	5.66852
13055073	268	0.1	-0.1	-5.47088
13055073	269	0.1	-0.1	5.82702
13055073	270	0.1	-0.1	0.780666
13055073	271	0.1	-0.1	3.29242
13055073	272	0.1	-0.1	-0.203275
13055073	273	0.1	-0.1	4.86367
13055073	274	0.1	-0.1	-1.13123
13055073	275	0.1	-0.1	1.99445
13055073	276	0.1	-0.1	-1.43597
13055073	277	0.1	-0.1	0.402083
13055073	278	0.1	-0.1	-2.11942
13055073	279	0.1	-0.1	2.81589
13055073	280	0.1	-0.1	-3.41718
13055073	281	0.1	-0.1	1.75315
13055073	282	0.1	-0.1	-3.44957
13055073	283	0.1	-0.1	5.90926
13055073	284	0.1	-0.1	-0.820717
13055073	285	0.1	-0.1	1.13074
13055073	286	0.1	-0.1	5.41913
13055073	287	0.1	-0.1	5.85764
13055073	288	0.1	-0.1	5.01255
13055073	289	0.1	-0.1	1.17494
13055073	290	0.1	-0.1	-1.89799
13055073	291	0.1	-0.1	-5.88453
13055073	292	0.1	-0.1	-5.69265
13055073	293	0.1	-0.1	-3.79789
13055073	294	0.1	-0.1	3.07784
13055073	295	0.1	-0.1	-4.68605
13055073	296	0.1	-0.1	5.55087
13055073	297	0.1	-0.1	3.71335
13055073	298	0.1	-0.1	5.64843
13055073	299	0.1	-0.1	-2.73654
13055073	300	0.1	-0.1	-1.55133
13055073	301	0.1	-0.1	-4.78163
13055073	302	0.1	-0.1	5.91867
13055073	303	0.1	-0.1	-0.536912
13055073	304	0.1	-0.1	2.36013
13055073	305	0.1	-0.1	-0.632812
13055073	306	0.1	-0.1	1.57722
13055073	307	0.1	-0.1	1.23802
13055073	308	0.1	-0.1	-5.54712
13055073	309	0.1	-0.1	-3.09859
13055073	310	0.1	-0.1	-3.14383
13055073	311	0.1	-0.1	0.342327
13055073	312	0.1	-0.1	1.26034
13055073	313	0.1	-0.1	5.20144
13055073	314	0.1	-0.1	5.95359
13055073	315	0.1	-0.1	-1.08612
13055073	316	0.1	-0.1	-0.815074
13055073	317	0.1	-0.1	-3.64464
13055073	318	0.1	-0.1	3.95522
13055073	319	0.1	-0.1	-2.83217
13055073	320	0.1	-0.1	-3.29636
13055073	321	0.1	-0.1	1.60051
13055073	322	0.1	-0.1	2.68923
13055073	323	0.1	-0.1	-2.20511
13055073	324	0.1	-0.1	2.51865
13055073	325	0.1	-0.1	-2.78089
13055073	326	0.1	-0.1	3.35256
13055073	327	0.1	-0.1	-3.97114
13055073	328	0.1	-0.1	-2.26817
13055073	329	0.1	-0.1	5.31076
13055073	330	0.1	-0.1	-2.71099
13055073	331	0.1	-0.1	0.131199
13055073	332	0.1	-0.1	-5.8539
13055073	333	0.1	-0.1	-1.70975
13055073	334	0.1	-0.1	-3.17585
13055073	335	0.1	-0.1	-3.12364
13055073	336	0.1	-0.1	-0.2994
13055073	337	0.1	-0.1	-3.19704
13055073	338	0.1	-0.1	-1.26574
13055073	339	0.1	-0.1	2.2147
13055073	340	0.1	-0.1	-3.3802
13055073	341	0.1	-0.1	2.34762
13055073	342	0.1	-0.1	5.43333
13055073	343	0.1	-0.1	3.50381
13055073	344	0.1	-0.1	4.54756
13055073	345	0.1	-0.1	-1.04053
13055073	346	0.1	-0.1	-0.507861
13055073	347	0.1	-0.1	-1.19015
13055073	348	0.1	-0.1	-3.88577
13055073	349	0.1	-0.1	0.370197
13055073	350	0.1	-0.1	2.51407
13055073	351	0.1	-0.1	-4.02984
13055073	352	0.1	-0.1	5.00642
13055073	353	0.1	-0.1	-2.40849
13055073	354	0.1	-0.1	0.725403
13055073	355	0.1	-0.1	2.98237
13055073	356	0.1	-0.1	4.25155
13055073	357	0.1	-0.1	-4.67729
13055073	358	0.1	-0.1	-3.74439
13055073	359	0.1	-0.1	-4.27483
13055073	360	0.1	-0.1	1.66018
13055073	361	0.1	-0.1	-3.10437
13055073	362	0.1	-0.1	-4.9522
13055073	363	0.1	-0.1	5.59886
13055073	364	0.1	-0.1	-2.1636
13055073	365	0.1	-0.1	4.67093
13055073	366	0.1	-0.1	-2.08278
13055073	367	0.1	-0.1	2.46291
13055073	368	0.1	-0.1	-5.0392
13055073	369	0.1	-0.1	-4.28366
13055073	370	0.1	-0.1	-4.51019
13055073	371	0.1	-0.1	5.38719
13055073	372	0.1	-0.1	3.67834
13055073	373	0.1	-0.1	0.633059
13055073	374	0.1	-0.1	5.31903
13055073	375	0.1	-0.1	-3.27948
13055073	376	0.1	-0.1	0.287419
13055073	377	0.1	-0.1	0.384642
13055073	378	0.1	-0.1	-5.39493
13055073	379	0.1	-0.1	0.945817
13055073	380	0.1	-0.1	-0.673663
13055073	381	0.1	-0.1	5.27716
13055073	382	0.1	-0.1	2.5607
13055073	383	0.1	-0.1	-0.574143
13055073	384	0.1	-0.1	1.14272
13055073	385	0.1	-0.1	-4.02925
13055073	386	0.1	-0.1	0.305456
13055073	387	0.1	-0.1	-2.6935
13055073	388	0.1	-0.1	5.61044
13055073	389	0.1	-0.1	-0.620267
13055073	390	0.1	-0.1	-2.90271
13055073	391	0.1	-0.1	2.03309
13055073	392	0.1	-0.1	-4.76244
13055073	393	0.1	-0.1	3.33277
13055073	394	0.1	-0.1	3.0139
13055073	395	0.1	-0.1	-1.33751
13055073	396	0.1	-0.1	5.81072
13055073	397	0.1	-0.1	-4.52362
13055073	398	0.1	-0.1	0.751914
13055073	399	0.1	-0.1	3.27198
13055073	400	0.1	-0.1	-0.617968
13055073	401	0.1	-0.1	-3.18567
13055073	402	0.1	-0.1	4.59759
13055073	403	0.1	-0.1	4.89414
13055073	404	0.1	-0.1	-4.3373
13055073	405	0.1	-0.1	-0.772201
13055073	406	0.1	-0.1	5.49819
13055073	407	0.1	-0.1	4.0551
13055073	408	0.1	-0.1	5.18953
13055073	409	0.1	-0.1	2.90821
13055073	410	0.1	-0.1	-4.32296
13055073	411	0.1	-0.1	-4.06428
13055073	412	0.1	-0.1	-1.47016
13055073	413	0.1	-0.1	0.68766
13055073	414	0.1	-0.1	-5.04507
13055073	415	0.1	-0.1	-3.17049
13055073	416	0.1	-0.1	-3.71713
13055073	417	0.1	-0.1	-0.668407
13055073	418	0.1	-0.1	0.709237
13055073	419	0.1	-0.1	0.680644
13055073	420	0.1	-0.1	-1.17688
13055073	421	0.1	-0.1	-5.50066
13055073	422	0.1	-0.1	-1.82317
13055073	423	0.1	-0.1	-0.0897714
13055073	424	0.1	-0.1	1.02049
13055073	425	0.1	-0.1	0.0643713
13055073	426	0.1	-0.1	2.74456
13055073	427	0.1	-0.1	1.2126
13055073	428	0.1	-0.1	-3.78049
13055073	429	0.1	-0.1	1.35944
13055073	430	0.1	-0.1	1.56978
13055073	431	0.1	-0.1	-5.95114
13055073	432	0.1	-0.1	1.2912
13055073	433	0.1	-0.1	3.96204
13055073	434	0.1	-0.1	-3.18278
13055073	435	0.1	-0.1	2.64555
13055073	436	0.1	-0.1	3.32939
13055073	437	0.1	-0.1	0.824998
13055073	438	0.1	-0.1	-1.0253
13055073	439	0.1	-0.1	4.49377
13055073	440	0.1	-0.1	1.48791
13055073	441	0.1	-0.1	-1.01602
13055073	442	0.1	-0.1	2.46466
13055073	443	0.1	-0.1	1.94761
13055073	444	0.1	-0.1	2.77547
13055073	445	0.1	-0.1	3.13334
13055073	446	0.1	-0.1	-3.27188
13055073	447	0.1	-0.1	5.09787
13055073	448	0.1	-0.1	-0.0464584
13055073	449	0.1	-0.1	-5.32604
13055073	450	0.1	-0.1	-5.84269
13055073	451	0.1	-0.1	-2.70635
13055073	452	0.1	-0.1	-2.66895
13055073	453	0.1	-0.1	1.3994
13055073	454	0.1	-0.1	-3.64242
13055073	455	0.1	-0.1	-4.00595
13055073	456	0.1	-0.1	4.67046
13055073	457	0.1	-0.1	3.95074
13055073	458	0.1	-0.1	5.45004
13055073	459	0.1	-0.1	-3.73055
13055073	460	0.1	-0.1	3.99565
13055073	461	0.1	-0.1	3.885
13055073	462	0.1	-0.1	1.00951
13055073	463	0.1	-0.1	2.90551
13055073	464	0.1	-0.1	1.31341
13055073	465	0.1	-0.1	-0.67674
13055073	466	0.1	-0.1	5.46961
13055073	467	0.1	-0.1	-3.3509
13055073	468	0.1	-0.1	-5.52754
13055073	469	0.1	-0.1	5.27874
13055073	470	0.1	-0.1	-2.89757
13055073	471	0.1	-0.1	3.37775
13055073	472	0.1	-0.1	0.0220331
13055073	473	0.1	-0.1	-2.104
13055073	474	0.1	-0.1	3.54741
13055073	475	0.1	-0.1	-0.665612
13055073	476	0.1	-0.1	1.97045
13055073	477	0.1	-0.1	5.50957
13055073	478	0.1	-0.1	1.91479
13055073	479	0.1	-0.1	-1.26883
13055073	480	0.1	-0.1	5.12744
13055073	481	0.1	-0.1	2.25515
13055073	482	0.1	-0.1	-2.16568
13055073	483	0.1	-0.1	-2.09803
13055073	484	0.1	-0.1	0.963023
13055073	485	0.1	-0.1	-0.8051
13055073	486	0.1	-0.1	-4.57954
13055073	487	0.1	-0.1	3.26121
13055073	488	0.1	-0.1	4.93609
13055073	489	0.1	-0.1	-2.30689
13055073	490	0.1	-0.1	-3.76516
13055073	491	0.1	-0.1	-0.672736
13055073	492	0.1	-0.1	-2.25706
13055073	493	0.1	-0.1	-5.24124
13055073	494	0.1	-0.1	2.4314
13055073	495	0.1	-0.1	5.08902
13055073	496	0.1	-0.1	5.5709
13055073	497	0.1	-0.1	1.35013
13055073	498	0.1	-0.1	-1.21013
13055073	499	0.1	-0.1	-5.1778
13055073	500	0.1	-0.1	2.20963
13055073	501	0.1	-0.1	-0.818151
13055073	502	0.1	-0.1	-2.88999
13055073	503	0.1	-0.1	1.23682
13055073	504	0.1	-0.1	3.52003
13055073	505	0.1	-0.1	3.88569
13055073	506	0.1	-0.1	0.206564
13055073	507	0.1	-0.1	-0.382802
13055073	508	0.1	-0.1	-0.551586
13055073	509	0.1	-0.1	-5.63376
13055073	510	0.1	-0.1	-5.12563
13055073	511	0.1	-0.1	4.56059
13055073	512	0.1	-0.1	4.72124
13055073	513	0.1	-0.1	1.34657
13055073	514	0.1	-0.1	-4.06629
13055073	515	0.1	-0.1	-5.42204
13055073	516	0.1	-0.1	1.7743
13055073	517	0.1	-0.1	2.46863
13055073	518	0.1	-0.1	0.789978
13055073	519	0.1	-0.1	4.39517
13055073	520	0.1	-0.1	3.91546
13055073	521	0.1	-0.1	5.91211
13055073	522	0.1	-0.1	-2.46974
13055073	523	0.1	-0.1	5.21508
13055073	524	0.1	-0.1	5.39879
13055073	525	0.1	-0.1	-5.41555
13055073	526	0.1	-0.1	-0.302093
13055073	527	0.1	-0.1	5.84874
13055073	528	0.1	-0.1	0.395823
13055073	529	0.1	-0.1	3.80975
13055073	530	0.1	-0.1	-4.90353
13055073	531	0.1	-0.1	4.66355
13055073	532	0.1	-0.1	-0.400496
13055073	533	0.1	-0.1	-5.30143
13055073	534	0.1	-0.1	2.57896
13055073	535	0.1	-0.1	5.57515
13055073	536	0.1	-0.1	-1.41875
13055073	537	0.1	-0.1	-3.2745
13055073	538	0.1	-0.1	3.64516
13055073	539	0.1	-0.1	-1.67527
13055073	540	0.1	-0.1	-1.88707
13055073	541	0.1	-0.1	-3.07588
13055073	542	0.1	-0.1	3.51862
13055073	543	0.1	-0.1	-3.40984
13055073	544	0.1	-0.1	-5.8311
13055073	545	0.1	-0.1	1.24464
13055073	546	0.1	-0.1	-0.344554
13055073	547	0.1	-0.1	-0.492567
13055073	548	0.1	-0.1	2.89027
13055073	549	0.1	-0.1	5.29786
13055073	550	0.1	-0.1	1.53307
13055073	551	0.1	-0.1	4.11262
13055073	552	0.1	-0.1	3.45369
13055073	553	0.1	-0.1	-0.825913
13055073	554	0.1	-0.1	1.90806
13055073	555	0.1	-0.1	-5.69891
13055073	556	0.1	-0.1	0.538872
13055073	557	0.1	-0.1	-4.94865
13055073	558	0.1	-0.1	-4.04064
13055073	559	0.1	-0.1	0.231232
13055073	560	0.1	-0.1	4.1373
13055073	561	0.1	-0.1	5.53438
13055073	562	0.1	-0.1	2.59699
13055073	563	0.1	-0.1	-0.600821
13055073	564	0.1	-0.1	5.78696
13055073	565	0.1	-0.1	-5.60827
13055073	566	0.1	-0.1	-5.52364
13055073	567	0.1	-0.1	-3.97148
13055073	568	0.1	-0.1	4.06715
13055073	569	0.1	-0.1	-4.8138
13055073	570	0.1	-0.1	-5.31704
13055073	571	0.1	-0.1	-1.47466
13055073	572	0.1	-0.1	2.77851
13055073	573	0.1	-0.1	2.47486
13055073	574	0.1	-0.1	0.502566
13055073	575	0.1	-0.1	2.11517
13055073	576	0.1	-0.1	4.9547
13055073	577	0.1	-0.1	4.44143
13055073	578	0.1	-0.1	3.3066
13055073	579	0.1	-0.1	-2.10174
13055073	580	0.1	-0.1	0.0516333
13055073	581	0.1	-0.1	5.19943
13055073	582	0.1	-0.1	-2.75305
13055073	583	0.1	-0.1	-2.36469
13055073	584	0.1	-0.1	-0.644424
13055073	585	0.1	-0.1	4.99472
13055073	586	0.1	-0.1	-4.78929
13055073	587	0.1	-0.1	5.49726
13055073	588	0.1	-0.1	1.33113
13055073	589	0.1	-0.1	0.11496
13055073	590	0.1	-0.1	-5.94965
13055073	591	0.1	-0.1	4.06594
13055073	592	0.1	-0.1	-1.00809
13055073	593	0.1	-0.1	-5.08182
13055073	594	0.1	-0.1	0.76744
13055073	595	0.1	-0.1	-0.97759
13055073	596	0.1	-0.1	-1.1096
13055073	597	0.1	-0.1	-4.04291
13055073	598	0.1	-0.1	-4.32493
13055073	599	0.1	-0.1	-4.68155
13055073	600	0.1	-0.1	-2.83844
13055073	601	0.1	-0.1	1.65709
13055073	602	0.1	-0.1	2.69233
13055073	603	0.1	-0.1	3.98044
13055073	604	0.1	-0.1	-0.993381
13055073	605	0.1	-0.1	-1.9281
13055073	606	0.1	-0.1	-3.49937
13055073	607	0.1	-0.1	-1.202
13055073	608	0.1	-0.1	-5.0025
13055073	609	0.1	-0.1	3.62522
13055073	610	0.1	-0.1	-2.12201
13055073	611	0.1	-0.1	-1.44678
13055073	612	0.1	-0.1	4.49751
13055073	613	0.1	-0.1	-5.39232
13055073	614	0.1	-0.1	-0.37921
13055073	615	0.1	-0.1	-3.60301
13055073	616	0.1	-0.1	4.40053
13055073	617	0.1	-0.1	-1.80629
13055073	618	0.1	-0.1	-3.99847
13055073	619	0.1	-0.1	-5.88674
13055073	620	0.1	-0.1	-2.72292
13055073	621	0.1	-0.1	-3.02247
13055073	622	0.1	-0.1	-0.84613
13055073	623	0.1	-0.1	5.97879
13055073	624	0.1	-0.1	2.19609
13055073	625	0.1	-0.1	-3.36172
13055073	626	0.1	-0.1	5.33795
13055073	627	0.1	-0.1	0.1881
13055073	628	0.1	-0.1	-5.61259
13055073	629	0.1	-0.1	2.23824
13055073	630	0.1	-0.1	4.8637
13055073	631	0.1	-0.1	3.33754
13055073	632	0.1	-0.1	-1.09164
13055073	633	0.1	-0.1	5.97397
13055073	634	0.1	-0.1	4.58687
13055073	635	0.1	-0.1	-2.22063
13055073	636	0.1	-0.1	-0.653387
13055073	637	0.1	-0.1	-0.568608
13055073	638	0.1	-0.1	3.97445
13055073	639	0.1	-0.1	4.09791
13055073	640	0.1	-0.1	0.303906
13055073	641	0.1	-0.1	0.0955992
13055073	642	0.1	-0.1	4.30815
13055073	643	0.1	-0.1	-5.12315
13055073	644	0.1	-0.1	-4.39209
13055073	645	0.1	-0.1	5.66782
13055073	646	0.1	-0.1	-4.77232
13055073	647	0.1	-0.1	-3.11193
13055073	648	0.1	-0.1	2.55425
13055073	649	0.1	-0.1	-5.48891
13055073	650	0.1	-0.1	1.91319
13055073	651	0.1	-0.1	0.304133
13055073	652	0.1	-0.1	-3.02581
13055073	653	0.1	-0.1	-5.21925
13055073	654	0.1	-0.1	-3.48028
13055073	655	0.1	-0.1	-2.13702
13055073	656	0.1	-0.1	2.84016
13055073	657	0.1	-0.1	-5.95196
13055073	658	0.1	-0.1	3.82915
13055073	659	0.1	-0.1	-2.89468
13055073	660	0.1	-0.1	-4.95859
13055073	661	0.1	-0.1	4.2928
13055073	662	0.1	-0.1	-1.46396
13055073	663	0.1	-0.1	0.447038
13055073	664	0.1	-0.1	-2.16865
13055073	665	0.1	-0.1	5.73505
13055073	666	0.1	-0.1	-0.0729416
13055073	667	0.1	-0.1	-3.09751
13055073	668	0.1	-0.1	2.50296
13055073	669	0.1	-0.1	-1.64081
13055073	670	0.1	-0.1	3.07386
13055073	671	0.1	-0.1	-2.85776
13055073	672	0.1	-0.1	-2.2061
13055073	673	0.1	-0.1	-1.44912
13055073	674	0.1	-0.1	1.3789
13055073	675	0.1	-0.1	2.9425
13055073	676	0.1	-0.1	5.92732
13055073	677	0.1	-0.1	-2.14218
13055073	678	0.1	-0.1	1.61445
13055073	679	0.1	-0.1	-0.227416
13055073	680	0.1	-0.1	-2.82575
13055073	681	0.1	-0.1	-3.6287
13055073	682	0.1	-0.1	-1.84137
13055073	683	0.1	-0.1	0.376701
13055073	684	0.1	-0.1	3.77054
13055073	685	0.1	-0.1	-0.256724
13055073	686	0.1	-0.1	3.61154
13055073	687	0.1	-0.1	0.18377
13055073	688	0.1	-0.1	-2.14036
13055073	689	0.1	-0.1	1.4193
13055073	690	0.1	-0.1	0.964881
13055073	691	0.1	-0.1	-1.92821
13055073	692	0.1	-0.1	-1.03165
13055073	693	0.1	-0.1	-5.95043
13055073	694	0.1	-0.1	2.27115
13055073	695	0.1	-0.1	-5.67234
13055073	696	0.1	-0.1	-5.86107
13055073	697	0.1	-0.1	-0.799753
13055073	698	0.1	-0.1	-5.79686
13055073	699	0.1	-0.1	-4.71947
13055073	700	0.1	-0.1	-1.44801
13055073	701	0.1	-0.1	0.0223431
13055073	702	0.1	-0.1	0.0693085
13055073	703	0.1	-0.1	-3.40321
13055073	704	0.1	-0.1	-2.19263
13055073	705	0.1	-0.1	5.24122
13055073	706	0.1	-0.1	-4.10351
13055073	707	0.1	-0.1	4.56016
13055073	708	0.1	-0.1	-1.18266
13055073	709	0.1	-0.1	-5.64192
13055073	710	0.1	-0.1	-1.42502
13055073	711	0.1	-0.1	-1.72214
13055073	712	0.1	-0.1	-1.79493
13055073	713	0.1	-0.1	4.00337
13055073	714	0.1	-0.1	-2.4308
13055073	715	0.1	-0.1	-3.11564
13055073	716	0.1	-0.1	1.83287
13055073	717	0.1	-0.1	0.633342
13055073	718	0.1	-0.1	-0.335504
13055073	719	0.1	-0.1	-3.177
13055073	720	0.1	-0.1	-2.20951
13055073	721	0.1	-0.1	-2.31731
13055073	722	0.1	-0.1	5.72924
13055073	723	0.1	-0.1	4.76111
13055073	724	0.1	-0.1	-0.732484
13055073	725	0.1	-0.1	0.868691
13055073	726	0.1	-0.1	-3.22184
13055073	727	0.1	-0.1	-0.677399
13055073	728	0.1	-0.1	0.242379
13055073	729	0.1	-0.1	2.8802
13055073	730	0.1	-0.1	0.36867
13055073	731	0.1	-0.1	2.85638
13055073	732	0.1	-0.1	-3.62305
13055073	733	0.1	-0.1	-5.98447
13055073	734	0.1	-0.1	2.58788
13055073	735	0.1	-0.1	1.69707
13055073	736	0.1	-0.1	2.84797
13055073	737	0.1	-0.1	-4.62269
13055073	738	0.1	-0.1	5.28506
13055073	739	0.1	-0.1	3.37542
13055073	740	0.1	-0.1	-5.47843
13055073	741	0.1	-0.1	2.11656
13055073	742	0.1	-0.1	-5.20893
13055073	743	0.1	-0.1	3.43084
13055073	744	0.1	-0.1	5.82652
13055073	745	0.1	-0.1	-2.898
13055073	746	0.1	-0.1	0.0980409
13055073	747	0.1	-0.1	5.48053
13055073	748	0.1	-0.1	1.09076
13055073	749	0.1	-0.1	-0.95747
13055073	750	0.1	-0.1	-1.25976
13055073	751	0.1	-0.1	3.71349
13055073	752	0.1	-0.1	-2.89728
13055073	753	0.1	-0.1	5.21663
13055073	754	0.1	-0.1	2.35847
13055073	755	0.1	-0.1	0.345319
13055073	756	0.1	-0.1	-5.86825
13055073	757	0.1	-0.1	-5.24919
13055073	758	0.1	-0.1	5.11534
13055073	759	0.1	-0.1	3.88573
13055073	760	0.1	-0.1	-0.159645
13055073	761	0.1	-0.1	5.09122
13055073	762	0.1	-0.1	-1.76737
13055073	763	0.1	-0.1	5.88876
13055073	764	0.1	-0.1	2.96199
13055073	765	0.1	-0.1	-4.12386
13055073	766	0.1	-0.1	-1.47833
13055073	767	0.1	-0.1	-2.99561
13055073	768	0.1	-0.1	-4.9304
13055073	769	0.1	-0.1	3.81788
13055073	770	0.1	-0.1	5.63216
13055073	771	0.1	-0.1	-2.43183
13055073	772	0.1	-0.1	3.86341
13055073	773	0.1	-0.1	0.126989
13055073	774	0.1	-0.1	3.94873
13055073	775	0.1	-0.1	2.73772
13055073	776	0.1	-0.1	0.404549
13055073	777	0.1	-0.1	-4.04227
13055073	778	0.1	-0.1	0.981384
13055073	779	0.1	-0.1	-3.88931
13055073	780	0.1	-0.1	1.08423
13055073	781	0.1	-0.1	-0.3595
13055073	782	0.1	-0.1	1.21645
13055073	783	0.1	-0.1	1.85175
13055073	784	0.1	-0.1	-0.850108
13055073	785	0.1	-0.1	1.5043
13055073	786	0.1	-0.1	5.84318
13055073	787	0.1	-0.1	-5.97564
13055073	788	0.1	-0.1	3.34591
13055073	789	0.1	-0.1	1.64537
13055073	790	0.1	-0.1	-5.30608
13055073	791	0.1	-0.1	5.00496
13055073	792	0.1	-0.1	-1.62638
13055073	793	0.1	-0.1	-3.0355
13055073	794	0.1	-0.1	-1.43105
13055073	795	0.1	-0.1	4.43728
13055073	796	0.1	-0.1	-2.18803
13055073	797	0.1	-0.1	2.07167
13055073	798	0.1	-0.1	-4.50962
13055073	799	0.1	-0.1	-2.5461
13055073	800	0.1	-0.1	-2.20103
13055073	801	0.1	-0.1	5.74257
13055073	802	0.1	-0.1	-2.93191
13055073	803	0.1	-0.1	2.49281
13055073	804	0.1	-0.1	-4.78324
13055073	805	0.1	-0.1	0.382096
13055073	806	0.1	-0.1	5.01113
13055073	807	0.1	-0.1	-3.95948
13055073	808	0.1	-0.1	5.58523
13055073	809	0.1	-0.1	2.31506
13055073	810	0.1	-0.1	4.40922
13055073	811	0.1	-0.1	-1.69535
13055073	812	0.1	-0.1	1.41988
13055073	813	0.1	-0.1	2.36332
13055073	814	0.1	-0.1	-2.994
13055073	815	0.1	-0.1	-0.689041
13055073	816	0.1	-0.1	3.60178
13055073	817	0.1	-0.1	-3.28294
13055073	818	0.1	-0.1	-5.04619
13055073	819	0.1	-0.1	-0.896383
13055073	820	0.1	-0.1	-0.595087
13055073	821	0.1	-0.1	2.13664
13055073	822	0.1	-0.1	5.84691
13055073	823	0.1	-0.1	-4.62519
13055073	824	0.1	-0.1	3.15435
13055073	825	0.1	-0.1	-1.93403
13055073	826	0.1	-0.1	3.3797
13055073	827	0.1	-0.1	-0.61283
13055073	828	0.1	-0.1	0.289891
13055073	829	0.1	-0.1	2.02458
13055073	830	0.1	-0.1	-3.95923
13055073	831	0.1	-0.1	0.498218
13055073	832	0.1	-0.1	1.77521
13055073	833	0.1	-0.1	-4.64473
13055073	834	0.1	-0.1	2.2188
13055073	835	0.1	-0.1	3.31092
13055073	836	0.1	-0.1	-5.68129
13055073	837	0.1	-0.1	-3.95143
13055073	838	0.1	-0.1	1.16696
13055073	839	0.1	-0.1	-4.80194
13055073	840	0.1	-0.1	0.631928
13055073	841	0.1	-0.1	-5.43058
13055073	842	0.1	-0.1	4.14089
13055073	843	0.1	-0.1	4.6578
13055073	844	0.1	-0.1	5.50589
13055073	845	0.1	-0.1	3.35494
13055073	846	0.1	-0.1	0.864641
13055073	847	0.1	-0.1	5.96675
13055073	848	0.1	-0.1	3.79862
13055073	849	0.1	-0.1	3.70607
13055073	850	0.1	-0.1	-0.355759
13055073	851	0.1	-0.1	0.727051
13055073	852	0.1	-0.1	0.0447618
13055073	853	0.1	-0.1	-2.69802
13055073	854	0.1	-0.1	-4.48922
13055073	855	0.1	-0.1	-3.51127
13055073	856	0.1	-0.1	-4.22462
13055073	857	0.1	-0.1	2.04918
13055073	858	0.1	-0.1	-5.8397
13055073	859	0.1	-0.1	2.33877
13055073	860	0.1	-0.1	2.46367
13055073	861	0.1	-0.1	-2.29261
13055073	862	0.1	-0.1	0.962453
13055073	863	0.1	-0.1	3.83883
13055073	864	0.1	-0.1	5.76945
13055073	865	0.1	-0.1	4.85283
13055073	866	0.1	-0.1	2.33602
13055073	867	0.1	-0.1	2.57802
13055073	868	0.1	-0.1	-5.021
13055073	869	0.1	-0.1	5.63962
13055073	870	0.1	-0.1	-2.29662
13055073	871	0.1	-0.1	-5.71706
13055073	872	0.1	-0.1	5.82603
13055073	873	0.1	-0.1	-3.89874
13055073	874	0.1	-0.1	-4.87916
13055073	875	0.1	-0.1	5.46332
13055073	876	0.1	-0.1	-4.21406
13055073	877	0.1	-0.1	5.68199
13055073	878	0.1	-0.1	-2.58862
13055073	879	0.1	-0.1	1.51146
13055073	880	0.1	-0.1	-4.35274
13055073	881	0.1	-0.1	1.48908
13055073	882	0.1	-0.1	-1.3899
13055073	883	0.1	-0.1	2.86512
13055073	884	0.1	-0.1	-4.89762
13055073	885	0.1	-0.1	-0.889635
13055073	886	0.1	-0.1	-3.14289
13055073	887	0.1	-0.1	-4.87313
13055073	888	0.1	-0.1	4.48451
13055073	889	0.1	-0.1	0.050067
13055073	890	0.1	-0.1	5.48304
13055073	891	0.1	-0.1	-2.63397
13055073	892	0.1	-0.1	-4.94734
13055073	893	0.1	-0.1	5.508
13055073	894	0.1	-0.1	-4.54293
13055073	895	0.1	-0.1	5.20598
13055073	896	0.1	-0.1	3.41798
13055073	897	0.1	-0.1	3.6183
13055073	898	0.1	-0.1	2.55061
13055073	899	0.1	-0.1	4.44225
13055073	900	0.1	-0.1	-0.0125964
13055073	901	0.1	-0.1	-2.86455
13055073	902	0.1	-0.1	2.62496
13055073	903	0.1	-0.1	-2.20034
13055073	904	0.1	-0.1	2.03851
13055073	905	0.1	-0.1	4.39427
13055073	906	0.1	-0.1	5.55217
13055073	907	0.1	-0.1	0.0666031
13055073	908	0.1	-0.1	-5.03986
13055073	909	0.1	-0.1	5.39113
13055073	910	0.1	-0.1	1.60541
13055073	911	0.1	-0.1	5.90032
13055073	912	0.1	-0.1	-4.18979
13055073	913	0.1	-0.1	5.53058
13055073	914	0.1	-0.1	-2.81573
13055073	915	0.1	-0.1	-2.50511
13055073	916	0.1	-0.1	-3.36792
13055073	917	0.1	-0.1	0.385701
13055073	918	0.1	-0.1	-2.33742
13055073	919	0.1	-0.1	2.7121
13055073	920	0.1	-0.1	4.34813
13055073	921	0.1	-0.1	3.04133
13055073	922	0.1	-0.1	3.07915
13055073	923	0.1	-0.1	-0.243751
13055073	924	0.1	-0.1	-4.7931
13055073	925	0.1	-0.1	2.5981
13055073	926	0.1	-0.1	2.30825
13055073	927	0.1	-0.1	1.36545
13055073	928	0.1	-0.1	-3.78497
13055073	929	0.1	-0.1	-3.52567
13055073	930	0.1	-0.1	4.12475
13055073	931	0.1	-0.1	5.23709
13055073	932	0.1	-0.1	2.57013
13055073	933	0.1	-0.1	-5.95259
13055073	934	0.1	-0.1	3.18663
13055073	935	0.1	-0.1	5.20186
13055073	936	0.1	-0.1	2.36681
13055073	937	0.1	-0.1	3.38447
13055073	938	0.1	-0.1	1.5075
13055073	939	0.1	-0.1	-1.44329
13055073	940	0.1	-0.1	4.04754
13055073	941	0.1	-0.1	-4.54491
13055073	942	0.1	-0.1	-4.74452
13055073	943	0.1	-0.1	4.34676
13055073	944	0.1	-0.1	3.42018
13055073	945	0.1	-0.1	-5.77338
13055073	946	0.1	-0.1	2.20743
13055073	947	0.1	-0.1	-4.78478
13055073	948	0.1	-0.1	-4.94068
13055073	949	0.1	-0.1	-4.74319
13055073	950	0.1	-0.1	0.931086
13055073	951	0.1	-0.1	-0.355367
13055073	952	0.1	-0.1	-2.92885
13055073	953	0.1	-0.1	-4.61126
13055073	954	0.1	-0.1	4.55593
13055073	955	0.1	-0.1	-4.5534
13055073	956	0.1	-0.1	-2.80378
13055073	957	0.1	-0.1	-0.347475
13055073	958	0.1	-0.1	-3.41073
13055073	959	0.1	-0.1	0.442593
13055073	960	0.1	-0.1	-3.39006
13055073	961	0.1	-0.1	5.70237
13055073	962	0.1	-0.1	-3.64827
13055073	963	0.1	-0.1	-3.44431
13055073	964	0.1	-0.1	-4.00928
13055073	965	0.1	-0.1	-1.19776
13055073	966	0.1	-0.1	-3.1044
13055073	967	0.1	-0.1	5.19747
13055073	968	0.1	-0.1	-0.488719
13055073	969	0.1	-0.1	0.367532
13055073	970	0.1	-0.1	-1.09308
13055073	971	0.1	-0.1	0.181097
13055073	972	0.1	-0.1	1.59741
13055073	973	0.1	-0.1	-3.91321
13055073	974	0.1	-0.1	-0.53939
13055073	975	0.1	-0.1	-3.10813
13055073	976	0.1	-0.1	-2.66017
13055073	977	0.1	-0.1	4.62211
13055073	978	0.1	-0.1	-1.53088
13055073	979	0.1	-0.1	-2.40659
13055073	980	0.1	-0.1	-5.19607
13055073	981	0.1	-0.1	-5.78293
13055073	982	0.1	-0.1	2.65189
13055073	983	0.1	-0.1	-3.80022
13055073	984	0.1	-0.1	0.270004
13055073	985	0.1	-0.1	-0.673694
13055073	986	0.1	-0.1	0.721019
13055073	987	0.1	-0.1	4.06821
13055073	988	0.1	-0.1	-0.534683
13055073	989	0.1	-0.1	-3.10081
13055073	990	0.1	-0.1	-1.49034
13055073	991	0.1	-0.1	-1.17106
13055073	992	0.1	-0.1	-2.996
13055073	993	0.1	-0.1	-5.65032
13055073	994	0.1	-0.1	-0.71724
13055073	995	0.1	-0.1	-4.74806
13055073	996	0.1	-0.1	5.24714
13055073	997	0.1	-0.1	3.14616
13055073	998	0.1	-0.1	1.49095
13055073	999	0.1	-0.1	2.8284
13055073	1000	0.1	-0.1	-3.73423
