13055034	1	0.1	-0.1	-1.335
13055034	2	0.1	-0.1	4.85215
13055034	3	0.1	-0.1	-5.49274
13055034	4	0.1	-0.1	-5.30814
13055034	5	0.1	-0.1	-2.54561
13055034	6	0.1	-0.1	5.33848
13055034	7	0.1	-0.1	0.352747
13055034	8	0.1	-0.1	1.70342
13055034	9	0.1	-0.1	4.45084
13055034	10	0.1	-0.1	-0.560165
13055034	11	0.1	-0.1	4.01127
13055034	12	0.1	-0.1	-2.08274
13055034	13	0.1	-0.1	-5.5825
13055034	14	0.1	-0.1	-3.3073
13055034	15	0.1	-0.1	0.0771473
13055034	16	0.1	-0.1	3.22294
13055034	17	0.1	-0.1	-0.696145
13055034	18	0.1	-0.1	-3.79742
13055034	19	0.1	-0.1	3.20623
13055034	20	0.1	-0.1	-5.4349
13055034	21	0.1	-0.1	1.74274
13055034	22	0.1	-0.1	1.72468
13055034	23	0.1	-0.1	2.16001
13055034	24	0.1	-0.1	-1.57169
13055034	25	0.1	-0.1	-4.90124
13055034	26	0.1	-0.1	2.76227
13055034	27	0.1	-0.1	-5.19361
13055034	28	0.1	-0.1	4.88364
13055034	29	0.1	-0.1	3.97366
13055034	30	0.1	-0.1	-0.110414
13055034	31	0.1	-0.1	4.48253
13055034	32	0.1	-0.1	2.21329
13055034	33	0.1	-0.1	-4.27054
13055034	34	0.1	-0.1	1.74746
13055034	35	0.1	-0.1	1.25155
13055034	36	0.1	-0.1	0.882322
13055034	37	0.1	-0.1	-1.16244
13055034	38	0.1	-0.1	1.55446
13055034	39	0.1	-0.1	4.04643
13055034	40	0.1	-0.1	-1.08356
13055034	41	0.1	-0.1	-2.2643
13055034	42	0.1	-0.1	3.86137
13055034	43	0.1	-0.1	-4.41078
13055034	44	0.1	-0.1	-2.32838
13055034	45	0.1	-0.1	-2.71365
13055034	46	0.1	-0.1	4.9708
13055034	47	0.1	-0.1	-4.6148
13055034	48	0.1	-0.1	3.95694
13055034	49	0.1	-0.1	5.45518
13055034	50	0.1	-0.1	3.26558
13055034	51	0.1	-0.1	-5.23133
13055034	52	0.1	-0.1	-2.06869
13055034	53	0.1	-0.1	-1.79046
13055034	54	0.1	-0.1	4.1472
13055034	55	0.1	-0.1	-5.59767
13055034	56	0.1	-0.1	-1.93281
13055034	57	0.1	-0.1	3.11005
13055034	58	0.1	-0.1	-5.88699
13055034	59	0.1	-0.1	-1.10443
13055034	60	0.1	-0.1	0.539395
13055034	61	0.1	-0.1	-3.57991
13055034	62	0.1	-0.1	4.5194
13055034	63	0.1	-0.1	2.38049
13055034	64	0.1	-0.1	4.88332
13055034	65	0.1	-0.1	3.97376
13055034	66	0.1	-0.1	-0.358328
13055034	67	0.1	-0.1	-2.13927
13055034	68	0.1	-0.1	-0.0122921
13055034	69	0.1	-0.1	4.51153
13055034	70	0.1	-0.1	-3.11698
13055034	71	0.1	-0.1	4.07752
13055034	72	0.1	-0.1	-0.498449
13055034	73	0.1	-0.1	-3.06485
13055034	74	0.1	-0.1	0.393451
13055034	75	0.1	-0.1	-5.10141
13055034	76	0.1	-0.1	5.5745
13055034	77	0.1	-0.1	2.50807
13055034	78	0.1	-0.1	-2.96347
13055034	79	0.1	-0.1	5.3211
13055034	80	0.1	-0.1	-1.44468
13055034	81	0.1	-0.1	2.76442
13055034	82	0.1	-0.1	1.55809
13055034	83	0.1	-0.1	-2.05371
13055034	84	0.1	-0.1	-5.44916
13055034	85	0.1	-0.1	2.89026
13055034	86	0.1	-0.1	2.96448
13055034	87	0.1	-0.1	-2.77461
13055034	88	0.1	-0.1	-5.12432
13055034	89	0.1	-0.1	-3.29069
13055034	90	0.1	-0.1	2.10537
13055034	91	0.1	-0.1	1.42105
13055034	92	0.1	-0.1	-0.730179
13055034	93	0.1	-0.1	1.36581
13055034	94	0.1	-0.1	0.553087
13055034	95	0.1	-0.1	2.77192
13055034	96	0.1	-0.1	1.4172
13055034	97	0.1	-0.1	-5.51083
13055034	98	0.1	-0.1	3.13054
13055034	99	0.1	-0.1	5.38192
13055034	100	0.1	-0.1	2.94951
13055034	101	0.1	-0.1	2.68907
13055034	102	0.1	-0.1	1.88912
13055034	103	0.1	-0.1	-2.8416
13055034	104	0.1	-0.1	-3.90739
13055034	105	0.1	-0.1	-0.561816
13055034	106	0.1	-0.1	3.69274
13055034	107	0.1	-0.1	5.88085
13055034	108	0.1	-0.1	-4.31422
13055034	109	0.1	-0.1	5.33326
13055034	110	0.1	-0.1	4.2502
13055034	111	0.1	-0.1	-0.613221
13055034	112	0.1	-0.1	0.290098
13055034	113	0.1	-0.1	1.09031
13055034	114	0.1	-0.1	2.47847
13055034	115	0.1	-0.1	-4.22178
13055034	116	0.1	-0.1	-5.01035
13055034	117	0.1	-0.1	-4.56494
13055034	118	0.1	-0.1	-4.95649
13055034	119	0.1	-0.1	1.22366
13055034	120	0.1	-0.1	-5.65704
13055034	121	0.1	-0.1	-5.1209
13055034	122	0.1	-0.1	4.37175
13055034	123	0.1	-0.1	3.91996
13055034	124	0.1	-0.1	1.13241
13055034	125	0.1	-0.1	-4.60941
13055034	126	0.1	-0.1	4.05046
13055034	127	0.1	-0.1	4.88794
13055034	128	0.1	-0.1	5.38932
13055034	129	0.1	-0.1	5.56752
13055034	130	0.1	-0.1	-2.07582
13055034	131	0.1	-0.1	5.78234
13055034	132	0.1	-0.1	0.775165
13055034	133	0.1	-0.1	5.66255
13055034	134	0.1	-0.1	2.37796
13055034	135	0.1	-0.1	-1.5576
13055034	136	0.1	-0.1	3.34336
13055034	137	0.1	-0.1	-3.28791
13055034	138	0.1	-0.1	2.37337
13055034	139	0.1	-0.1	1.48448
13055034	140	0.1	-0.1	5.10716
13055034	141	0.1	-0.1	-0.761956
13055034	142	0.1	-0.1	-0.835147
13055034	143	0.1	-0.1	0.640053
13055034	144	0.1	-0.1	-4.42197
13055034	145	0.1	-0.1	2.38199
13055034	146	0.1	-0.1	4.81013
13055034	147	0.1	-0.1	-5.98248
13055034	148	0.1	-0.1	-0.0984828
13055034	149	0.1	-0.1	-1.21886
13055034	150	0.1	-0.1	-1.73828
13055034	151	0.1	-0.1	4.44391
13055034	152	0.1	-0.1	1.0203
13055034	153	0.1	-0.1	-5.92346
13055034	154	0.1	-0.1	2.70908
13055034	155	0.1	-0.1	-5.44023
13055034	156	0.1	-0.1	-1.6126
13055034	157	0.1	-0.1	-0.335732
13055034	158	0.1	-0.1	2.01964
13055034	159	0.1	-0.1	-1.65809
13055034	160	0.1	-0.1	5.31289
13055034	161	0.1	-0.1	-3.0611
13055034	162	0.1	-0.1	-1.04671
13055034	163	0.1	-0.1	-1.36021
13055034	164	0.1	-0.1	-0.654323
13055034	165	0.1	-0.1	-1.45128
13055034	166	0.1	-0.1	-2.36262
13055034	167	0.1	-0.1	-4.32581
13055034	168	0.1	-0.1	2.96347
13055034	169	0.1	-0.1	2.61558
13055034	170	0.1	-0.1	-5.58495
13055034	171	0.1	-0.1	-2.74305
13055034	172	0.1	-0.1	-1.66176
13055034	173	0.1	-0.1	1.6684
13055034	174	0.1	-0.1	0.338326
13055034	175	0.1	-0.1	-1.98543
13055034	176	0.1	-0.1	-3.64753
13055034	177	0.1	-0.1	-5.51739
13055034	178	0.1	-0.1	4.38867
13055034	179	0.1	-0.1	3.4682
13055034	180	0.1	-0.1	0.974832
13055034	181	0.1	-0.1	-0.131801
13055034	182	0.1	-0.1	5.80419
13055034	183	0.1	-0.1	3.67229
13055034	184	0.1	-0.1	4.55517
13055034	185	0.1	-0.1	2.33362
13055034	186	0.1	-0.1	-2.5788
13055034	187	0.1	-0.1	2.92363
13055034	188	0.1	-0.1	-4.78305
13055034	189	0.1	-0.1	-4.67344
13055034	190	0.1	-0.1	3.60046
13055034	191	0.1	-0.1	-2.54962
13055034	192	0.1	-0.1	0.262695
13055034	193	0.1	-0.1	2.93866
13055034	194	0.1	-0.1	1.97125
13055034	195	0.1	-0.1	-3.83522
13055034	196	0.1	-0.1	-1.66705
13055034	197	0.1	-0.1	0.133685
13055034	198	0.1	-0.1	0.492987
13055034	199	0.1	-0.1	3.92114
13055034	200	0.1	-0.1	2.1551
13055034	201	0.1	-0.1	5.16495
13055034	202	0.1	-0.1	-0.113838
13055034	203	0.1	-0.1	-4.47473
13055034	204	0.1	-0.1	-4.63676
13055034	205	0.1	-0.1	2.62565
13055034	206	0.1	-0.1	5.07884
13055034	207	0.1	-0.1	1.17145
13055034	208	0.1	-0.1	2.29863
13055034	209	0.1	-0.1	-4.56441
13055034	210	0.1	-0.1	-0.728705
13055034	211	0.1	-0.1	-3.27564
13055034	212	0.1	-0.1	4.10765
13055034	213	0.1	-0.1	1.23008
13055034	214	0.1	-0.1	-0.00699471
13055034	215	0.1	-0.1	-1.12653
13055034	216	0.1	-0.1	0.75691
13055034	217	0.1	-0.1	-1.51525
13055034	218	0.1	-0.1	1.90472
13055034	219	0.1	-0.1	0.589607
13055034	220	0.1	-0.1	-5.62288
13055034	221	0.1	-0.1	3.42442
13055034	222	0.1	-0.1	-0.153226
13055034	223	0.1	-0.1	-2.29694
13055034	224	0.1	-0.1	1.69831
13055034	225	0.1	-0.1	-1.79664
13055034	226	0.1	-0.1	3.29378
13055034	227	0.1	-0.1	-2.3568
13055034	228	0.1	-0.1	-4.94925
13055034	229	0.1	-0.1	-0.699332
13055034	230	0.1	-0.1	-4.62887
13055034	231	0.1	-0.1	3.11279
13055034	232	0.1	-0.1	0.948249
13055034	233	0.1	-0.1	-1.0568
13055034	234	0.1	-0.1	-4.46369
13055034	235	0.1	-0.1	3.59399
13055034	236	0.1	-0.1	-0.578375
13055034	237	0.1	-0.1	3.14073
13055034	238	0.1	-0.1	0.926746
13055034	239	0.1	-0.1	3.85883
13055034	240	0.1	-0.1	-3.52717
13055034	241	0.1	-0.1	-4.71988
13055034	242	0.1	-0.1	3.69783
13055034	243	0.1	-0.1	-4.03291
13055034	244	0.1	-0.1	-3.89499
13055034	245	0.1	-0.1	-1.13026
13055034	246	0.1	-0.1	2.4059
13055034	247	0.1	-0.1	2.65362
13055034	248	0.1	-0.1	4.33752
13055034	249	0.1	-0.1	-4.14489
13055034	250	0.1	-0.1	-5.03499
13055034	251	0.1	-0.1	5.44267
13055034	252	0.1	-0.1	4.38948
13055034	253	0.1	-0.1	-5.75247
13055034	254	0.1	-0.1	-4.06542
13055034	255	0.1	-0.1	0.949755
13055034	256	0.1	-0.1	1.00968
13055034	257	0.1	-0.1	1.2164
13055034	258	0.1	-0.1	3.90978
13055034	259	0.1	-0.1	1.83263
13055034	260	0.1	-0.1	-2.68534
13055034	261	0.1	-0.1	3.43442
13055034	262	0.1	-0.1	3.91358
13055034	263	0.1	-0.1	2.71469
13055034	264	0.1	-0.1	4.06971
13055034	265	0.1	-0.1	4.35702
13055034	266	0.1	-0.1	5.00744
13055034	267	0.1	-0.1	-1.66933
13055034	268	0.1	-0.1	-3.76491
13055034	269	0.1	-0.1	-4.39625
13055034	270	0.1	-0.1	-3.26565
13055034	271	0.1	-0.1	2.32002
13055034	272	0.1	-0.1	3.76605
13055034	273	0.1	-0.1	-3.25594
13055034	274	0.1	-0.1	-4.95506
13055034	275	0.1	-0.1	-5.28472
13055034	276	0.1	-0.1	1.42669
13055034	277	0.1	-0.1	1.26107
13055034	278	0.1	-0.1	-1.86216
13055034	279	0.1	-0.1	1.88183
13055034	280	0.1	-0.1	-1.44207
13055034	281	0.1	-0.1	-2.73089
13055034	282	0.1	-0.1	1.29547
13055034	283	0.1	-0.1	0.263313
13055034	284	0.1	-0.1	-2.25464
13055034	285	0.1	-0.1	-1.54517
13055034	286	0.1	-0.1	-4.76011
13055034	287	0.1	-0.1	2.71612
13055034	288	0.1	-0.1	-0.633457
13055034	289	0.1	-0.1	3.98344
13055034	290	0.1	-0.1	5.33279
13055034	291	0.1	-0.1	3.85552
13055034	292	0.1	-0.1	1.29584
13055034	293	0.1	-0.1	4.83485
13055034	294	0.1	-0.1	2.85601
13055034	295	0.1	-0.1	-5.46579
13055034	296	0.1	-0.1	-1.83514
13055034	297	0.1	-0.1	-2.21197
13055034	298	0.1	-0.1	-2.46706
13055034	299	0.1	-0.1	1.74034
13055034	300	0.1	-0.1	-1.15106
13055034	301	0.1	-0.1	-5.86014
13055034	302	0.1	-0.1	-2.08945
13055034	303	0.1	-0.1	-3.41886
13055034	304	0.1	-0.1	-1.23875
13055034	305	0.1	-0.1	1.31385
13055034	306	0.1	-0.1	4.8023
13055034	307	0.1	-0.1	-0.536871
13055034	308	0.1	-0.1	2.07385
13055034	309	0.1	-0.1	-5.88221
13055034	310	0.1	-0.1	3.47675
13055034	311	0.1	-0.1	-4.29773
13055034	312	0.1	-0.1	0.569181
13055034	313	0.1	-0.1	-0.530831
13055034	314	0.1	-0.1	3.34528
13055034	315	0.1	-0.1	2.24053
13055034	316	0.1	-0.1	-5.43286
13055034	317	0.1	-0.1	-5.44669
13055034	318	0.1	-0.1	3.76545
13055034	319	0.1	-0.1	1.03881
13055034	320	0.1	-0.1	5.50723
13055034	321	0.1	-0.1	1.86036
13055034	322	0.1	-0.1	2.84421
13055034	323	0.1	-0.1	-3.5102
13055034	324	0.1	-0.1	2.42382
13055034	325	0.1	-0.1	-0.912832
13055034	326	0.1	-0.1	4.32932
13055034	327	0.1	-0.1	3.46521
13055034	328	0.1	-0.1	2.51859
13055034	329	0.1	-0.1	5.64504
13055034	330	0.1	-0.1	3.25884
13055034	331	0.1	-0.1	1.86634
13055034	332	0.1	-0.1	1.15732
13055034	333	0.1	-0.1	3.42395
13055034	334	0.1	-0.1	-2.39988
13055034	335	0.1	-0.1	-5.90221
13055034	336	0.1	-0.1	1.75154
13055034	337	0.1	-0.1	3.07014
13055034	338	0.1	-0.1	-4.46822
13055034	339	0.1	-0.1	-4.76271
13055034	340	0.1	-0.1	-2.88589
13055034	341	0.1	-0.1	-0.105377
13055034	342	0.1	-0.1	-4.93243
13055034	343	0.1	-0.1	-0.130563
13055034	344	0.1	-0.1	3.5052
13055034	345	0.1	-0.1	-3.07362
13055034	346	0.1	-0.1	-4.25239
13055034	347	0.1	-0.1	3.94757
13055034	348	0.1	-0.1	5.72725
13055034	349	0.1	-0.1	0.59937
13055034	350	0.1	-0.1	-0.0128325
13055034	351	0.1	-0.1	1.79026
13055034	352	0.1	-0.1	0.034026
13055034	353	0.1	-0.1	1.86078
13055034	354	0.1	-0.1	-2.04167
13055034	355	0.1	-0.1	-4.70587
13055034	356	0.1	-0.1	-5.93968
13055034	357	0.1	-0.1	-2.77526
13055034	358	0.1	-0.1	2.66006
13055034	359	0.1	-0.1	5.254
13055034	360	0.1	-0.1	-5.63318
13055034	361	0.1	-0.1	3.4751
13055034	362	0.1	-0.1	-1.1899
13055034	363	0.1	-0.1	-5.48384
13055034	364	0.1	-0.1	2.98211
13055034	365	0.1	-0.1	-4.1762
13055034	366	0.1	-0.1	-0.413619
13055034	367	0.1	-0.1	1.31011
13055034	368	0.1	-0.1	-2.49832
13055034	369	0.1	-0.1	2.99246
13055034	370	0.1	-0.1	-5.1201
13055034	371	0.1	-0.1	-3.22298
13055034	372	0.1	-0.1	1.24417
13055034	373	0.1	-0.1	0.702487
13055034	374	0.1	-0.1	-3.87882
13055034	375	0.1	-0.1	-0.752564
13055034	376	0.1	-0.1	1.97919
13055034	377	0.1	-0.1	-4.71303
13055034	378	0.1	-0.1	-4.94038
13055034	379	0.1	-0.1	5.35063
13055034	380	0.1	-0.1	-3.4609
13055034	381	0.1	-0.1	2.28298
13055034	382	0.1	-0.1	-1.95394
13055034	383	0.1	-0.1	-3.85542
13055034	384	0.1	-0.1	-2.69891
13055034	385	0.1	-0.1	1.76191
13055034	386	0.1	-0.1	2.4417
13055034	387	0.1	-0.1	-1.39619
13055034	388	0.1	-0.1	2.20171
13055034	389	0.1	-0.1	3.8468
13055034	390	0.1	-0.1	3.12295
13055034	391	0.1	-0.1	3.17046
13055034	392	0.1	-0.1	2.04947
13055034	393	0.1	-0.1	3.99433
13055034	394	0.1	-0.1	-4.32785
13055034	395	0.1	-0.1	-0.24999
13055034	396	0.1	-0.1	-0.47831
13055034	397	0.1	-0.1	1.30251
13055034	398	0.1	-0.1	0.442987
13055034	399	0.1	-0.1	-4.6283
13055034	400	0.1	-0.1	5.14832
13055034	401	0.1	-0.1	-0.932815
13055034	402	0.1	-0.1	0.231456
13055034	403	0.1	-0.1	-3.14434
13055034	404	0.1	-0.1	1.62725
13055034	405	0.1	-0.1	2.97705
13055034	406	0.1	-0.1	-4.53201
13055034	407	0.1	-0.1	-0.00543811
13055034	408	0.1	-0.1	-2.50896
13055034	409	0.1	-0.1	4.76236
13055034	410	0.1	-0.1	0.184081
13055034	411	0.1	-0.1	1.64987
13055034	412	0.1	-0.1	-4.42668
13055034	413	0.1	-0.1	2.43126
13055034	414	0.1	-0.1	4.51732
13055034	415	0.1	-0.1	3.75316
13055034	416	0.1	-0.1	0.801329
13055034	417	0.1	-0.1	-5.49965
13055034	418	0.1	-0.1	-1.94947
13055034	419	0.1	-0.1	0.904964
13055034	420	0.1	-0.1	-4.11903
13055034	421	0.1	-0.1	4.19984
13055034	422	0.1	-0.1	-3.60617
13055034	423	0.1	-0.1	2.8556
13055034	424	0.1	-0.1	4.17454
13055034	425	0.1	-0.1	2.54615
13055034	426	0.1	-0.1	5.13386
13055034	427	0.1	-0.1	-4.87612
13055034	428	0.1	-0.1	-1.88286
13055034	429	0.1	-0.1	4.01417
13055034	430	0.1	-0.1	3.53103
13055034	431	0.1	-0.1	4.03888
13055034	432	0.1	-0.1	-3.54354
13055034	433	0.1	-0.1	2.56143
13055034	434	0.1	-0.1	-3.01401
13055034	435	0.1	-0.1	4.43251
13055034	436	0.1	-0.1	-4.77777
13055034	437	0.1	-0.1	-0.63028
13055034	438	0.1	-0.1	-1.58722
13055034	439	0.1	-0.1	2.09973
13055034	440	0.1	-0.1	2.2418
13055034	441	0.1	-0.1	-1.78447
13055034	442	0.1	-0.1	1.82447
13055034	443	0.1	-0.1	-1.4994
13055034	444	0.1	-0.1	-2.55139
13055034	445	0.1	-0.1	-4.75573
13055034	446	0.1	-0.1	-1.07186
13055034	447	0.1	-0.1	-4.16046
13055034	448	0.1	-0.1	-0.922124
13055034	449	0.1	-0.1	5.33402
13055034	450	0.1	-0.1	-2.05243
13055034	451	0.1	-0.1	-0.00283247
13055034	452	0.1	-0.1	-0.440011
13055034	453	0.1	-0.1	1.94948
13055034	454	0.1	-0.1	3.34019
13055034	455	0.1	-0.1	-0.165933
13055034	456	0.1	-0.1	0.324855
13055034	457	0.1	-0.1	3.35279
13055034	458	0.1	-0.1	-2.39222
13055034	459	0.1	-0.1	2.08187
13055034	460	0.1	-0.1	-1.27096
13055034	461	0.1	-0.1	-0.53203
13055034	462	0.1	-0.1	5.77054
13055034	463	0.1	-0.1	-4.19704
13055034	464	0.1	-0.1	-5.66029
13055034	465	0.1	-0.1	-2.25843
13055034	466	0.1	-0.1	1.33727
13055034	467	0.1	-0.1	-5.25399
13055034	468	0.1	-0.1	0.401853
13055034	469	0.1	-0.1	-4.86157
13055034	470	0.1	-0.1	2.78076
13055034	471	0.1	-0.1	-1.26532
13055034	472	0.1	-0.1	5.4985
13055034	473	0.1	-0.1	1.50974
13055034	474	0.1	-0.1	-2.40466
13055034	475	0.1	-0.1	3.06854
13055034	476	0.1	-0.1	-3.30302
13055034	477	0.1	-0.1	2.47603
13055034	478	0.1	-0.1	1.74427
13055034	479	0.1	-0.1	4.2368
13055034	480	0.1	-0.1	-0.225413
13055034	481	0.1	-0.1	-5.60637
13055034	482	0.1	-0.1	-1.14986
13055034	483	0.1	-0.1	-3.771
13055034	484	0.1	-0.1	3.91949
13055034	485	0.1	-0.1	2.67713
13055034	486	0.1	-0.1	0.469568
13055034	487	0.1	-0.1	4.95342
13055034	488	0.1	-0.1	3.90705
13055034	489	0.1	-0.1	-5.95928
13055034	490	0.1	-0.1	1.17057
13055034	491	0.1	-0.1	0.257796
13055034	492	0.1	-0.1	4.29889
13055034	493	0.1	-0.1	-5.32401
13055034	494	0.1	-0.1	3.69368
13055034	495	0.1	-0.1	-4.65907
13055034	496	0.1	-0.1	1.90481
13055034	497	0.1	-0.1	3.02682
13055034	498	0.1	-0.1	-1.42572
13055034	499	0.1	-0.1	5.73837
13055034	500	0.1	-0.1	2.44199
13055034	501	0.1	-0.1	-2.57115
13055034	502	0.1	-0.1	2.9458
13055034	503	0.1	-0.1	-4.53546
13055034	504	0.1	-0.1	-3.32012
13055034	505	0.1	-0.1	3.58843
13055034	506	0.1	-0.1	-5.54501
13055034	507	0.1	-0.1	-3.18581
13055034	508	0.1	-0.1	-1.75067
13055034	509	0.1	-0.1	3.25493
13055034	510	0.1	-0.1	0.203397
13055034	511	0.1	-0.1	-2.53779
13055034	512	0.1	-0.1	-5.63026
13055034	513	0.1	-0.1	1.04009
13055034	514	0.1	-0.1	-0.836938
13055034	515	0.1	-0.1	-3.1849
13055034	516	0.1	-0.1	2.35268
13055034	517	0.1	-0.1	-3.24395
13055034	518	0.1	-0.1	4.23541
13055034	519	0.1	-0.1	-1.20571
13055034	520	0.1	-0.1	4.66779
13055034	521	0.1	-0.1	2.29563
13055034	522	0.1	-0.1	0.744983
13055034	523	0.1	-0.1	5.41745
13055034	524	0.1	-0.1	2.69907
13055034	525	0.1	-0.1	3.27822
13055034	526	0.1	-0.1	1.18646
13055034	527	0.1	-0.1	0.126427
13055034	528	0.1	-0.1	-2.08973
13055034	529	0.1	-0.1	4.37725
13055034	530	0.1	-0.1	-5.43264
13055034	531	0.1	-0.1	0.798848
13055034	532	0.1	-0.1	0.87908
13055034	533	0.1	-0.1	5.18636
13055034	534	0.1	-0.1	2.48216
13055034	535	0.1	-0.1	-2.23036
13055034	536	0.1	-0.1	-4.11752
13055034	537	0.1	-0.1	-2.64506
13055034	538	0.1	-0.1	0.173951
13055034	539	0.1	-0.1	-1.29967
13055034	540	0.1	-0.1	1.62248
13055034	541	0.1	-0.1	4.29931
13055034	542	0.1	-0.1	-4.68856
13055034	543	0.1	-0.1	3.43881
13055034	544	0.1	-0.1	3.15704
13055034	545	0.1	-0.1	3.08783
13055034	546	0.1	-0.1	-2.99961
13055034	547	0.1	-0.1	-3.63009
13055034	548	0.1	-0.1	-0.253495
13055034	549	0.1	-0.1	1.06946
13055034	550	0.1	-0.1	3.63763
13055034	551	0.1	-0.1	3.62049
13055034	552	0.1	-0.1	-1.88532
13055034	553	0.1	-0.1	-5.43887
13055034	554	0.1	-0.1	-3.47355
13055034	555	0.1	-0.1	1.25651
13055034	556	0.1	-0.1	-3.21847
13055034	557	0.1	-0.1	-1.34087
13055034	558	0.1	-0.1	-2.85953
13055034	559	0.1	-0.1	-2.12705
13055034	560	0.1	-0.1	-5.04556
13055034	561	0.1	-0.1	0.582959
13055034	562	0.1	-0.1	-0.945145
13055034	563	0.1	-0.1	3.01357
13055034	564	0.1	-0.1	-3.88249
13055034	565	0.1	-0.1	-2.24558
13055034	566	0.1	-0.1	5.98257
13055034	567	0.1	-0.1	1.13518
13055034	568	0.1	-0.1	-4.72494
13055034	569	0.1	-0.1	1.4872
13055034	570	0.1	-0.1	3.33192
13055034	571	0.1	-0.1	-4.52954
13055034	572	0.1	-0.1	-1.03349
13055034	573	0.1	-0.1	-4.03059
13055034	574	0.1	-0.1	-3.76868
13055034	575	0.1	-0.1	-5.20931
13055034	576	0.1	-0.1	1.97048
13055034	577	0.1	-0.1	-5.80697
13055034	578	0.1	-0.1	1.29014
13055034	579	0.1	-0.1	1.21928
13055034	580	0.1	-0.1	-2.1723
13055034	581	0.1	-0.1	4.34069
13055034	582	0.1	-0.1	-1.52077
13055034	583	0.1	-0.1	0.084134
13055034	584	0.1	-0.1	3.71045
13055034	585	0.1	-0.1	-3.13291
13055034	586	0.1	-0.1	0.414572
13055034	587	0.1	-0.1	-1.47126
13055034	588	0.1	-0.1	0.806593
13055034	589	0.1	-0.1	3.31929
13055034	590	0.1	-0.1	-2.26413
13055034	591	0.1	-0.1	-1.73666
13055034	592	0.1	-0.1	-1.47274
13055034	593	0.1	-0.1	-5.11873
13055034	594	0.1	-0.1	2.54187
13055034	595	0.1	-0.1	-4.99619
13055034	596	0.1	-0.1	-0.840661
13055034	597	0.1	-0.1	-3.3676
13055034	598	0.1	-0.1	-0.544469
13055034	599	0.1	-0.1	5.06132
13055034	600	0.1	-0.1	3.2427
13055034	601	0.1	-0.1	2.3944
13055034	602	0.1	-0.1	3.28785
13055034	603	0.1	-0.1	-5.23358
13055034	604	0.1	-0.1	-1.83305
13055034	605	0.1	-0.1	2.59711
13055034	606	0.1	-0.1	-3.25401
13055034	607	0.1	-0.1	-0.970746
13055034	608	0.1	-0.1	-2.84206
13055034	609	0.1	-0.1	-2.45875
13055034	610	0.1	-0.1	1.48147
13055034	611	0.1	-0.1	-5.18506
13055034	612	0.1	-0.1	-5.28683
13055034	613	0.1	-0.1	2.47334
13055034	614	0.1	-0.1	3.78872
13055034	615	0.1	-0.1	-1.09783
13055034	616	0.1	-0.1	-4.24438
13055034	617	0.1	-0.1	2.90142
13055034	618	0.1	-0.1	-0.618098
13055034	619	0.1	-0.1	0.584014
13055034	620	0.1	-0.1	-5.50349
13055034	621	0.1	-0.1	-4.51872
13055034	622	0.1	-0.1	0.0379943
13055034	623	0.1	-0.1	-1.38063
13055034	624	0.1	-0.1	1.33832
13055034	625	0.1	-0.1	5.40855
13055034	626	0.1	-0.1	-4.75062
13055034	627	0.1	-0.1	4.43655
13055034	628	0.1	-0.1	-5.62841
13055034	629	0.1	-0.1	-3.39117
13055034	630	0.1	-0.1	-3.98436
13055034	631	0.1	-0.1	-3.17877
13055034	632	0.1	-0.1	0.229413
13055034	633	0.1	-0.1	-5.79636
13055034	634	0.1	-0.1	0.0242109
13055034	635	0.1	-0.1	5.2407
13055034	636	0.1	-0.1	5.21325
13055034	637	0.1	-0.1	5.54461
13055034	638	0.1	-0.1	3.12241
13055034	639	0.1	-0.1	1.33396
13055034	640	0.1	-0.1	1.08057
13055034	641	0.1	-0.1	4.78914
13055034	642	0.1	-0.1	-0.948582
13055034	643	0.1	-0.1	-4.15712
13055034	644	0.1	-0.1	-3.46326
13055034	645	0.1	-0.1	-5.65681
13055034	646	0.1	-0.1	-5.88088
13055034	647	0.1	-0.1	5.69256
13055034	648	0.1	-0.1	1.45952
13055034	649	0.1	-0.1	-5.03187
13055034	650	0.1	-0.1	3.82817
13055034	651	0.1	-0.1	-4.6109
13055034	652	0.1	-0.1	4.16296
13055034	653	0.1	-0.1	4.55413
13055034	654	0.1	-0.1	-1.25818
13055034	655	0.1	-0.1	3.94838
13055034	656	0.1	-0.1	-1.17674
13055034	657	0.1	-0.1	1.51424
13055034	658	0.1	-0.1	2.45011
13055034	659	0.1	-0.1	-5.40479
13055034	660	0.1	-0.1	-1.76721
13055034	661	0.1	-0.1	2.92749
13055034	662	0.1	-0.1	5.2417
13055034	663	0.1	-0.1	-0.393284
13055034	664	0.1	-0.1	-5.01414
13055034	665	0.1	-0.1	-2.43625
13055034	666	0.1	-0.1	-0.659205
13055034	667	0.1	-0.1	-4.3634
13055034	668	0.1	-0.1	-2.62483
13055034	669	0.1	-0.1	5.14238
13055034	670	0.1	-0.1	5.67561
13055034	671	0.1	-0.1	-2.0088
13055034	672	0.1	-0.1	3.238
13055034	673	0.1	-0.1	1.71915
13055034	674	0.1	-0.1	0.662471
13055034	675	0.1	-0.1	5.28904
13055034	676	0.1	-0.1	-4.45537
13055034	677	0.1	-0.1	2.00081
13055034	678	0.1	-0.1	4.00916
13055034	679	0.1	-0.1	3.13326
13055034	680	0.1	-0.1	4.74383
13055034	681	0.1	-0.1	2.46471
13055034	682	0.1	-0.1	5.36638
13055034	683	0.1	-0.1	4.56951
13055034	684	0.1	-0.1	-1.6089
13055034	685	0.1	-0.1	-1.78587
13055034	686	0.1	-0.1	-2.61623
13055034	687	0.1	-0.1	0.956531
13055034	688	0.1	-0.1	-4.80844
13055034	689	0.1	-0.1	2.26182
13055034	690	0.1	-0.1	-1.15837
13055034	691	0.1	-0.1	-1.38382
13055034	692	0.1	-0.1	-0.768087
13055034	693	0.1	-0.1	5.10828
13055034	694	0.1	-0.1	-0.424187
13055034	695	0.1	-0.1	-5.18756
13055034	696	0.1	-0.1	-4.27802
13055034	697	0.1	-0.1	-5.25912
13055034	698	0.1	-0.1	-2.75418
13055034	699	0.1	-0.1	-5.88995
13055034	700	0.1	-0.1	5.21689
13055034	701	0.1	-0.1	-4.71571
13055034	702	0.1	-0.1	-4.30942
13055034	703	0.1	-0.1	3.60317
13055034	704	0.1	-0.1	-1.71275
13055034	705	0.1	-0.1	3.69998
13055034	706	0.1	-0.1	0.00582965
13055034	707	0.1	-0.1	2.04766
13055034	708	0.1	-0.1	2.66306
13055034	709	0.1	-0.1	-5.76025
13055034	710	0.1	-0.1	-5.68605
13055034	711	0.1	-0.1	5.55604
13055034	712	0.1	-0.1	-3.29192
13055034	713	0.1	-0.1	5.63281
13055034	714	0.1	-0.1	-1.74601
13055034	715	0.1	-0.1	-5.05098
13055034	716	0.1	-0.1	1.88581
13055034	717	0.1	-0.1	-1.81337
13055034	718	0.1	-0.1	-4.14729
13055034	719	0.1	-0.1	-5.61286
13055034	720	0.1	-0.1	-0.14495
13055034	721	0.1	-0.1	-5.88414
13055034	722	0.1	-0.1	4.05171
13055034	723	0.1	-0.1	1.31379
13055034	724	0.1	-0.1	-2.09298
13055034	725	0.1	-0.1	-5.71456
13055034	726	0.1	-0.1	5.95394
13055034	727	0.1	-0.1	-5.3067
13055034	728	0.1	-0.1	-0.508211
13055034	729	0.1	-0.1	-5.4064
13055034	730	0.1	-0.1	-5.43051
13055034	731	0.1	-0.1	4.60892
13055034	732	0.1	-0.1	4.88604
13055034	733	0.1	-0.1	-1.1326
13055034	734	0.1	-0.1	5.87543
13055034	735	0.1	-0.1	-5.0917
13055034	736	0.1	-0.1	2.38107
13055034	737	0.1	-0.1	-1.70507
13055034	738	0.1	-0.1	-0.389726
13055034	739	0.1	-0.1	-2.63113
13055034	740	0.1	-0.1	-2.36848
13055034	741	0.1	-0.1	0.152835
13055034	742	0.1	-0.1	-1.03685
13055034	743	0.1	-0.1	5.84205
13055034	744	0.1	-0.1	-1.34701
13055034	745	0.1	-0.1	5.33216
13055034	746	0.1	-0.1	0.442684
13055034	747	0.1	-0.1	3.91608
13055034	748	0.1	-0.1	3.32689
13055034	749	0.1	-0.1	-3.95199
13055034	750	0.1	-0.1	0.274194
13055034	751	0.1	-0.1	-1.78202
13055034	752	0.1	-0.1	-1.45644
13055034	753	0.1	-0.1	0.225016
13055034	754	0.1	-0.1	3.96674
13055034	755	0.1	-0.1	-0.419391
13055034	756	0.1	-0.1	-2.93476
13055034	757	0.1	-0.1	5.12294
13055034	758	0.1	-0.1	-5.92244
13055034	759	0.1	-0.1	4.58081
13055034	760	0.1	-0.1	-3.19783
13055034	761	0.1	-0.1	-1.28228
13055034	762	0.1	-0.1	-2.5179
13055034	763	0.1	-0.1	4.8012
13055034	764	0.1	-0.1	2.17779
13055034	765	0.1	-0.1	-3.7807
13055034	766	0.1	-0.1	4.20139
13055034	767	0.1	-0.1	4.30163
13055034	768	0.1	-0.1	3.01231
13055034	769	0.1	-0.1	-0.219128
13055034	770	0.1	-0.1	-1.61269
13055034	771	0.1	-0.1	-2.03278
13055034	772	0.1	-0.1	4.25232
13055034	773	0.1	-0.1	-4.53522
13055034	774	0.1	-0.1	0.904819
13055034	775	0.1	-0.1	-4.00743
13055034	776	0.1	-0.1	-5.21125
13055034	777	0.1	-0.1	-4.61649
13055034	778	0.1	-0.1	4.48887
13055034	779	0.1	-0.1	1.15447
13055034	780	0.1	-0.1	2.57987
13055034	781	0.1	-0.1	4.46711
13055034	782	0.1	-0.1	-1.29277
13055034	783	0.1	-0.1	1.06418
13055034	784	0.1	-0.1	4.97088
13055034	785	0.1	-0.1	0.0947085
13055034	786	0.1	-0.1	-0.380062
13055034	787	0.1	-0.1	5.61599
13055034	788	0.1	-0.1	-5.58226
13055034	789	0.1	-0.1	-5.28456
13055034	790	0.1	-0.1	-0.368818
13055034	791	0.1	-0.1	-2.54676
13055034	792	0.1	-0.1	-5.02693
13055034	793	0.1	-0.1	5.90062
13055034	794	0.1	-0.1	-3.1245
13055034	795	0.1	-0.1	-2.60455
13055034	796	0.1	-0.1	5.75272
13055034	797	0.1	-0.1	-0.0441187
13055034	798	0.1	-0.1	-4.75887
13055034	799	0.1	-0.1	-5.09189
13055034	800	0.1	-0.1	0.00377668
13055034	801	0.1	-0.1	1.57676
13055034	802	0.1	-0.1	-3.10604
13055034	803	0.1	-0.1	-3.45425
13055034	804	0.1	-0.1	-5.87379
13055034	805	0.1	-0.1	2.39741
13055034	806	0.1	-0.1	2.11628
13055034	807	0.1	-0.1	1.84181
13055034	808	0.1	-0.1	-1.32161
13055034	809	0.1	-0.1	-5.44868
13055034	810	0.1	-0.1	1.72317
13055034	811	0.1	-0.1	5.57486
13055034	812	0.1	-0.1	-3.35734
13055034	813	0.1	-0.1	5.37602
13055034	814	0.1	-0.1	-1.08119
13055034	815	0.1	-0.1	0.398758
13055034	816	0.1	-0.1	0.0315654
13055034	817	0.1	-0.1	3.75925
13055034	818	0.1	-0.1	5.9177
13055034	819	0.1	-0.1	3.47681
13055034	820	0.1	-0.1	-2.61842
13055034	821	0.1	-0.1	-5.47348
13055034	822	0.1	-0.1	2.56641
13055034	823	0.1	-0.1	-4.16169
13055034	824	0.1	-0.1	-0.379251
13055034	825	0.1	-0.1	-4.61952
13055034	826	0.1	-0.1	-0.877703
13055034	827	0.1	-0.1	5.70844
13055034	828	0.1	-0.1	-3.90446
13055034	829	0.1	-0.1	0.47018
13055034	830	0.1	-0.1	-4.35915
13055034	831	0.1	-0.1	-4.78998
13055034	832	0.1	-0.1	1.18576
13055034	833	0.1	-0.1	4.59078
13055034	834	0.1	-0.1	-1.78
13055034	835	0.1	-0.1	3.30377
13055034	836	0.1	-0.1	3.52196
13055034	837	0.1	-0.1	-2.28033
13055034	838	0.1	-0.1	-3.93598
13055034	839	0.1	-0.1	-4.85191
13055034	840	0.1	-0.1	-4.45026
13055034	841	0.1	-0.1	1.90111
13055034	842	0.1	-0.1	-4.11863
13055034	843	0.1	-0.1	1.94427
13055034	844	0.1	-0.1	-2.16413
13055034	845	0.1	-0.1	1.10291
13055034	846	0.1	-0.1	3.75262
13055034	847	0.1	-0.1	1.29594
13055034	848	0.1	-0.1	-3.9359
13055034	849	0.1	-0.1	-2.53544
13055034	850	0.1	-0.1	0.610594
13055034	851	0.1	-0.1	3.20054
13055034	852	0.1	-0.1	-4.74889
13055034	853	0.1	-0.1	-3.67682
13055034	854	0.1	-0.1	-4.2343
13055034	855	0.1	-0.1	4.7219
13055034	856	0.1	-0.1	4.09857
13055034	857	0.1	-0.1	4.50615
13055034	858	0.1	-0.1	5.19273
13055034	859	0.1	-0.1	-0.0170566
13055034	860	0.1	-0.1	-0.763843
13055034	861	0.1	-0.1	0.0651201
13055034	862	0.1	-0.1	0.600706
13055034	863	0.1	-0.1	1.75087
13055034	864	0.1	-0.1	-5.74077
13055034	865	0.1	-0.1	1.8156
13055034	866	0.1	-0.1	-0.204026
13055034	867	0.1	-0.1	-0.430908
13055034	868	0.1	-0.1	-3.62505
13055034	869	0.1	-0.1	4.43821
13055034	870	0.1	-0.1	-2.22861
13055034	871	0.1	-0.1	-2.80677
13055034	872	0.1	-0.1	2.69139
13055034	873	0.1	-0.1	-3.58057
13055034	874	0.1	-0.1	-2.62674
13055034	875	0.1	-0.1	-1.03275
13055034	876	0.1	-0.1	5.77996
13055034	877	0.1	-0.1	2.55306
13055034	878	0.1	-0.1	-5.13424
13055034	879	0.1	-0.1	3.23473
13055034	880	0.1	-0.1	1.50718
13055034	881	0.1	-0.1	2.61173
13055034	882	0.1	-0.1	-0.0305821
13055034	883	0.1	-0.1	0.188859
13055034	884	0.1	-0.1	3.96624
13055034	885	0.1	-0.1	-3.81463
13055034	886	0.1	-0.1	-5.46875
13055034	887	0.1	-0.1	2.86873
13055034	888	0.1	-0.1	5.9199
13055034	889	0.1	-0.1	4.03876
13055034	890	0.1	-0.1	1.75466
13055034	891	0.1	-0.1	-2.55498
13055034	892	0.1	-0.1	0.0405957
13055034	893	0.1	-0.1	-4.0745
13055034	894	0.1	-0.1	-0.791246
13055034	895	0.1	-0.1	-3.73103
13055034	896	0.1	-0.1	-0.728689
13055034	897	0.1	-0.1	-0.31261
13055034	898	0.1	-0.1	-2.70787
13055034	899	0.1	-0.1	3.31425
13055034	900	0.1	-0.1	-2.78565
13055034	901	0.1	-0.1	3.12864
13055034	902	0.1	-0.1	0.943957
13055034	903	0.1	-0.1	4.07453
13055034	904	0.1	-0.1	2.30395
13055034	905	0.1	-0.1	5.24679
13055034	906	0.1	-0.1	-3.20242
13055034	907	0.1	-0.1	-3.33654
13055034	908	0.1	-0.1	-4.68089
13055034	909	0.1	-0.1	-4.94956
13055034	910	0.1	-0.1	1.19214
13055034	911	0.1	-0.1	0.525245
13055034	912	0.1	-0.1	-5.05499
13055034	913	0.1	-0.1	1.69818
13055034	914	0.1	-0.1	3.06766
13055034	915	0.1	-0.1	-5.70954
13055034	916	0.1	-0.1	-1.34306
13055034	917	0.1	-0.1	4.74654
13055034	918	0.1	-0.1	-0.329917
13055034	919	0.1	-0.1	2.73817
13055034	920	0.1	-0.1	-5.13144
13055034	921	0.1	-0.1	-1.07267
13055034	922	0.1	-0.1	-0.194973
13055034	923	0.1	-0.1	-4.22546
13055034	924	0.1	-0.1	4.70172
13055034	925	0.1	-0.1	-4.51073
13055034	926	0.1	-0.1	2.51852
13055034	927	0.1	-0.1	-3.46937
13055034	928	0.1	-0.1	1.34024
13055034	929	0.1	-0.1	-3.0827
13055034	930	0.1	-0.1	3.47746
13055034	931	0.1	-0.1	3.26119
13055034	932	0.1	-0.1	-1.31172
13055034	933	0.1	-0.1	-5.8583
13055034	934	0.1	-0.1	-5.09135
13055034	935	0.1	-0.1	4.97908
13055034	936	0.1	-0.1	-0.156074
13055034	937	0.1	-0.1	-4.15769
13055034	938	0.1	-0.1	-5.71066
13055034	939	0.1	-0.1	4.74184
13055034	940	0.1	-0.1	4.99464
13055034	941	0.1	-0.1	4.88341
13055034	942	0.1	-0.1	1.84922
13055034	943	0.1	-0.1	5.18539
13055034	944	0.1	-0.1	0.402743
13055034	945	0.1	-0.1	-1.53929
13055034	946	0.1	-0.1	4.15533
13055034	947	0.1	-0.1	3.70836
13055034	948	0.1	-0.1	3.88476
13055034	949	0.1	-0.1	3.71055
13055034	950	0.1	-0.1	0.712944
13055034	951	0.1	-0.1	-1.12681
13055034	952	0.1	-0.1	1.95502
13055034	953	0.1	-0.1	-3.29685
13055034	954	0.1	-0.1	-3.216
13055034	955	0.1	-0.1	5.8647
13055034	956	0.1	-0.1	-1.32047
13055034	957	0.1	-0.1	0.749505
13055034	958	0.1	-0.1	5.56437
13055034	959	0.1	-0.1	2.15846
13055034	960	0.1	-0.1	2.09956
13055034	961	0.1	-0.1	-2.05698
13055034	962	0.1	-0.1	-5.01842
13055034	963	0.1	-0.1	0.598906
13055034	964	0.1	-0.1	5.91453
13055034	965	0.1	-0.1	2.56444
13055034	966	0.1	-0.1	-1.53934
13055034	967	0.1	-0.1	1.78214
13055034	968	0.1	-0.1	-2.10957
13055034	969	0.1	-0.1	-4.95553
13055034	970	0.1	-0.1	2.27689
13055034	971	0.1	-0.1	2.37557
13055034	972	0.1	-0.1	1.7743
13055034	973	0.1	-0.1	3.50702
13055034	974	0.1	-0.1	-4.33578
13055034	975	0.1	-0.1	-1.72518
13055034	976	0.1	-0.1	-0.21021
13055034	977	0.1	-0.1	-3.34467
13055034	978	0.1	-0.1	4.00855
13055034	979	0.1	-0.1	4.02402
13055034	980	0.1	-0.1	5.18093
13055034	981	0.1	-0.1	-4.51672
13055034	982	0.1	-0.1	-2.81154
13055034	983	0.1	-0.1	1.83372
13055034	984	0.1	-0.1	2.35432
13055034	985	0.1	-0.1	4.81282
13055034	986	0.1	-0.1	3.51532
13055034	987	0.1	-0.1	-5.57732
13055034	988	0.1	-0.1	5.96385
13055034	989	0.1	-0.1	-2.00837
13055034	990	0.1	-0.1	-4.49144
13055034	991	0.1	-0.1	5.89749
13055034	992	0.1	-0.1	0.740465
13055034	993	0.1	-0.1	-0.710828
13055034	994	0.1	-0.1	-3.07116
13055034	995	0.1	-0.1	0.524192
13055034	996	0.1	-0.1	-4.97556
13055034	997	0.1	-0.1	5.89096
13055034	998	0.1	-0.1	1.56953
13055034	999	0.1	-0.1	2.49173
13055034	1000	0.1	-0.1	-4.88399
