13066025	1	0.1	-0.1	4.50875
13066025	2	0.1	-0.1	5.77178
13066025	3	0.1	-0.1	-1.17516
13066025	4	0.1	-0.1	2.05203
13066025	5	0.1	-0.1	2.07649
13066025	6	0.1	-0.1	2.85368
13066025	7	0.1	-0.1	5.77053
13066025	8	0.1	-0.1	1.56183
13066025	9	0.1	-0.1	-0.0700197
13066025	10	0.1	-0.1	5.30262
13066025	11	0.1	-0.1	1.0534
13066025	12	0.1	-0.1	-2.82225
13066025	13	0.1	-0.1	3.02105
13066025	14	0.1	-0.1	0.185982
13066025	15	0.1	-0.1	4.90809
13066025	16	0.1	-0.1	5.52871
13066025	17	0.1	-0.1	2.01603
13066025	18	0.1	-0.1	-3.11196
13066025	19	0.1	-0.1	-2.15118
13066025	20	0.1	-0.1	5.77328
13066025	21	0.1	-0.1	5.58191
13066025	22	0.1	-0.1	0.188397
13066025	23	0.1	-0.1	4.97701
13066025	24	0.1	-0.1	0.31162
13066025	25	0.1	-0.1	-2.80879
13066025	26	0.1	-0.1	3.63179
13066025	27	0.1	-0.1	2.33987
13066025	28	0.1	-0.1	-5.36431
13066025	29	0.1	-0.1	2.64951
13066025	30	0.1	-0.1	-3.23471
13066025	31	0.1	-0.1	-0.548773
13066025	32	0.1	-0.1	-1.11937
13066025	33	0.1	-0.1	-1.77053
13066025	34	0.1	-0.1	-5.51539
13066025	35	0.1	-0.1	-3.97776
13066025	36	0.1	-0.1	-3.42942
13066025	37	0.1	-0.1	-5.3043
13066025	38	0.1	-0.1	-4.61719
13066025	39	0.1	-0.1	-1.39249
13066025	40	0.1	-0.1	-1.43374
13066025	41	0.1	-0.1	2.39026
13066025	42	0.1	-0.1	-2.46238
13066025	43	0.1	-0.1	0.504131
13066025	44	0.1	-0.1	-1.99288
13066025	45	0.1	-0.1	3.3587
13066025	46	0.1	-0.1	-1.83154
13066025	47	0.1	-0.1	-1.15319
13066025	48	0.1	-0.1	1.28313
13066025	49	0.1	-0.1	2.72768
13066025	50	0.1	-0.1	4.31412
13066025	51	0.1	-0.1	4.60013
13066025	52	0.1	-0.1	-3.29621
13066025	53	0.1	-0.1	-2.1528
13066025	54	0.1	-0.1	-0.166876
13066025	55	0.1	-0.1	1.10627
13066025	56	0.1	-0.1	3.54785
13066025	57	0.1	-0.1	1.52001
13066025	58	0.1	-0.1	5.85996
13066025	59	0.1	-0.1	-2.66252
13066025	60	0.1	-0.1	5.52722
13066025	61	0.1	-0.1	-4.44638
13066025	62	0.1	-0.1	-5.8676
13066025	63	0.1	-0.1	0.919208
13066025	64	0.1	-0.1	-1.65615
13066025	65	0.1	-0.1	1.56424
13066025	66	0.1	-0.1	-1.44409
13066025	67	0.1	-0.1	-5.79997
13066025	68	0.1	-0.1	-3.43282
13066025	69	0.1	-0.1	2.86483
13066025	70	0.1	-0.1	-1.96812
13066025	71	0.1	-0.1	-2.7501
13066025	72	0.1	-0.1	3.44051
13066025	73	0.1	-0.1	1.10154
13066025	74	0.1	-0.1	-1.18913
13066025	75	0.1	-0.1	1.09532
13066025	76	0.1	-0.1	-2.39634
13066025	77	0.1	-0.1	2.83099
13066025	78	0.1	-0.1	0.577074
13066025	79	0.1	-0.1	-4.2538
13066025	80	0.1	-0.1	-2.99313
13066025	81	0.1	-0.1	2.36417
13066025	82	0.1	-0.1	-2.67184
13066025	83	0.1	-0.1	-3.97656
13066025	84	0.1	-0.1	3.62181
13066025	85	0.1	-0.1	4.90998
13066025	86	0.1	-0.1	0.474857
13066025	87	0.1	-0.1	0.305299
13066025	88	0.1	-0.1	-5.61704
13066025	89	0.1	-0.1	-3.69673
13066025	90	0.1	-0.1	-0.110666
13066025	91	0.1	-0.1	-3.12086
13066025	92	0.1	-0.1	-5.30836
13066025	93	0.1	-0.1	-1.39057
13066025	94	0.1	-0.1	1.98923
13066025	95	0.1	-0.1	3.86262
13066025	96	0.1	-0.1	2.80464
13066025	97	0.1	-0.1	-0.340497
13066025	98	0.1	-0.1	-5.41564
13066025	99	0.1	-0.1	5.14458
13066025	100	0.1	-0.1	-2.40331
13066025	101	0.1	-0.1	1.19694
13066025	102	0.1	-0.1	5.33118
13066025	103	0.1	-0.1	0.877026
13066025	104	0.1	-0.1	2.72117
13066025	105	0.1	-0.1	0.629109
13066025	106	0.1	-0.1	5.1402
13066025	107	0.1	-0.1	3.62257
13066025	108	0.1	-0.1	-2.34074
13066025	109	0.1	-0.1	-3.08753
13066025	110	0.1	-0.1	-1.91307
13066025	111	0.1	-0.1	0.385036
13066025	112	0.1	-0.1	-3.16762
13066025	113	0.1	-0.1	3.53129
13066025	114	0.1	-0.1	2.62274
13066025	115	0.1	-0.1	1.10902
13066025	116	0.1	-0.1	-3.48815
13066025	117	0.1	-0.1	1.5349
13066025	118	0.1	-0.1	-2.2952
13066025	119	0.1	-0.1	1.88502
13066025	120	0.1	-0.1	-2.13459
13066025	121	0.1	-0.1	0.183875
13066025	122	0.1	-0.1	1.88698
13066025	123	0.1	-0.1	3.4209
13066025	124	0.1	-0.1	-0.722451
13066025	125	0.1	-0.1	-4.34438
13066025	126	0.1	-0.1	4.02613
13066025	127	0.1	-0.1	5.71572
13066025	128	0.1	-0.1	4.89388
13066025	129	0.1	-0.1	-3.75254
13066025	130	0.1	-0.1	3.45839
13066025	131	0.1	-0.1	-1.20317
13066025	132	0.1	-0.1	-2.29395
13066025	133	0.1	-0.1	0.801282
13066025	134	0.1	-0.1	-5.42448
13066025	135	0.1	-0.1	-2.22666
13066025	136	0.1	-0.1	-2.16333
13066025	137	0.1	-0.1	-4.5721
13066025	138	0.1	-0.1	3.48157
13066025	139	0.1	-0.1	3.25904
13066025	140	0.1	-0.1	3.91197
13066025	141	0.1	-0.1	1.13183
13066025	142	0.1	-0.1	-4.68054
13066025	143	0.1	-0.1	-0.0579703
13066025	144	0.1	-0.1	-5.27072
13066025	145	0.1	-0.1	-5.52184
13066025	146	0.1	-0.1	-0.512851
13066025	147	0.1	-0.1	0.740287
13066025	148	0.1	-0.1	0.495497
13066025	149	0.1	-0.1	0.711994
13066025	150	0.1	-0.1	-5.89204
13066025	151	0.1	-0.1	2.63075
13066025	152	0.1	-0.1	-0.230483
13066025	153	0.1	-0.1	3.22986
13066025	154	0.1	-0.1	5.74835
13066025	155	0.1	-0.1	-4.76181
13066025	156	0.1	-0.1	3.16601
13066025	157	0.1	-0.1	-2.68322
13066025	158	0.1	-0.1	-5.55837
13066025	159	0.1	-0.1	-2.85716
13066025	160	0.1	-0.1	0.446756
13066025	161	0.1	-0.1	1.63104
13066025	162	0.1	-0.1	1.24751
13066025	163	0.1	-0.1	-0.885492
13066025	164	0.1	-0.1	-4.65404
13066025	165	0.1	-0.1	4.05042
13066025	166	0.1	-0.1	-4.41904
13066025	167	0.1	-0.1	-5.68241
13066025	168	0.1	-0.1	1.28373
13066025	169	0.1	-0.1	5.45938
13066025	170	0.1	-0.1	4.80768
13066025	171	0.1	-0.1	-3.76777
13066025	172	0.1	-0.1	-2.39893
13066025	173	0.1	-0.1	-3.26188
13066025	174	0.1	-0.1	1.48143
13066025	175	0.1	-0.1	-1.49096
13066025	176	0.1	-0.1	-5.26826
13066025	177	0.1	-0.1	1.51869
13066025	178	0.1	-0.1	-4.58836
13066025	179	0.1	-0.1	-5.83952
13066025	180	0.1	-0.1	-3.30971
13066025	181	0.1	-0.1	3.60186
13066025	182	0.1	-0.1	-3.01176
13066025	183	0.1	-0.1	-0.0516705
13066025	184	0.1	-0.1	3.60101
13066025	185	0.1	-0.1	2.55727
13066025	186	0.1	-0.1	3.69687
13066025	187	0.1	-0.1	-0.117336
13066025	188	0.1	-0.1	-1.87642
13066025	189	0.1	-0.1	-4.41588
13066025	190	0.1	-0.1	3.43762
13066025	191	0.1	-0.1	-2.31571
13066025	192	0.1	-0.1	-1.38729
13066025	193	0.1	-0.1	-4.35666
13066025	194	0.1	-0.1	-3.05615
13066025	195	0.1	-0.1	0.366585
13066025	196	0.1	-0.1	5.9616
13066025	197	0.1	-0.1	-1.46907
13066025	198	0.1	-0.1	2.96354
13066025	199	0.1	-0.1	0.032925
13066025	200	0.1	-0.1	0.418703
13066025	201	0.1	-0.1	-0.8167
13066025	202	0.1	-0.1	-1.01278
13066025	203	0.1	-0.1	-5.94676
13066025	204	0.1	-0.1	1.28025
13066025	205	0.1	-0.1	-2.86549
13066025	206	0.1	-0.1	-0.0679078
13066025	207	0.1	-0.1	0.0164638
13066025	208	0.1	-0.1	4.37719
13066025	209	0.1	-0.1	1.36185
13066025	210	0.1	-0.1	-1.27858
13066025	211	0.1	-0.1	-5.52136
13066025	212	0.1	-0.1	-5.14132
13066025	213	0.1	-0.1	-1.07008
13066025	214	0.1	-0.1	4.19728
13066025	215	0.1	-0.1	0.395688
13066025	216	0.1	-0.1	-0.134222
13066025	217	0.1	-0.1	0.132973
13066025	218	0.1	-0.1	4.70755
13066025	219	0.1	-0.1	3.06747
13066025	220	0.1	-0.1	2.18488
13066025	221	0.1	-0.1	2.52244
13066025	222	0.1	-0.1	2.95719
13066025	223	0.1	-0.1	0.980509
13066025	224	0.1	-0.1	-1.7103
13066025	225	0.1	-0.1	2.15508
13066025	226	0.1	-0.1	-0.981693
13066025	227	0.1	-0.1	-4.59065
13066025	228	0.1	-0.1	0.291807
13066025	229	0.1	-0.1	-2.31492
13066025	230	0.1	-0.1	3.10904
13066025	231	0.1	-0.1	-4.19978
13066025	232	0.1	-0.1	-0.317108
13066025	233	0.1	-0.1	4.18294
13066025	234	0.1	-0.1	4.29862
13066025	235	0.1	-0.1	3.12264
13066025	236	0.1	-0.1	0.329356
13066025	237	0.1	-0.1	-5.03959
13066025	238	0.1	-0.1	3.35505
13066025	239	0.1	-0.1	0.139807
13066025	240	0.1	-0.1	0.234218
13066025	241	0.1	-0.1	-0.138949
13066025	242	0.1	-0.1	-3.80838
13066025	243	0.1	-0.1	-0.636704
13066025	244	0.1	-0.1	-1.07989
13066025	245	0.1	-0.1	-1.81854
13066025	246	0.1	-0.1	0.635176
13066025	247	0.1	-0.1	-4.43235
13066025	248	0.1	-0.1	4.97331
13066025	249	0.1	-0.1	-5.41369
13066025	250	0.1	-0.1	5.63523
13066025	251	0.1	-0.1	0.676889
13066025	252	0.1	-0.1	1.79371
13066025	253	0.1	-0.1	3.24084
13066025	254	0.1	-0.1	4.25386
13066025	255	0.1	-0.1	3.15083
13066025	256	0.1	-0.1	-5.92898
13066025	257	0.1	-0.1	5.13124
13066025	258	0.1	-0.1	-2.43866
13066025	259	0.1	-0.1	4.82649
13066025	260	0.1	-0.1	0.296891
13066025	261	0.1	-0.1	-2.80774
13066025	262	0.1	-0.1	2.66669
13066025	263	0.1	-0.1	-2.02749
13066025	264	0.1	-0.1	-2.45083
13066025	265	0.1	-0.1	-4.17365
13066025	266	0.1	-0.1	2.56459
13066025	267	0.1	-0.1	-5.911
13066025	268	0.1	-0.1	0.699872
13066025	269	0.1	-0.1	-0.906283
13066025	270	0.1	-0.1	-3.86426
13066025	271	0.1	-0.1	1.18167
13066025	272	0.1	-0.1	-5.69276
13066025	273	0.1	-0.1	4.79138
13066025	274	0.1	-0.1	1.63197
13066025	275	0.1	-0.1	2.55092
13066025	276	0.1	-0.1	-4.79697
13066025	277	0.1	-0.1	0.198798
13066025	278	0.1	-0.1	-4.06095
13066025	279	0.1	-0.1	-5.64082
13066025	280	0.1	-0.1	5.62195
13066025	281	0.1	-0.1	2.39576
13066025	282	0.1	-0.1	-5.61737
13066025	283	0.1	-0.1	5.06054
13066025	284	0.1	-0.1	1.07357
13066025	285	0.1	-0.1	3.24661
13066025	286	0.1	-0.1	1.31639
13066025	287	0.1	-0.1	2.0897
13066025	288	0.1	-0.1	-4.86225
13066025	289	0.1	-0.1	3.20666
13066025	290	0.1	-0.1	0.0629488
13066025	291	0.1	-0.1	1.63587
13066025	292	0.1	-0.1	5.90582
13066025	293	0.1	-0.1	2.38507
13066025	294	0.1	-0.1	-2.52584
13066025	295	0.1	-0.1	-5.16731
13066025	296	0.1	-0.1	-2.90773
13066025	297	0.1	-0.1	-1.13777
13066025	298	0.1	-0.1	-1.29575
13066025	299	0.1	-0.1	-5.8003
13066025	300	0.1	-0.1	1.77854
13066025	301	0.1	-0.1	4.78264
13066025	302	0.1	-0.1	4.22548
13066025	303	0.1	-0.1	-1.58706
13066025	304	0.1	-0.1	-4.05984
13066025	305	0.1	-0.1	-2.32442
13066025	306	0.1	-0.1	2.08235
13066025	307	0.1	-0.1	5.79514
13066025	308	0.1	-0.1	3.64152
13066025	309	0.1	-0.1	-3.01805
13066025	310	0.1	-0.1	-4.21025
13066025	311	0.1	-0.1	5.7604
13066025	312	0.1	-0.1	1.08644
13066025	313	0.1	-0.1	5.30288
13066025	314	0.1	-0.1	-0.324454
13066025	315	0.1	-0.1	-5.9538
13066025	316	0.1	-0.1	4.31355
13066025	317	0.1	-0.1	-2.23228
13066025	318	0.1	-0.1	-5.77659
13066025	319	0.1	-0.1	-0.585563
13066025	320	0.1	-0.1	-3.06178
13066025	321	0.1	-0.1	-2.18494
13066025	322	0.1	-0.1	-4.26179
13066025	323	0.1	-0.1	5.16513
13066025	324	0.1	-0.1	5.3624
13066025	325	0.1	-0.1	-2.16971
13066025	326	0.1	-0.1	-5.24039
13066025	327	0.1	-0.1	-5.17136
13066025	328	0.1	-0.1	-4.46302
13066025	329	0.1	-0.1	-2.721
13066025	330	0.1	-0.1	4.2226
13066025	331	0.1	-0.1	3.68103
13066025	332	0.1	-0.1	2.99775
13066025	333	0.1	-0.1	0.0363542
13066025	334	0.1	-0.1	3.12327
13066025	335	0.1	-0.1	1.74135
13066025	336	0.1	-0.1	2.84178
13066025	337	0.1	-0.1	3.30296
13066025	338	0.1	-0.1	-5.36453
13066025	339	0.1	-0.1	4.78305
13066025	340	0.1	-0.1	-2.71795
13066025	341	0.1	-0.1	3.27881
13066025	342	0.1	-0.1	0.381634
13066025	343	0.1	-0.1	2.90181
13066025	344	0.1	-0.1	-3.11899
13066025	345	0.1	-0.1	1.12981
13066025	346	0.1	-0.1	2.09334
13066025	347	0.1	-0.1	-4.91202
13066025	348	0.1	-0.1	4.69474
13066025	349	0.1	-0.1	5.50595
13066025	350	0.1	-0.1	-0.859924
13066025	351	0.1	-0.1	-0.48274
13066025	352	0.1	-0.1	-5.42768
13066025	353	0.1	-0.1	-5.27276
13066025	354	0.1	-0.1	-2.80592
13066025	355	0.1	-0.1	-1.64834
13066025	356	0.1	-0.1	-5.5091
13066025	357	0.1	-0.1	-3.40664
13066025	358	0.1	-0.1	4.28759
13066025	359	0.1	-0.1	1.3423
13066025	360	0.1	-0.1	-1.35794
13066025	361	0.1	-0.1	-0.287667
13066025	362	0.1	-0.1	-3.50648
13066025	363	0.1	-0.1	1.24787
13066025	364	0.1	-0.1	-0.317728
13066025	365	0.1	-0.1	-4.87178
13066025	366	0.1	-0.1	0.969337
13066025	367	0.1	-0.1	0.0166654
13066025	368	0.1	-0.1	-5.01438
13066025	369	0.1	-0.1	-4.25379
13066025	370	0.1	-0.1	1.24634
13066025	371	0.1	-0.1	0.658423
13066025	372	0.1	-0.1	-1.58932
13066025	373	0.1	-0.1	-0.921432
13066025	374	0.1	-0.1	-5.63716
13066025	375	0.1	-0.1	3.28664
13066025	376	0.1	-0.1	-0.21923
13066025	377	0.1	-0.1	2.66917
13066025	378	0.1	-0.1	5.67981
13066025	379	0.1	-0.1	-3.5512
13066025	380	0.1	-0.1	5.07075
13066025	381	0.1	-0.1	3.98191
13066025	382	0.1	-0.1	-5.73174
13066025	383	0.1	-0.1	-2.68775
13066025	384	0.1	-0.1	-1.20988
13066025	385	0.1	-0.1	-3.11237
13066025	386	0.1	-0.1	-1.26255
13066025	387	0.1	-0.1	4.85841
13066025	388	0.1	-0.1	2.94929
13066025	389	0.1	-0.1	-1.84213
13066025	390	0.1	-0.1	0.506432
13066025	391	0.1	-0.1	3.4767
13066025	392	0.1	-0.1	-0.123395
13066025	393	0.1	-0.1	-2.218
13066025	394	0.1	-0.1	4.07046
13066025	395	0.1	-0.1	4.3452
13066025	396	0.1	-0.1	-3.39393
13066025	397	0.1	-0.1	-1.56521
13066025	398	0.1	-0.1	-4.92053
13066025	399	0.1	-0.1	5.40211
13066025	400	0.1	-0.1	5.64091
13066025	401	0.1	-0.1	5.00544
13066025	402	0.1	-0.1	-0.804741
13066025	403	0.1	-0.1	2.58694
13066025	404	0.1	-0.1	5.78337
13066025	405	0.1	-0.1	-4.64499
13066025	406	0.1	-0.1	4.05351
13066025	407	0.1	-0.1	0.561554
13066025	408	0.1	-0.1	-2.09322
13066025	409	0.1	-0.1	2.60641
13066025	410	0.1	-0.1	0.140449
13066025	411	0.1	-0.1	-2.88051
13066025	412	0.1	-0.1	-2.86604
13066025	413	0.1	-0.1	-1.84923
13066025	414	0.1	-0.1	1.14045
13066025	415	0.1	-0.1	-4.55293
13066025	416	0.1	-0.1	5.43424
13066025	417	0.1	-0.1	2.00478
13066025	418	0.1	-0.1	-3.96917
13066025	419	0.1	-0.1	-0.707246
13066025	420	0.1	-0.1	-0.571579
13066025	421	0.1	-0.1	-4.68878
13066025	422	0.1	-0.1	2.98049
13066025	423	0.1	-0.1	-5.73413
13066025	424	0.1	-0.1	-4.95081
13066025	425	0.1	-0.1	-3.64483
13066025	426	0.1	-0.1	-3.42381
13066025	427	0.1	-0.1	3.10823
13066025	428	0.1	-0.1	0.626129
13066025	429	0.1	-0.1	3.67988
13066025	430	0.1	-0.1	2.25123
13066025	431	0.1	-0.1	1.86613
13066025	432	0.1	-0.1	-5.65359
13066025	433	0.1	-0.1	2.62123
13066025	434	0.1	-0.1	-4.43249
13066025	435	0.1	-0.1	-2.63247
13066025	436	0.1	-0.1	-0.018407
13066025	437	0.1	-0.1	-5.63391
13066025	438	0.1	-0.1	0.748021
13066025	439	0.1	-0.1	1.2159
13066025	440	0.1	-0.1	0.358015
13066025	441	0.1	-0.1	3.32495
13066025	442	0.1	-0.1	4.38558
13066025	443	0.1	-0.1	3.28637
13066025	444	0.1	-0.1	-3.46609
13066025	445	0.1	-0.1	-5.58854
13066025	446	0.1	-0.1	4.09017
13066025	447	0.1	-0.1	4.42681
13066025	448	0.1	-0.1	-1.29378
13066025	449	0.1	-0.1	4.01308
13066025	450	0.1	-0.1	3.56253
13066025	451	0.1	-0.1	-4.05475
13066025	452	0.1	-0.1	2.1423
13066025	453	0.1	-0.1	-4.46093
13066025	454	0.1	-0.1	4.20256
13066025	455	0.1	-0.1	-0.800444
13066025	456	0.1	-0.1	4.3654
13066025	457	0.1	-0.1	-0.0972513
13066025	458	0.1	-0.1	-2.33799
13066025	459	0.1	-0.1	2.8416
13066025	460	0.1	-0.1	-3.47292
13066025	461	0.1	-0.1	-0.0200496
13066025	462	0.1	-0.1	0.351903
13066025	463	0.1	-0.1	-0.940828
13066025	464	0.1	-0.1	-1.85935
13066025	465	0.1	-0.1	-3.70933
13066025	466	0.1	-0.1	-3.2276
13066025	467	0.1	-0.1	5.35018
13066025	468	0.1	-0.1	5.52986
13066025	469	0.1	-0.1	-2.61694
13066025	470	0.1	-0.1	-2.51318
13066025	471	0.1	-0.1	2.75397
13066025	472	0.1	-0.1	-1.9162
13066025	473	0.1	-0.1	-3.20231
13066025	474	0.1	-0.1	3.22762
13066025	475	0.1	-0.1	-4.93571
13066025	476	0.1	-0.1	-1.47395
13066025	477	0.1	-0.1	3.54023
13066025	478	0.1	-0.1	-3.38801
13066025	479	0.1	-0.1	-2.90083
13066025	480	0.1	-0.1	2.97698
13066025	481	0.1	-0.1	5.23267
13066025	482	0.1	-0.1	3.96102
13066025	483	0.1	-0.1	3.21122
13066025	484	0.1	-0.1	-2.49867
13066025	485	0.1	-0.1	-0.817058
13066025	486	0.1	-0.1	4.42756
13066025	487	0.1	-0.1	5.52404
13066025	488	0.1	-0.1	-4.71485
13066025	489	0.1	-0.1	4.88454
13066025	490	0.1	-0.1	3.71848
13066025	491	0.1	-0.1	-0.880325
13066025	492	0.1	-0.1	-0.116655
13066025	493	0.1	-0.1	-4.98769
13066025	494	0.1	-0.1	-3.43681
13066025	495	0.1	-0.1	-5.78909
13066025	496	0.1	-0.1	-1.18907
13066025	497	0.1	-0.1	4.60859
13066025	498	0.1	-0.1	-1.66442
13066025	499	0.1	-0.1	0.902852
13066025	500	0.1	-0.1	-0.183846
13066025	501	0.1	-0.1	-2.7088
13066025	502	0.1	-0.1	4.93763
13066025	503	0.1	-0.1	3.99783
13066025	504	0.1	-0.1	-4.32428
13066025	505	0.1	-0.1	0.707535
13066025	506	0.1	-0.1	-2.92501
13066025	507	0.1	-0.1	-5.26494
13066025	508	0.1	-0.1	-2.53883
13066025	509	0.1	-0.1	-2.31545
13066025	510	0.1	-0.1	0.916105
13066025	511	0.1	-0.1	-5.6497
13066025	512	0.1	-0.1	-4.13524
13066025	513	0.1	-0.1	-3.02463
13066025	514	0.1	-0.1	2.25712
13066025	515	0.1	-0.1	-4.08249
13066025	516	0.1	-0.1	2.15025
13066025	517	0.1	-0.1	4.81765
13066025	518	0.1	-0.1	-5.32427
13066025	519	0.1	-0.1	2.64055
13066025	520	0.1	-0.1	1.26608
13066025	521	0.1	-0.1	0.595533
13066025	522	0.1	-0.1	0.16646
13066025	523	0.1	-0.1	-1.61599
13066025	524	0.1	-0.1	5.89984
13066025	525	0.1	-0.1	-2.64287
13066025	526	0.1	-0.1	-1.66836
13066025	527	0.1	-0.1	4.37221
13066025	528	0.1	-0.1	-4.37575
13066025	529	0.1	-0.1	2.28561
13066025	530	0.1	-0.1	1.03683
13066025	531	0.1	-0.1	-3.40026
13066025	532	0.1	-0.1	4.6412
13066025	533	0.1	-0.1	-3.96185
13066025	534	0.1	-0.1	-4.42596
13066025	535	0.1	-0.1	3.40992
13066025	536	0.1	-0.1	-1.88249
13066025	537	0.1	-0.1	4.11056
13066025	538	0.1	-0.1	0.81963
13066025	539	0.1	-0.1	4.09997
13066025	540	0.1	-0.1	-5.91649
13066025	541	0.1	-0.1	-2.6921
13066025	542	0.1	-0.1	-2.88705
13066025	543	0.1	-0.1	0.97115
13066025	544	0.1	-0.1	-3.20068
13066025	545	0.1	-0.1	-1.71159
13066025	546	0.1	-0.1	-4.68591
13066025	547	0.1	-0.1	1.07498
13066025	548	0.1	-0.1	1.13725
13066025	549	0.1	-0.1	5.98048
13066025	550	0.1	-0.1	-2.09454
13066025	551	0.1	-0.1	5.00212
13066025	552	0.1	-0.1	-2.28155
13066025	553	0.1	-0.1	2.83409
13066025	554	0.1	-0.1	0.823573
13066025	555	0.1	-0.1	-5.03126
13066025	556	0.1	-0.1	4.86304
13066025	557	0.1	-0.1	2.52987
13066025	558	0.1	-0.1	-1.73848
13066025	559	0.1	-0.1	5.75689
13066025	560	0.1	-0.1	0.700066
13066025	561	0.1	-0.1	-4.28467
13066025	562	0.1	-0.1	4.4861
13066025	563	0.1	-0.1	3.55671
13066025	564	0.1	-0.1	2.69385
13066025	565	0.1	-0.1	-3.1471
13066025	566	0.1	-0.1	1.96521
13066025	567	0.1	-0.1	0.470167
13066025	568	0.1	-0.1	4.20855
13066025	569	0.1	-0.1	4.18109
13066025	570	0.1	-0.1	-4.58308
13066025	571	0.1	-0.1	0.977537
13066025	572	0.1	-0.1	1.74727
13066025	573	0.1	-0.1	4.28949
13066025	574	0.1	-0.1	2.39031
13066025	575	0.1	-0.1	5.55527
13066025	576	0.1	-0.1	0.968189
13066025	577	0.1	-0.1	-2.10961
13066025	578	0.1	-0.1	2.54755
13066025	579	0.1	-0.1	3.22123
13066025	580	0.1	-0.1	0.832119
13066025	581	0.1	-0.1	0.0111314
13066025	582	0.1	-0.1	-0.3
13066025	583	0.1	-0.1	3.40091
13066025	584	0.1	-0.1	4.30102
13066025	585	0.1	-0.1	-5.30362
13066025	586	0.1	-0.1	-0.332475
13066025	587	0.1	-0.1	-1.39362
13066025	588	0.1	-0.1	-3.86478
13066025	589	0.1	-0.1	-3.94981
13066025	590	0.1	-0.1	-0.87644
13066025	591	0.1	-0.1	-5.11673
13066025	592	0.1	-0.1	2.0065
13066025	593	0.1	-0.1	3.98208
13066025	594	0.1	-0.1	-4.96429
13066025	595	0.1	-0.1	-2.87994
13066025	596	0.1	-0.1	0.493302
13066025	597	0.1	-0.1	-1.76918
13066025	598	0.1	-0.1	0.89355
13066025	599	0.1	-0.1	5.25906
13066025	600	0.1	-0.1	-4.65317
13066025	601	0.1	-0.1	-1.90238
13066025	602	0.1	-0.1	-0.897465
13066025	603	0.1	-0.1	4.14294
13066025	604	0.1	-0.1	5.96753
13066025	605	0.1	-0.1	1.92447
13066025	606	0.1	-0.1	-4.54798
13066025	607	0.1	-0.1	5.79039
13066025	608	0.1	-0.1	-0.586606
13066025	609	0.1	-0.1	-2.73341
13066025	610	0.1	-0.1	-0.383805
13066025	611	0.1	-0.1	4.17713
13066025	612	0.1	-0.1	2.50796
13066025	613	0.1	-0.1	-5.28415
13066025	614	0.1	-0.1	4.91882
13066025	615	0.1	-0.1	-5.25986
13066025	616	0.1	-0.1	-0.0790105
13066025	617	0.1	-0.1	-4.79582
13066025	618	0.1	-0.1	-5.85558
13066025	619	0.1	-0.1	-3.7669
13066025	620	0.1	-0.1	3.99094
13066025	621	0.1	-0.1	-4.35262
13066025	622	0.1	-0.1	2.37705
13066025	623	0.1	-0.1	-5.62823
13066025	624	0.1	-0.1	-2.98713
13066025	625	0.1	-0.1	0.789349
13066025	626	0.1	-0.1	0.0478012
13066025	627	0.1	-0.1	-3.7272
13066025	628	0.1	-0.1	-2.61811
13066025	629	0.1	-0.1	4.64049
13066025	630	0.1	-0.1	3.24105
13066025	631	0.1	-0.1	3.96945
13066025	632	0.1	-0.1	3.0189
13066025	633	0.1	-0.1	5.38305
13066025	634	0.1	-0.1	-5.3006
13066025	635	0.1	-0.1	-2.92408
13066025	636	0.1	-0.1	-1.73067
13066025	637	0.1	-0.1	-5.2579
13066025	638	0.1	-0.1	-1.19577
13066025	639	0.1	-0.1	-4.21343
13066025	640	0.1	-0.1	-0.0619787
13066025	641	0.1	-0.1	3.62248
13066025	642	0.1	-0.1	-0.290096
13066025	643	0.1	-0.1	0.262622
13066025	644	0.1	-0.1	-3.11997
13066025	645	0.1	-0.1	-2.43673
13066025	646	0.1	-0.1	-2.29855
13066025	647	0.1	-0.1	-0.856255
13066025	648	0.1	-0.1	0.781011
13066025	649	0.1	-0.1	-2.23521
13066025	650	0.1	-0.1	4.71457
13066025	651	0.1	-0.1	0.0203404
13066025	652	0.1	-0.1	5.13558
13066025	653	0.1	-0.1	5.43491
13066025	654	0.1	-0.1	-1.55728
13066025	655	0.1	-0.1	0.695343
13066025	656	0.1	-0.1	4.20551
13066025	657	0.1	-0.1	4.8976
13066025	658	0.1	-0.1	2.41992
13066025	659	0.1	-0.1	4.29923
13066025	660	0.1	-0.1	-3.2019
13066025	661	0.1	-0.1	5.32979
13066025	662	0.1	-0.1	4.42269
13066025	663	0.1	-0.1	4.7466
13066025	664	0.1	-0.1	-4.2072
13066025	665	0.1	-0.1	0.582913
13066025	666	0.1	-0.1	-4.33663
13066025	667	0.1	-0.1	-0.123403
13066025	668	0.1	-0.1	4.72045
13066025	669	0.1	-0.1	-4.4432
13066025	670	0.1	-0.1	-0.639043
13066025	671	0.1	-0.1	4.46432
13066025	672	0.1	-0.1	-3.39549
13066025	673	0.1	-0.1	0.398711
13066025	674	0.1	-0.1	1.05861
13066025	675	0.1	-0.1	3.71064
13066025	676	0.1	-0.1	-2.49074
13066025	677	0.1	-0.1	4.33507
13066025	678	0.1	-0.1	-4.73452
13066025	679	0.1	-0.1	5.46776
13066025	680	0.1	-0.1	5.56581
13066025	681	0.1	-0.1	-3.48926
13066025	682	0.1	-0.1	2.89661
13066025	683	0.1	-0.1	5.97914
13066025	684	0.1	-0.1	1.12066
13066025	685	0.1	-0.1	-1.91706
13066025	686	0.1	-0.1	-1.86042
13066025	687	0.1	-0.1	1.08793
13066025	688	0.1	-0.1	-4.42824
13066025	689	0.1	-0.1	1.00526
13066025	690	0.1	-0.1	0.714687
13066025	691	0.1	-0.1	-1.97702
13066025	692	0.1	-0.1	-0.540005
13066025	693	0.1	-0.1	-1.51052
13066025	694	0.1	-0.1	-0.559628
13066025	695	0.1	-0.1	1.63888
13066025	696	0.1	-0.1	3.11644
13066025	697	0.1	-0.1	5.36879
13066025	698	0.1	-0.1	-2.21845
13066025	699	0.1	-0.1	4.95117
13066025	700	0.1	-0.1	-3.93847
13066025	701	0.1	-0.1	5.33902
13066025	702	0.1	-0.1	5.89725
13066025	703	0.1	-0.1	-3.55161
13066025	704	0.1	-0.1	1.73316
13066025	705	0.1	-0.1	4.19219
13066025	706	0.1	-0.1	-2.51938
13066025	707	0.1	-0.1	-5.09926
13066025	708	0.1	-0.1	5.83909
13066025	709	0.1	-0.1	-5.2678
13066025	710	0.1	-0.1	-3.07685
13066025	711	0.1	-0.1	3.5592
13066025	712	0.1	-0.1	4.77753
13066025	713	0.1	-0.1	5.74404
13066025	714	0.1	-0.1	-4.87104
13066025	715	0.1	-0.1	-4.58844
13066025	716	0.1	-0.1	5.87486
13066025	717	0.1	-0.1	1.14527
13066025	718	0.1	-0.1	-2.5796
13066025	719	0.1	-0.1	-1.45122
13066025	720	0.1	-0.1	2.10783
13066025	721	0.1	-0.1	-1.3302
13066025	722	0.1	-0.1	0.201091
13066025	723	0.1	-0.1	-5.582
13066025	724	0.1	-0.1	5.36096
13066025	725	0.1	-0.1	-2.32783
13066025	726	0.1	-0.1	-3.86024
13066025	727	0.1	-0.1	-4.13895
13066025	728	0.1	-0.1	-2.04866
13066025	729	0.1	-0.1	-1.1153
13066025	730	0.1	-0.1	-1.50915
13066025	731	0.1	-0.1	1.26638
13066025	732	0.1	-0.1	-5.72967
13066025	733	0.1	-0.1	1.6738
13066025	734	0.1	-0.1	-1.84248
13066025	735	0.1	-0.1	0.368002
13066025	736	0.1	-0.1	-5.70794
13066025	737	0.1	-0.1	3.74963
13066025	738	0.1	-0.1	-1.33041
13066025	739	0.1	-0.1	-4.58753
13066025	740	0.1	-0.1	2.85961
13066025	741	0.1	-0.1	3.69257
13066025	742	0.1	-0.1	4.31672
13066025	743	0.1	-0.1	4.18602
13066025	744	0.1	-0.1	-2.93911
13066025	745	0.1	-0.1	-2.06352
13066025	746	0.1	-0.1	-1.92248
13066025	747	0.1	-0.1	-0.491507
13066025	748	0.1	-0.1	-3.87764
13066025	749	0.1	-0.1	-3.05354
13066025	750	0.1	-0.1	-1.45083
13066025	751	0.1	-0.1	-4.22346
13066025	752	0.1	-0.1	1.0997
13066025	753	0.1	-0.1	-4.67444
13066025	754	0.1	-0.1	-3.75512
13066025	755	0.1	-0.1	-2.82487
13066025	756	0.1	-0.1	3.16582
13066025	757	0.1	-0.1	-2.37702
13066025	758	0.1	-0.1	4.70369
13066025	759	0.1	-0.1	4.28339
13066025	760	0.1	-0.1	-3.96465
13066025	761	0.1	-0.1	-4.63014
13066025	762	0.1	-0.1	-4.25879
13066025	763	0.1	-0.1	3.60601
13066025	764	0.1	-0.1	-4.6599
13066025	765	0.1	-0.1	1.3652
13066025	766	0.1	-0.1	-1.22794
13066025	767	0.1	-0.1	0.533708
13066025	768	0.1	-0.1	5.98589
13066025	769	0.1	-0.1	-1.69435
13066025	770	0.1	-0.1	-5.88501
13066025	771	0.1	-0.1	-3.06525
13066025	772	0.1	-0.1	4.93536
13066025	773	0.1	-0.1	-1.39104
13066025	774	0.1	-0.1	5.30532
13066025	775	0.1	-0.1	5.30289
13066025	776	0.1	-0.1	2.72529
13066025	777	0.1	-0.1	-0.420076
13066025	778	0.1	-0.1	-4.18161
13066025	779	0.1	-0.1	-4.73563
13066025	780	0.1	-0.1	4.99322
13066025	781	0.1	-0.1	1.48228
13066025	782	0.1	-0.1	3.70568
13066025	783	0.1	-0.1	2.63358
13066025	784	0.1	-0.1	-5.66931
13066025	785	0.1	-0.1	5.57673
13066025	786	0.1	-0.1	5.88732
13066025	787	0.1	-0.1	-4.5114
13066025	788	0.1	-0.1	-1.71643
13066025	789	0.1	-0.1	4.82304
13066025	790	0.1	-0.1	5.72591
13066025	791	0.1	-0.1	4.31963
13066025	792	0.1	-0.1	-3.87241
13066025	793	0.1	-0.1	-3.03874
13066025	794	0.1	-0.1	1.34351
13066025	795	0.1	-0.1	1.25427
13066025	796	0.1	-0.1	0.0541149
13066025	797	0.1	-0.1	2.78219
13066025	798	0.1	-0.1	0.249916
13066025	799	0.1	-0.1	-3.52415
13066025	800	0.1	-0.1	-5.32978
13066025	801	0.1	-0.1	3.05204
13066025	802	0.1	-0.1	5.24647
13066025	803	0.1	-0.1	-3.39713
13066025	804	0.1	-0.1	-2.12932
13066025	805	0.1	-0.1	-0.666817
13066025	806	0.1	-0.1	1.1391
13066025	807	0.1	-0.1	4.33104
13066025	808	0.1	-0.1	-5.80472
13066025	809	0.1	-0.1	3.53189
13066025	810	0.1	-0.1	-5.59252
13066025	811	0.1	-0.1	4.07074
13066025	812	0.1	-0.1	-2.12612
13066025	813	0.1	-0.1	-5.38517
13066025	814	0.1	-0.1	-3.58456
13066025	815	0.1	-0.1	-5.43553
13066025	816	0.1	-0.1	2.78284
13066025	817	0.1	-0.1	5.91262
13066025	818	0.1	-0.1	1.68708
13066025	819	0.1	-0.1	-2.12346
13066025	820	0.1	-0.1	0.650476
13066025	821	0.1	-0.1	-4.23772
13066025	822	0.1	-0.1	-1.95057
13066025	823	0.1	-0.1	0.492066
13066025	824	0.1	-0.1	1.93648
13066025	825	0.1	-0.1	-4.67784
13066025	826	0.1	-0.1	-2.31356
13066025	827	0.1	-0.1	0.458429
13066025	828	0.1	-0.1	2.06125
13066025	829	0.1	-0.1	-0.970279
13066025	830	0.1	-0.1	1.59118
13066025	831	0.1	-0.1	-0.0923151
13066025	832	0.1	-0.1	5.56764
13066025	833	0.1	-0.1	-5.21482
13066025	834	0.1	-0.1	-4.78291
13066025	835	0.1	-0.1	-0.13557
13066025	836	0.1	-0.1	1.06501
13066025	837	0.1	-0.1	-3.53562
13066025	838	0.1	-0.1	-4.91694
13066025	839	0.1	-0.1	-0.641366
13066025	840	0.1	-0.1	-0.0124579
13066025	841	0.1	-0.1	-2.48695
13066025	842	0.1	-0.1	0.892177
13066025	843	0.1	-0.1	3.08231
13066025	844	0.1	-0.1	4.47108
13066025	845	0.1	-0.1	-5.16098
13066025	846	0.1	-0.1	2.30124
13066025	847	0.1	-0.1	4.21577
13066025	848	0.1	-0.1	-2.59086
13066025	849	0.1	-0.1	-4.33578
13066025	850	0.1	-0.1	1.33478
13066025	851	0.1	-0.1	-0.606834
13066025	852	0.1	-0.1	-2.75432
13066025	853	0.1	-0.1	-1.55319
13066025	854	0.1	-0.1	-2.85302
13066025	855	0.1	-0.1	5.65935
13066025	856	0.1	-0.1	-0.301092
13066025	857	0.1	-0.1	5.39956
13066025	858	0.1	-0.1	-4.28529
13066025	859	0.1	-0.1	-5.22741
13066025	860	0.1	-0.1	0.27803
13066025	861	0.1	-0.1	1.89029
13066025	862	0.1	-0.1	-3.85479
13066025	863	0.1	-0.1	1.59356
13066025	864	0.1	-0.1	0.98029
13066025	865	0.1	-0.1	2.59678
13066025	866	0.1	-0.1	3.06811
13066025	867	0.1	-0.1	-5.02697
13066025	868	0.1	-0.1	2.06767
13066025	869	0.1	-0.1	3.16013
13066025	870	0.1	-0.1	1.02107
13066025	871	0.1	-0.1	4.99736
13066025	872	0.1	-0.1	2.30087
13066025	873	0.1	-0.1	1.51469
13066025	874	0.1	-0.1	-1.03714
13066025	875	0.1	-0.1	3.93153
13066025	876	0.1	-0.1	5.85332
13066025	877	0.1	-0.1	-3.69903
13066025	878	0.1	-0.1	-4.2175
13066025	879	0.1	-0.1	4.7589
13066025	880	0.1	-0.1	-4.18228
13066025	881	0.1	-0.1	-3.00944
13066025	882	0.1	-0.1	0.223202
13066025	883	0.1	-0.1	-1.52699
13066025	884	0.1	-0.1	2.1317
13066025	885	0.1	-0.1	-2.85431
13066025	886	0.1	-0.1	-0.633906
13066025	887	0.1	-0.1	4.2039
13066025	888	0.1	-0.1	0.579837
13066025	889	0.1	-0.1	-2.98072
13066025	890	0.1	-0.1	-1.36241
13066025	891	0.1	-0.1	0.123482
13066025	892	0.1	-0.1	1.22474
13066025	893	0.1	-0.1	-2.92381
13066025	894	0.1	-0.1	5.80828
13066025	895	0.1	-0.1	0.331207
13066025	896	0.1	-0.1	1.98293
13066025	897	0.1	-0.1	1.64678
13066025	898	0.1	-0.1	-1.78534
13066025	899	0.1	-0.1	-4.49606
13066025	900	0.1	-0.1	-4.35564
13066025	901	0.1	-0.1	3.88169
13066025	902	0.1	-0.1	4.07699
13066025	903	0.1	-0.1	-4.44156
13066025	904	0.1	-0.1	-0.666782
13066025	905	0.1	-0.1	1.62848
13066025	906	0.1	-0.1	4.11769
13066025	907	0.1	-0.1	0.868402
13066025	908	0.1	-0.1	-1.04606
13066025	909	0.1	-0.1	0.139841
13066025	910	0.1	-0.1	5.24439
13066025	911	0.1	-0.1	5.91528
13066025	912	0.1	-0.1	4.24675
13066025	913	0.1	-0.1	3.33737
13066025	914	0.1	-0.1	-5.45094
13066025	915	0.1	-0.1	-4.90336
13066025	916	0.1	-0.1	-0.444931
13066025	917	0.1	-0.1	4.52956
13066025	918	0.1	-0.1	-3.54511
13066025	919	0.1	-0.1	-5.48104
13066025	920	0.1	-0.1	2.6048
13066025	921	0.1	-0.1	2.24676
13066025	922	0.1	-0.1	3.35923
13066025	923	0.1	-0.1	-4.18266
13066025	924	0.1	-0.1	2.6256
13066025	925	0.1	-0.1	5.198
13066025	926	0.1	-0.1	-0.462442
13066025	927	0.1	-0.1	-1.4245
13066025	928	0.1	-0.1	-3.87799
13066025	929	0.1	-0.1	-0.932489
13066025	930	0.1	-0.1	-2.38837
13066025	931	0.1	-0.1	1.57576
13066025	932	0.1	-0.1	4.18779
13066025	933	0.1	-0.1	-5.3165
13066025	934	0.1	-0.1	2.82845
13066025	935	0.1	-0.1	0.239278
13066025	936	0.1	-0.1	-2.98135
13066025	937	0.1	-0.1	-2.87726
13066025	938	0.1	-0.1	-3.86844
13066025	939	0.1	-0.1	4.57362
13066025	940	0.1	-0.1	2.25908
13066025	941	0.1	-0.1	0.400827
13066025	942	0.1	-0.1	0.268029
13066025	943	0.1	-0.1	2.68002
13066025	944	0.1	-0.1	0.629401
13066025	945	0.1	-0.1	0.530926
13066025	946	0.1	-0.1	-1.17573
13066025	947	0.1	-0.1	2.08595
13066025	948	0.1	-0.1	-1.61717
13066025	949	0.1	-0.1	-1.8778
13066025	950	0.1	-0.1	-1.99022
13066025	951	0.1	-0.1	1.68787
13066025	952	0.1	-0.1	2.48531
13066025	953	0.1	-0.1	-2.26442
13066025	954	0.1	-0.1	1.52997
13066025	955	0.1	-0.1	0.925748
13066025	956	0.1	-0.1	0.76675
13066025	957	0.1	-0.1	0.832358
13066025	958	0.1	-0.1	5.44672
13066025	959	0.1	-0.1	4.32981
13066025	960	0.1	-0.1	-5.79741
13066025	961	0.1	-0.1	2.73033
13066025	962	0.1	-0.1	-5.24088
13066025	963	0.1	-0.1	-2.12058
13066025	964	0.1	-0.1	3.26054
13066025	965	0.1	-0.1	0.554342
13066025	966	0.1	-0.1	-3.05843
13066025	967	0.1	-0.1	-2.16765
13066025	968	0.1	-0.1	1.52793
13066025	969	0.1	-0.1	2.34399
13066025	970	0.1	-0.1	3.26438
13066025	971	0.1	-0.1	-2.58562
13066025	972	0.1	-0.1	-5.02928
13066025	973	0.1	-0.1	-0.882419
13066025	974	0.1	-0.1	-1.07918
13066025	975	0.1	-0.1	5.65919
13066025	976	0.1	-0.1	3.4501
13066025	977	0.1	-0.1	-5.66385
13066025	978	0.1	-0.1	-4.06358
13066025	979	0.1	-0.1	-1.62054
13066025	980	0.1	-0.1	-1.43911
13066025	981	0.1	-0.1	-1.49943
13066025	982	0.1	-0.1	-4.84137
13066025	983	0.1	-0.1	-5.68705
13066025	984	0.1	-0.1	-4.95981
13066025	985	0.1	-0.1	4.90478
13066025	986	0.1	-0.1	5.17556
13066025	987	0.1	-0.1	-4.43331
13066025	988	0.1	-0.1	1.77034
13066025	989	0.1	-0.1	-3.52823
13066025	990	0.1	-0.1	2.16603
13066025	991	0.1	-0.1	0.329284
13066025	992	0.1	-0.1	3.96634
13066025	993	0.1	-0.1	-2.32546
13066025	994	0.1	-0.1	-3.8892
13066025	995	0.1	-0.1	2.57569
13066025	996	0.1	-0.1	4.41268
13066025	997	0.1	-0.1	-0.312922
13066025	998	0.1	-0.1	-3.12691
13066025	999	0.1	-0.1	-4.52641
13066025	1000	0.1	-0.1	-0.64586
