13060010	1	0.1	-0.1	-4.8122
13060010	2	0.1	-0.1	-0.251774
13060010	3	0.1	-0.1	-2.00378
13060010	4	0.1	-0.1	0.0945756
13060010	5	0.1	-0.1	2.17887
13060010	6	0.1	-0.1	4.09786
13060010	7	0.1	-0.1	-4.26263
13060010	8	0.1	-0.1	-1.01847
13060010	9	0.1	-0.1	2.74766
13060010	10	0.1	-0.1	-5.87237
13060010	11	0.1	-0.1	3.97592
13060010	12	0.1	-0.1	-4.07014
13060010	13	0.1	-0.1	3.88089
13060010	14	0.1	-0.1	1.51395
13060010	15	0.1	-0.1	4.22573
13060010	16	0.1	-0.1	1.98135
13060010	17	0.1	-0.1	-0.106658
13060010	18	0.1	-0.1	-4.09898
13060010	19	0.1	-0.1	3.27918
13060010	20	0.1	-0.1	3.48643
13060010	21	0.1	-0.1	4.50077
13060010	22	0.1	-0.1	5.5275
13060010	23	0.1	-0.1	-5.84764
13060010	24	0.1	-0.1	3.39317
13060010	25	0.1	-0.1	3.02465
13060010	26	0.1	-0.1	-4.98252
13060010	27	0.1	-0.1	0.591984
13060010	28	0.1	-0.1	1.4332
13060010	29	0.1	-0.1	3.98886
13060010	30	0.1	-0.1	-5.65501
13060010	31	0.1	-0.1	0.551318
13060010	32	0.1	-0.1	-5.26186
13060010	33	0.1	-0.1	-4.89873
13060010	34	0.1	-0.1	5.8687
13060010	35	0.1	-0.1	3.60253
13060010	36	0.1	-0.1	0.176179
13060010	37	0.1	-0.1	0.87641
13060010	38	0.1	-0.1	2.76791
13060010	39	0.1	-0.1	5.37598
13060010	40	0.1	-0.1	-0.148168
13060010	41	0.1	-0.1	-0.506876
13060010	42	0.1	-0.1	-4.72407
13060010	43	0.1	-0.1	-5.57347
13060010	44	0.1	-0.1	-0.539409
13060010	45	0.1	-0.1	0.223301
13060010	46	0.1	-0.1	-5.38694
13060010	47	0.1	-0.1	0.590168
13060010	48	0.1	-0.1	1.62913
13060010	49	0.1	-0.1	5.49034
13060010	50	0.1	-0.1	3.35664
13060010	51	0.1	-0.1	5.19323
13060010	52	0.1	-0.1	-2.4624
13060010	53	0.1	-0.1	-2.93102
13060010	54	0.1	-0.1	0.402007
13060010	55	0.1	-0.1	-4.19922
13060010	56	0.1	-0.1	4.5424
13060010	57	0.1	-0.1	3.24343
13060010	58	0.1	-0.1	2.93299
13060010	59	0.1	-0.1	0.788533
13060010	60	0.1	-0.1	3.5322
13060010	61	0.1	-0.1	2.22084
13060010	62	0.1	-0.1	5.43771
13060010	63	0.1	-0.1	-2.28727
13060010	64	0.1	-0.1	4.96932
13060010	65	0.1	-0.1	4.15087
13060010	66	0.1	-0.1	1.77763
13060010	67	0.1	-0.1	-4.39962
13060010	68	0.1	-0.1	-3.83964
13060010	69	0.1	-0.1	0.506822
13060010	70	0.1	-0.1	1.13239
13060010	71	0.1	-0.1	-4.82627
13060010	72	0.1	-0.1	2.27959
13060010	73	0.1	-0.1	-4.82576
13060010	74	0.1	-0.1	-1.27767
13060010	75	0.1	-0.1	-2.61364
13060010	76	0.1	-0.1	-3.86881
13060010	77	0.1	-0.1	-5.73416
13060010	78	0.1	-0.1	5.7697
13060010	79	0.1	-0.1	-2.38826
13060010	80	0.1	-0.1	-3.52406
13060010	81	0.1	-0.1	-1.66034
13060010	82	0.1	-0.1	-0.968614
13060010	83	0.1	-0.1	-0.230656
13060010	84	0.1	-0.1	-5.29626
13060010	85	0.1	-0.1	-5.23914
13060010	86	0.1	-0.1	-1.66944
13060010	87	0.1	-0.1	5.65319
13060010	88	0.1	-0.1	-1.27782
13060010	89	0.1	-0.1	-0.526298
13060010	90	0.1	-0.1	-5.113
13060010	91	0.1	-0.1	-3.13391
13060010	92	0.1	-0.1	-0.349121
13060010	93	0.1	-0.1	1.11269
13060010	94	0.1	-0.1	-0.128958
13060010	95	0.1	-0.1	-0.1377
13060010	96	0.1	-0.1	-5.86348
13060010	97	0.1	-0.1	5.20044
13060010	98	0.1	-0.1	-4.38728
13060010	99	0.1	-0.1	5.59919
13060010	100	0.1	-0.1	-4.1718
13060010	101	0.1	-0.1	5.19593
13060010	102	0.1	-0.1	3.69966
13060010	103	0.1	-0.1	-5.69263
13060010	104	0.1	-0.1	-2.28775
13060010	105	0.1	-0.1	5.06827
13060010	106	0.1	-0.1	-4.12232
13060010	107	0.1	-0.1	-0.791329
13060010	108	0.1	-0.1	-5.47722
13060010	109	0.1	-0.1	-2.15215
13060010	110	0.1	-0.1	3.82782
13060010	111	0.1	-0.1	-5.37037
13060010	112	0.1	-0.1	3.50491
13060010	113	0.1	-0.1	-4.71648
13060010	114	0.1	-0.1	0.815276
13060010	115	0.1	-0.1	5.29075
13060010	116	0.1	-0.1	0.919239
13060010	117	0.1	-0.1	1.52799
13060010	118	0.1	-0.1	-2.7752
13060010	119	0.1	-0.1	-3.87715
13060010	120	0.1	-0.1	2.80597
13060010	121	0.1	-0.1	-5.19332
13060010	122	0.1	-0.1	-3.82548
13060010	123	0.1	-0.1	4.01703
13060010	124	0.1	-0.1	-0.0862621
13060010	125	0.1	-0.1	-0.112052
13060010	126	0.1	-0.1	0.130016
13060010	127	0.1	-0.1	0.454137
13060010	128	0.1	-0.1	1.56845
13060010	129	0.1	-0.1	-0.925324
13060010	130	0.1	-0.1	5.61958
13060010	131	0.1	-0.1	-1.4242
13060010	132	0.1	-0.1	-0.088098
13060010	133	0.1	-0.1	-1.32228
13060010	134	0.1	-0.1	-3.046
13060010	135	0.1	-0.1	-4.38508
13060010	136	0.1	-0.1	-4.02217
13060010	137	0.1	-0.1	2.19421
13060010	138	0.1	-0.1	-2.79224
13060010	139	0.1	-0.1	-1.16001
13060010	140	0.1	-0.1	-3.06741
13060010	141	0.1	-0.1	-5.08527
13060010	142	0.1	-0.1	4.57961
13060010	143	0.1	-0.1	2.61653
13060010	144	0.1	-0.1	-1.60352
13060010	145	0.1	-0.1	2.76248
13060010	146	0.1	-0.1	1.50378
13060010	147	0.1	-0.1	-0.125379
13060010	148	0.1	-0.1	-0.285843
13060010	149	0.1	-0.1	3.22825
13060010	150	0.1	-0.1	3.83514
13060010	151	0.1	-0.1	-5.58731
13060010	152	0.1	-0.1	1.38155
13060010	153	0.1	-0.1	-2.98808
13060010	154	0.1	-0.1	-5.86854
13060010	155	0.1	-0.1	4.45986
13060010	156	0.1	-0.1	0.487557
13060010	157	0.1	-0.1	2.641
13060010	158	0.1	-0.1	3.93426
13060010	159	0.1	-0.1	2.17755
13060010	160	0.1	-0.1	-4.29883
13060010	161	0.1	-0.1	5.65354
13060010	162	0.1	-0.1	2.00339
13060010	163	0.1	-0.1	-5.43952
13060010	164	0.1	-0.1	1.09936
13060010	165	0.1	-0.1	-0.950128
13060010	166	0.1	-0.1	1.85761
13060010	167	0.1	-0.1	0.80576
13060010	168	0.1	-0.1	4.65481
13060010	169	0.1	-0.1	-2.14478
13060010	170	0.1	-0.1	3.74047
13060010	171	0.1	-0.1	-4.27467
13060010	172	0.1	-0.1	-3.76216
13060010	173	0.1	-0.1	4.02939
13060010	174	0.1	-0.1	2.32968
13060010	175	0.1	-0.1	-2.41943
13060010	176	0.1	-0.1	4.85227
13060010	177	0.1	-0.1	5.32264
13060010	178	0.1	-0.1	-1.24747
13060010	179	0.1	-0.1	-1.01783
13060010	180	0.1	-0.1	-5.17739
13060010	181	0.1	-0.1	-5.10223
13060010	182	0.1	-0.1	-1.65363
13060010	183	0.1	-0.1	5.23663
13060010	184	0.1	-0.1	5.25748
13060010	185	0.1	-0.1	4.51843
13060010	186	0.1	-0.1	3.50842
13060010	187	0.1	-0.1	1.7999
13060010	188	0.1	-0.1	-0.808104
13060010	189	0.1	-0.1	-4.62864
13060010	190	0.1	-0.1	-1.90126
13060010	191	0.1	-0.1	0.322724
13060010	192	0.1	-0.1	-5.99683
13060010	193	0.1	-0.1	0.654136
13060010	194	0.1	-0.1	1.47467
13060010	195	0.1	-0.1	1.02624
13060010	196	0.1	-0.1	0.822201
13060010	197	0.1	-0.1	4.95832
13060010	198	0.1	-0.1	4.06642
13060010	199	0.1	-0.1	4.88629
13060010	200	0.1	-0.1	-1.4347
13060010	201	0.1	-0.1	-0.307076
13060010	202	0.1	-0.1	-4.27495
13060010	203	0.1	-0.1	3.46729
13060010	204	0.1	-0.1	-3.1095
13060010	205	0.1	-0.1	2.04758
13060010	206	0.1	-0.1	-5.29362
13060010	207	0.1	-0.1	0.693783
13060010	208	0.1	-0.1	1.09421
13060010	209	0.1	-0.1	-1.99507
13060010	210	0.1	-0.1	3.2627
13060010	211	0.1	-0.1	1.97255
13060010	212	0.1	-0.1	0.752665
13060010	213	0.1	-0.1	-3.22051
13060010	214	0.1	-0.1	2.80336
13060010	215	0.1	-0.1	-2.85291
13060010	216	0.1	-0.1	-1.47881
13060010	217	0.1	-0.1	1.72165
13060010	218	0.1	-0.1	-3.85569
13060010	219	0.1	-0.1	0.0435983
13060010	220	0.1	-0.1	-1.16081
13060010	221	0.1	-0.1	4.57617
13060010	222	0.1	-0.1	4.85293
13060010	223	0.1	-0.1	-4.69444
13060010	224	0.1	-0.1	-2.44809
13060010	225	0.1	-0.1	4.10865
13060010	226	0.1	-0.1	-5.41844
13060010	227	0.1	-0.1	3.89075
13060010	228	0.1	-0.1	-1.6694
13060010	229	0.1	-0.1	-0.546001
13060010	230	0.1	-0.1	-1.59842
13060010	231	0.1	-0.1	-0.820059
13060010	232	0.1	-0.1	3.33981
13060010	233	0.1	-0.1	-2.76138
13060010	234	0.1	-0.1	-3.43948
13060010	235	0.1	-0.1	2.68827
13060010	236	0.1	-0.1	-1.71798
13060010	237	0.1	-0.1	-1.40849
13060010	238	0.1	-0.1	3.08082
13060010	239	0.1	-0.1	3.15438
13060010	240	0.1	-0.1	-5.12215
13060010	241	0.1	-0.1	-2.14663
13060010	242	0.1	-0.1	5.39731
13060010	243	0.1	-0.1	-2.96888
13060010	244	0.1	-0.1	-0.0385415
13060010	245	0.1	-0.1	4.01268
13060010	246	0.1	-0.1	-3.60305
13060010	247	0.1	-0.1	-5.14162
13060010	248	0.1	-0.1	1.2622
13060010	249	0.1	-0.1	-4.53581
13060010	250	0.1	-0.1	-3.61824
13060010	251	0.1	-0.1	-3.91522
13060010	252	0.1	-0.1	0.64781
13060010	253	0.1	-0.1	-2.06897
13060010	254	0.1	-0.1	0.734703
13060010	255	0.1	-0.1	-5.18373
13060010	256	0.1	-0.1	5.47866
13060010	257	0.1	-0.1	-4.33572
13060010	258	0.1	-0.1	4.2509
13060010	259	0.1	-0.1	-3.05607
13060010	260	0.1	-0.1	3.45369
13060010	261	0.1	-0.1	2.89857
13060010	262	0.1	-0.1	0.0851931
13060010	263	0.1	-0.1	-2.29464
13060010	264	0.1	-0.1	-1.91727
13060010	265	0.1	-0.1	-2.49667
13060010	266	0.1	-0.1	-3.16824
13060010	267	0.1	-0.1	-5.56388
13060010	268	0.1	-0.1	2.78742
13060010	269	0.1	-0.1	4.84208
13060010	270	0.1	-0.1	0.00102294
13060010	271	0.1	-0.1	0.412649
13060010	272	0.1	-0.1	3.48358
13060010	273	0.1	-0.1	-2.95621
13060010	274	0.1	-0.1	2.52489
13060010	275	0.1	-0.1	4.34835
13060010	276	0.1	-0.1	1.32837
13060010	277	0.1	-0.1	-2.41571
13060010	278	0.1	-0.1	0.223737
13060010	279	0.1	-0.1	-4.01671
13060010	280	0.1	-0.1	1.79289
13060010	281	0.1	-0.1	-5.23471
13060010	282	0.1	-0.1	-2.31415
13060010	283	0.1	-0.1	-0.895763
13060010	284	0.1	-0.1	-4.46938
13060010	285	0.1	-0.1	4.8984
13060010	286	0.1	-0.1	3.922
13060010	287	0.1	-0.1	4.80074
13060010	288	0.1	-0.1	-0.868904
13060010	289	0.1	-0.1	3.4921
13060010	290	0.1	-0.1	2.58414
13060010	291	0.1	-0.1	4.63372
13060010	292	0.1	-0.1	-4.93156
13060010	293	0.1	-0.1	0.51797
13060010	294	0.1	-0.1	-0.728659
13060010	295	0.1	-0.1	-4.65679
13060010	296	0.1	-0.1	-2.26906
13060010	297	0.1	-0.1	5.25301
13060010	298	0.1	-0.1	5.68056
13060010	299	0.1	-0.1	5.9283
13060010	300	0.1	-0.1	2.22731
13060010	301	0.1	-0.1	5.78764
13060010	302	0.1	-0.1	5.12425
13060010	303	0.1	-0.1	0.0220979
13060010	304	0.1	-0.1	3.39999
13060010	305	0.1	-0.1	1.92906
13060010	306	0.1	-0.1	1.11682
13060010	307	0.1	-0.1	0.0586489
13060010	308	0.1	-0.1	1.61135
13060010	309	0.1	-0.1	-5.6671
13060010	310	0.1	-0.1	-0.0162526
13060010	311	0.1	-0.1	-0.860319
13060010	312	0.1	-0.1	-1.86757
13060010	313	0.1	-0.1	2.95629
13060010	314	0.1	-0.1	3.85812
13060010	315	0.1	-0.1	-1.14922
13060010	316	0.1	-0.1	1.39608
13060010	317	0.1	-0.1	-1.00155
13060010	318	0.1	-0.1	0.68449
13060010	319	0.1	-0.1	-5.807
13060010	320	0.1	-0.1	-2.02555
13060010	321	0.1	-0.1	-0.665365
13060010	322	0.1	-0.1	5.56293
13060010	323	0.1	-0.1	-3.63147
13060010	324	0.1	-0.1	-5.48852
13060010	325	0.1	-0.1	0.352149
13060010	326	0.1	-0.1	-2.45898
13060010	327	0.1	-0.1	2.71641
13060010	328	0.1	-0.1	2.13155
13060010	329	0.1	-0.1	-4.88573
13060010	330	0.1	-0.1	1.25908
13060010	331	0.1	-0.1	-5.69948
13060010	332	0.1	-0.1	2.73843
13060010	333	0.1	-0.1	3.4772
13060010	334	0.1	-0.1	-2.77114
13060010	335	0.1	-0.1	2.33021
13060010	336	0.1	-0.1	1.99353
13060010	337	0.1	-0.1	1.5364
13060010	338	0.1	-0.1	-3.02644
13060010	339	0.1	-0.1	0.556535
13060010	340	0.1	-0.1	-2.03472
13060010	341	0.1	-0.1	1.29396
13060010	342	0.1	-0.1	-5.76146
13060010	343	0.1	-0.1	-5.16761
13060010	344	0.1	-0.1	4.88234
13060010	345	0.1	-0.1	-0.740368
13060010	346	0.1	-0.1	3.93901
13060010	347	0.1	-0.1	-2.67687
13060010	348	0.1	-0.1	4.31825
13060010	349	0.1	-0.1	-5.64201
13060010	350	0.1	-0.1	1.75456
13060010	351	0.1	-0.1	5.97323
13060010	352	0.1	-0.1	0.548487
13060010	353	0.1	-0.1	-2.14007
13060010	354	0.1	-0.1	4.80184
13060010	355	0.1	-0.1	4.29598
13060010	356	0.1	-0.1	4.40852
13060010	357	0.1	-0.1	-2.4074
13060010	358	0.1	-0.1	5.41227
13060010	359	0.1	-0.1	3.22951
13060010	360	0.1	-0.1	-2.72869
13060010	361	0.1	-0.1	5.92872
13060010	362	0.1	-0.1	-0.368522
13060010	363	0.1	-0.1	0.702465
13060010	364	0.1	-0.1	5.84645
13060010	365	0.1	-0.1	5.72254
13060010	366	0.1	-0.1	3.65858
13060010	367	0.1	-0.1	1.33311
13060010	368	0.1	-0.1	-4.57095
13060010	369	0.1	-0.1	3.89577
13060010	370	0.1	-0.1	0.462689
13060010	371	0.1	-0.1	-2.52739
13060010	372	0.1	-0.1	-0.803982
13060010	373	0.1	-0.1	2.78931
13060010	374	0.1	-0.1	2.79343
13060010	375	0.1	-0.1	4.27113
13060010	376	0.1	-0.1	-2.80538
13060010	377	0.1	-0.1	-5.0477
13060010	378	0.1	-0.1	5.21398
13060010	379	0.1	-0.1	-2.23656
13060010	380	0.1	-0.1	5.32573
13060010	381	0.1	-0.1	-3.55058
13060010	382	0.1	-0.1	0.0731983
13060010	383	0.1	-0.1	-4.98569
13060010	384	0.1	-0.1	-2.59469
13060010	385	0.1	-0.1	-3.54497
13060010	386	0.1	-0.1	3.60543
13060010	387	0.1	-0.1	-0.635475
13060010	388	0.1	-0.1	-4.96128
13060010	389	0.1	-0.1	-1.60787
13060010	390	0.1	-0.1	2.63511
13060010	391	0.1	-0.1	-5.51372
13060010	392	0.1	-0.1	3.32779
13060010	393	0.1	-0.1	1.03619
13060010	394	0.1	-0.1	-0.653919
13060010	395	0.1	-0.1	-2.08928
13060010	396	0.1	-0.1	2.92243
13060010	397	0.1	-0.1	-0.470344
13060010	398	0.1	-0.1	-2.36294
13060010	399	0.1	-0.1	-2.98197
13060010	400	0.1	-0.1	-1.45002
13060010	401	0.1	-0.1	5.33402
13060010	402	0.1	-0.1	-5.9474
13060010	403	0.1	-0.1	-0.0564107
13060010	404	0.1	-0.1	1.14418
13060010	405	0.1	-0.1	-0.0722353
13060010	406	0.1	-0.1	-1.22879
13060010	407	0.1	-0.1	2.06899
13060010	408	0.1	-0.1	3.56329
13060010	409	0.1	-0.1	4.68609
13060010	410	0.1	-0.1	3.35592
13060010	411	0.1	-0.1	2.42817
13060010	412	0.1	-0.1	1.28706
13060010	413	0.1	-0.1	2.92334
13060010	414	0.1	-0.1	-2.14816
13060010	415	0.1	-0.1	1.14849
13060010	416	0.1	-0.1	5.10701
13060010	417	0.1	-0.1	-4.96051
13060010	418	0.1	-0.1	5.07397
13060010	419	0.1	-0.1	4.05888
13060010	420	0.1	-0.1	3.85294
13060010	421	0.1	-0.1	-0.446158
13060010	422	0.1	-0.1	5.54105
13060010	423	0.1	-0.1	-2.02945
13060010	424	0.1	-0.1	-5.4182
13060010	425	0.1	-0.1	-4.68634
13060010	426	0.1	-0.1	2.89293
13060010	427	0.1	-0.1	4.87534
13060010	428	0.1	-0.1	-4.07423
13060010	429	0.1	-0.1	-3.90119
13060010	430	0.1	-0.1	1.19056
13060010	431	0.1	-0.1	-5.98849
13060010	432	0.1	-0.1	-1.8336
13060010	433	0.1	-0.1	-2.08724
13060010	434	0.1	-0.1	0.769364
13060010	435	0.1	-0.1	0.119718
13060010	436	0.1	-0.1	-4.16757
13060010	437	0.1	-0.1	-1.08325
13060010	438	0.1	-0.1	-1.823
13060010	439	0.1	-0.1	-5.56629
13060010	440	0.1	-0.1	1.27988
13060010	441	0.1	-0.1	-0.94816
13060010	442	0.1	-0.1	-3.51286
13060010	443	0.1	-0.1	3.5245
13060010	444	0.1	-0.1	-4.91883
13060010	445	0.1	-0.1	-4.01015
13060010	446	0.1	-0.1	4.34162
13060010	447	0.1	-0.1	-4.39129
13060010	448	0.1	-0.1	-5.15859
13060010	449	0.1	-0.1	0.405006
13060010	450	0.1	-0.1	3.06168
13060010	451	0.1	-0.1	5.1719
13060010	452	0.1	-0.1	-2.58653
13060010	453	0.1	-0.1	3.21014
13060010	454	0.1	-0.1	5.55081
13060010	455	0.1	-0.1	0.69468
13060010	456	0.1	-0.1	-0.431376
13060010	457	0.1	-0.1	-2.36491
13060010	458	0.1	-0.1	3.76163
13060010	459	0.1	-0.1	3.23315
13060010	460	0.1	-0.1	-4.69596
13060010	461	0.1	-0.1	-2.15829
13060010	462	0.1	-0.1	1.2514
13060010	463	0.1	-0.1	2.2288
13060010	464	0.1	-0.1	5.48491
13060010	465	0.1	-0.1	2.87914
13060010	466	0.1	-0.1	5.15833
13060010	467	0.1	-0.1	0.746867
13060010	468	0.1	-0.1	-4.07983
13060010	469	0.1	-0.1	-0.659109
13060010	470	0.1	-0.1	0.319348
13060010	471	0.1	-0.1	3.24277
13060010	472	0.1	-0.1	-2.91126
13060010	473	0.1	-0.1	1.39652
13060010	474	0.1	-0.1	0.2321
13060010	475	0.1	-0.1	-5.1946
13060010	476	0.1	-0.1	-2.17307
13060010	477	0.1	-0.1	-5.6516
13060010	478	0.1	-0.1	1.02516
13060010	479	0.1	-0.1	1.34418
13060010	480	0.1	-0.1	3.8194
13060010	481	0.1	-0.1	-2.52801
13060010	482	0.1	-0.1	-1.22322
13060010	483	0.1	-0.1	-1.0954
13060010	484	0.1	-0.1	1.70564
13060010	485	0.1	-0.1	3.65799
13060010	486	0.1	-0.1	-3.2252
13060010	487	0.1	-0.1	-0.100017
13060010	488	0.1	-0.1	-0.840985
13060010	489	0.1	-0.1	1.26832
13060010	490	0.1	-0.1	2.19379
13060010	491	0.1	-0.1	-2.44567
13060010	492	0.1	-0.1	5.16804
13060010	493	0.1	-0.1	-2.5747
13060010	494	0.1	-0.1	2.29716
13060010	495	0.1	-0.1	-3.48424
13060010	496	0.1	-0.1	-1.21814
13060010	497	0.1	-0.1	4.66457
13060010	498	0.1	-0.1	5.13466
13060010	499	0.1	-0.1	-4.14356
13060010	500	0.1	-0.1	3.93613
13060010	501	0.1	-0.1	-5.70686
13060010	502	0.1	-0.1	2.86547
13060010	503	0.1	-0.1	-4.24922
13060010	504	0.1	-0.1	-2.27056
13060010	505	0.1	-0.1	4.5766
13060010	506	0.1	-0.1	-1.14653
13060010	507	0.1	-0.1	-2.64673
13060010	508	0.1	-0.1	4.96358
13060010	509	0.1	-0.1	4.32515
13060010	510	0.1	-0.1	5.04395
13060010	511	0.1	-0.1	3.32689
13060010	512	0.1	-0.1	5.2133
13060010	513	0.1	-0.1	3.08597
13060010	514	0.1	-0.1	-3.02337
13060010	515	0.1	-0.1	3.02164
13060010	516	0.1	-0.1	-3.55264
13060010	517	0.1	-0.1	0.0663631
13060010	518	0.1	-0.1	1.69691
13060010	519	0.1	-0.1	3.83954
13060010	520	0.1	-0.1	5.10761
13060010	521	0.1	-0.1	-0.927
13060010	522	0.1	-0.1	4.78057
13060010	523	0.1	-0.1	2.75234
13060010	524	0.1	-0.1	-4.66559
13060010	525	0.1	-0.1	0.665177
13060010	526	0.1	-0.1	5.30906
13060010	527	0.1	-0.1	-4.6883
13060010	528	0.1	-0.1	5.77166
13060010	529	0.1	-0.1	2.51777
13060010	530	0.1	-0.1	5.03679
13060010	531	0.1	-0.1	-0.379018
13060010	532	0.1	-0.1	5.62197
13060010	533	0.1	-0.1	-4.26565
13060010	534	0.1	-0.1	0.155223
13060010	535	0.1	-0.1	5.14398
13060010	536	0.1	-0.1	4.17414
13060010	537	0.1	-0.1	-4.90829
13060010	538	0.1	-0.1	-1.17786
13060010	539	0.1	-0.1	-3.65231
13060010	540	0.1	-0.1	4.73952
13060010	541	0.1	-0.1	4.52336
13060010	542	0.1	-0.1	3.36772
13060010	543	0.1	-0.1	-0.435222
13060010	544	0.1	-0.1	2.06995
13060010	545	0.1	-0.1	-3.48354
13060010	546	0.1	-0.1	2.5856
13060010	547	0.1	-0.1	-5.36486
13060010	548	0.1	-0.1	3.30515
13060010	549	0.1	-0.1	1.2041
13060010	550	0.1	-0.1	2.96039
13060010	551	0.1	-0.1	-1.66902
13060010	552	0.1	-0.1	5.82142
13060010	553	0.1	-0.1	3.37818
13060010	554	0.1	-0.1	5.75116
13060010	555	0.1	-0.1	-3.21284
13060010	556	0.1	-0.1	-1.20949
13060010	557	0.1	-0.1	5.11947
13060010	558	0.1	-0.1	2.40488
13060010	559	0.1	-0.1	-5.21542
13060010	560	0.1	-0.1	1.59935
13060010	561	0.1	-0.1	2.40227
13060010	562	0.1	-0.1	3.70816
13060010	563	0.1	-0.1	0.398927
13060010	564	0.1	-0.1	5.97943
13060010	565	0.1	-0.1	0.673801
13060010	566	0.1	-0.1	-2.20034
13060010	567	0.1	-0.1	4.72155
13060010	568	0.1	-0.1	-0.68379
13060010	569	0.1	-0.1	2.46611
13060010	570	0.1	-0.1	3.90111
13060010	571	0.1	-0.1	5.41786
13060010	572	0.1	-0.1	-5.59633
13060010	573	0.1	-0.1	-3.07046
13060010	574	0.1	-0.1	1.66086
13060010	575	0.1	-0.1	2.15354
13060010	576	0.1	-0.1	-0.67203
13060010	577	0.1	-0.1	-0.442831
13060010	578	0.1	-0.1	4.64428
13060010	579	0.1	-0.1	5.41335
13060010	580	0.1	-0.1	-1.54201
13060010	581	0.1	-0.1	-3.22208
13060010	582	0.1	-0.1	-1.11997
13060010	583	0.1	-0.1	-2.1906
13060010	584	0.1	-0.1	-3.67912
13060010	585	0.1	-0.1	0.030109
13060010	586	0.1	-0.1	2.41073
13060010	587	0.1	-0.1	-0.612433
13060010	588	0.1	-0.1	-4.50546
13060010	589	0.1	-0.1	-1.28565
13060010	590	0.1	-0.1	5.23212
13060010	591	0.1	-0.1	1.46973
13060010	592	0.1	-0.1	3.44664
13060010	593	0.1	-0.1	3.46747
13060010	594	0.1	-0.1	3.3412
13060010	595	0.1	-0.1	5.09962
13060010	596	0.1	-0.1	-4.70489
13060010	597	0.1	-0.1	-4.9956
13060010	598	0.1	-0.1	5.79898
13060010	599	0.1	-0.1	4.18554
13060010	600	0.1	-0.1	5.56432
13060010	601	0.1	-0.1	4.98689
13060010	602	0.1	-0.1	-5.40272
13060010	603	0.1	-0.1	-1.86354
13060010	604	0.1	-0.1	5.77327
13060010	605	0.1	-0.1	3.17502
13060010	606	0.1	-0.1	-3.12116
13060010	607	0.1	-0.1	5.4091
13060010	608	0.1	-0.1	3.8773
13060010	609	0.1	-0.1	-4.75813
13060010	610	0.1	-0.1	5.39972
13060010	611	0.1	-0.1	-3.21706
13060010	612	0.1	-0.1	2.49092
13060010	613	0.1	-0.1	-0.944843
13060010	614	0.1	-0.1	-0.292824
13060010	615	0.1	-0.1	1.34184
13060010	616	0.1	-0.1	0.498935
13060010	617	0.1	-0.1	-3.92433
13060010	618	0.1	-0.1	0.866474
13060010	619	0.1	-0.1	3.08039
13060010	620	0.1	-0.1	-4.87948
13060010	621	0.1	-0.1	5.19275
13060010	622	0.1	-0.1	-2.5345
13060010	623	0.1	-0.1	0.0445735
13060010	624	0.1	-0.1	2.03352
13060010	625	0.1	-0.1	5.99166
13060010	626	0.1	-0.1	-0.926205
13060010	627	0.1	-0.1	-3.68634
13060010	628	0.1	-0.1	-2.23712
13060010	629	0.1	-0.1	2.99067
13060010	630	0.1	-0.1	3.8423
13060010	631	0.1	-0.1	-4.70402
13060010	632	0.1	-0.1	2.89274
13060010	633	0.1	-0.1	5.96504
13060010	634	0.1	-0.1	5.96957
13060010	635	0.1	-0.1	-4.7523
13060010	636	0.1	-0.1	5.13214
13060010	637	0.1	-0.1	-4.70841
13060010	638	0.1	-0.1	5.89082
13060010	639	0.1	-0.1	-0.0435518
13060010	640	0.1	-0.1	-0.287142
13060010	641	0.1	-0.1	0.510334
13060010	642	0.1	-0.1	5.23399
13060010	643	0.1	-0.1	5.42139
13060010	644	0.1	-0.1	-2.12695
13060010	645	0.1	-0.1	1.58397
13060010	646	0.1	-0.1	-1.25527
13060010	647	0.1	-0.1	1.70544
13060010	648	0.1	-0.1	4.64095
13060010	649	0.1	-0.1	2.38841
13060010	650	0.1	-0.1	-5.82182
13060010	651	0.1	-0.1	-2.02152
13060010	652	0.1	-0.1	-3.12837
13060010	653	0.1	-0.1	0.94691
13060010	654	0.1	-0.1	2.92889
13060010	655	0.1	-0.1	-2.93616
13060010	656	0.1	-0.1	-2.22451
13060010	657	0.1	-0.1	5.13462
13060010	658	0.1	-0.1	0.646694
13060010	659	0.1	-0.1	-1.59233
13060010	660	0.1	-0.1	-3.33843
13060010	661	0.1	-0.1	-3.20169
13060010	662	0.1	-0.1	-3.78106
13060010	663	0.1	-0.1	0.0338666
13060010	664	0.1	-0.1	-5.10995
13060010	665	0.1	-0.1	2.71796
13060010	666	0.1	-0.1	-1.36462
13060010	667	0.1	-0.1	-4.27444
13060010	668	0.1	-0.1	2.14814
13060010	669	0.1	-0.1	5.87835
13060010	670	0.1	-0.1	3.74649
13060010	671	0.1	-0.1	2.79031
13060010	672	0.1	-0.1	0.277285
13060010	673	0.1	-0.1	-2.18846
13060010	674	0.1	-0.1	0.602036
13060010	675	0.1	-0.1	5.2003
13060010	676	0.1	-0.1	0.869439
13060010	677	0.1	-0.1	-3.71006
13060010	678	0.1	-0.1	5.94914
13060010	679	0.1	-0.1	-3.68411
13060010	680	0.1	-0.1	-3.59496
13060010	681	0.1	-0.1	-2.54414
13060010	682	0.1	-0.1	-5.52139
13060010	683	0.1	-0.1	-1.10362
13060010	684	0.1	-0.1	-0.632282
13060010	685	0.1	-0.1	1.41824
13060010	686	0.1	-0.1	-1.92889
13060010	687	0.1	-0.1	-2.03823
13060010	688	0.1	-0.1	-5.08818
13060010	689	0.1	-0.1	-1.27226
13060010	690	0.1	-0.1	-2.73059
13060010	691	0.1	-0.1	-3.3634
13060010	692	0.1	-0.1	5.58137
13060010	693	0.1	-0.1	3.20894
13060010	694	0.1	-0.1	-0.367645
13060010	695	0.1	-0.1	1.95232
13060010	696	0.1	-0.1	4.42427
13060010	697	0.1	-0.1	4.09376
13060010	698	0.1	-0.1	2.38381
13060010	699	0.1	-0.1	-0.502828
13060010	700	0.1	-0.1	0.883312
13060010	701	0.1	-0.1	4.68743
13060010	702	0.1	-0.1	-5.97372
13060010	703	0.1	-0.1	3.56248
13060010	704	0.1	-0.1	-4.61978
13060010	705	0.1	-0.1	-2.61613
13060010	706	0.1	-0.1	-4.1235
13060010	707	0.1	-0.1	4.46773
13060010	708	0.1	-0.1	-3.97999
13060010	709	0.1	-0.1	2.61423
13060010	710	0.1	-0.1	-4.14849
13060010	711	0.1	-0.1	-1.05152
13060010	712	0.1	-0.1	-2.9874
13060010	713	0.1	-0.1	-3.00995
13060010	714	0.1	-0.1	-0.521461
13060010	715	0.1	-0.1	-1.20559
13060010	716	0.1	-0.1	-3.62776
13060010	717	0.1	-0.1	-2.64828
13060010	718	0.1	-0.1	-0.339724
13060010	719	0.1	-0.1	5.3383
13060010	720	0.1	-0.1	1.00643
13060010	721	0.1	-0.1	-0.924869
13060010	722	0.1	-0.1	0.547097
13060010	723	0.1	-0.1	-2.99273
13060010	724	0.1	-0.1	-3.40807
13060010	725	0.1	-0.1	2.85588
13060010	726	0.1	-0.1	1.76264
13060010	727	0.1	-0.1	-2.48995
13060010	728	0.1	-0.1	3.87858
13060010	729	0.1	-0.1	1.9466
13060010	730	0.1	-0.1	-2.70654
13060010	731	0.1	-0.1	-2.5378
13060010	732	0.1	-0.1	1.42848
13060010	733	0.1	-0.1	-5.02322
13060010	734	0.1	-0.1	-0.931843
13060010	735	0.1	-0.1	0.162914
13060010	736	0.1	-0.1	2.624
13060010	737	0.1	-0.1	1.29941
13060010	738	0.1	-0.1	-3.71964
13060010	739	0.1	-0.1	-2.70054
13060010	740	0.1	-0.1	-0.728571
13060010	741	0.1	-0.1	4.63814
13060010	742	0.1	-0.1	4.33581
13060010	743	0.1	-0.1	-1.32257
13060010	744	0.1	-0.1	4.40583
13060010	745	0.1	-0.1	3.85977
13060010	746	0.1	-0.1	-1.30018
13060010	747	0.1	-0.1	-1.19523
13060010	748	0.1	-0.1	0.555076
13060010	749	0.1	-0.1	-0.0124794
13060010	750	0.1	-0.1	5.94394
13060010	751	0.1	-0.1	2.74009
13060010	752	0.1	-0.1	-5.63805
13060010	753	0.1	-0.1	0.885154
13060010	754	0.1	-0.1	-0.031627
13060010	755	0.1	-0.1	4.36838
13060010	756	0.1	-0.1	4.80062
13060010	757	0.1	-0.1	-5.26087
13060010	758	0.1	-0.1	5.1264
13060010	759	0.1	-0.1	-1.56337
13060010	760	0.1	-0.1	2.72155
13060010	761	0.1	-0.1	-1.96087
13060010	762	0.1	-0.1	2.82052
13060010	763	0.1	-0.1	1.61342
13060010	764	0.1	-0.1	-0.766658
13060010	765	0.1	-0.1	4.79845
13060010	766	0.1	-0.1	4.70122
13060010	767	0.1	-0.1	1.75195
13060010	768	0.1	-0.1	-1.54374
13060010	769	0.1	-0.1	-3.81682
13060010	770	0.1	-0.1	-5.98204
13060010	771	0.1	-0.1	-0.395469
13060010	772	0.1	-0.1	-5.69926
13060010	773	0.1	-0.1	0.683121
13060010	774	0.1	-0.1	0.814409
13060010	775	0.1	-0.1	-2.0692
13060010	776	0.1	-0.1	2.62254
13060010	777	0.1	-0.1	-3.72685
13060010	778	0.1	-0.1	2.4354
13060010	779	0.1	-0.1	-2.53203
13060010	780	0.1	-0.1	2.12041
13060010	781	0.1	-0.1	-1.12319
13060010	782	0.1	-0.1	-4.74182
13060010	783	0.1	-0.1	-0.356447
13060010	784	0.1	-0.1	-4.14392
13060010	785	0.1	-0.1	1.41214
13060010	786	0.1	-0.1	-2.38683
13060010	787	0.1	-0.1	-4.09409
13060010	788	0.1	-0.1	-5.29043
13060010	789	0.1	-0.1	-4.43589
13060010	790	0.1	-0.1	-4.06648
13060010	791	0.1	-0.1	5.3949
13060010	792	0.1	-0.1	-1.91283
13060010	793	0.1	-0.1	-5.0957
13060010	794	0.1	-0.1	-3.28304
13060010	795	0.1	-0.1	-0.651675
13060010	796	0.1	-0.1	-0.993868
13060010	797	0.1	-0.1	3.6271
13060010	798	0.1	-0.1	0.850879
13060010	799	0.1	-0.1	-0.985239
13060010	800	0.1	-0.1	2.42452
13060010	801	0.1	-0.1	-5.87451
13060010	802	0.1	-0.1	0.326059
13060010	803	0.1	-0.1	-2.77308
13060010	804	0.1	-0.1	2.09679
13060010	805	0.1	-0.1	2.01184
13060010	806	0.1	-0.1	1.01716
13060010	807	0.1	-0.1	4.78468
13060010	808	0.1	-0.1	0.856282
13060010	809	0.1	-0.1	-0.463545
13060010	810	0.1	-0.1	2.18928
13060010	811	0.1	-0.1	-5.80234
13060010	812	0.1	-0.1	-4.1084
13060010	813	0.1	-0.1	-4.85703
13060010	814	0.1	-0.1	-3.27866
13060010	815	0.1	-0.1	-0.952703
13060010	816	0.1	-0.1	-2.09511
13060010	817	0.1	-0.1	-5.41463
13060010	818	0.1	-0.1	-1.68935
13060010	819	0.1	-0.1	-2.20986
13060010	820	0.1	-0.1	-0.609232
13060010	821	0.1	-0.1	1.59099
13060010	822	0.1	-0.1	1.61219
13060010	823	0.1	-0.1	2.15474
13060010	824	0.1	-0.1	2.43861
13060010	825	0.1	-0.1	-1.04798
13060010	826	0.1	-0.1	-2.81098
13060010	827	0.1	-0.1	-1.812
13060010	828	0.1	-0.1	2.8149
13060010	829	0.1	-0.1	4.21971
13060010	830	0.1	-0.1	1.16243
13060010	831	0.1	-0.1	0.611444
13060010	832	0.1	-0.1	2.61575
13060010	833	0.1	-0.1	3.75058
13060010	834	0.1	-0.1	-0.431367
13060010	835	0.1	-0.1	1.61409
13060010	836	0.1	-0.1	-4.01553
13060010	837	0.1	-0.1	-3.97474
13060010	838	0.1	-0.1	-1.11996
13060010	839	0.1	-0.1	2.95328
13060010	840	0.1	-0.1	-4.45379
13060010	841	0.1	-0.1	-0.562942
13060010	842	0.1	-0.1	1.28838
13060010	843	0.1	-0.1	-3.1258
13060010	844	0.1	-0.1	4.84945
13060010	845	0.1	-0.1	-5.22711
13060010	846	0.1	-0.1	-4.56756
13060010	847	0.1	-0.1	1.89683
13060010	848	0.1	-0.1	1.7369
13060010	849	0.1	-0.1	-0.967781
13060010	850	0.1	-0.1	-5.63855
13060010	851	0.1	-0.1	3.09004
13060010	852	0.1	-0.1	2.84796
13060010	853	0.1	-0.1	5.84167
13060010	854	0.1	-0.1	-3.99192
13060010	855	0.1	-0.1	-0.0633432
13060010	856	0.1	-0.1	3.03141
13060010	857	0.1	-0.1	-4.3047
13060010	858	0.1	-0.1	2.21676
13060010	859	0.1	-0.1	-2.42945
13060010	860	0.1	-0.1	2.55171
13060010	861	0.1	-0.1	-1.77964
13060010	862	0.1	-0.1	4.05384
13060010	863	0.1	-0.1	2.73925
13060010	864	0.1	-0.1	-1.00997
13060010	865	0.1	-0.1	-1.86388
13060010	866	0.1	-0.1	3.43211
13060010	867	0.1	-0.1	1.36269
13060010	868	0.1	-0.1	-1.08719
13060010	869	0.1	-0.1	5.41935
13060010	870	0.1	-0.1	1.93762
13060010	871	0.1	-0.1	3.48232
13060010	872	0.1	-0.1	-1.83082
13060010	873	0.1	-0.1	-2.81576
13060010	874	0.1	-0.1	-5.24808
13060010	875	0.1	-0.1	-4.42947
13060010	876	0.1	-0.1	1.06514
13060010	877	0.1	-0.1	-1.1818
13060010	878	0.1	-0.1	-0.803676
13060010	879	0.1	-0.1	-2.71626
13060010	880	0.1	-0.1	-5.72426
13060010	881	0.1	-0.1	-4.07525
13060010	882	0.1	-0.1	-5.21671
13060010	883	0.1	-0.1	-2.92782
13060010	884	0.1	-0.1	-0.504552
13060010	885	0.1	-0.1	4.71326
13060010	886	0.1	-0.1	-2.89411
13060010	887	0.1	-0.1	0.274403
13060010	888	0.1	-0.1	5.2278
13060010	889	0.1	-0.1	4.64665
13060010	890	0.1	-0.1	-2.11239
13060010	891	0.1	-0.1	3.96056
13060010	892	0.1	-0.1	5.72386
13060010	893	0.1	-0.1	0.938831
13060010	894	0.1	-0.1	2.21586
13060010	895	0.1	-0.1	3.52611
13060010	896	0.1	-0.1	-5.96245
13060010	897	0.1	-0.1	2.81307
13060010	898	0.1	-0.1	0.336745
13060010	899	0.1	-0.1	2.42995
13060010	900	0.1	-0.1	4.08832
13060010	901	0.1	-0.1	-2.92975
13060010	902	0.1	-0.1	-4.24638
13060010	903	0.1	-0.1	-4.14561
13060010	904	0.1	-0.1	-0.924937
13060010	905	0.1	-0.1	-3.13108
13060010	906	0.1	-0.1	-5.31424
13060010	907	0.1	-0.1	-5.61879
13060010	908	0.1	-0.1	-5.22799
13060010	909	0.1	-0.1	0.174813
13060010	910	0.1	-0.1	-5.04301
13060010	911	0.1	-0.1	2.88717
13060010	912	0.1	-0.1	5.90774
13060010	913	0.1	-0.1	-4.94028
13060010	914	0.1	-0.1	3.08522
13060010	915	0.1	-0.1	5.68706
13060010	916	0.1	-0.1	-1.84771
13060010	917	0.1	-0.1	-2.89018
13060010	918	0.1	-0.1	-5.40328
13060010	919	0.1	-0.1	4.99304
13060010	920	0.1	-0.1	3.99708
13060010	921	0.1	-0.1	-5.39499
13060010	922	0.1	-0.1	1.59512
13060010	923	0.1	-0.1	-0.103811
13060010	924	0.1	-0.1	-1.79423
13060010	925	0.1	-0.1	-0.825253
13060010	926	0.1	-0.1	5.71238
13060010	927	0.1	-0.1	-0.469081
13060010	928	0.1	-0.1	3.9339
13060010	929	0.1	-0.1	5.69126
13060010	930	0.1	-0.1	-2.02674
13060010	931	0.1	-0.1	-0.323606
13060010	932	0.1	-0.1	-3.77801
13060010	933	0.1	-0.1	-3.01295
13060010	934	0.1	-0.1	-3.93663
13060010	935	0.1	-0.1	-5.46393
13060010	936	0.1	-0.1	-0.333768
13060010	937	0.1	-0.1	4.49955
13060010	938	0.1	-0.1	-4.57322
13060010	939	0.1	-0.1	-5.8917
13060010	940	0.1	-0.1	3.89715
13060010	941	0.1	-0.1	1.41695
13060010	942	0.1	-0.1	-1.44409
13060010	943	0.1	-0.1	-5.84697
13060010	944	0.1	-0.1	0.881415
13060010	945	0.1	-0.1	4.3133
13060010	946	0.1	-0.1	-1.99257
13060010	947	0.1	-0.1	-1.53168
13060010	948	0.1	-0.1	1.53075
13060010	949	0.1	-0.1	-5.33234
13060010	950	0.1	-0.1	0.71542
13060010	951	0.1	-0.1	-4.05196
13060010	952	0.1	-0.1	1.21916
13060010	953	0.1	-0.1	-0.846619
13060010	954	0.1	-0.1	-1.91131
13060010	955	0.1	-0.1	0.483155
13060010	956	0.1	-0.1	5.04655
13060010	957	0.1	-0.1	0.0325458
13060010	958	0.1	-0.1	-4.75933
13060010	959	0.1	-0.1	0.0736079
13060010	960	0.1	-0.1	-4.93974
13060010	961	0.1	-0.1	4.04925
13060010	962	0.1	-0.1	4.41232
13060010	963	0.1	-0.1	5.16251
13060010	964	0.1	-0.1	-5.42477
13060010	965	0.1	-0.1	2.45292
13060010	966	0.1	-0.1	-5.30923
13060010	967	0.1	-0.1	1.90114
13060010	968	0.1	-0.1	-1.57029
13060010	969	0.1	-0.1	-2.68273
13060010	970	0.1	-0.1	4.93437
13060010	971	0.1	-0.1	-1.05869
13060010	972	0.1	-0.1	-3.91798
13060010	973	0.1	-0.1	-2.86349
13060010	974	0.1	-0.1	-3.85029
13060010	975	0.1	-0.1	0.172282
13060010	976	0.1	-0.1	-1.86522
13060010	977	0.1	-0.1	2.63436
13060010	978	0.1	-0.1	-0.344761
13060010	979	0.1	-0.1	3.11938
13060010	980	0.1	-0.1	5.93465
13060010	981	0.1	-0.1	0.463215
13060010	982	0.1	-0.1	3.66683
13060010	983	0.1	-0.1	2.18157
13060010	984	0.1	-0.1	3.6714
13060010	985	0.1	-0.1	4.83501
13060010	986	0.1	-0.1	-0.19416
13060010	987	0.1	-0.1	4.46884
13060010	988	0.1	-0.1	-1.72704
13060010	989	0.1	-0.1	-4.73766
13060010	990	0.1	-0.1	-0.69433
13060010	991	0.1	-0.1	2.25418
13060010	992	0.1	-0.1	-4.41565
13060010	993	0.1	-0.1	2.16827
13060010	994	0.1	-0.1	-5.0104
13060010	995	0.1	-0.1	-3.30027
13060010	996	0.1	-0.1	3.19078
13060010	997	0.1	-0.1	4.95264
13060010	998	0.1	-0.1	4.10397
13060010	999	0.1	-0.1	2.97281
13060010	1000	0.1	-0.1	-1.90754
