13066031	1	0.1	-0.1	5.09815
13066031	2	0.1	-0.1	-5.35014
13066031	3	0.1	-0.1	1.88243
13066031	4	0.1	-0.1	-5.01959
13066031	5	0.1	-0.1	-4.94954
13066031	6	0.1	-0.1	-2.89679
13066031	7	0.1	-0.1	-0.341406
13066031	8	0.1	-0.1	3.64346
13066031	9	0.1	-0.1	5.59104
13066031	10	0.1	-0.1	2.01328
13066031	11	0.1	-0.1	-1.18114
13066031	12	0.1	-0.1	-5.90909
13066031	13	0.1	-0.1	3.12853
13066031	14	0.1	-0.1	-3.54768
13066031	15	0.1	-0.1	-1.78459
13066031	16	0.1	-0.1	-5.70021
13066031	17	0.1	-0.1	2.40927
13066031	18	0.1	-0.1	-2.93612
13066031	19	0.1	-0.1	-0.174752
13066031	20	0.1	-0.1	2.73303
13066031	21	0.1	-0.1	0.301622
13066031	22	0.1	-0.1	-5.5357
13066031	23	0.1	-0.1	-0.0973302
13066031	24	0.1	-0.1	0.139863
13066031	25	0.1	-0.1	-1.86904
13066031	26	0.1	-0.1	5.67933
13066031	27	0.1	-0.1	0.310073
13066031	28	0.1	-0.1	-3.95687
13066031	29	0.1	-0.1	1.18011
13066031	30	0.1	-0.1	-1.80926
13066031	31	0.1	-0.1	1.65766
13066031	32	0.1	-0.1	1.45844
13066031	33	0.1	-0.1	3.03516
13066031	34	0.1	-0.1	0.797596
13066031	35	0.1	-0.1	-5.7912
13066031	36	0.1	-0.1	-0.124417
13066031	37	0.1	-0.1	1.5164
13066031	38	0.1	-0.1	1.67555
13066031	39	0.1	-0.1	-0.263911
13066031	40	0.1	-0.1	1.93186
13066031	41	0.1	-0.1	5.08035
13066031	42	0.1	-0.1	-5.39461
13066031	43	0.1	-0.1	-4.87275
13066031	44	0.1	-0.1	-0.821514
13066031	45	0.1	-0.1	1.13196
13066031	46	0.1	-0.1	1.18943
13066031	47	0.1	-0.1	-5.31533
13066031	48	0.1	-0.1	-0.195507
13066031	49	0.1	-0.1	5.142
13066031	50	0.1	-0.1	-1.27199
13066031	51	0.1	-0.1	-3.42273
13066031	52	0.1	-0.1	4.07929
13066031	53	0.1	-0.1	3.44373
13066031	54	0.1	-0.1	4.89545
13066031	55	0.1	-0.1	0.427798
13066031	56	0.1	-0.1	5.91838
13066031	57	0.1	-0.1	-5.41146
13066031	58	0.1	-0.1	4.59385
13066031	59	0.1	-0.1	-5.83237
13066031	60	0.1	-0.1	-1.27902
13066031	61	0.1	-0.1	1.65188
13066031	62	0.1	-0.1	-3.575
13066031	63	0.1	-0.1	-4.99562
13066031	64	0.1	-0.1	-1.27224
13066031	65	0.1	-0.1	2.881
13066031	66	0.1	-0.1	-1.20263
13066031	67	0.1	-0.1	-4.84084
13066031	68	0.1	-0.1	-4.87897
13066031	69	0.1	-0.1	-4.03016
13066031	70	0.1	-0.1	-0.885128
13066031	71	0.1	-0.1	-0.597966
13066031	72	0.1	-0.1	-1.02516
13066031	73	0.1	-0.1	2.90673
13066031	74	0.1	-0.1	3.63275
13066031	75	0.1	-0.1	0.773701
13066031	76	0.1	-0.1	3.2296
13066031	77	0.1	-0.1	2.91946
13066031	78	0.1	-0.1	3.19327
13066031	79	0.1	-0.1	-4.18467
13066031	80	0.1	-0.1	0.720741
13066031	81	0.1	-0.1	0.915894
13066031	82	0.1	-0.1	3.7953
13066031	83	0.1	-0.1	4.48839
13066031	84	0.1	-0.1	-2.96842
13066031	85	0.1	-0.1	-1.58189
13066031	86	0.1	-0.1	2.21414
13066031	87	0.1	-0.1	4.31701
13066031	88	0.1	-0.1	-0.521586
13066031	89	0.1	-0.1	0.992396
13066031	90	0.1	-0.1	-2.06795
13066031	91	0.1	-0.1	2.87987
13066031	92	0.1	-0.1	0.11596
13066031	93	0.1	-0.1	-3.49442
13066031	94	0.1	-0.1	4.56711
13066031	95	0.1	-0.1	-1.93132
13066031	96	0.1	-0.1	-3.81001
13066031	97	0.1	-0.1	-2.64731
13066031	98	0.1	-0.1	5.38231
13066031	99	0.1	-0.1	-1.94693
13066031	100	0.1	-0.1	1.45234
13066031	101	0.1	-0.1	0.174023
13066031	102	0.1	-0.1	2.36074
13066031	103	0.1	-0.1	2.11326
13066031	104	0.1	-0.1	2.6789
13066031	105	0.1	-0.1	-0.199861
13066031	106	0.1	-0.1	-1.76605
13066031	107	0.1	-0.1	2.02446
13066031	108	0.1	-0.1	3.91062
13066031	109	0.1	-0.1	-3.54524
13066031	110	0.1	-0.1	-3.0977
13066031	111	0.1	-0.1	-3.803
13066031	112	0.1	-0.1	5.18396
13066031	113	0.1	-0.1	0.13824
13066031	114	0.1	-0.1	3.59698
13066031	115	0.1	-0.1	2.11555
13066031	116	0.1	-0.1	-1.77456
13066031	117	0.1	-0.1	3.4254
13066031	118	0.1	-0.1	-0.552963
13066031	119	0.1	-0.1	3.03925
13066031	120	0.1	-0.1	2.07168
13066031	121	0.1	-0.1	-5.34231
13066031	122	0.1	-0.1	3.60342
13066031	123	0.1	-0.1	2.86486
13066031	124	0.1	-0.1	4.73132
13066031	125	0.1	-0.1	-1.53508
13066031	126	0.1	-0.1	-0.327316
13066031	127	0.1	-0.1	3.85688
13066031	128	0.1	-0.1	3.58491
13066031	129	0.1	-0.1	2.34379
13066031	130	0.1	-0.1	0.992609
13066031	131	0.1	-0.1	-4.04639
13066031	132	0.1	-0.1	4.34369
13066031	133	0.1	-0.1	4.73174
13066031	134	0.1	-0.1	4.93018
13066031	135	0.1	-0.1	-3.88923
13066031	136	0.1	-0.1	-1.77468
13066031	137	0.1	-0.1	2.19196
13066031	138	0.1	-0.1	-4.11079
13066031	139	0.1	-0.1	-4.18982
13066031	140	0.1	-0.1	-2.47637
13066031	141	0.1	-0.1	-1.46622
13066031	142	0.1	-0.1	4.15528
13066031	143	0.1	-0.1	5.93701
13066031	144	0.1	-0.1	0.142719
13066031	145	0.1	-0.1	1.8042
13066031	146	0.1	-0.1	-1.44285
13066031	147	0.1	-0.1	-3.0402
13066031	148	0.1	-0.1	1.05802
13066031	149	0.1	-0.1	2.75636
13066031	150	0.1	-0.1	-0.160885
13066031	151	0.1	-0.1	4.70833
13066031	152	0.1	-0.1	-0.0918409
13066031	153	0.1	-0.1	-2.63621
13066031	154	0.1	-0.1	2.76904
13066031	155	0.1	-0.1	-2.41403
13066031	156	0.1	-0.1	-2.11071
13066031	157	0.1	-0.1	-0.0187703
13066031	158	0.1	-0.1	5.50047
13066031	159	0.1	-0.1	-1.85556
13066031	160	0.1	-0.1	-5.58611
13066031	161	0.1	-0.1	3.1154
13066031	162	0.1	-0.1	-2.93743
13066031	163	0.1	-0.1	-5.70406
13066031	164	0.1	-0.1	-0.820728
13066031	165	0.1	-0.1	-3.54841
13066031	166	0.1	-0.1	3.36949
13066031	167	0.1	-0.1	-1.98171
13066031	168	0.1	-0.1	-3.83106
13066031	169	0.1	-0.1	1.43156
13066031	170	0.1	-0.1	2.55839
13066031	171	0.1	-0.1	-2.35755
13066031	172	0.1	-0.1	1.05426
13066031	173	0.1	-0.1	3.94184
13066031	174	0.1	-0.1	-4.86609
13066031	175	0.1	-0.1	5.38337
13066031	176	0.1	-0.1	1.54734
13066031	177	0.1	-0.1	-2.48664
13066031	178	0.1	-0.1	1.57028
13066031	179	0.1	-0.1	-0.536112
13066031	180	0.1	-0.1	2.98912
13066031	181	0.1	-0.1	3.32393
13066031	182	0.1	-0.1	1.73878
13066031	183	0.1	-0.1	2.46066
13066031	184	0.1	-0.1	-4.94893
13066031	185	0.1	-0.1	0.625221
13066031	186	0.1	-0.1	-1.87855
13066031	187	0.1	-0.1	2.91818
13066031	188	0.1	-0.1	-2.80051
13066031	189	0.1	-0.1	-2.77592
13066031	190	0.1	-0.1	-2.24988
13066031	191	0.1	-0.1	-2.93525
13066031	192	0.1	-0.1	0.184711
13066031	193	0.1	-0.1	0.0267932
13066031	194	0.1	-0.1	-5.20943
13066031	195	0.1	-0.1	-4.3884
13066031	196	0.1	-0.1	-4.88455
13066031	197	0.1	-0.1	-2.47072
13066031	198	0.1	-0.1	1.00868
13066031	199	0.1	-0.1	-1.96307
13066031	200	0.1	-0.1	-5.3334
13066031	201	0.1	-0.1	1.73187
13066031	202	0.1	-0.1	-0.892465
13066031	203	0.1	-0.1	2.63419
13066031	204	0.1	-0.1	-4.08777
13066031	205	0.1	-0.1	1.6429
13066031	206	0.1	-0.1	4.39323
13066031	207	0.1	-0.1	3.73752
13066031	208	0.1	-0.1	-1.12022
13066031	209	0.1	-0.1	-3.49665
13066031	210	0.1	-0.1	-2.05986
13066031	211	0.1	-0.1	-4.84922
13066031	212	0.1	-0.1	3.8831
13066031	213	0.1	-0.1	-4.8595
13066031	214	0.1	-0.1	5.49296
13066031	215	0.1	-0.1	0.35065
13066031	216	0.1	-0.1	1.33236
13066031	217	0.1	-0.1	-5.36449
13066031	218	0.1	-0.1	1.16558
13066031	219	0.1	-0.1	-2.2397
13066031	220	0.1	-0.1	5.89047
13066031	221	0.1	-0.1	3.13229
13066031	222	0.1	-0.1	-5.59119
13066031	223	0.1	-0.1	-5.63067
13066031	224	0.1	-0.1	4.14643
13066031	225	0.1	-0.1	4.88175
13066031	226	0.1	-0.1	4.11638
13066031	227	0.1	-0.1	-2.37018
13066031	228	0.1	-0.1	-0.227824
13066031	229	0.1	-0.1	-0.154207
13066031	230	0.1	-0.1	5.63149
13066031	231	0.1	-0.1	-3.43629
13066031	232	0.1	-0.1	0.932987
13066031	233	0.1	-0.1	-2.43519
13066031	234	0.1	-0.1	-5.11283
13066031	235	0.1	-0.1	-2.01577
13066031	236	0.1	-0.1	3.0207
13066031	237	0.1	-0.1	-4.04939
13066031	238	0.1	-0.1	-4.2351
13066031	239	0.1	-0.1	4.43232
13066031	240	0.1	-0.1	-4.88241
13066031	241	0.1	-0.1	-5.21759
13066031	242	0.1	-0.1	-1.00415
13066031	243	0.1	-0.1	3.10388
13066031	244	0.1	-0.1	-1.45138
13066031	245	0.1	-0.1	3.83933
13066031	246	0.1	-0.1	-3.26059
13066031	247	0.1	-0.1	-4.72581
13066031	248	0.1	-0.1	-1.10162
13066031	249	0.1	-0.1	-4.4389
13066031	250	0.1	-0.1	4.00123
13066031	251	0.1	-0.1	-0.1639
13066031	252	0.1	-0.1	0.706442
13066031	253	0.1	-0.1	4.13605
13066031	254	0.1	-0.1	-5.93749
13066031	255	0.1	-0.1	0.55093
13066031	256	0.1	-0.1	-4.06576
13066031	257	0.1	-0.1	4.69081
13066031	258	0.1	-0.1	-2.78796
13066031	259	0.1	-0.1	3.41243
13066031	260	0.1	-0.1	1.94418
13066031	261	0.1	-0.1	4.20057
13066031	262	0.1	-0.1	-3.44286
13066031	263	0.1	-0.1	0.731528
13066031	264	0.1	-0.1	1.4464
13066031	265	0.1	-0.1	-1.99048
13066031	266	0.1	-0.1	-2.53082
13066031	267	0.1	-0.1	4.54427
13066031	268	0.1	-0.1	-2.15372
13066031	269	0.1	-0.1	3.75252
13066031	270	0.1	-0.1	-0.923155
13066031	271	0.1	-0.1	1.89953
13066031	272	0.1	-0.1	5.04054
13066031	273	0.1	-0.1	-5.11685
13066031	274	0.1	-0.1	0.304812
13066031	275	0.1	-0.1	-0.228504
13066031	276	0.1	-0.1	-3.96379
13066031	277	0.1	-0.1	-0.0807983
13066031	278	0.1	-0.1	1.50309
13066031	279	0.1	-0.1	-2.67852
13066031	280	0.1	-0.1	-1.47449
13066031	281	0.1	-0.1	4.61406
13066031	282	0.1	-0.1	-5.81594
13066031	283	0.1	-0.1	-0.568711
13066031	284	0.1	-0.1	2.83771
13066031	285	0.1	-0.1	4.73545
13066031	286	0.1	-0.1	1.56468
13066031	287	0.1	-0.1	-2.59329
13066031	288	0.1	-0.1	0.641707
13066031	289	0.1	-0.1	-2.87929
13066031	290	0.1	-0.1	4.38326
13066031	291	0.1	-0.1	1.72503
13066031	292	0.1	-0.1	2.40832
13066031	293	0.1	-0.1	-0.106834
13066031	294	0.1	-0.1	-4.79916
13066031	295	0.1	-0.1	4.78974
13066031	296	0.1	-0.1	4.75933
13066031	297	0.1	-0.1	5.34084
13066031	298	0.1	-0.1	-5.05264
13066031	299	0.1	-0.1	5.65405
13066031	300	0.1	-0.1	-3.73717
13066031	301	0.1	-0.1	2.65782
13066031	302	0.1	-0.1	5.8783
13066031	303	0.1	-0.1	2.98813
13066031	304	0.1	-0.1	0.485479
13066031	305	0.1	-0.1	-1.75057
13066031	306	0.1	-0.1	-5.08717
13066031	307	0.1	-0.1	-0.517717
13066031	308	0.1	-0.1	-1.55196
13066031	309	0.1	-0.1	3.56307
13066031	310	0.1	-0.1	-2.6218
13066031	311	0.1	-0.1	-5.53695
13066031	312	0.1	-0.1	1.937
13066031	313	0.1	-0.1	-3.7475
13066031	314	0.1	-0.1	2.35871
13066031	315	0.1	-0.1	-3.09726
13066031	316	0.1	-0.1	0.844653
13066031	317	0.1	-0.1	5.77112
13066031	318	0.1	-0.1	-5.6328
13066031	319	0.1	-0.1	-5.08424
13066031	320	0.1	-0.1	-4.62337
13066031	321	0.1	-0.1	-4.7163
13066031	322	0.1	-0.1	2.86891
13066031	323	0.1	-0.1	1.61096
13066031	324	0.1	-0.1	-0.992514
13066031	325	0.1	-0.1	2.73492
13066031	326	0.1	-0.1	-0.0739573
13066031	327	0.1	-0.1	-1.90317
13066031	328	0.1	-0.1	5.90644
13066031	329	0.1	-0.1	1.33199
13066031	330	0.1	-0.1	3.70296
13066031	331	0.1	-0.1	0.970101
13066031	332	0.1	-0.1	-1.53693
13066031	333	0.1	-0.1	-4.18521
13066031	334	0.1	-0.1	-4.33621
13066031	335	0.1	-0.1	2.38806
13066031	336	0.1	-0.1	-1.84427
13066031	337	0.1	-0.1	-1.69497
13066031	338	0.1	-0.1	2.67601
13066031	339	0.1	-0.1	-3.57402
13066031	340	0.1	-0.1	0.978546
13066031	341	0.1	-0.1	1.13027
13066031	342	0.1	-0.1	-5.47498
13066031	343	0.1	-0.1	-4.20718
13066031	344	0.1	-0.1	0.0302987
13066031	345	0.1	-0.1	-3.50995
13066031	346	0.1	-0.1	-4.862
13066031	347	0.1	-0.1	0.423358
13066031	348	0.1	-0.1	-3.19705
13066031	349	0.1	-0.1	5.54073
13066031	350	0.1	-0.1	-2.16171
13066031	351	0.1	-0.1	0.780872
13066031	352	0.1	-0.1	3.43641
13066031	353	0.1	-0.1	-4.27325
13066031	354	0.1	-0.1	0.0510127
13066031	355	0.1	-0.1	-0.749452
13066031	356	0.1	-0.1	-0.910705
13066031	357	0.1	-0.1	4.45188
13066031	358	0.1	-0.1	-1.53609
13066031	359	0.1	-0.1	-3.91255
13066031	360	0.1	-0.1	4.7918
13066031	361	0.1	-0.1	5.49237
13066031	362	0.1	-0.1	2.69998
13066031	363	0.1	-0.1	5.47357
13066031	364	0.1	-0.1	0.706731
13066031	365	0.1	-0.1	-1.486
13066031	366	0.1	-0.1	1.51492
13066031	367	0.1	-0.1	-0.748026
13066031	368	0.1	-0.1	-1.36386
13066031	369	0.1	-0.1	-0.465317
13066031	370	0.1	-0.1	-5.94901
13066031	371	0.1	-0.1	4.18173
13066031	372	0.1	-0.1	4.32609
13066031	373	0.1	-0.1	-2.19878
13066031	374	0.1	-0.1	-0.904424
13066031	375	0.1	-0.1	5.64789
13066031	376	0.1	-0.1	-2.79727
13066031	377	0.1	-0.1	-4.94805
13066031	378	0.1	-0.1	0.32517
13066031	379	0.1	-0.1	3.46383
13066031	380	0.1	-0.1	-2.18224
13066031	381	0.1	-0.1	0.0972082
13066031	382	0.1	-0.1	5.30559
13066031	383	0.1	-0.1	0.954006
13066031	384	0.1	-0.1	-4.17631
13066031	385	0.1	-0.1	3.9902
13066031	386	0.1	-0.1	4.896
13066031	387	0.1	-0.1	0.510809
13066031	388	0.1	-0.1	2.43149
13066031	389	0.1	-0.1	-5.57302
13066031	390	0.1	-0.1	-0.333815
13066031	391	0.1	-0.1	-3.63303
13066031	392	0.1	-0.1	-0.714644
13066031	393	0.1	-0.1	4.80932
13066031	394	0.1	-0.1	0.452582
13066031	395	0.1	-0.1	3.71913
13066031	396	0.1	-0.1	4.1715
13066031	397	0.1	-0.1	1.56121
13066031	398	0.1	-0.1	4.5452
13066031	399	0.1	-0.1	-5.97435
13066031	400	0.1	-0.1	1.79441
13066031	401	0.1	-0.1	3.76602
13066031	402	0.1	-0.1	2.89648
13066031	403	0.1	-0.1	4.47466
13066031	404	0.1	-0.1	5.43645
13066031	405	0.1	-0.1	-0.461789
13066031	406	0.1	-0.1	-5.79653
13066031	407	0.1	-0.1	3.3744
13066031	408	0.1	-0.1	5.61668
13066031	409	0.1	-0.1	-3.02806
13066031	410	0.1	-0.1	-5.44785
13066031	411	0.1	-0.1	3.06201
13066031	412	0.1	-0.1	-3.39127
13066031	413	0.1	-0.1	-2.88096
13066031	414	0.1	-0.1	-5.88202
13066031	415	0.1	-0.1	0.746732
13066031	416	0.1	-0.1	4.14972
13066031	417	0.1	-0.1	-5.98559
13066031	418	0.1	-0.1	4.56283
13066031	419	0.1	-0.1	2.37627
13066031	420	0.1	-0.1	2.55179
13066031	421	0.1	-0.1	-3.75787
13066031	422	0.1	-0.1	3.95814
13066031	423	0.1	-0.1	4.3952
13066031	424	0.1	-0.1	3.83654
13066031	425	0.1	-0.1	5.46884
13066031	426	0.1	-0.1	-3.98185
13066031	427	0.1	-0.1	-3.76106
13066031	428	0.1	-0.1	1.06063
13066031	429	0.1	-0.1	2.70292
13066031	430	0.1	-0.1	1.00269
13066031	431	0.1	-0.1	-4.01236
13066031	432	0.1	-0.1	-3.07772
13066031	433	0.1	-0.1	0.0546561
13066031	434	0.1	-0.1	0.108026
13066031	435	0.1	-0.1	5.70101
13066031	436	0.1	-0.1	3.51113
13066031	437	0.1	-0.1	-0.0729259
13066031	438	0.1	-0.1	4.11057
13066031	439	0.1	-0.1	-1.96388
13066031	440	0.1	-0.1	-1.15891
13066031	441	0.1	-0.1	-2.21138
13066031	442	0.1	-0.1	5.86366
13066031	443	0.1	-0.1	3.30759
13066031	444	0.1	-0.1	-3.77354
13066031	445	0.1	-0.1	-5.16307
13066031	446	0.1	-0.1	2.8545
13066031	447	0.1	-0.1	-3.9477
13066031	448	0.1	-0.1	-1.57681
13066031	449	0.1	-0.1	-1.7528
13066031	450	0.1	-0.1	-3.81208
13066031	451	0.1	-0.1	-0.443226
13066031	452	0.1	-0.1	-0.536119
13066031	453	0.1	-0.1	2.4033
13066031	454	0.1	-0.1	5.97273
13066031	455	0.1	-0.1	-2.14144
13066031	456	0.1	-0.1	-5.21805
13066031	457	0.1	-0.1	4.32906
13066031	458	0.1	-0.1	-0.810056
13066031	459	0.1	-0.1	-5.09226
13066031	460	0.1	-0.1	-4.74553
13066031	461	0.1	-0.1	1.06326
13066031	462	0.1	-0.1	-0.31356
13066031	463	0.1	-0.1	-4.27733
13066031	464	0.1	-0.1	-1.18785
13066031	465	0.1	-0.1	3.39097
13066031	466	0.1	-0.1	-5.77514
13066031	467	0.1	-0.1	-0.537997
13066031	468	0.1	-0.1	0.955249
13066031	469	0.1	-0.1	-5.95583
13066031	470	0.1	-0.1	-4.3066
13066031	471	0.1	-0.1	1.64321
13066031	472	0.1	-0.1	1.18947
13066031	473	0.1	-0.1	5.14148
13066031	474	0.1	-0.1	-1.72201
13066031	475	0.1	-0.1	5.28004
13066031	476	0.1	-0.1	-0.828616
13066031	477	0.1	-0.1	4.45327
13066031	478	0.1	-0.1	4.99235
13066031	479	0.1	-0.1	0.676179
13066031	480	0.1	-0.1	3.95326
13066031	481	0.1	-0.1	-1.39012
13066031	482	0.1	-0.1	-3.69377
13066031	483	0.1	-0.1	0.262619
13066031	484	0.1	-0.1	1.97191
13066031	485	0.1	-0.1	-5.32772
13066031	486	0.1	-0.1	-0.549527
13066031	487	0.1	-0.1	-2.20016
13066031	488	0.1	-0.1	-5.76026
13066031	489	0.1	-0.1	5.83779
13066031	490	0.1	-0.1	-3.82934
13066031	491	0.1	-0.1	-2.27222
13066031	492	0.1	-0.1	1.62191
13066031	493	0.1	-0.1	-1.85905
13066031	494	0.1	-0.1	3.49875
13066031	495	0.1	-0.1	-0.292314
13066031	496	0.1	-0.1	2.98678
13066031	497	0.1	-0.1	-2.92187
13066031	498	0.1	-0.1	-4.68828
13066031	499	0.1	-0.1	-4.64908
13066031	500	0.1	-0.1	-1.65243
13066031	501	0.1	-0.1	-0.499185
13066031	502	0.1	-0.1	5.58244
13066031	503	0.1	-0.1	1.6074
13066031	504	0.1	-0.1	-4.27138
13066031	505	0.1	-0.1	-5.68522
13066031	506	0.1	-0.1	-5.67198
13066031	507	0.1	-0.1	-3.53226
13066031	508	0.1	-0.1	3.68625
13066031	509	0.1	-0.1	1.51411
13066031	510	0.1	-0.1	-5.18515
13066031	511	0.1	-0.1	-4.1607
13066031	512	0.1	-0.1	-1.52886
13066031	513	0.1	-0.1	-4.73972
13066031	514	0.1	-0.1	-3.82484
13066031	515	0.1	-0.1	3.31769
13066031	516	0.1	-0.1	-0.647247
13066031	517	0.1	-0.1	-1.71217
13066031	518	0.1	-0.1	-3.98353
13066031	519	0.1	-0.1	-1.8946
13066031	520	0.1	-0.1	5.86611
13066031	521	0.1	-0.1	3.34805
13066031	522	0.1	-0.1	1.18584
13066031	523	0.1	-0.1	-1.33621
13066031	524	0.1	-0.1	5.41606
13066031	525	0.1	-0.1	3.26319
13066031	526	0.1	-0.1	-1.18375
13066031	527	0.1	-0.1	-3.36356
13066031	528	0.1	-0.1	2.46933
13066031	529	0.1	-0.1	3.1821
13066031	530	0.1	-0.1	-0.0676441
13066031	531	0.1	-0.1	-5.80209
13066031	532	0.1	-0.1	4.30052
13066031	533	0.1	-0.1	3.08934
13066031	534	0.1	-0.1	-4.78486
13066031	535	0.1	-0.1	-2.20068
13066031	536	0.1	-0.1	-3.85435
13066031	537	0.1	-0.1	-0.827985
13066031	538	0.1	-0.1	-2.02146
13066031	539	0.1	-0.1	-0.637203
13066031	540	0.1	-0.1	5.77304
13066031	541	0.1	-0.1	-0.0400665
13066031	542	0.1	-0.1	-0.551898
13066031	543	0.1	-0.1	-4.15863
13066031	544	0.1	-0.1	-1.28728
13066031	545	0.1	-0.1	-4.75769
13066031	546	0.1	-0.1	-2.61575
13066031	547	0.1	-0.1	4.74814
13066031	548	0.1	-0.1	-5.99205
13066031	549	0.1	-0.1	1.4676
13066031	550	0.1	-0.1	1.97383
13066031	551	0.1	-0.1	3.64614
13066031	552	0.1	-0.1	3.80051
13066031	553	0.1	-0.1	2.81948
13066031	554	0.1	-0.1	3.68429
13066031	555	0.1	-0.1	-5.74775
13066031	556	0.1	-0.1	-5.21463
13066031	557	0.1	-0.1	2.88585
13066031	558	0.1	-0.1	3.28238
13066031	559	0.1	-0.1	-0.314205
13066031	560	0.1	-0.1	-3.95056
13066031	561	0.1	-0.1	-5.80787
13066031	562	0.1	-0.1	2.01904
13066031	563	0.1	-0.1	3.9103
13066031	564	0.1	-0.1	5.1035
13066031	565	0.1	-0.1	0.0511452
13066031	566	0.1	-0.1	3.59049
13066031	567	0.1	-0.1	-3.30678
13066031	568	0.1	-0.1	1.98895
13066031	569	0.1	-0.1	1.65499
13066031	570	0.1	-0.1	-1.30274
13066031	571	0.1	-0.1	-4.46902
13066031	572	0.1	-0.1	3.80611
13066031	573	0.1	-0.1	-5.41706
13066031	574	0.1	-0.1	-1.47563
13066031	575	0.1	-0.1	-5.53089
13066031	576	0.1	-0.1	4.78037
13066031	577	0.1	-0.1	0.901456
13066031	578	0.1	-0.1	-5.78778
13066031	579	0.1	-0.1	3.23556
13066031	580	0.1	-0.1	4.30377
13066031	581	0.1	-0.1	-1.04136
13066031	582	0.1	-0.1	4.66331
13066031	583	0.1	-0.1	-4.07052
13066031	584	0.1	-0.1	-1.87997
13066031	585	0.1	-0.1	-1.55033
13066031	586	0.1	-0.1	-1.47154
13066031	587	0.1	-0.1	5.20906
13066031	588	0.1	-0.1	4.90877
13066031	589	0.1	-0.1	-4.12944
13066031	590	0.1	-0.1	1.93369
13066031	591	0.1	-0.1	0.348792
13066031	592	0.1	-0.1	-3.56785
13066031	593	0.1	-0.1	4.72763
13066031	594	0.1	-0.1	4.53639
13066031	595	0.1	-0.1	-4.40517
13066031	596	0.1	-0.1	-0.883205
13066031	597	0.1	-0.1	-2.21509
13066031	598	0.1	-0.1	-4.9525
13066031	599	0.1	-0.1	0.816406
13066031	600	0.1	-0.1	-4.72818
13066031	601	0.1	-0.1	1.4915
13066031	602	0.1	-0.1	-3.62339
13066031	603	0.1	-0.1	-4.02045
13066031	604	0.1	-0.1	5.55741
13066031	605	0.1	-0.1	0.925583
13066031	606	0.1	-0.1	5.88238
13066031	607	0.1	-0.1	1.68567
13066031	608	0.1	-0.1	-4.78936
13066031	609	0.1	-0.1	-1.61088
13066031	610	0.1	-0.1	-5.71664
13066031	611	0.1	-0.1	4.98852
13066031	612	0.1	-0.1	0.775775
13066031	613	0.1	-0.1	-5.08225
13066031	614	0.1	-0.1	1.04472
13066031	615	0.1	-0.1	2.65913
13066031	616	0.1	-0.1	4.80856
13066031	617	0.1	-0.1	4.03534
13066031	618	0.1	-0.1	-0.440484
13066031	619	0.1	-0.1	3.169
13066031	620	0.1	-0.1	2.38579
13066031	621	0.1	-0.1	-2.79464
13066031	622	0.1	-0.1	-1.91995
13066031	623	0.1	-0.1	-5.62383
13066031	624	0.1	-0.1	-3.5205
13066031	625	0.1	-0.1	-3.3309
13066031	626	0.1	-0.1	-5.58794
13066031	627	0.1	-0.1	1.14517
13066031	628	0.1	-0.1	-2.15329
13066031	629	0.1	-0.1	-3.02762
13066031	630	0.1	-0.1	-0.481351
13066031	631	0.1	-0.1	-4.96768
13066031	632	0.1	-0.1	-5.22148
13066031	633	0.1	-0.1	-4.52874
13066031	634	0.1	-0.1	4.30415
13066031	635	0.1	-0.1	-1.21964
13066031	636	0.1	-0.1	2.61547
13066031	637	0.1	-0.1	-0.0853565
13066031	638	0.1	-0.1	-0.292371
13066031	639	0.1	-0.1	3.93052
13066031	640	0.1	-0.1	-3.62473
13066031	641	0.1	-0.1	2.01874
13066031	642	0.1	-0.1	4.08805
13066031	643	0.1	-0.1	5.21607
13066031	644	0.1	-0.1	-3.62815
13066031	645	0.1	-0.1	-5.10871
13066031	646	0.1	-0.1	-4.61366
13066031	647	0.1	-0.1	-5.83976
13066031	648	0.1	-0.1	-3.27074
13066031	649	0.1	-0.1	5.46861
13066031	650	0.1	-0.1	-3.82361
13066031	651	0.1	-0.1	2.98425
13066031	652	0.1	-0.1	-4.81877
13066031	653	0.1	-0.1	-3.47539
13066031	654	0.1	-0.1	1.34527
13066031	655	0.1	-0.1	2.55875
13066031	656	0.1	-0.1	-4.37753
13066031	657	0.1	-0.1	1.08874
13066031	658	0.1	-0.1	-5.85877
13066031	659	0.1	-0.1	-5.7606
13066031	660	0.1	-0.1	0.581851
13066031	661	0.1	-0.1	-0.963535
13066031	662	0.1	-0.1	2.90437
13066031	663	0.1	-0.1	-4.74551
13066031	664	0.1	-0.1	-3.24559
13066031	665	0.1	-0.1	-4.25825
13066031	666	0.1	-0.1	-4.32745
13066031	667	0.1	-0.1	-1.56962
13066031	668	0.1	-0.1	-5.49567
13066031	669	0.1	-0.1	-4.82988
13066031	670	0.1	-0.1	4.90679
13066031	671	0.1	-0.1	3.6229
13066031	672	0.1	-0.1	0.00814249
13066031	673	0.1	-0.1	-2.0301
13066031	674	0.1	-0.1	-5.52602
13066031	675	0.1	-0.1	-3.44456
13066031	676	0.1	-0.1	1.6035
13066031	677	0.1	-0.1	-5.58806
13066031	678	0.1	-0.1	3.23804
13066031	679	0.1	-0.1	2.29357
13066031	680	0.1	-0.1	5.78569
13066031	681	0.1	-0.1	3.42321
13066031	682	0.1	-0.1	-0.891237
13066031	683	0.1	-0.1	-2.24994
13066031	684	0.1	-0.1	-2.92312
13066031	685	0.1	-0.1	3.86804
13066031	686	0.1	-0.1	-4.34179
13066031	687	0.1	-0.1	4.54126
13066031	688	0.1	-0.1	3.48421
13066031	689	0.1	-0.1	0.42347
13066031	690	0.1	-0.1	-3.87241
13066031	691	0.1	-0.1	-2.06225
13066031	692	0.1	-0.1	-5.65265
13066031	693	0.1	-0.1	-2.09915
13066031	694	0.1	-0.1	-2.50068
13066031	695	0.1	-0.1	4.86288
13066031	696	0.1	-0.1	3.22613
13066031	697	0.1	-0.1	4.49055
13066031	698	0.1	-0.1	1.45898
13066031	699	0.1	-0.1	1.98484
13066031	700	0.1	-0.1	-4.00427
13066031	701	0.1	-0.1	4.8205
13066031	702	0.1	-0.1	-4.68301
13066031	703	0.1	-0.1	1.66986
13066031	704	0.1	-0.1	0.838338
13066031	705	0.1	-0.1	-0.884721
13066031	706	0.1	-0.1	4.23474
13066031	707	0.1	-0.1	-4.78731
13066031	708	0.1	-0.1	-0.650564
13066031	709	0.1	-0.1	-3.92184
13066031	710	0.1	-0.1	0.502114
13066031	711	0.1	-0.1	5.00549
13066031	712	0.1	-0.1	-0.714163
13066031	713	0.1	-0.1	3.01061
13066031	714	0.1	-0.1	-2.43906
13066031	715	0.1	-0.1	-0.556878
13066031	716	0.1	-0.1	-0.883592
13066031	717	0.1	-0.1	4.9986
13066031	718	0.1	-0.1	-1.2223
13066031	719	0.1	-0.1	-5.69318
13066031	720	0.1	-0.1	-5.46213
13066031	721	0.1	-0.1	-3.46462
13066031	722	0.1	-0.1	2.51439
13066031	723	0.1	-0.1	-2.45952
13066031	724	0.1	-0.1	2.26379
13066031	725	0.1	-0.1	4.77756
13066031	726	0.1	-0.1	-5.56467
13066031	727	0.1	-0.1	-2.65353
13066031	728	0.1	-0.1	-1.50679
13066031	729	0.1	-0.1	5.78992
13066031	730	0.1	-0.1	5.07333
13066031	731	0.1	-0.1	2.75315
13066031	732	0.1	-0.1	0.171879
13066031	733	0.1	-0.1	-5.62894
13066031	734	0.1	-0.1	4.56104
13066031	735	0.1	-0.1	1.63147
13066031	736	0.1	-0.1	-0.187137
13066031	737	0.1	-0.1	5.85803
13066031	738	0.1	-0.1	-3.02164
13066031	739	0.1	-0.1	-2.50764
13066031	740	0.1	-0.1	-4.14378
13066031	741	0.1	-0.1	4.22722
13066031	742	0.1	-0.1	0.385874
13066031	743	0.1	-0.1	0.612105
13066031	744	0.1	-0.1	3.3204
13066031	745	0.1	-0.1	-1.92875
13066031	746	0.1	-0.1	1.77701
13066031	747	0.1	-0.1	-1.73926
13066031	748	0.1	-0.1	-3.14021
13066031	749	0.1	-0.1	2.20156
13066031	750	0.1	-0.1	1.06206
13066031	751	0.1	-0.1	-1.07234
13066031	752	0.1	-0.1	1.62491
13066031	753	0.1	-0.1	2.90926
13066031	754	0.1	-0.1	-0.562897
13066031	755	0.1	-0.1	5.53054
13066031	756	0.1	-0.1	-3.36434
13066031	757	0.1	-0.1	4.45177
13066031	758	0.1	-0.1	-5.23678
13066031	759	0.1	-0.1	-4.5258
13066031	760	0.1	-0.1	2.41225
13066031	761	0.1	-0.1	2.10201
13066031	762	0.1	-0.1	3.72976
13066031	763	0.1	-0.1	4.4767
13066031	764	0.1	-0.1	-1.22243
13066031	765	0.1	-0.1	0.406271
13066031	766	0.1	-0.1	3.32499
13066031	767	0.1	-0.1	-1.54405
13066031	768	0.1	-0.1	1.39588
13066031	769	0.1	-0.1	4.88731
13066031	770	0.1	-0.1	0.526352
13066031	771	0.1	-0.1	-3.02087
13066031	772	0.1	-0.1	0.360572
13066031	773	0.1	-0.1	-0.266748
13066031	774	0.1	-0.1	-1.9131
13066031	775	0.1	-0.1	3.70634
13066031	776	0.1	-0.1	-1.00416
13066031	777	0.1	-0.1	2.52268
13066031	778	0.1	-0.1	-1.30344
13066031	779	0.1	-0.1	-0.713009
13066031	780	0.1	-0.1	-3.74626
13066031	781	0.1	-0.1	-4.52001
13066031	782	0.1	-0.1	5.3046
13066031	783	0.1	-0.1	1.31181
13066031	784	0.1	-0.1	5.53141
13066031	785	0.1	-0.1	0.917274
13066031	786	0.1	-0.1	3.80923
13066031	787	0.1	-0.1	-0.024583
13066031	788	0.1	-0.1	-4.22921
13066031	789	0.1	-0.1	-2.01054
13066031	790	0.1	-0.1	0.650142
13066031	791	0.1	-0.1	-2.8023
13066031	792	0.1	-0.1	3.63708
13066031	793	0.1	-0.1	0.74597
13066031	794	0.1	-0.1	-2.18455
13066031	795	0.1	-0.1	-2.9061
13066031	796	0.1	-0.1	4.25403
13066031	797	0.1	-0.1	4.33034
13066031	798	0.1	-0.1	4.23846
13066031	799	0.1	-0.1	3.42668
13066031	800	0.1	-0.1	-2.36442
13066031	801	0.1	-0.1	-0.981583
13066031	802	0.1	-0.1	-0.55043
13066031	803	0.1	-0.1	3.52369
13066031	804	0.1	-0.1	-0.812416
13066031	805	0.1	-0.1	1.83916
13066031	806	0.1	-0.1	2.66989
13066031	807	0.1	-0.1	-1.59825
13066031	808	0.1	-0.1	-2.02499
13066031	809	0.1	-0.1	-1.2367
13066031	810	0.1	-0.1	0.511563
13066031	811	0.1	-0.1	-3.38502
13066031	812	0.1	-0.1	1.83122
13066031	813	0.1	-0.1	-4.74057
13066031	814	0.1	-0.1	-2.89724
13066031	815	0.1	-0.1	4.17343
13066031	816	0.1	-0.1	0.567424
13066031	817	0.1	-0.1	5.99867
13066031	818	0.1	-0.1	-3.27976
13066031	819	0.1	-0.1	-5.4909
13066031	820	0.1	-0.1	4.02013
13066031	821	0.1	-0.1	-5.70799
13066031	822	0.1	-0.1	-5.85262
13066031	823	0.1	-0.1	4.33743
13066031	824	0.1	-0.1	-4.55712
13066031	825	0.1	-0.1	-2.13574
13066031	826	0.1	-0.1	4.00938
13066031	827	0.1	-0.1	2.40704
13066031	828	0.1	-0.1	-2.89496
13066031	829	0.1	-0.1	4.06963
13066031	830	0.1	-0.1	-3.70067
13066031	831	0.1	-0.1	4.14997
13066031	832	0.1	-0.1	-2.63562
13066031	833	0.1	-0.1	-2.39253
13066031	834	0.1	-0.1	-3.52176
13066031	835	0.1	-0.1	1.49579
13066031	836	0.1	-0.1	-0.321207
13066031	837	0.1	-0.1	4.83836
13066031	838	0.1	-0.1	5.29356
13066031	839	0.1	-0.1	5.86308
13066031	840	0.1	-0.1	4.80487
13066031	841	0.1	-0.1	2.75767
13066031	842	0.1	-0.1	4.08947
13066031	843	0.1	-0.1	5.1785
13066031	844	0.1	-0.1	3.72263
13066031	845	0.1	-0.1	5.90726
13066031	846	0.1	-0.1	4.11398
13066031	847	0.1	-0.1	-0.234208
13066031	848	0.1	-0.1	4.30556
13066031	849	0.1	-0.1	-3.60268
13066031	850	0.1	-0.1	2.65963
13066031	851	0.1	-0.1	-5.32837
13066031	852	0.1	-0.1	-1.32765
13066031	853	0.1	-0.1	1.81298
13066031	854	0.1	-0.1	4.46203
13066031	855	0.1	-0.1	-1.46732
13066031	856	0.1	-0.1	1.5739
13066031	857	0.1	-0.1	-1.14858
13066031	858	0.1	-0.1	-4.50877
13066031	859	0.1	-0.1	5.39977
13066031	860	0.1	-0.1	-5.44148
13066031	861	0.1	-0.1	0.785181
13066031	862	0.1	-0.1	5.17296
13066031	863	0.1	-0.1	-5.92577
13066031	864	0.1	-0.1	-5.06988
13066031	865	0.1	-0.1	1.5464
13066031	866	0.1	-0.1	2.06679
13066031	867	0.1	-0.1	2.53958
13066031	868	0.1	-0.1	-3.82933
13066031	869	0.1	-0.1	-3.03201
13066031	870	0.1	-0.1	4.82845
13066031	871	0.1	-0.1	4.99054
13066031	872	0.1	-0.1	0.977314
13066031	873	0.1	-0.1	-5.68985
13066031	874	0.1	-0.1	2.06347
13066031	875	0.1	-0.1	2.44601
13066031	876	0.1	-0.1	3.32702
13066031	877	0.1	-0.1	-0.000496614
13066031	878	0.1	-0.1	5.0964
13066031	879	0.1	-0.1	-0.844825
13066031	880	0.1	-0.1	-1.22326
13066031	881	0.1	-0.1	0.878794
13066031	882	0.1	-0.1	-2.31845
13066031	883	0.1	-0.1	2.80729
13066031	884	0.1	-0.1	-1.03225
13066031	885	0.1	-0.1	0.185756
13066031	886	0.1	-0.1	5.46205
13066031	887	0.1	-0.1	4.75936
13066031	888	0.1	-0.1	-2.80393
13066031	889	0.1	-0.1	-3.29563
13066031	890	0.1	-0.1	-3.8628
13066031	891	0.1	-0.1	1.76558
13066031	892	0.1	-0.1	-1.21566
13066031	893	0.1	-0.1	-3.33077
13066031	894	0.1	-0.1	-4.17821
13066031	895	0.1	-0.1	-2.60485
13066031	896	0.1	-0.1	-5.66749
13066031	897	0.1	-0.1	4.70974
13066031	898	0.1	-0.1	-3.71287
13066031	899	0.1	-0.1	-4.3459
13066031	900	0.1	-0.1	-3.0757
13066031	901	0.1	-0.1	-2.92503
13066031	902	0.1	-0.1	-4.06357
13066031	903	0.1	-0.1	2.31574
13066031	904	0.1	-0.1	-1.50146
13066031	905	0.1	-0.1	4.79155
13066031	906	0.1	-0.1	-5.68766
13066031	907	0.1	-0.1	3.7165
13066031	908	0.1	-0.1	2.74111
13066031	909	0.1	-0.1	3.52577
13066031	910	0.1	-0.1	-4.36975
13066031	911	0.1	-0.1	-4.31371
13066031	912	0.1	-0.1	-0.416169
13066031	913	0.1	-0.1	-3.07483
13066031	914	0.1	-0.1	-3.32655
13066031	915	0.1	-0.1	-2.60656
13066031	916	0.1	-0.1	-3.13579
13066031	917	0.1	-0.1	-5.28533
13066031	918	0.1	-0.1	5.45596
13066031	919	0.1	-0.1	0.0323623
13066031	920	0.1	-0.1	-1.08145
13066031	921	0.1	-0.1	-3.13348
13066031	922	0.1	-0.1	5.68469
13066031	923	0.1	-0.1	3.63208
13066031	924	0.1	-0.1	-4.23851
13066031	925	0.1	-0.1	2.76433
13066031	926	0.1	-0.1	-3.14451
13066031	927	0.1	-0.1	0.0260248
13066031	928	0.1	-0.1	-4.84441
13066031	929	0.1	-0.1	-1.30222
13066031	930	0.1	-0.1	-2.74705
13066031	931	0.1	-0.1	-2.27625
13066031	932	0.1	-0.1	0.614506
13066031	933	0.1	-0.1	0.973402
13066031	934	0.1	-0.1	-2.75854
13066031	935	0.1	-0.1	5.14963
13066031	936	0.1	-0.1	-2.6302
13066031	937	0.1	-0.1	-3.12925
13066031	938	0.1	-0.1	3.53682
13066031	939	0.1	-0.1	2.38107
13066031	940	0.1	-0.1	-4.13957
13066031	941	0.1	-0.1	-2.42288
13066031	942	0.1	-0.1	3.34804
13066031	943	0.1	-0.1	5.2691
13066031	944	0.1	-0.1	2.73631
13066031	945	0.1	-0.1	1.95652
13066031	946	0.1	-0.1	4.77053
13066031	947	0.1	-0.1	-1.06583
13066031	948	0.1	-0.1	-4.37765
13066031	949	0.1	-0.1	-1.99616
13066031	950	0.1	-0.1	-0.607308
13066031	951	0.1	-0.1	-3.08575
13066031	952	0.1	-0.1	-3.7624
13066031	953	0.1	-0.1	5.56455
13066031	954	0.1	-0.1	5.12124
13066031	955	0.1	-0.1	4.7575
13066031	956	0.1	-0.1	0.909915
13066031	957	0.1	-0.1	-0.528108
13066031	958	0.1	-0.1	-3.08168
13066031	959	0.1	-0.1	-4.44372
13066031	960	0.1	-0.1	-1.61324
13066031	961	0.1	-0.1	0.0974926
13066031	962	0.1	-0.1	4.03184
13066031	963	0.1	-0.1	5.52859
13066031	964	0.1	-0.1	2.00718
13066031	965	0.1	-0.1	-5.849
13066031	966	0.1	-0.1	-4.27193
13066031	967	0.1	-0.1	1.28581
13066031	968	0.1	-0.1	-2.80133
13066031	969	0.1	-0.1	-5.47204
13066031	970	0.1	-0.1	0.861047
13066031	971	0.1	-0.1	-5.90824
13066031	972	0.1	-0.1	3.40747
13066031	973	0.1	-0.1	-0.3976
13066031	974	0.1	-0.1	-1.71449
13066031	975	0.1	-0.1	-2.35996
13066031	976	0.1	-0.1	3.0555
13066031	977	0.1	-0.1	0.468063
13066031	978	0.1	-0.1	5.70896
13066031	979	0.1	-0.1	4.70533
13066031	980	0.1	-0.1	3.69478
13066031	981	0.1	-0.1	2.81806
13066031	982	0.1	-0.1	4.29446
13066031	983	0.1	-0.1	-2.06846
13066031	984	0.1	-0.1	-0.608119
13066031	985	0.1	-0.1	3.14613
13066031	986	0.1	-0.1	-3.09592
13066031	987	0.1	-0.1	-0.62397
13066031	988	0.1	-0.1	1.5373
13066031	989	0.1	-0.1	-5.21744
13066031	990	0.1	-0.1	-0.767377
13066031	991	0.1	-0.1	1.01788
13066031	992	0.1	-0.1	-0.97657
13066031	993	0.1	-0.1	1.20501
13066031	994	0.1	-0.1	-1.39267
13066031	995	0.1	-0.1	-0.565465
13066031	996	0.1	-0.1	2.33918
13066031	997	0.1	-0.1	5.72221
13066031	998	0.1	-0.1	-5.01704
13066031	999	0.1	-0.1	-1.00485
13066031	1000	0.1	-0.1	-4.09824
