13063022	1	0.1	-0.1	4.03545
13063022	2	0.1	-0.1	-4.52455
13063022	3	0.1	-0.1	4.89934
13063022	4	0.1	-0.1	-5.07139
13063022	5	0.1	-0.1	-4.06223
13063022	6	0.1	-0.1	2.43861
13063022	7	0.1	-0.1	-5.19567
13063022	8	0.1	-0.1	-3.9052
13063022	9	0.1	-0.1	3.94317
13063022	10	0.1	-0.1	3.0876
13063022	11	0.1	-0.1	-0.659382
13063022	12	0.1	-0.1	-4.38712
13063022	13	0.1	-0.1	3.55113
13063022	14	0.1	-0.1	5.31138
13063022	15	0.1	-0.1	0.96457
13063022	16	0.1	-0.1	-3.09238
13063022	17	0.1	-0.1	-4.55324
13063022	18	0.1	-0.1	2.20814
13063022	19	0.1	-0.1	-3.99651
13063022	20	0.1	-0.1	4.38503
13063022	21	0.1	-0.1	2.17838
13063022	22	0.1	-0.1	-5.50311
13063022	23	0.1	-0.1	-1.73516
13063022	24	0.1	-0.1	-0.241242
13063022	25	0.1	-0.1	-1.7708
13063022	26	0.1	-0.1	-1.83821
13063022	27	0.1	-0.1	0.694229
13063022	28	0.1	-0.1	-0.739027
13063022	29	0.1	-0.1	4.29384
13063022	30	0.1	-0.1	2.96369
13063022	31	0.1	-0.1	0.805458
13063022	32	0.1	-0.1	-1.42382
13063022	33	0.1	-0.1	4.44156
13063022	34	0.1	-0.1	1.92395
13063022	35	0.1	-0.1	-1.17944
13063022	36	0.1	-0.1	4.39279
13063022	37	0.1	-0.1	-0.42243
13063022	38	0.1	-0.1	5.96179
13063022	39	0.1	-0.1	4.80464
13063022	40	0.1	-0.1	3.29515
13063022	41	0.1	-0.1	-2.75608
13063022	42	0.1	-0.1	-0.608348
13063022	43	0.1	-0.1	-4.05461
13063022	44	0.1	-0.1	-5.55885
13063022	45	0.1	-0.1	-5.76753
13063022	46	0.1	-0.1	-1.85657
13063022	47	0.1	-0.1	1.11931
13063022	48	0.1	-0.1	-0.333423
13063022	49	0.1	-0.1	-3.11411
13063022	50	0.1	-0.1	-5.69361
13063022	51	0.1	-0.1	-4.50773
13063022	52	0.1	-0.1	2.31668
13063022	53	0.1	-0.1	2.42024
13063022	54	0.1	-0.1	2.78132
13063022	55	0.1	-0.1	5.52928
13063022	56	0.1	-0.1	-3.93569
13063022	57	0.1	-0.1	-2.16235
13063022	58	0.1	-0.1	-3.50315
13063022	59	0.1	-0.1	3.35127
13063022	60	0.1	-0.1	-0.406318
13063022	61	0.1	-0.1	4.78969
13063022	62	0.1	-0.1	-0.816188
13063022	63	0.1	-0.1	0.899734
13063022	64	0.1	-0.1	-3.6243
13063022	65	0.1	-0.1	-0.0498304
13063022	66	0.1	-0.1	-0.378935
13063022	67	0.1	-0.1	3.21371
13063022	68	0.1	-0.1	-0.954806
13063022	69	0.1	-0.1	-0.434709
13063022	70	0.1	-0.1	1.07859
13063022	71	0.1	-0.1	-2.90181
13063022	72	0.1	-0.1	4.43035
13063022	73	0.1	-0.1	3.45092
13063022	74	0.1	-0.1	-4.0037
13063022	75	0.1	-0.1	-5.50344
13063022	76	0.1	-0.1	-1.34426
13063022	77	0.1	-0.1	0.00280509
13063022	78	0.1	-0.1	-4.38309
13063022	79	0.1	-0.1	4.86768
13063022	80	0.1	-0.1	1.59153
13063022	81	0.1	-0.1	-4.76189
13063022	82	0.1	-0.1	-0.254443
13063022	83	0.1	-0.1	5.26603
13063022	84	0.1	-0.1	-5.07142
13063022	85	0.1	-0.1	-0.0350537
13063022	86	0.1	-0.1	5.0053
13063022	87	0.1	-0.1	-2.52995
13063022	88	0.1	-0.1	-3.20646
13063022	89	0.1	-0.1	-5.55232
13063022	90	0.1	-0.1	-5.27043
13063022	91	0.1	-0.1	-5.51433
13063022	92	0.1	-0.1	-3.91074
13063022	93	0.1	-0.1	4.99498
13063022	94	0.1	-0.1	0.371146
13063022	95	0.1	-0.1	-3.88228
13063022	96	0.1	-0.1	1.61158
13063022	97	0.1	-0.1	-3.44744
13063022	98	0.1	-0.1	0.604815
13063022	99	0.1	-0.1	-2.19291
13063022	100	0.1	-0.1	5.81779
13063022	101	0.1	-0.1	-2.653
13063022	102	0.1	-0.1	5.81897
13063022	103	0.1	-0.1	1.51148
13063022	104	0.1	-0.1	-2.60341
13063022	105	0.1	-0.1	1.44996
13063022	106	0.1	-0.1	-0.203635
13063022	107	0.1	-0.1	2.87585
13063022	108	0.1	-0.1	2.7946
13063022	109	0.1	-0.1	4.1283
13063022	110	0.1	-0.1	2.54054
13063022	111	0.1	-0.1	4.18498
13063022	112	0.1	-0.1	1.21599
13063022	113	0.1	-0.1	5.11707
13063022	114	0.1	-0.1	5.55068
13063022	115	0.1	-0.1	-3.61577
13063022	116	0.1	-0.1	4.30507
13063022	117	0.1	-0.1	4.1634
13063022	118	0.1	-0.1	-4.10037
13063022	119	0.1	-0.1	0.96537
13063022	120	0.1	-0.1	3.64784
13063022	121	0.1	-0.1	-0.480768
13063022	122	0.1	-0.1	-1.93439
13063022	123	0.1	-0.1	-5.01783
13063022	124	0.1	-0.1	0.836342
13063022	125	0.1	-0.1	-3.83852
13063022	126	0.1	-0.1	-4.82114
13063022	127	0.1	-0.1	-1.33577
13063022	128	0.1	-0.1	-4.00769
13063022	129	0.1	-0.1	0.605295
13063022	130	0.1	-0.1	-4.63391
13063022	131	0.1	-0.1	-0.208831
13063022	132	0.1	-0.1	1.45715
13063022	133	0.1	-0.1	-1.3104
13063022	134	0.1	-0.1	2.66399
13063022	135	0.1	-0.1	1.02194
13063022	136	0.1	-0.1	-5.2221
13063022	137	0.1	-0.1	-2.44263
13063022	138	0.1	-0.1	-0.431756
13063022	139	0.1	-0.1	5.92968
13063022	140	0.1	-0.1	-0.993123
13063022	141	0.1	-0.1	2.86615
13063022	142	0.1	-0.1	2.44365
13063022	143	0.1	-0.1	1.03142
13063022	144	0.1	-0.1	0.195066
13063022	145	0.1	-0.1	-0.287907
13063022	146	0.1	-0.1	-3.75641
13063022	147	0.1	-0.1	5.73976
13063022	148	0.1	-0.1	2.18936
13063022	149	0.1	-0.1	-4.43924
13063022	150	0.1	-0.1	-2.48846
13063022	151	0.1	-0.1	3.33677
13063022	152	0.1	-0.1	5.26827
13063022	153	0.1	-0.1	0.262865
13063022	154	0.1	-0.1	-0.381145
13063022	155	0.1	-0.1	-0.843135
13063022	156	0.1	-0.1	-1.12869
13063022	157	0.1	-0.1	-3.0651
13063022	158	0.1	-0.1	-3.05332
13063022	159	0.1	-0.1	2.24138
13063022	160	0.1	-0.1	5.26658
13063022	161	0.1	-0.1	2.56326
13063022	162	0.1	-0.1	1.13604
13063022	163	0.1	-0.1	-2.44546
13063022	164	0.1	-0.1	-1.63437
13063022	165	0.1	-0.1	1.86102
13063022	166	0.1	-0.1	5.90374
13063022	167	0.1	-0.1	3.63652
13063022	168	0.1	-0.1	-5.97642
13063022	169	0.1	-0.1	1.9664
13063022	170	0.1	-0.1	3.675
13063022	171	0.1	-0.1	5.27952
13063022	172	0.1	-0.1	0.813784
13063022	173	0.1	-0.1	4.36545
13063022	174	0.1	-0.1	-4.0828
13063022	175	0.1	-0.1	3.27887
13063022	176	0.1	-0.1	2.04244
13063022	177	0.1	-0.1	1.7814
13063022	178	0.1	-0.1	-0.353
13063022	179	0.1	-0.1	-5.65179
13063022	180	0.1	-0.1	5.60881
13063022	181	0.1	-0.1	-0.666969
13063022	182	0.1	-0.1	-4.08829
13063022	183	0.1	-0.1	-0.550186
13063022	184	0.1	-0.1	3.3265
13063022	185	0.1	-0.1	-3.29903
13063022	186	0.1	-0.1	2.60399
13063022	187	0.1	-0.1	-4.23863
13063022	188	0.1	-0.1	5.40229
13063022	189	0.1	-0.1	-2.46299
13063022	190	0.1	-0.1	5.01334
13063022	191	0.1	-0.1	-3.7739
13063022	192	0.1	-0.1	-1.46356
13063022	193	0.1	-0.1	-1.26067
13063022	194	0.1	-0.1	2.887
13063022	195	0.1	-0.1	2.42153
13063022	196	0.1	-0.1	-2.50023
13063022	197	0.1	-0.1	2.64483
13063022	198	0.1	-0.1	-3.97256
13063022	199	0.1	-0.1	-0.588509
13063022	200	0.1	-0.1	-5.70802
13063022	201	0.1	-0.1	1.32806
13063022	202	0.1	-0.1	3.03683
13063022	203	0.1	-0.1	-4.4519
13063022	204	0.1	-0.1	5.45872
13063022	205	0.1	-0.1	5.13799
13063022	206	0.1	-0.1	4.35712
13063022	207	0.1	-0.1	-2.13626
13063022	208	0.1	-0.1	0.4443
13063022	209	0.1	-0.1	4.83531
13063022	210	0.1	-0.1	-2.94112
13063022	211	0.1	-0.1	-3.33828
13063022	212	0.1	-0.1	4.87753
13063022	213	0.1	-0.1	-2.61087
13063022	214	0.1	-0.1	5.43994
13063022	215	0.1	-0.1	2.24799
13063022	216	0.1	-0.1	-3.39569
13063022	217	0.1	-0.1	4.96976
13063022	218	0.1	-0.1	-2.99807
13063022	219	0.1	-0.1	1.20031
13063022	220	0.1	-0.1	-3.19653
13063022	221	0.1	-0.1	5.48102
13063022	222	0.1	-0.1	-2.38695
13063022	223	0.1	-0.1	5.17751
13063022	224	0.1	-0.1	3.02803
13063022	225	0.1	-0.1	5.06831
13063022	226	0.1	-0.1	-1.14371
13063022	227	0.1	-0.1	0.189122
13063022	228	0.1	-0.1	-4.78256
13063022	229	0.1	-0.1	5.90647
13063022	230	0.1	-0.1	4.82269
13063022	231	0.1	-0.1	-2.36566
13063022	232	0.1	-0.1	4.19997
13063022	233	0.1	-0.1	2.2106
13063022	234	0.1	-0.1	-4.12328
13063022	235	0.1	-0.1	0.172608
13063022	236	0.1	-0.1	-1.25343
13063022	237	0.1	-0.1	-1.57894
13063022	238	0.1	-0.1	0.560218
13063022	239	0.1	-0.1	-0.029689
13063022	240	0.1	-0.1	4.51892
13063022	241	0.1	-0.1	-1.90839
13063022	242	0.1	-0.1	-5.79598
13063022	243	0.1	-0.1	-0.392922
13063022	244	0.1	-0.1	2.17901
13063022	245	0.1	-0.1	2.48855
13063022	246	0.1	-0.1	0.34491
13063022	247	0.1	-0.1	-2.10504
13063022	248	0.1	-0.1	-5.5716
13063022	249	0.1	-0.1	-1.09391
13063022	250	0.1	-0.1	3.49839
13063022	251	0.1	-0.1	3.75931
13063022	252	0.1	-0.1	4.11148
13063022	253	0.1	-0.1	5.03874
13063022	254	0.1	-0.1	-1.70184
13063022	255	0.1	-0.1	3.4572
13063022	256	0.1	-0.1	-3.51739
13063022	257	0.1	-0.1	3.47086
13063022	258	0.1	-0.1	5.25187
13063022	259	0.1	-0.1	-2.78357
13063022	260	0.1	-0.1	3.23771
13063022	261	0.1	-0.1	-0.191047
13063022	262	0.1	-0.1	-4.6722
13063022	263	0.1	-0.1	-3.24091
13063022	264	0.1	-0.1	-5.9682
13063022	265	0.1	-0.1	0.37148
13063022	266	0.1	-0.1	-1.52081
13063022	267	0.1	-0.1	-4.10962
13063022	268	0.1	-0.1	-5.86053
13063022	269	0.1	-0.1	2.80906
13063022	270	0.1	-0.1	-3.79733
13063022	271	0.1	-0.1	4.23783
13063022	272	0.1	-0.1	3.31836
13063022	273	0.1	-0.1	1.52234
13063022	274	0.1	-0.1	-3.75143
13063022	275	0.1	-0.1	-4.10337
13063022	276	0.1	-0.1	4.32642
13063022	277	0.1	-0.1	4.11546
13063022	278	0.1	-0.1	5.53914
13063022	279	0.1	-0.1	5.41428
13063022	280	0.1	-0.1	1.80205
13063022	281	0.1	-0.1	3.46704
13063022	282	0.1	-0.1	-4.87864
13063022	283	0.1	-0.1	-2.13538
13063022	284	0.1	-0.1	-2.91002
13063022	285	0.1	-0.1	4.93685
13063022	286	0.1	-0.1	0.959673
13063022	287	0.1	-0.1	-5.90826
13063022	288	0.1	-0.1	-3.78367
13063022	289	0.1	-0.1	5.75084
13063022	290	0.1	-0.1	-2.90574
13063022	291	0.1	-0.1	0.117154
13063022	292	0.1	-0.1	-2.91404
13063022	293	0.1	-0.1	3.29535
13063022	294	0.1	-0.1	3.9652
13063022	295	0.1	-0.1	-3.90507
13063022	296	0.1	-0.1	-4.44729
13063022	297	0.1	-0.1	-3.46096
13063022	298	0.1	-0.1	4.4129
13063022	299	0.1	-0.1	3.54815
13063022	300	0.1	-0.1	5.72247
13063022	301	0.1	-0.1	-2.66383
13063022	302	0.1	-0.1	-1.05869
13063022	303	0.1	-0.1	1.60489
13063022	304	0.1	-0.1	3.36721
13063022	305	0.1	-0.1	-5.54415
13063022	306	0.1	-0.1	-2.47109
13063022	307	0.1	-0.1	-0.251573
13063022	308	0.1	-0.1	-0.770571
13063022	309	0.1	-0.1	0.114962
13063022	310	0.1	-0.1	-0.478329
13063022	311	0.1	-0.1	5.28385
13063022	312	0.1	-0.1	0.0548401
13063022	313	0.1	-0.1	4.27852
13063022	314	0.1	-0.1	2.62053
13063022	315	0.1	-0.1	1.18965
13063022	316	0.1	-0.1	1.4334
13063022	317	0.1	-0.1	-5.00482
13063022	318	0.1	-0.1	-4.03606
13063022	319	0.1	-0.1	3.79421
13063022	320	0.1	-0.1	5.3647
13063022	321	0.1	-0.1	3.84671
13063022	322	0.1	-0.1	1.54223
13063022	323	0.1	-0.1	-1.65708
13063022	324	0.1	-0.1	-2.20267
13063022	325	0.1	-0.1	-1.64664
13063022	326	0.1	-0.1	1.63213
13063022	327	0.1	-0.1	4.5185
13063022	328	0.1	-0.1	-0.540606
13063022	329	0.1	-0.1	-4.51579
13063022	330	0.1	-0.1	1.60408
13063022	331	0.1	-0.1	4.52722
13063022	332	0.1	-0.1	3.12607
13063022	333	0.1	-0.1	-4.01098
13063022	334	0.1	-0.1	4.00907
13063022	335	0.1	-0.1	0.931973
13063022	336	0.1	-0.1	4.5766
13063022	337	0.1	-0.1	5.72063
13063022	338	0.1	-0.1	-1.01721
13063022	339	0.1	-0.1	5.00316
13063022	340	0.1	-0.1	-2.87489
13063022	341	0.1	-0.1	5.85864
13063022	342	0.1	-0.1	-4.0417
13063022	343	0.1	-0.1	-1.8572
13063022	344	0.1	-0.1	-2.22385
13063022	345	0.1	-0.1	-4.53552
13063022	346	0.1	-0.1	0.254458
13063022	347	0.1	-0.1	-2.25829
13063022	348	0.1	-0.1	-3.4959
13063022	349	0.1	-0.1	1.81823
13063022	350	0.1	-0.1	-2.68497
13063022	351	0.1	-0.1	-4.51576
13063022	352	0.1	-0.1	2.00522
13063022	353	0.1	-0.1	-2.44544
13063022	354	0.1	-0.1	-4.31908
13063022	355	0.1	-0.1	-4.57226
13063022	356	0.1	-0.1	5.77303
13063022	357	0.1	-0.1	-4.74146
13063022	358	0.1	-0.1	2.02342
13063022	359	0.1	-0.1	0.708973
13063022	360	0.1	-0.1	-0.0508241
13063022	361	0.1	-0.1	0.466846
13063022	362	0.1	-0.1	-3.8825
13063022	363	0.1	-0.1	-0.702828
13063022	364	0.1	-0.1	0.658169
13063022	365	0.1	-0.1	-1.87355
13063022	366	0.1	-0.1	2.01666
13063022	367	0.1	-0.1	-1.21862
13063022	368	0.1	-0.1	2.95291
13063022	369	0.1	-0.1	-5.90659
13063022	370	0.1	-0.1	-1.46565
13063022	371	0.1	-0.1	1.74984
13063022	372	0.1	-0.1	5.44335
13063022	373	0.1	-0.1	5.05207
13063022	374	0.1	-0.1	2.70027
13063022	375	0.1	-0.1	0.0768249
13063022	376	0.1	-0.1	0.518253
13063022	377	0.1	-0.1	1.29583
13063022	378	0.1	-0.1	2.53878
13063022	379	0.1	-0.1	2.2045
13063022	380	0.1	-0.1	-1.81273
13063022	381	0.1	-0.1	4.67407
13063022	382	0.1	-0.1	4.90813
13063022	383	0.1	-0.1	3.29069
13063022	384	0.1	-0.1	-0.427634
13063022	385	0.1	-0.1	-3.65573
13063022	386	0.1	-0.1	1.59971
13063022	387	0.1	-0.1	0.593132
13063022	388	0.1	-0.1	-2.92027
13063022	389	0.1	-0.1	5.98502
13063022	390	0.1	-0.1	5.52506
13063022	391	0.1	-0.1	2.9361
13063022	392	0.1	-0.1	2.67077
13063022	393	0.1	-0.1	2.91999
13063022	394	0.1	-0.1	-2.72894
13063022	395	0.1	-0.1	3.16631
13063022	396	0.1	-0.1	-3.18239
13063022	397	0.1	-0.1	-0.292927
13063022	398	0.1	-0.1	-2.00972
13063022	399	0.1	-0.1	-0.218644
13063022	400	0.1	-0.1	4.84232
13063022	401	0.1	-0.1	-5.44698
13063022	402	0.1	-0.1	5.24035
13063022	403	0.1	-0.1	0.145962
13063022	404	0.1	-0.1	-0.174135
13063022	405	0.1	-0.1	-4.51162
13063022	406	0.1	-0.1	0.371665
13063022	407	0.1	-0.1	0.580963
13063022	408	0.1	-0.1	2.28648
13063022	409	0.1	-0.1	5.78022
13063022	410	0.1	-0.1	1.9951
13063022	411	0.1	-0.1	0.0133046
13063022	412	0.1	-0.1	-3.25269
13063022	413	0.1	-0.1	-1.07249
13063022	414	0.1	-0.1	-3.04639
13063022	415	0.1	-0.1	3.91253
13063022	416	0.1	-0.1	-4.32311
13063022	417	0.1	-0.1	0.800984
13063022	418	0.1	-0.1	-3.95998
13063022	419	0.1	-0.1	-2.45141
13063022	420	0.1	-0.1	-0.153312
13063022	421	0.1	-0.1	4.5774
13063022	422	0.1	-0.1	-5.1545
13063022	423	0.1	-0.1	4.63325
13063022	424	0.1	-0.1	-1.02035
13063022	425	0.1	-0.1	5.7725
13063022	426	0.1	-0.1	5.99037
13063022	427	0.1	-0.1	-3.3181
13063022	428	0.1	-0.1	-0.177189
13063022	429	0.1	-0.1	5.14409
13063022	430	0.1	-0.1	-4.29047
13063022	431	0.1	-0.1	-0.0390954
13063022	432	0.1	-0.1	4.3245
13063022	433	0.1	-0.1	-5.54509
13063022	434	0.1	-0.1	-5.82406
13063022	435	0.1	-0.1	0.194555
13063022	436	0.1	-0.1	-1.74996
13063022	437	0.1	-0.1	-5.13302
13063022	438	0.1	-0.1	-1.81178
13063022	439	0.1	-0.1	0.294887
13063022	440	0.1	-0.1	-0.577819
13063022	441	0.1	-0.1	-0.496169
13063022	442	0.1	-0.1	-0.480222
13063022	443	0.1	-0.1	2.0034
13063022	444	0.1	-0.1	-4.50525
13063022	445	0.1	-0.1	4.88674
13063022	446	0.1	-0.1	2.29941
13063022	447	0.1	-0.1	-4.16413
13063022	448	0.1	-0.1	3.63783
13063022	449	0.1	-0.1	4.04121
13063022	450	0.1	-0.1	-1.83502
13063022	451	0.1	-0.1	-3.16993
13063022	452	0.1	-0.1	4.60878
13063022	453	0.1	-0.1	-4.50054
13063022	454	0.1	-0.1	0.832322
13063022	455	0.1	-0.1	3.02876
13063022	456	0.1	-0.1	2.85494
13063022	457	0.1	-0.1	-1.29806
13063022	458	0.1	-0.1	-4.78069
13063022	459	0.1	-0.1	2.32306
13063022	460	0.1	-0.1	1.03288
13063022	461	0.1	-0.1	-5.20035
13063022	462	0.1	-0.1	-2.49849
13063022	463	0.1	-0.1	-3.05225
13063022	464	0.1	-0.1	4.74709
13063022	465	0.1	-0.1	0.121846
13063022	466	0.1	-0.1	5.57942
13063022	467	0.1	-0.1	-3.18705
13063022	468	0.1	-0.1	4.80439
13063022	469	0.1	-0.1	-5.60249
13063022	470	0.1	-0.1	4.60519
13063022	471	0.1	-0.1	-2.09086
13063022	472	0.1	-0.1	-1.1628
13063022	473	0.1	-0.1	-5.2477
13063022	474	0.1	-0.1	-1.00218
13063022	475	0.1	-0.1	-5.65896
13063022	476	0.1	-0.1	5.6562
13063022	477	0.1	-0.1	5.73715
13063022	478	0.1	-0.1	-1.21823
13063022	479	0.1	-0.1	-5.70728
13063022	480	0.1	-0.1	1.40512
13063022	481	0.1	-0.1	0.597816
13063022	482	0.1	-0.1	4.84018
13063022	483	0.1	-0.1	3.48994
13063022	484	0.1	-0.1	-4.71311
13063022	485	0.1	-0.1	-5.88565
13063022	486	0.1	-0.1	-3.3614
13063022	487	0.1	-0.1	-3.1283
13063022	488	0.1	-0.1	5.16533
13063022	489	0.1	-0.1	3.38616
13063022	490	0.1	-0.1	0.886748
13063022	491	0.1	-0.1	4.43831
13063022	492	0.1	-0.1	-2.59382
13063022	493	0.1	-0.1	-3.39355
13063022	494	0.1	-0.1	0.49793
13063022	495	0.1	-0.1	1.98882
13063022	496	0.1	-0.1	-2.06096
13063022	497	0.1	-0.1	3.23638
13063022	498	0.1	-0.1	-2.40313
13063022	499	0.1	-0.1	5.11841
13063022	500	0.1	-0.1	-2.6033
13063022	501	0.1	-0.1	2.95754
13063022	502	0.1	-0.1	1.18152
13063022	503	0.1	-0.1	-4.27416
13063022	504	0.1	-0.1	1.95493
13063022	505	0.1	-0.1	1.30001
13063022	506	0.1	-0.1	1.88997
13063022	507	0.1	-0.1	4.53108
13063022	508	0.1	-0.1	-0.169775
13063022	509	0.1	-0.1	-4.16432
13063022	510	0.1	-0.1	0.690457
13063022	511	0.1	-0.1	1.27048
13063022	512	0.1	-0.1	5.17333
13063022	513	0.1	-0.1	-0.939964
13063022	514	0.1	-0.1	1.42894
13063022	515	0.1	-0.1	-1.475
13063022	516	0.1	-0.1	-5.05372
13063022	517	0.1	-0.1	2.0378
13063022	518	0.1	-0.1	2.22995
13063022	519	0.1	-0.1	2.29596
13063022	520	0.1	-0.1	0.901604
13063022	521	0.1	-0.1	0.313828
13063022	522	0.1	-0.1	-0.287603
13063022	523	0.1	-0.1	3.69653
13063022	524	0.1	-0.1	3.72919
13063022	525	0.1	-0.1	-1.66574
13063022	526	0.1	-0.1	-3.86699
13063022	527	0.1	-0.1	1.16259
13063022	528	0.1	-0.1	2.5043
13063022	529	0.1	-0.1	0.225709
13063022	530	0.1	-0.1	-1.77648
13063022	531	0.1	-0.1	-5.59121
13063022	532	0.1	-0.1	-0.781712
13063022	533	0.1	-0.1	-3.70456
13063022	534	0.1	-0.1	-1.36906
13063022	535	0.1	-0.1	4.22604
13063022	536	0.1	-0.1	4.17602
13063022	537	0.1	-0.1	-2.25242
13063022	538	0.1	-0.1	-0.668771
13063022	539	0.1	-0.1	4.62636
13063022	540	0.1	-0.1	2.62646
13063022	541	0.1	-0.1	2.19543
13063022	542	0.1	-0.1	-5.43574
13063022	543	0.1	-0.1	-4.68291
13063022	544	0.1	-0.1	3.3364
13063022	545	0.1	-0.1	-5.67708
13063022	546	0.1	-0.1	4.0786
13063022	547	0.1	-0.1	0.00262574
13063022	548	0.1	-0.1	-5.13093
13063022	549	0.1	-0.1	3.23144
13063022	550	0.1	-0.1	-1.58601
13063022	551	0.1	-0.1	-5.66846
13063022	552	0.1	-0.1	5.16464
13063022	553	0.1	-0.1	0.850765
13063022	554	0.1	-0.1	1.05586
13063022	555	0.1	-0.1	0.856591
13063022	556	0.1	-0.1	-1.75378
13063022	557	0.1	-0.1	-1.6298
13063022	558	0.1	-0.1	5.01109
13063022	559	0.1	-0.1	-2.71084
13063022	560	0.1	-0.1	2.12865
13063022	561	0.1	-0.1	-0.577063
13063022	562	0.1	-0.1	-5.29991
13063022	563	0.1	-0.1	3.97201
13063022	564	0.1	-0.1	-5.44719
13063022	565	0.1	-0.1	-1.12384
13063022	566	0.1	-0.1	-1.75821
13063022	567	0.1	-0.1	-1.48382
13063022	568	0.1	-0.1	-3.24338
13063022	569	0.1	-0.1	-1.58275
13063022	570	0.1	-0.1	2.07461
13063022	571	0.1	-0.1	5.57297
13063022	572	0.1	-0.1	0.629916
13063022	573	0.1	-0.1	-4.55077
13063022	574	0.1	-0.1	-3.52494
13063022	575	0.1	-0.1	-2.06951
13063022	576	0.1	-0.1	5.31999
13063022	577	0.1	-0.1	0.903264
13063022	578	0.1	-0.1	2.7245
13063022	579	0.1	-0.1	-1.98463
13063022	580	0.1	-0.1	0.692781
13063022	581	0.1	-0.1	3.85011
13063022	582	0.1	-0.1	3.09373
13063022	583	0.1	-0.1	3.74218
13063022	584	0.1	-0.1	4.22292
13063022	585	0.1	-0.1	0.525328
13063022	586	0.1	-0.1	0.645238
13063022	587	0.1	-0.1	5.30996
13063022	588	0.1	-0.1	2.10283
13063022	589	0.1	-0.1	1.2974
13063022	590	0.1	-0.1	4.92682
13063022	591	0.1	-0.1	-5.35288
13063022	592	0.1	-0.1	4.00021
13063022	593	0.1	-0.1	1.12856
13063022	594	0.1	-0.1	-2.58447
13063022	595	0.1	-0.1	4.86296
13063022	596	0.1	-0.1	5.08129
13063022	597	0.1	-0.1	1.12013
13063022	598	0.1	-0.1	5.81169
13063022	599	0.1	-0.1	3.98415
13063022	600	0.1	-0.1	-4.8615
13063022	601	0.1	-0.1	-1.31398
13063022	602	0.1	-0.1	2.39082
13063022	603	0.1	-0.1	-2.34728
13063022	604	0.1	-0.1	-2.08338
13063022	605	0.1	-0.1	-1.85477
13063022	606	0.1	-0.1	-3.37738
13063022	607	0.1	-0.1	-3.37001
13063022	608	0.1	-0.1	-0.157975
13063022	609	0.1	-0.1	4.19587
13063022	610	0.1	-0.1	4.15252
13063022	611	0.1	-0.1	-2.14558
13063022	612	0.1	-0.1	-2.80687
13063022	613	0.1	-0.1	0.202933
13063022	614	0.1	-0.1	4.25004
13063022	615	0.1	-0.1	3.11219
13063022	616	0.1	-0.1	2.89478
13063022	617	0.1	-0.1	4.36971
13063022	618	0.1	-0.1	-5.74127
13063022	619	0.1	-0.1	4.33206
13063022	620	0.1	-0.1	-2.8093
13063022	621	0.1	-0.1	-5.51741
13063022	622	0.1	-0.1	3.66098
13063022	623	0.1	-0.1	2.48839
13063022	624	0.1	-0.1	-2.91726
13063022	625	0.1	-0.1	2.34004
13063022	626	0.1	-0.1	-1.33
13063022	627	0.1	-0.1	-5.58399
13063022	628	0.1	-0.1	5.06354
13063022	629	0.1	-0.1	5.58389
13063022	630	0.1	-0.1	-5.47047
13063022	631	0.1	-0.1	3.39617
13063022	632	0.1	-0.1	5.31223
13063022	633	0.1	-0.1	5.9572
13063022	634	0.1	-0.1	0.955984
13063022	635	0.1	-0.1	4.64028
13063022	636	0.1	-0.1	0.283586
13063022	637	0.1	-0.1	3.90143
13063022	638	0.1	-0.1	-4.09769
13063022	639	0.1	-0.1	1.30898
13063022	640	0.1	-0.1	4.96597
13063022	641	0.1	-0.1	-2.97328
13063022	642	0.1	-0.1	0.236077
13063022	643	0.1	-0.1	1.39923
13063022	644	0.1	-0.1	0.642268
13063022	645	0.1	-0.1	2.9292
13063022	646	0.1	-0.1	1.62476
13063022	647	0.1	-0.1	-0.886981
13063022	648	0.1	-0.1	-3.88679
13063022	649	0.1	-0.1	2.40579
13063022	650	0.1	-0.1	0.581974
13063022	651	0.1	-0.1	4.82044
13063022	652	0.1	-0.1	-0.402484
13063022	653	0.1	-0.1	-0.452907
13063022	654	0.1	-0.1	5.1264
13063022	655	0.1	-0.1	-1.36504
13063022	656	0.1	-0.1	2.04615
13063022	657	0.1	-0.1	1.21958
13063022	658	0.1	-0.1	3.71239
13063022	659	0.1	-0.1	-2.74884
13063022	660	0.1	-0.1	1.55451
13063022	661	0.1	-0.1	-5.64923
13063022	662	0.1	-0.1	4.26107
13063022	663	0.1	-0.1	3.4085
13063022	664	0.1	-0.1	-1.27478
13063022	665	0.1	-0.1	2.12549
13063022	666	0.1	-0.1	-3.97384
13063022	667	0.1	-0.1	5.38813
13063022	668	0.1	-0.1	5.71885
13063022	669	0.1	-0.1	-3.94459
13063022	670	0.1	-0.1	-0.965121
13063022	671	0.1	-0.1	-4.67275
13063022	672	0.1	-0.1	-0.0745339
13063022	673	0.1	-0.1	4.29467
13063022	674	0.1	-0.1	4.78512
13063022	675	0.1	-0.1	4.01714
13063022	676	0.1	-0.1	-0.5485
13063022	677	0.1	-0.1	3.71128
13063022	678	0.1	-0.1	-0.623828
13063022	679	0.1	-0.1	0.393259
13063022	680	0.1	-0.1	2.00344
13063022	681	0.1	-0.1	-0.289231
13063022	682	0.1	-0.1	-5.28483
13063022	683	0.1	-0.1	-4.2913
13063022	684	0.1	-0.1	-2.45217
13063022	685	0.1	-0.1	-2.59145
13063022	686	0.1	-0.1	3.37743
13063022	687	0.1	-0.1	-5.19168
13063022	688	0.1	-0.1	-4.20806
13063022	689	0.1	-0.1	4.71708
13063022	690	0.1	-0.1	-4.89723
13063022	691	0.1	-0.1	5.40514
13063022	692	0.1	-0.1	-4.48425
13063022	693	0.1	-0.1	-4.29762
13063022	694	0.1	-0.1	0.022048
13063022	695	0.1	-0.1	-4.38731
13063022	696	0.1	-0.1	-4.5536
13063022	697	0.1	-0.1	1.64534
13063022	698	0.1	-0.1	5.86121
13063022	699	0.1	-0.1	-0.263939
13063022	700	0.1	-0.1	-0.717317
13063022	701	0.1	-0.1	3.38922
13063022	702	0.1	-0.1	-3.2542
13063022	703	0.1	-0.1	0.510841
13063022	704	0.1	-0.1	3.07096
13063022	705	0.1	-0.1	-5.82315
13063022	706	0.1	-0.1	1.635
13063022	707	0.1	-0.1	-1.69439
13063022	708	0.1	-0.1	-3.72719
13063022	709	0.1	-0.1	-3.68925
13063022	710	0.1	-0.1	-5.0227
13063022	711	0.1	-0.1	-5.56939
13063022	712	0.1	-0.1	2.1065
13063022	713	0.1	-0.1	-3.36056
13063022	714	0.1	-0.1	-4.37387
13063022	715	0.1	-0.1	5.45254
13063022	716	0.1	-0.1	-2.94752
13063022	717	0.1	-0.1	3.88907
13063022	718	0.1	-0.1	-5.00924
13063022	719	0.1	-0.1	-2.87458
13063022	720	0.1	-0.1	-5.09831
13063022	721	0.1	-0.1	-2.72381
13063022	722	0.1	-0.1	3.8287
13063022	723	0.1	-0.1	4.42626
13063022	724	0.1	-0.1	0.773928
13063022	725	0.1	-0.1	1.89811
13063022	726	0.1	-0.1	1.99988
13063022	727	0.1	-0.1	-0.687099
13063022	728	0.1	-0.1	5.34346
13063022	729	0.1	-0.1	2.12777
13063022	730	0.1	-0.1	3.01957
13063022	731	0.1	-0.1	5.30753
13063022	732	0.1	-0.1	-0.681891
13063022	733	0.1	-0.1	-5.11489
13063022	734	0.1	-0.1	5.46848
13063022	735	0.1	-0.1	-3.13897
13063022	736	0.1	-0.1	-2.71957
13063022	737	0.1	-0.1	2.97972
13063022	738	0.1	-0.1	-2.25445
13063022	739	0.1	-0.1	1.75966
13063022	740	0.1	-0.1	-2.23795
13063022	741	0.1	-0.1	-3.50052
13063022	742	0.1	-0.1	-1.6566
13063022	743	0.1	-0.1	1.76739
13063022	744	0.1	-0.1	4.72592
13063022	745	0.1	-0.1	-4.09999
13063022	746	0.1	-0.1	5.19737
13063022	747	0.1	-0.1	-3.19007
13063022	748	0.1	-0.1	4.86948
13063022	749	0.1	-0.1	3.22964
13063022	750	0.1	-0.1	-2.46274
13063022	751	0.1	-0.1	-2.01763
13063022	752	0.1	-0.1	4.34392
13063022	753	0.1	-0.1	-4.14442
13063022	754	0.1	-0.1	-5.28141
13063022	755	0.1	-0.1	2.6089
13063022	756	0.1	-0.1	-5.90902
13063022	757	0.1	-0.1	2.97605
13063022	758	0.1	-0.1	3.71156
13063022	759	0.1	-0.1	-1.01221
13063022	760	0.1	-0.1	0.723697
13063022	761	0.1	-0.1	4.70916
13063022	762	0.1	-0.1	-5.24379
13063022	763	0.1	-0.1	1.68405
13063022	764	0.1	-0.1	-0.875568
13063022	765	0.1	-0.1	3.15008
13063022	766	0.1	-0.1	0.577818
13063022	767	0.1	-0.1	-5.49965
13063022	768	0.1	-0.1	-4.19586
13063022	769	0.1	-0.1	-1.83768
13063022	770	0.1	-0.1	3.51344
13063022	771	0.1	-0.1	4.57794
13063022	772	0.1	-0.1	-4.96921
13063022	773	0.1	-0.1	3.36998
13063022	774	0.1	-0.1	5.98012
13063022	775	0.1	-0.1	4.32256
13063022	776	0.1	-0.1	0.932039
13063022	777	0.1	-0.1	-2.87392
13063022	778	0.1	-0.1	5.94985
13063022	779	0.1	-0.1	5.72777
13063022	780	0.1	-0.1	-1.37593
13063022	781	0.1	-0.1	-0.136627
13063022	782	0.1	-0.1	-2.82159
13063022	783	0.1	-0.1	-3.825
13063022	784	0.1	-0.1	-4.98847
13063022	785	0.1	-0.1	-3.34419
13063022	786	0.1	-0.1	3.87489
13063022	787	0.1	-0.1	-2.18627
13063022	788	0.1	-0.1	-5.58566
13063022	789	0.1	-0.1	1.31902
13063022	790	0.1	-0.1	0.464298
13063022	791	0.1	-0.1	-0.550099
13063022	792	0.1	-0.1	-2.14404
13063022	793	0.1	-0.1	-2.26232
13063022	794	0.1	-0.1	-3.0896
13063022	795	0.1	-0.1	-3.84643
13063022	796	0.1	-0.1	-3.96083
13063022	797	0.1	-0.1	0.763361
13063022	798	0.1	-0.1	-0.661539
13063022	799	0.1	-0.1	5.40459
13063022	800	0.1	-0.1	1.47516
13063022	801	0.1	-0.1	1.7751
13063022	802	0.1	-0.1	-5.62473
13063022	803	0.1	-0.1	1.65648
13063022	804	0.1	-0.1	-4.90091
13063022	805	0.1	-0.1	1.66765
13063022	806	0.1	-0.1	5.80617
13063022	807	0.1	-0.1	-4.89371
13063022	808	0.1	-0.1	2.26714
13063022	809	0.1	-0.1	4.43386
13063022	810	0.1	-0.1	-5.04634
13063022	811	0.1	-0.1	2.16635
13063022	812	0.1	-0.1	2.77555
13063022	813	0.1	-0.1	2.04576
13063022	814	0.1	-0.1	-3.95126
13063022	815	0.1	-0.1	-5.97229
13063022	816	0.1	-0.1	5.55078
13063022	817	0.1	-0.1	-5.83325
13063022	818	0.1	-0.1	-3.59306
13063022	819	0.1	-0.1	-1.57184
13063022	820	0.1	-0.1	-0.909373
13063022	821	0.1	-0.1	-5.7199
13063022	822	0.1	-0.1	-4.77083
13063022	823	0.1	-0.1	-5.88681
13063022	824	0.1	-0.1	-1.06989
13063022	825	0.1	-0.1	3.47563
13063022	826	0.1	-0.1	3.80878
13063022	827	0.1	-0.1	2.04115
13063022	828	0.1	-0.1	-4.14565
13063022	829	0.1	-0.1	1.75959
13063022	830	0.1	-0.1	-5.0074
13063022	831	0.1	-0.1	-3.18727
13063022	832	0.1	-0.1	0.245656
13063022	833	0.1	-0.1	-4.70004
13063022	834	0.1	-0.1	-2.47389
13063022	835	0.1	-0.1	3.93016
13063022	836	0.1	-0.1	-1.11326
13063022	837	0.1	-0.1	2.40097
13063022	838	0.1	-0.1	3.03001
13063022	839	0.1	-0.1	0.129333
13063022	840	0.1	-0.1	-5.35923
13063022	841	0.1	-0.1	-1.44533
13063022	842	0.1	-0.1	-4.21409
13063022	843	0.1	-0.1	-1.70757
13063022	844	0.1	-0.1	0.820268
13063022	845	0.1	-0.1	-0.533308
13063022	846	0.1	-0.1	2.65618
13063022	847	0.1	-0.1	-4.67839
13063022	848	0.1	-0.1	-1.19433
13063022	849	0.1	-0.1	-1.02748
13063022	850	0.1	-0.1	-2.40959
13063022	851	0.1	-0.1	-4.93083
13063022	852	0.1	-0.1	5.93414
13063022	853	0.1	-0.1	4.89389
13063022	854	0.1	-0.1	-5.44353
13063022	855	0.1	-0.1	4.5898
13063022	856	0.1	-0.1	5.67565
13063022	857	0.1	-0.1	4.63779
13063022	858	0.1	-0.1	-3.25937
13063022	859	0.1	-0.1	-2.88131
13063022	860	0.1	-0.1	2.47228
13063022	861	0.1	-0.1	-3.77448
13063022	862	0.1	-0.1	-4.85195
13063022	863	0.1	-0.1	-2.60694
13063022	864	0.1	-0.1	-1.89635
13063022	865	0.1	-0.1	-2.07222
13063022	866	0.1	-0.1	-1.3625
13063022	867	0.1	-0.1	-5.23076
13063022	868	0.1	-0.1	-0.539369
13063022	869	0.1	-0.1	5.34574
13063022	870	0.1	-0.1	5.08461
13063022	871	0.1	-0.1	-3.6238
13063022	872	0.1	-0.1	4.76337
13063022	873	0.1	-0.1	5.1263
13063022	874	0.1	-0.1	-3.97386
13063022	875	0.1	-0.1	-5.21461
13063022	876	0.1	-0.1	-1.97087
13063022	877	0.1	-0.1	4.95735
13063022	878	0.1	-0.1	1.9805
13063022	879	0.1	-0.1	5.22462
13063022	880	0.1	-0.1	4.01464
13063022	881	0.1	-0.1	2.06327
13063022	882	0.1	-0.1	2.01601
13063022	883	0.1	-0.1	-3.83893
13063022	884	0.1	-0.1	1.10123
13063022	885	0.1	-0.1	1.26816
13063022	886	0.1	-0.1	4.87158
13063022	887	0.1	-0.1	5.07501
13063022	888	0.1	-0.1	-3.44355
13063022	889	0.1	-0.1	-1.11223
13063022	890	0.1	-0.1	-5.16873
13063022	891	0.1	-0.1	0.772868
13063022	892	0.1	-0.1	2.5246
13063022	893	0.1	-0.1	-0.760992
13063022	894	0.1	-0.1	-0.042901
13063022	895	0.1	-0.1	-5.73837
13063022	896	0.1	-0.1	4.9767
13063022	897	0.1	-0.1	2.2288
13063022	898	0.1	-0.1	5.43254
13063022	899	0.1	-0.1	5.80463
13063022	900	0.1	-0.1	3.09212
13063022	901	0.1	-0.1	-5.16382
13063022	902	0.1	-0.1	-1.67101
13063022	903	0.1	-0.1	4.44093
13063022	904	0.1	-0.1	3.06074
13063022	905	0.1	-0.1	4.54627
13063022	906	0.1	-0.1	-5.04656
13063022	907	0.1	-0.1	-2.7912
13063022	908	0.1	-0.1	3.37876
13063022	909	0.1	-0.1	5.28638
13063022	910	0.1	-0.1	-3.20959
13063022	911	0.1	-0.1	2.27784
13063022	912	0.1	-0.1	-0.303579
13063022	913	0.1	-0.1	5.88922
13063022	914	0.1	-0.1	-5.69353
13063022	915	0.1	-0.1	2.85877
13063022	916	0.1	-0.1	-1.69444
13063022	917	0.1	-0.1	-2.81727
13063022	918	0.1	-0.1	3.23785
13063022	919	0.1	-0.1	3.84068
13063022	920	0.1	-0.1	5.62318
13063022	921	0.1	-0.1	5.31781
13063022	922	0.1	-0.1	-1.39922
13063022	923	0.1	-0.1	-1.23624
13063022	924	0.1	-0.1	2.88445
13063022	925	0.1	-0.1	-4.40105
13063022	926	0.1	-0.1	-0.552802
13063022	927	0.1	-0.1	2.04258
13063022	928	0.1	-0.1	-1.15508
13063022	929	0.1	-0.1	-0.411308
13063022	930	0.1	-0.1	-1.2238
13063022	931	0.1	-0.1	1.76285
13063022	932	0.1	-0.1	3.60994
13063022	933	0.1	-0.1	-4.25052
13063022	934	0.1	-0.1	1.58536
13063022	935	0.1	-0.1	-5.41284
13063022	936	0.1	-0.1	-3.50634
13063022	937	0.1	-0.1	3.19193
13063022	938	0.1	-0.1	-3.03592
13063022	939	0.1	-0.1	2.07257
13063022	940	0.1	-0.1	3.16293
13063022	941	0.1	-0.1	5.13329
13063022	942	0.1	-0.1	-3.79617
13063022	943	0.1	-0.1	-1.59224
13063022	944	0.1	-0.1	0.104267
13063022	945	0.1	-0.1	1.39209
13063022	946	0.1	-0.1	0.273231
13063022	947	0.1	-0.1	-5.04598
13063022	948	0.1	-0.1	3.34729
13063022	949	0.1	-0.1	4.9281
13063022	950	0.1	-0.1	-4.22712
13063022	951	0.1	-0.1	4.12382
13063022	952	0.1	-0.1	3.06942
13063022	953	0.1	-0.1	-2.14857
13063022	954	0.1	-0.1	4.53756
13063022	955	0.1	-0.1	-2.94128
13063022	956	0.1	-0.1	4.93699
13063022	957	0.1	-0.1	-4.35284
13063022	958	0.1	-0.1	4.62944
13063022	959	0.1	-0.1	-0.723979
13063022	960	0.1	-0.1	-4.27744
13063022	961	0.1	-0.1	0.415148
13063022	962	0.1	-0.1	-2.44904
13063022	963	0.1	-0.1	2.7865
13063022	964	0.1	-0.1	1.73451
13063022	965	0.1	-0.1	-4.81339
13063022	966	0.1	-0.1	-0.374014
13063022	967	0.1	-0.1	4.83089
13063022	968	0.1	-0.1	-0.665089
13063022	969	0.1	-0.1	-1.3833
13063022	970	0.1	-0.1	0.0541135
13063022	971	0.1	-0.1	-5.51953
13063022	972	0.1	-0.1	-4.88248
13063022	973	0.1	-0.1	-2.96382
13063022	974	0.1	-0.1	-5.54722
13063022	975	0.1	-0.1	-0.766156
13063022	976	0.1	-0.1	-0.727215
13063022	977	0.1	-0.1	-3.34232
13063022	978	0.1	-0.1	4.79726
13063022	979	0.1	-0.1	2.68242
13063022	980	0.1	-0.1	2.19073
13063022	981	0.1	-0.1	0.975698
13063022	982	0.1	-0.1	1.88402
13063022	983	0.1	-0.1	4.66451
13063022	984	0.1	-0.1	4.70201
13063022	985	0.1	-0.1	-4.83836
13063022	986	0.1	-0.1	2.4904
13063022	987	0.1	-0.1	-4.52987
13063022	988	0.1	-0.1	0.836157
13063022	989	0.1	-0.1	-1.8108
13063022	990	0.1	-0.1	0.134841
13063022	991	0.1	-0.1	5.50787
13063022	992	0.1	-0.1	1.90199
13063022	993	0.1	-0.1	0.018599
13063022	994	0.1	-0.1	3.76696
13063022	995	0.1	-0.1	0.105226
13063022	996	0.1	-0.1	1.17603
13063022	997	0.1	-0.1	0.382521
13063022	998	0.1	-0.1	-2.94165
13063022	999	0.1	-0.1	1.00781
13063022	1000	0.1	-0.1	-3.46965
