13062006	1	0.1	-0.1	0.0993368
13062006	2	0.1	-0.1	-5.03742
13062006	3	0.1	-0.1	-4.11504
13062006	4	0.1	-0.1	-3.01974
13062006	5	0.1	-0.1	-3.54964
13062006	6	0.1	-0.1	-1.86329
13062006	7	0.1	-0.1	4.46581
13062006	8	0.1	-0.1	3.15263
13062006	9	0.1	-0.1	-1.07216
13062006	10	0.1	-0.1	1.83529
13062006	11	0.1	-0.1	-5.61831
13062006	12	0.1	-0.1	-5.32574
13062006	13	0.1	-0.1	5.15833
13062006	14	0.1	-0.1	-0.179006
13062006	15	0.1	-0.1	-2.1296
13062006	16	0.1	-0.1	5.90792
13062006	17	0.1	-0.1	5.99038
13062006	18	0.1	-0.1	-2.50678
13062006	19	0.1	-0.1	3.05903
13062006	20	0.1	-0.1	0.905797
13062006	21	0.1	-0.1	3.93286
13062006	22	0.1	-0.1	1.60997
13062006	23	0.1	-0.1	0.656213
13062006	24	0.1	-0.1	-0.202973
13062006	25	0.1	-0.1	-4.09282
13062006	26	0.1	-0.1	-1.35991
13062006	27	0.1	-0.1	2.16407
13062006	28	0.1	-0.1	2.14117
13062006	29	0.1	-0.1	4.68037
13062006	30	0.1	-0.1	2.9326
13062006	31	0.1	-0.1	-1.3885
13062006	32	0.1	-0.1	-2.12277
13062006	33	0.1	-0.1	1.92058
13062006	34	0.1	-0.1	0.0282688
13062006	35	0.1	-0.1	-0.439256
13062006	36	0.1	-0.1	-1.76227
13062006	37	0.1	-0.1	2.4534
13062006	38	0.1	-0.1	1.13251
13062006	39	0.1	-0.1	-0.46944
13062006	40	0.1	-0.1	4.2259
13062006	41	0.1	-0.1	4.24592
13062006	42	0.1	-0.1	-4.04817
13062006	43	0.1	-0.1	-1.47327
13062006	44	0.1	-0.1	-3.08005
13062006	45	0.1	-0.1	5.7292
13062006	46	0.1	-0.1	-1.57207
13062006	47	0.1	-0.1	-3.24293
13062006	48	0.1	-0.1	-2.80165
13062006	49	0.1	-0.1	2.5377
13062006	50	0.1	-0.1	2.0234
13062006	51	0.1	-0.1	-4.26747
13062006	52	0.1	-0.1	-5.14588
13062006	53	0.1	-0.1	-1.6142
13062006	54	0.1	-0.1	3.43084
13062006	55	0.1	-0.1	3.43358
13062006	56	0.1	-0.1	0.182616
13062006	57	0.1	-0.1	4.73848
13062006	58	0.1	-0.1	2.44572
13062006	59	0.1	-0.1	3.74622
13062006	60	0.1	-0.1	3.54514
13062006	61	0.1	-0.1	1.64188
13062006	62	0.1	-0.1	-4.62905
13062006	63	0.1	-0.1	0.161311
13062006	64	0.1	-0.1	-2.149
13062006	65	0.1	-0.1	-3.95237
13062006	66	0.1	-0.1	4.26454
13062006	67	0.1	-0.1	1.1485
13062006	68	0.1	-0.1	4.24235
13062006	69	0.1	-0.1	5.65417
13062006	70	0.1	-0.1	-3.72667
13062006	71	0.1	-0.1	4.61145
13062006	72	0.1	-0.1	1.09774
13062006	73	0.1	-0.1	-0.457196
13062006	74	0.1	-0.1	4.7419
13062006	75	0.1	-0.1	-3.32838
13062006	76	0.1	-0.1	-0.811025
13062006	77	0.1	-0.1	2.75994
13062006	78	0.1	-0.1	-1.8217
13062006	79	0.1	-0.1	5.7589
13062006	80	0.1	-0.1	5.98004
13062006	81	0.1	-0.1	-0.00640233
13062006	82	0.1	-0.1	0.0703257
13062006	83	0.1	-0.1	4.71927
13062006	84	0.1	-0.1	-5.95657
13062006	85	0.1	-0.1	-5.90491
13062006	86	0.1	-0.1	-4.52025
13062006	87	0.1	-0.1	1.41762
13062006	88	0.1	-0.1	2.12789
13062006	89	0.1	-0.1	1.46051
13062006	90	0.1	-0.1	-2.42944
13062006	91	0.1	-0.1	-5.70195
13062006	92	0.1	-0.1	-3.11676
13062006	93	0.1	-0.1	-3.31224
13062006	94	0.1	-0.1	-0.321929
13062006	95	0.1	-0.1	-5.59211
13062006	96	0.1	-0.1	-5.8611
13062006	97	0.1	-0.1	-2.63596
13062006	98	0.1	-0.1	-2.82446
13062006	99	0.1	-0.1	4.00976
13062006	100	0.1	-0.1	-2.96896
13062006	101	0.1	-0.1	2.32758
13062006	102	0.1	-0.1	-3.61157
13062006	103	0.1	-0.1	-2.30613
13062006	104	0.1	-0.1	0.749136
13062006	105	0.1	-0.1	-0.0438372
13062006	106	0.1	-0.1	-4.67275
13062006	107	0.1	-0.1	4.97888
13062006	108	0.1	-0.1	1.75174
13062006	109	0.1	-0.1	2.70946
13062006	110	0.1	-0.1	-1.35886
13062006	111	0.1	-0.1	5.68388
13062006	112	0.1	-0.1	-2.56539
13062006	113	0.1	-0.1	0.947428
13062006	114	0.1	-0.1	-5.95213
13062006	115	0.1	-0.1	3.22417
13062006	116	0.1	-0.1	1.09304
13062006	117	0.1	-0.1	0.282907
13062006	118	0.1	-0.1	2.09602
13062006	119	0.1	-0.1	0.281555
13062006	120	0.1	-0.1	-3.66534
13062006	121	0.1	-0.1	0.793958
13062006	122	0.1	-0.1	0.352088
13062006	123	0.1	-0.1	1.36853
13062006	124	0.1	-0.1	-4.94515
13062006	125	0.1	-0.1	-2.00491
13062006	126	0.1	-0.1	-5.41638
13062006	127	0.1	-0.1	3.18536
13062006	128	0.1	-0.1	-1.13587
13062006	129	0.1	-0.1	5.59796
13062006	130	0.1	-0.1	2.54021
13062006	131	0.1	-0.1	5.35015
13062006	132	0.1	-0.1	0.372008
13062006	133	0.1	-0.1	3.5283
13062006	134	0.1	-0.1	-0.241411
13062006	135	0.1	-0.1	4.18852
13062006	136	0.1	-0.1	-1.02345
13062006	137	0.1	-0.1	2.99287
13062006	138	0.1	-0.1	1.44963
13062006	139	0.1	-0.1	-2.17545
13062006	140	0.1	-0.1	5.5714
13062006	141	0.1	-0.1	-3.34967
13062006	142	0.1	-0.1	-1.56416
13062006	143	0.1	-0.1	1.50617
13062006	144	0.1	-0.1	1.28156
13062006	145	0.1	-0.1	1.05046
13062006	146	0.1	-0.1	5.0908
13062006	147	0.1	-0.1	3.89282
13062006	148	0.1	-0.1	5.03651
13062006	149	0.1	-0.1	-1.36698
13062006	150	0.1	-0.1	3.07813
13062006	151	0.1	-0.1	5.17744
13062006	152	0.1	-0.1	-2.86154
13062006	153	0.1	-0.1	-2.56943
13062006	154	0.1	-0.1	2.787
13062006	155	0.1	-0.1	-0.684281
13062006	156	0.1	-0.1	-1.82038
13062006	157	0.1	-0.1	2.10732
13062006	158	0.1	-0.1	1.00983
13062006	159	0.1	-0.1	3.94855
13062006	160	0.1	-0.1	-2.07679
13062006	161	0.1	-0.1	-5.15301
13062006	162	0.1	-0.1	-1.71009
13062006	163	0.1	-0.1	-0.924844
13062006	164	0.1	-0.1	-4.46191
13062006	165	0.1	-0.1	-4.82843
13062006	166	0.1	-0.1	3.39756
13062006	167	0.1	-0.1	4.11775
13062006	168	0.1	-0.1	-0.501201
13062006	169	0.1	-0.1	1.19135
13062006	170	0.1	-0.1	5.8158
13062006	171	0.1	-0.1	5.54931
13062006	172	0.1	-0.1	2.7497
13062006	173	0.1	-0.1	-1.97467
13062006	174	0.1	-0.1	-5.97755
13062006	175	0.1	-0.1	-5.84672
13062006	176	0.1	-0.1	-2.24796
13062006	177	0.1	-0.1	-0.351708
13062006	178	0.1	-0.1	5.79573
13062006	179	0.1	-0.1	4.42903
13062006	180	0.1	-0.1	3.82467
13062006	181	0.1	-0.1	5.0842
13062006	182	0.1	-0.1	4.44896
13062006	183	0.1	-0.1	-2.90483
13062006	184	0.1	-0.1	5.78246
13062006	185	0.1	-0.1	-4.5232
13062006	186	0.1	-0.1	-3.11285
13062006	187	0.1	-0.1	2.65193
13062006	188	0.1	-0.1	2.61097
13062006	189	0.1	-0.1	-4.13686
13062006	190	0.1	-0.1	-0.030245
13062006	191	0.1	-0.1	-0.815945
13062006	192	0.1	-0.1	2.08192
13062006	193	0.1	-0.1	0.916004
13062006	194	0.1	-0.1	1.06014
13062006	195	0.1	-0.1	-5.6629
13062006	196	0.1	-0.1	0.112836
13062006	197	0.1	-0.1	-5.11924
13062006	198	0.1	-0.1	5.49475
13062006	199	0.1	-0.1	-2.40765
13062006	200	0.1	-0.1	3.62828
13062006	201	0.1	-0.1	5.94141
13062006	202	0.1	-0.1	-1.19001
13062006	203	0.1	-0.1	-4.41437
13062006	204	0.1	-0.1	-5.96025
13062006	205	0.1	-0.1	2.41411
13062006	206	0.1	-0.1	4.15328
13062006	207	0.1	-0.1	-5.40728
13062006	208	0.1	-0.1	3.88872
13062006	209	0.1	-0.1	-3.24223
13062006	210	0.1	-0.1	-2.78863
13062006	211	0.1	-0.1	3.17049
13062006	212	0.1	-0.1	2.07806
13062006	213	0.1	-0.1	-3.15489
13062006	214	0.1	-0.1	5.86219
13062006	215	0.1	-0.1	3.74611
13062006	216	0.1	-0.1	4.29176
13062006	217	0.1	-0.1	-3.82123
13062006	218	0.1	-0.1	1.05228
13062006	219	0.1	-0.1	3.86178
13062006	220	0.1	-0.1	-5.93255
13062006	221	0.1	-0.1	-4.85461
13062006	222	0.1	-0.1	2.67954
13062006	223	0.1	-0.1	3.72913
13062006	224	0.1	-0.1	-4.36799
13062006	225	0.1	-0.1	2.73335
13062006	226	0.1	-0.1	0.110149
13062006	227	0.1	-0.1	2.97291
13062006	228	0.1	-0.1	2.88704
13062006	229	0.1	-0.1	2.62568
13062006	230	0.1	-0.1	3.05122
13062006	231	0.1	-0.1	-4.91549
13062006	232	0.1	-0.1	-1.91699
13062006	233	0.1	-0.1	2.1731
13062006	234	0.1	-0.1	3.77663
13062006	235	0.1	-0.1	4.69533
13062006	236	0.1	-0.1	5.8283
13062006	237	0.1	-0.1	-5.1661
13062006	238	0.1	-0.1	-1.02354
13062006	239	0.1	-0.1	-3.92684
13062006	240	0.1	-0.1	-1.55573
13062006	241	0.1	-0.1	-3.68881
13062006	242	0.1	-0.1	-4.22028
13062006	243	0.1	-0.1	1.38664
13062006	244	0.1	-0.1	-1.14546
13062006	245	0.1	-0.1	2.10773
13062006	246	0.1	-0.1	0.470598
13062006	247	0.1	-0.1	3.43601
13062006	248	0.1	-0.1	-1.44394
13062006	249	0.1	-0.1	-5.98557
13062006	250	0.1	-0.1	-5.62276
13062006	251	0.1	-0.1	-5.09828
13062006	252	0.1	-0.1	0.0830084
13062006	253	0.1	-0.1	2.01929
13062006	254	0.1	-0.1	4.5415
13062006	255	0.1	-0.1	2.22623
13062006	256	0.1	-0.1	4.45215
13062006	257	0.1	-0.1	4.7622
13062006	258	0.1	-0.1	2.09083
13062006	259	0.1	-0.1	0.65891
13062006	260	0.1	-0.1	-0.45975
13062006	261	0.1	-0.1	-0.501155
13062006	262	0.1	-0.1	2.16284
13062006	263	0.1	-0.1	1.45792
13062006	264	0.1	-0.1	4.32288
13062006	265	0.1	-0.1	-5.97297
13062006	266	0.1	-0.1	-2.34536
13062006	267	0.1	-0.1	1.31899
13062006	268	0.1	-0.1	2.39786
13062006	269	0.1	-0.1	2.95934
13062006	270	0.1	-0.1	-0.890742
13062006	271	0.1	-0.1	-3.95108
13062006	272	0.1	-0.1	-3.02074
13062006	273	0.1	-0.1	-2.17314
13062006	274	0.1	-0.1	5.92845
13062006	275	0.1	-0.1	5.18026
13062006	276	0.1	-0.1	-5.38691
13062006	277	0.1	-0.1	0.586264
13062006	278	0.1	-0.1	-2.95946
13062006	279	0.1	-0.1	2.01117
13062006	280	0.1	-0.1	-5.6053
13062006	281	0.1	-0.1	4.283
13062006	282	0.1	-0.1	4.04558
13062006	283	0.1	-0.1	2.90173
13062006	284	0.1	-0.1	-3.0662
13062006	285	0.1	-0.1	4.123
13062006	286	0.1	-0.1	-3.78434
13062006	287	0.1	-0.1	2.42877
13062006	288	0.1	-0.1	-2.37661
13062006	289	0.1	-0.1	0.18444
13062006	290	0.1	-0.1	-3.78949
13062006	291	0.1	-0.1	-1.8582
13062006	292	0.1	-0.1	-0.83523
13062006	293	0.1	-0.1	4.84525
13062006	294	0.1	-0.1	4.48883
13062006	295	0.1	-0.1	1.80443
13062006	296	0.1	-0.1	2.89665
13062006	297	0.1	-0.1	-3.53773
13062006	298	0.1	-0.1	-1.79579
13062006	299	0.1	-0.1	-5.23872
13062006	300	0.1	-0.1	5.2181
13062006	301	0.1	-0.1	4.83171
13062006	302	0.1	-0.1	-4.15989
13062006	303	0.1	-0.1	-5.58573
13062006	304	0.1	-0.1	-0.936165
13062006	305	0.1	-0.1	-1.34292
13062006	306	0.1	-0.1	-1.11383
13062006	307	0.1	-0.1	0.326555
13062006	308	0.1	-0.1	-2.67201
13062006	309	0.1	-0.1	-5.72847
13062006	310	0.1	-0.1	-4.15795
13062006	311	0.1	-0.1	1.01695
13062006	312	0.1	-0.1	-4.31423
13062006	313	0.1	-0.1	3.75489
13062006	314	0.1	-0.1	4.18266
13062006	315	0.1	-0.1	-1.13482
13062006	316	0.1	-0.1	-4.49747
13062006	317	0.1	-0.1	-4.17198
13062006	318	0.1	-0.1	-3.22436
13062006	319	0.1	-0.1	2.61149
13062006	320	0.1	-0.1	-0.384117
13062006	321	0.1	-0.1	1.53404
13062006	322	0.1	-0.1	2.68744
13062006	323	0.1	-0.1	-4.63314
13062006	324	0.1	-0.1	1.93477
13062006	325	0.1	-0.1	-1.27895
13062006	326	0.1	-0.1	-1.65672
13062006	327	0.1	-0.1	-1.47826
13062006	328	0.1	-0.1	-3.95326
13062006	329	0.1	-0.1	4.75309
13062006	330	0.1	-0.1	-0.773745
13062006	331	0.1	-0.1	0.817464
13062006	332	0.1	-0.1	4.62513
13062006	333	0.1	-0.1	3.06792
13062006	334	0.1	-0.1	-1.48789
13062006	335	0.1	-0.1	-1.82208
13062006	336	0.1	-0.1	-5.18697
13062006	337	0.1	-0.1	-4.20558
13062006	338	0.1	-0.1	-5.12894
13062006	339	0.1	-0.1	1.84571
13062006	340	0.1	-0.1	1.80065
13062006	341	0.1	-0.1	-0.907683
13062006	342	0.1	-0.1	0.088207
13062006	343	0.1	-0.1	0.877122
13062006	344	0.1	-0.1	-4.65632
13062006	345	0.1	-0.1	-2.93107
13062006	346	0.1	-0.1	3.33977
13062006	347	0.1	-0.1	-2.648
13062006	348	0.1	-0.1	3.82716
13062006	349	0.1	-0.1	4.73048
13062006	350	0.1	-0.1	-0.218426
13062006	351	0.1	-0.1	2.38006
13062006	352	0.1	-0.1	-0.634611
13062006	353	0.1	-0.1	-5.97353
13062006	354	0.1	-0.1	0.306756
13062006	355	0.1	-0.1	5.59124
13062006	356	0.1	-0.1	-1.63249
13062006	357	0.1	-0.1	3.89317
13062006	358	0.1	-0.1	-3.07003
13062006	359	0.1	-0.1	-4.83938
13062006	360	0.1	-0.1	-2.02527
13062006	361	0.1	-0.1	4.72166
13062006	362	0.1	-0.1	2.53755
13062006	363	0.1	-0.1	-4.28775
13062006	364	0.1	-0.1	-0.136849
13062006	365	0.1	-0.1	-5.1775
13062006	366	0.1	-0.1	-4.03046
13062006	367	0.1	-0.1	-5.46788
13062006	368	0.1	-0.1	-5.92576
13062006	369	0.1	-0.1	-0.966617
13062006	370	0.1	-0.1	-2.74981
13062006	371	0.1	-0.1	3.72062
13062006	372	0.1	-0.1	3.12763
13062006	373	0.1	-0.1	-4.73376
13062006	374	0.1	-0.1	-4.68091
13062006	375	0.1	-0.1	-1.42037
13062006	376	0.1	-0.1	-5.68796
13062006	377	0.1	-0.1	0.84173
13062006	378	0.1	-0.1	5.0847
13062006	379	0.1	-0.1	-3.47502
13062006	380	0.1	-0.1	-3.23384
13062006	381	0.1	-0.1	2.98
13062006	382	0.1	-0.1	0.535308
13062006	383	0.1	-0.1	-5.90059
13062006	384	0.1	-0.1	-3.14254
13062006	385	0.1	-0.1	2.87963
13062006	386	0.1	-0.1	3.13192
13062006	387	0.1	-0.1	3.02514
13062006	388	0.1	-0.1	0.709186
13062006	389	0.1	-0.1	1.92929
13062006	390	0.1	-0.1	-1.24197
13062006	391	0.1	-0.1	0.655302
13062006	392	0.1	-0.1	0.416369
13062006	393	0.1	-0.1	-3.27955
13062006	394	0.1	-0.1	4.38737
13062006	395	0.1	-0.1	4.62439
13062006	396	0.1	-0.1	5.70849
13062006	397	0.1	-0.1	5.23436
13062006	398	0.1	-0.1	-3.93286
13062006	399	0.1	-0.1	5.86708
13062006	400	0.1	-0.1	-1.18964
13062006	401	0.1	-0.1	5.52455
13062006	402	0.1	-0.1	0.338496
13062006	403	0.1	-0.1	1.47916
13062006	404	0.1	-0.1	1.8836
13062006	405	0.1	-0.1	4.89779
13062006	406	0.1	-0.1	0.0572188
13062006	407	0.1	-0.1	5.83131
13062006	408	0.1	-0.1	5.9108
13062006	409	0.1	-0.1	5.61729
13062006	410	0.1	-0.1	1.6437
13062006	411	0.1	-0.1	-2.17779
13062006	412	0.1	-0.1	-0.80352
13062006	413	0.1	-0.1	-4.45064
13062006	414	0.1	-0.1	1.55143
13062006	415	0.1	-0.1	-0.882439
13062006	416	0.1	-0.1	1.86197
13062006	417	0.1	-0.1	-1.57301
13062006	418	0.1	-0.1	-3.26346
13062006	419	0.1	-0.1	2.38825
13062006	420	0.1	-0.1	-5.8884
13062006	421	0.1	-0.1	-0.934096
13062006	422	0.1	-0.1	1.30937
13062006	423	0.1	-0.1	-2.99158
13062006	424	0.1	-0.1	1.98759
13062006	425	0.1	-0.1	1.19398
13062006	426	0.1	-0.1	-2.83147
13062006	427	0.1	-0.1	2.85885
13062006	428	0.1	-0.1	1.99529
13062006	429	0.1	-0.1	-1.09766
13062006	430	0.1	-0.1	0.752067
13062006	431	0.1	-0.1	4.13075
13062006	432	0.1	-0.1	5.64183
13062006	433	0.1	-0.1	-4.59282
13062006	434	0.1	-0.1	-5.27004
13062006	435	0.1	-0.1	-0.759328
13062006	436	0.1	-0.1	4.5063
13062006	437	0.1	-0.1	0.324302
13062006	438	0.1	-0.1	2.36742
13062006	439	0.1	-0.1	5.2457
13062006	440	0.1	-0.1	2.67031
13062006	441	0.1	-0.1	-0.187076
13062006	442	0.1	-0.1	2.14306
13062006	443	0.1	-0.1	-1.8187
13062006	444	0.1	-0.1	-2.71017
13062006	445	0.1	-0.1	5.74231
13062006	446	0.1	-0.1	-5.04738
13062006	447	0.1	-0.1	4.66034
13062006	448	0.1	-0.1	-0.980788
13062006	449	0.1	-0.1	5.93733
13062006	450	0.1	-0.1	0.952893
13062006	451	0.1	-0.1	-1.89554
13062006	452	0.1	-0.1	-2.75805
13062006	453	0.1	-0.1	4.96993
13062006	454	0.1	-0.1	1.67066
13062006	455	0.1	-0.1	-3.13743
13062006	456	0.1	-0.1	-0.95906
13062006	457	0.1	-0.1	5.16829
13062006	458	0.1	-0.1	-0.165349
13062006	459	0.1	-0.1	-3.97788
13062006	460	0.1	-0.1	-5.83269
13062006	461	0.1	-0.1	-2.1371
13062006	462	0.1	-0.1	1.06355
13062006	463	0.1	-0.1	-3.1347
13062006	464	0.1	-0.1	-1.51362
13062006	465	0.1	-0.1	-2.69617
13062006	466	0.1	-0.1	2.25924
13062006	467	0.1	-0.1	-1.54841
13062006	468	0.1	-0.1	-1.35396
13062006	469	0.1	-0.1	1.09968
13062006	470	0.1	-0.1	-3.15029
13062006	471	0.1	-0.1	-5.6426
13062006	472	0.1	-0.1	1.80926
13062006	473	0.1	-0.1	-3.77179
13062006	474	0.1	-0.1	-0.276949
13062006	475	0.1	-0.1	0.952648
13062006	476	0.1	-0.1	-3.12674
13062006	477	0.1	-0.1	2.82347
13062006	478	0.1	-0.1	2.15204
13062006	479	0.1	-0.1	2.05012
13062006	480	0.1	-0.1	2.19091
13062006	481	0.1	-0.1	-2.12601
13062006	482	0.1	-0.1	-3.32511
13062006	483	0.1	-0.1	-3.30814
13062006	484	0.1	-0.1	3.35005
13062006	485	0.1	-0.1	-2.3099
13062006	486	0.1	-0.1	1.73648
13062006	487	0.1	-0.1	1.74234
13062006	488	0.1	-0.1	-3.85743
13062006	489	0.1	-0.1	-5.05595
13062006	490	0.1	-0.1	-4.61139
13062006	491	0.1	-0.1	-3.32579
13062006	492	0.1	-0.1	-0.630496
13062006	493	0.1	-0.1	1.69966
13062006	494	0.1	-0.1	-1.10923
13062006	495	0.1	-0.1	4.36449
13062006	496	0.1	-0.1	1.27665
13062006	497	0.1	-0.1	-1.94806
13062006	498	0.1	-0.1	4.5374
13062006	499	0.1	-0.1	-1.46533
13062006	500	0.1	-0.1	-1.83311
13062006	501	0.1	-0.1	3.6209
13062006	502	0.1	-0.1	-3.15253
13062006	503	0.1	-0.1	-2.34631
13062006	504	0.1	-0.1	2.24131
13062006	505	0.1	-0.1	-3.32728
13062006	506	0.1	-0.1	-2.79613
13062006	507	0.1	-0.1	1.45046
13062006	508	0.1	-0.1	-2.82654
13062006	509	0.1	-0.1	-3.62366
13062006	510	0.1	-0.1	-0.658074
13062006	511	0.1	-0.1	-4.26313
13062006	512	0.1	-0.1	-0.780484
13062006	513	0.1	-0.1	-3.37197
13062006	514	0.1	-0.1	-0.975757
13062006	515	0.1	-0.1	-3.5882
13062006	516	0.1	-0.1	2.63495
13062006	517	0.1	-0.1	0.121042
13062006	518	0.1	-0.1	-1.23385
13062006	519	0.1	-0.1	3.22635
13062006	520	0.1	-0.1	-0.434567
13062006	521	0.1	-0.1	-1.45956
13062006	522	0.1	-0.1	-3.52863
13062006	523	0.1	-0.1	-1.43946
13062006	524	0.1	-0.1	-5.35148
13062006	525	0.1	-0.1	2.88556
13062006	526	0.1	-0.1	0.246276
13062006	527	0.1	-0.1	5.90076
13062006	528	0.1	-0.1	-3.52706
13062006	529	0.1	-0.1	-3.78166
13062006	530	0.1	-0.1	2.18315
13062006	531	0.1	-0.1	4.64457
13062006	532	0.1	-0.1	4.59051
13062006	533	0.1	-0.1	2.84072
13062006	534	0.1	-0.1	-3.55844
13062006	535	0.1	-0.1	3.97648
13062006	536	0.1	-0.1	-2.30936
13062006	537	0.1	-0.1	1.7883
13062006	538	0.1	-0.1	-3.40258
13062006	539	0.1	-0.1	-0.320961
13062006	540	0.1	-0.1	1.47122
13062006	541	0.1	-0.1	-0.582732
13062006	542	0.1	-0.1	2.90704
13062006	543	0.1	-0.1	1.22861
13062006	544	0.1	-0.1	1.56245
13062006	545	0.1	-0.1	-5.80048
13062006	546	0.1	-0.1	3.21144
13062006	547	0.1	-0.1	3.46123
13062006	548	0.1	-0.1	4.05752
13062006	549	0.1	-0.1	-1.0734
13062006	550	0.1	-0.1	-2.4661
13062006	551	0.1	-0.1	3.12852
13062006	552	0.1	-0.1	-1.08583
13062006	553	0.1	-0.1	3.38112
13062006	554	0.1	-0.1	0.670802
13062006	555	0.1	-0.1	2.54139
13062006	556	0.1	-0.1	-2.67494
13062006	557	0.1	-0.1	-0.448676
13062006	558	0.1	-0.1	-2.57929
13062006	559	0.1	-0.1	2.35824
13062006	560	0.1	-0.1	5.38584
13062006	561	0.1	-0.1	1.47781
13062006	562	0.1	-0.1	3.97264
13062006	563	0.1	-0.1	0.482435
13062006	564	0.1	-0.1	5.20417
13062006	565	0.1	-0.1	3.79733
13062006	566	0.1	-0.1	5.63608
13062006	567	0.1	-0.1	2.32599
13062006	568	0.1	-0.1	5.44861
13062006	569	0.1	-0.1	5.60358
13062006	570	0.1	-0.1	-5.39702
13062006	571	0.1	-0.1	-5.95125
13062006	572	0.1	-0.1	-5.39401
13062006	573	0.1	-0.1	-4.48487
13062006	574	0.1	-0.1	-1.478
13062006	575	0.1	-0.1	1.91417
13062006	576	0.1	-0.1	2.71797
13062006	577	0.1	-0.1	-0.633024
13062006	578	0.1	-0.1	0.601745
13062006	579	0.1	-0.1	1.00294
13062006	580	0.1	-0.1	-5.9577
13062006	581	0.1	-0.1	1.68551
13062006	582	0.1	-0.1	5.81016
13062006	583	0.1	-0.1	4.94628
13062006	584	0.1	-0.1	-0.191362
13062006	585	0.1	-0.1	5.11358
13062006	586	0.1	-0.1	-5.49131
13062006	587	0.1	-0.1	3.22515
13062006	588	0.1	-0.1	-0.413534
13062006	589	0.1	-0.1	-1.87725
13062006	590	0.1	-0.1	5.42711
13062006	591	0.1	-0.1	-4.21602
13062006	592	0.1	-0.1	1.04237
13062006	593	0.1	-0.1	0.879775
13062006	594	0.1	-0.1	0.876162
13062006	595	0.1	-0.1	5.11086
13062006	596	0.1	-0.1	4.20171
13062006	597	0.1	-0.1	-0.274006
13062006	598	0.1	-0.1	4.01343
13062006	599	0.1	-0.1	-3.12925
13062006	600	0.1	-0.1	5.61671
13062006	601	0.1	-0.1	-5.96165
13062006	602	0.1	-0.1	2.96701
13062006	603	0.1	-0.1	-3.12311
13062006	604	0.1	-0.1	5.5341
13062006	605	0.1	-0.1	5.74262
13062006	606	0.1	-0.1	5.24638
13062006	607	0.1	-0.1	-4.10429
13062006	608	0.1	-0.1	-0.306449
13062006	609	0.1	-0.1	-2.29875
13062006	610	0.1	-0.1	1.85501
13062006	611	0.1	-0.1	-5.00742
13062006	612	0.1	-0.1	4.14579
13062006	613	0.1	-0.1	3.64153
13062006	614	0.1	-0.1	-3.28135
13062006	615	0.1	-0.1	-2.20653
13062006	616	0.1	-0.1	3.31497
13062006	617	0.1	-0.1	-0.796574
13062006	618	0.1	-0.1	-4.56212
13062006	619	0.1	-0.1	-2.11887
13062006	620	0.1	-0.1	-1.34719
13062006	621	0.1	-0.1	0.629491
13062006	622	0.1	-0.1	-3.7739
13062006	623	0.1	-0.1	3.42576
13062006	624	0.1	-0.1	-3.78425
13062006	625	0.1	-0.1	-1.74152
13062006	626	0.1	-0.1	0.403252
13062006	627	0.1	-0.1	5.67013
13062006	628	0.1	-0.1	-4.6504
13062006	629	0.1	-0.1	2.56796
13062006	630	0.1	-0.1	4.82338
13062006	631	0.1	-0.1	2.62413
13062006	632	0.1	-0.1	1.03758
13062006	633	0.1	-0.1	3.59186
13062006	634	0.1	-0.1	1.55676
13062006	635	0.1	-0.1	-1.25676
13062006	636	0.1	-0.1	3.63608
13062006	637	0.1	-0.1	-2.20808
13062006	638	0.1	-0.1	2.93622
13062006	639	0.1	-0.1	-4.0784
13062006	640	0.1	-0.1	4.53054
13062006	641	0.1	-0.1	-3.0943
13062006	642	0.1	-0.1	3.83389
13062006	643	0.1	-0.1	2.49024
13062006	644	0.1	-0.1	-4.64504
13062006	645	0.1	-0.1	-4.77426
13062006	646	0.1	-0.1	-0.804424
13062006	647	0.1	-0.1	4.27984
13062006	648	0.1	-0.1	5.77402
13062006	649	0.1	-0.1	4.55086
13062006	650	0.1	-0.1	1.81273
13062006	651	0.1	-0.1	2.04676
13062006	652	0.1	-0.1	5.8484
13062006	653	0.1	-0.1	2.46923
13062006	654	0.1	-0.1	-5.70229
13062006	655	0.1	-0.1	-2.16412
13062006	656	0.1	-0.1	4.73557
13062006	657	0.1	-0.1	-4.92219
13062006	658	0.1	-0.1	0.280372
13062006	659	0.1	-0.1	0.158499
13062006	660	0.1	-0.1	1.69512
13062006	661	0.1	-0.1	1.86579
13062006	662	0.1	-0.1	-5.71102
13062006	663	0.1	-0.1	5.89719
13062006	664	0.1	-0.1	4.58242
13062006	665	0.1	-0.1	-0.524096
13062006	666	0.1	-0.1	2.90315
13062006	667	0.1	-0.1	-2.17055
13062006	668	0.1	-0.1	2.86866
13062006	669	0.1	-0.1	2.30378
13062006	670	0.1	-0.1	3.74529
13062006	671	0.1	-0.1	-2.01888
13062006	672	0.1	-0.1	-5.93948
13062006	673	0.1	-0.1	2.98763
13062006	674	0.1	-0.1	-5.03959
13062006	675	0.1	-0.1	0.318609
13062006	676	0.1	-0.1	4.43563
13062006	677	0.1	-0.1	4.62697
13062006	678	0.1	-0.1	-4.97947
13062006	679	0.1	-0.1	-4.41238
13062006	680	0.1	-0.1	2.49556
13062006	681	0.1	-0.1	3.36532
13062006	682	0.1	-0.1	-1.31164
13062006	683	0.1	-0.1	-3.54134
13062006	684	0.1	-0.1	-2.49348
13062006	685	0.1	-0.1	3.34115
13062006	686	0.1	-0.1	4.13155
13062006	687	0.1	-0.1	-3.13546
13062006	688	0.1	-0.1	0.18004
13062006	689	0.1	-0.1	-5.25247
13062006	690	0.1	-0.1	-0.774085
13062006	691	0.1	-0.1	-1.82757
13062006	692	0.1	-0.1	3.96601
13062006	693	0.1	-0.1	0.634405
13062006	694	0.1	-0.1	0.858053
13062006	695	0.1	-0.1	-0.450621
13062006	696	0.1	-0.1	2.23447
13062006	697	0.1	-0.1	-0.860888
13062006	698	0.1	-0.1	-5.76741
13062006	699	0.1	-0.1	-0.730818
13062006	700	0.1	-0.1	-4.81866
13062006	701	0.1	-0.1	-5.27548
13062006	702	0.1	-0.1	3.07166
13062006	703	0.1	-0.1	2.31831
13062006	704	0.1	-0.1	5.4626
13062006	705	0.1	-0.1	-1.3989
13062006	706	0.1	-0.1	3.17463
13062006	707	0.1	-0.1	4.55904
13062006	708	0.1	-0.1	-1.86995
13062006	709	0.1	-0.1	-1.46138
13062006	710	0.1	-0.1	5.44148
13062006	711	0.1	-0.1	-3.37155
13062006	712	0.1	-0.1	-1.81938
13062006	713	0.1	-0.1	-3.29067
13062006	714	0.1	-0.1	0.746721
13062006	715	0.1	-0.1	5.82308
13062006	716	0.1	-0.1	-1.77563
13062006	717	0.1	-0.1	-0.800581
13062006	718	0.1	-0.1	2.18079
13062006	719	0.1	-0.1	4.20705
13062006	720	0.1	-0.1	4.8547
13062006	721	0.1	-0.1	4.47041
13062006	722	0.1	-0.1	-2.06882
13062006	723	0.1	-0.1	-5.71041
13062006	724	0.1	-0.1	-5.45098
13062006	725	0.1	-0.1	2.97766
13062006	726	0.1	-0.1	2.35914
13062006	727	0.1	-0.1	0.0470403
13062006	728	0.1	-0.1	1.95366
13062006	729	0.1	-0.1	-4.55661
13062006	730	0.1	-0.1	3.84594
13062006	731	0.1	-0.1	-4.28232
13062006	732	0.1	-0.1	-4.94773
13062006	733	0.1	-0.1	0.663834
13062006	734	0.1	-0.1	-3.60119
13062006	735	0.1	-0.1	4.22549
13062006	736	0.1	-0.1	-4.51005
13062006	737	0.1	-0.1	-1.63571
13062006	738	0.1	-0.1	3.48793
13062006	739	0.1	-0.1	0.643327
13062006	740	0.1	-0.1	-1.7496
13062006	741	0.1	-0.1	5.19427
13062006	742	0.1	-0.1	5.66817
13062006	743	0.1	-0.1	-4.4527
13062006	744	0.1	-0.1	4.26273
13062006	745	0.1	-0.1	-0.167458
13062006	746	0.1	-0.1	-0.714069
13062006	747	0.1	-0.1	-4.18216
13062006	748	0.1	-0.1	-3.25767
13062006	749	0.1	-0.1	2.43848
13062006	750	0.1	-0.1	1.68361
13062006	751	0.1	-0.1	-5.35982
13062006	752	0.1	-0.1	5.6379
13062006	753	0.1	-0.1	-1.76722
13062006	754	0.1	-0.1	2.82584
13062006	755	0.1	-0.1	3.54366
13062006	756	0.1	-0.1	-2.74694
13062006	757	0.1	-0.1	-4.83085
13062006	758	0.1	-0.1	-0.506704
13062006	759	0.1	-0.1	-0.519308
13062006	760	0.1	-0.1	-0.39495
13062006	761	0.1	-0.1	2.02227
13062006	762	0.1	-0.1	0.0427003
13062006	763	0.1	-0.1	-4.23836
13062006	764	0.1	-0.1	-5.4847
13062006	765	0.1	-0.1	5.76462
13062006	766	0.1	-0.1	2.28835
13062006	767	0.1	-0.1	-1.41822
13062006	768	0.1	-0.1	-2.81329
13062006	769	0.1	-0.1	5.13965
13062006	770	0.1	-0.1	0.204043
13062006	771	0.1	-0.1	0.151829
13062006	772	0.1	-0.1	-1.61079
13062006	773	0.1	-0.1	-4.41893
13062006	774	0.1	-0.1	-1.79151
13062006	775	0.1	-0.1	4.6538
13062006	776	0.1	-0.1	-5.33586
13062006	777	0.1	-0.1	-1.51691
13062006	778	0.1	-0.1	2.73195
13062006	779	0.1	-0.1	-1.3936
13062006	780	0.1	-0.1	2.07833
13062006	781	0.1	-0.1	3.32305
13062006	782	0.1	-0.1	-0.868607
13062006	783	0.1	-0.1	-1.64238
13062006	784	0.1	-0.1	-0.124822
13062006	785	0.1	-0.1	5.7407
13062006	786	0.1	-0.1	-5.49698
13062006	787	0.1	-0.1	4.9986
13062006	788	0.1	-0.1	4.50322
13062006	789	0.1	-0.1	-3.79258
13062006	790	0.1	-0.1	-1.71506
13062006	791	0.1	-0.1	-2.15655
13062006	792	0.1	-0.1	-4.89566
13062006	793	0.1	-0.1	-5.89285
13062006	794	0.1	-0.1	1.22303
13062006	795	0.1	-0.1	2.68781
13062006	796	0.1	-0.1	-3.34356
13062006	797	0.1	-0.1	5.29681
13062006	798	0.1	-0.1	5.25099
13062006	799	0.1	-0.1	4.6053
13062006	800	0.1	-0.1	4.19196
13062006	801	0.1	-0.1	-0.713299
13062006	802	0.1	-0.1	5.881
13062006	803	0.1	-0.1	1.66505
13062006	804	0.1	-0.1	-1.51473
13062006	805	0.1	-0.1	1.64712
13062006	806	0.1	-0.1	-5.69801
13062006	807	0.1	-0.1	1.03291
13062006	808	0.1	-0.1	-3.1144
13062006	809	0.1	-0.1	2.6736
13062006	810	0.1	-0.1	1.03155
13062006	811	0.1	-0.1	2.94789
13062006	812	0.1	-0.1	-3.47169
13062006	813	0.1	-0.1	-5.68795
13062006	814	0.1	-0.1	2.76285
13062006	815	0.1	-0.1	-0.460144
13062006	816	0.1	-0.1	-3.92301
13062006	817	0.1	-0.1	-1.12272
13062006	818	0.1	-0.1	0.368967
13062006	819	0.1	-0.1	-4.90218
13062006	820	0.1	-0.1	0.257175
13062006	821	0.1	-0.1	2.54269
13062006	822	0.1	-0.1	-0.360813
13062006	823	0.1	-0.1	-1.44269
13062006	824	0.1	-0.1	1.97551
13062006	825	0.1	-0.1	-2.20721
13062006	826	0.1	-0.1	-4.23554
13062006	827	0.1	-0.1	1.13268
13062006	828	0.1	-0.1	-5.06967
13062006	829	0.1	-0.1	-3.12521
13062006	830	0.1	-0.1	-1.84299
13062006	831	0.1	-0.1	5.02059
13062006	832	0.1	-0.1	-4.11503
13062006	833	0.1	-0.1	0.314156
13062006	834	0.1	-0.1	5.42363
13062006	835	0.1	-0.1	-0.822484
13062006	836	0.1	-0.1	0.344171
13062006	837	0.1	-0.1	-5.93028
13062006	838	0.1	-0.1	-2.18723
13062006	839	0.1	-0.1	-4.47061
13062006	840	0.1	-0.1	5.8973
13062006	841	0.1	-0.1	4.09889
13062006	842	0.1	-0.1	2.93644
13062006	843	0.1	-0.1	4.76768
13062006	844	0.1	-0.1	5.36886
13062006	845	0.1	-0.1	-2.93458
13062006	846	0.1	-0.1	-3.97932
13062006	847	0.1	-0.1	2.08299
13062006	848	0.1	-0.1	-1.96948
13062006	849	0.1	-0.1	-3.03521
13062006	850	0.1	-0.1	5.27048
13062006	851	0.1	-0.1	5.75167
13062006	852	0.1	-0.1	0.644826
13062006	853	0.1	-0.1	-1.46545
13062006	854	0.1	-0.1	-4.87602
13062006	855	0.1	-0.1	3.22534
13062006	856	0.1	-0.1	-1.78304
13062006	857	0.1	-0.1	-4.1944
13062006	858	0.1	-0.1	-5.11478
13062006	859	0.1	-0.1	3.68148
13062006	860	0.1	-0.1	1.70426
13062006	861	0.1	-0.1	-2.75441
13062006	862	0.1	-0.1	4.6689
13062006	863	0.1	-0.1	0.967676
13062006	864	0.1	-0.1	-0.904065
13062006	865	0.1	-0.1	3.7644
13062006	866	0.1	-0.1	-3.5168
13062006	867	0.1	-0.1	-5.96295
13062006	868	0.1	-0.1	-3.24739
13062006	869	0.1	-0.1	0.446143
13062006	870	0.1	-0.1	0.0555067
13062006	871	0.1	-0.1	-5.19432
13062006	872	0.1	-0.1	3.3181
13062006	873	0.1	-0.1	-2.64776
13062006	874	0.1	-0.1	-1.82291
13062006	875	0.1	-0.1	-2.81075
13062006	876	0.1	-0.1	-5.13197
13062006	877	0.1	-0.1	2.43718
13062006	878	0.1	-0.1	-4.68623
13062006	879	0.1	-0.1	-3.67983
13062006	880	0.1	-0.1	-0.922049
13062006	881	0.1	-0.1	4.45197
13062006	882	0.1	-0.1	-5.43788
13062006	883	0.1	-0.1	-3.73823
13062006	884	0.1	-0.1	4.02459
13062006	885	0.1	-0.1	0.409495
13062006	886	0.1	-0.1	-5.06019
13062006	887	0.1	-0.1	5.94693
13062006	888	0.1	-0.1	-1.73974
13062006	889	0.1	-0.1	3.53684
13062006	890	0.1	-0.1	0.823791
13062006	891	0.1	-0.1	2.98419
13062006	892	0.1	-0.1	4.3823
13062006	893	0.1	-0.1	-3.75103
13062006	894	0.1	-0.1	-2.23734
13062006	895	0.1	-0.1	-3.72787
13062006	896	0.1	-0.1	3.94489
13062006	897	0.1	-0.1	3.45991
13062006	898	0.1	-0.1	1.30893
13062006	899	0.1	-0.1	2.38261
13062006	900	0.1	-0.1	2.4529
13062006	901	0.1	-0.1	5.78223
13062006	902	0.1	-0.1	-0.0731266
13062006	903	0.1	-0.1	2.08638
13062006	904	0.1	-0.1	-3.42933
13062006	905	0.1	-0.1	-0.478681
13062006	906	0.1	-0.1	3.87805
13062006	907	0.1	-0.1	1.51001
13062006	908	0.1	-0.1	5.00336
13062006	909	0.1	-0.1	3.45973
13062006	910	0.1	-0.1	2.89024
13062006	911	0.1	-0.1	1.51815
13062006	912	0.1	-0.1	-3.22122
13062006	913	0.1	-0.1	5.58366
13062006	914	0.1	-0.1	-1.9303
13062006	915	0.1	-0.1	-0.667311
13062006	916	0.1	-0.1	-5.63201
13062006	917	0.1	-0.1	-2.36707
13062006	918	0.1	-0.1	-2.58153
13062006	919	0.1	-0.1	-3.78505
13062006	920	0.1	-0.1	-2.87573
13062006	921	0.1	-0.1	-1.25576
13062006	922	0.1	-0.1	3.83885
13062006	923	0.1	-0.1	-2.92283
13062006	924	0.1	-0.1	-2.81102
13062006	925	0.1	-0.1	0.0563258
13062006	926	0.1	-0.1	0.378327
13062006	927	0.1	-0.1	0.635091
13062006	928	0.1	-0.1	-0.947904
13062006	929	0.1	-0.1	-1.49827
13062006	930	0.1	-0.1	5.57111
13062006	931	0.1	-0.1	-3.83332
13062006	932	0.1	-0.1	0.683628
13062006	933	0.1	-0.1	-5.6735
13062006	934	0.1	-0.1	-5.09209
13062006	935	0.1	-0.1	-5.32328
13062006	936	0.1	-0.1	-0.231849
13062006	937	0.1	-0.1	-5.63645
13062006	938	0.1	-0.1	4.23631
13062006	939	0.1	-0.1	1.37569
13062006	940	0.1	-0.1	4.4671
13062006	941	0.1	-0.1	5.91295
13062006	942	0.1	-0.1	5.57252
13062006	943	0.1	-0.1	-1.32622
13062006	944	0.1	-0.1	-4.33618
13062006	945	0.1	-0.1	-4.18213
13062006	946	0.1	-0.1	2.68436
13062006	947	0.1	-0.1	1.69806
13062006	948	0.1	-0.1	0.487446
13062006	949	0.1	-0.1	3.50157
13062006	950	0.1	-0.1	-4.80648
13062006	951	0.1	-0.1	-2.19164
13062006	952	0.1	-0.1	-0.559593
13062006	953	0.1	-0.1	5.30081
13062006	954	0.1	-0.1	-3.75063
13062006	955	0.1	-0.1	4.04466
13062006	956	0.1	-0.1	-0.428003
13062006	957	0.1	-0.1	-4.19746
13062006	958	0.1	-0.1	-1.64133
13062006	959	0.1	-0.1	2.1928
13062006	960	0.1	-0.1	-3.97698
13062006	961	0.1	-0.1	4.10394
13062006	962	0.1	-0.1	-0.0724977
13062006	963	0.1	-0.1	1.14154
13062006	964	0.1	-0.1	-2.30825
13062006	965	0.1	-0.1	1.56969
13062006	966	0.1	-0.1	-5.87168
13062006	967	0.1	-0.1	4.48541
13062006	968	0.1	-0.1	-5.64565
13062006	969	0.1	-0.1	-1.49817
13062006	970	0.1	-0.1	-5.56816
13062006	971	0.1	-0.1	4.36119
13062006	972	0.1	-0.1	-3.93111
13062006	973	0.1	-0.1	-2.50441
13062006	974	0.1	-0.1	-3.07603
13062006	975	0.1	-0.1	4.74804
13062006	976	0.1	-0.1	-0.766376
13062006	977	0.1	-0.1	3.45257
13062006	978	0.1	-0.1	-0.589196
13062006	979	0.1	-0.1	-0.373798
13062006	980	0.1	-0.1	-5.21481
13062006	981	0.1	-0.1	-1.70438
13062006	982	0.1	-0.1	2.61265
13062006	983	0.1	-0.1	1.90039
13062006	984	0.1	-0.1	0.837284
13062006	985	0.1	-0.1	-5.10379
13062006	986	0.1	-0.1	4.88311
13062006	987	0.1	-0.1	1.71506
13062006	988	0.1	-0.1	4.15838
13062006	989	0.1	-0.1	-5.30108
13062006	990	0.1	-0.1	4.93074
13062006	991	0.1	-0.1	-4.86571
13062006	992	0.1	-0.1	-4.41687
13062006	993	0.1	-0.1	2.56625
13062006	994	0.1	-0.1	-5.70742
13062006	995	0.1	-0.1	-4.35855
13062006	996	0.1	-0.1	-0.644466
13062006	997	0.1	-0.1	1.45445
13062006	998	0.1	-0.1	2.2565
13062006	999	0.1	-0.1	4.89572
13062006	1000	0.1	-0.1	-0.912917
