13065013	1	0.1	-0.1	-5.61568
13065013	2	0.1	-0.1	-5.42297
13065013	3	0.1	-0.1	-3.69916
13065013	4	0.1	-0.1	-4.8356
13065013	5	0.1	-0.1	3.77104
13065013	6	0.1	-0.1	3.95389
13065013	7	0.1	-0.1	4.5925
13065013	8	0.1	-0.1	3.26537
13065013	9	0.1	-0.1	-3.75518
13065013	10	0.1	-0.1	0.13646
13065013	11	0.1	-0.1	-1.97443
13065013	12	0.1	-0.1	5.47206
13065013	13	0.1	-0.1	-3.02314
13065013	14	0.1	-0.1	-5.63124
13065013	15	0.1	-0.1	-0.0925012
13065013	16	0.1	-0.1	1.71424
13065013	17	0.1	-0.1	3.31649
13065013	18	0.1	-0.1	5.54341
13065013	19	0.1	-0.1	-0.213327
13065013	20	0.1	-0.1	-2.46889
13065013	21	0.1	-0.1	3.94812
13065013	22	0.1	-0.1	3.74723
13065013	23	0.1	-0.1	-5.7767
13065013	24	0.1	-0.1	5.75404
13065013	25	0.1	-0.1	0.383357
13065013	26	0.1	-0.1	-2.80609
13065013	27	0.1	-0.1	0.126173
13065013	28	0.1	-0.1	-2.85017
13065013	29	0.1	-0.1	1.45424
13065013	30	0.1	-0.1	-0.896557
13065013	31	0.1	-0.1	-0.301626
13065013	32	0.1	-0.1	-5.47731
13065013	33	0.1	-0.1	-5.58007
13065013	34	0.1	-0.1	-4.33001
13065013	35	0.1	-0.1	-3.69145
13065013	36	0.1	-0.1	4.85317
13065013	37	0.1	-0.1	5.87391
13065013	38	0.1	-0.1	5.08527
13065013	39	0.1	-0.1	-4.67473
13065013	40	0.1	-0.1	0.794097
13065013	41	0.1	-0.1	-1.47528
13065013	42	0.1	-0.1	-1.13298
13065013	43	0.1	-0.1	4.74409
13065013	44	0.1	-0.1	-2.4412
13065013	45	0.1	-0.1	0.01031
13065013	46	0.1	-0.1	2.77516
13065013	47	0.1	-0.1	5.29604
13065013	48	0.1	-0.1	-4.04001
13065013	49	0.1	-0.1	-4.49473
13065013	50	0.1	-0.1	-0.492108
13065013	51	0.1	-0.1	-5.12971
13065013	52	0.1	-0.1	2.84261
13065013	53	0.1	-0.1	-3.46792
13065013	54	0.1	-0.1	-4.25246
13065013	55	0.1	-0.1	4.4479
13065013	56	0.1	-0.1	-0.958991
13065013	57	0.1	-0.1	-3.53772
13065013	58	0.1	-0.1	4.81141
13065013	59	0.1	-0.1	-2.1412
13065013	60	0.1	-0.1	0.263269
13065013	61	0.1	-0.1	3.38088
13065013	62	0.1	-0.1	4.86421
13065013	63	0.1	-0.1	-1.20505
13065013	64	0.1	-0.1	3.58173
13065013	65	0.1	-0.1	-1.78896
13065013	66	0.1	-0.1	-3.3348
13065013	67	0.1	-0.1	-1.37516
13065013	68	0.1	-0.1	-5.94244
13065013	69	0.1	-0.1	-2.50798
13065013	70	0.1	-0.1	-5.93166
13065013	71	0.1	-0.1	2.90476
13065013	72	0.1	-0.1	-5.41824
13065013	73	0.1	-0.1	-2.53058
13065013	74	0.1	-0.1	-2.26569
13065013	75	0.1	-0.1	2.57964
13065013	76	0.1	-0.1	0.260303
13065013	77	0.1	-0.1	2.98516
13065013	78	0.1	-0.1	2.94887
13065013	79	0.1	-0.1	0.248989
13065013	80	0.1	-0.1	-2.13354
13065013	81	0.1	-0.1	1.90733
13065013	82	0.1	-0.1	4.37709
13065013	83	0.1	-0.1	-4.92088
13065013	84	0.1	-0.1	-5.18372
13065013	85	0.1	-0.1	-1.01453
13065013	86	0.1	-0.1	-4.89342
13065013	87	0.1	-0.1	2.45209
13065013	88	0.1	-0.1	-3.95636
13065013	89	0.1	-0.1	1.51166
13065013	90	0.1	-0.1	-0.196332
13065013	91	0.1	-0.1	-0.843698
13065013	92	0.1	-0.1	-1.6491
13065013	93	0.1	-0.1	-2.01098
13065013	94	0.1	-0.1	-4.11201
13065013	95	0.1	-0.1	2.01646
13065013	96	0.1	-0.1	4.27442
13065013	97	0.1	-0.1	-1.67319
13065013	98	0.1	-0.1	5.69339
13065013	99	0.1	-0.1	-2.19864
13065013	100	0.1	-0.1	-2.28604
13065013	101	0.1	-0.1	-0.235911
13065013	102	0.1	-0.1	3.21933
13065013	103	0.1	-0.1	-5.36674
13065013	104	0.1	-0.1	0.33601
13065013	105	0.1	-0.1	2.74468
13065013	106	0.1	-0.1	-5.3154
13065013	107	0.1	-0.1	3.93282
13065013	108	0.1	-0.1	2.65726
13065013	109	0.1	-0.1	-3.91578
13065013	110	0.1	-0.1	-1.01989
13065013	111	0.1	-0.1	2.29376
13065013	112	0.1	-0.1	-2.55894
13065013	113	0.1	-0.1	0.251855
13065013	114	0.1	-0.1	-4.86922
13065013	115	0.1	-0.1	5.03744
13065013	116	0.1	-0.1	0.268654
13065013	117	0.1	-0.1	3.18185
13065013	118	0.1	-0.1	0.118264
13065013	119	0.1	-0.1	0.273942
13065013	120	0.1	-0.1	-3.84119
13065013	121	0.1	-0.1	0.0303986
13065013	122	0.1	-0.1	5.70572
13065013	123	0.1	-0.1	1.73814
13065013	124	0.1	-0.1	-5.70186
13065013	125	0.1	-0.1	-3.62021
13065013	126	0.1	-0.1	0.556689
13065013	127	0.1	-0.1	3.35378
13065013	128	0.1	-0.1	3.49185
13065013	129	0.1	-0.1	2.09746
13065013	130	0.1	-0.1	1.66143
13065013	131	0.1	-0.1	-3.05315
13065013	132	0.1	-0.1	-2.43773
13065013	133	0.1	-0.1	-3.22727
13065013	134	0.1	-0.1	-5.30659
13065013	135	0.1	-0.1	0.150074
13065013	136	0.1	-0.1	-5.23366
13065013	137	0.1	-0.1	1.68792
13065013	138	0.1	-0.1	4.85869
13065013	139	0.1	-0.1	-3.3884
13065013	140	0.1	-0.1	-4.8264
13065013	141	0.1	-0.1	-1.14459
13065013	142	0.1	-0.1	-2.79989
13065013	143	0.1	-0.1	-3.52564
13065013	144	0.1	-0.1	-3.88316
13065013	145	0.1	-0.1	-2.11249
13065013	146	0.1	-0.1	-5.77226
13065013	147	0.1	-0.1	-1.51073
13065013	148	0.1	-0.1	2.02965
13065013	149	0.1	-0.1	-1.99193
13065013	150	0.1	-0.1	-5.74326
13065013	151	0.1	-0.1	-1.46353
13065013	152	0.1	-0.1	2.25026
13065013	153	0.1	-0.1	-0.947661
13065013	154	0.1	-0.1	-5.29046
13065013	155	0.1	-0.1	1.74189
13065013	156	0.1	-0.1	1.08748
13065013	157	0.1	-0.1	-2.31294
13065013	158	0.1	-0.1	1.09835
13065013	159	0.1	-0.1	3.08221
13065013	160	0.1	-0.1	-5.44929
13065013	161	0.1	-0.1	5.68194
13065013	162	0.1	-0.1	3.66912
13065013	163	0.1	-0.1	0.33558
13065013	164	0.1	-0.1	5.87104
13065013	165	0.1	-0.1	1.95672
13065013	166	0.1	-0.1	-2.60301
13065013	167	0.1	-0.1	2.7936
13065013	168	0.1	-0.1	-0.307952
13065013	169	0.1	-0.1	-0.125394
13065013	170	0.1	-0.1	1.85757
13065013	171	0.1	-0.1	3.37769
13065013	172	0.1	-0.1	-5.46226
13065013	173	0.1	-0.1	1.31989
13065013	174	0.1	-0.1	3.50046
13065013	175	0.1	-0.1	5.6952
13065013	176	0.1	-0.1	-5.33295
13065013	177	0.1	-0.1	3.27135
13065013	178	0.1	-0.1	2.19634
13065013	179	0.1	-0.1	-3.64095
13065013	180	0.1	-0.1	4.18046
13065013	181	0.1	-0.1	-5.66722
13065013	182	0.1	-0.1	-1.77261
13065013	183	0.1	-0.1	-3.21042
13065013	184	0.1	-0.1	-0.777931
13065013	185	0.1	-0.1	2.19995
13065013	186	0.1	-0.1	-2.50893
13065013	187	0.1	-0.1	-3.991
13065013	188	0.1	-0.1	-3.66583
13065013	189	0.1	-0.1	5.86762
13065013	190	0.1	-0.1	-0.538359
13065013	191	0.1	-0.1	-3.61944
13065013	192	0.1	-0.1	5.64318
13065013	193	0.1	-0.1	1.02361
13065013	194	0.1	-0.1	-0.305219
13065013	195	0.1	-0.1	0.737855
13065013	196	0.1	-0.1	3.32486
13065013	197	0.1	-0.1	-3.54388
13065013	198	0.1	-0.1	-4.73017
13065013	199	0.1	-0.1	-4.86395
13065013	200	0.1	-0.1	-5.71332
13065013	201	0.1	-0.1	-5.60459
13065013	202	0.1	-0.1	-3.97842
13065013	203	0.1	-0.1	-2.55641
13065013	204	0.1	-0.1	-2.99503
13065013	205	0.1	-0.1	-3.73275
13065013	206	0.1	-0.1	4.8766
13065013	207	0.1	-0.1	-3.20573
13065013	208	0.1	-0.1	1.68374
13065013	209	0.1	-0.1	2.17068
13065013	210	0.1	-0.1	5.45804
13065013	211	0.1	-0.1	-0.619441
13065013	212	0.1	-0.1	4.01247
13065013	213	0.1	-0.1	5.29042
13065013	214	0.1	-0.1	-2.65178
13065013	215	0.1	-0.1	2.70281
13065013	216	0.1	-0.1	1.84256
13065013	217	0.1	-0.1	0.948395
13065013	218	0.1	-0.1	1.85356
13065013	219	0.1	-0.1	0.793896
13065013	220	0.1	-0.1	5.9922
13065013	221	0.1	-0.1	2.25589
13065013	222	0.1	-0.1	0.24534
13065013	223	0.1	-0.1	-4.05381
13065013	224	0.1	-0.1	4.90895
13065013	225	0.1	-0.1	4.32083
13065013	226	0.1	-0.1	1.28773
13065013	227	0.1	-0.1	1.23244
13065013	228	0.1	-0.1	-3.30435
13065013	229	0.1	-0.1	5.09835
13065013	230	0.1	-0.1	-1.85054
13065013	231	0.1	-0.1	2.35103
13065013	232	0.1	-0.1	1.81135
13065013	233	0.1	-0.1	4.02765
13065013	234	0.1	-0.1	-4.78229
13065013	235	0.1	-0.1	-3.58401
13065013	236	0.1	-0.1	5.85795
13065013	237	0.1	-0.1	-1.20478
13065013	238	0.1	-0.1	-3.12731
13065013	239	0.1	-0.1	-0.403507
13065013	240	0.1	-0.1	0.578786
13065013	241	0.1	-0.1	2.50636
13065013	242	0.1	-0.1	0.682683
13065013	243	0.1	-0.1	-3.92954
13065013	244	0.1	-0.1	2.14325
13065013	245	0.1	-0.1	2.52042
13065013	246	0.1	-0.1	-2.69302
13065013	247	0.1	-0.1	-3.20736
13065013	248	0.1	-0.1	-1.32597
13065013	249	0.1	-0.1	-3.17453
13065013	250	0.1	-0.1	-0.57057
13065013	251	0.1	-0.1	5.0157
13065013	252	0.1	-0.1	-5.53064
13065013	253	0.1	-0.1	2.18802
13065013	254	0.1	-0.1	3.47287
13065013	255	0.1	-0.1	2.8054
13065013	256	0.1	-0.1	-4.11025
13065013	257	0.1	-0.1	-3.08148
13065013	258	0.1	-0.1	1.10457
13065013	259	0.1	-0.1	-4.94478
13065013	260	0.1	-0.1	-1.09635
13065013	261	0.1	-0.1	-2.49903
13065013	262	0.1	-0.1	3.88378
13065013	263	0.1	-0.1	-0.86277
13065013	264	0.1	-0.1	0.791726
13065013	265	0.1	-0.1	-0.133357
13065013	266	0.1	-0.1	4.24626
13065013	267	0.1	-0.1	-5.51601
13065013	268	0.1	-0.1	-4.52396
13065013	269	0.1	-0.1	3.14718
13065013	270	0.1	-0.1	-3.24256
13065013	271	0.1	-0.1	2.10512
13065013	272	0.1	-0.1	-2.29042
13065013	273	0.1	-0.1	3.62648
13065013	274	0.1	-0.1	2.55688
13065013	275	0.1	-0.1	3.50125
13065013	276	0.1	-0.1	5.94827
13065013	277	0.1	-0.1	-4.45164
13065013	278	0.1	-0.1	-1.4099
13065013	279	0.1	-0.1	0.974871
13065013	280	0.1	-0.1	0.870326
13065013	281	0.1	-0.1	1.587
13065013	282	0.1	-0.1	4.9993
13065013	283	0.1	-0.1	-4.81995
13065013	284	0.1	-0.1	0.683811
13065013	285	0.1	-0.1	4.52914
13065013	286	0.1	-0.1	5.39009
13065013	287	0.1	-0.1	1.64549
13065013	288	0.1	-0.1	-1.47774
13065013	289	0.1	-0.1	5.21238
13065013	290	0.1	-0.1	3.42178
13065013	291	0.1	-0.1	3.77302
13065013	292	0.1	-0.1	0.314592
13065013	293	0.1	-0.1	-3.88183
13065013	294	0.1	-0.1	1.10657
13065013	295	0.1	-0.1	-0.030894
13065013	296	0.1	-0.1	2.46931
13065013	297	0.1	-0.1	-4.82913
13065013	298	0.1	-0.1	1.17998
13065013	299	0.1	-0.1	-0.257183
13065013	300	0.1	-0.1	-4.89534
13065013	301	0.1	-0.1	-1.79746
13065013	302	0.1	-0.1	-0.843259
13065013	303	0.1	-0.1	2.58045
13065013	304	0.1	-0.1	-1.0202
13065013	305	0.1	-0.1	3.14601
13065013	306	0.1	-0.1	3.61672
13065013	307	0.1	-0.1	3.77953
13065013	308	0.1	-0.1	1.42216
13065013	309	0.1	-0.1	4.21158
13065013	310	0.1	-0.1	-2.8407
13065013	311	0.1	-0.1	-1.01479
13065013	312	0.1	-0.1	4.28955
13065013	313	0.1	-0.1	4.76235
13065013	314	0.1	-0.1	-4.05432
13065013	315	0.1	-0.1	-4.46229
13065013	316	0.1	-0.1	-1.73047
13065013	317	0.1	-0.1	1.63292
13065013	318	0.1	-0.1	5.38234
13065013	319	0.1	-0.1	5.5161
13065013	320	0.1	-0.1	4.16046
13065013	321	0.1	-0.1	4.64715
13065013	322	0.1	-0.1	2.99625
13065013	323	0.1	-0.1	-3.83319
13065013	324	0.1	-0.1	-5.10153
13065013	325	0.1	-0.1	5.1125
13065013	326	0.1	-0.1	0.955452
13065013	327	0.1	-0.1	3.58003
13065013	328	0.1	-0.1	4.90957
13065013	329	0.1	-0.1	5.90933
13065013	330	0.1	-0.1	-0.11216
13065013	331	0.1	-0.1	2.48887
13065013	332	0.1	-0.1	-4.40771
13065013	333	0.1	-0.1	-4.14393
13065013	334	0.1	-0.1	1.72126
13065013	335	0.1	-0.1	3.28562
13065013	336	0.1	-0.1	1.8566
13065013	337	0.1	-0.1	4.56181
13065013	338	0.1	-0.1	-0.819719
13065013	339	0.1	-0.1	-0.807836
13065013	340	0.1	-0.1	5.11925
13065013	341	0.1	-0.1	0.99767
13065013	342	0.1	-0.1	-4.80327
13065013	343	0.1	-0.1	2.25904
13065013	344	0.1	-0.1	-3.32004
13065013	345	0.1	-0.1	5.24208
13065013	346	0.1	-0.1	-5.50262
13065013	347	0.1	-0.1	-1.10966
13065013	348	0.1	-0.1	-0.330783
13065013	349	0.1	-0.1	-0.253056
13065013	350	0.1	-0.1	-2.71016
13065013	351	0.1	-0.1	4.14133
13065013	352	0.1	-0.1	-1.98819
13065013	353	0.1	-0.1	2.12812
13065013	354	0.1	-0.1	-4.78689
13065013	355	0.1	-0.1	-5.03918
13065013	356	0.1	-0.1	-0.74732
13065013	357	0.1	-0.1	3.79043
13065013	358	0.1	-0.1	2.15705
13065013	359	0.1	-0.1	-3.06259
13065013	360	0.1	-0.1	-5.96081
13065013	361	0.1	-0.1	1.74568
13065013	362	0.1	-0.1	4.86214
13065013	363	0.1	-0.1	4.74135
13065013	364	0.1	-0.1	5.36783
13065013	365	0.1	-0.1	-1.24342
13065013	366	0.1	-0.1	-1.38105
13065013	367	0.1	-0.1	-5.36697
13065013	368	0.1	-0.1	-5.06064
13065013	369	0.1	-0.1	-1.39881
13065013	370	0.1	-0.1	-3.57243
13065013	371	0.1	-0.1	4.34378
13065013	372	0.1	-0.1	0.937163
13065013	373	0.1	-0.1	-4.74969
13065013	374	0.1	-0.1	1.27681
13065013	375	0.1	-0.1	1.66143
13065013	376	0.1	-0.1	0.674572
13065013	377	0.1	-0.1	-5.16857
13065013	378	0.1	-0.1	3.7287
13065013	379	0.1	-0.1	-2.18553
13065013	380	0.1	-0.1	3.62748
13065013	381	0.1	-0.1	-5.09498
13065013	382	0.1	-0.1	5.20066
13065013	383	0.1	-0.1	-0.723147
13065013	384	0.1	-0.1	3.44273
13065013	385	0.1	-0.1	-1.07535
13065013	386	0.1	-0.1	-5.13262
13065013	387	0.1	-0.1	-5.71044
13065013	388	0.1	-0.1	-2.82176
13065013	389	0.1	-0.1	5.91112
13065013	390	0.1	-0.1	5.05451
13065013	391	0.1	-0.1	-4.72235
13065013	392	0.1	-0.1	4.1643
13065013	393	0.1	-0.1	-4.16462
13065013	394	0.1	-0.1	-2.74614
13065013	395	0.1	-0.1	-5.43823
13065013	396	0.1	-0.1	4.33757
13065013	397	0.1	-0.1	5.72457
13065013	398	0.1	-0.1	3.81275
13065013	399	0.1	-0.1	-4.6971
13065013	400	0.1	-0.1	-3.516
13065013	401	0.1	-0.1	-5.60663
13065013	402	0.1	-0.1	1.61357
13065013	403	0.1	-0.1	-5.1546
13065013	404	0.1	-0.1	2.62752
13065013	405	0.1	-0.1	-0.311185
13065013	406	0.1	-0.1	-2.6916
13065013	407	0.1	-0.1	3.76732
13065013	408	0.1	-0.1	-2.16004
13065013	409	0.1	-0.1	3.93993
13065013	410	0.1	-0.1	-1.20452
13065013	411	0.1	-0.1	2.14193
13065013	412	0.1	-0.1	-3.462
13065013	413	0.1	-0.1	-0.251202
13065013	414	0.1	-0.1	1.14367
13065013	415	0.1	-0.1	-1.84024
13065013	416	0.1	-0.1	-2.10608
13065013	417	0.1	-0.1	-5.1079
13065013	418	0.1	-0.1	2.08445
13065013	419	0.1	-0.1	-1.67008
13065013	420	0.1	-0.1	2.21616
13065013	421	0.1	-0.1	2.30622
13065013	422	0.1	-0.1	4.83635
13065013	423	0.1	-0.1	-5.09567
13065013	424	0.1	-0.1	-4.14043
13065013	425	0.1	-0.1	-4.80472
13065013	426	0.1	-0.1	-2.18986
13065013	427	0.1	-0.1	-0.0192369
13065013	428	0.1	-0.1	-2.05176
13065013	429	0.1	-0.1	5.78363
13065013	430	0.1	-0.1	0.741541
13065013	431	0.1	-0.1	4.25039
13065013	432	0.1	-0.1	-0.449209
13065013	433	0.1	-0.1	3.06809
13065013	434	0.1	-0.1	0.0894307
13065013	435	0.1	-0.1	-0.191596
13065013	436	0.1	-0.1	-0.150704
13065013	437	0.1	-0.1	2.61267
13065013	438	0.1	-0.1	2.43117
13065013	439	0.1	-0.1	0.60661
13065013	440	0.1	-0.1	-3.1897
13065013	441	0.1	-0.1	-1.85337
13065013	442	0.1	-0.1	2.45377
13065013	443	0.1	-0.1	5.9902
13065013	444	0.1	-0.1	2.81173
13065013	445	0.1	-0.1	-3.26619
13065013	446	0.1	-0.1	0.896
13065013	447	0.1	-0.1	-1.85097
13065013	448	0.1	-0.1	4.01695
13065013	449	0.1	-0.1	-1.33122
13065013	450	0.1	-0.1	-2.18225
13065013	451	0.1	-0.1	-0.524751
13065013	452	0.1	-0.1	2.09785
13065013	453	0.1	-0.1	-1.30465
13065013	454	0.1	-0.1	2.52188
13065013	455	0.1	-0.1	3.13328
13065013	456	0.1	-0.1	-5.26847
13065013	457	0.1	-0.1	-0.977209
13065013	458	0.1	-0.1	1.8056
13065013	459	0.1	-0.1	4.60264
13065013	460	0.1	-0.1	-1.94648
13065013	461	0.1	-0.1	-1.11209
13065013	462	0.1	-0.1	-2.73059
13065013	463	0.1	-0.1	1.92104
13065013	464	0.1	-0.1	0.653121
13065013	465	0.1	-0.1	-0.508379
13065013	466	0.1	-0.1	-4.76375
13065013	467	0.1	-0.1	-4.15582
13065013	468	0.1	-0.1	0.631304
13065013	469	0.1	-0.1	0.835976
13065013	470	0.1	-0.1	-3.7539
13065013	471	0.1	-0.1	3.66317
13065013	472	0.1	-0.1	1.265
13065013	473	0.1	-0.1	1.72467
13065013	474	0.1	-0.1	4.54846
13065013	475	0.1	-0.1	-2.15903
13065013	476	0.1	-0.1	-4.25412
13065013	477	0.1	-0.1	-4.82155
13065013	478	0.1	-0.1	1.46922
13065013	479	0.1	-0.1	-3.30406
13065013	480	0.1	-0.1	-4.58612
13065013	481	0.1	-0.1	2.1909
13065013	482	0.1	-0.1	-4.4874
13065013	483	0.1	-0.1	2.05753
13065013	484	0.1	-0.1	-0.912863
13065013	485	0.1	-0.1	-1.78386
13065013	486	0.1	-0.1	-1.66869
13065013	487	0.1	-0.1	-3.6222
13065013	488	0.1	-0.1	-4.26017
13065013	489	0.1	-0.1	3.39396
13065013	490	0.1	-0.1	-1.89422
13065013	491	0.1	-0.1	5.46194
13065013	492	0.1	-0.1	2.63989
13065013	493	0.1	-0.1	0.892624
13065013	494	0.1	-0.1	-3.0522
13065013	495	0.1	-0.1	-1.91046
13065013	496	0.1	-0.1	0.801782
13065013	497	0.1	-0.1	-2.7822
13065013	498	0.1	-0.1	5.9737
13065013	499	0.1	-0.1	-3.29292
13065013	500	0.1	-0.1	-4.23124
13065013	501	0.1	-0.1	1.73547
13065013	502	0.1	-0.1	-5.92715
13065013	503	0.1	-0.1	-5.74773
13065013	504	0.1	-0.1	-3.69934
13065013	505	0.1	-0.1	3.70575
13065013	506	0.1	-0.1	4.12743
13065013	507	0.1	-0.1	-2.34213
13065013	508	0.1	-0.1	-5.91329
13065013	509	0.1	-0.1	-3.02459
13065013	510	0.1	-0.1	-5.41616
13065013	511	0.1	-0.1	-4.01357
13065013	512	0.1	-0.1	4.9383
13065013	513	0.1	-0.1	-0.498724
13065013	514	0.1	-0.1	3.68
13065013	515	0.1	-0.1	-2.47858
13065013	516	0.1	-0.1	5.26736
13065013	517	0.1	-0.1	-0.5755
13065013	518	0.1	-0.1	0.771102
13065013	519	0.1	-0.1	1.70812
13065013	520	0.1	-0.1	-1.00388
13065013	521	0.1	-0.1	2.57302
13065013	522	0.1	-0.1	-2.28894
13065013	523	0.1	-0.1	5.82335
13065013	524	0.1	-0.1	-2.39551
13065013	525	0.1	-0.1	-2.54346
13065013	526	0.1	-0.1	2.93529
13065013	527	0.1	-0.1	2.13872
13065013	528	0.1	-0.1	-4.68192
13065013	529	0.1	-0.1	-5.20478
13065013	530	0.1	-0.1	4.11615
13065013	531	0.1	-0.1	5.94658
13065013	532	0.1	-0.1	-2.60129
13065013	533	0.1	-0.1	3.21241
13065013	534	0.1	-0.1	5.85702
13065013	535	0.1	-0.1	2.52277
13065013	536	0.1	-0.1	-0.452848
13065013	537	0.1	-0.1	-0.827659
13065013	538	0.1	-0.1	4.56292
13065013	539	0.1	-0.1	3.1805
13065013	540	0.1	-0.1	-0.141163
13065013	541	0.1	-0.1	5.79919
13065013	542	0.1	-0.1	-2.86945
13065013	543	0.1	-0.1	-5.66666
13065013	544	0.1	-0.1	4.30071
13065013	545	0.1	-0.1	2.18293
13065013	546	0.1	-0.1	-1.75302
13065013	547	0.1	-0.1	1.55507
13065013	548	0.1	-0.1	-1.73177
13065013	549	0.1	-0.1	-5.84557
13065013	550	0.1	-0.1	-3.2593
13065013	551	0.1	-0.1	2.25673
13065013	552	0.1	-0.1	2.5827
13065013	553	0.1	-0.1	3.08867
13065013	554	0.1	-0.1	-2.37916
13065013	555	0.1	-0.1	5.63241
13065013	556	0.1	-0.1	-3.46988
13065013	557	0.1	-0.1	-5.77986
13065013	558	0.1	-0.1	-4.53454
13065013	559	0.1	-0.1	1.09677
13065013	560	0.1	-0.1	5.57315
13065013	561	0.1	-0.1	5.81427
13065013	562	0.1	-0.1	0.928418
13065013	563	0.1	-0.1	5.75998
13065013	564	0.1	-0.1	-4.9838
13065013	565	0.1	-0.1	-1.66862
13065013	566	0.1	-0.1	-1.98708
13065013	567	0.1	-0.1	-2.18369
13065013	568	0.1	-0.1	2.21293
13065013	569	0.1	-0.1	1.4121
13065013	570	0.1	-0.1	2.3274
13065013	571	0.1	-0.1	4.99034
13065013	572	0.1	-0.1	5.51503
13065013	573	0.1	-0.1	-5.51731
13065013	574	0.1	-0.1	5.17537
13065013	575	0.1	-0.1	5.70837
13065013	576	0.1	-0.1	1.18613
13065013	577	0.1	-0.1	-4.01997
13065013	578	0.1	-0.1	-4.06286
13065013	579	0.1	-0.1	-2.72678
13065013	580	0.1	-0.1	3.29576
13065013	581	0.1	-0.1	4.41475
13065013	582	0.1	-0.1	-5.62987
13065013	583	0.1	-0.1	-4.41244
13065013	584	0.1	-0.1	1.74583
13065013	585	0.1	-0.1	-4.42008
13065013	586	0.1	-0.1	-0.637934
13065013	587	0.1	-0.1	2.68574
13065013	588	0.1	-0.1	-5.38765
13065013	589	0.1	-0.1	2.14142
13065013	590	0.1	-0.1	1.9471
13065013	591	0.1	-0.1	-5.68617
13065013	592	0.1	-0.1	0.424673
13065013	593	0.1	-0.1	-5.80466
13065013	594	0.1	-0.1	5.93693
13065013	595	0.1	-0.1	-5.74728
13065013	596	0.1	-0.1	1.83702
13065013	597	0.1	-0.1	2.23771
13065013	598	0.1	-0.1	4.07358
13065013	599	0.1	-0.1	-5.89739
13065013	600	0.1	-0.1	-0.686186
13065013	601	0.1	-0.1	3.36833
13065013	602	0.1	-0.1	4.4629
13065013	603	0.1	-0.1	-5.42657
13065013	604	0.1	-0.1	-3.74129
13065013	605	0.1	-0.1	0.245259
13065013	606	0.1	-0.1	-4.288
13065013	607	0.1	-0.1	-1.63861
13065013	608	0.1	-0.1	1.4794
13065013	609	0.1	-0.1	1.4209
13065013	610	0.1	-0.1	3.65148
13065013	611	0.1	-0.1	1.78731
13065013	612	0.1	-0.1	5.2638
13065013	613	0.1	-0.1	1.98215
13065013	614	0.1	-0.1	4.58168
13065013	615	0.1	-0.1	5.20383
13065013	616	0.1	-0.1	1.34728
13065013	617	0.1	-0.1	2.86502
13065013	618	0.1	-0.1	-3.662
13065013	619	0.1	-0.1	-0.476079
13065013	620	0.1	-0.1	-0.583184
13065013	621	0.1	-0.1	1.24734
13065013	622	0.1	-0.1	0.0171199
13065013	623	0.1	-0.1	-4.84633
13065013	624	0.1	-0.1	1.05815
13065013	625	0.1	-0.1	4.74041
13065013	626	0.1	-0.1	-0.26455
13065013	627	0.1	-0.1	-2.42321
13065013	628	0.1	-0.1	-0.398496
13065013	629	0.1	-0.1	4.70226
13065013	630	0.1	-0.1	-0.0884675
13065013	631	0.1	-0.1	-1.33355
13065013	632	0.1	-0.1	-5.92792
13065013	633	0.1	-0.1	-3.16305
13065013	634	0.1	-0.1	2.61877
13065013	635	0.1	-0.1	-4.99349
13065013	636	0.1	-0.1	3.89689
13065013	637	0.1	-0.1	5.08727
13065013	638	0.1	-0.1	5.33559
13065013	639	0.1	-0.1	-1.58402
13065013	640	0.1	-0.1	-5.90501
13065013	641	0.1	-0.1	-5.92866
13065013	642	0.1	-0.1	-2.82642
13065013	643	0.1	-0.1	-1.99834
13065013	644	0.1	-0.1	5.61843
13065013	645	0.1	-0.1	-4.94694
13065013	646	0.1	-0.1	3.35465
13065013	647	0.1	-0.1	-4.43789
13065013	648	0.1	-0.1	-1.53358
13065013	649	0.1	-0.1	5.93504
13065013	650	0.1	-0.1	2.53531
13065013	651	0.1	-0.1	2.08867
13065013	652	0.1	-0.1	-1.169
13065013	653	0.1	-0.1	2.38323
13065013	654	0.1	-0.1	-3.37697
13065013	655	0.1	-0.1	-0.642946
13065013	656	0.1	-0.1	5.14698
13065013	657	0.1	-0.1	-4.77213
13065013	658	0.1	-0.1	-4.4122
13065013	659	0.1	-0.1	-1.1368
13065013	660	0.1	-0.1	-3.01742
13065013	661	0.1	-0.1	-5.28468
13065013	662	0.1	-0.1	2.28742
13065013	663	0.1	-0.1	-0.130547
13065013	664	0.1	-0.1	-5.50569
13065013	665	0.1	-0.1	0.334954
13065013	666	0.1	-0.1	5.14435
13065013	667	0.1	-0.1	-4.95455
13065013	668	0.1	-0.1	-0.531022
13065013	669	0.1	-0.1	2.62056
13065013	670	0.1	-0.1	-5.73005
13065013	671	0.1	-0.1	-1.92068
13065013	672	0.1	-0.1	2.59792
13065013	673	0.1	-0.1	1.76466
13065013	674	0.1	-0.1	-0.478948
13065013	675	0.1	-0.1	5.26469
13065013	676	0.1	-0.1	-5.64354
13065013	677	0.1	-0.1	-4.08819
13065013	678	0.1	-0.1	-4.26777
13065013	679	0.1	-0.1	3.11661
13065013	680	0.1	-0.1	-1.02891
13065013	681	0.1	-0.1	5.49562
13065013	682	0.1	-0.1	5.97341
13065013	683	0.1	-0.1	-2.73115
13065013	684	0.1	-0.1	-4.62798
13065013	685	0.1	-0.1	-5.02021
13065013	686	0.1	-0.1	0.309238
13065013	687	0.1	-0.1	1.69285
13065013	688	0.1	-0.1	4.85576
13065013	689	0.1	-0.1	1.29642
13065013	690	0.1	-0.1	0.393872
13065013	691	0.1	-0.1	-2.44867
13065013	692	0.1	-0.1	-5.19989
13065013	693	0.1	-0.1	-3.68064
13065013	694	0.1	-0.1	-1.59371
13065013	695	0.1	-0.1	-0.453732
13065013	696	0.1	-0.1	-2.53607
13065013	697	0.1	-0.1	4.04722
13065013	698	0.1	-0.1	5.59574
13065013	699	0.1	-0.1	2.56175
13065013	700	0.1	-0.1	-0.648355
13065013	701	0.1	-0.1	2.37953
13065013	702	0.1	-0.1	-2.91555
13065013	703	0.1	-0.1	-0.315022
13065013	704	0.1	-0.1	1.47858
13065013	705	0.1	-0.1	5.53163
13065013	706	0.1	-0.1	-0.366411
13065013	707	0.1	-0.1	5.5258
13065013	708	0.1	-0.1	-1.06846
13065013	709	0.1	-0.1	5.13139
13065013	710	0.1	-0.1	-0.0632438
13065013	711	0.1	-0.1	4.71633
13065013	712	0.1	-0.1	-0.431035
13065013	713	0.1	-0.1	5.95126
13065013	714	0.1	-0.1	3.30162
13065013	715	0.1	-0.1	4.51928
13065013	716	0.1	-0.1	-4.28666
13065013	717	0.1	-0.1	-2.70332
13065013	718	0.1	-0.1	0.395224
13065013	719	0.1	-0.1	0.707121
13065013	720	0.1	-0.1	-4.62283
13065013	721	0.1	-0.1	5.94542
13065013	722	0.1	-0.1	3.01552
13065013	723	0.1	-0.1	-4.44209
13065013	724	0.1	-0.1	-1.62692
13065013	725	0.1	-0.1	-0.645266
13065013	726	0.1	-0.1	0.621027
13065013	727	0.1	-0.1	1.30137
13065013	728	0.1	-0.1	-5.53064
13065013	729	0.1	-0.1	0.669192
13065013	730	0.1	-0.1	-0.0690021
13065013	731	0.1	-0.1	-3.84216
13065013	732	0.1	-0.1	2.25403
13065013	733	0.1	-0.1	-5.26845
13065013	734	0.1	-0.1	-1.43633
13065013	735	0.1	-0.1	-4.03174
13065013	736	0.1	-0.1	-3.55844
13065013	737	0.1	-0.1	-4.47635
13065013	738	0.1	-0.1	-5.22167
13065013	739	0.1	-0.1	-4.31083
13065013	740	0.1	-0.1	-0.711616
13065013	741	0.1	-0.1	-1.96403
13065013	742	0.1	-0.1	-1.96651
13065013	743	0.1	-0.1	-2.18311
13065013	744	0.1	-0.1	5.30478
13065013	745	0.1	-0.1	-3.97964
13065013	746	0.1	-0.1	3.85275
13065013	747	0.1	-0.1	1.98576
13065013	748	0.1	-0.1	-2.66698
13065013	749	0.1	-0.1	3.47861
13065013	750	0.1	-0.1	-5.45962
13065013	751	0.1	-0.1	5.94137
13065013	752	0.1	-0.1	4.14965
13065013	753	0.1	-0.1	4.25
13065013	754	0.1	-0.1	-1.73625
13065013	755	0.1	-0.1	1.06731
13065013	756	0.1	-0.1	4.78606
13065013	757	0.1	-0.1	-5.98957
13065013	758	0.1	-0.1	-0.652551
13065013	759	0.1	-0.1	3.54195
13065013	760	0.1	-0.1	1.39811
13065013	761	0.1	-0.1	-0.569092
13065013	762	0.1	-0.1	-4.57671
13065013	763	0.1	-0.1	-0.109962
13065013	764	0.1	-0.1	-4.35655
13065013	765	0.1	-0.1	5.88519
13065013	766	0.1	-0.1	1.02821
13065013	767	0.1	-0.1	-4.55261
13065013	768	0.1	-0.1	-5.93719
13065013	769	0.1	-0.1	5.74257
13065013	770	0.1	-0.1	5.84011
13065013	771	0.1	-0.1	-0.316455
13065013	772	0.1	-0.1	-3.41761
13065013	773	0.1	-0.1	-1.51866
13065013	774	0.1	-0.1	-2.31678
13065013	775	0.1	-0.1	3.79635
13065013	776	0.1	-0.1	5.44987
13065013	777	0.1	-0.1	-4.01745
13065013	778	0.1	-0.1	5.46212
13065013	779	0.1	-0.1	5.29412
13065013	780	0.1	-0.1	0.300215
13065013	781	0.1	-0.1	4.03816
13065013	782	0.1	-0.1	5.59054
13065013	783	0.1	-0.1	4.43432
13065013	784	0.1	-0.1	0.679431
13065013	785	0.1	-0.1	3.59915
13065013	786	0.1	-0.1	2.96473
13065013	787	0.1	-0.1	3.34763
13065013	788	0.1	-0.1	-5.91792
13065013	789	0.1	-0.1	-3.36548
13065013	790	0.1	-0.1	-5.23514
13065013	791	0.1	-0.1	0.564728
13065013	792	0.1	-0.1	-4.57764
13065013	793	0.1	-0.1	5.41257
13065013	794	0.1	-0.1	-3.83845
13065013	795	0.1	-0.1	5.91528
13065013	796	0.1	-0.1	4.42418
13065013	797	0.1	-0.1	4.46736
13065013	798	0.1	-0.1	-0.48129
13065013	799	0.1	-0.1	4.78326
13065013	800	0.1	-0.1	4.03328
13065013	801	0.1	-0.1	4.37178
13065013	802	0.1	-0.1	5.43779
13065013	803	0.1	-0.1	-3.60816
13065013	804	0.1	-0.1	-2.42616
13065013	805	0.1	-0.1	-5.67865
13065013	806	0.1	-0.1	0.788685
13065013	807	0.1	-0.1	-1.06445
13065013	808	0.1	-0.1	1.7455
13065013	809	0.1	-0.1	1.04907
13065013	810	0.1	-0.1	4.6137
13065013	811	0.1	-0.1	5.04159
13065013	812	0.1	-0.1	-2.24014
13065013	813	0.1	-0.1	-3.9836
13065013	814	0.1	-0.1	-5.29591
13065013	815	0.1	-0.1	-3.41997
13065013	816	0.1	-0.1	-4.18326
13065013	817	0.1	-0.1	2.07097
13065013	818	0.1	-0.1	-1.12037
13065013	819	0.1	-0.1	3.1008
13065013	820	0.1	-0.1	-5.88535
13065013	821	0.1	-0.1	-4.32148
13065013	822	0.1	-0.1	-0.194851
13065013	823	0.1	-0.1	-4.71459
13065013	824	0.1	-0.1	-1.72574
13065013	825	0.1	-0.1	1.68916
13065013	826	0.1	-0.1	4.62755
13065013	827	0.1	-0.1	4.47649
13065013	828	0.1	-0.1	0.600798
13065013	829	0.1	-0.1	-5.99938
13065013	830	0.1	-0.1	-1.03126
13065013	831	0.1	-0.1	-4.25993
13065013	832	0.1	-0.1	-2.12181
13065013	833	0.1	-0.1	-2.89062
13065013	834	0.1	-0.1	3.6211
13065013	835	0.1	-0.1	-3.75319
13065013	836	0.1	-0.1	0.781586
13065013	837	0.1	-0.1	-0.070859
13065013	838	0.1	-0.1	2.39592
13065013	839	0.1	-0.1	-5.12992
13065013	840	0.1	-0.1	5.17131
13065013	841	0.1	-0.1	-5.19735
13065013	842	0.1	-0.1	-3.33486
13065013	843	0.1	-0.1	-2.1307
13065013	844	0.1	-0.1	4.96517
13065013	845	0.1	-0.1	2.22289
13065013	846	0.1	-0.1	2.60431
13065013	847	0.1	-0.1	-2.72248
13065013	848	0.1	-0.1	5.75987
13065013	849	0.1	-0.1	3.46747
13065013	850	0.1	-0.1	3.31426
13065013	851	0.1	-0.1	-3.12188
13065013	852	0.1	-0.1	4.01717
13065013	853	0.1	-0.1	-1.04879
13065013	854	0.1	-0.1	3.04686
13065013	855	0.1	-0.1	-1.07417
13065013	856	0.1	-0.1	3.82482
13065013	857	0.1	-0.1	1.87379
13065013	858	0.1	-0.1	-3.18997
13065013	859	0.1	-0.1	-4.75694
13065013	860	0.1	-0.1	-5.26492
13065013	861	0.1	-0.1	2.05373
13065013	862	0.1	-0.1	-1.79432
13065013	863	0.1	-0.1	-4.91395
13065013	864	0.1	-0.1	-3.88435
13065013	865	0.1	-0.1	5.39499
13065013	866	0.1	-0.1	-4.38365
13065013	867	0.1	-0.1	-5.85691
13065013	868	0.1	-0.1	0.791983
13065013	869	0.1	-0.1	-3.56174
13065013	870	0.1	-0.1	1.66056
13065013	871	0.1	-0.1	-2.23874
13065013	872	0.1	-0.1	-4.67929
13065013	873	0.1	-0.1	-0.258807
13065013	874	0.1	-0.1	-3.91958
13065013	875	0.1	-0.1	-3.7006
13065013	876	0.1	-0.1	2.03145
13065013	877	0.1	-0.1	4.58632
13065013	878	0.1	-0.1	4.65976
13065013	879	0.1	-0.1	1.08482
13065013	880	0.1	-0.1	-1.64869
13065013	881	0.1	-0.1	-2.84784
13065013	882	0.1	-0.1	1.76842
13065013	883	0.1	-0.1	-1.46136
13065013	884	0.1	-0.1	0.449398
13065013	885	0.1	-0.1	4.63238
13065013	886	0.1	-0.1	2.4457
13065013	887	0.1	-0.1	1.84501
13065013	888	0.1	-0.1	-0.0740693
13065013	889	0.1	-0.1	-2.03577
13065013	890	0.1	-0.1	-3.69906
13065013	891	0.1	-0.1	5.74546
13065013	892	0.1	-0.1	1.6149
13065013	893	0.1	-0.1	-5.46128
13065013	894	0.1	-0.1	-2.57668
13065013	895	0.1	-0.1	5.66679
13065013	896	0.1	-0.1	-2.36668
13065013	897	0.1	-0.1	-0.562171
13065013	898	0.1	-0.1	-0.339732
13065013	899	0.1	-0.1	0.717923
13065013	900	0.1	-0.1	-3.33438
13065013	901	0.1	-0.1	-4.18529
13065013	902	0.1	-0.1	1.45705
13065013	903	0.1	-0.1	-4.44329
13065013	904	0.1	-0.1	5.01099
13065013	905	0.1	-0.1	-0.678413
13065013	906	0.1	-0.1	-0.0295823
13065013	907	0.1	-0.1	4.57759
13065013	908	0.1	-0.1	-5.99719
13065013	909	0.1	-0.1	-2.06529
13065013	910	0.1	-0.1	-5.9095
13065013	911	0.1	-0.1	2.45028
13065013	912	0.1	-0.1	-0.37187
13065013	913	0.1	-0.1	1.48819
13065013	914	0.1	-0.1	-5.69551
13065013	915	0.1	-0.1	-1.67603
13065013	916	0.1	-0.1	0.413733
13065013	917	0.1	-0.1	-2.02292
13065013	918	0.1	-0.1	-4.00427
13065013	919	0.1	-0.1	-0.566065
13065013	920	0.1	-0.1	-5.44303
13065013	921	0.1	-0.1	-5.57122
13065013	922	0.1	-0.1	0.714885
13065013	923	0.1	-0.1	-4.23979
13065013	924	0.1	-0.1	2.66034
13065013	925	0.1	-0.1	-0.948295
13065013	926	0.1	-0.1	0.219582
13065013	927	0.1	-0.1	-4.51964
13065013	928	0.1	-0.1	-1.86698
13065013	929	0.1	-0.1	0.314012
13065013	930	0.1	-0.1	-5.25338
13065013	931	0.1	-0.1	-0.451526
13065013	932	0.1	-0.1	4.38324
13065013	933	0.1	-0.1	-4.1004
13065013	934	0.1	-0.1	3.6252
13065013	935	0.1	-0.1	-3.30113
13065013	936	0.1	-0.1	2.26647
13065013	937	0.1	-0.1	4.58659
13065013	938	0.1	-0.1	-5.25495
13065013	939	0.1	-0.1	-4.11252
13065013	940	0.1	-0.1	-0.309872
13065013	941	0.1	-0.1	-4.3189
13065013	942	0.1	-0.1	-1.41455
13065013	943	0.1	-0.1	-1.41933
13065013	944	0.1	-0.1	1.04276
13065013	945	0.1	-0.1	5.79993
13065013	946	0.1	-0.1	-3.95364
13065013	947	0.1	-0.1	-4.91247
13065013	948	0.1	-0.1	-2.35567
13065013	949	0.1	-0.1	-3.00462
13065013	950	0.1	-0.1	-4.85976
13065013	951	0.1	-0.1	-0.308214
13065013	952	0.1	-0.1	1.39199
13065013	953	0.1	-0.1	-4.16235
13065013	954	0.1	-0.1	5.62016
13065013	955	0.1	-0.1	2.23299
13065013	956	0.1	-0.1	1.45464
13065013	957	0.1	-0.1	4.87748
13065013	958	0.1	-0.1	1.18579
13065013	959	0.1	-0.1	1.49554
13065013	960	0.1	-0.1	0.00449245
13065013	961	0.1	-0.1	-1.09215
13065013	962	0.1	-0.1	2.73405
13065013	963	0.1	-0.1	-5.35093
13065013	964	0.1	-0.1	3.85804
13065013	965	0.1	-0.1	0.599024
13065013	966	0.1	-0.1	-2.31404
13065013	967	0.1	-0.1	-3.63262
13065013	968	0.1	-0.1	-3.66509
13065013	969	0.1	-0.1	5.55386
13065013	970	0.1	-0.1	-4.02758
13065013	971	0.1	-0.1	5.20659
13065013	972	0.1	-0.1	-1.92093
13065013	973	0.1	-0.1	-3.14571
13065013	974	0.1	-0.1	0.73697
13065013	975	0.1	-0.1	-0.379156
13065013	976	0.1	-0.1	-3.57786
13065013	977	0.1	-0.1	5.72752
13065013	978	0.1	-0.1	-4.54265
13065013	979	0.1	-0.1	-5.36276
13065013	980	0.1	-0.1	-4.91875
13065013	981	0.1	-0.1	3.67536
13065013	982	0.1	-0.1	-1.48779
13065013	983	0.1	-0.1	1.32947
13065013	984	0.1	-0.1	3.5337
13065013	985	0.1	-0.1	-2.83935
13065013	986	0.1	-0.1	5.41251
13065013	987	0.1	-0.1	5.04122
13065013	988	0.1	-0.1	-5.69418
13065013	989	0.1	-0.1	5.04241
13065013	990	0.1	-0.1	-5.90502
13065013	991	0.1	-0.1	-1.1916
13065013	992	0.1	-0.1	-4.60284
13065013	993	0.1	-0.1	1.03019
13065013	994	0.1	-0.1	2.16906
13065013	995	0.1	-0.1	0.638774
13065013	996	0.1	-0.1	-5.60196
13065013	997	0.1	-0.1	3.67622
13065013	998	0.1	-0.1	2.51943
13065013	999	0.1	-0.1	1.69526
13065013	1000	0.1	-0.1	2.04558
