13064020	1	0.1	-0.1	-3.04944
13064020	2	0.1	-0.1	2.01031
13064020	3	0.1	-0.1	1.62252
13064020	4	0.1	-0.1	2.78672
13064020	5	0.1	-0.1	0.121811
13064020	6	0.1	-0.1	-5.76122
13064020	7	0.1	-0.1	-4.2827
13064020	8	0.1	-0.1	-5.84969
13064020	9	0.1	-0.1	3.61328
13064020	10	0.1	-0.1	-4.98655
13064020	11	0.1	-0.1	-2.26913
13064020	12	0.1	-0.1	2.87342
13064020	13	0.1	-0.1	-0.601549
13064020	14	0.1	-0.1	-5.741
13064020	15	0.1	-0.1	4.51264
13064020	16	0.1	-0.1	-1.63727
13064020	17	0.1	-0.1	4.16475
13064020	18	0.1	-0.1	0.37157
13064020	19	0.1	-0.1	4.53364
13064020	20	0.1	-0.1	-1.71193
13064020	21	0.1	-0.1	3.25912
13064020	22	0.1	-0.1	-1.46121
13064020	23	0.1	-0.1	-3.00175
13064020	24	0.1	-0.1	5.24914
13064020	25	0.1	-0.1	0.172203
13064020	26	0.1	-0.1	2.84398
13064020	27	0.1	-0.1	-3.04262
13064020	28	0.1	-0.1	5.0066
13064020	29	0.1	-0.1	-3.7268
13064020	30	0.1	-0.1	-1.70765
13064020	31	0.1	-0.1	5.4063
13064020	32	0.1	-0.1	4.77315
13064020	33	0.1	-0.1	-1.81675
13064020	34	0.1	-0.1	-2.33769
13064020	35	0.1	-0.1	-1.7253
13064020	36	0.1	-0.1	-3.60323
13064020	37	0.1	-0.1	-0.192835
13064020	38	0.1	-0.1	0.673579
13064020	39	0.1	-0.1	2.62815
13064020	40	0.1	-0.1	-2.47157
13064020	41	0.1	-0.1	-0.488535
13064020	42	0.1	-0.1	2.85345
13064020	43	0.1	-0.1	2.17459
13064020	44	0.1	-0.1	-5.6034
13064020	45	0.1	-0.1	-2.49264
13064020	46	0.1	-0.1	0.0463445
13064020	47	0.1	-0.1	1.07246
13064020	48	0.1	-0.1	5.00094
13064020	49	0.1	-0.1	-5.31106
13064020	50	0.1	-0.1	-0.0198329
13064020	51	0.1	-0.1	-4.9591
13064020	52	0.1	-0.1	-1.1447
13064020	53	0.1	-0.1	-2.26725
13064020	54	0.1	-0.1	2.43406
13064020	55	0.1	-0.1	5.67584
13064020	56	0.1	-0.1	2.69405
13064020	57	0.1	-0.1	5.40111
13064020	58	0.1	-0.1	3.91376
13064020	59	0.1	-0.1	-4.82978
13064020	60	0.1	-0.1	4.26069
13064020	61	0.1	-0.1	-0.506329
13064020	62	0.1	-0.1	-2.67466
13064020	63	0.1	-0.1	1.36385
13064020	64	0.1	-0.1	3.49237
13064020	65	0.1	-0.1	-0.358403
13064020	66	0.1	-0.1	4.60555
13064020	67	0.1	-0.1	-0.543717
13064020	68	0.1	-0.1	-5.19754
13064020	69	0.1	-0.1	-5.09841
13064020	70	0.1	-0.1	3.97316
13064020	71	0.1	-0.1	0.744112
13064020	72	0.1	-0.1	-0.771784
13064020	73	0.1	-0.1	-5.62397
13064020	74	0.1	-0.1	-4.65249
13064020	75	0.1	-0.1	-0.915998
13064020	76	0.1	-0.1	3.2213
13064020	77	0.1	-0.1	-1.85598
13064020	78	0.1	-0.1	-1.13751
13064020	79	0.1	-0.1	3.55624
13064020	80	0.1	-0.1	2.87943
13064020	81	0.1	-0.1	-0.257088
13064020	82	0.1	-0.1	-1.80181
13064020	83	0.1	-0.1	-1.27766
13064020	84	0.1	-0.1	3.61151
13064020	85	0.1	-0.1	5.35106
13064020	86	0.1	-0.1	4.35306
13064020	87	0.1	-0.1	5.31256
13064020	88	0.1	-0.1	5.64086
13064020	89	0.1	-0.1	-0.45686
13064020	90	0.1	-0.1	5.62959
13064020	91	0.1	-0.1	4.83616
13064020	92	0.1	-0.1	1.22125
13064020	93	0.1	-0.1	-3.61577
13064020	94	0.1	-0.1	2.88892
13064020	95	0.1	-0.1	3.87361
13064020	96	0.1	-0.1	-2.52474
13064020	97	0.1	-0.1	5.35461
13064020	98	0.1	-0.1	-1.00494
13064020	99	0.1	-0.1	-1.79136
13064020	100	0.1	-0.1	0.690259
13064020	101	0.1	-0.1	-5.23187
13064020	102	0.1	-0.1	-4.16351
13064020	103	0.1	-0.1	-1.79484
13064020	104	0.1	-0.1	4.44899
13064020	105	0.1	-0.1	-0.513168
13064020	106	0.1	-0.1	2.17745
13064020	107	0.1	-0.1	-5.76927
13064020	108	0.1	-0.1	0.0143475
13064020	109	0.1	-0.1	3.57179
13064020	110	0.1	-0.1	-1.56879
13064020	111	0.1	-0.1	-1.63189
13064020	112	0.1	-0.1	5.62801
13064020	113	0.1	-0.1	3.11015
13064020	114	0.1	-0.1	3.93404
13064020	115	0.1	-0.1	2.77436
13064020	116	0.1	-0.1	0.706121
13064020	117	0.1	-0.1	5.80487
13064020	118	0.1	-0.1	1.69054
13064020	119	0.1	-0.1	-3.33953
13064020	120	0.1	-0.1	2.57396
13064020	121	0.1	-0.1	-3.93507
13064020	122	0.1	-0.1	-3.00691
13064020	123	0.1	-0.1	-1.69426
13064020	124	0.1	-0.1	1.65967
13064020	125	0.1	-0.1	4.65852
13064020	126	0.1	-0.1	2.15798
13064020	127	0.1	-0.1	4.36444
13064020	128	0.1	-0.1	2.29054
13064020	129	0.1	-0.1	1.99848
13064020	130	0.1	-0.1	2.16986
13064020	131	0.1	-0.1	-3.16623
13064020	132	0.1	-0.1	-2.26876
13064020	133	0.1	-0.1	3.71085
13064020	134	0.1	-0.1	-5.20476
13064020	135	0.1	-0.1	-3.73619
13064020	136	0.1	-0.1	0.247996
13064020	137	0.1	-0.1	-3.97653
13064020	138	0.1	-0.1	5.11689
13064020	139	0.1	-0.1	-3.3184
13064020	140	0.1	-0.1	-5.05952
13064020	141	0.1	-0.1	-2.089
13064020	142	0.1	-0.1	-4.34771
13064020	143	0.1	-0.1	-1.09188
13064020	144	0.1	-0.1	5.20639
13064020	145	0.1	-0.1	-3.39088
13064020	146	0.1	-0.1	-3.47654
13064020	147	0.1	-0.1	-3.87034
13064020	148	0.1	-0.1	-0.197008
13064020	149	0.1	-0.1	4.38887
13064020	150	0.1	-0.1	2.44387
13064020	151	0.1	-0.1	-1.22646
13064020	152	0.1	-0.1	-3.52625
13064020	153	0.1	-0.1	0.966648
13064020	154	0.1	-0.1	3.42366
13064020	155	0.1	-0.1	5.24305
13064020	156	0.1	-0.1	3.63357
13064020	157	0.1	-0.1	-0.678424
13064020	158	0.1	-0.1	-5.76945
13064020	159	0.1	-0.1	-3.89838
13064020	160	0.1	-0.1	1.63435
13064020	161	0.1	-0.1	3.30815
13064020	162	0.1	-0.1	-1.05923
13064020	163	0.1	-0.1	-5.63076
13064020	164	0.1	-0.1	-4.82316
13064020	165	0.1	-0.1	-1.61761
13064020	166	0.1	-0.1	4.3618
13064020	167	0.1	-0.1	3.75225
13064020	168	0.1	-0.1	5.03764
13064020	169	0.1	-0.1	4.07877
13064020	170	0.1	-0.1	-4.97267
13064020	171	0.1	-0.1	-0.478353
13064020	172	0.1	-0.1	-5.30522
13064020	173	0.1	-0.1	-2.64731
13064020	174	0.1	-0.1	5.70769
13064020	175	0.1	-0.1	-4.86324
13064020	176	0.1	-0.1	5.29698
13064020	177	0.1	-0.1	-1.47476
13064020	178	0.1	-0.1	0.786482
13064020	179	0.1	-0.1	-2.87822
13064020	180	0.1	-0.1	4.65704
13064020	181	0.1	-0.1	3.69307
13064020	182	0.1	-0.1	-4.76766
13064020	183	0.1	-0.1	-5.21272
13064020	184	0.1	-0.1	-5.10175
13064020	185	0.1	-0.1	0.649042
13064020	186	0.1	-0.1	3.49371
13064020	187	0.1	-0.1	5.36544
13064020	188	0.1	-0.1	-0.286151
13064020	189	0.1	-0.1	0.167408
13064020	190	0.1	-0.1	2.70318
13064020	191	0.1	-0.1	-4.0215
13064020	192	0.1	-0.1	1.94217
13064020	193	0.1	-0.1	-0.153614
13064020	194	0.1	-0.1	-3.91855
13064020	195	0.1	-0.1	-3.80965
13064020	196	0.1	-0.1	-0.453198
13064020	197	0.1	-0.1	5.81941
13064020	198	0.1	-0.1	-0.606972
13064020	199	0.1	-0.1	-5.98249
13064020	200	0.1	-0.1	5.80985
13064020	201	0.1	-0.1	3.94288
13064020	202	0.1	-0.1	-1.70125
13064020	203	0.1	-0.1	-3.73948
13064020	204	0.1	-0.1	1.23482
13064020	205	0.1	-0.1	0.836486
13064020	206	0.1	-0.1	-3.42815
13064020	207	0.1	-0.1	-2.28504
13064020	208	0.1	-0.1	1.84867
13064020	209	0.1	-0.1	0.896267
13064020	210	0.1	-0.1	2.25509
13064020	211	0.1	-0.1	1.33009
13064020	212	0.1	-0.1	-1.02907
13064020	213	0.1	-0.1	-0.596449
13064020	214	0.1	-0.1	0.788873
13064020	215	0.1	-0.1	-2.34315
13064020	216	0.1	-0.1	-4.87228
13064020	217	0.1	-0.1	5.84778
13064020	218	0.1	-0.1	5.04174
13064020	219	0.1	-0.1	-1.20895
13064020	220	0.1	-0.1	-5.34682
13064020	221	0.1	-0.1	4.54565
13064020	222	0.1	-0.1	1.50672
13064020	223	0.1	-0.1	-4.05721
13064020	224	0.1	-0.1	-2.04305
13064020	225	0.1	-0.1	-0.255001
13064020	226	0.1	-0.1	-2.77049
13064020	227	0.1	-0.1	0.343713
13064020	228	0.1	-0.1	0.860786
13064020	229	0.1	-0.1	4.1494
13064020	230	0.1	-0.1	-2.18014
13064020	231	0.1	-0.1	-2.23408
13064020	232	0.1	-0.1	-3.61856
13064020	233	0.1	-0.1	-2.13906
13064020	234	0.1	-0.1	-4.74843
13064020	235	0.1	-0.1	0.932606
13064020	236	0.1	-0.1	-4.3975
13064020	237	0.1	-0.1	-2.12179
13064020	238	0.1	-0.1	3.43976
13064020	239	0.1	-0.1	-1.94128
13064020	240	0.1	-0.1	4.08543
13064020	241	0.1	-0.1	-0.77817
13064020	242	0.1	-0.1	-0.941894
13064020	243	0.1	-0.1	4.226
13064020	244	0.1	-0.1	-2.25684
13064020	245	0.1	-0.1	3.24996
13064020	246	0.1	-0.1	0.0924995
13064020	247	0.1	-0.1	5.17606
13064020	248	0.1	-0.1	0.0325282
13064020	249	0.1	-0.1	3.06968
13064020	250	0.1	-0.1	-3.15141
13064020	251	0.1	-0.1	5.4493
13064020	252	0.1	-0.1	-3.91674
13064020	253	0.1	-0.1	-5.47086
13064020	254	0.1	-0.1	4.52208
13064020	255	0.1	-0.1	-3.67878
13064020	256	0.1	-0.1	4.93458
13064020	257	0.1	-0.1	-4.06387
13064020	258	0.1	-0.1	2.12786
13064020	259	0.1	-0.1	-2.56668
13064020	260	0.1	-0.1	4.46399
13064020	261	0.1	-0.1	1.20156
13064020	262	0.1	-0.1	-3.35658
13064020	263	0.1	-0.1	-5.07364
13064020	264	0.1	-0.1	1.15361
13064020	265	0.1	-0.1	-5.93102
13064020	266	0.1	-0.1	-4.38099
13064020	267	0.1	-0.1	5.12187
13064020	268	0.1	-0.1	4.2273
13064020	269	0.1	-0.1	-0.00518327
13064020	270	0.1	-0.1	5.12625
13064020	271	0.1	-0.1	0.435156
13064020	272	0.1	-0.1	0.0775224
13064020	273	0.1	-0.1	0.403002
13064020	274	0.1	-0.1	1.2163
13064020	275	0.1	-0.1	-2.6338
13064020	276	0.1	-0.1	5.71925
13064020	277	0.1	-0.1	-0.0839282
13064020	278	0.1	-0.1	5.83801
13064020	279	0.1	-0.1	-4.66841
13064020	280	0.1	-0.1	4.09272
13064020	281	0.1	-0.1	0.0770591
13064020	282	0.1	-0.1	-0.39015
13064020	283	0.1	-0.1	-5.87917
13064020	284	0.1	-0.1	-5.57079
13064020	285	0.1	-0.1	-5.08731
13064020	286	0.1	-0.1	5.28711
13064020	287	0.1	-0.1	2.78082
13064020	288	0.1	-0.1	-5.27707
13064020	289	0.1	-0.1	-0.550693
13064020	290	0.1	-0.1	-5.74657
13064020	291	0.1	-0.1	-2.76768
13064020	292	0.1	-0.1	2.32854
13064020	293	0.1	-0.1	-5.41916
13064020	294	0.1	-0.1	-5.97863
13064020	295	0.1	-0.1	2.63082
13064020	296	0.1	-0.1	-3.49225
13064020	297	0.1	-0.1	2.80547
13064020	298	0.1	-0.1	-0.0834095
13064020	299	0.1	-0.1	-0.844499
13064020	300	0.1	-0.1	5.33165
13064020	301	0.1	-0.1	0.0494275
13064020	302	0.1	-0.1	1.44662
13064020	303	0.1	-0.1	1.6385
13064020	304	0.1	-0.1	-2.07771
13064020	305	0.1	-0.1	-2.79563
13064020	306	0.1	-0.1	-0.0696101
13064020	307	0.1	-0.1	2.03444
13064020	308	0.1	-0.1	3.17348
13064020	309	0.1	-0.1	-4.0166
13064020	310	0.1	-0.1	-5.14479
13064020	311	0.1	-0.1	-0.758977
13064020	312	0.1	-0.1	-5.53103
13064020	313	0.1	-0.1	-4.84893
13064020	314	0.1	-0.1	-4.50314
13064020	315	0.1	-0.1	-4.76949
13064020	316	0.1	-0.1	-5.77387
13064020	317	0.1	-0.1	3.48682
13064020	318	0.1	-0.1	-5.62208
13064020	319	0.1	-0.1	3.181
13064020	320	0.1	-0.1	0.241734
13064020	321	0.1	-0.1	4.41068
13064020	322	0.1	-0.1	5.00244
13064020	323	0.1	-0.1	-3.74531
13064020	324	0.1	-0.1	-2.70483
13064020	325	0.1	-0.1	-0.29529
13064020	326	0.1	-0.1	-5.19989
13064020	327	0.1	-0.1	-4.34032
13064020	328	0.1	-0.1	5.43265
13064020	329	0.1	-0.1	-1.80579
13064020	330	0.1	-0.1	-1.51484
13064020	331	0.1	-0.1	2.13346
13064020	332	0.1	-0.1	2.31654
13064020	333	0.1	-0.1	-4.12873
13064020	334	0.1	-0.1	-4.42184
13064020	335	0.1	-0.1	5.18265
13064020	336	0.1	-0.1	-1.80465
13064020	337	0.1	-0.1	2.58332
13064020	338	0.1	-0.1	-0.870001
13064020	339	0.1	-0.1	-1.50001
13064020	340	0.1	-0.1	2.57982
13064020	341	0.1	-0.1	-3.42389
13064020	342	0.1	-0.1	-4.65976
13064020	343	0.1	-0.1	4.98454
13064020	344	0.1	-0.1	-1.87576
13064020	345	0.1	-0.1	0.363367
13064020	346	0.1	-0.1	-4.6468
13064020	347	0.1	-0.1	-1.53832
13064020	348	0.1	-0.1	-5.94285
13064020	349	0.1	-0.1	0.65227
13064020	350	0.1	-0.1	-5.82053
13064020	351	0.1	-0.1	-4.66936
13064020	352	0.1	-0.1	3.26098
13064020	353	0.1	-0.1	-2.18682
13064020	354	0.1	-0.1	-3.23941
13064020	355	0.1	-0.1	-4.96648
13064020	356	0.1	-0.1	1.00974
13064020	357	0.1	-0.1	5.12286
13064020	358	0.1	-0.1	3.08521
13064020	359	0.1	-0.1	4.35515
13064020	360	0.1	-0.1	3.4795
13064020	361	0.1	-0.1	-0.803606
13064020	362	0.1	-0.1	-3.77607
13064020	363	0.1	-0.1	-4.90739
13064020	364	0.1	-0.1	-3.84793
13064020	365	0.1	-0.1	-3.00424
13064020	366	0.1	-0.1	2.42503
13064020	367	0.1	-0.1	4.34199
13064020	368	0.1	-0.1	1.66223
13064020	369	0.1	-0.1	-1.72813
13064020	370	0.1	-0.1	3.45151
13064020	371	0.1	-0.1	2.64134
13064020	372	0.1	-0.1	2.29974
13064020	373	0.1	-0.1	-1.30327
13064020	374	0.1	-0.1	3.23959
13064020	375	0.1	-0.1	3.17809
13064020	376	0.1	-0.1	0.94651
13064020	377	0.1	-0.1	-3.23647
13064020	378	0.1	-0.1	-0.673067
13064020	379	0.1	-0.1	0.767404
13064020	380	0.1	-0.1	3.35577
13064020	381	0.1	-0.1	3.52951
13064020	382	0.1	-0.1	2.48612
13064020	383	0.1	-0.1	-1.47397
13064020	384	0.1	-0.1	2.76315
13064020	385	0.1	-0.1	-2.33888
13064020	386	0.1	-0.1	-4.82167
13064020	387	0.1	-0.1	5.09191
13064020	388	0.1	-0.1	0.783724
13064020	389	0.1	-0.1	0.599623
13064020	390	0.1	-0.1	-1.04891
13064020	391	0.1	-0.1	3.88552
13064020	392	0.1	-0.1	-4.67779
13064020	393	0.1	-0.1	-1.37525
13064020	394	0.1	-0.1	-3.95173
13064020	395	0.1	-0.1	2.26097
13064020	396	0.1	-0.1	-3.52184
13064020	397	0.1	-0.1	2.68306
13064020	398	0.1	-0.1	0.289325
13064020	399	0.1	-0.1	1.47304
13064020	400	0.1	-0.1	1.21468
13064020	401	0.1	-0.1	-4.79283
13064020	402	0.1	-0.1	2.33343
13064020	403	0.1	-0.1	1.72768
13064020	404	0.1	-0.1	1.40415
13064020	405	0.1	-0.1	-5.23617
13064020	406	0.1	-0.1	-3.83861
13064020	407	0.1	-0.1	4.07296
13064020	408	0.1	-0.1	2.32795
13064020	409	0.1	-0.1	2.45945
13064020	410	0.1	-0.1	-0.125223
13064020	411	0.1	-0.1	-1.78377
13064020	412	0.1	-0.1	-3.65144
13064020	413	0.1	-0.1	4.98996
13064020	414	0.1	-0.1	5.28286
13064020	415	0.1	-0.1	-4.16635
13064020	416	0.1	-0.1	-5.07245
13064020	417	0.1	-0.1	-3.32734
13064020	418	0.1	-0.1	5.85013
13064020	419	0.1	-0.1	4.7484
13064020	420	0.1	-0.1	-0.294931
13064020	421	0.1	-0.1	4.44484
13064020	422	0.1	-0.1	-0.0722827
13064020	423	0.1	-0.1	-1.78801
13064020	424	0.1	-0.1	-1.17241
13064020	425	0.1	-0.1	0.542664
13064020	426	0.1	-0.1	-3.23965
13064020	427	0.1	-0.1	-3.14372
13064020	428	0.1	-0.1	-1.78154
13064020	429	0.1	-0.1	2.88026
13064020	430	0.1	-0.1	0.815283
13064020	431	0.1	-0.1	-4.67832
13064020	432	0.1	-0.1	-0.925041
13064020	433	0.1	-0.1	0.2395
13064020	434	0.1	-0.1	3.7189
13064020	435	0.1	-0.1	4.3491
13064020	436	0.1	-0.1	-1.63305
13064020	437	0.1	-0.1	0.863256
13064020	438	0.1	-0.1	1.38788
13064020	439	0.1	-0.1	2.6905
13064020	440	0.1	-0.1	2.82075
13064020	441	0.1	-0.1	-3.94723
13064020	442	0.1	-0.1	1.50999
13064020	443	0.1	-0.1	-5.47304
13064020	444	0.1	-0.1	-4.86329
13064020	445	0.1	-0.1	-1.39851
13064020	446	0.1	-0.1	-3.15616
13064020	447	0.1	-0.1	1.83108
13064020	448	0.1	-0.1	0.0429523
13064020	449	0.1	-0.1	5.63452
13064020	450	0.1	-0.1	-3.58775
13064020	451	0.1	-0.1	-3.74019
13064020	452	0.1	-0.1	-1.1793
13064020	453	0.1	-0.1	5.0749
13064020	454	0.1	-0.1	-3.91972
13064020	455	0.1	-0.1	-4.33289
13064020	456	0.1	-0.1	2.72813
13064020	457	0.1	-0.1	-0.0696339
13064020	458	0.1	-0.1	1.16532
13064020	459	0.1	-0.1	5.26844
13064020	460	0.1	-0.1	1.82902
13064020	461	0.1	-0.1	5.72193
13064020	462	0.1	-0.1	-0.572888
13064020	463	0.1	-0.1	-3.18068
13064020	464	0.1	-0.1	3.23225
13064020	465	0.1	-0.1	-3.86315
13064020	466	0.1	-0.1	-0.0679602
13064020	467	0.1	-0.1	-4.21763
13064020	468	0.1	-0.1	2.76962
13064020	469	0.1	-0.1	-1.85988
13064020	470	0.1	-0.1	-4.30354
13064020	471	0.1	-0.1	5.85589
13064020	472	0.1	-0.1	-5.61802
13064020	473	0.1	-0.1	5.65833
13064020	474	0.1	-0.1	2.10475
13064020	475	0.1	-0.1	3.84795
13064020	476	0.1	-0.1	2.07511
13064020	477	0.1	-0.1	0.791597
13064020	478	0.1	-0.1	-2.14088
13064020	479	0.1	-0.1	-5.64619
13064020	480	0.1	-0.1	-2.43792
13064020	481	0.1	-0.1	0.112424
13064020	482	0.1	-0.1	0.217306
13064020	483	0.1	-0.1	2.67581
13064020	484	0.1	-0.1	-0.102149
13064020	485	0.1	-0.1	-0.489789
13064020	486	0.1	-0.1	5.46352
13064020	487	0.1	-0.1	2.3655
13064020	488	0.1	-0.1	1.75854
13064020	489	0.1	-0.1	-0.724046
13064020	490	0.1	-0.1	-0.433301
13064020	491	0.1	-0.1	-2.22155
13064020	492	0.1	-0.1	-5.68909
13064020	493	0.1	-0.1	-2.88924
13064020	494	0.1	-0.1	2.20556
13064020	495	0.1	-0.1	-1.17955
13064020	496	0.1	-0.1	1.94873
13064020	497	0.1	-0.1	-1.2911
13064020	498	0.1	-0.1	4.75219
13064020	499	0.1	-0.1	1.1308
13064020	500	0.1	-0.1	-2.49857
13064020	501	0.1	-0.1	0.178526
13064020	502	0.1	-0.1	-1.5469
13064020	503	0.1	-0.1	-0.355264
13064020	504	0.1	-0.1	-4.85204
13064020	505	0.1	-0.1	-5.15733
13064020	506	0.1	-0.1	-4.40997
13064020	507	0.1	-0.1	0.372234
13064020	508	0.1	-0.1	0.234416
13064020	509	0.1	-0.1	3.46198
13064020	510	0.1	-0.1	2.74085
13064020	511	0.1	-0.1	-5.11879
13064020	512	0.1	-0.1	-3.4603
13064020	513	0.1	-0.1	-2.27766
13064020	514	0.1	-0.1	-1.55181
13064020	515	0.1	-0.1	-5.88258
13064020	516	0.1	-0.1	5.9
13064020	517	0.1	-0.1	-2.59239
13064020	518	0.1	-0.1	-2.1673
13064020	519	0.1	-0.1	3.40848
13064020	520	0.1	-0.1	-5.86165
13064020	521	0.1	-0.1	5.8991
13064020	522	0.1	-0.1	2.98812
13064020	523	0.1	-0.1	-5.70791
13064020	524	0.1	-0.1	-5.94689
13064020	525	0.1	-0.1	-3.09143
13064020	526	0.1	-0.1	4.65329
13064020	527	0.1	-0.1	-2.29317
13064020	528	0.1	-0.1	-5.89084
13064020	529	0.1	-0.1	-4.76475
13064020	530	0.1	-0.1	-5.48218
13064020	531	0.1	-0.1	1.85599
13064020	532	0.1	-0.1	2.89203
13064020	533	0.1	-0.1	-3.65751
13064020	534	0.1	-0.1	-5.83107
13064020	535	0.1	-0.1	3.00047
13064020	536	0.1	-0.1	-2.3437
13064020	537	0.1	-0.1	-2.80407
13064020	538	0.1	-0.1	-4.99896
13064020	539	0.1	-0.1	2.04573
13064020	540	0.1	-0.1	2.76445
13064020	541	0.1	-0.1	-5.6144
13064020	542	0.1	-0.1	-3.93247
13064020	543	0.1	-0.1	1.11427
13064020	544	0.1	-0.1	2.53464
13064020	545	0.1	-0.1	0.798524
13064020	546	0.1	-0.1	3.86214
13064020	547	0.1	-0.1	1.25472
13064020	548	0.1	-0.1	1.20477
13064020	549	0.1	-0.1	2.84257
13064020	550	0.1	-0.1	3.8822
13064020	551	0.1	-0.1	-0.861657
13064020	552	0.1	-0.1	-5.25976
13064020	553	0.1	-0.1	5.11319
13064020	554	0.1	-0.1	-4.78054
13064020	555	0.1	-0.1	-5.34273
13064020	556	0.1	-0.1	-0.23
13064020	557	0.1	-0.1	-3.97952
13064020	558	0.1	-0.1	-2.0989
13064020	559	0.1	-0.1	0.155398
13064020	560	0.1	-0.1	-5.28112
13064020	561	0.1	-0.1	-1.27597
13064020	562	0.1	-0.1	-4.3789
13064020	563	0.1	-0.1	-3.10157
13064020	564	0.1	-0.1	-1.26943
13064020	565	0.1	-0.1	1.57344
13064020	566	0.1	-0.1	-5.61255
13064020	567	0.1	-0.1	-0.0852249
13064020	568	0.1	-0.1	2.76399
13064020	569	0.1	-0.1	2.28875
13064020	570	0.1	-0.1	-4.2762
13064020	571	0.1	-0.1	-5.90299
13064020	572	0.1	-0.1	-3.33192
13064020	573	0.1	-0.1	-1.1387
13064020	574	0.1	-0.1	-1.57433
13064020	575	0.1	-0.1	1.00366
13064020	576	0.1	-0.1	-3.50538
13064020	577	0.1	-0.1	-1.70067
13064020	578	0.1	-0.1	-2.4842
13064020	579	0.1	-0.1	3.00049
13064020	580	0.1	-0.1	-4.19841
13064020	581	0.1	-0.1	2.77215
13064020	582	0.1	-0.1	-0.262986
13064020	583	0.1	-0.1	-5.72308
13064020	584	0.1	-0.1	-3.47891
13064020	585	0.1	-0.1	5.6853
13064020	586	0.1	-0.1	-4.26412
13064020	587	0.1	-0.1	5.94778
13064020	588	0.1	-0.1	-2.11902
13064020	589	0.1	-0.1	0.860835
13064020	590	0.1	-0.1	4.65296
13064020	591	0.1	-0.1	-4.14737
13064020	592	0.1	-0.1	2.96738
13064020	593	0.1	-0.1	-3.69366
13064020	594	0.1	-0.1	-3.05537
13064020	595	0.1	-0.1	2.89209
13064020	596	0.1	-0.1	-1.38615
13064020	597	0.1	-0.1	-1.18064
13064020	598	0.1	-0.1	5.63633
13064020	599	0.1	-0.1	-1.6128
13064020	600	0.1	-0.1	-5.18631
13064020	601	0.1	-0.1	0.753356
13064020	602	0.1	-0.1	-2.07437
13064020	603	0.1	-0.1	-5.46821
13064020	604	0.1	-0.1	5.53174
13064020	605	0.1	-0.1	5.9156
13064020	606	0.1	-0.1	4.78266
13064020	607	0.1	-0.1	1.63029
13064020	608	0.1	-0.1	0.366929
13064020	609	0.1	-0.1	4.10041
13064020	610	0.1	-0.1	1.95666
13064020	611	0.1	-0.1	-4.05498
13064020	612	0.1	-0.1	-4.02427
13064020	613	0.1	-0.1	2.87348
13064020	614	0.1	-0.1	-4.72829
13064020	615	0.1	-0.1	-1.70066
13064020	616	0.1	-0.1	2.26493
13064020	617	0.1	-0.1	-0.916155
13064020	618	0.1	-0.1	3.46884
13064020	619	0.1	-0.1	4.89682
13064020	620	0.1	-0.1	2.70933
13064020	621	0.1	-0.1	0.384949
13064020	622	0.1	-0.1	-4.87414
13064020	623	0.1	-0.1	-1.95473
13064020	624	0.1	-0.1	-4.00785
13064020	625	0.1	-0.1	-0.235797
13064020	626	0.1	-0.1	-0.296341
13064020	627	0.1	-0.1	4.42526
13064020	628	0.1	-0.1	-0.821124
13064020	629	0.1	-0.1	-3.65506
13064020	630	0.1	-0.1	-1.07702
13064020	631	0.1	-0.1	-1.20345
13064020	632	0.1	-0.1	1.34316
13064020	633	0.1	-0.1	-4.3086
13064020	634	0.1	-0.1	-3.33964
13064020	635	0.1	-0.1	0.917932
13064020	636	0.1	-0.1	-3.54422
13064020	637	0.1	-0.1	-2.39468
13064020	638	0.1	-0.1	3.18654
13064020	639	0.1	-0.1	5.63198
13064020	640	0.1	-0.1	-3.52963
13064020	641	0.1	-0.1	-3.6602
13064020	642	0.1	-0.1	-3.00482
13064020	643	0.1	-0.1	-5.42886
13064020	644	0.1	-0.1	-2.19016
13064020	645	0.1	-0.1	1.54707
13064020	646	0.1	-0.1	1.33855
13064020	647	0.1	-0.1	-5.54975
13064020	648	0.1	-0.1	-0.720845
13064020	649	0.1	-0.1	-0.44873
13064020	650	0.1	-0.1	2.08362
13064020	651	0.1	-0.1	4.18492
13064020	652	0.1	-0.1	1.95524
13064020	653	0.1	-0.1	0.626033
13064020	654	0.1	-0.1	-0.507102
13064020	655	0.1	-0.1	-2.47825
13064020	656	0.1	-0.1	1.78608
13064020	657	0.1	-0.1	5.60011
13064020	658	0.1	-0.1	-4.70643
13064020	659	0.1	-0.1	4.85372
13064020	660	0.1	-0.1	-2.55443
13064020	661	0.1	-0.1	4.41411
13064020	662	0.1	-0.1	-4.3025
13064020	663	0.1	-0.1	-0.651452
13064020	664	0.1	-0.1	4.90136
13064020	665	0.1	-0.1	-1.74793
13064020	666	0.1	-0.1	-3.90086
13064020	667	0.1	-0.1	2.33466
13064020	668	0.1	-0.1	-1.13848
13064020	669	0.1	-0.1	0.457941
13064020	670	0.1	-0.1	0.59158
13064020	671	0.1	-0.1	1.87375
13064020	672	0.1	-0.1	-0.152691
13064020	673	0.1	-0.1	-5.69332
13064020	674	0.1	-0.1	1.2641
13064020	675	0.1	-0.1	5.7683
13064020	676	0.1	-0.1	1.60183
13064020	677	0.1	-0.1	2.72609
13064020	678	0.1	-0.1	-3.99188
13064020	679	0.1	-0.1	3.8405
13064020	680	0.1	-0.1	2.16721
13064020	681	0.1	-0.1	-2.22351
13064020	682	0.1	-0.1	-4.40555
13064020	683	0.1	-0.1	3.43828
13064020	684	0.1	-0.1	-4.20721
13064020	685	0.1	-0.1	-0.307296
13064020	686	0.1	-0.1	-0.054072
13064020	687	0.1	-0.1	-0.573945
13064020	688	0.1	-0.1	-0.810176
13064020	689	0.1	-0.1	2.02763
13064020	690	0.1	-0.1	0.649881
13064020	691	0.1	-0.1	-2.23302
13064020	692	0.1	-0.1	-0.926458
13064020	693	0.1	-0.1	-5.88077
13064020	694	0.1	-0.1	1.56115
13064020	695	0.1	-0.1	4.49549
13064020	696	0.1	-0.1	4.44558
13064020	697	0.1	-0.1	-0.63502
13064020	698	0.1	-0.1	1.60283
13064020	699	0.1	-0.1	3.97809
13064020	700	0.1	-0.1	5.03169
13064020	701	0.1	-0.1	-4.17694
13064020	702	0.1	-0.1	-3.22344
13064020	703	0.1	-0.1	-1.17918
13064020	704	0.1	-0.1	-0.138827
13064020	705	0.1	-0.1	2.83286
13064020	706	0.1	-0.1	-0.252891
13064020	707	0.1	-0.1	2.48673
13064020	708	0.1	-0.1	2.56257
13064020	709	0.1	-0.1	0.751826
13064020	710	0.1	-0.1	5.78476
13064020	711	0.1	-0.1	-1.4133
13064020	712	0.1	-0.1	0.0237016
13064020	713	0.1	-0.1	-2.11074
13064020	714	0.1	-0.1	-2.50717
13064020	715	0.1	-0.1	-4.8515
13064020	716	0.1	-0.1	-5.94602
13064020	717	0.1	-0.1	-4.23934
13064020	718	0.1	-0.1	-0.825462
13064020	719	0.1	-0.1	1.97061
13064020	720	0.1	-0.1	5.63689
13064020	721	0.1	-0.1	2.99944
13064020	722	0.1	-0.1	4.33014
13064020	723	0.1	-0.1	1.59942
13064020	724	0.1	-0.1	5.94721
13064020	725	0.1	-0.1	-2.19591
13064020	726	0.1	-0.1	0.315138
13064020	727	0.1	-0.1	-0.267098
13064020	728	0.1	-0.1	-1.74051
13064020	729	0.1	-0.1	5.28349
13064020	730	0.1	-0.1	-0.0180546
13064020	731	0.1	-0.1	0.0137058
13064020	732	0.1	-0.1	-1.23856
13064020	733	0.1	-0.1	-3.65701
13064020	734	0.1	-0.1	2.45356
13064020	735	0.1	-0.1	-5.21049
13064020	736	0.1	-0.1	5.53717
13064020	737	0.1	-0.1	1.40387
13064020	738	0.1	-0.1	1.10658
13064020	739	0.1	-0.1	-5.89325
13064020	740	0.1	-0.1	3.14916
13064020	741	0.1	-0.1	4.81718
13064020	742	0.1	-0.1	-3.45548
13064020	743	0.1	-0.1	-0.0825935
13064020	744	0.1	-0.1	-5.42045
13064020	745	0.1	-0.1	-5.41622
13064020	746	0.1	-0.1	5.50284
13064020	747	0.1	-0.1	2.65432
13064020	748	0.1	-0.1	3.05786
13064020	749	0.1	-0.1	-5.12387
13064020	750	0.1	-0.1	-5.13168
13064020	751	0.1	-0.1	-1.90527
13064020	752	0.1	-0.1	4.18036
13064020	753	0.1	-0.1	4.55467
13064020	754	0.1	-0.1	1.17594
13064020	755	0.1	-0.1	0.0438838
13064020	756	0.1	-0.1	-5.35511
13064020	757	0.1	-0.1	2.29993
13064020	758	0.1	-0.1	-1.48705
13064020	759	0.1	-0.1	-2.47896
13064020	760	0.1	-0.1	1.31992
13064020	761	0.1	-0.1	5.70698
13064020	762	0.1	-0.1	2.19018
13064020	763	0.1	-0.1	-0.0298008
13064020	764	0.1	-0.1	4.21112
13064020	765	0.1	-0.1	-3.51536
13064020	766	0.1	-0.1	-2.60235
13064020	767	0.1	-0.1	0.534745
13064020	768	0.1	-0.1	3.20488
13064020	769	0.1	-0.1	0.401119
13064020	770	0.1	-0.1	-2.35306
13064020	771	0.1	-0.1	-3.47095
13064020	772	0.1	-0.1	2.68252
13064020	773	0.1	-0.1	0.820315
13064020	774	0.1	-0.1	5.55204
13064020	775	0.1	-0.1	2.72967
13064020	776	0.1	-0.1	-4.80042
13064020	777	0.1	-0.1	-3.34998
13064020	778	0.1	-0.1	-1.50875
13064020	779	0.1	-0.1	-5.17835
13064020	780	0.1	-0.1	-3.57435
13064020	781	0.1	-0.1	0.576004
13064020	782	0.1	-0.1	-0.813967
13064020	783	0.1	-0.1	3.93831
13064020	784	0.1	-0.1	-4.89148
13064020	785	0.1	-0.1	1.22461
13064020	786	0.1	-0.1	2.91618
13064020	787	0.1	-0.1	-4.16951
13064020	788	0.1	-0.1	-1.43117
13064020	789	0.1	-0.1	0.153405
13064020	790	0.1	-0.1	2.73387
13064020	791	0.1	-0.1	-5.82373
13064020	792	0.1	-0.1	-4.98948
13064020	793	0.1	-0.1	-3.94896
13064020	794	0.1	-0.1	0.362173
13064020	795	0.1	-0.1	-4.32374
13064020	796	0.1	-0.1	5.00334
13064020	797	0.1	-0.1	-0.879607
13064020	798	0.1	-0.1	0.512604
13064020	799	0.1	-0.1	-1.90227
13064020	800	0.1	-0.1	-2.19776
13064020	801	0.1	-0.1	-5.57076
13064020	802	0.1	-0.1	0.532411
13064020	803	0.1	-0.1	0.149917
13064020	804	0.1	-0.1	-3.37444
13064020	805	0.1	-0.1	-3.57613
13064020	806	0.1	-0.1	-5.5017
13064020	807	0.1	-0.1	5.84526
13064020	808	0.1	-0.1	-4.83642
13064020	809	0.1	-0.1	1.41059
13064020	810	0.1	-0.1	-5.36974
13064020	811	0.1	-0.1	0.417601
13064020	812	0.1	-0.1	0.771458
13064020	813	0.1	-0.1	-4.95151
13064020	814	0.1	-0.1	3.33795
13064020	815	0.1	-0.1	-5.07477
13064020	816	0.1	-0.1	2.33576
13064020	817	0.1	-0.1	3.11525
13064020	818	0.1	-0.1	-1.00204
13064020	819	0.1	-0.1	4.09617
13064020	820	0.1	-0.1	5.78799
13064020	821	0.1	-0.1	3.17533
13064020	822	0.1	-0.1	-1.19963
13064020	823	0.1	-0.1	4.35336
13064020	824	0.1	-0.1	1.23708
13064020	825	0.1	-0.1	1.8476
13064020	826	0.1	-0.1	-3.52731
13064020	827	0.1	-0.1	-1.93395
13064020	828	0.1	-0.1	3.89032
13064020	829	0.1	-0.1	5.36008
13064020	830	0.1	-0.1	3.43579
13064020	831	0.1	-0.1	-4.68791
13064020	832	0.1	-0.1	0.345355
13064020	833	0.1	-0.1	3.56517
13064020	834	0.1	-0.1	3.63408
13064020	835	0.1	-0.1	-0.736223
13064020	836	0.1	-0.1	-2.42036
13064020	837	0.1	-0.1	-1.8153
13064020	838	0.1	-0.1	1.49868
13064020	839	0.1	-0.1	0.108897
13064020	840	0.1	-0.1	1.61171
13064020	841	0.1	-0.1	1.99895
13064020	842	0.1	-0.1	-5.82357
13064020	843	0.1	-0.1	-0.407922
13064020	844	0.1	-0.1	0.104574
13064020	845	0.1	-0.1	-5.61915
13064020	846	0.1	-0.1	2.5116
13064020	847	0.1	-0.1	-2.31827
13064020	848	0.1	-0.1	-2.1381
13064020	849	0.1	-0.1	3.07741
13064020	850	0.1	-0.1	-4.75356
13064020	851	0.1	-0.1	-1.05628
13064020	852	0.1	-0.1	-3.17991
13064020	853	0.1	-0.1	0.802262
13064020	854	0.1	-0.1	-1.10299
13064020	855	0.1	-0.1	-4.49683
13064020	856	0.1	-0.1	-5.69687
13064020	857	0.1	-0.1	0.592493
13064020	858	0.1	-0.1	-2.77142
13064020	859	0.1	-0.1	3.39837
13064020	860	0.1	-0.1	-5.95734
13064020	861	0.1	-0.1	4.03966
13064020	862	0.1	-0.1	4.83896
13064020	863	0.1	-0.1	-5.42228
13064020	864	0.1	-0.1	1.82171
13064020	865	0.1	-0.1	-0.6949
13064020	866	0.1	-0.1	2.69728
13064020	867	0.1	-0.1	5.06491
13064020	868	0.1	-0.1	-3.22655
13064020	869	0.1	-0.1	-0.984828
13064020	870	0.1	-0.1	0.60808
13064020	871	0.1	-0.1	4.98459
13064020	872	0.1	-0.1	1.24429
13064020	873	0.1	-0.1	-3.48493
13064020	874	0.1	-0.1	-3.34318
13064020	875	0.1	-0.1	-0.506246
13064020	876	0.1	-0.1	-2.58491
13064020	877	0.1	-0.1	-2.47849
13064020	878	0.1	-0.1	3.05778
13064020	879	0.1	-0.1	3.93569
13064020	880	0.1	-0.1	5.92873
13064020	881	0.1	-0.1	3.2862
13064020	882	0.1	-0.1	3.17354
13064020	883	0.1	-0.1	-5.09604
13064020	884	0.1	-0.1	-1.56629
13064020	885	0.1	-0.1	4.25883
13064020	886	0.1	-0.1	-5.79427
13064020	887	0.1	-0.1	2.65268
13064020	888	0.1	-0.1	3.53284
13064020	889	0.1	-0.1	0.95565
13064020	890	0.1	-0.1	-3.21443
13064020	891	0.1	-0.1	-5.27479
13064020	892	0.1	-0.1	1.0922
13064020	893	0.1	-0.1	-2.33457
13064020	894	0.1	-0.1	-4.40832
13064020	895	0.1	-0.1	0.209323
13064020	896	0.1	-0.1	-1.05344
13064020	897	0.1	-0.1	4.50062
13064020	898	0.1	-0.1	-4.36164
13064020	899	0.1	-0.1	5.83642
13064020	900	0.1	-0.1	-0.157093
13064020	901	0.1	-0.1	5.3239
13064020	902	0.1	-0.1	5.27245
13064020	903	0.1	-0.1	3.34092
13064020	904	0.1	-0.1	1.42213
13064020	905	0.1	-0.1	-2.48783
13064020	906	0.1	-0.1	4.96417
13064020	907	0.1	-0.1	-4.82206
13064020	908	0.1	-0.1	-1.26218
13064020	909	0.1	-0.1	2.43674
13064020	910	0.1	-0.1	2.34769
13064020	911	0.1	-0.1	2.83184
13064020	912	0.1	-0.1	-1.57089
13064020	913	0.1	-0.1	-1.38653
13064020	914	0.1	-0.1	-3.78315
13064020	915	0.1	-0.1	-2.24207
13064020	916	0.1	-0.1	-0.270865
13064020	917	0.1	-0.1	4.63646
13064020	918	0.1	-0.1	-0.816616
13064020	919	0.1	-0.1	2.49695
13064020	920	0.1	-0.1	3.82494
13064020	921	0.1	-0.1	2.15098
13064020	922	0.1	-0.1	-3.93923
13064020	923	0.1	-0.1	5.46579
13064020	924	0.1	-0.1	-2.84107
13064020	925	0.1	-0.1	4.06009
13064020	926	0.1	-0.1	-0.0670267
13064020	927	0.1	-0.1	-3.60534
13064020	928	0.1	-0.1	-3.68031
13064020	929	0.1	-0.1	-1.75406
13064020	930	0.1	-0.1	0.641811
13064020	931	0.1	-0.1	-0.0863839
13064020	932	0.1	-0.1	-3.79569
13064020	933	0.1	-0.1	-3.95453
13064020	934	0.1	-0.1	1.13371
13064020	935	0.1	-0.1	5.17551
13064020	936	0.1	-0.1	-4.51246
13064020	937	0.1	-0.1	4.63591
13064020	938	0.1	-0.1	-5.01262
13064020	939	0.1	-0.1	2.64265
13064020	940	0.1	-0.1	-3.61022
13064020	941	0.1	-0.1	1.4728
13064020	942	0.1	-0.1	-5.43435
13064020	943	0.1	-0.1	1.10107
13064020	944	0.1	-0.1	4.41944
13064020	945	0.1	-0.1	3.25877
13064020	946	0.1	-0.1	4.0041
13064020	947	0.1	-0.1	3.4076
13064020	948	0.1	-0.1	5.9852
13064020	949	0.1	-0.1	-1.97887
13064020	950	0.1	-0.1	4.50115
13064020	951	0.1	-0.1	3.48751
13064020	952	0.1	-0.1	2.49866
13064020	953	0.1	-0.1	4.93504
13064020	954	0.1	-0.1	0.986193
13064020	955	0.1	-0.1	3.917
13064020	956	0.1	-0.1	-3.05948
13064020	957	0.1	-0.1	5.40321
13064020	958	0.1	-0.1	5.02439
13064020	959	0.1	-0.1	-4.22074
13064020	960	0.1	-0.1	-4.26941
13064020	961	0.1	-0.1	5.74251
13064020	962	0.1	-0.1	1.76609
13064020	963	0.1	-0.1	-1.05957
13064020	964	0.1	-0.1	-1.69676
13064020	965	0.1	-0.1	5.68116
13064020	966	0.1	-0.1	-0.516403
13064020	967	0.1	-0.1	5.62185
13064020	968	0.1	-0.1	-1.59817
13064020	969	0.1	-0.1	-0.81715
13064020	970	0.1	-0.1	2.92198
13064020	971	0.1	-0.1	0.950629
13064020	972	0.1	-0.1	3.23677
13064020	973	0.1	-0.1	-2.15586
13064020	974	0.1	-0.1	-1.74071
13064020	975	0.1	-0.1	-0.264203
13064020	976	0.1	-0.1	3.99375
13064020	977	0.1	-0.1	1.50365
13064020	978	0.1	-0.1	-2.08949
13064020	979	0.1	-0.1	2.2506
13064020	980	0.1	-0.1	-0.84556
13064020	981	0.1	-0.1	5.13843
13064020	982	0.1	-0.1	1.02202
13064020	983	0.1	-0.1	0.580806
13064020	984	0.1	-0.1	1.10964
13064020	985	0.1	-0.1	1.99737
13064020	986	0.1	-0.1	4.73717
13064020	987	0.1	-0.1	0.686495
13064020	988	0.1	-0.1	-1.79333
13064020	989	0.1	-0.1	-5.07627
13064020	990	0.1	-0.1	-3.86602
13064020	991	0.1	-0.1	-2.65858
13064020	992	0.1	-0.1	-5.25681
13064020	993	0.1	-0.1	3.62251
13064020	994	0.1	-0.1	-3.72635
13064020	995	0.1	-0.1	-1.97944
13064020	996	0.1	-0.1	3.75637
13064020	997	0.1	-0.1	2.65699
13064020	998	0.1	-0.1	3.01788
13064020	999	0.1	-0.1	0.817187
13064020	1000	0.1	-0.1	-2.00468
