13069018	1	0.1	-0.1	4.14856
13069018	2	0.1	-0.1	2.09769
13069018	3	0.1	-0.1	0.230993
13069018	4	0.1	-0.1	5.94662
13069018	5	0.1	-0.1	0.745087
13069018	6	0.1	-0.1	2.92007
13069018	7	0.1	-0.1	3.90593
13069018	8	0.1	-0.1	-1.55042
13069018	9	0.1	-0.1	-1.26583
13069018	10	0.1	-0.1	-4.73735
13069018	11	0.1	-0.1	5.14183
13069018	12	0.1	-0.1	-1.46192
13069018	13	0.1	-0.1	2.9122
13069018	14	0.1	-0.1	1.58437
13069018	15	0.1	-0.1	5.99041
13069018	16	0.1	-0.1	-4.29894
13069018	17	0.1	-0.1	3.69249
13069018	18	0.1	-0.1	5.27738
13069018	19	0.1	-0.1	-4.04616
13069018	20	0.1	-0.1	-3.72006
13069018	21	0.1	-0.1	-4.8035
13069018	22	0.1	-0.1	-5.08795
13069018	23	0.1	-0.1	-5.2435
13069018	24	0.1	-0.1	-2.4573
13069018	25	0.1	-0.1	3.84762
13069018	26	0.1	-0.1	-5.30979
13069018	27	0.1	-0.1	4.19117
13069018	28	0.1	-0.1	4.14684
13069018	29	0.1	-0.1	4.72841
13069018	30	0.1	-0.1	1.50229
13069018	31	0.1	-0.1	-3.06248
13069018	32	0.1	-0.1	5.27087
13069018	33	0.1	-0.1	1.63132
13069018	34	0.1	-0.1	0.0729881
13069018	35	0.1	-0.1	3.4195
13069018	36	0.1	-0.1	-4.94541
13069018	37	0.1	-0.1	-5.51413
13069018	38	0.1	-0.1	-5.35654
13069018	39	0.1	-0.1	5.45974
13069018	40	0.1	-0.1	-0.941273
13069018	41	0.1	-0.1	2.57727
13069018	42	0.1	-0.1	-5.4788
13069018	43	0.1	-0.1	1.43189
13069018	44	0.1	-0.1	-3.10332
13069018	45	0.1	-0.1	-2.48656
13069018	46	0.1	-0.1	-4.37712
13069018	47	0.1	-0.1	-1.11059
13069018	48	0.1	-0.1	3.94124
13069018	49	0.1	-0.1	4.71704
13069018	50	0.1	-0.1	-1.00349
13069018	51	0.1	-0.1	-3.01192
13069018	52	0.1	-0.1	-5.90341
13069018	53	0.1	-0.1	5.92242
13069018	54	0.1	-0.1	0.462805
13069018	55	0.1	-0.1	3.70074
13069018	56	0.1	-0.1	5.51995
13069018	57	0.1	-0.1	-4.37726
13069018	58	0.1	-0.1	5.27452
13069018	59	0.1	-0.1	4.13955
13069018	60	0.1	-0.1	-0.823038
13069018	61	0.1	-0.1	-1.10076
13069018	62	0.1	-0.1	-5.22293
13069018	63	0.1	-0.1	0.729418
13069018	64	0.1	-0.1	4.80639
13069018	65	0.1	-0.1	-1.05895
13069018	66	0.1	-0.1	3.3638
13069018	67	0.1	-0.1	5.60001
13069018	68	0.1	-0.1	-5.92031
13069018	69	0.1	-0.1	-0.943257
13069018	70	0.1	-0.1	3.28919
13069018	71	0.1	-0.1	-3.17088
13069018	72	0.1	-0.1	0.71697
13069018	73	0.1	-0.1	1.82457
13069018	74	0.1	-0.1	5.61226
13069018	75	0.1	-0.1	-3.46136
13069018	76	0.1	-0.1	-0.481792
13069018	77	0.1	-0.1	-5.23993
13069018	78	0.1	-0.1	0.363355
13069018	79	0.1	-0.1	-1.06662
13069018	80	0.1	-0.1	3.50578
13069018	81	0.1	-0.1	-4.73063
13069018	82	0.1	-0.1	5.13193
13069018	83	0.1	-0.1	-1.03284
13069018	84	0.1	-0.1	-1.27371
13069018	85	0.1	-0.1	1.96879
13069018	86	0.1	-0.1	-5.56055
13069018	87	0.1	-0.1	4.33846
13069018	88	0.1	-0.1	-3.58445
13069018	89	0.1	-0.1	-1.00396
13069018	90	0.1	-0.1	-5.18619
13069018	91	0.1	-0.1	0.674512
13069018	92	0.1	-0.1	-5.99054
13069018	93	0.1	-0.1	-1.08223
13069018	94	0.1	-0.1	3.08198
13069018	95	0.1	-0.1	-0.651475
13069018	96	0.1	-0.1	-4.64321
13069018	97	0.1	-0.1	-5.76602
13069018	98	0.1	-0.1	-2.86773
13069018	99	0.1	-0.1	0.360014
13069018	100	0.1	-0.1	-5.04937
13069018	101	0.1	-0.1	4.64032
13069018	102	0.1	-0.1	-4.27584
13069018	103	0.1	-0.1	3.6518
13069018	104	0.1	-0.1	1.74652
13069018	105	0.1	-0.1	-4.74667
13069018	106	0.1	-0.1	-0.182593
13069018	107	0.1	-0.1	-2.17239
13069018	108	0.1	-0.1	0.665396
13069018	109	0.1	-0.1	-2.49786
13069018	110	0.1	-0.1	-0.87534
13069018	111	0.1	-0.1	-2.20831
13069018	112	0.1	-0.1	4.63229
13069018	113	0.1	-0.1	0.163886
13069018	114	0.1	-0.1	3.95769
13069018	115	0.1	-0.1	-1.11905
13069018	116	0.1	-0.1	-4.94265
13069018	117	0.1	-0.1	-4.83018
13069018	118	0.1	-0.1	1.89569
13069018	119	0.1	-0.1	-5.78863
13069018	120	0.1	-0.1	4.05527
13069018	121	0.1	-0.1	1.49459
13069018	122	0.1	-0.1	3.74477
13069018	123	0.1	-0.1	-1.5272
13069018	124	0.1	-0.1	0.488749
13069018	125	0.1	-0.1	1.92494
13069018	126	0.1	-0.1	-0.73274
13069018	127	0.1	-0.1	-5.93879
13069018	128	0.1	-0.1	4.44043
13069018	129	0.1	-0.1	-5.7709
13069018	130	0.1	-0.1	5.13337
13069018	131	0.1	-0.1	-4.80591
13069018	132	0.1	-0.1	-2.21402
13069018	133	0.1	-0.1	-2.37106
13069018	134	0.1	-0.1	2.62424
13069018	135	0.1	-0.1	3.21234
13069018	136	0.1	-0.1	-3.2683
13069018	137	0.1	-0.1	0.950197
13069018	138	0.1	-0.1	0.148945
13069018	139	0.1	-0.1	-5.42498
13069018	140	0.1	-0.1	-5.71884
13069018	141	0.1	-0.1	-2.8467
13069018	142	0.1	-0.1	1.44437
13069018	143	0.1	-0.1	1.29454
13069018	144	0.1	-0.1	-1.36321
13069018	145	0.1	-0.1	3.68122
13069018	146	0.1	-0.1	-4.31749
13069018	147	0.1	-0.1	4.42818
13069018	148	0.1	-0.1	-4.67747
13069018	149	0.1	-0.1	1.38932
13069018	150	0.1	-0.1	-5.70894
13069018	151	0.1	-0.1	-1.63444
13069018	152	0.1	-0.1	-5.79868
13069018	153	0.1	-0.1	1.82985
13069018	154	0.1	-0.1	0.411842
13069018	155	0.1	-0.1	-3.26507
13069018	156	0.1	-0.1	-3.20894
13069018	157	0.1	-0.1	-0.650739
13069018	158	0.1	-0.1	5.1699
13069018	159	0.1	-0.1	-4.51563
13069018	160	0.1	-0.1	-3.11301
13069018	161	0.1	-0.1	5.1534
13069018	162	0.1	-0.1	-1.68165
13069018	163	0.1	-0.1	1.95479
13069018	164	0.1	-0.1	-1.67985
13069018	165	0.1	-0.1	1.1618
13069018	166	0.1	-0.1	-0.0634732
13069018	167	0.1	-0.1	2.34527
13069018	168	0.1	-0.1	4.87905
13069018	169	0.1	-0.1	-3.11894
13069018	170	0.1	-0.1	3.98462
13069018	171	0.1	-0.1	-2.53753
13069018	172	0.1	-0.1	-2.92272
13069018	173	0.1	-0.1	-3.41417
13069018	174	0.1	-0.1	-4.8816
13069018	175	0.1	-0.1	1.5843
13069018	176	0.1	-0.1	-2.39702
13069018	177	0.1	-0.1	-1.09639
13069018	178	0.1	-0.1	0.714483
13069018	179	0.1	-0.1	-5.26859
13069018	180	0.1	-0.1	-3.73572
13069018	181	0.1	-0.1	-4.45429
13069018	182	0.1	-0.1	-3.77797
13069018	183	0.1	-0.1	-0.398082
13069018	184	0.1	-0.1	0.581705
13069018	185	0.1	-0.1	-5.57329
13069018	186	0.1	-0.1	3.36533
13069018	187	0.1	-0.1	2.57791
13069018	188	0.1	-0.1	4.50389
13069018	189	0.1	-0.1	-0.00113571
13069018	190	0.1	-0.1	1.63103
13069018	191	0.1	-0.1	4.38093
13069018	192	0.1	-0.1	3.44049
13069018	193	0.1	-0.1	-1.12729
13069018	194	0.1	-0.1	3.0855
13069018	195	0.1	-0.1	-3.69061
13069018	196	0.1	-0.1	1.71942
13069018	197	0.1	-0.1	1.10898
13069018	198	0.1	-0.1	-2.56969
13069018	199	0.1	-0.1	3.08798
13069018	200	0.1	-0.1	-3.14354
13069018	201	0.1	-0.1	-0.924035
13069018	202	0.1	-0.1	-4.86946
13069018	203	0.1	-0.1	2.00039
13069018	204	0.1	-0.1	3.63143
13069018	205	0.1	-0.1	3.72002
13069018	206	0.1	-0.1	0.100683
13069018	207	0.1	-0.1	1.37951
13069018	208	0.1	-0.1	4.4602
13069018	209	0.1	-0.1	-3.30606
13069018	210	0.1	-0.1	-2.70171
13069018	211	0.1	-0.1	1.33216
13069018	212	0.1	-0.1	-0.771976
13069018	213	0.1	-0.1	3.96975
13069018	214	0.1	-0.1	-2.3
13069018	215	0.1	-0.1	-0.246818
13069018	216	0.1	-0.1	4.93443
13069018	217	0.1	-0.1	2.05256
13069018	218	0.1	-0.1	-1.57056
13069018	219	0.1	-0.1	2.7389
13069018	220	0.1	-0.1	-1.12479
13069018	221	0.1	-0.1	0.28561
13069018	222	0.1	-0.1	1.18243
13069018	223	0.1	-0.1	5.54561
13069018	224	0.1	-0.1	0.0285879
13069018	225	0.1	-0.1	-2.85836
13069018	226	0.1	-0.1	-4.32454
13069018	227	0.1	-0.1	-3.38403
13069018	228	0.1	-0.1	-3.93064
13069018	229	0.1	-0.1	3.06948
13069018	230	0.1	-0.1	2.19014
13069018	231	0.1	-0.1	-4.40288
13069018	232	0.1	-0.1	-0.502164
13069018	233	0.1	-0.1	0.0798206
13069018	234	0.1	-0.1	3.95987
13069018	235	0.1	-0.1	-0.733876
13069018	236	0.1	-0.1	-4.54262
13069018	237	0.1	-0.1	2.68781
13069018	238	0.1	-0.1	-0.123376
13069018	239	0.1	-0.1	-2.8287
13069018	240	0.1	-0.1	-5.69811
13069018	241	0.1	-0.1	4.79913
13069018	242	0.1	-0.1	0.847541
13069018	243	0.1	-0.1	-4.35957
13069018	244	0.1	-0.1	-2.22573
13069018	245	0.1	-0.1	-0.557438
13069018	246	0.1	-0.1	3.00281
13069018	247	0.1	-0.1	3.79919
13069018	248	0.1	-0.1	-4.14453
13069018	249	0.1	-0.1	-2.09498
13069018	250	0.1	-0.1	-3.71838
13069018	251	0.1	-0.1	-4.89191
13069018	252	0.1	-0.1	3.33297
13069018	253	0.1	-0.1	-0.534631
13069018	254	0.1	-0.1	-2.92935
13069018	255	0.1	-0.1	2.25371
13069018	256	0.1	-0.1	2.1072
13069018	257	0.1	-0.1	-4.79393
13069018	258	0.1	-0.1	-2.24102
13069018	259	0.1	-0.1	1.39131
13069018	260	0.1	-0.1	1.01195
13069018	261	0.1	-0.1	1.56372
13069018	262	0.1	-0.1	-4.70399
13069018	263	0.1	-0.1	-1.31005
13069018	264	0.1	-0.1	-0.461932
13069018	265	0.1	-0.1	0.894097
13069018	266	0.1	-0.1	-3.15683
13069018	267	0.1	-0.1	5.73951
13069018	268	0.1	-0.1	5.61969
13069018	269	0.1	-0.1	-1.27534
13069018	270	0.1	-0.1	-3.00476
13069018	271	0.1	-0.1	-5.03116
13069018	272	0.1	-0.1	-5.28676
13069018	273	0.1	-0.1	1.42592
13069018	274	0.1	-0.1	-4.0435
13069018	275	0.1	-0.1	4.6735
13069018	276	0.1	-0.1	-3.87448
13069018	277	0.1	-0.1	-0.278388
13069018	278	0.1	-0.1	5.91176
13069018	279	0.1	-0.1	-0.226776
13069018	280	0.1	-0.1	2.50767
13069018	281	0.1	-0.1	3.26482
13069018	282	0.1	-0.1	-2.7334
13069018	283	0.1	-0.1	3.01897
13069018	284	0.1	-0.1	-3.00899
13069018	285	0.1	-0.1	3.61356
13069018	286	0.1	-0.1	5.10509
13069018	287	0.1	-0.1	3.85151
13069018	288	0.1	-0.1	-0.376347
13069018	289	0.1	-0.1	-2.85824
13069018	290	0.1	-0.1	-5.60336
13069018	291	0.1	-0.1	5.35323
13069018	292	0.1	-0.1	-4.47362
13069018	293	0.1	-0.1	-0.854827
13069018	294	0.1	-0.1	5.84925
13069018	295	0.1	-0.1	-4.72064
13069018	296	0.1	-0.1	-0.069838
13069018	297	0.1	-0.1	-5.83709
13069018	298	0.1	-0.1	-5.28573
13069018	299	0.1	-0.1	2.64307
13069018	300	0.1	-0.1	-1.38581
13069018	301	0.1	-0.1	-4.86165
13069018	302	0.1	-0.1	-1.73752
13069018	303	0.1	-0.1	4.79112
13069018	304	0.1	-0.1	2.60012
13069018	305	0.1	-0.1	1.33518
13069018	306	0.1	-0.1	-4.98845
13069018	307	0.1	-0.1	5.19964
13069018	308	0.1	-0.1	-0.0363881
13069018	309	0.1	-0.1	-2.10515
13069018	310	0.1	-0.1	-1.51831
13069018	311	0.1	-0.1	5.32949
13069018	312	0.1	-0.1	3.70641
13069018	313	0.1	-0.1	3.12426
13069018	314	0.1	-0.1	1.38215
13069018	315	0.1	-0.1	1.52135
13069018	316	0.1	-0.1	0.957725
13069018	317	0.1	-0.1	-5.94207
13069018	318	0.1	-0.1	-3.07005
13069018	319	0.1	-0.1	3.43164
13069018	320	0.1	-0.1	0.374673
13069018	321	0.1	-0.1	0.537856
13069018	322	0.1	-0.1	-5.93823
13069018	323	0.1	-0.1	0.739595
13069018	324	0.1	-0.1	3.76025
13069018	325	0.1	-0.1	-1.7965
13069018	326	0.1	-0.1	-3.18377
13069018	327	0.1	-0.1	4.31965
13069018	328	0.1	-0.1	5.86648
13069018	329	0.1	-0.1	4.58989
13069018	330	0.1	-0.1	3.63592
13069018	331	0.1	-0.1	1.01624
13069018	332	0.1	-0.1	-0.422191
13069018	333	0.1	-0.1	-1.75824
13069018	334	0.1	-0.1	2.62076
13069018	335	0.1	-0.1	-0.443468
13069018	336	0.1	-0.1	-0.748226
13069018	337	0.1	-0.1	0.662324
13069018	338	0.1	-0.1	-1.29381
13069018	339	0.1	-0.1	0.281422
13069018	340	0.1	-0.1	5.31431
13069018	341	0.1	-0.1	-1.04473
13069018	342	0.1	-0.1	4.17157
13069018	343	0.1	-0.1	3.57399
13069018	344	0.1	-0.1	5.24105
13069018	345	0.1	-0.1	1.05571
13069018	346	0.1	-0.1	-0.558131
13069018	347	0.1	-0.1	-5.99386
13069018	348	0.1	-0.1	3.19298
13069018	349	0.1	-0.1	0.00370209
13069018	350	0.1	-0.1	0.117792
13069018	351	0.1	-0.1	-3.01025
13069018	352	0.1	-0.1	2.29809
13069018	353	0.1	-0.1	-2.51701
13069018	354	0.1	-0.1	-3.06975
13069018	355	0.1	-0.1	4.26098
13069018	356	0.1	-0.1	5.64183
13069018	357	0.1	-0.1	5.82822
13069018	358	0.1	-0.1	3.2428
13069018	359	0.1	-0.1	-0.315388
13069018	360	0.1	-0.1	-0.0224749
13069018	361	0.1	-0.1	0.0841427
13069018	362	0.1	-0.1	4.47641
13069018	363	0.1	-0.1	-5.91628
13069018	364	0.1	-0.1	-2.05447
13069018	365	0.1	-0.1	3.45734
13069018	366	0.1	-0.1	-2.28323
13069018	367	0.1	-0.1	4.14491
13069018	368	0.1	-0.1	5.83853
13069018	369	0.1	-0.1	5.44559
13069018	370	0.1	-0.1	0.599117
13069018	371	0.1	-0.1	4.35894
13069018	372	0.1	-0.1	5.70073
13069018	373	0.1	-0.1	4.75071
13069018	374	0.1	-0.1	0.237128
13069018	375	0.1	-0.1	-0.0792354
13069018	376	0.1	-0.1	3.55942
13069018	377	0.1	-0.1	-3.21422
13069018	378	0.1	-0.1	-4.70842
13069018	379	0.1	-0.1	-3.93205
13069018	380	0.1	-0.1	5.33265
13069018	381	0.1	-0.1	-1.41928
13069018	382	0.1	-0.1	3.93218
13069018	383	0.1	-0.1	0.471169
13069018	384	0.1	-0.1	-3.42058
13069018	385	0.1	-0.1	-3.57973
13069018	386	0.1	-0.1	5.97131
13069018	387	0.1	-0.1	-0.845099
13069018	388	0.1	-0.1	1.1636
13069018	389	0.1	-0.1	0.0504002
13069018	390	0.1	-0.1	-0.309983
13069018	391	0.1	-0.1	1.03456
13069018	392	0.1	-0.1	-4.10924
13069018	393	0.1	-0.1	2.12861
13069018	394	0.1	-0.1	4.14685
13069018	395	0.1	-0.1	2.44019
13069018	396	0.1	-0.1	4.13375
13069018	397	0.1	-0.1	5.70785
13069018	398	0.1	-0.1	-3.10701
13069018	399	0.1	-0.1	-5.37422
13069018	400	0.1	-0.1	-1.74409
13069018	401	0.1	-0.1	5.6849
13069018	402	0.1	-0.1	3.55621
13069018	403	0.1	-0.1	-3.80387
13069018	404	0.1	-0.1	2.18157
13069018	405	0.1	-0.1	5.28937
13069018	406	0.1	-0.1	-2.71825
13069018	407	0.1	-0.1	0.32811
13069018	408	0.1	-0.1	2.03992
13069018	409	0.1	-0.1	4.44094
13069018	410	0.1	-0.1	3.4606
13069018	411	0.1	-0.1	4.54023
13069018	412	0.1	-0.1	1.02024
13069018	413	0.1	-0.1	1.70442
13069018	414	0.1	-0.1	2.9295
13069018	415	0.1	-0.1	4.97414
13069018	416	0.1	-0.1	-2.36805
13069018	417	0.1	-0.1	0.692268
13069018	418	0.1	-0.1	4.98773
13069018	419	0.1	-0.1	-4.52882
13069018	420	0.1	-0.1	5.61523
13069018	421	0.1	-0.1	0.616873
13069018	422	0.1	-0.1	-1.33403
13069018	423	0.1	-0.1	1.36057
13069018	424	0.1	-0.1	4.66723
13069018	425	0.1	-0.1	1.7355
13069018	426	0.1	-0.1	0.521012
13069018	427	0.1	-0.1	-5.38508
13069018	428	0.1	-0.1	4.22335
13069018	429	0.1	-0.1	2.45216
13069018	430	0.1	-0.1	-4.99349
13069018	431	0.1	-0.1	3.81284
13069018	432	0.1	-0.1	5.94897
13069018	433	0.1	-0.1	1.89468
13069018	434	0.1	-0.1	-4.99503
13069018	435	0.1	-0.1	0.021365
13069018	436	0.1	-0.1	-1.10563
13069018	437	0.1	-0.1	-2.26424
13069018	438	0.1	-0.1	3.19737
13069018	439	0.1	-0.1	3.87861
13069018	440	0.1	-0.1	-2.60541
13069018	441	0.1	-0.1	5.01538
13069018	442	0.1	-0.1	-3.13245
13069018	443	0.1	-0.1	4.87856
13069018	444	0.1	-0.1	3.2528
13069018	445	0.1	-0.1	4.52189
13069018	446	0.1	-0.1	0.642754
13069018	447	0.1	-0.1	-3.06977
13069018	448	0.1	-0.1	-2.25762
13069018	449	0.1	-0.1	3.0572
13069018	450	0.1	-0.1	1.62883
13069018	451	0.1	-0.1	5.76173
13069018	452	0.1	-0.1	-3.75825
13069018	453	0.1	-0.1	-2.2948
13069018	454	0.1	-0.1	5.77046
13069018	455	0.1	-0.1	2.7762
13069018	456	0.1	-0.1	-5.69816
13069018	457	0.1	-0.1	-1.54987
13069018	458	0.1	-0.1	5.70694
13069018	459	0.1	-0.1	-3.94825
13069018	460	0.1	-0.1	-3.86937
13069018	461	0.1	-0.1	3.46882
13069018	462	0.1	-0.1	2.61621
13069018	463	0.1	-0.1	-2.37015
13069018	464	0.1	-0.1	2.10741
13069018	465	0.1	-0.1	3.1763
13069018	466	0.1	-0.1	5.1112
13069018	467	0.1	-0.1	0.75077
13069018	468	0.1	-0.1	-3.39862
13069018	469	0.1	-0.1	2.97843
13069018	470	0.1	-0.1	-0.380928
13069018	471	0.1	-0.1	4.02151
13069018	472	0.1	-0.1	5.82681
13069018	473	0.1	-0.1	-3.35308
13069018	474	0.1	-0.1	-1.23195
13069018	475	0.1	-0.1	0.530852
13069018	476	0.1	-0.1	-2.43624
13069018	477	0.1	-0.1	2.47673
13069018	478	0.1	-0.1	2.83091
13069018	479	0.1	-0.1	0.0734192
13069018	480	0.1	-0.1	-1.89156
13069018	481	0.1	-0.1	-1.89244
13069018	482	0.1	-0.1	3.3326
13069018	483	0.1	-0.1	-1.91023
13069018	484	0.1	-0.1	-0.519643
13069018	485	0.1	-0.1	-1.89347
13069018	486	0.1	-0.1	5.6757
13069018	487	0.1	-0.1	0.118188
13069018	488	0.1	-0.1	-2.33689
13069018	489	0.1	-0.1	1.23442
13069018	490	0.1	-0.1	-3.23846
13069018	491	0.1	-0.1	-1.88714
13069018	492	0.1	-0.1	4.46293
13069018	493	0.1	-0.1	2.34994
13069018	494	0.1	-0.1	2.00943
13069018	495	0.1	-0.1	-3.69424
13069018	496	0.1	-0.1	3.82492
13069018	497	0.1	-0.1	0.655124
13069018	498	0.1	-0.1	1.81445
13069018	499	0.1	-0.1	-4.6578
13069018	500	0.1	-0.1	3.42769
13069018	501	0.1	-0.1	-1.20952
13069018	502	0.1	-0.1	0.969271
13069018	503	0.1	-0.1	5.90377
13069018	504	0.1	-0.1	-5.984
13069018	505	0.1	-0.1	-1.28825
13069018	506	0.1	-0.1	5.899
13069018	507	0.1	-0.1	-1.06446
13069018	508	0.1	-0.1	5.4389
13069018	509	0.1	-0.1	2.99268
13069018	510	0.1	-0.1	-1.61378
13069018	511	0.1	-0.1	0.742371
13069018	512	0.1	-0.1	1.07652
13069018	513	0.1	-0.1	-0.73368
13069018	514	0.1	-0.1	4.8105
13069018	515	0.1	-0.1	-0.0462655
13069018	516	0.1	-0.1	5.19171
13069018	517	0.1	-0.1	3.86358
13069018	518	0.1	-0.1	-3.2914
13069018	519	0.1	-0.1	-4.83203
13069018	520	0.1	-0.1	-2.34271
13069018	521	0.1	-0.1	-5.63383
13069018	522	0.1	-0.1	-2.94522
13069018	523	0.1	-0.1	1.26917
13069018	524	0.1	-0.1	-4.3201
13069018	525	0.1	-0.1	-1.13732
13069018	526	0.1	-0.1	-5.67772
13069018	527	0.1	-0.1	5.16596
13069018	528	0.1	-0.1	0.894216
13069018	529	0.1	-0.1	4.10136
13069018	530	0.1	-0.1	2.9617
13069018	531	0.1	-0.1	-0.378543
13069018	532	0.1	-0.1	4.03912
13069018	533	0.1	-0.1	3.66445
13069018	534	0.1	-0.1	5.22881
13069018	535	0.1	-0.1	2.1026
13069018	536	0.1	-0.1	5.69383
13069018	537	0.1	-0.1	-0.496304
13069018	538	0.1	-0.1	0.587293
13069018	539	0.1	-0.1	-3.17428
13069018	540	0.1	-0.1	-0.936536
13069018	541	0.1	-0.1	-3.17138
13069018	542	0.1	-0.1	1.12928
13069018	543	0.1	-0.1	2.29042
13069018	544	0.1	-0.1	-1.18497
13069018	545	0.1	-0.1	0.312835
13069018	546	0.1	-0.1	5.51836
13069018	547	0.1	-0.1	-1.495
13069018	548	0.1	-0.1	-3.34035
13069018	549	0.1	-0.1	-4.84898
13069018	550	0.1	-0.1	-1.05017
13069018	551	0.1	-0.1	-4.92503
13069018	552	0.1	-0.1	-4.48548
13069018	553	0.1	-0.1	-0.478805
13069018	554	0.1	-0.1	5.87556
13069018	555	0.1	-0.1	-0.900802
13069018	556	0.1	-0.1	3.00559
13069018	557	0.1	-0.1	-2.73839
13069018	558	0.1	-0.1	-5.32296
13069018	559	0.1	-0.1	-4.95647
13069018	560	0.1	-0.1	3.71123
13069018	561	0.1	-0.1	2.60757
13069018	562	0.1	-0.1	3.2823
13069018	563	0.1	-0.1	-2.48808
13069018	564	0.1	-0.1	-4.77277
13069018	565	0.1	-0.1	3.20717
13069018	566	0.1	-0.1	0.869877
13069018	567	0.1	-0.1	-3.8322
13069018	568	0.1	-0.1	1.57911
13069018	569	0.1	-0.1	3.38285
13069018	570	0.1	-0.1	5.00746
13069018	571	0.1	-0.1	-5.38051
13069018	572	0.1	-0.1	2.37775
13069018	573	0.1	-0.1	-2.09783
13069018	574	0.1	-0.1	1.51778
13069018	575	0.1	-0.1	-0.377431
13069018	576	0.1	-0.1	-3.82685
13069018	577	0.1	-0.1	1.34964
13069018	578	0.1	-0.1	-2.46901
13069018	579	0.1	-0.1	-4.74927
13069018	580	0.1	-0.1	3.06244
13069018	581	0.1	-0.1	5.97653
13069018	582	0.1	-0.1	3.47634
13069018	583	0.1	-0.1	-3.17941
13069018	584	0.1	-0.1	-1.05773
13069018	585	0.1	-0.1	-2.90675
13069018	586	0.1	-0.1	0.564642
13069018	587	0.1	-0.1	3.54171
13069018	588	0.1	-0.1	2.00845
13069018	589	0.1	-0.1	0.00439862
13069018	590	0.1	-0.1	1.1471
13069018	591	0.1	-0.1	5.13968
13069018	592	0.1	-0.1	3.52574
13069018	593	0.1	-0.1	-0.378173
13069018	594	0.1	-0.1	-0.328007
13069018	595	0.1	-0.1	2.28692
13069018	596	0.1	-0.1	-1.63369
13069018	597	0.1	-0.1	0.517482
13069018	598	0.1	-0.1	-5.78881
13069018	599	0.1	-0.1	-3.60852
13069018	600	0.1	-0.1	3.64195
13069018	601	0.1	-0.1	3.2201
13069018	602	0.1	-0.1	-4.18926
13069018	603	0.1	-0.1	5.52916
13069018	604	0.1	-0.1	-3.41288
13069018	605	0.1	-0.1	-4.20925
13069018	606	0.1	-0.1	-4.39595
13069018	607	0.1	-0.1	-2.47864
13069018	608	0.1	-0.1	-1.88248
13069018	609	0.1	-0.1	5.40833
13069018	610	0.1	-0.1	4.23612
13069018	611	0.1	-0.1	0.318947
13069018	612	0.1	-0.1	3.60692
13069018	613	0.1	-0.1	4.67459
13069018	614	0.1	-0.1	3.53739
13069018	615	0.1	-0.1	-4.48807
13069018	616	0.1	-0.1	-4.84579
13069018	617	0.1	-0.1	-5.1691
13069018	618	0.1	-0.1	3.55121
13069018	619	0.1	-0.1	5.3288
13069018	620	0.1	-0.1	1.63421
13069018	621	0.1	-0.1	-5.64497
13069018	622	0.1	-0.1	5.32617
13069018	623	0.1	-0.1	-3.68743
13069018	624	0.1	-0.1	-1.59088
13069018	625	0.1	-0.1	-2.84741
13069018	626	0.1	-0.1	3.72644
13069018	627	0.1	-0.1	-0.366513
13069018	628	0.1	-0.1	5.36574
13069018	629	0.1	-0.1	-4.40771
13069018	630	0.1	-0.1	2.22031
13069018	631	0.1	-0.1	-2.51577
13069018	632	0.1	-0.1	-1.46766
13069018	633	0.1	-0.1	0.712633
13069018	634	0.1	-0.1	-5.51347
13069018	635	0.1	-0.1	1.29599
13069018	636	0.1	-0.1	3.44529
13069018	637	0.1	-0.1	0.62039
13069018	638	0.1	-0.1	-2.50589
13069018	639	0.1	-0.1	-2.95616
13069018	640	0.1	-0.1	-5.4319
13069018	641	0.1	-0.1	2.83546
13069018	642	0.1	-0.1	-2.29709
13069018	643	0.1	-0.1	-0.535239
13069018	644	0.1	-0.1	-3.16287
13069018	645	0.1	-0.1	-4.51091
13069018	646	0.1	-0.1	1.21016
13069018	647	0.1	-0.1	4.05411
13069018	648	0.1	-0.1	-4.20969
13069018	649	0.1	-0.1	-3.27131
13069018	650	0.1	-0.1	2.03386
13069018	651	0.1	-0.1	0.307151
13069018	652	0.1	-0.1	-0.471134
13069018	653	0.1	-0.1	-5.12076
13069018	654	0.1	-0.1	4.13151
13069018	655	0.1	-0.1	-2.98209
13069018	656	0.1	-0.1	2.47431
13069018	657	0.1	-0.1	-3.56553
13069018	658	0.1	-0.1	-4.89755
13069018	659	0.1	-0.1	-0.901164
13069018	660	0.1	-0.1	-5.75049
13069018	661	0.1	-0.1	0.109033
13069018	662	0.1	-0.1	5.64149
13069018	663	0.1	-0.1	4.76014
13069018	664	0.1	-0.1	0.647844
13069018	665	0.1	-0.1	-2.77837
13069018	666	0.1	-0.1	5.04111
13069018	667	0.1	-0.1	-4.37185
13069018	668	0.1	-0.1	-2.34299
13069018	669	0.1	-0.1	2.94508
13069018	670	0.1	-0.1	-5.72551
13069018	671	0.1	-0.1	5.52065
13069018	672	0.1	-0.1	-0.331094
13069018	673	0.1	-0.1	-1.29299
13069018	674	0.1	-0.1	1.45519
13069018	675	0.1	-0.1	-3.40582
13069018	676	0.1	-0.1	-5.93242
13069018	677	0.1	-0.1	-3.2666
13069018	678	0.1	-0.1	1.02072
13069018	679	0.1	-0.1	-2.60442
13069018	680	0.1	-0.1	4.64732
13069018	681	0.1	-0.1	-5.54846
13069018	682	0.1	-0.1	-4.91294
13069018	683	0.1	-0.1	3.68903
13069018	684	0.1	-0.1	1.03698
13069018	685	0.1	-0.1	-5.43623
13069018	686	0.1	-0.1	-4.66746
13069018	687	0.1	-0.1	-1.5433
13069018	688	0.1	-0.1	-0.596455
13069018	689	0.1	-0.1	-1.54006
13069018	690	0.1	-0.1	0.813442
13069018	691	0.1	-0.1	4.53091
13069018	692	0.1	-0.1	5.52101
13069018	693	0.1	-0.1	-5.7674
13069018	694	0.1	-0.1	-2.93354
13069018	695	0.1	-0.1	2.62348
13069018	696	0.1	-0.1	-5.3571
13069018	697	0.1	-0.1	3.32403
13069018	698	0.1	-0.1	5.91286
13069018	699	0.1	-0.1	-5.94288
13069018	700	0.1	-0.1	-4.50537
13069018	701	0.1	-0.1	0.690697
13069018	702	0.1	-0.1	-4.22864
13069018	703	0.1	-0.1	1.28955
13069018	704	0.1	-0.1	5.60353
13069018	705	0.1	-0.1	4.77004
13069018	706	0.1	-0.1	4.16807
13069018	707	0.1	-0.1	-1.75073
13069018	708	0.1	-0.1	-1.77225
13069018	709	0.1	-0.1	-3.75324
13069018	710	0.1	-0.1	-2.38911
13069018	711	0.1	-0.1	-3.82018
13069018	712	0.1	-0.1	-0.656858
13069018	713	0.1	-0.1	-4.92076
13069018	714	0.1	-0.1	4.7578
13069018	715	0.1	-0.1	4.49555
13069018	716	0.1	-0.1	-3.09256
13069018	717	0.1	-0.1	-1.31109
13069018	718	0.1	-0.1	3.03539
13069018	719	0.1	-0.1	-1.90349
13069018	720	0.1	-0.1	-0.102431
13069018	721	0.1	-0.1	4.5247
13069018	722	0.1	-0.1	4.73332
13069018	723	0.1	-0.1	-5.08109
13069018	724	0.1	-0.1	-0.60966
13069018	725	0.1	-0.1	3.44416
13069018	726	0.1	-0.1	-0.0687076
13069018	727	0.1	-0.1	2.06264
13069018	728	0.1	-0.1	-3.27812
13069018	729	0.1	-0.1	5.71643
13069018	730	0.1	-0.1	4.80128
13069018	731	0.1	-0.1	-0.242358
13069018	732	0.1	-0.1	0.783494
13069018	733	0.1	-0.1	1.38251
13069018	734	0.1	-0.1	1.83375
13069018	735	0.1	-0.1	1.42383
13069018	736	0.1	-0.1	-0.133652
13069018	737	0.1	-0.1	4.97033
13069018	738	0.1	-0.1	-2.93189
13069018	739	0.1	-0.1	5.00641
13069018	740	0.1	-0.1	-4.3507
13069018	741	0.1	-0.1	-2.53004
13069018	742	0.1	-0.1	2.32953
13069018	743	0.1	-0.1	-3.49375
13069018	744	0.1	-0.1	-5.86546
13069018	745	0.1	-0.1	-2.26959
13069018	746	0.1	-0.1	-0.970523
13069018	747	0.1	-0.1	-1.98732
13069018	748	0.1	-0.1	-3.34601
13069018	749	0.1	-0.1	-4.899
13069018	750	0.1	-0.1	2.09595
13069018	751	0.1	-0.1	3.71172
13069018	752	0.1	-0.1	3.8451
13069018	753	0.1	-0.1	4.12689
13069018	754	0.1	-0.1	3.97939
13069018	755	0.1	-0.1	0.768288
13069018	756	0.1	-0.1	-5.57265
13069018	757	0.1	-0.1	0.431262
13069018	758	0.1	-0.1	0.951293
13069018	759	0.1	-0.1	-0.994845
13069018	760	0.1	-0.1	-1.98726
13069018	761	0.1	-0.1	-2.09295
13069018	762	0.1	-0.1	1.97049
13069018	763	0.1	-0.1	-4.5491
13069018	764	0.1	-0.1	3.2442
13069018	765	0.1	-0.1	-5.50278
13069018	766	0.1	-0.1	-3.35608
13069018	767	0.1	-0.1	-5.54701
13069018	768	0.1	-0.1	1.10679
13069018	769	0.1	-0.1	2.57033
13069018	770	0.1	-0.1	-2.6304
13069018	771	0.1	-0.1	1.55837
13069018	772	0.1	-0.1	3.55362
13069018	773	0.1	-0.1	-1.70727
13069018	774	0.1	-0.1	-2.40972
13069018	775	0.1	-0.1	1.71591
13069018	776	0.1	-0.1	3.92381
13069018	777	0.1	-0.1	2.41995
13069018	778	0.1	-0.1	1.69484
13069018	779	0.1	-0.1	-4.4767
13069018	780	0.1	-0.1	-5.29486
13069018	781	0.1	-0.1	-4.44838
13069018	782	0.1	-0.1	3.70548
13069018	783	0.1	-0.1	1.65152
13069018	784	0.1	-0.1	3.51724
13069018	785	0.1	-0.1	5.93288
13069018	786	0.1	-0.1	1.29387
13069018	787	0.1	-0.1	2.80793
13069018	788	0.1	-0.1	4.66079
13069018	789	0.1	-0.1	-4.42372
13069018	790	0.1	-0.1	-2.93932
13069018	791	0.1	-0.1	0.124732
13069018	792	0.1	-0.1	4.00057
13069018	793	0.1	-0.1	0.514516
13069018	794	0.1	-0.1	0.134013
13069018	795	0.1	-0.1	5.52255
13069018	796	0.1	-0.1	4.77725
13069018	797	0.1	-0.1	4.86743
13069018	798	0.1	-0.1	4.7189
13069018	799	0.1	-0.1	-0.470708
13069018	800	0.1	-0.1	1.25698
13069018	801	0.1	-0.1	4.03086
13069018	802	0.1	-0.1	3.00558
13069018	803	0.1	-0.1	3.81932
13069018	804	0.1	-0.1	-3.07453
13069018	805	0.1	-0.1	3.06289
13069018	806	0.1	-0.1	4.43841
13069018	807	0.1	-0.1	-3.05576
13069018	808	0.1	-0.1	-0.427474
13069018	809	0.1	-0.1	5.37788
13069018	810	0.1	-0.1	-3.89423
13069018	811	0.1	-0.1	3.32272
13069018	812	0.1	-0.1	-5.7999
13069018	813	0.1	-0.1	1.03508
13069018	814	0.1	-0.1	-1.47527
13069018	815	0.1	-0.1	3.67384
13069018	816	0.1	-0.1	0.89827
13069018	817	0.1	-0.1	4.19158
13069018	818	0.1	-0.1	2.29671
13069018	819	0.1	-0.1	3.89831
13069018	820	0.1	-0.1	0.620287
13069018	821	0.1	-0.1	-1.96846
13069018	822	0.1	-0.1	-4.20577
13069018	823	0.1	-0.1	-3.74898
13069018	824	0.1	-0.1	-2.22809
13069018	825	0.1	-0.1	5.58309
13069018	826	0.1	-0.1	0.656103
13069018	827	0.1	-0.1	-3.18076
13069018	828	0.1	-0.1	-5.49957
13069018	829	0.1	-0.1	-4.75387
13069018	830	0.1	-0.1	4.96872
13069018	831	0.1	-0.1	-5.97403
13069018	832	0.1	-0.1	3.3406
13069018	833	0.1	-0.1	-4.14288
13069018	834	0.1	-0.1	4.07041
13069018	835	0.1	-0.1	1.51965
13069018	836	0.1	-0.1	1.05426
13069018	837	0.1	-0.1	-1.66617
13069018	838	0.1	-0.1	2.83397
13069018	839	0.1	-0.1	-0.32879
13069018	840	0.1	-0.1	0.696106
13069018	841	0.1	-0.1	-2.41509
13069018	842	0.1	-0.1	-3.9538
13069018	843	0.1	-0.1	2.3903
13069018	844	0.1	-0.1	-3.42847
13069018	845	0.1	-0.1	2.54478
13069018	846	0.1	-0.1	2.47553
13069018	847	0.1	-0.1	-2.66141
13069018	848	0.1	-0.1	-5.65313
13069018	849	0.1	-0.1	0.024295
13069018	850	0.1	-0.1	-1.24046
13069018	851	0.1	-0.1	-2.77667
13069018	852	0.1	-0.1	-2.96391
13069018	853	0.1	-0.1	5.77692
13069018	854	0.1	-0.1	-5.16811
13069018	855	0.1	-0.1	3.30831
13069018	856	0.1	-0.1	-3.87844
13069018	857	0.1	-0.1	-4.11362
13069018	858	0.1	-0.1	-5.72785
13069018	859	0.1	-0.1	-0.274166
13069018	860	0.1	-0.1	-3.02058
13069018	861	0.1	-0.1	-2.56469
13069018	862	0.1	-0.1	-1.31815
13069018	863	0.1	-0.1	-1.10963
13069018	864	0.1	-0.1	-4.39508
13069018	865	0.1	-0.1	4.92387
13069018	866	0.1	-0.1	-4.17283
13069018	867	0.1	-0.1	4.52498
13069018	868	0.1	-0.1	0.383279
13069018	869	0.1	-0.1	-3.50748
13069018	870	0.1	-0.1	3.96206
13069018	871	0.1	-0.1	-2.88191
13069018	872	0.1	-0.1	1.80635
13069018	873	0.1	-0.1	4.53243
13069018	874	0.1	-0.1	4.39171
13069018	875	0.1	-0.1	-1.69393
13069018	876	0.1	-0.1	1.03276
13069018	877	0.1	-0.1	-0.791439
13069018	878	0.1	-0.1	-4.73852
13069018	879	0.1	-0.1	-0.857338
13069018	880	0.1	-0.1	5.29714
13069018	881	0.1	-0.1	-0.536375
13069018	882	0.1	-0.1	-4.84672
13069018	883	0.1	-0.1	-4.90859
13069018	884	0.1	-0.1	3.30012
13069018	885	0.1	-0.1	-4.74947
13069018	886	0.1	-0.1	5.62849
13069018	887	0.1	-0.1	-4.0892
13069018	888	0.1	-0.1	-0.649753
13069018	889	0.1	-0.1	-0.588045
13069018	890	0.1	-0.1	-0.912142
13069018	891	0.1	-0.1	-0.337332
13069018	892	0.1	-0.1	-5.29967
13069018	893	0.1	-0.1	5.94473
13069018	894	0.1	-0.1	1.31711
13069018	895	0.1	-0.1	-4.44108
13069018	896	0.1	-0.1	-2.84584
13069018	897	0.1	-0.1	-2.27065
13069018	898	0.1	-0.1	-3.1958
13069018	899	0.1	-0.1	-1.49048
13069018	900	0.1	-0.1	-2.95486
13069018	901	0.1	-0.1	-5.52345
13069018	902	0.1	-0.1	0.0806496
13069018	903	0.1	-0.1	-2.60821
13069018	904	0.1	-0.1	0.661903
13069018	905	0.1	-0.1	1.44707
13069018	906	0.1	-0.1	0.256621
13069018	907	0.1	-0.1	2.32259
13069018	908	0.1	-0.1	5.72477
13069018	909	0.1	-0.1	-5.37342
13069018	910	0.1	-0.1	4.92685
13069018	911	0.1	-0.1	3.02935
13069018	912	0.1	-0.1	1.23662
13069018	913	0.1	-0.1	-4.66996
13069018	914	0.1	-0.1	1.17712
13069018	915	0.1	-0.1	3.19024
13069018	916	0.1	-0.1	-1.80375
13069018	917	0.1	-0.1	-5.27465
13069018	918	0.1	-0.1	-5.90324
13069018	919	0.1	-0.1	-2.10456
13069018	920	0.1	-0.1	-5.95711
13069018	921	0.1	-0.1	1.95536
13069018	922	0.1	-0.1	2.88471
13069018	923	0.1	-0.1	-3.56811
13069018	924	0.1	-0.1	-1.62114
13069018	925	0.1	-0.1	-0.153961
13069018	926	0.1	-0.1	3.06398
13069018	927	0.1	-0.1	-1.79387
13069018	928	0.1	-0.1	-0.916507
13069018	929	0.1	-0.1	5.96645
13069018	930	0.1	-0.1	-3.83452
13069018	931	0.1	-0.1	-3.81465
13069018	932	0.1	-0.1	3.99902
13069018	933	0.1	-0.1	-1.86762
13069018	934	0.1	-0.1	-4.74429
13069018	935	0.1	-0.1	-4.07108
13069018	936	0.1	-0.1	3.54906
13069018	937	0.1	-0.1	1.38285
13069018	938	0.1	-0.1	-3.01282
13069018	939	0.1	-0.1	-5.75777
13069018	940	0.1	-0.1	0.0581539
13069018	941	0.1	-0.1	-4.97452
13069018	942	0.1	-0.1	0.932371
13069018	943	0.1	-0.1	4.37203
13069018	944	0.1	-0.1	1.11575
13069018	945	0.1	-0.1	0.244443
13069018	946	0.1	-0.1	1.33802
13069018	947	0.1	-0.1	5.65826
13069018	948	0.1	-0.1	-0.70322
13069018	949	0.1	-0.1	-1.4032
13069018	950	0.1	-0.1	3.61938
13069018	951	0.1	-0.1	0.199349
13069018	952	0.1	-0.1	-3.42968
13069018	953	0.1	-0.1	-3.96278
13069018	954	0.1	-0.1	1.43285
13069018	955	0.1	-0.1	-5.7795
13069018	956	0.1	-0.1	2.92484
13069018	957	0.1	-0.1	3.61962
13069018	958	0.1	-0.1	4.90459
13069018	959	0.1	-0.1	2.23847
13069018	960	0.1	-0.1	4.463
13069018	961	0.1	-0.1	-1.41854
13069018	962	0.1	-0.1	3.28314
13069018	963	0.1	-0.1	3.36349
13069018	964	0.1	-0.1	2.20641
13069018	965	0.1	-0.1	-0.376684
13069018	966	0.1	-0.1	-0.542778
13069018	967	0.1	-0.1	2.47506
13069018	968	0.1	-0.1	-1.927
13069018	969	0.1	-0.1	4.43665
13069018	970	0.1	-0.1	-1.01244
13069018	971	0.1	-0.1	-2.50682
13069018	972	0.1	-0.1	-5.4154
13069018	973	0.1	-0.1	-5.39622
13069018	974	0.1	-0.1	-5.25088
13069018	975	0.1	-0.1	1.77669
13069018	976	0.1	-0.1	-3.31893
13069018	977	0.1	-0.1	1.02172
13069018	978	0.1	-0.1	4.89643
13069018	979	0.1	-0.1	0.159752
13069018	980	0.1	-0.1	-0.122746
13069018	981	0.1	-0.1	-1.55514
13069018	982	0.1	-0.1	-0.671803
13069018	983	0.1	-0.1	1.85528
13069018	984	0.1	-0.1	1.53506
13069018	985	0.1	-0.1	-4.79751
13069018	986	0.1	-0.1	1.73611
13069018	987	0.1	-0.1	2.16378
13069018	988	0.1	-0.1	-5.20346
13069018	989	0.1	-0.1	0.151791
13069018	990	0.1	-0.1	2.24005
13069018	991	0.1	-0.1	5.76225
13069018	992	0.1	-0.1	3.18515
13069018	993	0.1	-0.1	-3.59234
13069018	994	0.1	-0.1	2.71729
13069018	995	0.1	-0.1	-5.75756
13069018	996	0.1	-0.1	5.27638
13069018	997	0.1	-0.1	2.37219
13069018	998	0.1	-0.1	5.41464
13069018	999	0.1	-0.1	4.77104
13069018	1000	0.1	-0.1	-2.0126
