13065058	1	0.1	-0.1	-5.16523
13065058	2	0.1	-0.1	3.75792
13065058	3	0.1	-0.1	-4.30836
13065058	4	0.1	-0.1	2.22712
13065058	5	0.1	-0.1	0.759428
13065058	6	0.1	-0.1	5.33924
13065058	7	0.1	-0.1	3.68936
13065058	8	0.1	-0.1	2.38161
13065058	9	0.1	-0.1	-1.14963
13065058	10	0.1	-0.1	-3.10929
13065058	11	0.1	-0.1	-5.9376
13065058	12	0.1	-0.1	0.903561
13065058	13	0.1	-0.1	3.61101
13065058	14	0.1	-0.1	-1.22813
13065058	15	0.1	-0.1	-2.28745
13065058	16	0.1	-0.1	3.62137
13065058	17	0.1	-0.1	3.00072
13065058	18	0.1	-0.1	-5.02207
13065058	19	0.1	-0.1	-5.67469
13065058	20	0.1	-0.1	4.22656
13065058	21	0.1	-0.1	1.18602
13065058	22	0.1	-0.1	2.71707
13065058	23	0.1	-0.1	4.20175
13065058	24	0.1	-0.1	4.64134
13065058	25	0.1	-0.1	4.85033
13065058	26	0.1	-0.1	-5.47633
13065058	27	0.1	-0.1	-5.03345
13065058	28	0.1	-0.1	-0.588429
13065058	29	0.1	-0.1	5.73811
13065058	30	0.1	-0.1	-4.56607
13065058	31	0.1	-0.1	-0.0976506
13065058	32	0.1	-0.1	-4.39399
13065058	33	0.1	-0.1	4.96222
13065058	34	0.1	-0.1	-3.95941
13065058	35	0.1	-0.1	1.45748
13065058	36	0.1	-0.1	-5.29408
13065058	37	0.1	-0.1	4.72993
13065058	38	0.1	-0.1	4.82917
13065058	39	0.1	-0.1	5.33855
13065058	40	0.1	-0.1	1.29917
13065058	41	0.1	-0.1	-0.801292
13065058	42	0.1	-0.1	-2.74547
13065058	43	0.1	-0.1	5.20804
13065058	44	0.1	-0.1	1.51636
13065058	45	0.1	-0.1	0.853616
13065058	46	0.1	-0.1	4.14247
13065058	47	0.1	-0.1	4.74452
13065058	48	0.1	-0.1	-5.7669
13065058	49	0.1	-0.1	-4.26028
13065058	50	0.1	-0.1	2.42015
13065058	51	0.1	-0.1	-0.893778
13065058	52	0.1	-0.1	4.40565
13065058	53	0.1	-0.1	3.83751
13065058	54	0.1	-0.1	-1.91878
13065058	55	0.1	-0.1	4.81195
13065058	56	0.1	-0.1	-2.53053
13065058	57	0.1	-0.1	1.34941
13065058	58	0.1	-0.1	-3.41128
13065058	59	0.1	-0.1	-4.41658
13065058	60	0.1	-0.1	1.28436
13065058	61	0.1	-0.1	-5.96456
13065058	62	0.1	-0.1	-1.78086
13065058	63	0.1	-0.1	-2.55325
13065058	64	0.1	-0.1	-3.58944
13065058	65	0.1	-0.1	-2.28917
13065058	66	0.1	-0.1	2.53537
13065058	67	0.1	-0.1	-0.681961
13065058	68	0.1	-0.1	4.0876
13065058	69	0.1	-0.1	1.57253
13065058	70	0.1	-0.1	-3.02714
13065058	71	0.1	-0.1	4.99123
13065058	72	0.1	-0.1	-3.73626
13065058	73	0.1	-0.1	3.69004
13065058	74	0.1	-0.1	-4.79821
13065058	75	0.1	-0.1	0.031761
13065058	76	0.1	-0.1	-3.87825
13065058	77	0.1	-0.1	-0.620828
13065058	78	0.1	-0.1	-2.26417
13065058	79	0.1	-0.1	3.36615
13065058	80	0.1	-0.1	3.33511
13065058	81	0.1	-0.1	-5.7408
13065058	82	0.1	-0.1	4.24094
13065058	83	0.1	-0.1	-2.70607
13065058	84	0.1	-0.1	2.71298
13065058	85	0.1	-0.1	0.303187
13065058	86	0.1	-0.1	-2.04557
13065058	87	0.1	-0.1	-2.55842
13065058	88	0.1	-0.1	-3.21689
13065058	89	0.1	-0.1	4.60765
13065058	90	0.1	-0.1	5.97086
13065058	91	0.1	-0.1	2.93507
13065058	92	0.1	-0.1	4.79927
13065058	93	0.1	-0.1	-4.84094
13065058	94	0.1	-0.1	2.21518
13065058	95	0.1	-0.1	0.235393
13065058	96	0.1	-0.1	-5.1458
13065058	97	0.1	-0.1	1.81258
13065058	98	0.1	-0.1	5.80451
13065058	99	0.1	-0.1	4.1219
13065058	100	0.1	-0.1	1.26431
13065058	101	0.1	-0.1	-1.49303
13065058	102	0.1	-0.1	3.13216
13065058	103	0.1	-0.1	1.2283
13065058	104	0.1	-0.1	-4.10032
13065058	105	0.1	-0.1	3.46961
13065058	106	0.1	-0.1	5.11404
13065058	107	0.1	-0.1	-3.16246
13065058	108	0.1	-0.1	4.55488
13065058	109	0.1	-0.1	3.74993
13065058	110	0.1	-0.1	-1.06681
13065058	111	0.1	-0.1	3.08748
13065058	112	0.1	-0.1	3.59393
13065058	113	0.1	-0.1	4.46978
13065058	114	0.1	-0.1	3.99643
13065058	115	0.1	-0.1	-0.874909
13065058	116	0.1	-0.1	-0.924756
13065058	117	0.1	-0.1	0.779089
13065058	118	0.1	-0.1	-0.576504
13065058	119	0.1	-0.1	2.84037
13065058	120	0.1	-0.1	-4.67143
13065058	121	0.1	-0.1	-4.8582
13065058	122	0.1	-0.1	4.53164
13065058	123	0.1	-0.1	0.325331
13065058	124	0.1	-0.1	2.55921
13065058	125	0.1	-0.1	-5.51719
13065058	126	0.1	-0.1	4.141
13065058	127	0.1	-0.1	-4.37552
13065058	128	0.1	-0.1	2.84086
13065058	129	0.1	-0.1	3.25571
13065058	130	0.1	-0.1	3.32434
13065058	131	0.1	-0.1	2.15648
13065058	132	0.1	-0.1	-3.62349
13065058	133	0.1	-0.1	4.74582
13065058	134	0.1	-0.1	-1.523
13065058	135	0.1	-0.1	3.65269
13065058	136	0.1	-0.1	-0.917512
13065058	137	0.1	-0.1	-5.56472
13065058	138	0.1	-0.1	2.72251
13065058	139	0.1	-0.1	0.448721
13065058	140	0.1	-0.1	2.10943
13065058	141	0.1	-0.1	5.81696
13065058	142	0.1	-0.1	-2.29961
13065058	143	0.1	-0.1	-1.24987
13065058	144	0.1	-0.1	0.0720912
13065058	145	0.1	-0.1	-5.31738
13065058	146	0.1	-0.1	3.00105
13065058	147	0.1	-0.1	-1.8351
13065058	148	0.1	-0.1	-4.08422
13065058	149	0.1	-0.1	-1.38796
13065058	150	0.1	-0.1	-5.78737
13065058	151	0.1	-0.1	-0.309969
13065058	152	0.1	-0.1	-4.82825
13065058	153	0.1	-0.1	-3.90381
13065058	154	0.1	-0.1	2.97661
13065058	155	0.1	-0.1	-5.37982
13065058	156	0.1	-0.1	-2.30286
13065058	157	0.1	-0.1	-2.20322
13065058	158	0.1	-0.1	-5.17335
13065058	159	0.1	-0.1	3.77862
13065058	160	0.1	-0.1	0.222927
13065058	161	0.1	-0.1	-3.35552
13065058	162	0.1	-0.1	5.26836
13065058	163	0.1	-0.1	2.12401
13065058	164	0.1	-0.1	-3.6242
13065058	165	0.1	-0.1	5.74912
13065058	166	0.1	-0.1	-0.65991
13065058	167	0.1	-0.1	-3.9862
13065058	168	0.1	-0.1	2.16413
13065058	169	0.1	-0.1	1.61841
13065058	170	0.1	-0.1	5.81188
13065058	171	0.1	-0.1	-4.34448
13065058	172	0.1	-0.1	2.74527
13065058	173	0.1	-0.1	2.19268
13065058	174	0.1	-0.1	2.14892
13065058	175	0.1	-0.1	3.90127
13065058	176	0.1	-0.1	-4.85665
13065058	177	0.1	-0.1	3.15764
13065058	178	0.1	-0.1	-2.99177
13065058	179	0.1	-0.1	5.47184
13065058	180	0.1	-0.1	4.8681
13065058	181	0.1	-0.1	-1.14395
13065058	182	0.1	-0.1	5.03894
13065058	183	0.1	-0.1	-2.36324
13065058	184	0.1	-0.1	-4.63263
13065058	185	0.1	-0.1	0.96603
13065058	186	0.1	-0.1	2.7599
13065058	187	0.1	-0.1	4.48427
13065058	188	0.1	-0.1	0.0605727
13065058	189	0.1	-0.1	1.65464
13065058	190	0.1	-0.1	1.97312
13065058	191	0.1	-0.1	-5.30699
13065058	192	0.1	-0.1	5.96942
13065058	193	0.1	-0.1	-4.42975
13065058	194	0.1	-0.1	0.666384
13065058	195	0.1	-0.1	0.980042
13065058	196	0.1	-0.1	-5.23932
13065058	197	0.1	-0.1	3.23267
13065058	198	0.1	-0.1	-4.57324
13065058	199	0.1	-0.1	1.2603
13065058	200	0.1	-0.1	-3.58013
13065058	201	0.1	-0.1	2.43725
13065058	202	0.1	-0.1	0.478029
13065058	203	0.1	-0.1	0.59577
13065058	204	0.1	-0.1	-0.881639
13065058	205	0.1	-0.1	-4.60127
13065058	206	0.1	-0.1	-3.57304
13065058	207	0.1	-0.1	3.88228
13065058	208	0.1	-0.1	-4.77117
13065058	209	0.1	-0.1	3.73491
13065058	210	0.1	-0.1	2.76591
13065058	211	0.1	-0.1	-1.62591
13065058	212	0.1	-0.1	-0.107111
13065058	213	0.1	-0.1	5.42438
13065058	214	0.1	-0.1	1.51578
13065058	215	0.1	-0.1	2.1548
13065058	216	0.1	-0.1	1.95193
13065058	217	0.1	-0.1	-4.50456
13065058	218	0.1	-0.1	-3.09356
13065058	219	0.1	-0.1	4.94396
13065058	220	0.1	-0.1	3.82634
13065058	221	0.1	-0.1	-3.02457
13065058	222	0.1	-0.1	2.77308
13065058	223	0.1	-0.1	-0.254936
13065058	224	0.1	-0.1	-1.76061
13065058	225	0.1	-0.1	5.86563
13065058	226	0.1	-0.1	1.87587
13065058	227	0.1	-0.1	-3.55448
13065058	228	0.1	-0.1	3.63843
13065058	229	0.1	-0.1	4.47863
13065058	230	0.1	-0.1	-0.0310231
13065058	231	0.1	-0.1	-2.58168
13065058	232	0.1	-0.1	-4.85137
13065058	233	0.1	-0.1	-2.47994
13065058	234	0.1	-0.1	3.34894
13065058	235	0.1	-0.1	2.31986
13065058	236	0.1	-0.1	-5.38529
13065058	237	0.1	-0.1	1.91297
13065058	238	0.1	-0.1	4.88882
13065058	239	0.1	-0.1	-4.55286
13065058	240	0.1	-0.1	-3.53726
13065058	241	0.1	-0.1	-1.39682
13065058	242	0.1	-0.1	5.28802
13065058	243	0.1	-0.1	-5.86917
13065058	244	0.1	-0.1	1.78557
13065058	245	0.1	-0.1	3.84402
13065058	246	0.1	-0.1	-0.482835
13065058	247	0.1	-0.1	-0.457599
13065058	248	0.1	-0.1	4.07104
13065058	249	0.1	-0.1	3.57495
13065058	250	0.1	-0.1	3.17719
13065058	251	0.1	-0.1	2.71878
13065058	252	0.1	-0.1	1.17984
13065058	253	0.1	-0.1	-1.48293
13065058	254	0.1	-0.1	0.271618
13065058	255	0.1	-0.1	-0.788963
13065058	256	0.1	-0.1	-3.80322
13065058	257	0.1	-0.1	-3.91048
13065058	258	0.1	-0.1	0.12884
13065058	259	0.1	-0.1	5.94839
13065058	260	0.1	-0.1	-0.00953093
13065058	261	0.1	-0.1	3.70297
13065058	262	0.1	-0.1	5.34069
13065058	263	0.1	-0.1	4.53664
13065058	264	0.1	-0.1	5.47038
13065058	265	0.1	-0.1	1.55582
13065058	266	0.1	-0.1	-0.529328
13065058	267	0.1	-0.1	-4.7049
13065058	268	0.1	-0.1	5.70245
13065058	269	0.1	-0.1	-0.924487
13065058	270	0.1	-0.1	-5.4081
13065058	271	0.1	-0.1	-0.514795
13065058	272	0.1	-0.1	4.90797
13065058	273	0.1	-0.1	1.97289
13065058	274	0.1	-0.1	5.84315
13065058	275	0.1	-0.1	-1.1282
13065058	276	0.1	-0.1	-2.82539
13065058	277	0.1	-0.1	-5.71652
13065058	278	0.1	-0.1	-2.49393
13065058	279	0.1	-0.1	-2.7682
13065058	280	0.1	-0.1	-5.26197
13065058	281	0.1	-0.1	4.55601
13065058	282	0.1	-0.1	-2.2998
13065058	283	0.1	-0.1	4.28687
13065058	284	0.1	-0.1	0.589722
13065058	285	0.1	-0.1	-4.86278
13065058	286	0.1	-0.1	4.24821
13065058	287	0.1	-0.1	-5.2888
13065058	288	0.1	-0.1	2.59494
13065058	289	0.1	-0.1	1.29474
13065058	290	0.1	-0.1	-5.38237
13065058	291	0.1	-0.1	3.39902
13065058	292	0.1	-0.1	-5.59956
13065058	293	0.1	-0.1	-1.66635
13065058	294	0.1	-0.1	-0.0234549
13065058	295	0.1	-0.1	4.31886
13065058	296	0.1	-0.1	0.434776
13065058	297	0.1	-0.1	0.769504
13065058	298	0.1	-0.1	-3.28389
13065058	299	0.1	-0.1	-3.8688
13065058	300	0.1	-0.1	-3.68901
13065058	301	0.1	-0.1	3.8887
13065058	302	0.1	-0.1	2.79404
13065058	303	0.1	-0.1	-5.72839
13065058	304	0.1	-0.1	3.70937
13065058	305	0.1	-0.1	2.25355
13065058	306	0.1	-0.1	-5.90386
13065058	307	0.1	-0.1	1.86554
13065058	308	0.1	-0.1	1.79328
13065058	309	0.1	-0.1	-0.0299109
13065058	310	0.1	-0.1	5.1413
13065058	311	0.1	-0.1	-0.554572
13065058	312	0.1	-0.1	0.788452
13065058	313	0.1	-0.1	-1.34608
13065058	314	0.1	-0.1	2.51299
13065058	315	0.1	-0.1	-5.34135
13065058	316	0.1	-0.1	-5.06815
13065058	317	0.1	-0.1	3.43712
13065058	318	0.1	-0.1	-3.7267
13065058	319	0.1	-0.1	-1.05113
13065058	320	0.1	-0.1	4.57702
13065058	321	0.1	-0.1	-1.56821
13065058	322	0.1	-0.1	1.3106
13065058	323	0.1	-0.1	-0.0705983
13065058	324	0.1	-0.1	3.51902
13065058	325	0.1	-0.1	5.94344
13065058	326	0.1	-0.1	0.762156
13065058	327	0.1	-0.1	1.23976
13065058	328	0.1	-0.1	2.74586
13065058	329	0.1	-0.1	-2.72299
13065058	330	0.1	-0.1	1.89274
13065058	331	0.1	-0.1	-3.67343
13065058	332	0.1	-0.1	-1.73039
13065058	333	0.1	-0.1	5.40359
13065058	334	0.1	-0.1	1.33168
13065058	335	0.1	-0.1	-1.36948
13065058	336	0.1	-0.1	-2.15973
13065058	337	0.1	-0.1	4.89661
13065058	338	0.1	-0.1	-2.64242
13065058	339	0.1	-0.1	4.01603
13065058	340	0.1	-0.1	-1.90981
13065058	341	0.1	-0.1	-2.14376
13065058	342	0.1	-0.1	0.474355
13065058	343	0.1	-0.1	5.25993
13065058	344	0.1	-0.1	-1.10845
13065058	345	0.1	-0.1	-3.52414
13065058	346	0.1	-0.1	0.35052
13065058	347	0.1	-0.1	-5.26535
13065058	348	0.1	-0.1	1.85299
13065058	349	0.1	-0.1	-5.92151
13065058	350	0.1	-0.1	-1.45579
13065058	351	0.1	-0.1	5.03929
13065058	352	0.1	-0.1	4.76996
13065058	353	0.1	-0.1	3.37145
13065058	354	0.1	-0.1	-1.78841
13065058	355	0.1	-0.1	-4.32057
13065058	356	0.1	-0.1	2.5078
13065058	357	0.1	-0.1	-4.67614
13065058	358	0.1	-0.1	0.345075
13065058	359	0.1	-0.1	2.12657
13065058	360	0.1	-0.1	-5.41953
13065058	361	0.1	-0.1	-4.53747
13065058	362	0.1	-0.1	3.71739
13065058	363	0.1	-0.1	-1.48275
13065058	364	0.1	-0.1	3.25973
13065058	365	0.1	-0.1	-5.43608
13065058	366	0.1	-0.1	-5.81811
13065058	367	0.1	-0.1	-3.34609
13065058	368	0.1	-0.1	-3.45513
13065058	369	0.1	-0.1	-1.98147
13065058	370	0.1	-0.1	-4.87909
13065058	371	0.1	-0.1	-0.522765
13065058	372	0.1	-0.1	-4.74271
13065058	373	0.1	-0.1	-2.86129
13065058	374	0.1	-0.1	4.38958
13065058	375	0.1	-0.1	2.3797
13065058	376	0.1	-0.1	-0.348841
13065058	377	0.1	-0.1	3.20676
13065058	378	0.1	-0.1	5.5845
13065058	379	0.1	-0.1	-2.15982
13065058	380	0.1	-0.1	0.963696
13065058	381	0.1	-0.1	2.22328
13065058	382	0.1	-0.1	1.50686
13065058	383	0.1	-0.1	0.559906
13065058	384	0.1	-0.1	-1.86632
13065058	385	0.1	-0.1	4.53958
13065058	386	0.1	-0.1	4.9633
13065058	387	0.1	-0.1	-1.2336
13065058	388	0.1	-0.1	2.89504
13065058	389	0.1	-0.1	4.00542
13065058	390	0.1	-0.1	-3.37879
13065058	391	0.1	-0.1	2.28466
13065058	392	0.1	-0.1	3.20724
13065058	393	0.1	-0.1	-2.37442
13065058	394	0.1	-0.1	-4.83942
13065058	395	0.1	-0.1	-0.823106
13065058	396	0.1	-0.1	-4.74303
13065058	397	0.1	-0.1	-5.39496
13065058	398	0.1	-0.1	-2.75305
13065058	399	0.1	-0.1	4.81043
13065058	400	0.1	-0.1	-2.68921
13065058	401	0.1	-0.1	5.56787
13065058	402	0.1	-0.1	3.67878
13065058	403	0.1	-0.1	3.84444
13065058	404	0.1	-0.1	3.34968
13065058	405	0.1	-0.1	1.13078
13065058	406	0.1	-0.1	-1.21324
13065058	407	0.1	-0.1	4.72534
13065058	408	0.1	-0.1	-4.1592
13065058	409	0.1	-0.1	-3.32014
13065058	410	0.1	-0.1	1.06538
13065058	411	0.1	-0.1	-0.256854
13065058	412	0.1	-0.1	-5.52337
13065058	413	0.1	-0.1	4.88452
13065058	414	0.1	-0.1	5.61625
13065058	415	0.1	-0.1	0.199842
13065058	416	0.1	-0.1	-1.38803
13065058	417	0.1	-0.1	3.51309
13065058	418	0.1	-0.1	5.76753
13065058	419	0.1	-0.1	2.5003
13065058	420	0.1	-0.1	-4.3399
13065058	421	0.1	-0.1	0.193582
13065058	422	0.1	-0.1	3.4574
13065058	423	0.1	-0.1	-4.32878
13065058	424	0.1	-0.1	-5.91792
13065058	425	0.1	-0.1	3.99895
13065058	426	0.1	-0.1	0.0614144
13065058	427	0.1	-0.1	-4.08366
13065058	428	0.1	-0.1	3.13828
13065058	429	0.1	-0.1	-5.32687
13065058	430	0.1	-0.1	-1.93296
13065058	431	0.1	-0.1	-5.49632
13065058	432	0.1	-0.1	2.8536
13065058	433	0.1	-0.1	-3.99971
13065058	434	0.1	-0.1	-1.18714
13065058	435	0.1	-0.1	4.82519
13065058	436	0.1	-0.1	1.27316
13065058	437	0.1	-0.1	1.79475
13065058	438	0.1	-0.1	-2.32087
13065058	439	0.1	-0.1	-4.36842
13065058	440	0.1	-0.1	-2.1154
13065058	441	0.1	-0.1	5.84903
13065058	442	0.1	-0.1	-2.95035
13065058	443	0.1	-0.1	-1.45314
13065058	444	0.1	-0.1	0.779211
13065058	445	0.1	-0.1	-5.36567
13065058	446	0.1	-0.1	-1.83199
13065058	447	0.1	-0.1	1.10477
13065058	448	0.1	-0.1	-5.5408
13065058	449	0.1	-0.1	3.26785
13065058	450	0.1	-0.1	-2.3502
13065058	451	0.1	-0.1	3.7328
13065058	452	0.1	-0.1	-1.42953
13065058	453	0.1	-0.1	-5.82369
13065058	454	0.1	-0.1	0.115107
13065058	455	0.1	-0.1	1.93441
13065058	456	0.1	-0.1	2.99072
13065058	457	0.1	-0.1	1.19349
13065058	458	0.1	-0.1	2.1443
13065058	459	0.1	-0.1	4.04383
13065058	460	0.1	-0.1	5.60616
13065058	461	0.1	-0.1	-0.379556
13065058	462	0.1	-0.1	-0.0916327
13065058	463	0.1	-0.1	2.26291
13065058	464	0.1	-0.1	2.50231
13065058	465	0.1	-0.1	-3.5974
13065058	466	0.1	-0.1	-1.24597
13065058	467	0.1	-0.1	5.37152
13065058	468	0.1	-0.1	-4.20392
13065058	469	0.1	-0.1	2.22528
13065058	470	0.1	-0.1	-4.70667
13065058	471	0.1	-0.1	-5.865
13065058	472	0.1	-0.1	-5.60876
13065058	473	0.1	-0.1	5.91684
13065058	474	0.1	-0.1	-5.14554
13065058	475	0.1	-0.1	0.984259
13065058	476	0.1	-0.1	1.04108
13065058	477	0.1	-0.1	2.47565
13065058	478	0.1	-0.1	1.97642
13065058	479	0.1	-0.1	-4.56087
13065058	480	0.1	-0.1	-2.34381
13065058	481	0.1	-0.1	1.01316
13065058	482	0.1	-0.1	-5.70599
13065058	483	0.1	-0.1	2.40505
13065058	484	0.1	-0.1	5.53716
13065058	485	0.1	-0.1	-4.43608
13065058	486	0.1	-0.1	-0.888476
13065058	487	0.1	-0.1	5.60251
13065058	488	0.1	-0.1	-0.321417
13065058	489	0.1	-0.1	-3.87343
13065058	490	0.1	-0.1	3.1658
13065058	491	0.1	-0.1	5.27878
13065058	492	0.1	-0.1	0.432518
13065058	493	0.1	-0.1	0.998705
13065058	494	0.1	-0.1	-5.67328
13065058	495	0.1	-0.1	5.77222
13065058	496	0.1	-0.1	-4.30323
13065058	497	0.1	-0.1	-1.6611
13065058	498	0.1	-0.1	-2.2562
13065058	499	0.1	-0.1	1.63565
13065058	500	0.1	-0.1	-1.65578
13065058	501	0.1	-0.1	2.62431
13065058	502	0.1	-0.1	-2.68985
13065058	503	0.1	-0.1	-5.36664
13065058	504	0.1	-0.1	2.87586
13065058	505	0.1	-0.1	5.24941
13065058	506	0.1	-0.1	2.01851
13065058	507	0.1	-0.1	-1.41432
13065058	508	0.1	-0.1	-0.804947
13065058	509	0.1	-0.1	3.78297
13065058	510	0.1	-0.1	3.48357
13065058	511	0.1	-0.1	-4.64677
13065058	512	0.1	-0.1	0.328676
13065058	513	0.1	-0.1	-5.23699
13065058	514	0.1	-0.1	-0.212507
13065058	515	0.1	-0.1	2.74591
13065058	516	0.1	-0.1	-1.65404
13065058	517	0.1	-0.1	-3.70884
13065058	518	0.1	-0.1	-5.10911
13065058	519	0.1	-0.1	-4.6611
13065058	520	0.1	-0.1	3.51061
13065058	521	0.1	-0.1	0.541661
13065058	522	0.1	-0.1	-0.961325
13065058	523	0.1	-0.1	3.57696
13065058	524	0.1	-0.1	2.63599
13065058	525	0.1	-0.1	-5.37461
13065058	526	0.1	-0.1	2.01001
13065058	527	0.1	-0.1	3.65132
13065058	528	0.1	-0.1	-0.711776
13065058	529	0.1	-0.1	1.46096
13065058	530	0.1	-0.1	0.663428
13065058	531	0.1	-0.1	1.29589
13065058	532	0.1	-0.1	3.0228
13065058	533	0.1	-0.1	3.42854
13065058	534	0.1	-0.1	-2.86089
13065058	535	0.1	-0.1	-5.27629
13065058	536	0.1	-0.1	2.37656
13065058	537	0.1	-0.1	3.15493
13065058	538	0.1	-0.1	1.93066
13065058	539	0.1	-0.1	4.06658
13065058	540	0.1	-0.1	-1.55723
13065058	541	0.1	-0.1	2.63333
13065058	542	0.1	-0.1	4.89577
13065058	543	0.1	-0.1	-2.5776
13065058	544	0.1	-0.1	3.17406
13065058	545	0.1	-0.1	3.62353
13065058	546	0.1	-0.1	0.672813
13065058	547	0.1	-0.1	3.30126
13065058	548	0.1	-0.1	-2.84502
13065058	549	0.1	-0.1	-1.53461
13065058	550	0.1	-0.1	-5.73496
13065058	551	0.1	-0.1	-1.92394
13065058	552	0.1	-0.1	0.672243
13065058	553	0.1	-0.1	-0.757061
13065058	554	0.1	-0.1	-1.77265
13065058	555	0.1	-0.1	4.32316
13065058	556	0.1	-0.1	2.09595
13065058	557	0.1	-0.1	1.96847
13065058	558	0.1	-0.1	0.865772
13065058	559	0.1	-0.1	-0.50445
13065058	560	0.1	-0.1	2.56827
13065058	561	0.1	-0.1	-1.00554
13065058	562	0.1	-0.1	1.37538
13065058	563	0.1	-0.1	0.298224
13065058	564	0.1	-0.1	2.61342
13065058	565	0.1	-0.1	3.79555
13065058	566	0.1	-0.1	-3.80104
13065058	567	0.1	-0.1	-1.95693
13065058	568	0.1	-0.1	2.59146
13065058	569	0.1	-0.1	-1.8826
13065058	570	0.1	-0.1	-1.18399
13065058	571	0.1	-0.1	4.95125
13065058	572	0.1	-0.1	4.75378
13065058	573	0.1	-0.1	5.8261
13065058	574	0.1	-0.1	-5.24806
13065058	575	0.1	-0.1	-4.35422
13065058	576	0.1	-0.1	-4.26675
13065058	577	0.1	-0.1	-0.941834
13065058	578	0.1	-0.1	2.86048
13065058	579	0.1	-0.1	4.35358
13065058	580	0.1	-0.1	2.37526
13065058	581	0.1	-0.1	-3.38271
13065058	582	0.1	-0.1	2.53821
13065058	583	0.1	-0.1	1.60017
13065058	584	0.1	-0.1	5.64367
13065058	585	0.1	-0.1	4.04822
13065058	586	0.1	-0.1	-5.58327
13065058	587	0.1	-0.1	-2.32371
13065058	588	0.1	-0.1	-2.43404
13065058	589	0.1	-0.1	-1.613
13065058	590	0.1	-0.1	0.658522
13065058	591	0.1	-0.1	5.29964
13065058	592	0.1	-0.1	-1.54549
13065058	593	0.1	-0.1	3.36844
13065058	594	0.1	-0.1	1.32873
13065058	595	0.1	-0.1	2.99909
13065058	596	0.1	-0.1	1.90041
13065058	597	0.1	-0.1	-0.487584
13065058	598	0.1	-0.1	3.1564
13065058	599	0.1	-0.1	-2.18868
13065058	600	0.1	-0.1	5.15609
13065058	601	0.1	-0.1	-2.37546
13065058	602	0.1	-0.1	4.04503
13065058	603	0.1	-0.1	-4.5777
13065058	604	0.1	-0.1	-4.50499
13065058	605	0.1	-0.1	-5.61596
13065058	606	0.1	-0.1	-1.51734
13065058	607	0.1	-0.1	-0.950037
13065058	608	0.1	-0.1	4.7784
13065058	609	0.1	-0.1	-5.28375
13065058	610	0.1	-0.1	-1.78788
13065058	611	0.1	-0.1	-3.87859
13065058	612	0.1	-0.1	-3.26865
13065058	613	0.1	-0.1	-0.301184
13065058	614	0.1	-0.1	5.06398
13065058	615	0.1	-0.1	-2.51864
13065058	616	0.1	-0.1	0.449539
13065058	617	0.1	-0.1	3.24497
13065058	618	0.1	-0.1	3.85361
13065058	619	0.1	-0.1	-1.78954
13065058	620	0.1	-0.1	1.52231
13065058	621	0.1	-0.1	4.79513
13065058	622	0.1	-0.1	0.457875
13065058	623	0.1	-0.1	-4.04838
13065058	624	0.1	-0.1	-4.41149
13065058	625	0.1	-0.1	-3.91276
13065058	626	0.1	-0.1	-2.6114
13065058	627	0.1	-0.1	-5.58637
13065058	628	0.1	-0.1	3.05075
13065058	629	0.1	-0.1	-0.329363
13065058	630	0.1	-0.1	-1.25729
13065058	631	0.1	-0.1	-5.53734
13065058	632	0.1	-0.1	4.3313
13065058	633	0.1	-0.1	0.21246
13065058	634	0.1	-0.1	-2.02694
13065058	635	0.1	-0.1	1.15971
13065058	636	0.1	-0.1	5.58198
13065058	637	0.1	-0.1	4.09102
13065058	638	0.1	-0.1	0.633848
13065058	639	0.1	-0.1	-1.2384
13065058	640	0.1	-0.1	3.87927
13065058	641	0.1	-0.1	0.701507
13065058	642	0.1	-0.1	0.346075
13065058	643	0.1	-0.1	5.99902
13065058	644	0.1	-0.1	-5.68392
13065058	645	0.1	-0.1	4.24255
13065058	646	0.1	-0.1	5.45054
13065058	647	0.1	-0.1	1.95656
13065058	648	0.1	-0.1	5.71465
13065058	649	0.1	-0.1	-4.65418
13065058	650	0.1	-0.1	-0.222951
13065058	651	0.1	-0.1	0.588503
13065058	652	0.1	-0.1	-3.10551
13065058	653	0.1	-0.1	3.05647
13065058	654	0.1	-0.1	-3.62718
13065058	655	0.1	-0.1	2.89667
13065058	656	0.1	-0.1	-2.79292
13065058	657	0.1	-0.1	2.1474
13065058	658	0.1	-0.1	2.1904
13065058	659	0.1	-0.1	5.15904
13065058	660	0.1	-0.1	4.23428
13065058	661	0.1	-0.1	1.85166
13065058	662	0.1	-0.1	3.25022
13065058	663	0.1	-0.1	3.70801
13065058	664	0.1	-0.1	5.39843
13065058	665	0.1	-0.1	-1.44218
13065058	666	0.1	-0.1	1.9176
13065058	667	0.1	-0.1	5.8188
13065058	668	0.1	-0.1	4.48934
13065058	669	0.1	-0.1	-2.28197
13065058	670	0.1	-0.1	-3.11187
13065058	671	0.1	-0.1	-2.43704
13065058	672	0.1	-0.1	-0.251184
13065058	673	0.1	-0.1	-1.50662
13065058	674	0.1	-0.1	-5.45083
13065058	675	0.1	-0.1	-0.0784387
13065058	676	0.1	-0.1	0.55112
13065058	677	0.1	-0.1	1.73057
13065058	678	0.1	-0.1	3.11941
13065058	679	0.1	-0.1	5.45773
13065058	680	0.1	-0.1	-4.80374
13065058	681	0.1	-0.1	5.19527
13065058	682	0.1	-0.1	-3.21173
13065058	683	0.1	-0.1	4.61422
13065058	684	0.1	-0.1	0.66265
13065058	685	0.1	-0.1	2.18339
13065058	686	0.1	-0.1	-0.593555
13065058	687	0.1	-0.1	-2.82998
13065058	688	0.1	-0.1	2.07218
13065058	689	0.1	-0.1	3.97771
13065058	690	0.1	-0.1	0.273002
13065058	691	0.1	-0.1	-2.30227
13065058	692	0.1	-0.1	-3.77583
13065058	693	0.1	-0.1	3.2315
13065058	694	0.1	-0.1	5.70011
13065058	695	0.1	-0.1	-4.86708
13065058	696	0.1	-0.1	-5.95609
13065058	697	0.1	-0.1	-5.92954
13065058	698	0.1	-0.1	3.52174
13065058	699	0.1	-0.1	1.38176
13065058	700	0.1	-0.1	-1.82167
13065058	701	0.1	-0.1	0.353943
13065058	702	0.1	-0.1	0.217706
13065058	703	0.1	-0.1	-1.66325
13065058	704	0.1	-0.1	-4.72993
13065058	705	0.1	-0.1	2.86506
13065058	706	0.1	-0.1	0.477879
13065058	707	0.1	-0.1	2.87382
13065058	708	0.1	-0.1	-5.23297
13065058	709	0.1	-0.1	-2.15479
13065058	710	0.1	-0.1	-1.83572
13065058	711	0.1	-0.1	0.375153
13065058	712	0.1	-0.1	-4.46856
13065058	713	0.1	-0.1	1.49337
13065058	714	0.1	-0.1	-3.38662
13065058	715	0.1	-0.1	4.51782
13065058	716	0.1	-0.1	-3.46595
13065058	717	0.1	-0.1	-4.91608
13065058	718	0.1	-0.1	-5.72405
13065058	719	0.1	-0.1	4.66559
13065058	720	0.1	-0.1	2.90996
13065058	721	0.1	-0.1	2.72287
13065058	722	0.1	-0.1	0.883889
13065058	723	0.1	-0.1	-2.52255
13065058	724	0.1	-0.1	2.47278
13065058	725	0.1	-0.1	5.95574
13065058	726	0.1	-0.1	0.0934834
13065058	727	0.1	-0.1	-3.52082
13065058	728	0.1	-0.1	4.9045
13065058	729	0.1	-0.1	4.38421
13065058	730	0.1	-0.1	0.117628
13065058	731	0.1	-0.1	-1.23028
13065058	732	0.1	-0.1	1.49748
13065058	733	0.1	-0.1	-5.48931
13065058	734	0.1	-0.1	2.43072
13065058	735	0.1	-0.1	-1.18106
13065058	736	0.1	-0.1	-4.41479
13065058	737	0.1	-0.1	5.26512
13065058	738	0.1	-0.1	5.01197
13065058	739	0.1	-0.1	4.6095
13065058	740	0.1	-0.1	-2.84731
13065058	741	0.1	-0.1	-2.96592
13065058	742	0.1	-0.1	4.03686
13065058	743	0.1	-0.1	-3.12008
13065058	744	0.1	-0.1	5.19243
13065058	745	0.1	-0.1	-3.80023
13065058	746	0.1	-0.1	-5.3707
13065058	747	0.1	-0.1	1.68506
13065058	748	0.1	-0.1	-3.82012
13065058	749	0.1	-0.1	4.77102
13065058	750	0.1	-0.1	5.32606
13065058	751	0.1	-0.1	-1.56939
13065058	752	0.1	-0.1	-3.75291
13065058	753	0.1	-0.1	0.749908
13065058	754	0.1	-0.1	4.94007
13065058	755	0.1	-0.1	-3.24058
13065058	756	0.1	-0.1	3.10559
13065058	757	0.1	-0.1	0.91623
13065058	758	0.1	-0.1	1.67754
13065058	759	0.1	-0.1	-4.51869
13065058	760	0.1	-0.1	4.14741
13065058	761	0.1	-0.1	-3.1657
13065058	762	0.1	-0.1	0.703523
13065058	763	0.1	-0.1	2.91249
13065058	764	0.1	-0.1	-4.48733
13065058	765	0.1	-0.1	5.72132
13065058	766	0.1	-0.1	-2.04891
13065058	767	0.1	-0.1	-2.56591
13065058	768	0.1	-0.1	2.23501
13065058	769	0.1	-0.1	-3.076
13065058	770	0.1	-0.1	-2.30933
13065058	771	0.1	-0.1	-0.153075
13065058	772	0.1	-0.1	5.69167
13065058	773	0.1	-0.1	-4.53224
13065058	774	0.1	-0.1	4.33585
13065058	775	0.1	-0.1	-2.85602
13065058	776	0.1	-0.1	4.74229
13065058	777	0.1	-0.1	-3.81434
13065058	778	0.1	-0.1	-3.12838
13065058	779	0.1	-0.1	5.41681
13065058	780	0.1	-0.1	-3.08907
13065058	781	0.1	-0.1	5.34867
13065058	782	0.1	-0.1	-3.59525
13065058	783	0.1	-0.1	-1.39973
13065058	784	0.1	-0.1	4.3171
13065058	785	0.1	-0.1	5.84801
13065058	786	0.1	-0.1	2.53546
13065058	787	0.1	-0.1	-2.29918
13065058	788	0.1	-0.1	0.595002
13065058	789	0.1	-0.1	1.18589
13065058	790	0.1	-0.1	-5.16768
13065058	791	0.1	-0.1	-1.86777
13065058	792	0.1	-0.1	2.64693
13065058	793	0.1	-0.1	0.572993
13065058	794	0.1	-0.1	-0.555926
13065058	795	0.1	-0.1	0.26848
13065058	796	0.1	-0.1	-2.4411
13065058	797	0.1	-0.1	-0.359504
13065058	798	0.1	-0.1	2.44677
13065058	799	0.1	-0.1	-4.44272
13065058	800	0.1	-0.1	-3.92047
13065058	801	0.1	-0.1	-5.49353
13065058	802	0.1	-0.1	-0.609643
13065058	803	0.1	-0.1	4.28493
13065058	804	0.1	-0.1	-5.45626
13065058	805	0.1	-0.1	4.90069
13065058	806	0.1	-0.1	0.67839
13065058	807	0.1	-0.1	-5.7537
13065058	808	0.1	-0.1	0.449865
13065058	809	0.1	-0.1	-4.28138
13065058	810	0.1	-0.1	-0.423197
13065058	811	0.1	-0.1	-4.6001
13065058	812	0.1	-0.1	3.8796
13065058	813	0.1	-0.1	0.606019
13065058	814	0.1	-0.1	-3.28496
13065058	815	0.1	-0.1	3.40794
13065058	816	0.1	-0.1	0.105768
13065058	817	0.1	-0.1	-5.85995
13065058	818	0.1	-0.1	2.88044
13065058	819	0.1	-0.1	-5.01861
13065058	820	0.1	-0.1	-2.82101
13065058	821	0.1	-0.1	1.71595
13065058	822	0.1	-0.1	-5.90166
13065058	823	0.1	-0.1	0.571023
13065058	824	0.1	-0.1	-4.06092
13065058	825	0.1	-0.1	-2.72069
13065058	826	0.1	-0.1	1.44647
13065058	827	0.1	-0.1	2.17124
13065058	828	0.1	-0.1	-3.00742
13065058	829	0.1	-0.1	-4.84259
13065058	830	0.1	-0.1	-5.58823
13065058	831	0.1	-0.1	3.15475
13065058	832	0.1	-0.1	-1.47444
13065058	833	0.1	-0.1	1.92204
13065058	834	0.1	-0.1	-2.39187
13065058	835	0.1	-0.1	5.7814
13065058	836	0.1	-0.1	2.02223
13065058	837	0.1	-0.1	-4.53592
13065058	838	0.1	-0.1	-5.78087
13065058	839	0.1	-0.1	-3.3696
13065058	840	0.1	-0.1	-5.60973
13065058	841	0.1	-0.1	-3.71628
13065058	842	0.1	-0.1	2.70604
13065058	843	0.1	-0.1	-3.02703
13065058	844	0.1	-0.1	2.86245
13065058	845	0.1	-0.1	-1.53404
13065058	846	0.1	-0.1	-5.97479
13065058	847	0.1	-0.1	3.14515
13065058	848	0.1	-0.1	3.50929
13065058	849	0.1	-0.1	-3.93016
13065058	850	0.1	-0.1	-0.180982
13065058	851	0.1	-0.1	-4.73527
13065058	852	0.1	-0.1	-5.62314
13065058	853	0.1	-0.1	3.62247
13065058	854	0.1	-0.1	-5.25294
13065058	855	0.1	-0.1	5.40178
13065058	856	0.1	-0.1	-3.72238
13065058	857	0.1	-0.1	5.10264
13065058	858	0.1	-0.1	-5.77136
13065058	859	0.1	-0.1	0.617906
13065058	860	0.1	-0.1	2.47688
13065058	861	0.1	-0.1	-0.502277
13065058	862	0.1	-0.1	-0.389847
13065058	863	0.1	-0.1	-2.22124
13065058	864	0.1	-0.1	3.64152
13065058	865	0.1	-0.1	0.7472
13065058	866	0.1	-0.1	1.72285
13065058	867	0.1	-0.1	3.33513
13065058	868	0.1	-0.1	0.509214
13065058	869	0.1	-0.1	4.33172
13065058	870	0.1	-0.1	-0.29176
13065058	871	0.1	-0.1	-4.19043
13065058	872	0.1	-0.1	-1.71707
13065058	873	0.1	-0.1	5.66513
13065058	874	0.1	-0.1	4.90217
13065058	875	0.1	-0.1	-5.11796
13065058	876	0.1	-0.1	-2.4538
13065058	877	0.1	-0.1	-2.63286
13065058	878	0.1	-0.1	-0.272601
13065058	879	0.1	-0.1	0.245102
13065058	880	0.1	-0.1	-0.523535
13065058	881	0.1	-0.1	-1.81032
13065058	882	0.1	-0.1	0.201511
13065058	883	0.1	-0.1	2.24993
13065058	884	0.1	-0.1	-3.86007
13065058	885	0.1	-0.1	-5.56105
13065058	886	0.1	-0.1	3.0734
13065058	887	0.1	-0.1	-3.60286
13065058	888	0.1	-0.1	1.24935
13065058	889	0.1	-0.1	2.24043
13065058	890	0.1	-0.1	-5.1994
13065058	891	0.1	-0.1	-3.71795
13065058	892	0.1	-0.1	-5.8302
13065058	893	0.1	-0.1	5.11697
13065058	894	0.1	-0.1	5.23928
13065058	895	0.1	-0.1	-4.34135
13065058	896	0.1	-0.1	0.397105
13065058	897	0.1	-0.1	-3.1271
13065058	898	0.1	-0.1	-3.02821
13065058	899	0.1	-0.1	-1.67288
13065058	900	0.1	-0.1	-4.66335
13065058	901	0.1	-0.1	-3.23091
13065058	902	0.1	-0.1	-4.50169
13065058	903	0.1	-0.1	2.64559
13065058	904	0.1	-0.1	1.19216
13065058	905	0.1	-0.1	0.838698
13065058	906	0.1	-0.1	0.0249656
13065058	907	0.1	-0.1	-4.16167
13065058	908	0.1	-0.1	0.890016
13065058	909	0.1	-0.1	-5.00558
13065058	910	0.1	-0.1	-0.551098
13065058	911	0.1	-0.1	-5.05221
13065058	912	0.1	-0.1	-0.375084
13065058	913	0.1	-0.1	4.21138
13065058	914	0.1	-0.1	-0.139147
13065058	915	0.1	-0.1	4.87555
13065058	916	0.1	-0.1	-1.77093
13065058	917	0.1	-0.1	2.9449
13065058	918	0.1	-0.1	1.12766
13065058	919	0.1	-0.1	-5.07073
13065058	920	0.1	-0.1	1.10085
13065058	921	0.1	-0.1	5.35638
13065058	922	0.1	-0.1	4.62031
13065058	923	0.1	-0.1	-2.38801
13065058	924	0.1	-0.1	-1.80318
13065058	925	0.1	-0.1	4.95579
13065058	926	0.1	-0.1	-3.91349
13065058	927	0.1	-0.1	-1.36048
13065058	928	0.1	-0.1	2.67888
13065058	929	0.1	-0.1	0.324365
13065058	930	0.1	-0.1	-2.98199
13065058	931	0.1	-0.1	-5.94386
13065058	932	0.1	-0.1	5.21936
13065058	933	0.1	-0.1	1.69515
13065058	934	0.1	-0.1	-0.255048
13065058	935	0.1	-0.1	-5.06824
13065058	936	0.1	-0.1	-0.00814076
13065058	937	0.1	-0.1	-3.70506
13065058	938	0.1	-0.1	-2.09116
13065058	939	0.1	-0.1	0.263469
13065058	940	0.1	-0.1	-2.01112
13065058	941	0.1	-0.1	4.29089
13065058	942	0.1	-0.1	-0.23876
13065058	943	0.1	-0.1	4.82415
13065058	944	0.1	-0.1	1.82123
13065058	945	0.1	-0.1	4.44457
13065058	946	0.1	-0.1	-3.8897
13065058	947	0.1	-0.1	4.76855
13065058	948	0.1	-0.1	-1.01218
13065058	949	0.1	-0.1	1.24523
13065058	950	0.1	-0.1	4.35736
13065058	951	0.1	-0.1	0.448047
13065058	952	0.1	-0.1	-1.80768
13065058	953	0.1	-0.1	-5.8485
13065058	954	0.1	-0.1	4.06656
13065058	955	0.1	-0.1	2.4997
13065058	956	0.1	-0.1	1.48581
13065058	957	0.1	-0.1	-2.1532
13065058	958	0.1	-0.1	2.23465
13065058	959	0.1	-0.1	2.86858
13065058	960	0.1	-0.1	-3.75153
13065058	961	0.1	-0.1	0.738832
13065058	962	0.1	-0.1	0.882397
13065058	963	0.1	-0.1	5.20513
13065058	964	0.1	-0.1	5.90735
13065058	965	0.1	-0.1	1.83186
13065058	966	0.1	-0.1	-1.80084
13065058	967	0.1	-0.1	-2.50924
13065058	968	0.1	-0.1	-3.06519
13065058	969	0.1	-0.1	3.00376
13065058	970	0.1	-0.1	-2.41016
13065058	971	0.1	-0.1	-0.133513
13065058	972	0.1	-0.1	2.5553
13065058	973	0.1	-0.1	-5.10678
13065058	974	0.1	-0.1	2.30849
13065058	975	0.1	-0.1	-5.74127
13065058	976	0.1	-0.1	4.82144
13065058	977	0.1	-0.1	3.44166
13065058	978	0.1	-0.1	3.61842
13065058	979	0.1	-0.1	-5.18736
13065058	980	0.1	-0.1	3.33824
13065058	981	0.1	-0.1	0.075492
13065058	982	0.1	-0.1	3.23577
13065058	983	0.1	-0.1	1.78921
13065058	984	0.1	-0.1	1.07992
13065058	985	0.1	-0.1	-1.34453
13065058	986	0.1	-0.1	3.15503
13065058	987	0.1	-0.1	4.17106
13065058	988	0.1	-0.1	-4.22882
13065058	989	0.1	-0.1	3.96103
13065058	990	0.1	-0.1	-3.57928
13065058	991	0.1	-0.1	1.94938
13065058	992	0.1	-0.1	4.67297
13065058	993	0.1	-0.1	-5.98142
13065058	994	0.1	-0.1	5.49831
13065058	995	0.1	-0.1	1.6702
13065058	996	0.1	-0.1	-1.47924
13065058	997	0.1	-0.1	-3.42066
13065058	998	0.1	-0.1	-1.93773
13065058	999	0.1	-0.1	-1.58241
13065058	1000	0.1	-0.1	0.442585
