13062001	1	0.1	-0.1	-0.804285
13062001	2	0.1	-0.1	-3.56212
13062001	3	0.1	-0.1	3.34779
13062001	4	0.1	-0.1	-1.83555
13062001	5	0.1	-0.1	-4.60998
13062001	6	0.1	-0.1	1.89374
13062001	7	0.1	-0.1	-2.82642
13062001	8	0.1	-0.1	4.74143
13062001	9	0.1	-0.1	-4.00201
13062001	10	0.1	-0.1	-4.22503
13062001	11	0.1	-0.1	4.17145
13062001	12	0.1	-0.1	-5.00328
13062001	13	0.1	-0.1	0.965767
13062001	14	0.1	-0.1	-4.02711
13062001	15	0.1	-0.1	2.58862
13062001	16	0.1	-0.1	-3.43296
13062001	17	0.1	-0.1	4.22906
13062001	18	0.1	-0.1	-3.00551
13062001	19	0.1	-0.1	-3.65069
13062001	20	0.1	-0.1	4.32331
13062001	21	0.1	-0.1	-4.81353
13062001	22	0.1	-0.1	1.05649
13062001	23	0.1	-0.1	5.87851
13062001	24	0.1	-0.1	-2.21755
13062001	25	0.1	-0.1	-3.72886
13062001	26	0.1	-0.1	2.11596
13062001	27	0.1	-0.1	1.02903
13062001	28	0.1	-0.1	-2.40976
13062001	29	0.1	-0.1	-0.0386845
13062001	30	0.1	-0.1	-2.31921
13062001	31	0.1	-0.1	4.89727
13062001	32	0.1	-0.1	4.39218
13062001	33	0.1	-0.1	-2.19418
13062001	34	0.1	-0.1	2.11517
13062001	35	0.1	-0.1	-3.88526
13062001	36	0.1	-0.1	4.14217
13062001	37	0.1	-0.1	-3.25226
13062001	38	0.1	-0.1	-2.0917
13062001	39	0.1	-0.1	3.9638
13062001	40	0.1	-0.1	-5.25974
13062001	41	0.1	-0.1	3.718
13062001	42	0.1	-0.1	-3.48731
13062001	43	0.1	-0.1	-0.555955
13062001	44	0.1	-0.1	-2.94709
13062001	45	0.1	-0.1	-2.22655
13062001	46	0.1	-0.1	2.27993
13062001	47	0.1	-0.1	-0.0363484
13062001	48	0.1	-0.1	-4.63168
13062001	49	0.1	-0.1	-4.40332
13062001	50	0.1	-0.1	-2.58123
13062001	51	0.1	-0.1	-2.75962
13062001	52	0.1	-0.1	-1.63552
13062001	53	0.1	-0.1	0.920927
13062001	54	0.1	-0.1	5.81534
13062001	55	0.1	-0.1	-0.312739
13062001	56	0.1	-0.1	2.65799
13062001	57	0.1	-0.1	-3.26751
13062001	58	0.1	-0.1	-2.37449
13062001	59	0.1	-0.1	3.00907
13062001	60	0.1	-0.1	0.524431
13062001	61	0.1	-0.1	2.56172
13062001	62	0.1	-0.1	-4.18482
13062001	63	0.1	-0.1	3.5644
13062001	64	0.1	-0.1	1.89699
13062001	65	0.1	-0.1	-0.81877
13062001	66	0.1	-0.1	-0.0849888
13062001	67	0.1	-0.1	-4.93377
13062001	68	0.1	-0.1	3.70278
13062001	69	0.1	-0.1	0.918212
13062001	70	0.1	-0.1	-4.66427
13062001	71	0.1	-0.1	-2.7299
13062001	72	0.1	-0.1	1.65956
13062001	73	0.1	-0.1	3.64284
13062001	74	0.1	-0.1	-1.55686
13062001	75	0.1	-0.1	-2.72583
13062001	76	0.1	-0.1	1.14888
13062001	77	0.1	-0.1	-3.51433
13062001	78	0.1	-0.1	-5.31697
13062001	79	0.1	-0.1	1.53806
13062001	80	0.1	-0.1	-1.67323
13062001	81	0.1	-0.1	1.32771
13062001	82	0.1	-0.1	-4.63591
13062001	83	0.1	-0.1	3.45998
13062001	84	0.1	-0.1	-2.17991
13062001	85	0.1	-0.1	-4.70213
13062001	86	0.1	-0.1	-5.97861
13062001	87	0.1	-0.1	3.48774
13062001	88	0.1	-0.1	-4.23517
13062001	89	0.1	-0.1	-1.6886
13062001	90	0.1	-0.1	5.26616
13062001	91	0.1	-0.1	-0.379009
13062001	92	0.1	-0.1	3.4741
13062001	93	0.1	-0.1	-2.86722
13062001	94	0.1	-0.1	3.53194
13062001	95	0.1	-0.1	-1.96502
13062001	96	0.1	-0.1	0.436526
13062001	97	0.1	-0.1	-4.18018
13062001	98	0.1	-0.1	-0.690621
13062001	99	0.1	-0.1	-5.87673
13062001	100	0.1	-0.1	0.311814
13062001	101	0.1	-0.1	2.71546
13062001	102	0.1	-0.1	2.46513
13062001	103	0.1	-0.1	1.35158
13062001	104	0.1	-0.1	-3.57195
13062001	105	0.1	-0.1	-1.9141
13062001	106	0.1	-0.1	5.06626
13062001	107	0.1	-0.1	-2.65511
13062001	108	0.1	-0.1	-0.570275
13062001	109	0.1	-0.1	2.46088
13062001	110	0.1	-0.1	2.23973
13062001	111	0.1	-0.1	-1.08229
13062001	112	0.1	-0.1	1.30096
13062001	113	0.1	-0.1	2.09779
13062001	114	0.1	-0.1	-3.04882
13062001	115	0.1	-0.1	0.430571
13062001	116	0.1	-0.1	0.687623
13062001	117	0.1	-0.1	-0.690486
13062001	118	0.1	-0.1	1.12899
13062001	119	0.1	-0.1	-1.42574
13062001	120	0.1	-0.1	-3.11697
13062001	121	0.1	-0.1	0.947616
13062001	122	0.1	-0.1	-3.64892
13062001	123	0.1	-0.1	2.45361
13062001	124	0.1	-0.1	0.977697
13062001	125	0.1	-0.1	-5.50402
13062001	126	0.1	-0.1	-5.43059
13062001	127	0.1	-0.1	3.19375
13062001	128	0.1	-0.1	-4.33725
13062001	129	0.1	-0.1	-5.2478
13062001	130	0.1	-0.1	-1.75864
13062001	131	0.1	-0.1	3.14587
13062001	132	0.1	-0.1	-3.46487
13062001	133	0.1	-0.1	-1.81419
13062001	134	0.1	-0.1	-1.95501
13062001	135	0.1	-0.1	-1.72161
13062001	136	0.1	-0.1	1.3104
13062001	137	0.1	-0.1	1.78362
13062001	138	0.1	-0.1	-3.68984
13062001	139	0.1	-0.1	3.7212
13062001	140	0.1	-0.1	-2.89896
13062001	141	0.1	-0.1	-1.16058
13062001	142	0.1	-0.1	3.02313
13062001	143	0.1	-0.1	-0.447973
13062001	144	0.1	-0.1	3.33706
13062001	145	0.1	-0.1	-1.53422
13062001	146	0.1	-0.1	5.02642
13062001	147	0.1	-0.1	4.9089
13062001	148	0.1	-0.1	0.791053
13062001	149	0.1	-0.1	2.69166
13062001	150	0.1	-0.1	2.29549
13062001	151	0.1	-0.1	-0.450637
13062001	152	0.1	-0.1	-4.82615
13062001	153	0.1	-0.1	-4.95225
13062001	154	0.1	-0.1	-2.90305
13062001	155	0.1	-0.1	-3.70392
13062001	156	0.1	-0.1	-5.45344
13062001	157	0.1	-0.1	-3.0531
13062001	158	0.1	-0.1	2.15668
13062001	159	0.1	-0.1	0.38491
13062001	160	0.1	-0.1	5.07679
13062001	161	0.1	-0.1	5.7159
13062001	162	0.1	-0.1	1.08161
13062001	163	0.1	-0.1	-3.28486
13062001	164	0.1	-0.1	-2.64136
13062001	165	0.1	-0.1	-2.14444
13062001	166	0.1	-0.1	4.11847
13062001	167	0.1	-0.1	4.19186
13062001	168	0.1	-0.1	-3.51885
13062001	169	0.1	-0.1	2.53459
13062001	170	0.1	-0.1	1.05103
13062001	171	0.1	-0.1	5.71304
13062001	172	0.1	-0.1	-2.54901
13062001	173	0.1	-0.1	1.22622
13062001	174	0.1	-0.1	-5.92143
13062001	175	0.1	-0.1	-2.61219
13062001	176	0.1	-0.1	4.99465
13062001	177	0.1	-0.1	1.3599
13062001	178	0.1	-0.1	-3.59098
13062001	179	0.1	-0.1	-4.97593
13062001	180	0.1	-0.1	-2.41912
13062001	181	0.1	-0.1	4.56931
13062001	182	0.1	-0.1	-1.51754
13062001	183	0.1	-0.1	-4.24002
13062001	184	0.1	-0.1	-1.19428
13062001	185	0.1	-0.1	1.92262
13062001	186	0.1	-0.1	3.15158
13062001	187	0.1	-0.1	-2.6053
13062001	188	0.1	-0.1	-1.52532
13062001	189	0.1	-0.1	-0.419911
13062001	190	0.1	-0.1	-0.0398099
13062001	191	0.1	-0.1	1.21888
13062001	192	0.1	-0.1	5.79823
13062001	193	0.1	-0.1	-0.397041
13062001	194	0.1	-0.1	-1.33787
13062001	195	0.1	-0.1	0.75634
13062001	196	0.1	-0.1	0.283199
13062001	197	0.1	-0.1	-2.434
13062001	198	0.1	-0.1	5.50693
13062001	199	0.1	-0.1	-3.3203
13062001	200	0.1	-0.1	-5.28046
13062001	201	0.1	-0.1	1.01683
13062001	202	0.1	-0.1	-0.594038
13062001	203	0.1	-0.1	-4.73168
13062001	204	0.1	-0.1	-0.664177
13062001	205	0.1	-0.1	-4.5616
13062001	206	0.1	-0.1	-0.744749
13062001	207	0.1	-0.1	-1.5108
13062001	208	0.1	-0.1	-3.87373
13062001	209	0.1	-0.1	-4.27285
13062001	210	0.1	-0.1	0.272771
13062001	211	0.1	-0.1	-4.56633
13062001	212	0.1	-0.1	-4.1122
13062001	213	0.1	-0.1	3.25699
13062001	214	0.1	-0.1	-3.0009
13062001	215	0.1	-0.1	1.7578
13062001	216	0.1	-0.1	-1.4015
13062001	217	0.1	-0.1	4.67864
13062001	218	0.1	-0.1	-4.92492
13062001	219	0.1	-0.1	2.81523
13062001	220	0.1	-0.1	-2.98489
13062001	221	0.1	-0.1	-3.72255
13062001	222	0.1	-0.1	1.15343
13062001	223	0.1	-0.1	-2.16593
13062001	224	0.1	-0.1	-2.75193
13062001	225	0.1	-0.1	-1.2871
13062001	226	0.1	-0.1	-3.81082
13062001	227	0.1	-0.1	5.99517
13062001	228	0.1	-0.1	-4.32357
13062001	229	0.1	-0.1	-0.534453
13062001	230	0.1	-0.1	-2.72087
13062001	231	0.1	-0.1	-2.62648
13062001	232	0.1	-0.1	0.549889
13062001	233	0.1	-0.1	-1.77952
13062001	234	0.1	-0.1	-2.07638
13062001	235	0.1	-0.1	-2.3431
13062001	236	0.1	-0.1	3.64712
13062001	237	0.1	-0.1	1.89174
13062001	238	0.1	-0.1	-2.83451
13062001	239	0.1	-0.1	-1.41855
13062001	240	0.1	-0.1	-5.70967
13062001	241	0.1	-0.1	5.50343
13062001	242	0.1	-0.1	-0.353419
13062001	243	0.1	-0.1	-1.90943
13062001	244	0.1	-0.1	-2.55982
13062001	245	0.1	-0.1	-3.45318
13062001	246	0.1	-0.1	5.28097
13062001	247	0.1	-0.1	-5.17765
13062001	248	0.1	-0.1	2.30971
13062001	249	0.1	-0.1	-2.93076
13062001	250	0.1	-0.1	2.43101
13062001	251	0.1	-0.1	-4.32341
13062001	252	0.1	-0.1	1.26841
13062001	253	0.1	-0.1	-0.60004
13062001	254	0.1	-0.1	-2.59085
13062001	255	0.1	-0.1	-4.41038
13062001	256	0.1	-0.1	5.73749
13062001	257	0.1	-0.1	-3.63432
13062001	258	0.1	-0.1	2.94428
13062001	259	0.1	-0.1	-5.14557
13062001	260	0.1	-0.1	-3.82999
13062001	261	0.1	-0.1	3.86381
13062001	262	0.1	-0.1	4.6071
13062001	263	0.1	-0.1	0.419427
13062001	264	0.1	-0.1	-5.87768
13062001	265	0.1	-0.1	2.65659
13062001	266	0.1	-0.1	-1.71906
13062001	267	0.1	-0.1	5.15392
13062001	268	0.1	-0.1	5.35742
13062001	269	0.1	-0.1	4.85002
13062001	270	0.1	-0.1	5.10586
13062001	271	0.1	-0.1	-4.91834
13062001	272	0.1	-0.1	-5.43084
13062001	273	0.1	-0.1	-3.46203
13062001	274	0.1	-0.1	1.79141
13062001	275	0.1	-0.1	4.25057
13062001	276	0.1	-0.1	0.432793
13062001	277	0.1	-0.1	2.59719
13062001	278	0.1	-0.1	-2.51362
13062001	279	0.1	-0.1	4.68649
13062001	280	0.1	-0.1	4.57521
13062001	281	0.1	-0.1	-0.840975
13062001	282	0.1	-0.1	5.11861
13062001	283	0.1	-0.1	-2.76044
13062001	284	0.1	-0.1	2.11626
13062001	285	0.1	-0.1	2.99141
13062001	286	0.1	-0.1	-5.34571
13062001	287	0.1	-0.1	-2.08574
13062001	288	0.1	-0.1	4.6046
13062001	289	0.1	-0.1	-1.30397
13062001	290	0.1	-0.1	5.60108
13062001	291	0.1	-0.1	-0.350414
13062001	292	0.1	-0.1	2.84374
13062001	293	0.1	-0.1	4.46032
13062001	294	0.1	-0.1	3.63705
13062001	295	0.1	-0.1	-1.91158
13062001	296	0.1	-0.1	-5.40355
13062001	297	0.1	-0.1	1.09006
13062001	298	0.1	-0.1	-0.970327
13062001	299	0.1	-0.1	-1.84588
13062001	300	0.1	-0.1	3.23599
13062001	301	0.1	-0.1	3.77673
13062001	302	0.1	-0.1	-3.66899
13062001	303	0.1	-0.1	-2.74938
13062001	304	0.1	-0.1	-0.617909
13062001	305	0.1	-0.1	-3.57786
13062001	306	0.1	-0.1	-1.04728
13062001	307	0.1	-0.1	0.483321
13062001	308	0.1	-0.1	-1.22434
13062001	309	0.1	-0.1	0.441817
13062001	310	0.1	-0.1	2.55945
13062001	311	0.1	-0.1	0.972139
13062001	312	0.1	-0.1	2.65398
13062001	313	0.1	-0.1	-0.425674
13062001	314	0.1	-0.1	4.05091
13062001	315	0.1	-0.1	5.6082
13062001	316	0.1	-0.1	0.754297
13062001	317	0.1	-0.1	-5.30012
13062001	318	0.1	-0.1	3.5263
13062001	319	0.1	-0.1	-3.12978
13062001	320	0.1	-0.1	-3.12355
13062001	321	0.1	-0.1	1.30615
13062001	322	0.1	-0.1	4.6407
13062001	323	0.1	-0.1	-0.0796235
13062001	324	0.1	-0.1	-2.16212
13062001	325	0.1	-0.1	1.20072
13062001	326	0.1	-0.1	-2.88291
13062001	327	0.1	-0.1	-3.8834
13062001	328	0.1	-0.1	-3.53009
13062001	329	0.1	-0.1	-0.451551
13062001	330	0.1	-0.1	4.45966
13062001	331	0.1	-0.1	0.251588
13062001	332	0.1	-0.1	1.80284
13062001	333	0.1	-0.1	0.21515
13062001	334	0.1	-0.1	4.5454
13062001	335	0.1	-0.1	4.27969
13062001	336	0.1	-0.1	-3.99032
13062001	337	0.1	-0.1	-5.31114
13062001	338	0.1	-0.1	5.1391
13062001	339	0.1	-0.1	4.32792
13062001	340	0.1	-0.1	4.29978
13062001	341	0.1	-0.1	3.09088
13062001	342	0.1	-0.1	2.39576
13062001	343	0.1	-0.1	4.95015
13062001	344	0.1	-0.1	-5.85544
13062001	345	0.1	-0.1	-1.12196
13062001	346	0.1	-0.1	-0.015992
13062001	347	0.1	-0.1	-3.65634
13062001	348	0.1	-0.1	-4.76898
13062001	349	0.1	-0.1	3.83086
13062001	350	0.1	-0.1	3.44712
13062001	351	0.1	-0.1	1.48378
13062001	352	0.1	-0.1	0.619014
13062001	353	0.1	-0.1	-3.08032
13062001	354	0.1	-0.1	3.93505
13062001	355	0.1	-0.1	4.02565
13062001	356	0.1	-0.1	-3.81301
13062001	357	0.1	-0.1	3.39642
13062001	358	0.1	-0.1	-4.59587
13062001	359	0.1	-0.1	-0.98024
13062001	360	0.1	-0.1	1.9416
13062001	361	0.1	-0.1	3.36212
13062001	362	0.1	-0.1	2.33457
13062001	363	0.1	-0.1	2.4338
13062001	364	0.1	-0.1	3.78947
13062001	365	0.1	-0.1	-4.12607
13062001	366	0.1	-0.1	-2.28077
13062001	367	0.1	-0.1	-4.76569
13062001	368	0.1	-0.1	4.74263
13062001	369	0.1	-0.1	-5.37009
13062001	370	0.1	-0.1	-0.0540685
13062001	371	0.1	-0.1	5.19559
13062001	372	0.1	-0.1	5.03292
13062001	373	0.1	-0.1	-2.32244
13062001	374	0.1	-0.1	-0.377079
13062001	375	0.1	-0.1	-2.03474
13062001	376	0.1	-0.1	2.51755
13062001	377	0.1	-0.1	2.54931
13062001	378	0.1	-0.1	5.5485
13062001	379	0.1	-0.1	5.37468
13062001	380	0.1	-0.1	5.14152
13062001	381	0.1	-0.1	-0.162344
13062001	382	0.1	-0.1	-3.0149
13062001	383	0.1	-0.1	5.06599
13062001	384	0.1	-0.1	-4.2243
13062001	385	0.1	-0.1	-4.60004
13062001	386	0.1	-0.1	3.56041
13062001	387	0.1	-0.1	-2.33842
13062001	388	0.1	-0.1	4.08878
13062001	389	0.1	-0.1	5.84666
13062001	390	0.1	-0.1	0.208325
13062001	391	0.1	-0.1	3.10034
13062001	392	0.1	-0.1	-5.9521
13062001	393	0.1	-0.1	-4.03968
13062001	394	0.1	-0.1	1.92281
13062001	395	0.1	-0.1	-0.638894
13062001	396	0.1	-0.1	1.95269
13062001	397	0.1	-0.1	0.0172973
13062001	398	0.1	-0.1	-1.97917
13062001	399	0.1	-0.1	-2.7347
13062001	400	0.1	-0.1	-0.0692099
13062001	401	0.1	-0.1	3.28187
13062001	402	0.1	-0.1	-4.03279
13062001	403	0.1	-0.1	4.88877
13062001	404	0.1	-0.1	4.92654
13062001	405	0.1	-0.1	-5.69083
13062001	406	0.1	-0.1	-0.72466
13062001	407	0.1	-0.1	0.147287
13062001	408	0.1	-0.1	4.40346
13062001	409	0.1	-0.1	-4.62116
13062001	410	0.1	-0.1	2.81336
13062001	411	0.1	-0.1	-3.30067
13062001	412	0.1	-0.1	-3.58083
13062001	413	0.1	-0.1	3.89752
13062001	414	0.1	-0.1	5.77936
13062001	415	0.1	-0.1	5.7021
13062001	416	0.1	-0.1	-0.62168
13062001	417	0.1	-0.1	2.75139
13062001	418	0.1	-0.1	1.41369
13062001	419	0.1	-0.1	-0.679794
13062001	420	0.1	-0.1	5.10589
13062001	421	0.1	-0.1	5.70188
13062001	422	0.1	-0.1	4.98416
13062001	423	0.1	-0.1	3.01133
13062001	424	0.1	-0.1	0.754152
13062001	425	0.1	-0.1	2.98363
13062001	426	0.1	-0.1	-2.65228
13062001	427	0.1	-0.1	-2.0455
13062001	428	0.1	-0.1	-3.00924
13062001	429	0.1	-0.1	0.525073
13062001	430	0.1	-0.1	-0.0632103
13062001	431	0.1	-0.1	1.61976
13062001	432	0.1	-0.1	1.60203
13062001	433	0.1	-0.1	2.7035
13062001	434	0.1	-0.1	-1.04802
13062001	435	0.1	-0.1	5.50975
13062001	436	0.1	-0.1	2.49544
13062001	437	0.1	-0.1	-5.78509
13062001	438	0.1	-0.1	-5.05262
13062001	439	0.1	-0.1	4.59518
13062001	440	0.1	-0.1	-3.6091
13062001	441	0.1	-0.1	3.47819
13062001	442	0.1	-0.1	-2.21079
13062001	443	0.1	-0.1	0.509689
13062001	444	0.1	-0.1	-4.88306
13062001	445	0.1	-0.1	1.30432
13062001	446	0.1	-0.1	0.382156
13062001	447	0.1	-0.1	4.53756
13062001	448	0.1	-0.1	-0.496387
13062001	449	0.1	-0.1	2.33332
13062001	450	0.1	-0.1	5.98659
13062001	451	0.1	-0.1	4.03622
13062001	452	0.1	-0.1	2.05066
13062001	453	0.1	-0.1	-2.76986
13062001	454	0.1	-0.1	-3.31698
13062001	455	0.1	-0.1	2.38892
13062001	456	0.1	-0.1	-3.17375
13062001	457	0.1	-0.1	-1.66791
13062001	458	0.1	-0.1	-4.93112
13062001	459	0.1	-0.1	-1.51304
13062001	460	0.1	-0.1	-4.17953
13062001	461	0.1	-0.1	5.72794
13062001	462	0.1	-0.1	1.14225
13062001	463	0.1	-0.1	3.52476
13062001	464	0.1	-0.1	-2.84452
13062001	465	0.1	-0.1	1.97576
13062001	466	0.1	-0.1	1.75514
13062001	467	0.1	-0.1	3.27153
13062001	468	0.1	-0.1	4.91801
13062001	469	0.1	-0.1	-2.09488
13062001	470	0.1	-0.1	-3.97736
13062001	471	0.1	-0.1	-0.771122
13062001	472	0.1	-0.1	3.70408
13062001	473	0.1	-0.1	0.395905
13062001	474	0.1	-0.1	5.23742
13062001	475	0.1	-0.1	4.18571
13062001	476	0.1	-0.1	-3.78207
13062001	477	0.1	-0.1	4.86635
13062001	478	0.1	-0.1	1.11457
13062001	479	0.1	-0.1	-5.80106
13062001	480	0.1	-0.1	-3.56778
13062001	481	0.1	-0.1	2.41424
13062001	482	0.1	-0.1	4.87978
13062001	483	0.1	-0.1	-0.819719
13062001	484	0.1	-0.1	2.25027
13062001	485	0.1	-0.1	-5.87267
13062001	486	0.1	-0.1	-2.90505
13062001	487	0.1	-0.1	-1.49919
13062001	488	0.1	-0.1	0.0675097
13062001	489	0.1	-0.1	1.95827
13062001	490	0.1	-0.1	-4.5818
13062001	491	0.1	-0.1	4.6422
13062001	492	0.1	-0.1	-2.50029
13062001	493	0.1	-0.1	2.49836
13062001	494	0.1	-0.1	-4.20363
13062001	495	0.1	-0.1	4.99403
13062001	496	0.1	-0.1	1.3698
13062001	497	0.1	-0.1	-3.79165
13062001	498	0.1	-0.1	-1.47641
13062001	499	0.1	-0.1	-5.95912
13062001	500	0.1	-0.1	-3.178
13062001	501	0.1	-0.1	-4.30173
13062001	502	0.1	-0.1	-4.41417
13062001	503	0.1	-0.1	-1.51609
13062001	504	0.1	-0.1	-4.64559
13062001	505	0.1	-0.1	-2.35688
13062001	506	0.1	-0.1	-4.11569
13062001	507	0.1	-0.1	-5.89587
13062001	508	0.1	-0.1	0.947562
13062001	509	0.1	-0.1	-4.78714
13062001	510	0.1	-0.1	-3.25061
13062001	511	0.1	-0.1	-0.991135
13062001	512	0.1	-0.1	2.2987
13062001	513	0.1	-0.1	4.76849
13062001	514	0.1	-0.1	-3.1945
13062001	515	0.1	-0.1	-0.298238
13062001	516	0.1	-0.1	4.54567
13062001	517	0.1	-0.1	-3.93584
13062001	518	0.1	-0.1	1.84536
13062001	519	0.1	-0.1	-1.98347
13062001	520	0.1	-0.1	-2.01018
13062001	521	0.1	-0.1	5.5834
13062001	522	0.1	-0.1	-4.62552
13062001	523	0.1	-0.1	0.2279
13062001	524	0.1	-0.1	0.558482
13062001	525	0.1	-0.1	-5.27758
13062001	526	0.1	-0.1	3.90835
13062001	527	0.1	-0.1	-2.309
13062001	528	0.1	-0.1	-3.7115
13062001	529	0.1	-0.1	5.85037
13062001	530	0.1	-0.1	4.16035
13062001	531	0.1	-0.1	3.58942
13062001	532	0.1	-0.1	-3.54578
13062001	533	0.1	-0.1	0.405604
13062001	534	0.1	-0.1	3.39322
13062001	535	0.1	-0.1	5.93202
13062001	536	0.1	-0.1	2.97656
13062001	537	0.1	-0.1	0.664043
13062001	538	0.1	-0.1	-1.9177
13062001	539	0.1	-0.1	-2.13334
13062001	540	0.1	-0.1	2.07905
13062001	541	0.1	-0.1	0.601068
13062001	542	0.1	-0.1	1.32656
13062001	543	0.1	-0.1	-0.527377
13062001	544	0.1	-0.1	-1.98676
13062001	545	0.1	-0.1	4.74517
13062001	546	0.1	-0.1	5.80724
13062001	547	0.1	-0.1	0.406618
13062001	548	0.1	-0.1	2.6589
13062001	549	0.1	-0.1	-5.12976
13062001	550	0.1	-0.1	-0.628031
13062001	551	0.1	-0.1	-5.24571
13062001	552	0.1	-0.1	2.01494
13062001	553	0.1	-0.1	4.52177
13062001	554	0.1	-0.1	-2.55922
13062001	555	0.1	-0.1	4.82141
13062001	556	0.1	-0.1	-0.0937581
13062001	557	0.1	-0.1	5.78598
13062001	558	0.1	-0.1	0.0500265
13062001	559	0.1	-0.1	3.11986
13062001	560	0.1	-0.1	5.84709
13062001	561	0.1	-0.1	0.364772
13062001	562	0.1	-0.1	-4.02127
13062001	563	0.1	-0.1	3.06643
13062001	564	0.1	-0.1	-5.88777
13062001	565	0.1	-0.1	4.43652
13062001	566	0.1	-0.1	1.05403
13062001	567	0.1	-0.1	-2.88423
13062001	568	0.1	-0.1	-2.82505
13062001	569	0.1	-0.1	-3.23867
13062001	570	0.1	-0.1	3.88269
13062001	571	0.1	-0.1	0.0306489
13062001	572	0.1	-0.1	2.99254
13062001	573	0.1	-0.1	0.685514
13062001	574	0.1	-0.1	2.02018
13062001	575	0.1	-0.1	3.49437
13062001	576	0.1	-0.1	0.481665
13062001	577	0.1	-0.1	1.60879
13062001	578	0.1	-0.1	-4.33517
13062001	579	0.1	-0.1	2.04497
13062001	580	0.1	-0.1	-1.05919
13062001	581	0.1	-0.1	3.43461
13062001	582	0.1	-0.1	4.12696
13062001	583	0.1	-0.1	3.55739
13062001	584	0.1	-0.1	-3.61465
13062001	585	0.1	-0.1	-0.256172
13062001	586	0.1	-0.1	-0.336173
13062001	587	0.1	-0.1	2.13435
13062001	588	0.1	-0.1	-4.64753
13062001	589	0.1	-0.1	-2.41389
13062001	590	0.1	-0.1	4.06634
13062001	591	0.1	-0.1	-5.65661
13062001	592	0.1	-0.1	2.30804
13062001	593	0.1	-0.1	3.26683
13062001	594	0.1	-0.1	4.91364
13062001	595	0.1	-0.1	0.338921
13062001	596	0.1	-0.1	4.65886
13062001	597	0.1	-0.1	-4.7782
13062001	598	0.1	-0.1	-4.3923
13062001	599	0.1	-0.1	4.42074
13062001	600	0.1	-0.1	0.278827
13062001	601	0.1	-0.1	1.27974
13062001	602	0.1	-0.1	2.93166
13062001	603	0.1	-0.1	-0.307709
13062001	604	0.1	-0.1	-0.580682
13062001	605	0.1	-0.1	5.20258
13062001	606	0.1	-0.1	2.79081
13062001	607	0.1	-0.1	2.47779
13062001	608	0.1	-0.1	-2.30108
13062001	609	0.1	-0.1	1.67462
13062001	610	0.1	-0.1	4.30453
13062001	611	0.1	-0.1	-2.44998
13062001	612	0.1	-0.1	4.3042
13062001	613	0.1	-0.1	-5.44109
13062001	614	0.1	-0.1	5.6548
13062001	615	0.1	-0.1	-5.67776
13062001	616	0.1	-0.1	-1.44564
13062001	617	0.1	-0.1	1.757
13062001	618	0.1	-0.1	0.176881
13062001	619	0.1	-0.1	-5.95941
13062001	620	0.1	-0.1	-1.49775
13062001	621	0.1	-0.1	4.93695
13062001	622	0.1	-0.1	1.26419
13062001	623	0.1	-0.1	-3.46314
13062001	624	0.1	-0.1	-0.327014
13062001	625	0.1	-0.1	3.55821
13062001	626	0.1	-0.1	-4.88741
13062001	627	0.1	-0.1	5.66464
13062001	628	0.1	-0.1	2.79679
13062001	629	0.1	-0.1	4.94523
13062001	630	0.1	-0.1	-2.5285
13062001	631	0.1	-0.1	0.295911
13062001	632	0.1	-0.1	-4.72605
13062001	633	0.1	-0.1	-0.56183
13062001	634	0.1	-0.1	-1.57144
13062001	635	0.1	-0.1	-5.2219
13062001	636	0.1	-0.1	3.62419
13062001	637	0.1	-0.1	-3.62057
13062001	638	0.1	-0.1	5.00955
13062001	639	0.1	-0.1	3.86097
13062001	640	0.1	-0.1	-4.30433
13062001	641	0.1	-0.1	3.47904
13062001	642	0.1	-0.1	2.63253
13062001	643	0.1	-0.1	1.17801
13062001	644	0.1	-0.1	4.14373
13062001	645	0.1	-0.1	5.11378
13062001	646	0.1	-0.1	2.4685
13062001	647	0.1	-0.1	-1.15655
13062001	648	0.1	-0.1	3.05955
13062001	649	0.1	-0.1	-1.81447
13062001	650	0.1	-0.1	0.00938055
13062001	651	0.1	-0.1	-0.35964
13062001	652	0.1	-0.1	-0.904709
13062001	653	0.1	-0.1	-0.925104
13062001	654	0.1	-0.1	3.89062
13062001	655	0.1	-0.1	3.36019
13062001	656	0.1	-0.1	2.21675
13062001	657	0.1	-0.1	0.114604
13062001	658	0.1	-0.1	4.73889
13062001	659	0.1	-0.1	-5.13906
13062001	660	0.1	-0.1	0.36023
13062001	661	0.1	-0.1	4.84557
13062001	662	0.1	-0.1	-1.1193
13062001	663	0.1	-0.1	2.49412
13062001	664	0.1	-0.1	-3.1761
13062001	665	0.1	-0.1	-3.38317
13062001	666	0.1	-0.1	1.8573
13062001	667	0.1	-0.1	-5.90859
13062001	668	0.1	-0.1	-3.21904
13062001	669	0.1	-0.1	-5.68176
13062001	670	0.1	-0.1	-5.91834
13062001	671	0.1	-0.1	1.6963
13062001	672	0.1	-0.1	-4.69809
13062001	673	0.1	-0.1	-1.96006
13062001	674	0.1	-0.1	-2.46838
13062001	675	0.1	-0.1	-1.21755
13062001	676	0.1	-0.1	-1.75856
13062001	677	0.1	-0.1	-0.225887
13062001	678	0.1	-0.1	-2.05939
13062001	679	0.1	-0.1	-1.74699
13062001	680	0.1	-0.1	-3.30853
13062001	681	0.1	-0.1	5.63017
13062001	682	0.1	-0.1	-5.48743
13062001	683	0.1	-0.1	0.776804
13062001	684	0.1	-0.1	3.5254
13062001	685	0.1	-0.1	3.0901
13062001	686	0.1	-0.1	-0.0990091
13062001	687	0.1	-0.1	3.37774
13062001	688	0.1	-0.1	-0.162271
13062001	689	0.1	-0.1	-1.58952
13062001	690	0.1	-0.1	0.186835
13062001	691	0.1	-0.1	-5.10794
13062001	692	0.1	-0.1	0.819294
13062001	693	0.1	-0.1	-4.36007
13062001	694	0.1	-0.1	-5.12675
13062001	695	0.1	-0.1	-5.43574
13062001	696	0.1	-0.1	-1.56231
13062001	697	0.1	-0.1	5.52451
13062001	698	0.1	-0.1	0.164737
13062001	699	0.1	-0.1	3.99053
13062001	700	0.1	-0.1	-1.22122
13062001	701	0.1	-0.1	-0.338035
13062001	702	0.1	-0.1	-3.57438
13062001	703	0.1	-0.1	2.77227
13062001	704	0.1	-0.1	2.78726
13062001	705	0.1	-0.1	3.61321
13062001	706	0.1	-0.1	-2.47252
13062001	707	0.1	-0.1	1.71153
13062001	708	0.1	-0.1	-3.2854
13062001	709	0.1	-0.1	-4.53934
13062001	710	0.1	-0.1	4.6659
13062001	711	0.1	-0.1	-2.28807
13062001	712	0.1	-0.1	2.03845
13062001	713	0.1	-0.1	4.33315
13062001	714	0.1	-0.1	2.80729
13062001	715	0.1	-0.1	0.353573
13062001	716	0.1	-0.1	-1.10115
13062001	717	0.1	-0.1	0.106219
13062001	718	0.1	-0.1	5.26204
13062001	719	0.1	-0.1	-4.47311
13062001	720	0.1	-0.1	-4.72487
13062001	721	0.1	-0.1	1.9787
13062001	722	0.1	-0.1	2.76618
13062001	723	0.1	-0.1	-2.12685
13062001	724	0.1	-0.1	4.91199
13062001	725	0.1	-0.1	4.77209
13062001	726	0.1	-0.1	-4.2787
13062001	727	0.1	-0.1	-3.51749
13062001	728	0.1	-0.1	4.79309
13062001	729	0.1	-0.1	1.13805
13062001	730	0.1	-0.1	-2.17922
13062001	731	0.1	-0.1	1.19519
13062001	732	0.1	-0.1	-4.27524
13062001	733	0.1	-0.1	3.62501
13062001	734	0.1	-0.1	1.34506
13062001	735	0.1	-0.1	-1.50027
13062001	736	0.1	-0.1	-5.73364
13062001	737	0.1	-0.1	-3.55912
13062001	738	0.1	-0.1	-2.25315
13062001	739	0.1	-0.1	-0.835168
13062001	740	0.1	-0.1	-5.80665
13062001	741	0.1	-0.1	0.898056
13062001	742	0.1	-0.1	-2.54694
13062001	743	0.1	-0.1	-4.40171
13062001	744	0.1	-0.1	0.839499
13062001	745	0.1	-0.1	1.32557
13062001	746	0.1	-0.1	-5.27219
13062001	747	0.1	-0.1	-3.40875
13062001	748	0.1	-0.1	-3.02231
13062001	749	0.1	-0.1	5.37091
13062001	750	0.1	-0.1	-0.667562
13062001	751	0.1	-0.1	-1.80625
13062001	752	0.1	-0.1	5.96871
13062001	753	0.1	-0.1	3.89897
13062001	754	0.1	-0.1	-4.77048
13062001	755	0.1	-0.1	-2.2085
13062001	756	0.1	-0.1	1.68129
13062001	757	0.1	-0.1	5.23904
13062001	758	0.1	-0.1	2.73629
13062001	759	0.1	-0.1	1.96162
13062001	760	0.1	-0.1	4.55707
13062001	761	0.1	-0.1	-5.145
13062001	762	0.1	-0.1	-1.64001
13062001	763	0.1	-0.1	0.741654
13062001	764	0.1	-0.1	0.910696
13062001	765	0.1	-0.1	-1.04191
13062001	766	0.1	-0.1	-4.57584
13062001	767	0.1	-0.1	-1.92203
13062001	768	0.1	-0.1	-5.57657
13062001	769	0.1	-0.1	-2.54748
13062001	770	0.1	-0.1	3.80694
13062001	771	0.1	-0.1	-2.35739
13062001	772	0.1	-0.1	5.03418
13062001	773	0.1	-0.1	2.42221
13062001	774	0.1	-0.1	-1.43668
13062001	775	0.1	-0.1	2.13689
13062001	776	0.1	-0.1	4.75359
13062001	777	0.1	-0.1	-2.06386
13062001	778	0.1	-0.1	5.86716
13062001	779	0.1	-0.1	5.62018
13062001	780	0.1	-0.1	-0.893067
13062001	781	0.1	-0.1	-3.79618
13062001	782	0.1	-0.1	-2.67448
13062001	783	0.1	-0.1	1.06116
13062001	784	0.1	-0.1	5.93911
13062001	785	0.1	-0.1	5.49295
13062001	786	0.1	-0.1	-5.84295
13062001	787	0.1	-0.1	-3.79963
13062001	788	0.1	-0.1	4.95636
13062001	789	0.1	-0.1	-2.86809
13062001	790	0.1	-0.1	1.36975
13062001	791	0.1	-0.1	-1.52793
13062001	792	0.1	-0.1	0.0123266
13062001	793	0.1	-0.1	-5.40529
13062001	794	0.1	-0.1	-2.64267
13062001	795	0.1	-0.1	-0.874413
13062001	796	0.1	-0.1	-0.517118
13062001	797	0.1	-0.1	3.05387
13062001	798	0.1	-0.1	0.323895
13062001	799	0.1	-0.1	5.03051
13062001	800	0.1	-0.1	-0.817022
13062001	801	0.1	-0.1	-4.2119
13062001	802	0.1	-0.1	-2.62682
13062001	803	0.1	-0.1	-5.67932
13062001	804	0.1	-0.1	5.19868
13062001	805	0.1	-0.1	1.74672
13062001	806	0.1	-0.1	3.06667
13062001	807	0.1	-0.1	1.78945
13062001	808	0.1	-0.1	-2.05313
13062001	809	0.1	-0.1	4.99656
13062001	810	0.1	-0.1	-2.086
13062001	811	0.1	-0.1	1.89901
13062001	812	0.1	-0.1	-2.81677
13062001	813	0.1	-0.1	-0.586761
13062001	814	0.1	-0.1	2.28536
13062001	815	0.1	-0.1	-0.621558
13062001	816	0.1	-0.1	-5.52506
13062001	817	0.1	-0.1	4.37007
13062001	818	0.1	-0.1	5.5716
13062001	819	0.1	-0.1	-0.951861
13062001	820	0.1	-0.1	0.569617
13062001	821	0.1	-0.1	-5.18425
13062001	822	0.1	-0.1	-5.95084
13062001	823	0.1	-0.1	3.53697
13062001	824	0.1	-0.1	-4.67638
13062001	825	0.1	-0.1	-2.46115
13062001	826	0.1	-0.1	4.72058
13062001	827	0.1	-0.1	-2.13869
13062001	828	0.1	-0.1	-4.3015
13062001	829	0.1	-0.1	2.24649
13062001	830	0.1	-0.1	3.69638
13062001	831	0.1	-0.1	-1.8914
13062001	832	0.1	-0.1	-3.56939
13062001	833	0.1	-0.1	-0.635687
13062001	834	0.1	-0.1	3.45954
13062001	835	0.1	-0.1	5.71949
13062001	836	0.1	-0.1	0.33777
13062001	837	0.1	-0.1	1.71289
13062001	838	0.1	-0.1	5.78006
13062001	839	0.1	-0.1	3.74085
13062001	840	0.1	-0.1	1.03899
13062001	841	0.1	-0.1	3.68126
13062001	842	0.1	-0.1	0.539654
13062001	843	0.1	-0.1	3.58915
13062001	844	0.1	-0.1	0.595584
13062001	845	0.1	-0.1	-5.24568
13062001	846	0.1	-0.1	2.46849
13062001	847	0.1	-0.1	-5.78252
13062001	848	0.1	-0.1	-0.231109
13062001	849	0.1	-0.1	-0.54627
13062001	850	0.1	-0.1	4.64238
13062001	851	0.1	-0.1	4.65855
13062001	852	0.1	-0.1	4.34331
13062001	853	0.1	-0.1	2.46912
13062001	854	0.1	-0.1	3.55015
13062001	855	0.1	-0.1	-3.71512
13062001	856	0.1	-0.1	2.7375
13062001	857	0.1	-0.1	-1.92488
13062001	858	0.1	-0.1	-5.98258
13062001	859	0.1	-0.1	-3.99866
13062001	860	0.1	-0.1	-2.32637
13062001	861	0.1	-0.1	-0.160447
13062001	862	0.1	-0.1	-4.88361
13062001	863	0.1	-0.1	-0.915636
13062001	864	0.1	-0.1	2.07634
13062001	865	0.1	-0.1	-3.84732
13062001	866	0.1	-0.1	0.540174
13062001	867	0.1	-0.1	5.42149
13062001	868	0.1	-0.1	3.65042
13062001	869	0.1	-0.1	-1.2935
13062001	870	0.1	-0.1	-1.70975
13062001	871	0.1	-0.1	-1.0248
13062001	872	0.1	-0.1	-5.84234
13062001	873	0.1	-0.1	4.89024
13062001	874	0.1	-0.1	-2.67958
13062001	875	0.1	-0.1	-4.94289
13062001	876	0.1	-0.1	-4.14251
13062001	877	0.1	-0.1	-1.64642
13062001	878	0.1	-0.1	4.96608
13062001	879	0.1	-0.1	3.39735
13062001	880	0.1	-0.1	-3.48754
13062001	881	0.1	-0.1	-4.16632
13062001	882	0.1	-0.1	5.31728
13062001	883	0.1	-0.1	-4.36361
13062001	884	0.1	-0.1	0.0801898
13062001	885	0.1	-0.1	-5.04752
13062001	886	0.1	-0.1	-2.69546
13062001	887	0.1	-0.1	-1.18851
13062001	888	0.1	-0.1	-2.91999
13062001	889	0.1	-0.1	1.58298
13062001	890	0.1	-0.1	-3.24492
13062001	891	0.1	-0.1	4.2224
13062001	892	0.1	-0.1	-0.133765
13062001	893	0.1	-0.1	0.816418
13062001	894	0.1	-0.1	1.70751
13062001	895	0.1	-0.1	-3.88922
13062001	896	0.1	-0.1	-2.1442
13062001	897	0.1	-0.1	3.95497
13062001	898	0.1	-0.1	-1.19328
13062001	899	0.1	-0.1	5.08323
13062001	900	0.1	-0.1	-1.42273
13062001	901	0.1	-0.1	4.26949
13062001	902	0.1	-0.1	3.77117
13062001	903	0.1	-0.1	-4.20269
13062001	904	0.1	-0.1	2.97385
13062001	905	0.1	-0.1	-1.7933
13062001	906	0.1	-0.1	3.69467
13062001	907	0.1	-0.1	3.19412
13062001	908	0.1	-0.1	-4.72076
13062001	909	0.1	-0.1	4.96786
13062001	910	0.1	-0.1	3.8931
13062001	911	0.1	-0.1	-1.22171
13062001	912	0.1	-0.1	-3.94722
13062001	913	0.1	-0.1	1.38097
13062001	914	0.1	-0.1	0.890627
13062001	915	0.1	-0.1	-5.75831
13062001	916	0.1	-0.1	-5.67546
13062001	917	0.1	-0.1	-1.77334
13062001	918	0.1	-0.1	5.96215
13062001	919	0.1	-0.1	-0.834294
13062001	920	0.1	-0.1	-5.52304
13062001	921	0.1	-0.1	-3.33677
13062001	922	0.1	-0.1	-3.12387
13062001	923	0.1	-0.1	4.06845
13062001	924	0.1	-0.1	3.19888
13062001	925	0.1	-0.1	-1.59154
13062001	926	0.1	-0.1	-4.37296
13062001	927	0.1	-0.1	3.32244
13062001	928	0.1	-0.1	0.298759
13062001	929	0.1	-0.1	-3.38346
13062001	930	0.1	-0.1	-4.64891
13062001	931	0.1	-0.1	-4.3031
13062001	932	0.1	-0.1	5.59541
13062001	933	0.1	-0.1	-0.334021
13062001	934	0.1	-0.1	-2.93548
13062001	935	0.1	-0.1	-4.40527
13062001	936	0.1	-0.1	5.02296
13062001	937	0.1	-0.1	2.38777
13062001	938	0.1	-0.1	-5.933
13062001	939	0.1	-0.1	-4.78501
13062001	940	0.1	-0.1	-5.70698
13062001	941	0.1	-0.1	4.8901
13062001	942	0.1	-0.1	-1.4214
13062001	943	0.1	-0.1	-2.29955
13062001	944	0.1	-0.1	-4.17393
13062001	945	0.1	-0.1	-1.48478
13062001	946	0.1	-0.1	-3.28947
13062001	947	0.1	-0.1	0.46451
13062001	948	0.1	-0.1	-5.31649
13062001	949	0.1	-0.1	3.8143
13062001	950	0.1	-0.1	-4.46367
13062001	951	0.1	-0.1	-4.57555
13062001	952	0.1	-0.1	-3.40392
13062001	953	0.1	-0.1	1.70959
13062001	954	0.1	-0.1	-4.22975
13062001	955	0.1	-0.1	-3.54904
13062001	956	0.1	-0.1	-1.7906
13062001	957	0.1	-0.1	-5.29712
13062001	958	0.1	-0.1	-1.04953
13062001	959	0.1	-0.1	1.28932
13062001	960	0.1	-0.1	0.754738
13062001	961	0.1	-0.1	3.20731
13062001	962	0.1	-0.1	-1.14667
13062001	963	0.1	-0.1	-4.63931
13062001	964	0.1	-0.1	0.873478
13062001	965	0.1	-0.1	-2.95059
13062001	966	0.1	-0.1	5.40591
13062001	967	0.1	-0.1	-3.07223
13062001	968	0.1	-0.1	4.6891
13062001	969	0.1	-0.1	-0.745952
13062001	970	0.1	-0.1	-0.550939
13062001	971	0.1	-0.1	0.993982
13062001	972	0.1	-0.1	-5.6178
13062001	973	0.1	-0.1	-2.88877
13062001	974	0.1	-0.1	3.18566
13062001	975	0.1	-0.1	-1.57302
13062001	976	0.1	-0.1	-3.25472
13062001	977	0.1	-0.1	-2.0756
13062001	978	0.1	-0.1	3.12831
13062001	979	0.1	-0.1	5.48754
13062001	980	0.1	-0.1	1.87176
13062001	981	0.1	-0.1	-3.8309
13062001	982	0.1	-0.1	4.66844
13062001	983	0.1	-0.1	2.23168
13062001	984	0.1	-0.1	-5.58482
13062001	985	0.1	-0.1	-0.697527
13062001	986	0.1	-0.1	0.816493
13062001	987	0.1	-0.1	4.15987
13062001	988	0.1	-0.1	2.16249
13062001	989	0.1	-0.1	-1.38637
13062001	990	0.1	-0.1	-1.22942
13062001	991	0.1	-0.1	4.96996
13062001	992	0.1	-0.1	1.31865
13062001	993	0.1	-0.1	-2.05539
13062001	994	0.1	-0.1	5.75039
13062001	995	0.1	-0.1	-2.85879
13062001	996	0.1	-0.1	-1.3885
13062001	997	0.1	-0.1	-2.7465
13062001	998	0.1	-0.1	1.17792
13062001	999	0.1	-0.1	-5.55996
13062001	1000	0.1	-0.1	2.96232
