13062028	1	0.1	-0.1	0.947424
13062028	2	0.1	-0.1	-1.98819
13062028	3	0.1	-0.1	-1.48307
13062028	4	0.1	-0.1	2.93626
13062028	5	0.1	-0.1	3.7177
13062028	6	0.1	-0.1	-1.07052
13062028	7	0.1	-0.1	2.40988
13062028	8	0.1	-0.1	-0.623242
13062028	9	0.1	-0.1	0.694065
13062028	10	0.1	-0.1	-0.613927
13062028	11	0.1	-0.1	5.70617
13062028	12	0.1	-0.1	5.46399
13062028	13	0.1	-0.1	-1.37883
13062028	14	0.1	-0.1	5.92054
13062028	15	0.1	-0.1	2.0286
13062028	16	0.1	-0.1	0.272937
13062028	17	0.1	-0.1	-4.17487
13062028	18	0.1	-0.1	3.37943
13062028	19	0.1	-0.1	1.67627
13062028	20	0.1	-0.1	4.0432
13062028	21	0.1	-0.1	5.00868
13062028	22	0.1	-0.1	-4.29143
13062028	23	0.1	-0.1	0.851357
13062028	24	0.1	-0.1	0.157667
13062028	25	0.1	-0.1	-2.14291
13062028	26	0.1	-0.1	1.90794
13062028	27	0.1	-0.1	-5.32093
13062028	28	0.1	-0.1	2.60007
13062028	29	0.1	-0.1	1.93987
13062028	30	0.1	-0.1	-3.15282
13062028	31	0.1	-0.1	5.23766
13062028	32	0.1	-0.1	3.5134
13062028	33	0.1	-0.1	3.46086
13062028	34	0.1	-0.1	-3.16025
13062028	35	0.1	-0.1	2.26079
13062028	36	0.1	-0.1	1.60701
13062028	37	0.1	-0.1	0.631654
13062028	38	0.1	-0.1	3.95233
13062028	39	0.1	-0.1	1.01068
13062028	40	0.1	-0.1	4.58744
13062028	41	0.1	-0.1	2.79096
13062028	42	0.1	-0.1	5.2557
13062028	43	0.1	-0.1	2.33701
13062028	44	0.1	-0.1	3.26784
13062028	45	0.1	-0.1	-5.1423
13062028	46	0.1	-0.1	3.13839
13062028	47	0.1	-0.1	-3.62231
13062028	48	0.1	-0.1	-4.18526
13062028	49	0.1	-0.1	-5.49409
13062028	50	0.1	-0.1	1.42043
13062028	51	0.1	-0.1	3.03863
13062028	52	0.1	-0.1	-1.2986
13062028	53	0.1	-0.1	-3.44211
13062028	54	0.1	-0.1	-1.08559
13062028	55	0.1	-0.1	0.642705
13062028	56	0.1	-0.1	1.95649
13062028	57	0.1	-0.1	-4.30616
13062028	58	0.1	-0.1	1.57022
13062028	59	0.1	-0.1	-2.79157
13062028	60	0.1	-0.1	3.64601
13062028	61	0.1	-0.1	-3.53115
13062028	62	0.1	-0.1	-0.519034
13062028	63	0.1	-0.1	-3.0559
13062028	64	0.1	-0.1	0.950518
13062028	65	0.1	-0.1	-2.16428
13062028	66	0.1	-0.1	-4.24846
13062028	67	0.1	-0.1	-1.41535
13062028	68	0.1	-0.1	2.18875
13062028	69	0.1	-0.1	-4.16175
13062028	70	0.1	-0.1	2.30569
13062028	71	0.1	-0.1	2.78184
13062028	72	0.1	-0.1	-1.25164
13062028	73	0.1	-0.1	2.79047
13062028	74	0.1	-0.1	1.01246
13062028	75	0.1	-0.1	-3.40966
13062028	76	0.1	-0.1	3.36419
13062028	77	0.1	-0.1	0.324914
13062028	78	0.1	-0.1	-3.78276
13062028	79	0.1	-0.1	-5.15419
13062028	80	0.1	-0.1	1.96156
13062028	81	0.1	-0.1	3.88462
13062028	82	0.1	-0.1	1.39962
13062028	83	0.1	-0.1	-5.17246
13062028	84	0.1	-0.1	-2.27001
13062028	85	0.1	-0.1	0.389765
13062028	86	0.1	-0.1	-1.06408
13062028	87	0.1	-0.1	2.27605
13062028	88	0.1	-0.1	5.18282
13062028	89	0.1	-0.1	2.24974
13062028	90	0.1	-0.1	-1.50402
13062028	91	0.1	-0.1	-2.59034
13062028	92	0.1	-0.1	2.68517
13062028	93	0.1	-0.1	-4.32891
13062028	94	0.1	-0.1	4.99101
13062028	95	0.1	-0.1	-4.18378
13062028	96	0.1	-0.1	-5.09317
13062028	97	0.1	-0.1	4.05233
13062028	98	0.1	-0.1	5.76988
13062028	99	0.1	-0.1	0.485631
13062028	100	0.1	-0.1	-0.665168
13062028	101	0.1	-0.1	0.924193
13062028	102	0.1	-0.1	4.17393
13062028	103	0.1	-0.1	2.45957
13062028	104	0.1	-0.1	-0.181483
13062028	105	0.1	-0.1	-2.68925
13062028	106	0.1	-0.1	1.46211
13062028	107	0.1	-0.1	0.978214
13062028	108	0.1	-0.1	0.37771
13062028	109	0.1	-0.1	-3.57905
13062028	110	0.1	-0.1	-5.74844
13062028	111	0.1	-0.1	-4.66643
13062028	112	0.1	-0.1	-2.99685
13062028	113	0.1	-0.1	2.43979
13062028	114	0.1	-0.1	-3.72681
13062028	115	0.1	-0.1	0.223694
13062028	116	0.1	-0.1	-4.12793
13062028	117	0.1	-0.1	4.44529
13062028	118	0.1	-0.1	4.33754
13062028	119	0.1	-0.1	4.30891
13062028	120	0.1	-0.1	-2.88782
13062028	121	0.1	-0.1	0.606247
13062028	122	0.1	-0.1	1.1775
13062028	123	0.1	-0.1	0.707959
13062028	124	0.1	-0.1	-4.59962
13062028	125	0.1	-0.1	-1.91894
13062028	126	0.1	-0.1	-4.91614
13062028	127	0.1	-0.1	-4.88002
13062028	128	0.1	-0.1	0.967217
13062028	129	0.1	-0.1	-4.87084
13062028	130	0.1	-0.1	-1.23797
13062028	131	0.1	-0.1	-1.71225
13062028	132	0.1	-0.1	-4.57018
13062028	133	0.1	-0.1	-0.521577
13062028	134	0.1	-0.1	-0.354874
13062028	135	0.1	-0.1	2.01932
13062028	136	0.1	-0.1	4.88818
13062028	137	0.1	-0.1	-5.38013
13062028	138	0.1	-0.1	-1.29189
13062028	139	0.1	-0.1	5.22886
13062028	140	0.1	-0.1	1.80823
13062028	141	0.1	-0.1	-3.31035
13062028	142	0.1	-0.1	4.78486
13062028	143	0.1	-0.1	0.886262
13062028	144	0.1	-0.1	4.29123
13062028	145	0.1	-0.1	-1.56924
13062028	146	0.1	-0.1	-1.39386
13062028	147	0.1	-0.1	-2.28706
13062028	148	0.1	-0.1	-3.77352
13062028	149	0.1	-0.1	3.20396
13062028	150	0.1	-0.1	2.27078
13062028	151	0.1	-0.1	-3.85988
13062028	152	0.1	-0.1	-0.332183
13062028	153	0.1	-0.1	3.74407
13062028	154	0.1	-0.1	-3.46884
13062028	155	0.1	-0.1	-2.49234
13062028	156	0.1	-0.1	5.05043
13062028	157	0.1	-0.1	-4.56829
13062028	158	0.1	-0.1	0.949314
13062028	159	0.1	-0.1	4.71392
13062028	160	0.1	-0.1	4.76656
13062028	161	0.1	-0.1	0.613233
13062028	162	0.1	-0.1	5.81712
13062028	163	0.1	-0.1	4.98098
13062028	164	0.1	-0.1	-3.55085
13062028	165	0.1	-0.1	-3.54377
13062028	166	0.1	-0.1	-1.21163
13062028	167	0.1	-0.1	5.87558
13062028	168	0.1	-0.1	0.347807
13062028	169	0.1	-0.1	5.8644
13062028	170	0.1	-0.1	5.73399
13062028	171	0.1	-0.1	0.1746
13062028	172	0.1	-0.1	4.88809
13062028	173	0.1	-0.1	3.81005
13062028	174	0.1	-0.1	2.56745
13062028	175	0.1	-0.1	0.648987
13062028	176	0.1	-0.1	2.59808
13062028	177	0.1	-0.1	3.28634
13062028	178	0.1	-0.1	-0.413858
13062028	179	0.1	-0.1	1.39245
13062028	180	0.1	-0.1	0.975804
13062028	181	0.1	-0.1	-2.06965
13062028	182	0.1	-0.1	-3.53722
13062028	183	0.1	-0.1	2.43591
13062028	184	0.1	-0.1	-4.71173
13062028	185	0.1	-0.1	2.15764
13062028	186	0.1	-0.1	4.64405
13062028	187	0.1	-0.1	5.904
13062028	188	0.1	-0.1	-0.990355
13062028	189	0.1	-0.1	2.84044
13062028	190	0.1	-0.1	2.305
13062028	191	0.1	-0.1	-3.83712
13062028	192	0.1	-0.1	2.50404
13062028	193	0.1	-0.1	-3.37946
13062028	194	0.1	-0.1	4.13928
13062028	195	0.1	-0.1	3.21268
13062028	196	0.1	-0.1	0.0123069
13062028	197	0.1	-0.1	1.38788
13062028	198	0.1	-0.1	-1.52926
13062028	199	0.1	-0.1	0.316815
13062028	200	0.1	-0.1	0.380539
13062028	201	0.1	-0.1	-0.62412
13062028	202	0.1	-0.1	-4.35183
13062028	203	0.1	-0.1	-1.02894
13062028	204	0.1	-0.1	-5.60372
13062028	205	0.1	-0.1	-1.40163
13062028	206	0.1	-0.1	0.936911
13062028	207	0.1	-0.1	-3.31279
13062028	208	0.1	-0.1	5.16143
13062028	209	0.1	-0.1	4.35513
13062028	210	0.1	-0.1	3.30811
13062028	211	0.1	-0.1	3.35398
13062028	212	0.1	-0.1	1.44903
13062028	213	0.1	-0.1	2.3298
13062028	214	0.1	-0.1	5.3653
13062028	215	0.1	-0.1	-5.30144
13062028	216	0.1	-0.1	0.15833
13062028	217	0.1	-0.1	2.71768
13062028	218	0.1	-0.1	0.819619
13062028	219	0.1	-0.1	1.72213
13062028	220	0.1	-0.1	5.06076
13062028	221	0.1	-0.1	-1.81548
13062028	222	0.1	-0.1	-3.33371
13062028	223	0.1	-0.1	-0.143064
13062028	224	0.1	-0.1	-1.61467
13062028	225	0.1	-0.1	5.35947
13062028	226	0.1	-0.1	4.18066
13062028	227	0.1	-0.1	-0.933559
13062028	228	0.1	-0.1	5.36662
13062028	229	0.1	-0.1	3.72547
13062028	230	0.1	-0.1	5.54805
13062028	231	0.1	-0.1	3.16432
13062028	232	0.1	-0.1	-2.90309
13062028	233	0.1	-0.1	2.70201
13062028	234	0.1	-0.1	-0.459406
13062028	235	0.1	-0.1	2.44197
13062028	236	0.1	-0.1	4.92631
13062028	237	0.1	-0.1	0.352108
13062028	238	0.1	-0.1	0.281189
13062028	239	0.1	-0.1	4.66937
13062028	240	0.1	-0.1	-1.66857
13062028	241	0.1	-0.1	1.99124
13062028	242	0.1	-0.1	4.01315
13062028	243	0.1	-0.1	4.80833
13062028	244	0.1	-0.1	5.7706
13062028	245	0.1	-0.1	-3.40073
13062028	246	0.1	-0.1	-1.87221
13062028	247	0.1	-0.1	1.31654
13062028	248	0.1	-0.1	-2.1813
13062028	249	0.1	-0.1	-3.82372
13062028	250	0.1	-0.1	5.14685
13062028	251	0.1	-0.1	-3.31833
13062028	252	0.1	-0.1	2.85482
13062028	253	0.1	-0.1	2.0129
13062028	254	0.1	-0.1	3.05854
13062028	255	0.1	-0.1	1.13957
13062028	256	0.1	-0.1	-0.750395
13062028	257	0.1	-0.1	-1.91983
13062028	258	0.1	-0.1	4.81029
13062028	259	0.1	-0.1	0.877208
13062028	260	0.1	-0.1	1.35389
13062028	261	0.1	-0.1	-4.51826
13062028	262	0.1	-0.1	-4.54261
13062028	263	0.1	-0.1	-4.78368
13062028	264	0.1	-0.1	5.73715
13062028	265	0.1	-0.1	0.787448
13062028	266	0.1	-0.1	5.38662
13062028	267	0.1	-0.1	-0.407112
13062028	268	0.1	-0.1	-5.42499
13062028	269	0.1	-0.1	-5.79133
13062028	270	0.1	-0.1	-3.77342
13062028	271	0.1	-0.1	3.4802
13062028	272	0.1	-0.1	-4.65609
13062028	273	0.1	-0.1	4.8956
13062028	274	0.1	-0.1	-1.22393
13062028	275	0.1	-0.1	4.05098
13062028	276	0.1	-0.1	1.83598
13062028	277	0.1	-0.1	-1.6364
13062028	278	0.1	-0.1	2.39396
13062028	279	0.1	-0.1	0.181993
13062028	280	0.1	-0.1	2.68119
13062028	281	0.1	-0.1	4.72207
13062028	282	0.1	-0.1	1.76167
13062028	283	0.1	-0.1	4.76443
13062028	284	0.1	-0.1	3.54275
13062028	285	0.1	-0.1	0.335758
13062028	286	0.1	-0.1	-5.11594
13062028	287	0.1	-0.1	2.7976
13062028	288	0.1	-0.1	1.82761
13062028	289	0.1	-0.1	4.09655
13062028	290	0.1	-0.1	-5.73499
13062028	291	0.1	-0.1	0.340648
13062028	292	0.1	-0.1	2.18226
13062028	293	0.1	-0.1	-0.836849
13062028	294	0.1	-0.1	5.96922
13062028	295	0.1	-0.1	-5.48975
13062028	296	0.1	-0.1	2.93906
13062028	297	0.1	-0.1	-2.58944
13062028	298	0.1	-0.1	-3.98191
13062028	299	0.1	-0.1	4.71568
13062028	300	0.1	-0.1	-4.03942
13062028	301	0.1	-0.1	0.419584
13062028	302	0.1	-0.1	-5.41628
13062028	303	0.1	-0.1	-4.32601
13062028	304	0.1	-0.1	4.15739
13062028	305	0.1	-0.1	-4.95788
13062028	306	0.1	-0.1	1.08111
13062028	307	0.1	-0.1	-2.6786
13062028	308	0.1	-0.1	5.83701
13062028	309	0.1	-0.1	1.83632
13062028	310	0.1	-0.1	3.43206
13062028	311	0.1	-0.1	2.76048
13062028	312	0.1	-0.1	-3.62793
13062028	313	0.1	-0.1	3.56817
13062028	314	0.1	-0.1	-1.19601
13062028	315	0.1	-0.1	1.82362
13062028	316	0.1	-0.1	5.59795
13062028	317	0.1	-0.1	2.32489
13062028	318	0.1	-0.1	-4.97503
13062028	319	0.1	-0.1	0.125474
13062028	320	0.1	-0.1	-0.368875
13062028	321	0.1	-0.1	-1.33388
13062028	322	0.1	-0.1	-3.15679
13062028	323	0.1	-0.1	5.13115
13062028	324	0.1	-0.1	-0.310619
13062028	325	0.1	-0.1	-1.82931
13062028	326	0.1	-0.1	2.9015
13062028	327	0.1	-0.1	-5.54481
13062028	328	0.1	-0.1	-3.82787
13062028	329	0.1	-0.1	0.930833
13062028	330	0.1	-0.1	5.66121
13062028	331	0.1	-0.1	-4.63888
13062028	332	0.1	-0.1	-0.788952
13062028	333	0.1	-0.1	-4.66413
13062028	334	0.1	-0.1	4.38948
13062028	335	0.1	-0.1	-3.32871
13062028	336	0.1	-0.1	-1.46389
13062028	337	0.1	-0.1	-5.00059
13062028	338	0.1	-0.1	2.206
13062028	339	0.1	-0.1	-2.64669
13062028	340	0.1	-0.1	4.94537
13062028	341	0.1	-0.1	1.22872
13062028	342	0.1	-0.1	-2.77058
13062028	343	0.1	-0.1	1.43182
13062028	344	0.1	-0.1	4.77717
13062028	345	0.1	-0.1	-1.16951
13062028	346	0.1	-0.1	-3.95929
13062028	347	0.1	-0.1	-5.75441
13062028	348	0.1	-0.1	-5.67414
13062028	349	0.1	-0.1	-1.30194
13062028	350	0.1	-0.1	-3.42298
13062028	351	0.1	-0.1	3.97806
13062028	352	0.1	-0.1	1.5402
13062028	353	0.1	-0.1	0.0220271
13062028	354	0.1	-0.1	-2.67813
13062028	355	0.1	-0.1	0.577898
13062028	356	0.1	-0.1	-1.69412
13062028	357	0.1	-0.1	1.614
13062028	358	0.1	-0.1	-0.524761
13062028	359	0.1	-0.1	0.626255
13062028	360	0.1	-0.1	5.77732
13062028	361	0.1	-0.1	-2.25635
13062028	362	0.1	-0.1	1.77335
13062028	363	0.1	-0.1	-2.31021
13062028	364	0.1	-0.1	-5.87077
13062028	365	0.1	-0.1	5.0085
13062028	366	0.1	-0.1	-5.9737
13062028	367	0.1	-0.1	5.4112
13062028	368	0.1	-0.1	-1.72387
13062028	369	0.1	-0.1	-3.48405
13062028	370	0.1	-0.1	3.96692
13062028	371	0.1	-0.1	1.24289
13062028	372	0.1	-0.1	-3.48398
13062028	373	0.1	-0.1	-5.37922
13062028	374	0.1	-0.1	5.62926
13062028	375	0.1	-0.1	-5.94279
13062028	376	0.1	-0.1	-3.46409
13062028	377	0.1	-0.1	2.30836
13062028	378	0.1	-0.1	0.256145
13062028	379	0.1	-0.1	-5.10935
13062028	380	0.1	-0.1	-4.03014
13062028	381	0.1	-0.1	1.88037
13062028	382	0.1	-0.1	5.75478
13062028	383	0.1	-0.1	5.72726
13062028	384	0.1	-0.1	4.23459
13062028	385	0.1	-0.1	4.0694
13062028	386	0.1	-0.1	5.30775
13062028	387	0.1	-0.1	4.35098
13062028	388	0.1	-0.1	2.8058
13062028	389	0.1	-0.1	3.74898
13062028	390	0.1	-0.1	-5.37847
13062028	391	0.1	-0.1	1.23563
13062028	392	0.1	-0.1	3.13508
13062028	393	0.1	-0.1	1.96759
13062028	394	0.1	-0.1	-3.89694
13062028	395	0.1	-0.1	-4.25419
13062028	396	0.1	-0.1	2.40346
13062028	397	0.1	-0.1	5.62033
13062028	398	0.1	-0.1	-5.63329
13062028	399	0.1	-0.1	1.77885
13062028	400	0.1	-0.1	0.96619
13062028	401	0.1	-0.1	2.93117
13062028	402	0.1	-0.1	-0.789518
13062028	403	0.1	-0.1	4.80521
13062028	404	0.1	-0.1	-5.10343
13062028	405	0.1	-0.1	0.733257
13062028	406	0.1	-0.1	-1.74797
13062028	407	0.1	-0.1	-0.823918
13062028	408	0.1	-0.1	3.17758
13062028	409	0.1	-0.1	5.84487
13062028	410	0.1	-0.1	-4.98191
13062028	411	0.1	-0.1	-0.479611
13062028	412	0.1	-0.1	1.53111
13062028	413	0.1	-0.1	-2.69581
13062028	414	0.1	-0.1	-0.16802
13062028	415	0.1	-0.1	5.20949
13062028	416	0.1	-0.1	5.6793
13062028	417	0.1	-0.1	-2.73194
13062028	418	0.1	-0.1	-4.91879
13062028	419	0.1	-0.1	-3.56419
13062028	420	0.1	-0.1	-4.69303
13062028	421	0.1	-0.1	2.87563
13062028	422	0.1	-0.1	-3.64772
13062028	423	0.1	-0.1	-5.35228
13062028	424	0.1	-0.1	-5.87331
13062028	425	0.1	-0.1	-2.26838
13062028	426	0.1	-0.1	5.66824
13062028	427	0.1	-0.1	-4.08863
13062028	428	0.1	-0.1	-1.53902
13062028	429	0.1	-0.1	1.51993
13062028	430	0.1	-0.1	-5.50392
13062028	431	0.1	-0.1	2.55511
13062028	432	0.1	-0.1	0.870673
13062028	433	0.1	-0.1	-2.78529
13062028	434	0.1	-0.1	1.11272
13062028	435	0.1	-0.1	4.83653
13062028	436	0.1	-0.1	5.65058
13062028	437	0.1	-0.1	-0.608532
13062028	438	0.1	-0.1	-0.310286
13062028	439	0.1	-0.1	0.809559
13062028	440	0.1	-0.1	-1.46259
13062028	441	0.1	-0.1	1.72333
13062028	442	0.1	-0.1	2.31564
13062028	443	0.1	-0.1	-5.91854
13062028	444	0.1	-0.1	0.9862
13062028	445	0.1	-0.1	1.78679
13062028	446	0.1	-0.1	-2.2717
13062028	447	0.1	-0.1	2.84338
13062028	448	0.1	-0.1	1.36641
13062028	449	0.1	-0.1	-1.82059
13062028	450	0.1	-0.1	2.71174
13062028	451	0.1	-0.1	5.96355
13062028	452	0.1	-0.1	3.94846
13062028	453	0.1	-0.1	-1.65902
13062028	454	0.1	-0.1	5.26675
13062028	455	0.1	-0.1	1.15284
13062028	456	0.1	-0.1	1.44433
13062028	457	0.1	-0.1	-1.64616
13062028	458	0.1	-0.1	2.82125
13062028	459	0.1	-0.1	2.01324
13062028	460	0.1	-0.1	4.39661
13062028	461	0.1	-0.1	-2.31006
13062028	462	0.1	-0.1	-1.5001
13062028	463	0.1	-0.1	-0.0321487
13062028	464	0.1	-0.1	-1.59775
13062028	465	0.1	-0.1	-3.39299
13062028	466	0.1	-0.1	5.94096
13062028	467	0.1	-0.1	-0.540138
13062028	468	0.1	-0.1	5.59154
13062028	469	0.1	-0.1	3.0514
13062028	470	0.1	-0.1	4.42686
13062028	471	0.1	-0.1	5.41557
13062028	472	0.1	-0.1	3.2215
13062028	473	0.1	-0.1	-4.90832
13062028	474	0.1	-0.1	5.3327
13062028	475	0.1	-0.1	0.150286
13062028	476	0.1	-0.1	5.92161
13062028	477	0.1	-0.1	1.76841
13062028	478	0.1	-0.1	-2.96066
13062028	479	0.1	-0.1	0.0735319
13062028	480	0.1	-0.1	-5.11108
13062028	481	0.1	-0.1	-0.794271
13062028	482	0.1	-0.1	-2.69521
13062028	483	0.1	-0.1	-4.23446
13062028	484	0.1	-0.1	-5.25792
13062028	485	0.1	-0.1	-3.74655
13062028	486	0.1	-0.1	3.24763
13062028	487	0.1	-0.1	-2.98399
13062028	488	0.1	-0.1	3.46727
13062028	489	0.1	-0.1	3.54198
13062028	490	0.1	-0.1	0.0563386
13062028	491	0.1	-0.1	1.19985
13062028	492	0.1	-0.1	-3.58779
13062028	493	0.1	-0.1	5.86415
13062028	494	0.1	-0.1	-4.34454
13062028	495	0.1	-0.1	2.33433
13062028	496	0.1	-0.1	0.260793
13062028	497	0.1	-0.1	4.4317
13062028	498	0.1	-0.1	-5.56728
13062028	499	0.1	-0.1	-0.487452
13062028	500	0.1	-0.1	-2.37442
13062028	501	0.1	-0.1	3.99801
13062028	502	0.1	-0.1	0.537289
13062028	503	0.1	-0.1	0.777322
13062028	504	0.1	-0.1	0.523327
13062028	505	0.1	-0.1	3.90908
13062028	506	0.1	-0.1	1.21801
13062028	507	0.1	-0.1	1.9343
13062028	508	0.1	-0.1	0.185567
13062028	509	0.1	-0.1	-4.57385
13062028	510	0.1	-0.1	-3.39118
13062028	511	0.1	-0.1	-3.10568
13062028	512	0.1	-0.1	-1.47347
13062028	513	0.1	-0.1	2.12998
13062028	514	0.1	-0.1	-1.3357
13062028	515	0.1	-0.1	-1.29074
13062028	516	0.1	-0.1	5.14493
13062028	517	0.1	-0.1	3.48593
13062028	518	0.1	-0.1	3.58564
13062028	519	0.1	-0.1	-3.36672
13062028	520	0.1	-0.1	2.85737
13062028	521	0.1	-0.1	-5.98719
13062028	522	0.1	-0.1	-5.57749
13062028	523	0.1	-0.1	-1.38633
13062028	524	0.1	-0.1	3.76447
13062028	525	0.1	-0.1	3.4538
13062028	526	0.1	-0.1	1.90179
13062028	527	0.1	-0.1	0.660934
13062028	528	0.1	-0.1	-4.81735
13062028	529	0.1	-0.1	3.24806
13062028	530	0.1	-0.1	3.04339
13062028	531	0.1	-0.1	-4.50955
13062028	532	0.1	-0.1	-1.51358
13062028	533	0.1	-0.1	5.33028
13062028	534	0.1	-0.1	-1.93258
13062028	535	0.1	-0.1	-1.10392
13062028	536	0.1	-0.1	-3.06083
13062028	537	0.1	-0.1	-0.208683
13062028	538	0.1	-0.1	4.85031
13062028	539	0.1	-0.1	0.142544
13062028	540	0.1	-0.1	3.35868
13062028	541	0.1	-0.1	-2.76394
13062028	542	0.1	-0.1	-4.51053
13062028	543	0.1	-0.1	-0.992889
13062028	544	0.1	-0.1	-1.52046
13062028	545	0.1	-0.1	-5.22909
13062028	546	0.1	-0.1	-4.97022
13062028	547	0.1	-0.1	5.486
13062028	548	0.1	-0.1	-4.18669
13062028	549	0.1	-0.1	-0.4218
13062028	550	0.1	-0.1	-2.78878
13062028	551	0.1	-0.1	-3.1473
13062028	552	0.1	-0.1	3.46099
13062028	553	0.1	-0.1	3.6838
13062028	554	0.1	-0.1	3.85563
13062028	555	0.1	-0.1	-5.21204
13062028	556	0.1	-0.1	-2.57215
13062028	557	0.1	-0.1	-3.75236
13062028	558	0.1	-0.1	4.38239
13062028	559	0.1	-0.1	-0.99444
13062028	560	0.1	-0.1	0.531082
13062028	561	0.1	-0.1	2.93769
13062028	562	0.1	-0.1	-4.96639
13062028	563	0.1	-0.1	-3.10496
13062028	564	0.1	-0.1	4.59155
13062028	565	0.1	-0.1	-1.04005
13062028	566	0.1	-0.1	5.86098
13062028	567	0.1	-0.1	3.21974
13062028	568	0.1	-0.1	-4.5919
13062028	569	0.1	-0.1	0.636102
13062028	570	0.1	-0.1	-4.17465
13062028	571	0.1	-0.1	5.73538
13062028	572	0.1	-0.1	-4.04145
13062028	573	0.1	-0.1	-0.54627
13062028	574	0.1	-0.1	4.00536
13062028	575	0.1	-0.1	-5.66064
13062028	576	0.1	-0.1	-0.606109
13062028	577	0.1	-0.1	-3.29282
13062028	578	0.1	-0.1	3.60099
13062028	579	0.1	-0.1	2.16286
13062028	580	0.1	-0.1	1.13544
13062028	581	0.1	-0.1	5.73968
13062028	582	0.1	-0.1	3.37867
13062028	583	0.1	-0.1	-3.70465
13062028	584	0.1	-0.1	-5.54627
13062028	585	0.1	-0.1	4.8769
13062028	586	0.1	-0.1	0.657009
13062028	587	0.1	-0.1	-3.23253
13062028	588	0.1	-0.1	-3.39767
13062028	589	0.1	-0.1	3.69454
13062028	590	0.1	-0.1	-2.92771
13062028	591	0.1	-0.1	5.62888
13062028	592	0.1	-0.1	-3.35238
13062028	593	0.1	-0.1	0.20183
13062028	594	0.1	-0.1	-4.6628
13062028	595	0.1	-0.1	4.3129
13062028	596	0.1	-0.1	4.9537
13062028	597	0.1	-0.1	1.29785
13062028	598	0.1	-0.1	1.24294
13062028	599	0.1	-0.1	-0.737021
13062028	600	0.1	-0.1	-2.96506
13062028	601	0.1	-0.1	-0.0407103
13062028	602	0.1	-0.1	-0.316897
13062028	603	0.1	-0.1	-5.82918
13062028	604	0.1	-0.1	4.19911
13062028	605	0.1	-0.1	1.24057
13062028	606	0.1	-0.1	-4.99517
13062028	607	0.1	-0.1	0.194101
13062028	608	0.1	-0.1	0.267869
13062028	609	0.1	-0.1	5.80055
13062028	610	0.1	-0.1	5.90604
13062028	611	0.1	-0.1	-0.912235
13062028	612	0.1	-0.1	1.71577
13062028	613	0.1	-0.1	0.782114
13062028	614	0.1	-0.1	-5.6089
13062028	615	0.1	-0.1	0.0709864
13062028	616	0.1	-0.1	3.49875
13062028	617	0.1	-0.1	-2.37108
13062028	618	0.1	-0.1	5.40727
13062028	619	0.1	-0.1	1.09103
13062028	620	0.1	-0.1	-5.20749
13062028	621	0.1	-0.1	-0.809675
13062028	622	0.1	-0.1	-2.52247
13062028	623	0.1	-0.1	1.44378
13062028	624	0.1	-0.1	-1.67708
13062028	625	0.1	-0.1	-1.25311
13062028	626	0.1	-0.1	4.07098
13062028	627	0.1	-0.1	3.04805
13062028	628	0.1	-0.1	-2.69909
13062028	629	0.1	-0.1	3.75943
13062028	630	0.1	-0.1	-2.01434
13062028	631	0.1	-0.1	-3.81101
13062028	632	0.1	-0.1	-0.111846
13062028	633	0.1	-0.1	-4.48016
13062028	634	0.1	-0.1	-1.59439
13062028	635	0.1	-0.1	-4.73249
13062028	636	0.1	-0.1	-4.57039
13062028	637	0.1	-0.1	-0.279398
13062028	638	0.1	-0.1	-1.41344
13062028	639	0.1	-0.1	2.99628
13062028	640	0.1	-0.1	5.72741
13062028	641	0.1	-0.1	-5.5625
13062028	642	0.1	-0.1	-2.12376
13062028	643	0.1	-0.1	-2.56985
13062028	644	0.1	-0.1	4.08794
13062028	645	0.1	-0.1	3.30767
13062028	646	0.1	-0.1	-5.29827
13062028	647	0.1	-0.1	-1.66098
13062028	648	0.1	-0.1	4.93099
13062028	649	0.1	-0.1	5.99276
13062028	650	0.1	-0.1	-5.7155
13062028	651	0.1	-0.1	2.656
13062028	652	0.1	-0.1	5.19615
13062028	653	0.1	-0.1	4.07756
13062028	654	0.1	-0.1	5.58869
13062028	655	0.1	-0.1	-4.04296
13062028	656	0.1	-0.1	-1.78847
13062028	657	0.1	-0.1	3.47232
13062028	658	0.1	-0.1	0.604586
13062028	659	0.1	-0.1	2.06
13062028	660	0.1	-0.1	-5.98127
13062028	661	0.1	-0.1	-2.49408
13062028	662	0.1	-0.1	0.388086
13062028	663	0.1	-0.1	-1.20756
13062028	664	0.1	-0.1	4.16958
13062028	665	0.1	-0.1	1.77936
13062028	666	0.1	-0.1	-5.79623
13062028	667	0.1	-0.1	4.23298
13062028	668	0.1	-0.1	-4.01144
13062028	669	0.1	-0.1	-2.24539
13062028	670	0.1	-0.1	0.469095
13062028	671	0.1	-0.1	0.985151
13062028	672	0.1	-0.1	3.15032
13062028	673	0.1	-0.1	0.86906
13062028	674	0.1	-0.1	0.437764
13062028	675	0.1	-0.1	-3.07196
13062028	676	0.1	-0.1	2.28762
13062028	677	0.1	-0.1	-1.61709
13062028	678	0.1	-0.1	5.3972
13062028	679	0.1	-0.1	2.6361
13062028	680	0.1	-0.1	4.6674
13062028	681	0.1	-0.1	-0.126385
13062028	682	0.1	-0.1	-1.40759
13062028	683	0.1	-0.1	3.80965
13062028	684	0.1	-0.1	-3.15811
13062028	685	0.1	-0.1	-1.40496
13062028	686	0.1	-0.1	-0.80544
13062028	687	0.1	-0.1	4.56566
13062028	688	0.1	-0.1	5.76238
13062028	689	0.1	-0.1	4.3387
13062028	690	0.1	-0.1	1.15647
13062028	691	0.1	-0.1	-1.27632
13062028	692	0.1	-0.1	-4.29552
13062028	693	0.1	-0.1	-4.81205
13062028	694	0.1	-0.1	-0.18186
13062028	695	0.1	-0.1	-4.04581
13062028	696	0.1	-0.1	-0.937463
13062028	697	0.1	-0.1	5.12161
13062028	698	0.1	-0.1	-0.211695
13062028	699	0.1	-0.1	-4.59573
13062028	700	0.1	-0.1	-2.26977
13062028	701	0.1	-0.1	3.37166
13062028	702	0.1	-0.1	5.21642
13062028	703	0.1	-0.1	-2.65771
13062028	704	0.1	-0.1	1.09101
13062028	705	0.1	-0.1	0.523619
13062028	706	0.1	-0.1	-2.17965
13062028	707	0.1	-0.1	5.92985
13062028	708	0.1	-0.1	0.942481
13062028	709	0.1	-0.1	-1.52422
13062028	710	0.1	-0.1	3.59855
13062028	711	0.1	-0.1	-3.31992
13062028	712	0.1	-0.1	5.78038
13062028	713	0.1	-0.1	0.852931
13062028	714	0.1	-0.1	-5.69813
13062028	715	0.1	-0.1	2.81392
13062028	716	0.1	-0.1	-3.13527
13062028	717	0.1	-0.1	-5.69952
13062028	718	0.1	-0.1	4.4936
13062028	719	0.1	-0.1	-5.34928
13062028	720	0.1	-0.1	2.40021
13062028	721	0.1	-0.1	-2.63687
13062028	722	0.1	-0.1	0.644514
13062028	723	0.1	-0.1	-1.44282
13062028	724	0.1	-0.1	1.86583
13062028	725	0.1	-0.1	-2.80485
13062028	726	0.1	-0.1	0.85132
13062028	727	0.1	-0.1	2.34219
13062028	728	0.1	-0.1	1.07267
13062028	729	0.1	-0.1	-1.84829
13062028	730	0.1	-0.1	4.47705
13062028	731	0.1	-0.1	-5.40702
13062028	732	0.1	-0.1	-0.930191
13062028	733	0.1	-0.1	-3.13286
13062028	734	0.1	-0.1	4.11002
13062028	735	0.1	-0.1	-2.08126
13062028	736	0.1	-0.1	-0.271441
13062028	737	0.1	-0.1	0.607936
13062028	738	0.1	-0.1	-0.113151
13062028	739	0.1	-0.1	-4.82527
13062028	740	0.1	-0.1	1.80147
13062028	741	0.1	-0.1	-3.67466
13062028	742	0.1	-0.1	-5.10874
13062028	743	0.1	-0.1	3.65044
13062028	744	0.1	-0.1	-3.81649
13062028	745	0.1	-0.1	0.603804
13062028	746	0.1	-0.1	-5.75661
13062028	747	0.1	-0.1	2.17922
13062028	748	0.1	-0.1	-2.32019
13062028	749	0.1	-0.1	-4.50029
13062028	750	0.1	-0.1	-0.818174
13062028	751	0.1	-0.1	2.39409
13062028	752	0.1	-0.1	0.408804
13062028	753	0.1	-0.1	4.99855
13062028	754	0.1	-0.1	-1.7401
13062028	755	0.1	-0.1	-5.36258
13062028	756	0.1	-0.1	-3.91168
13062028	757	0.1	-0.1	-3.01281
13062028	758	0.1	-0.1	-0.120564
13062028	759	0.1	-0.1	4.01439
13062028	760	0.1	-0.1	4.85364
13062028	761	0.1	-0.1	1.03843
13062028	762	0.1	-0.1	1.34957
13062028	763	0.1	-0.1	1.73627
13062028	764	0.1	-0.1	3.73536
13062028	765	0.1	-0.1	-0.444098
13062028	766	0.1	-0.1	2.33708
13062028	767	0.1	-0.1	1.17844
13062028	768	0.1	-0.1	5.23706
13062028	769	0.1	-0.1	-4.22845
13062028	770	0.1	-0.1	5.66685
13062028	771	0.1	-0.1	-3.79478
13062028	772	0.1	-0.1	2.69054
13062028	773	0.1	-0.1	-1.05429
13062028	774	0.1	-0.1	-5.5485
13062028	775	0.1	-0.1	2.66686
13062028	776	0.1	-0.1	3.22212
13062028	777	0.1	-0.1	4.71628
13062028	778	0.1	-0.1	-3.92962
13062028	779	0.1	-0.1	-4.90332
13062028	780	0.1	-0.1	-4.10749
13062028	781	0.1	-0.1	-5.08858
13062028	782	0.1	-0.1	-1.35612
13062028	783	0.1	-0.1	2.51218
13062028	784	0.1	-0.1	-5.8192
13062028	785	0.1	-0.1	1.06163
13062028	786	0.1	-0.1	4.75976
13062028	787	0.1	-0.1	-1.00472
13062028	788	0.1	-0.1	4.78089
13062028	789	0.1	-0.1	3.93922
13062028	790	0.1	-0.1	2.12892
13062028	791	0.1	-0.1	2.23193
13062028	792	0.1	-0.1	2.54765
13062028	793	0.1	-0.1	5.68846
13062028	794	0.1	-0.1	-0.410958
13062028	795	0.1	-0.1	3.73259
13062028	796	0.1	-0.1	4.70957
13062028	797	0.1	-0.1	-1.75719
13062028	798	0.1	-0.1	0.490209
13062028	799	0.1	-0.1	4.50993
13062028	800	0.1	-0.1	2.10773
13062028	801	0.1	-0.1	-1.25623
13062028	802	0.1	-0.1	-3.54971
13062028	803	0.1	-0.1	1.02826
13062028	804	0.1	-0.1	2.66791
13062028	805	0.1	-0.1	-2.55904
13062028	806	0.1	-0.1	-1.08451
13062028	807	0.1	-0.1	-0.918519
13062028	808	0.1	-0.1	-5.71062
13062028	809	0.1	-0.1	-5.13552
13062028	810	0.1	-0.1	-5.66403
13062028	811	0.1	-0.1	-2.46222
13062028	812	0.1	-0.1	-2.82664
13062028	813	0.1	-0.1	5.08498
13062028	814	0.1	-0.1	3.75866
13062028	815	0.1	-0.1	0.804433
13062028	816	0.1	-0.1	1.69376
13062028	817	0.1	-0.1	3.4323
13062028	818	0.1	-0.1	1.00685
13062028	819	0.1	-0.1	4.13782
13062028	820	0.1	-0.1	4.23167
13062028	821	0.1	-0.1	4.86353
13062028	822	0.1	-0.1	1.19627
13062028	823	0.1	-0.1	4.66816
13062028	824	0.1	-0.1	3.65326
13062028	825	0.1	-0.1	-4.97497
13062028	826	0.1	-0.1	5.63925
13062028	827	0.1	-0.1	-1.48405
13062028	828	0.1	-0.1	1.97559
13062028	829	0.1	-0.1	-5.79131
13062028	830	0.1	-0.1	-1.47841
13062028	831	0.1	-0.1	2.50199
13062028	832	0.1	-0.1	5.33219
13062028	833	0.1	-0.1	5.00281
13062028	834	0.1	-0.1	0.193044
13062028	835	0.1	-0.1	-3.34327
13062028	836	0.1	-0.1	4.41423
13062028	837	0.1	-0.1	-1.7341
13062028	838	0.1	-0.1	-5.94029
13062028	839	0.1	-0.1	2.14847
13062028	840	0.1	-0.1	-1.71444
13062028	841	0.1	-0.1	3.93475
13062028	842	0.1	-0.1	-1.40911
13062028	843	0.1	-0.1	4.05886
13062028	844	0.1	-0.1	-2.80819
13062028	845	0.1	-0.1	2.22924
13062028	846	0.1	-0.1	-1.12797
13062028	847	0.1	-0.1	5.50614
13062028	848	0.1	-0.1	5.0864
13062028	849	0.1	-0.1	-2.63768
13062028	850	0.1	-0.1	-1.40913
13062028	851	0.1	-0.1	-4.36776
13062028	852	0.1	-0.1	-1.72279
13062028	853	0.1	-0.1	5.9665
13062028	854	0.1	-0.1	5.3048
13062028	855	0.1	-0.1	-2.61517
13062028	856	0.1	-0.1	5.57726
13062028	857	0.1	-0.1	-4.37098
13062028	858	0.1	-0.1	4.63674
13062028	859	0.1	-0.1	-2.92351
13062028	860	0.1	-0.1	1.4833
13062028	861	0.1	-0.1	1.71933
13062028	862	0.1	-0.1	3.64736
13062028	863	0.1	-0.1	-3.35366
13062028	864	0.1	-0.1	-4.5907
13062028	865	0.1	-0.1	-5.64042
13062028	866	0.1	-0.1	0.308517
13062028	867	0.1	-0.1	-2.50776
13062028	868	0.1	-0.1	3.71667
13062028	869	0.1	-0.1	0.322644
13062028	870	0.1	-0.1	4.11532
13062028	871	0.1	-0.1	3.31599
13062028	872	0.1	-0.1	-5.80566
13062028	873	0.1	-0.1	-4.97205
13062028	874	0.1	-0.1	1.20666
13062028	875	0.1	-0.1	4.65892
13062028	876	0.1	-0.1	5.73459
13062028	877	0.1	-0.1	3.60252
13062028	878	0.1	-0.1	5.42525
13062028	879	0.1	-0.1	0.0206938
13062028	880	0.1	-0.1	3.06678
13062028	881	0.1	-0.1	5.86249
13062028	882	0.1	-0.1	-0.899625
13062028	883	0.1	-0.1	-5.69436
13062028	884	0.1	-0.1	-0.209318
13062028	885	0.1	-0.1	-5.93006
13062028	886	0.1	-0.1	-5.11496
13062028	887	0.1	-0.1	5.76519
13062028	888	0.1	-0.1	-3.78178
13062028	889	0.1	-0.1	0.419158
13062028	890	0.1	-0.1	-3.41479
13062028	891	0.1	-0.1	3.46552
13062028	892	0.1	-0.1	3.26542
13062028	893	0.1	-0.1	2.31795
13062028	894	0.1	-0.1	-4.2443
13062028	895	0.1	-0.1	-1.77721
13062028	896	0.1	-0.1	-0.644087
13062028	897	0.1	-0.1	-0.941423
13062028	898	0.1	-0.1	1.17109
13062028	899	0.1	-0.1	0.746534
13062028	900	0.1	-0.1	2.60333
13062028	901	0.1	-0.1	1.78888
13062028	902	0.1	-0.1	2.72359
13062028	903	0.1	-0.1	0.161456
13062028	904	0.1	-0.1	-4.18053
13062028	905	0.1	-0.1	0.331373
13062028	906	0.1	-0.1	-1.84615
13062028	907	0.1	-0.1	-5.6691
13062028	908	0.1	-0.1	5.7238
13062028	909	0.1	-0.1	2.11086
13062028	910	0.1	-0.1	5.16222
13062028	911	0.1	-0.1	5.15297
13062028	912	0.1	-0.1	5.74385
13062028	913	0.1	-0.1	5.94225
13062028	914	0.1	-0.1	-3.20403
13062028	915	0.1	-0.1	1.37681
13062028	916	0.1	-0.1	4.54766
13062028	917	0.1	-0.1	-5.88977
13062028	918	0.1	-0.1	-1.61077
13062028	919	0.1	-0.1	3.03414
13062028	920	0.1	-0.1	-4.40454
13062028	921	0.1	-0.1	-0.0700514
13062028	922	0.1	-0.1	-4.32057
13062028	923	0.1	-0.1	-0.666679
13062028	924	0.1	-0.1	0.623955
13062028	925	0.1	-0.1	-5.61497
13062028	926	0.1	-0.1	-2.73101
13062028	927	0.1	-0.1	5.51738
13062028	928	0.1	-0.1	4.22814
13062028	929	0.1	-0.1	3.76087
13062028	930	0.1	-0.1	1.08986
13062028	931	0.1	-0.1	-4.88263
13062028	932	0.1	-0.1	-5.79722
13062028	933	0.1	-0.1	5.43958
13062028	934	0.1	-0.1	5.20424
13062028	935	0.1	-0.1	-4.63148
13062028	936	0.1	-0.1	-3.17042
13062028	937	0.1	-0.1	2.38439
13062028	938	0.1	-0.1	0.112738
13062028	939	0.1	-0.1	-4.13967
13062028	940	0.1	-0.1	1.72885
13062028	941	0.1	-0.1	-2.66034
13062028	942	0.1	-0.1	1.96559
13062028	943	0.1	-0.1	-4.60985
13062028	944	0.1	-0.1	4.8243
13062028	945	0.1	-0.1	-4.20986
13062028	946	0.1	-0.1	5.13155
13062028	947	0.1	-0.1	-4.69918
13062028	948	0.1	-0.1	2.25264
13062028	949	0.1	-0.1	3.29122
13062028	950	0.1	-0.1	-2.89082
13062028	951	0.1	-0.1	-2.9363
13062028	952	0.1	-0.1	1.20112
13062028	953	0.1	-0.1	5.65778
13062028	954	0.1	-0.1	0.347312
13062028	955	0.1	-0.1	-1.59635
13062028	956	0.1	-0.1	-1.09172
13062028	957	0.1	-0.1	1.86037
13062028	958	0.1	-0.1	3.58588
13062028	959	0.1	-0.1	5.99168
13062028	960	0.1	-0.1	1.62449
13062028	961	0.1	-0.1	5.10017
13062028	962	0.1	-0.1	3.77033
13062028	963	0.1	-0.1	5.82739
13062028	964	0.1	-0.1	-3.22607
13062028	965	0.1	-0.1	-4.52118
13062028	966	0.1	-0.1	0.165983
13062028	967	0.1	-0.1	-0.17736
13062028	968	0.1	-0.1	0.814488
13062028	969	0.1	-0.1	-4.33185
13062028	970	0.1	-0.1	0.540228
13062028	971	0.1	-0.1	3.97265
13062028	972	0.1	-0.1	4.47714
13062028	973	0.1	-0.1	-1.06533
13062028	974	0.1	-0.1	-1.85504
13062028	975	0.1	-0.1	5.30403
13062028	976	0.1	-0.1	-2.16481
13062028	977	0.1	-0.1	-3.43542
13062028	978	0.1	-0.1	-4.86921
13062028	979	0.1	-0.1	2.513
13062028	980	0.1	-0.1	2.99731
13062028	981	0.1	-0.1	-3.59262
13062028	982	0.1	-0.1	2.86641
13062028	983	0.1	-0.1	4.10227
13062028	984	0.1	-0.1	-5.83785
13062028	985	0.1	-0.1	5.86951
13062028	986	0.1	-0.1	4.82335
13062028	987	0.1	-0.1	-4.98983
13062028	988	0.1	-0.1	2.54529
13062028	989	0.1	-0.1	-2.00634
13062028	990	0.1	-0.1	-5.05959
13062028	991	0.1	-0.1	0.77069
13062028	992	0.1	-0.1	-5.60111
13062028	993	0.1	-0.1	0.753359
13062028	994	0.1	-0.1	-0.519761
13062028	995	0.1	-0.1	-5.30001
13062028	996	0.1	-0.1	-4.69694
13062028	997	0.1	-0.1	1.77667
13062028	998	0.1	-0.1	0.110533
13062028	999	0.1	-0.1	-4.21557
13062028	1000	0.1	-0.1	-2.97811
