13069029	1	0.1	-0.1	-2.3689
13069029	2	0.1	-0.1	1.8943
13069029	3	0.1	-0.1	-2.75915
13069029	4	0.1	-0.1	3.41597
13069029	5	0.1	-0.1	-1.46315
13069029	6	0.1	-0.1	-0.877967
13069029	7	0.1	-0.1	-5.146
13069029	8	0.1	-0.1	-4.36218
13069029	9	0.1	-0.1	2.61564
13069029	10	0.1	-0.1	4.28272
13069029	11	0.1	-0.1	-1.35294
13069029	12	0.1	-0.1	-1.83904
13069029	13	0.1	-0.1	-2.25819
13069029	14	0.1	-0.1	4.53778
13069029	15	0.1	-0.1	0.0867371
13069029	16	0.1	-0.1	2.92019
13069029	17	0.1	-0.1	1.4777
13069029	18	0.1	-0.1	-1.32899
13069029	19	0.1	-0.1	4.39799
13069029	20	0.1	-0.1	1.0523
13069029	21	0.1	-0.1	2.36601
13069029	22	0.1	-0.1	-3.4204
13069029	23	0.1	-0.1	-2.43433
13069029	24	0.1	-0.1	-4.91403
13069029	25	0.1	-0.1	0.365911
13069029	26	0.1	-0.1	1.97114
13069029	27	0.1	-0.1	-0.127787
13069029	28	0.1	-0.1	-2.2918
13069029	29	0.1	-0.1	-1.13743
13069029	30	0.1	-0.1	2.03385
13069029	31	0.1	-0.1	4.3633
13069029	32	0.1	-0.1	-1.28316
13069029	33	0.1	-0.1	0.769754
13069029	34	0.1	-0.1	-0.768327
13069029	35	0.1	-0.1	-2.29405
13069029	36	0.1	-0.1	4.0802
13069029	37	0.1	-0.1	2.90953
13069029	38	0.1	-0.1	-0.889382
13069029	39	0.1	-0.1	-2.96131
13069029	40	0.1	-0.1	5.35795
13069029	41	0.1	-0.1	-3.57448
13069029	42	0.1	-0.1	4.63046
13069029	43	0.1	-0.1	5.09715
13069029	44	0.1	-0.1	4.90756
13069029	45	0.1	-0.1	2.21022
13069029	46	0.1	-0.1	-3.47805
13069029	47	0.1	-0.1	4.08897
13069029	48	0.1	-0.1	-3.28115
13069029	49	0.1	-0.1	-3.65686
13069029	50	0.1	-0.1	-3.56701
13069029	51	0.1	-0.1	1.66348
13069029	52	0.1	-0.1	-4.38123
13069029	53	0.1	-0.1	3.34574
13069029	54	0.1	-0.1	0.206136
13069029	55	0.1	-0.1	0.211557
13069029	56	0.1	-0.1	1.9233
13069029	57	0.1	-0.1	5.26636
13069029	58	0.1	-0.1	-5.4175
13069029	59	0.1	-0.1	-5.4466
13069029	60	0.1	-0.1	-1.64475
13069029	61	0.1	-0.1	-3.62538
13069029	62	0.1	-0.1	-4.16387
13069029	63	0.1	-0.1	-0.29936
13069029	64	0.1	-0.1	-1.25397
13069029	65	0.1	-0.1	3.21263
13069029	66	0.1	-0.1	-5.40923
13069029	67	0.1	-0.1	3.95414
13069029	68	0.1	-0.1	-0.997251
13069029	69	0.1	-0.1	-5.29688
13069029	70	0.1	-0.1	-1.31626
13069029	71	0.1	-0.1	1.97231
13069029	72	0.1	-0.1	3.83613
13069029	73	0.1	-0.1	-5.82076
13069029	74	0.1	-0.1	4.31215
13069029	75	0.1	-0.1	5.11925
13069029	76	0.1	-0.1	2.51606
13069029	77	0.1	-0.1	4.64109
13069029	78	0.1	-0.1	-5.76282
13069029	79	0.1	-0.1	-0.076243
13069029	80	0.1	-0.1	-0.0321038
13069029	81	0.1	-0.1	4.53073
13069029	82	0.1	-0.1	2.07442
13069029	83	0.1	-0.1	-1.61831
13069029	84	0.1	-0.1	2.60979
13069029	85	0.1	-0.1	1.81229
13069029	86	0.1	-0.1	-1.38606
13069029	87	0.1	-0.1	-2.94602
13069029	88	0.1	-0.1	0.657218
13069029	89	0.1	-0.1	1.6934
13069029	90	0.1	-0.1	-1.86526
13069029	91	0.1	-0.1	4.80819
13069029	92	0.1	-0.1	3.89573
13069029	93	0.1	-0.1	-2.46131
13069029	94	0.1	-0.1	4.30341
13069029	95	0.1	-0.1	2.37962
13069029	96	0.1	-0.1	-2.73202
13069029	97	0.1	-0.1	4.28513
13069029	98	0.1	-0.1	-5.30532
13069029	99	0.1	-0.1	-4.04242
13069029	100	0.1	-0.1	0.726911
13069029	101	0.1	-0.1	0.550351
13069029	102	0.1	-0.1	4.53789
13069029	103	0.1	-0.1	-2.14552
13069029	104	0.1	-0.1	-2.76892
13069029	105	0.1	-0.1	3.08973
13069029	106	0.1	-0.1	4.52276
13069029	107	0.1	-0.1	2.24387
13069029	108	0.1	-0.1	0.336231
13069029	109	0.1	-0.1	1.8131
13069029	110	0.1	-0.1	4.26656
13069029	111	0.1	-0.1	1.77558
13069029	112	0.1	-0.1	-3.81719
13069029	113	0.1	-0.1	2.88299
13069029	114	0.1	-0.1	3.23191
13069029	115	0.1	-0.1	-4.71171
13069029	116	0.1	-0.1	-3.28409
13069029	117	0.1	-0.1	1.53421
13069029	118	0.1	-0.1	-2.99846
13069029	119	0.1	-0.1	3.82784
13069029	120	0.1	-0.1	-4.497
13069029	121	0.1	-0.1	-4.94115
13069029	122	0.1	-0.1	-3.32542
13069029	123	0.1	-0.1	1.50347
13069029	124	0.1	-0.1	5.2971
13069029	125	0.1	-0.1	3.95666
13069029	126	0.1	-0.1	5.07629
13069029	127	0.1	-0.1	2.9599
13069029	128	0.1	-0.1	-0.491428
13069029	129	0.1	-0.1	1.70772
13069029	130	0.1	-0.1	1.29008
13069029	131	0.1	-0.1	0.154305
13069029	132	0.1	-0.1	-2.80903
13069029	133	0.1	-0.1	-2.06867
13069029	134	0.1	-0.1	4.83531
13069029	135	0.1	-0.1	-4.07525
13069029	136	0.1	-0.1	-5.75091
13069029	137	0.1	-0.1	2.23184
13069029	138	0.1	-0.1	2.10188
13069029	139	0.1	-0.1	2.42593
13069029	140	0.1	-0.1	-5.22063
13069029	141	0.1	-0.1	-5.24346
13069029	142	0.1	-0.1	4.33818
13069029	143	0.1	-0.1	-1.33484
13069029	144	0.1	-0.1	-2.65904
13069029	145	0.1	-0.1	4.24138
13069029	146	0.1	-0.1	0.709878
13069029	147	0.1	-0.1	1.94748
13069029	148	0.1	-0.1	-3.40828
13069029	149	0.1	-0.1	1.27631
13069029	150	0.1	-0.1	1.80531
13069029	151	0.1	-0.1	-0.533741
13069029	152	0.1	-0.1	2.70832
13069029	153	0.1	-0.1	3.50849
13069029	154	0.1	-0.1	0.796102
13069029	155	0.1	-0.1	1.80815
13069029	156	0.1	-0.1	-4.18438
13069029	157	0.1	-0.1	0.691922
13069029	158	0.1	-0.1	5.12666
13069029	159	0.1	-0.1	-0.199096
13069029	160	0.1	-0.1	-0.322874
13069029	161	0.1	-0.1	3.14001
13069029	162	0.1	-0.1	5.9097
13069029	163	0.1	-0.1	5.44831
13069029	164	0.1	-0.1	5.72431
13069029	165	0.1	-0.1	1.25456
13069029	166	0.1	-0.1	-5.08622
13069029	167	0.1	-0.1	0.543215
13069029	168	0.1	-0.1	4.66747
13069029	169	0.1	-0.1	5.01788
13069029	170	0.1	-0.1	-3.45315
13069029	171	0.1	-0.1	-5.6994
13069029	172	0.1	-0.1	0.291664
13069029	173	0.1	-0.1	0.371179
13069029	174	0.1	-0.1	-3.17432
13069029	175	0.1	-0.1	4.71437
13069029	176	0.1	-0.1	0.784187
13069029	177	0.1	-0.1	-0.389566
13069029	178	0.1	-0.1	5.85321
13069029	179	0.1	-0.1	0.612285
13069029	180	0.1	-0.1	1.64788
13069029	181	0.1	-0.1	5.63662
13069029	182	0.1	-0.1	-3.63234
13069029	183	0.1	-0.1	-5.15473
13069029	184	0.1	-0.1	-5.10329
13069029	185	0.1	-0.1	-0.491624
13069029	186	0.1	-0.1	-3.42129
13069029	187	0.1	-0.1	2.40921
13069029	188	0.1	-0.1	-2.96924
13069029	189	0.1	-0.1	-2.24504
13069029	190	0.1	-0.1	-3.30386
13069029	191	0.1	-0.1	2.71962
13069029	192	0.1	-0.1	-2.65972
13069029	193	0.1	-0.1	3.72325
13069029	194	0.1	-0.1	4.74476
13069029	195	0.1	-0.1	-3.67265
13069029	196	0.1	-0.1	-1.80174
13069029	197	0.1	-0.1	4.21204
13069029	198	0.1	-0.1	-4.52049
13069029	199	0.1	-0.1	-0.14396
13069029	200	0.1	-0.1	5.6593
13069029	201	0.1	-0.1	-5.51085
13069029	202	0.1	-0.1	3.33039
13069029	203	0.1	-0.1	-2.12589
13069029	204	0.1	-0.1	2.24788
13069029	205	0.1	-0.1	-3.55421
13069029	206	0.1	-0.1	1.46043
13069029	207	0.1	-0.1	-3.40454
13069029	208	0.1	-0.1	3.10855
13069029	209	0.1	-0.1	1.10014
13069029	210	0.1	-0.1	2.669
13069029	211	0.1	-0.1	5.10411
13069029	212	0.1	-0.1	-2.8387
13069029	213	0.1	-0.1	-0.746092
13069029	214	0.1	-0.1	-2.79522
13069029	215	0.1	-0.1	1.50961
13069029	216	0.1	-0.1	-4.09584
13069029	217	0.1	-0.1	5.49621
13069029	218	0.1	-0.1	-0.474982
13069029	219	0.1	-0.1	5.11852
13069029	220	0.1	-0.1	0.439209
13069029	221	0.1	-0.1	-4.25035
13069029	222	0.1	-0.1	2.07225
13069029	223	0.1	-0.1	-5.02203
13069029	224	0.1	-0.1	-2.83396
13069029	225	0.1	-0.1	0.367049
13069029	226	0.1	-0.1	3.72761
13069029	227	0.1	-0.1	-2.63971
13069029	228	0.1	-0.1	-2.78084
13069029	229	0.1	-0.1	5.2436
13069029	230	0.1	-0.1	-4.8693
13069029	231	0.1	-0.1	3.42384
13069029	232	0.1	-0.1	2.10723
13069029	233	0.1	-0.1	2.16475
13069029	234	0.1	-0.1	0.80074
13069029	235	0.1	-0.1	1.90455
13069029	236	0.1	-0.1	-2.43583
13069029	237	0.1	-0.1	3.20362
13069029	238	0.1	-0.1	3.11146
13069029	239	0.1	-0.1	3.2467
13069029	240	0.1	-0.1	-1.65045
13069029	241	0.1	-0.1	-0.449866
13069029	242	0.1	-0.1	3.22906
13069029	243	0.1	-0.1	2.41159
13069029	244	0.1	-0.1	4.23387
13069029	245	0.1	-0.1	-0.819565
13069029	246	0.1	-0.1	-1.32448
13069029	247	0.1	-0.1	-2.04325
13069029	248	0.1	-0.1	2.03521
13069029	249	0.1	-0.1	4.23644
13069029	250	0.1	-0.1	-0.625587
13069029	251	0.1	-0.1	-2.68717
13069029	252	0.1	-0.1	-5.93301
13069029	253	0.1	-0.1	-2.36303
13069029	254	0.1	-0.1	0.410032
13069029	255	0.1	-0.1	2.70782
13069029	256	0.1	-0.1	-2.39087
13069029	257	0.1	-0.1	-2.79141
13069029	258	0.1	-0.1	1.66904
13069029	259	0.1	-0.1	-0.893509
13069029	260	0.1	-0.1	3.59207
13069029	261	0.1	-0.1	4.39784
13069029	262	0.1	-0.1	2.52434
13069029	263	0.1	-0.1	5.53787
13069029	264	0.1	-0.1	-0.80094
13069029	265	0.1	-0.1	1.55787
13069029	266	0.1	-0.1	3.55319
13069029	267	0.1	-0.1	0.485174
13069029	268	0.1	-0.1	-0.486559
13069029	269	0.1	-0.1	1.51521
13069029	270	0.1	-0.1	4.21203
13069029	271	0.1	-0.1	5.67606
13069029	272	0.1	-0.1	-4.72744
13069029	273	0.1	-0.1	1.76168
13069029	274	0.1	-0.1	5.59587
13069029	275	0.1	-0.1	0.803846
13069029	276	0.1	-0.1	3.7943
13069029	277	0.1	-0.1	3.7999
13069029	278	0.1	-0.1	4.43509
13069029	279	0.1	-0.1	3.36782
13069029	280	0.1	-0.1	-2.21103
13069029	281	0.1	-0.1	0.371453
13069029	282	0.1	-0.1	-4.51347
13069029	283	0.1	-0.1	-2.94965
13069029	284	0.1	-0.1	-5.17396
13069029	285	0.1	-0.1	-2.22328
13069029	286	0.1	-0.1	-4.20424
13069029	287	0.1	-0.1	-3.2835
13069029	288	0.1	-0.1	2.80295
13069029	289	0.1	-0.1	-3.87658
13069029	290	0.1	-0.1	-1.81963
13069029	291	0.1	-0.1	5.73394
13069029	292	0.1	-0.1	-3.14251
13069029	293	0.1	-0.1	4.79601
13069029	294	0.1	-0.1	-1.61882
13069029	295	0.1	-0.1	-0.454948
13069029	296	0.1	-0.1	3.03439
13069029	297	0.1	-0.1	3.13039
13069029	298	0.1	-0.1	-4.39099
13069029	299	0.1	-0.1	-2.23061
13069029	300	0.1	-0.1	4.23177
13069029	301	0.1	-0.1	5.60225
13069029	302	0.1	-0.1	4.36244
13069029	303	0.1	-0.1	-3.01647
13069029	304	0.1	-0.1	3.48224
13069029	305	0.1	-0.1	2.96511
13069029	306	0.1	-0.1	-1.31672
13069029	307	0.1	-0.1	4.35522
13069029	308	0.1	-0.1	4.10506
13069029	309	0.1	-0.1	5.36966
13069029	310	0.1	-0.1	-0.17222
13069029	311	0.1	-0.1	0.0245451
13069029	312	0.1	-0.1	4.60643
13069029	313	0.1	-0.1	-3.97584
13069029	314	0.1	-0.1	-0.0952249
13069029	315	0.1	-0.1	5.75334
13069029	316	0.1	-0.1	3.88064
13069029	317	0.1	-0.1	1.383
13069029	318	0.1	-0.1	-1.53426
13069029	319	0.1	-0.1	2.62935
13069029	320	0.1	-0.1	3.00644
13069029	321	0.1	-0.1	-4.09222
13069029	322	0.1	-0.1	-1.24997
13069029	323	0.1	-0.1	0.601002
13069029	324	0.1	-0.1	-5.80665
13069029	325	0.1	-0.1	-1.89978
13069029	326	0.1	-0.1	-3.45271
13069029	327	0.1	-0.1	4.61364
13069029	328	0.1	-0.1	-2.8132
13069029	329	0.1	-0.1	1.42069
13069029	330	0.1	-0.1	-5.99248
13069029	331	0.1	-0.1	0.900765
13069029	332	0.1	-0.1	-0.17541
13069029	333	0.1	-0.1	1.88864
13069029	334	0.1	-0.1	-0.358333
13069029	335	0.1	-0.1	0.603762
13069029	336	0.1	-0.1	-5.93548
13069029	337	0.1	-0.1	4.85536
13069029	338	0.1	-0.1	0.737432
13069029	339	0.1	-0.1	-4.36283
13069029	340	0.1	-0.1	4.9825
13069029	341	0.1	-0.1	-2.81231
13069029	342	0.1	-0.1	-1.34098
13069029	343	0.1	-0.1	0.275794
13069029	344	0.1	-0.1	5.185
13069029	345	0.1	-0.1	-2.15755
13069029	346	0.1	-0.1	-1.12083
13069029	347	0.1	-0.1	2.46459
13069029	348	0.1	-0.1	-2.75383
13069029	349	0.1	-0.1	5.4209
13069029	350	0.1	-0.1	0.573666
13069029	351	0.1	-0.1	4.76286
13069029	352	0.1	-0.1	-4.01352
13069029	353	0.1	-0.1	-1.12019
13069029	354	0.1	-0.1	1.76887
13069029	355	0.1	-0.1	-2.27219
13069029	356	0.1	-0.1	3.97671
13069029	357	0.1	-0.1	0.874382
13069029	358	0.1	-0.1	0.596189
13069029	359	0.1	-0.1	-0.923107
13069029	360	0.1	-0.1	-4.88659
13069029	361	0.1	-0.1	4.9393
13069029	362	0.1	-0.1	2.67251
13069029	363	0.1	-0.1	1.89418
13069029	364	0.1	-0.1	-3.18001
13069029	365	0.1	-0.1	-0.42088
13069029	366	0.1	-0.1	2.58514
13069029	367	0.1	-0.1	5.98849
13069029	368	0.1	-0.1	-3.97604
13069029	369	0.1	-0.1	4.14166
13069029	370	0.1	-0.1	-4.72342
13069029	371	0.1	-0.1	-1.56564
13069029	372	0.1	-0.1	-0.786585
13069029	373	0.1	-0.1	3.30962
13069029	374	0.1	-0.1	-0.212857
13069029	375	0.1	-0.1	-5.47403
13069029	376	0.1	-0.1	0.929471
13069029	377	0.1	-0.1	1.20611
13069029	378	0.1	-0.1	-5.86546
13069029	379	0.1	-0.1	3.35965
13069029	380	0.1	-0.1	-0.096494
13069029	381	0.1	-0.1	-4.93872
13069029	382	0.1	-0.1	1.141
13069029	383	0.1	-0.1	2.22561
13069029	384	0.1	-0.1	4.50922
13069029	385	0.1	-0.1	-5.94978
13069029	386	0.1	-0.1	-5.45353
13069029	387	0.1	-0.1	-1.5844
13069029	388	0.1	-0.1	-4.73389
13069029	389	0.1	-0.1	-4.53857
13069029	390	0.1	-0.1	-3.32885
13069029	391	0.1	-0.1	-4.6905
13069029	392	0.1	-0.1	-5.8585
13069029	393	0.1	-0.1	4.63212
13069029	394	0.1	-0.1	4.11438
13069029	395	0.1	-0.1	0.579001
13069029	396	0.1	-0.1	2.9724
13069029	397	0.1	-0.1	-1.48508
13069029	398	0.1	-0.1	5.74851
13069029	399	0.1	-0.1	1.69921
13069029	400	0.1	-0.1	4.73986
13069029	401	0.1	-0.1	4.37862
13069029	402	0.1	-0.1	-2.56286
13069029	403	0.1	-0.1	-0.773981
13069029	404	0.1	-0.1	-4.18305
13069029	405	0.1	-0.1	4.18819
13069029	406	0.1	-0.1	4.8771
13069029	407	0.1	-0.1	-5.69018
13069029	408	0.1	-0.1	4.38258
13069029	409	0.1	-0.1	5.16051
13069029	410	0.1	-0.1	-0.468534
13069029	411	0.1	-0.1	-4.44942
13069029	412	0.1	-0.1	-1.80548
13069029	413	0.1	-0.1	-3.63194
13069029	414	0.1	-0.1	3.03084
13069029	415	0.1	-0.1	-5.22782
13069029	416	0.1	-0.1	5.29557
13069029	417	0.1	-0.1	-4.24766
13069029	418	0.1	-0.1	2.92461
13069029	419	0.1	-0.1	5.03046
13069029	420	0.1	-0.1	-2.66237
13069029	421	0.1	-0.1	-2.90063
13069029	422	0.1	-0.1	0.249771
13069029	423	0.1	-0.1	-2.8914
13069029	424	0.1	-0.1	-2.19894
13069029	425	0.1	-0.1	5.69527
13069029	426	0.1	-0.1	-1.28113
13069029	427	0.1	-0.1	4.90264
13069029	428	0.1	-0.1	-3.37234
13069029	429	0.1	-0.1	-1.81614
13069029	430	0.1	-0.1	-2.78099
13069029	431	0.1	-0.1	-0.744538
13069029	432	0.1	-0.1	-1.38892
13069029	433	0.1	-0.1	-3.20197
13069029	434	0.1	-0.1	-3.31345
13069029	435	0.1	-0.1	-0.806686
13069029	436	0.1	-0.1	2.68497
13069029	437	0.1	-0.1	1.60628
13069029	438	0.1	-0.1	1.24674
13069029	439	0.1	-0.1	2.84787
13069029	440	0.1	-0.1	0.274835
13069029	441	0.1	-0.1	5.58754
13069029	442	0.1	-0.1	1.68591
13069029	443	0.1	-0.1	0.708869
13069029	444	0.1	-0.1	5.62207
13069029	445	0.1	-0.1	-2.27608
13069029	446	0.1	-0.1	3.93249
13069029	447	0.1	-0.1	-2.99857
13069029	448	0.1	-0.1	5.90691
13069029	449	0.1	-0.1	-0.731452
13069029	450	0.1	-0.1	3.13411
13069029	451	0.1	-0.1	3.34816
13069029	452	0.1	-0.1	2.09328
13069029	453	0.1	-0.1	4.77099
13069029	454	0.1	-0.1	0.353452
13069029	455	0.1	-0.1	-1.25976
13069029	456	0.1	-0.1	0.862167
13069029	457	0.1	-0.1	-5.12372
13069029	458	0.1	-0.1	-0.298401
13069029	459	0.1	-0.1	0.512043
13069029	460	0.1	-0.1	-5.77257
13069029	461	0.1	-0.1	5.97013
13069029	462	0.1	-0.1	-5.51321
13069029	463	0.1	-0.1	-3.5011
13069029	464	0.1	-0.1	-5.93015
13069029	465	0.1	-0.1	-4.03948
13069029	466	0.1	-0.1	-0.948069
13069029	467	0.1	-0.1	-1.38411
13069029	468	0.1	-0.1	3.70173
13069029	469	0.1	-0.1	-1.94842
13069029	470	0.1	-0.1	-4.58471
13069029	471	0.1	-0.1	-3.79966
13069029	472	0.1	-0.1	-1.56045
13069029	473	0.1	-0.1	-1.21642
13069029	474	0.1	-0.1	0.567831
13069029	475	0.1	-0.1	2.61528
13069029	476	0.1	-0.1	-3.79497
13069029	477	0.1	-0.1	-3.34077
13069029	478	0.1	-0.1	-0.359056
13069029	479	0.1	-0.1	5.63335
13069029	480	0.1	-0.1	-3.5591
13069029	481	0.1	-0.1	-4.91293
13069029	482	0.1	-0.1	4.80535
13069029	483	0.1	-0.1	3.59622
13069029	484	0.1	-0.1	2.09666
13069029	485	0.1	-0.1	-4.31902
13069029	486	0.1	-0.1	-1.45883
13069029	487	0.1	-0.1	-1.91836
13069029	488	0.1	-0.1	0.91508
13069029	489	0.1	-0.1	4.12089
13069029	490	0.1	-0.1	-3.33058
13069029	491	0.1	-0.1	-0.160962
13069029	492	0.1	-0.1	-5.68471
13069029	493	0.1	-0.1	1.84409
13069029	494	0.1	-0.1	-4.2296
13069029	495	0.1	-0.1	3.34113
13069029	496	0.1	-0.1	2.37743
13069029	497	0.1	-0.1	-2.86868
13069029	498	0.1	-0.1	1.6174
13069029	499	0.1	-0.1	2.93891
13069029	500	0.1	-0.1	0.845665
13069029	501	0.1	-0.1	-0.453121
13069029	502	0.1	-0.1	-4.43957
13069029	503	0.1	-0.1	-5.90898
13069029	504	0.1	-0.1	-0.950681
13069029	505	0.1	-0.1	4.75361
13069029	506	0.1	-0.1	-4.64433
13069029	507	0.1	-0.1	5.76045
13069029	508	0.1	-0.1	2.06202
13069029	509	0.1	-0.1	5.36824
13069029	510	0.1	-0.1	1.59613
13069029	511	0.1	-0.1	1.14416
13069029	512	0.1	-0.1	-4.02265
13069029	513	0.1	-0.1	1.25294
13069029	514	0.1	-0.1	-4.7935
13069029	515	0.1	-0.1	2.20082
13069029	516	0.1	-0.1	-0.986297
13069029	517	0.1	-0.1	0.145273
13069029	518	0.1	-0.1	3.59559
13069029	519	0.1	-0.1	3.96159
13069029	520	0.1	-0.1	0.623161
13069029	521	0.1	-0.1	4.87717
13069029	522	0.1	-0.1	3.48691
13069029	523	0.1	-0.1	1.90197
13069029	524	0.1	-0.1	-1.44814
13069029	525	0.1	-0.1	-3.06122
13069029	526	0.1	-0.1	-5.63888
13069029	527	0.1	-0.1	-2.06297
13069029	528	0.1	-0.1	-5.78277
13069029	529	0.1	-0.1	-4.38984
13069029	530	0.1	-0.1	1.36083
13069029	531	0.1	-0.1	-0.071744
13069029	532	0.1	-0.1	0.135739
13069029	533	0.1	-0.1	-4.29622
13069029	534	0.1	-0.1	-2.85364
13069029	535	0.1	-0.1	-4.69249
13069029	536	0.1	-0.1	-4.72899
13069029	537	0.1	-0.1	-3.70128
13069029	538	0.1	-0.1	3.92001
13069029	539	0.1	-0.1	-1.14086
13069029	540	0.1	-0.1	4.42979
13069029	541	0.1	-0.1	-0.104928
13069029	542	0.1	-0.1	-5.56214
13069029	543	0.1	-0.1	0.0691636
13069029	544	0.1	-0.1	-2.038
13069029	545	0.1	-0.1	0.601806
13069029	546	0.1	-0.1	-1.73571
13069029	547	0.1	-0.1	-5.19901
13069029	548	0.1	-0.1	3.12239
13069029	549	0.1	-0.1	2.1561
13069029	550	0.1	-0.1	3.98727
13069029	551	0.1	-0.1	1.67513
13069029	552	0.1	-0.1	-0.716786
13069029	553	0.1	-0.1	-1.56978
13069029	554	0.1	-0.1	-0.123962
13069029	555	0.1	-0.1	5.8969
13069029	556	0.1	-0.1	2.63128
13069029	557	0.1	-0.1	-5.5764
13069029	558	0.1	-0.1	5.54645
13069029	559	0.1	-0.1	-2.89604
13069029	560	0.1	-0.1	5.31216
13069029	561	0.1	-0.1	5.54816
13069029	562	0.1	-0.1	4.85023
13069029	563	0.1	-0.1	5.11521
13069029	564	0.1	-0.1	-1.36809
13069029	565	0.1	-0.1	-5.67774
13069029	566	0.1	-0.1	-5.33042
13069029	567	0.1	-0.1	2.44742
13069029	568	0.1	-0.1	2.00584
13069029	569	0.1	-0.1	-3.13336
13069029	570	0.1	-0.1	3.67914
13069029	571	0.1	-0.1	-3.26709
13069029	572	0.1	-0.1	-5.13815
13069029	573	0.1	-0.1	2.18819
13069029	574	0.1	-0.1	-0.629954
13069029	575	0.1	-0.1	-1.55306
13069029	576	0.1	-0.1	-3.51187
13069029	577	0.1	-0.1	1.90144
13069029	578	0.1	-0.1	-4.05835
13069029	579	0.1	-0.1	1.41485
13069029	580	0.1	-0.1	5.57835
13069029	581	0.1	-0.1	0.560353
13069029	582	0.1	-0.1	-5.72738
13069029	583	0.1	-0.1	-5.21326
13069029	584	0.1	-0.1	-0.486509
13069029	585	0.1	-0.1	5.57094
13069029	586	0.1	-0.1	1.93651
13069029	587	0.1	-0.1	1.62162
13069029	588	0.1	-0.1	-1.83879
13069029	589	0.1	-0.1	-2.96409
13069029	590	0.1	-0.1	-1.67046
13069029	591	0.1	-0.1	-1.33996
13069029	592	0.1	-0.1	-3.20908
13069029	593	0.1	-0.1	1.99489
13069029	594	0.1	-0.1	-4.02083
13069029	595	0.1	-0.1	-2.90019
13069029	596	0.1	-0.1	-0.176858
13069029	597	0.1	-0.1	-2.50188
13069029	598	0.1	-0.1	5.6727
13069029	599	0.1	-0.1	3.89057
13069029	600	0.1	-0.1	-5.64526
13069029	601	0.1	-0.1	5.16885
13069029	602	0.1	-0.1	4.94797
13069029	603	0.1	-0.1	-2.07478
13069029	604	0.1	-0.1	4.34854
13069029	605	0.1	-0.1	2.80457
13069029	606	0.1	-0.1	0.220854
13069029	607	0.1	-0.1	-3.09199
13069029	608	0.1	-0.1	2.58734
13069029	609	0.1	-0.1	0.881964
13069029	610	0.1	-0.1	-2.71637
13069029	611	0.1	-0.1	2.12725
13069029	612	0.1	-0.1	-4.47909
13069029	613	0.1	-0.1	1.59746
13069029	614	0.1	-0.1	5.97934
13069029	615	0.1	-0.1	-1.63654
13069029	616	0.1	-0.1	3.30402
13069029	617	0.1	-0.1	-0.613666
13069029	618	0.1	-0.1	2.17834
13069029	619	0.1	-0.1	4.88094
13069029	620	0.1	-0.1	-4.37604
13069029	621	0.1	-0.1	-1.67127
13069029	622	0.1	-0.1	1.8454
13069029	623	0.1	-0.1	4.95118
13069029	624	0.1	-0.1	-5.15927
13069029	625	0.1	-0.1	-1.36703
13069029	626	0.1	-0.1	-0.208063
13069029	627	0.1	-0.1	-0.252442
13069029	628	0.1	-0.1	0.384872
13069029	629	0.1	-0.1	-0.967255
13069029	630	0.1	-0.1	4.19481
13069029	631	0.1	-0.1	-0.836381
13069029	632	0.1	-0.1	2.46774
13069029	633	0.1	-0.1	-0.876133
13069029	634	0.1	-0.1	3.56081
13069029	635	0.1	-0.1	-3.51797
13069029	636	0.1	-0.1	-4.81533
13069029	637	0.1	-0.1	1.2922
13069029	638	0.1	-0.1	3.92612
13069029	639	0.1	-0.1	-0.342705
13069029	640	0.1	-0.1	1.25442
13069029	641	0.1	-0.1	3.50159
13069029	642	0.1	-0.1	0.390383
13069029	643	0.1	-0.1	-1.7593
13069029	644	0.1	-0.1	-2.94184
13069029	645	0.1	-0.1	4.58795
13069029	646	0.1	-0.1	-4.93741
13069029	647	0.1	-0.1	-4.35189
13069029	648	0.1	-0.1	1.99242
13069029	649	0.1	-0.1	3.5218
13069029	650	0.1	-0.1	-4.90806
13069029	651	0.1	-0.1	5.80273
13069029	652	0.1	-0.1	0.183247
13069029	653	0.1	-0.1	-1.85572
13069029	654	0.1	-0.1	0.262347
13069029	655	0.1	-0.1	5.73449
13069029	656	0.1	-0.1	2.04893
13069029	657	0.1	-0.1	2.47061
13069029	658	0.1	-0.1	-1.52739
13069029	659	0.1	-0.1	0.290957
13069029	660	0.1	-0.1	-4.15819
13069029	661	0.1	-0.1	-3.22595
13069029	662	0.1	-0.1	4.65192
13069029	663	0.1	-0.1	2.94904
13069029	664	0.1	-0.1	1.13092
13069029	665	0.1	-0.1	-2.45056
13069029	666	0.1	-0.1	-5.68328
13069029	667	0.1	-0.1	-0.16276
13069029	668	0.1	-0.1	-3.58939
13069029	669	0.1	-0.1	-1.85254
13069029	670	0.1	-0.1	4.7501
13069029	671	0.1	-0.1	-3.64376
13069029	672	0.1	-0.1	-0.60074
13069029	673	0.1	-0.1	-3.01603
13069029	674	0.1	-0.1	-1.08125
13069029	675	0.1	-0.1	-1.19194
13069029	676	0.1	-0.1	3.46059
13069029	677	0.1	-0.1	0.164746
13069029	678	0.1	-0.1	5.87534
13069029	679	0.1	-0.1	-1.25675
13069029	680	0.1	-0.1	1.79218
13069029	681	0.1	-0.1	2.82865
13069029	682	0.1	-0.1	2.72901
13069029	683	0.1	-0.1	-4.54709
13069029	684	0.1	-0.1	5.86198
13069029	685	0.1	-0.1	-4.54426
13069029	686	0.1	-0.1	-2.81686
13069029	687	0.1	-0.1	4.77371
13069029	688	0.1	-0.1	-4.08973
13069029	689	0.1	-0.1	5.44215
13069029	690	0.1	-0.1	1.55947
13069029	691	0.1	-0.1	-3.04437
13069029	692	0.1	-0.1	3.37172
13069029	693	0.1	-0.1	-2.19773
13069029	694	0.1	-0.1	-5.02382
13069029	695	0.1	-0.1	2.6724
13069029	696	0.1	-0.1	-3.36639
13069029	697	0.1	-0.1	-1.29742
13069029	698	0.1	-0.1	4.02145
13069029	699	0.1	-0.1	-2.3794
13069029	700	0.1	-0.1	3.68764
13069029	701	0.1	-0.1	-1.2096
13069029	702	0.1	-0.1	-2.64432
13069029	703	0.1	-0.1	2.67661
13069029	704	0.1	-0.1	-2.20723
13069029	705	0.1	-0.1	-1.89489
13069029	706	0.1	-0.1	3.22803
13069029	707	0.1	-0.1	-0.703683
13069029	708	0.1	-0.1	-5.25119
13069029	709	0.1	-0.1	5.07695
13069029	710	0.1	-0.1	2.66189
13069029	711	0.1	-0.1	-2.24473
13069029	712	0.1	-0.1	2.522
13069029	713	0.1	-0.1	1.33949
13069029	714	0.1	-0.1	5.58127
13069029	715	0.1	-0.1	1.9861
13069029	716	0.1	-0.1	-5.88975
13069029	717	0.1	-0.1	5.36141
13069029	718	0.1	-0.1	4.18164
13069029	719	0.1	-0.1	2.98539
13069029	720	0.1	-0.1	5.64223
13069029	721	0.1	-0.1	5.48728
13069029	722	0.1	-0.1	-3.33242
13069029	723	0.1	-0.1	-0.983251
13069029	724	0.1	-0.1	-4.44292
13069029	725	0.1	-0.1	-3.09336
13069029	726	0.1	-0.1	4.07584
13069029	727	0.1	-0.1	-4.90961
13069029	728	0.1	-0.1	-0.8537
13069029	729	0.1	-0.1	1.30419
13069029	730	0.1	-0.1	-3.75055
13069029	731	0.1	-0.1	-2.08286
13069029	732	0.1	-0.1	0.267194
13069029	733	0.1	-0.1	-2.98257
13069029	734	0.1	-0.1	4.37631
13069029	735	0.1	-0.1	1.15953
13069029	736	0.1	-0.1	0.232763
13069029	737	0.1	-0.1	5.02871
13069029	738	0.1	-0.1	-5.09136
13069029	739	0.1	-0.1	-0.533219
13069029	740	0.1	-0.1	-0.915776
13069029	741	0.1	-0.1	2.38315
13069029	742	0.1	-0.1	1.6337
13069029	743	0.1	-0.1	-0.538195
13069029	744	0.1	-0.1	0.846257
13069029	745	0.1	-0.1	-2.97256
13069029	746	0.1	-0.1	-2.85373
13069029	747	0.1	-0.1	-5.42558
13069029	748	0.1	-0.1	5.94951
13069029	749	0.1	-0.1	4.82441
13069029	750	0.1	-0.1	-1.54225
13069029	751	0.1	-0.1	-0.304078
13069029	752	0.1	-0.1	0.852324
13069029	753	0.1	-0.1	5.41535
13069029	754	0.1	-0.1	1.32104
13069029	755	0.1	-0.1	-5.61744
13069029	756	0.1	-0.1	5.39243
13069029	757	0.1	-0.1	4.89668
13069029	758	0.1	-0.1	-3.38555
13069029	759	0.1	-0.1	-2.9992
13069029	760	0.1	-0.1	4.48055
13069029	761	0.1	-0.1	-0.180345
13069029	762	0.1	-0.1	1.80843
13069029	763	0.1	-0.1	-0.89087
13069029	764	0.1	-0.1	2.04272
13069029	765	0.1	-0.1	4.0954
13069029	766	0.1	-0.1	1.69262
13069029	767	0.1	-0.1	0.652925
13069029	768	0.1	-0.1	-3.40111
13069029	769	0.1	-0.1	-5.96115
13069029	770	0.1	-0.1	-1.80718
13069029	771	0.1	-0.1	-4.75976
13069029	772	0.1	-0.1	-0.0865288
13069029	773	0.1	-0.1	4.00901
13069029	774	0.1	-0.1	0.0964352
13069029	775	0.1	-0.1	0.703209
13069029	776	0.1	-0.1	2.37267
13069029	777	0.1	-0.1	5.70031
13069029	778	0.1	-0.1	-2.90271
13069029	779	0.1	-0.1	-1.94609
13069029	780	0.1	-0.1	5.25272
13069029	781	0.1	-0.1	5.02355
13069029	782	0.1	-0.1	-0.248592
13069029	783	0.1	-0.1	-0.286851
13069029	784	0.1	-0.1	-4.93601
13069029	785	0.1	-0.1	3.6306
13069029	786	0.1	-0.1	1.69896
13069029	787	0.1	-0.1	-3.46224
13069029	788	0.1	-0.1	3.57376
13069029	789	0.1	-0.1	3.60596
13069029	790	0.1	-0.1	1.31322
13069029	791	0.1	-0.1	5.39482
13069029	792	0.1	-0.1	-0.132232
13069029	793	0.1	-0.1	-3.95771
13069029	794	0.1	-0.1	-2.54955
13069029	795	0.1	-0.1	-2.74099
13069029	796	0.1	-0.1	2.81894
13069029	797	0.1	-0.1	4.62149
13069029	798	0.1	-0.1	-3.30982
13069029	799	0.1	-0.1	-5.71579
13069029	800	0.1	-0.1	3.93583
13069029	801	0.1	-0.1	-1.56185
13069029	802	0.1	-0.1	-2.72282
13069029	803	0.1	-0.1	2.48573
13069029	804	0.1	-0.1	2.61716
13069029	805	0.1	-0.1	1.13207
13069029	806	0.1	-0.1	3.60086
13069029	807	0.1	-0.1	-3.3684
13069029	808	0.1	-0.1	0.101263
13069029	809	0.1	-0.1	2.89583
13069029	810	0.1	-0.1	0.367806
13069029	811	0.1	-0.1	5.75045
13069029	812	0.1	-0.1	5.39195
13069029	813	0.1	-0.1	2.96521
13069029	814	0.1	-0.1	5.06813
13069029	815	0.1	-0.1	4.882
13069029	816	0.1	-0.1	-3.82639
13069029	817	0.1	-0.1	5.86648
13069029	818	0.1	-0.1	2.35566
13069029	819	0.1	-0.1	-5.31543
13069029	820	0.1	-0.1	5.24729
13069029	821	0.1	-0.1	0.902011
13069029	822	0.1	-0.1	5.60619
13069029	823	0.1	-0.1	-3.37455
13069029	824	0.1	-0.1	1.8885
13069029	825	0.1	-0.1	-3.27912
13069029	826	0.1	-0.1	2.27974
13069029	827	0.1	-0.1	-2.84706
13069029	828	0.1	-0.1	4.54614
13069029	829	0.1	-0.1	-4.35024
13069029	830	0.1	-0.1	5.8438
13069029	831	0.1	-0.1	-5.7174
13069029	832	0.1	-0.1	0.33598
13069029	833	0.1	-0.1	2.27662
13069029	834	0.1	-0.1	-1.75723
13069029	835	0.1	-0.1	0.791576
13069029	836	0.1	-0.1	-0.679286
13069029	837	0.1	-0.1	1.39924
13069029	838	0.1	-0.1	-3.69842
13069029	839	0.1	-0.1	-1.56685
13069029	840	0.1	-0.1	5.52614
13069029	841	0.1	-0.1	-0.101791
13069029	842	0.1	-0.1	2.29946
13069029	843	0.1	-0.1	-3.25974
13069029	844	0.1	-0.1	-4.47793
13069029	845	0.1	-0.1	-5.84485
13069029	846	0.1	-0.1	-1.60619
13069029	847	0.1	-0.1	-4.12571
13069029	848	0.1	-0.1	5.02149
13069029	849	0.1	-0.1	-5.84743
13069029	850	0.1	-0.1	-0.389146
13069029	851	0.1	-0.1	-1.67449
13069029	852	0.1	-0.1	4.89885
13069029	853	0.1	-0.1	0.0527897
13069029	854	0.1	-0.1	3.20758
13069029	855	0.1	-0.1	0.741646
13069029	856	0.1	-0.1	-4.82922
13069029	857	0.1	-0.1	-1.56361
13069029	858	0.1	-0.1	-3.03173
13069029	859	0.1	-0.1	3.58304
13069029	860	0.1	-0.1	3.12501
13069029	861	0.1	-0.1	3.24289
13069029	862	0.1	-0.1	5.75499
13069029	863	0.1	-0.1	2.76677
13069029	864	0.1	-0.1	-1.7083
13069029	865	0.1	-0.1	3.87863
13069029	866	0.1	-0.1	-4.87377
13069029	867	0.1	-0.1	-0.795278
13069029	868	0.1	-0.1	0.345997
13069029	869	0.1	-0.1	-3.6851
13069029	870	0.1	-0.1	2.94451
13069029	871	0.1	-0.1	-0.728847
13069029	872	0.1	-0.1	5.22546
13069029	873	0.1	-0.1	0.531703
13069029	874	0.1	-0.1	5.11405
13069029	875	0.1	-0.1	2.23611
13069029	876	0.1	-0.1	3.00141
13069029	877	0.1	-0.1	-2.27163
13069029	878	0.1	-0.1	3.89153
13069029	879	0.1	-0.1	-5.10042
13069029	880	0.1	-0.1	-4.76584
13069029	881	0.1	-0.1	-1.79237
13069029	882	0.1	-0.1	-2.76162
13069029	883	0.1	-0.1	5.71565
13069029	884	0.1	-0.1	-1.93508
13069029	885	0.1	-0.1	-2.41096
13069029	886	0.1	-0.1	-3.10059
13069029	887	0.1	-0.1	-4.88876
13069029	888	0.1	-0.1	-4.99384
13069029	889	0.1	-0.1	4.56097
13069029	890	0.1	-0.1	1.27491
13069029	891	0.1	-0.1	-5.09116
13069029	892	0.1	-0.1	5.28826
13069029	893	0.1	-0.1	3.01299
13069029	894	0.1	-0.1	5.54859
13069029	895	0.1	-0.1	-5.1914
13069029	896	0.1	-0.1	-1.0269
13069029	897	0.1	-0.1	-0.636028
13069029	898	0.1	-0.1	-5.80235
13069029	899	0.1	-0.1	0.322687
13069029	900	0.1	-0.1	-4.04081
13069029	901	0.1	-0.1	3.4926
13069029	902	0.1	-0.1	-4.39301
13069029	903	0.1	-0.1	-1.74678
13069029	904	0.1	-0.1	0.723044
13069029	905	0.1	-0.1	4.2473
13069029	906	0.1	-0.1	1.30785
13069029	907	0.1	-0.1	3.6704
13069029	908	0.1	-0.1	-3.78924
13069029	909	0.1	-0.1	0.458112
13069029	910	0.1	-0.1	-5.9453
13069029	911	0.1	-0.1	-2.31351
13069029	912	0.1	-0.1	-4.66296
13069029	913	0.1	-0.1	-1.14659
13069029	914	0.1	-0.1	0.581842
13069029	915	0.1	-0.1	-2.89533
13069029	916	0.1	-0.1	3.38253
13069029	917	0.1	-0.1	-5.49851
13069029	918	0.1	-0.1	-4.1266
13069029	919	0.1	-0.1	5.1324
13069029	920	0.1	-0.1	-3.41704
13069029	921	0.1	-0.1	-3.94551
13069029	922	0.1	-0.1	1.99059
13069029	923	0.1	-0.1	4.85482
13069029	924	0.1	-0.1	2.03154
13069029	925	0.1	-0.1	4.19397
13069029	926	0.1	-0.1	-1.12834
13069029	927	0.1	-0.1	-1.5945
13069029	928	0.1	-0.1	-0.987607
13069029	929	0.1	-0.1	-3.99275
13069029	930	0.1	-0.1	5.60678
13069029	931	0.1	-0.1	-3.43612
13069029	932	0.1	-0.1	-5.05387
13069029	933	0.1	-0.1	-3.5911
13069029	934	0.1	-0.1	2.20404
13069029	935	0.1	-0.1	4.32531
13069029	936	0.1	-0.1	-2.28389
13069029	937	0.1	-0.1	4.35582
13069029	938	0.1	-0.1	5.16956
13069029	939	0.1	-0.1	5.95846
13069029	940	0.1	-0.1	-3.45453
13069029	941	0.1	-0.1	5.64635
13069029	942	0.1	-0.1	4.82795
13069029	943	0.1	-0.1	0.491334
13069029	944	0.1	-0.1	5.77557
13069029	945	0.1	-0.1	-4.85869
13069029	946	0.1	-0.1	3.41451
13069029	947	0.1	-0.1	-1.30986
13069029	948	0.1	-0.1	-2.6809
13069029	949	0.1	-0.1	2.43107
13069029	950	0.1	-0.1	-1.17723
13069029	951	0.1	-0.1	2.05992
13069029	952	0.1	-0.1	3.29693
13069029	953	0.1	-0.1	2.63688
13069029	954	0.1	-0.1	-0.942136
13069029	955	0.1	-0.1	0.505398
13069029	956	0.1	-0.1	-2.45635
13069029	957	0.1	-0.1	-5.99569
13069029	958	0.1	-0.1	-5.80283
13069029	959	0.1	-0.1	-4.06599
13069029	960	0.1	-0.1	1.66851
13069029	961	0.1	-0.1	2.2058
13069029	962	0.1	-0.1	-2.40471
13069029	963	0.1	-0.1	-3.69659
13069029	964	0.1	-0.1	-1.46593
13069029	965	0.1	-0.1	0.393602
13069029	966	0.1	-0.1	2.4004
13069029	967	0.1	-0.1	-2.80974
13069029	968	0.1	-0.1	5.84669
13069029	969	0.1	-0.1	0.177047
13069029	970	0.1	-0.1	-1.80941
13069029	971	0.1	-0.1	2.43596
13069029	972	0.1	-0.1	-2.78272
13069029	973	0.1	-0.1	5.04591
13069029	974	0.1	-0.1	-0.905038
13069029	975	0.1	-0.1	-5.35813
13069029	976	0.1	-0.1	-1.96533
13069029	977	0.1	-0.1	0.897905
13069029	978	0.1	-0.1	1.42411
13069029	979	0.1	-0.1	-1.85905
13069029	980	0.1	-0.1	-1.23265
13069029	981	0.1	-0.1	-3.23689
13069029	982	0.1	-0.1	-4.06099
13069029	983	0.1	-0.1	-0.31418
13069029	984	0.1	-0.1	-3.59939
13069029	985	0.1	-0.1	3.62241
13069029	986	0.1	-0.1	5.29336
13069029	987	0.1	-0.1	-2.94248
13069029	988	0.1	-0.1	-0.108233
13069029	989	0.1	-0.1	1.71194
13069029	990	0.1	-0.1	3.09487
13069029	991	0.1	-0.1	-2.67373
13069029	992	0.1	-0.1	-1.85342
13069029	993	0.1	-0.1	-1.8957
13069029	994	0.1	-0.1	-5.61625
13069029	995	0.1	-0.1	-5.65633
13069029	996	0.1	-0.1	-2.0057
13069029	997	0.1	-0.1	-3.39047
13069029	998	0.1	-0.1	-3.84881
13069029	999	0.1	-0.1	1.58742
13069029	1000	0.1	-0.1	-0.129994
