13062049	1	0.1	-0.1	5.62513
13062049	2	0.1	-0.1	-2.16133
13062049	3	0.1	-0.1	0.00870008
13062049	4	0.1	-0.1	-5.2009
13062049	5	0.1	-0.1	0.150847
13062049	6	0.1	-0.1	-0.155527
13062049	7	0.1	-0.1	-2.05575
13062049	8	0.1	-0.1	-0.622545
13062049	9	0.1	-0.1	-5.45076
13062049	10	0.1	-0.1	2.05873
13062049	11	0.1	-0.1	-5.45343
13062049	12	0.1	-0.1	2.90721
13062049	13	0.1	-0.1	-2.2415
13062049	14	0.1	-0.1	-0.348673
13062049	15	0.1	-0.1	4.43808
13062049	16	0.1	-0.1	-5.09394
13062049	17	0.1	-0.1	0.847539
13062049	18	0.1	-0.1	3.35971
13062049	19	0.1	-0.1	-1.19896
13062049	20	0.1	-0.1	-0.537527
13062049	21	0.1	-0.1	-0.131431
13062049	22	0.1	-0.1	1.29294
13062049	23	0.1	-0.1	5.16952
13062049	24	0.1	-0.1	-5.64134
13062049	25	0.1	-0.1	2.21364
13062049	26	0.1	-0.1	3.47428
13062049	27	0.1	-0.1	-1.59484
13062049	28	0.1	-0.1	-4.15218
13062049	29	0.1	-0.1	-2.30774
13062049	30	0.1	-0.1	2.93228
13062049	31	0.1	-0.1	-1.88798
13062049	32	0.1	-0.1	1.6318
13062049	33	0.1	-0.1	-0.093619
13062049	34	0.1	-0.1	-2.18434
13062049	35	0.1	-0.1	-1.13621
13062049	36	0.1	-0.1	-5.80122
13062049	37	0.1	-0.1	-5.63386
13062049	38	0.1	-0.1	-4.53034
13062049	39	0.1	-0.1	-0.826096
13062049	40	0.1	-0.1	1.55438
13062049	41	0.1	-0.1	-2.20207
13062049	42	0.1	-0.1	1.00311
13062049	43	0.1	-0.1	2.28139
13062049	44	0.1	-0.1	5.06898
13062049	45	0.1	-0.1	-2.1465
13062049	46	0.1	-0.1	-4.11381
13062049	47	0.1	-0.1	2.34076
13062049	48	0.1	-0.1	4.41504
13062049	49	0.1	-0.1	4.60638
13062049	50	0.1	-0.1	1.90258
13062049	51	0.1	-0.1	5.69716
13062049	52	0.1	-0.1	4.54857
13062049	53	0.1	-0.1	0.0608049
13062049	54	0.1	-0.1	4.3141
13062049	55	0.1	-0.1	-2.99568
13062049	56	0.1	-0.1	4.71839
13062049	57	0.1	-0.1	1.81731
13062049	58	0.1	-0.1	1.7091
13062049	59	0.1	-0.1	-1.48568
13062049	60	0.1	-0.1	-0.52225
13062049	61	0.1	-0.1	-4.34055
13062049	62	0.1	-0.1	-3.37362
13062049	63	0.1	-0.1	5.74698
13062049	64	0.1	-0.1	-5.65585
13062049	65	0.1	-0.1	0.663166
13062049	66	0.1	-0.1	-4.45527
13062049	67	0.1	-0.1	5.67042
13062049	68	0.1	-0.1	4.82944
13062049	69	0.1	-0.1	1.911
13062049	70	0.1	-0.1	-1.45925
13062049	71	0.1	-0.1	-5.89878
13062049	72	0.1	-0.1	-1.76737
13062049	73	0.1	-0.1	-2.98065
13062049	74	0.1	-0.1	-5.91519
13062049	75	0.1	-0.1	4.16355
13062049	76	0.1	-0.1	2.38134
13062049	77	0.1	-0.1	0.14714
13062049	78	0.1	-0.1	-3.91281
13062049	79	0.1	-0.1	3.10188
13062049	80	0.1	-0.1	4.35792
13062049	81	0.1	-0.1	-5.10079
13062049	82	0.1	-0.1	1.84276
13062049	83	0.1	-0.1	-5.1474
13062049	84	0.1	-0.1	-0.876045
13062049	85	0.1	-0.1	-1.48513
13062049	86	0.1	-0.1	-4.91895
13062049	87	0.1	-0.1	-0.195223
13062049	88	0.1	-0.1	4.11745
13062049	89	0.1	-0.1	1.27374
13062049	90	0.1	-0.1	-5.77293
13062049	91	0.1	-0.1	-5.66703
13062049	92	0.1	-0.1	4.66042
13062049	93	0.1	-0.1	3.30905
13062049	94	0.1	-0.1	3.23956
13062049	95	0.1	-0.1	-5.97045
13062049	96	0.1	-0.1	-2.53301
13062049	97	0.1	-0.1	-5.35565
13062049	98	0.1	-0.1	0.36442
13062049	99	0.1	-0.1	-4.0994
13062049	100	0.1	-0.1	3.62839
13062049	101	0.1	-0.1	5.13226
13062049	102	0.1	-0.1	3.32807
13062049	103	0.1	-0.1	-1.91271
13062049	104	0.1	-0.1	2.45846
13062049	105	0.1	-0.1	-4.19029
13062049	106	0.1	-0.1	2.56503
13062049	107	0.1	-0.1	1.37553
13062049	108	0.1	-0.1	-3.80095
13062049	109	0.1	-0.1	4.57328
13062049	110	0.1	-0.1	-0.299984
13062049	111	0.1	-0.1	-4.49803
13062049	112	0.1	-0.1	-0.147482
13062049	113	0.1	-0.1	2.55168
13062049	114	0.1	-0.1	-0.455406
13062049	115	0.1	-0.1	-4.92726
13062049	116	0.1	-0.1	2.04523
13062049	117	0.1	-0.1	-1.13
13062049	118	0.1	-0.1	-5.32625
13062049	119	0.1	-0.1	-2.86319
13062049	120	0.1	-0.1	-3.87368
13062049	121	0.1	-0.1	3.85965
13062049	122	0.1	-0.1	2.10147
13062049	123	0.1	-0.1	2.35475
13062049	124	0.1	-0.1	2.46734
13062049	125	0.1	-0.1	-2.56218
13062049	126	0.1	-0.1	3.59526
13062049	127	0.1	-0.1	4.27883
13062049	128	0.1	-0.1	0.978448
13062049	129	0.1	-0.1	-5.40429
13062049	130	0.1	-0.1	-5.73197
13062049	131	0.1	-0.1	-0.620508
13062049	132	0.1	-0.1	1.60667
13062049	133	0.1	-0.1	-1.63208
13062049	134	0.1	-0.1	2.12382
13062049	135	0.1	-0.1	0.272955
13062049	136	0.1	-0.1	3.90364
13062049	137	0.1	-0.1	-5.01049
13062049	138	0.1	-0.1	4.53177
13062049	139	0.1	-0.1	2.80607
13062049	140	0.1	-0.1	-0.948578
13062049	141	0.1	-0.1	-3.66238
13062049	142	0.1	-0.1	-5.59819
13062049	143	0.1	-0.1	3.26257
13062049	144	0.1	-0.1	5.77467
13062049	145	0.1	-0.1	-1.55008
13062049	146	0.1	-0.1	4.5243
13062049	147	0.1	-0.1	1.093
13062049	148	0.1	-0.1	3.04106
13062049	149	0.1	-0.1	0.783814
13062049	150	0.1	-0.1	0.678435
13062049	151	0.1	-0.1	0.768
13062049	152	0.1	-0.1	-0.0656735
13062049	153	0.1	-0.1	2.32061
13062049	154	0.1	-0.1	-4.40306
13062049	155	0.1	-0.1	1.20275
13062049	156	0.1	-0.1	-3.05932
13062049	157	0.1	-0.1	0.00237479
13062049	158	0.1	-0.1	-0.0397391
13062049	159	0.1	-0.1	3.21469
13062049	160	0.1	-0.1	-4.71197
13062049	161	0.1	-0.1	5.12306
13062049	162	0.1	-0.1	2.30346
13062049	163	0.1	-0.1	-2.58337
13062049	164	0.1	-0.1	4.14486
13062049	165	0.1	-0.1	-4.82623
13062049	166	0.1	-0.1	-5.9428
13062049	167	0.1	-0.1	2.55109
13062049	168	0.1	-0.1	3.51976
13062049	169	0.1	-0.1	-1.98628
13062049	170	0.1	-0.1	0.295665
13062049	171	0.1	-0.1	3.1749
13062049	172	0.1	-0.1	5.9045
13062049	173	0.1	-0.1	-4.5764
13062049	174	0.1	-0.1	4.37833
13062049	175	0.1	-0.1	4.33763
13062049	176	0.1	-0.1	-4.78188
13062049	177	0.1	-0.1	-2.05207
13062049	178	0.1	-0.1	0.856958
13062049	179	0.1	-0.1	-1.85732
13062049	180	0.1	-0.1	3.56466
13062049	181	0.1	-0.1	-1.34642
13062049	182	0.1	-0.1	-5.87126
13062049	183	0.1	-0.1	1.40616
13062049	184	0.1	-0.1	5.92898
13062049	185	0.1	-0.1	5.70198
13062049	186	0.1	-0.1	0.840846
13062049	187	0.1	-0.1	-3.73683
13062049	188	0.1	-0.1	-4.24319
13062049	189	0.1	-0.1	-4.22443
13062049	190	0.1	-0.1	3.06041
13062049	191	0.1	-0.1	-3.40326
13062049	192	0.1	-0.1	3.73465
13062049	193	0.1	-0.1	1.49985
13062049	194	0.1	-0.1	4.04451
13062049	195	0.1	-0.1	4.97215
13062049	196	0.1	-0.1	-4.98034
13062049	197	0.1	-0.1	-3.23372
13062049	198	0.1	-0.1	4.37346
13062049	199	0.1	-0.1	5.4484
13062049	200	0.1	-0.1	2.74588
13062049	201	0.1	-0.1	2.33285
13062049	202	0.1	-0.1	1.66545
13062049	203	0.1	-0.1	-3.1834
13062049	204	0.1	-0.1	-1.64908
13062049	205	0.1	-0.1	-4.85992
13062049	206	0.1	-0.1	-0.405952
13062049	207	0.1	-0.1	-4.2027
13062049	208	0.1	-0.1	-3.93299
13062049	209	0.1	-0.1	-2.52911
13062049	210	0.1	-0.1	-3.44163
13062049	211	0.1	-0.1	-4.82591
13062049	212	0.1	-0.1	-1.55998
13062049	213	0.1	-0.1	-0.972552
13062049	214	0.1	-0.1	4.95147
13062049	215	0.1	-0.1	-0.883967
13062049	216	0.1	-0.1	-4.48357
13062049	217	0.1	-0.1	-0.0965947
13062049	218	0.1	-0.1	2.00638
13062049	219	0.1	-0.1	-0.273083
13062049	220	0.1	-0.1	-3.54153
13062049	221	0.1	-0.1	1.0003
13062049	222	0.1	-0.1	0.565412
13062049	223	0.1	-0.1	-5.38066
13062049	224	0.1	-0.1	4.50284
13062049	225	0.1	-0.1	3.05759
13062049	226	0.1	-0.1	-1.35826
13062049	227	0.1	-0.1	-2.19292
13062049	228	0.1	-0.1	0.859524
13062049	229	0.1	-0.1	-1.88671
13062049	230	0.1	-0.1	-2.60674
13062049	231	0.1	-0.1	-3.32697
13062049	232	0.1	-0.1	-3.28155
13062049	233	0.1	-0.1	-3.37365
13062049	234	0.1	-0.1	-0.269703
13062049	235	0.1	-0.1	0.679492
13062049	236	0.1	-0.1	-4.51639
13062049	237	0.1	-0.1	1.41641
13062049	238	0.1	-0.1	2.09842
13062049	239	0.1	-0.1	3.40458
13062049	240	0.1	-0.1	-0.931868
13062049	241	0.1	-0.1	1.96201
13062049	242	0.1	-0.1	3.48782
13062049	243	0.1	-0.1	1.17723
13062049	244	0.1	-0.1	-1.06993
13062049	245	0.1	-0.1	5.25902
13062049	246	0.1	-0.1	2.02727
13062049	247	0.1	-0.1	1.80543
13062049	248	0.1	-0.1	5.86381
13062049	249	0.1	-0.1	0.0720633
13062049	250	0.1	-0.1	2.09238
13062049	251	0.1	-0.1	-0.475612
13062049	252	0.1	-0.1	-3.59866
13062049	253	0.1	-0.1	1.75124
13062049	254	0.1	-0.1	-5.12393
13062049	255	0.1	-0.1	-5.09162
13062049	256	0.1	-0.1	-0.258446
13062049	257	0.1	-0.1	-1.61946
13062049	258	0.1	-0.1	-5.65756
13062049	259	0.1	-0.1	-2.47042
13062049	260	0.1	-0.1	3.18908
13062049	261	0.1	-0.1	-5.08361
13062049	262	0.1	-0.1	-2.85395
13062049	263	0.1	-0.1	3.84251
13062049	264	0.1	-0.1	-0.150115
13062049	265	0.1	-0.1	1.48324
13062049	266	0.1	-0.1	4.92513
13062049	267	0.1	-0.1	2.54941
13062049	268	0.1	-0.1	0.422343
13062049	269	0.1	-0.1	-3.34431
13062049	270	0.1	-0.1	0.28782
13062049	271	0.1	-0.1	-2.90707
13062049	272	0.1	-0.1	4.51279
13062049	273	0.1	-0.1	-1.16693
13062049	274	0.1	-0.1	4.84742
13062049	275	0.1	-0.1	-1.15276
13062049	276	0.1	-0.1	3.85168
13062049	277	0.1	-0.1	1.15545
13062049	278	0.1	-0.1	-1.09445
13062049	279	0.1	-0.1	-3.3225
13062049	280	0.1	-0.1	4.27864
13062049	281	0.1	-0.1	-0.817271
13062049	282	0.1	-0.1	3.99141
13062049	283	0.1	-0.1	0.51823
13062049	284	0.1	-0.1	-2.02588
13062049	285	0.1	-0.1	-3.62358
13062049	286	0.1	-0.1	-0.813125
13062049	287	0.1	-0.1	-3.20157
13062049	288	0.1	-0.1	-1.08469
13062049	289	0.1	-0.1	-4.32911
13062049	290	0.1	-0.1	-5.46975
13062049	291	0.1	-0.1	1.32155
13062049	292	0.1	-0.1	-5.01672
13062049	293	0.1	-0.1	-3.27345
13062049	294	0.1	-0.1	-4.6911
13062049	295	0.1	-0.1	4.67916
13062049	296	0.1	-0.1	5.7973
13062049	297	0.1	-0.1	3.64625
13062049	298	0.1	-0.1	-4.10769
13062049	299	0.1	-0.1	1.4584
13062049	300	0.1	-0.1	1.90751
13062049	301	0.1	-0.1	-4.65518
13062049	302	0.1	-0.1	-1.32022
13062049	303	0.1	-0.1	-0.784198
13062049	304	0.1	-0.1	-0.747127
13062049	305	0.1	-0.1	4.08906
13062049	306	0.1	-0.1	4.50293
13062049	307	0.1	-0.1	4.63548
13062049	308	0.1	-0.1	-4.70971
13062049	309	0.1	-0.1	-1.6801
13062049	310	0.1	-0.1	2.95794
13062049	311	0.1	-0.1	-0.784079
13062049	312	0.1	-0.1	3.86146
13062049	313	0.1	-0.1	5.03274
13062049	314	0.1	-0.1	4.8429
13062049	315	0.1	-0.1	3.19371
13062049	316	0.1	-0.1	-0.359218
13062049	317	0.1	-0.1	-1.77218
13062049	318	0.1	-0.1	-3.32706
13062049	319	0.1	-0.1	3.77338
13062049	320	0.1	-0.1	4.5198
13062049	321	0.1	-0.1	1.90693
13062049	322	0.1	-0.1	3.4474
13062049	323	0.1	-0.1	-0.901044
13062049	324	0.1	-0.1	-5.84014
13062049	325	0.1	-0.1	4.40278
13062049	326	0.1	-0.1	3.30459
13062049	327	0.1	-0.1	0.39863
13062049	328	0.1	-0.1	-1.63183
13062049	329	0.1	-0.1	5.40789
13062049	330	0.1	-0.1	-0.488709
13062049	331	0.1	-0.1	0.216012
13062049	332	0.1	-0.1	4.60144
13062049	333	0.1	-0.1	4.75464
13062049	334	0.1	-0.1	4.87742
13062049	335	0.1	-0.1	-5.2119
13062049	336	0.1	-0.1	5.43769
13062049	337	0.1	-0.1	-5.96775
13062049	338	0.1	-0.1	5.10075
13062049	339	0.1	-0.1	-0.570739
13062049	340	0.1	-0.1	-4.62681
13062049	341	0.1	-0.1	1.76187
13062049	342	0.1	-0.1	0.558749
13062049	343	0.1	-0.1	-1.58109
13062049	344	0.1	-0.1	0.0570862
13062049	345	0.1	-0.1	-3.12622
13062049	346	0.1	-0.1	-2.86269
13062049	347	0.1	-0.1	-1.22707
13062049	348	0.1	-0.1	1.51523
13062049	349	0.1	-0.1	-1.48747
13062049	350	0.1	-0.1	0.343345
13062049	351	0.1	-0.1	0.470058
13062049	352	0.1	-0.1	-2.36481
13062049	353	0.1	-0.1	4.44029
13062049	354	0.1	-0.1	2.84318
13062049	355	0.1	-0.1	-0.602476
13062049	356	0.1	-0.1	-3.50099
13062049	357	0.1	-0.1	4.24486
13062049	358	0.1	-0.1	-1.81172
13062049	359	0.1	-0.1	1.93933
13062049	360	0.1	-0.1	4.81516
13062049	361	0.1	-0.1	-4.58426
13062049	362	0.1	-0.1	4.85439
13062049	363	0.1	-0.1	-3.46128
13062049	364	0.1	-0.1	0.398892
13062049	365	0.1	-0.1	3.44108
13062049	366	0.1	-0.1	0.228945
13062049	367	0.1	-0.1	5.09971
13062049	368	0.1	-0.1	-5.84728
13062049	369	0.1	-0.1	-5.72214
13062049	370	0.1	-0.1	-4.94654
13062049	371	0.1	-0.1	1.98973
13062049	372	0.1	-0.1	1.95862
13062049	373	0.1	-0.1	4.66246
13062049	374	0.1	-0.1	-4.11788
13062049	375	0.1	-0.1	-5.8682
13062049	376	0.1	-0.1	-0.107416
13062049	377	0.1	-0.1	-4.84447
13062049	378	0.1	-0.1	0.490882
13062049	379	0.1	-0.1	0.8876
13062049	380	0.1	-0.1	-2.55702
13062049	381	0.1	-0.1	3.96504
13062049	382	0.1	-0.1	5.50851
13062049	383	0.1	-0.1	3.90072
13062049	384	0.1	-0.1	-5.33301
13062049	385	0.1	-0.1	-1.39284
13062049	386	0.1	-0.1	0.758402
13062049	387	0.1	-0.1	4.1059
13062049	388	0.1	-0.1	4.90017
13062049	389	0.1	-0.1	2.91754
13062049	390	0.1	-0.1	5.28396
13062049	391	0.1	-0.1	4.67364
13062049	392	0.1	-0.1	3.04002
13062049	393	0.1	-0.1	-3.93399
13062049	394	0.1	-0.1	4.61064
13062049	395	0.1	-0.1	-3.99052
13062049	396	0.1	-0.1	-1.43618
13062049	397	0.1	-0.1	-2.05604
13062049	398	0.1	-0.1	0.327344
13062049	399	0.1	-0.1	-1.58917
13062049	400	0.1	-0.1	-4.44691
13062049	401	0.1	-0.1	2.37096
13062049	402	0.1	-0.1	0.648629
13062049	403	0.1	-0.1	-0.703565
13062049	404	0.1	-0.1	-4.53352
13062049	405	0.1	-0.1	-5.14518
13062049	406	0.1	-0.1	1.41737
13062049	407	0.1	-0.1	-2.12044
13062049	408	0.1	-0.1	-3.63299
13062049	409	0.1	-0.1	4.96237
13062049	410	0.1	-0.1	4.50109
13062049	411	0.1	-0.1	0.523039
13062049	412	0.1	-0.1	3.57731
13062049	413	0.1	-0.1	-0.64225
13062049	414	0.1	-0.1	5.17807
13062049	415	0.1	-0.1	-4.06074
13062049	416	0.1	-0.1	0.640642
13062049	417	0.1	-0.1	1.20314
13062049	418	0.1	-0.1	1.94022
13062049	419	0.1	-0.1	4.7115
13062049	420	0.1	-0.1	-2.89343
13062049	421	0.1	-0.1	5.68569
13062049	422	0.1	-0.1	3.15884
13062049	423	0.1	-0.1	-3.5602
13062049	424	0.1	-0.1	-4.22805
13062049	425	0.1	-0.1	1.31013
13062049	426	0.1	-0.1	5.55754
13062049	427	0.1	-0.1	4.13493
13062049	428	0.1	-0.1	-3.18748
13062049	429	0.1	-0.1	-3.46299
13062049	430	0.1	-0.1	-0.330513
13062049	431	0.1	-0.1	-3.58479
13062049	432	0.1	-0.1	0.234795
13062049	433	0.1	-0.1	3.16435
13062049	434	0.1	-0.1	1.3051
13062049	435	0.1	-0.1	-3.19492
13062049	436	0.1	-0.1	-0.253847
13062049	437	0.1	-0.1	0.746852
13062049	438	0.1	-0.1	-5.62517
13062049	439	0.1	-0.1	4.25557
13062049	440	0.1	-0.1	-4.33132
13062049	441	0.1	-0.1	1.10194
13062049	442	0.1	-0.1	-0.0719927
13062049	443	0.1	-0.1	3.27432
13062049	444	0.1	-0.1	0.0600075
13062049	445	0.1	-0.1	-2.23654
13062049	446	0.1	-0.1	-4.12412
13062049	447	0.1	-0.1	5.79693
13062049	448	0.1	-0.1	3.11629
13062049	449	0.1	-0.1	1.59733
13062049	450	0.1	-0.1	-1.55869
13062049	451	0.1	-0.1	4.27439
13062049	452	0.1	-0.1	0.784565
13062049	453	0.1	-0.1	4.78179
13062049	454	0.1	-0.1	-0.476829
13062049	455	0.1	-0.1	-5.41026
13062049	456	0.1	-0.1	-0.345213
13062049	457	0.1	-0.1	5.37897
13062049	458	0.1	-0.1	-3.22924
13062049	459	0.1	-0.1	-2.13262
13062049	460	0.1	-0.1	-0.749185
13062049	461	0.1	-0.1	1.68438
13062049	462	0.1	-0.1	-1.67125
13062049	463	0.1	-0.1	-3.18063
13062049	464	0.1	-0.1	3.30498
13062049	465	0.1	-0.1	5.97512
13062049	466	0.1	-0.1	-5.20024
13062049	467	0.1	-0.1	2.42596
13062049	468	0.1	-0.1	-2.03281
13062049	469	0.1	-0.1	-5.56349
13062049	470	0.1	-0.1	-3.06219
13062049	471	0.1	-0.1	5.77758
13062049	472	0.1	-0.1	-4.83347
13062049	473	0.1	-0.1	-2.75811
13062049	474	0.1	-0.1	-0.480167
13062049	475	0.1	-0.1	3.201
13062049	476	0.1	-0.1	-3.79564
13062049	477	0.1	-0.1	3.95309
13062049	478	0.1	-0.1	0.384834
13062049	479	0.1	-0.1	0.517073
13062049	480	0.1	-0.1	2.67171
13062049	481	0.1	-0.1	-0.0189876
13062049	482	0.1	-0.1	4.67971
13062049	483	0.1	-0.1	0.933697
13062049	484	0.1	-0.1	1.855
13062049	485	0.1	-0.1	2.84091
13062049	486	0.1	-0.1	-2.22964
13062049	487	0.1	-0.1	4.61128
13062049	488	0.1	-0.1	2.44986
13062049	489	0.1	-0.1	-1.72368
13062049	490	0.1	-0.1	-4.28101
13062049	491	0.1	-0.1	5.05771
13062049	492	0.1	-0.1	4.67544
13062049	493	0.1	-0.1	3.17991
13062049	494	0.1	-0.1	0.435554
13062049	495	0.1	-0.1	2.53378
13062049	496	0.1	-0.1	-5.7018
13062049	497	0.1	-0.1	-1.45446
13062049	498	0.1	-0.1	2.53769
13062049	499	0.1	-0.1	0.862369
13062049	500	0.1	-0.1	1.53494
13062049	501	0.1	-0.1	5.5501
13062049	502	0.1	-0.1	-3.9055
13062049	503	0.1	-0.1	1.1397
13062049	504	0.1	-0.1	5.60594
13062049	505	0.1	-0.1	-2.70199
13062049	506	0.1	-0.1	-0.39778
13062049	507	0.1	-0.1	-3.96191
13062049	508	0.1	-0.1	-2.27438
13062049	509	0.1	-0.1	-4.66349
13062049	510	0.1	-0.1	-2.42762
13062049	511	0.1	-0.1	4.83007
13062049	512	0.1	-0.1	0.768522
13062049	513	0.1	-0.1	-2.5352
13062049	514	0.1	-0.1	-5.67351
13062049	515	0.1	-0.1	0.810352
13062049	516	0.1	-0.1	2.25405
13062049	517	0.1	-0.1	-3.45912
13062049	518	0.1	-0.1	5.94724
13062049	519	0.1	-0.1	-3.72722
13062049	520	0.1	-0.1	-1.16157
13062049	521	0.1	-0.1	-0.747771
13062049	522	0.1	-0.1	1.01201
13062049	523	0.1	-0.1	4.2117
13062049	524	0.1	-0.1	-4.10623
13062049	525	0.1	-0.1	-5.14594
13062049	526	0.1	-0.1	0.344389
13062049	527	0.1	-0.1	0.3529
13062049	528	0.1	-0.1	-1.44568
13062049	529	0.1	-0.1	-3.01088
13062049	530	0.1	-0.1	-0.401786
13062049	531	0.1	-0.1	-5.35483
13062049	532	0.1	-0.1	-1.58914
13062049	533	0.1	-0.1	-3.22905
13062049	534	0.1	-0.1	-2.52695
13062049	535	0.1	-0.1	3.33349
13062049	536	0.1	-0.1	-0.742005
13062049	537	0.1	-0.1	1.35685
13062049	538	0.1	-0.1	4.06995
13062049	539	0.1	-0.1	-0.217422
13062049	540	0.1	-0.1	2.17326
13062049	541	0.1	-0.1	0.384962
13062049	542	0.1	-0.1	-3.69622
13062049	543	0.1	-0.1	5.23283
13062049	544	0.1	-0.1	-2.60344
13062049	545	0.1	-0.1	1.66443
13062049	546	0.1	-0.1	2.66525
13062049	547	0.1	-0.1	-0.181827
13062049	548	0.1	-0.1	1.59791
13062049	549	0.1	-0.1	-2.83766
13062049	550	0.1	-0.1	2.12814
13062049	551	0.1	-0.1	-5.21605
13062049	552	0.1	-0.1	3.96601
13062049	553	0.1	-0.1	5.06839
13062049	554	0.1	-0.1	4.18352
13062049	555	0.1	-0.1	4.33517
13062049	556	0.1	-0.1	3.67563
13062049	557	0.1	-0.1	5.43047
13062049	558	0.1	-0.1	1.99978
13062049	559	0.1	-0.1	5.52713
13062049	560	0.1	-0.1	1.66688
13062049	561	0.1	-0.1	4.63892
13062049	562	0.1	-0.1	-4.44739
13062049	563	0.1	-0.1	5.30798
13062049	564	0.1	-0.1	-0.228951
13062049	565	0.1	-0.1	5.41698
13062049	566	0.1	-0.1	4.51499
13062049	567	0.1	-0.1	1.18799
13062049	568	0.1	-0.1	-3.18409
13062049	569	0.1	-0.1	2.35415
13062049	570	0.1	-0.1	-5.2295
13062049	571	0.1	-0.1	-1.37456
13062049	572	0.1	-0.1	-4.35192
13062049	573	0.1	-0.1	5.74611
13062049	574	0.1	-0.1	5.03197
13062049	575	0.1	-0.1	-0.911025
13062049	576	0.1	-0.1	3.29043
13062049	577	0.1	-0.1	0.0772211
13062049	578	0.1	-0.1	-4.81049
13062049	579	0.1	-0.1	-1.43125
13062049	580	0.1	-0.1	0.135258
13062049	581	0.1	-0.1	-3.25693
13062049	582	0.1	-0.1	-3.20179
13062049	583	0.1	-0.1	-5.00336
13062049	584	0.1	-0.1	3.48322
13062049	585	0.1	-0.1	-4.88744
13062049	586	0.1	-0.1	-0.995212
13062049	587	0.1	-0.1	5.40173
13062049	588	0.1	-0.1	-3.64585
13062049	589	0.1	-0.1	-1.28566
13062049	590	0.1	-0.1	-1.05246
13062049	591	0.1	-0.1	1.14598
13062049	592	0.1	-0.1	4.53727
13062049	593	0.1	-0.1	-3.33766
13062049	594	0.1	-0.1	4.07009
13062049	595	0.1	-0.1	-1.9508
13062049	596	0.1	-0.1	-1.40911
13062049	597	0.1	-0.1	-4.41818
13062049	598	0.1	-0.1	1.36987
13062049	599	0.1	-0.1	-4.95878
13062049	600	0.1	-0.1	0.0843698
13062049	601	0.1	-0.1	2.01637
13062049	602	0.1	-0.1	4.34902
13062049	603	0.1	-0.1	-5.02165
13062049	604	0.1	-0.1	0.652423
13062049	605	0.1	-0.1	2.75525
13062049	606	0.1	-0.1	-3.04273
13062049	607	0.1	-0.1	-4.40292
13062049	608	0.1	-0.1	-4.136
13062049	609	0.1	-0.1	-2.66539
13062049	610	0.1	-0.1	5.11737
13062049	611	0.1	-0.1	-3.98626
13062049	612	0.1	-0.1	-0.887703
13062049	613	0.1	-0.1	3.56454
13062049	614	0.1	-0.1	-5.33569
13062049	615	0.1	-0.1	-2.86635
13062049	616	0.1	-0.1	-2.408
13062049	617	0.1	-0.1	-2.19999
13062049	618	0.1	-0.1	-1.7069
13062049	619	0.1	-0.1	0.27335
13062049	620	0.1	-0.1	-4.00313
13062049	621	0.1	-0.1	-0.618603
13062049	622	0.1	-0.1	-1.24183
13062049	623	0.1	-0.1	0.765832
13062049	624	0.1	-0.1	-4.60529
13062049	625	0.1	-0.1	-5.79991
13062049	626	0.1	-0.1	4.67775
13062049	627	0.1	-0.1	-3.90294
13062049	628	0.1	-0.1	-4.01497
13062049	629	0.1	-0.1	4.88675
13062049	630	0.1	-0.1	0.169892
13062049	631	0.1	-0.1	-3.17967
13062049	632	0.1	-0.1	-0.956827
13062049	633	0.1	-0.1	0.189907
13062049	634	0.1	-0.1	-2.30374
13062049	635	0.1	-0.1	-3.49922
13062049	636	0.1	-0.1	1.83807
13062049	637	0.1	-0.1	0.189614
13062049	638	0.1	-0.1	-0.74805
13062049	639	0.1	-0.1	-3.7984
13062049	640	0.1	-0.1	4.00256
13062049	641	0.1	-0.1	-3.77788
13062049	642	0.1	-0.1	-5.40063
13062049	643	0.1	-0.1	4.38529
13062049	644	0.1	-0.1	-5.92201
13062049	645	0.1	-0.1	3.14023
13062049	646	0.1	-0.1	1.75305
13062049	647	0.1	-0.1	1.11401
13062049	648	0.1	-0.1	-4.99023
13062049	649	0.1	-0.1	-0.92051
13062049	650	0.1	-0.1	-4.87956
13062049	651	0.1	-0.1	-2.93041
13062049	652	0.1	-0.1	-4.11954
13062049	653	0.1	-0.1	-1.9414
13062049	654	0.1	-0.1	-2.56654
13062049	655	0.1	-0.1	-0.945937
13062049	656	0.1	-0.1	-3.90035
13062049	657	0.1	-0.1	1.1935
13062049	658	0.1	-0.1	-2.15612
13062049	659	0.1	-0.1	-4.79805
13062049	660	0.1	-0.1	0.945361
13062049	661	0.1	-0.1	-3.7046
13062049	662	0.1	-0.1	1.27404
13062049	663	0.1	-0.1	-3.5351
13062049	664	0.1	-0.1	-5.92403
13062049	665	0.1	-0.1	3.6322
13062049	666	0.1	-0.1	-4.88818
13062049	667	0.1	-0.1	4.95673
13062049	668	0.1	-0.1	0.79137
13062049	669	0.1	-0.1	5.09124
13062049	670	0.1	-0.1	-2.55556
13062049	671	0.1	-0.1	-1.08011
13062049	672	0.1	-0.1	-3.99696
13062049	673	0.1	-0.1	2.51435
13062049	674	0.1	-0.1	-3.79209
13062049	675	0.1	-0.1	2.62944
13062049	676	0.1	-0.1	4.34436
13062049	677	0.1	-0.1	0.165417
13062049	678	0.1	-0.1	3.37269
13062049	679	0.1	-0.1	2.48804
13062049	680	0.1	-0.1	2.51901
13062049	681	0.1	-0.1	2.64066
13062049	682	0.1	-0.1	-2.2172
13062049	683	0.1	-0.1	-3.01251
13062049	684	0.1	-0.1	-1.68351
13062049	685	0.1	-0.1	-5.39489
13062049	686	0.1	-0.1	4.1984
13062049	687	0.1	-0.1	1.46337
13062049	688	0.1	-0.1	-2.98685
13062049	689	0.1	-0.1	1.97985
13062049	690	0.1	-0.1	3.41455
13062049	691	0.1	-0.1	-1.51954
13062049	692	0.1	-0.1	0.014317
13062049	693	0.1	-0.1	-4.66284
13062049	694	0.1	-0.1	0.925938
13062049	695	0.1	-0.1	5.85173
13062049	696	0.1	-0.1	-3.19232
13062049	697	0.1	-0.1	-5.8037
13062049	698	0.1	-0.1	3.40214
13062049	699	0.1	-0.1	-3.03228
13062049	700	0.1	-0.1	0.958912
13062049	701	0.1	-0.1	-2.08675
13062049	702	0.1	-0.1	2.87635
13062049	703	0.1	-0.1	-4.78894
13062049	704	0.1	-0.1	1.61482
13062049	705	0.1	-0.1	0.655672
13062049	706	0.1	-0.1	4.79931
13062049	707	0.1	-0.1	0.677757
13062049	708	0.1	-0.1	4.65034
13062049	709	0.1	-0.1	-0.816372
13062049	710	0.1	-0.1	-4.00482
13062049	711	0.1	-0.1	-2.94305
13062049	712	0.1	-0.1	5.24497
13062049	713	0.1	-0.1	0.965607
13062049	714	0.1	-0.1	-5.38422
13062049	715	0.1	-0.1	2.5153
13062049	716	0.1	-0.1	3.70941
13062049	717	0.1	-0.1	5.82161
13062049	718	0.1	-0.1	2.4222
13062049	719	0.1	-0.1	-5.14238
13062049	720	0.1	-0.1	-2.46467
13062049	721	0.1	-0.1	3.73481
13062049	722	0.1	-0.1	2.87141
13062049	723	0.1	-0.1	5.06176
13062049	724	0.1	-0.1	0.498117
13062049	725	0.1	-0.1	1.4292
13062049	726	0.1	-0.1	0.574907
13062049	727	0.1	-0.1	4.94421
13062049	728	0.1	-0.1	-4.92422
13062049	729	0.1	-0.1	-2.85698
13062049	730	0.1	-0.1	5.47343
13062049	731	0.1	-0.1	0.969789
13062049	732	0.1	-0.1	-1.0009
13062049	733	0.1	-0.1	5.47112
13062049	734	0.1	-0.1	1.29869
13062049	735	0.1	-0.1	2.66228
13062049	736	0.1	-0.1	-5.21625
13062049	737	0.1	-0.1	1.6714
13062049	738	0.1	-0.1	-4.11083
13062049	739	0.1	-0.1	4.02996
13062049	740	0.1	-0.1	1.09411
13062049	741	0.1	-0.1	5.99361
13062049	742	0.1	-0.1	3.00069
13062049	743	0.1	-0.1	-2.16576
13062049	744	0.1	-0.1	-4.38683
13062049	745	0.1	-0.1	-2.59699
13062049	746	0.1	-0.1	-0.375204
13062049	747	0.1	-0.1	-3.82057
13062049	748	0.1	-0.1	-5.27352
13062049	749	0.1	-0.1	3.95431
13062049	750	0.1	-0.1	1.13765
13062049	751	0.1	-0.1	0.724128
13062049	752	0.1	-0.1	2.53358
13062049	753	0.1	-0.1	0.0337961
13062049	754	0.1	-0.1	4.06258
13062049	755	0.1	-0.1	-1.20643
13062049	756	0.1	-0.1	1.84849
13062049	757	0.1	-0.1	-4.15123
13062049	758	0.1	-0.1	2.24973
13062049	759	0.1	-0.1	5.23062
13062049	760	0.1	-0.1	1.53004
13062049	761	0.1	-0.1	-0.0660107
13062049	762	0.1	-0.1	-0.348194
13062049	763	0.1	-0.1	2.84905
13062049	764	0.1	-0.1	-1.07088
13062049	765	0.1	-0.1	1.32154
13062049	766	0.1	-0.1	-2.82436
13062049	767	0.1	-0.1	-5.79002
13062049	768	0.1	-0.1	1.06353
13062049	769	0.1	-0.1	-0.100671
13062049	770	0.1	-0.1	5.9071
13062049	771	0.1	-0.1	-0.461309
13062049	772	0.1	-0.1	0.171168
13062049	773	0.1	-0.1	1.95342
13062049	774	0.1	-0.1	-2.20375
13062049	775	0.1	-0.1	0.0163299
13062049	776	0.1	-0.1	-5.65614
13062049	777	0.1	-0.1	-3.01713
13062049	778	0.1	-0.1	2.4859
13062049	779	0.1	-0.1	-0.0628287
13062049	780	0.1	-0.1	2.62509
13062049	781	0.1	-0.1	-1.28422
13062049	782	0.1	-0.1	-4.41351
13062049	783	0.1	-0.1	4.63478
13062049	784	0.1	-0.1	-2.65551
13062049	785	0.1	-0.1	-1.53196
13062049	786	0.1	-0.1	0.443479
13062049	787	0.1	-0.1	-0.792537
13062049	788	0.1	-0.1	3.94949
13062049	789	0.1	-0.1	1.46297
13062049	790	0.1	-0.1	0.279674
13062049	791	0.1	-0.1	2.88468
13062049	792	0.1	-0.1	-1.07141
13062049	793	0.1	-0.1	0.297801
13062049	794	0.1	-0.1	-0.48376
13062049	795	0.1	-0.1	-2.82124
13062049	796	0.1	-0.1	5.3303
13062049	797	0.1	-0.1	2.81346
13062049	798	0.1	-0.1	3.02811
13062049	799	0.1	-0.1	-1.82791
13062049	800	0.1	-0.1	2.11448
13062049	801	0.1	-0.1	-4.72777
13062049	802	0.1	-0.1	3.82177
13062049	803	0.1	-0.1	4.6548
13062049	804	0.1	-0.1	-0.774295
13062049	805	0.1	-0.1	4.46874
13062049	806	0.1	-0.1	0.913503
13062049	807	0.1	-0.1	-5.75512
13062049	808	0.1	-0.1	-1.25836
13062049	809	0.1	-0.1	-4.32451
13062049	810	0.1	-0.1	-2.33653
13062049	811	0.1	-0.1	-2.14518
13062049	812	0.1	-0.1	4.27761
13062049	813	0.1	-0.1	4.98383
13062049	814	0.1	-0.1	-5.98175
13062049	815	0.1	-0.1	2.9656
13062049	816	0.1	-0.1	-3.10949
13062049	817	0.1	-0.1	3.07839
13062049	818	0.1	-0.1	5.26453
13062049	819	0.1	-0.1	1.80063
13062049	820	0.1	-0.1	-4.16846
13062049	821	0.1	-0.1	-4.67026
13062049	822	0.1	-0.1	-4.78679
13062049	823	0.1	-0.1	2.35817
13062049	824	0.1	-0.1	0.801395
13062049	825	0.1	-0.1	-0.743817
13062049	826	0.1	-0.1	-4.08836
13062049	827	0.1	-0.1	1.5208
13062049	828	0.1	-0.1	-1.95759
13062049	829	0.1	-0.1	1.18888
13062049	830	0.1	-0.1	1.09238
13062049	831	0.1	-0.1	-1.13979
13062049	832	0.1	-0.1	1.29384
13062049	833	0.1	-0.1	-3.22399
13062049	834	0.1	-0.1	2.56242
13062049	835	0.1	-0.1	-1.46674
13062049	836	0.1	-0.1	4.55926
13062049	837	0.1	-0.1	5.56862
13062049	838	0.1	-0.1	5.03832
13062049	839	0.1	-0.1	5.60533
13062049	840	0.1	-0.1	-0.701158
13062049	841	0.1	-0.1	3.17858
13062049	842	0.1	-0.1	-1.23931
13062049	843	0.1	-0.1	0.319479
13062049	844	0.1	-0.1	3.16532
13062049	845	0.1	-0.1	-5.99159
13062049	846	0.1	-0.1	-3.30613
13062049	847	0.1	-0.1	1.28936
13062049	848	0.1	-0.1	-5.21763
13062049	849	0.1	-0.1	-0.949674
13062049	850	0.1	-0.1	-1.50874
13062049	851	0.1	-0.1	5.82911
13062049	852	0.1	-0.1	1.07906
13062049	853	0.1	-0.1	-5.53803
13062049	854	0.1	-0.1	5.12336
13062049	855	0.1	-0.1	-1.42138
13062049	856	0.1	-0.1	-0.106431
13062049	857	0.1	-0.1	4.97816
13062049	858	0.1	-0.1	-4.92572
13062049	859	0.1	-0.1	-1.71451
13062049	860	0.1	-0.1	-3.89357
13062049	861	0.1	-0.1	-2.71886
13062049	862	0.1	-0.1	5.4137
13062049	863	0.1	-0.1	-4.06682
13062049	864	0.1	-0.1	-5.80187
13062049	865	0.1	-0.1	0.649322
13062049	866	0.1	-0.1	-1.05778
13062049	867	0.1	-0.1	2.20837
13062049	868	0.1	-0.1	-1.50099
13062049	869	0.1	-0.1	2.96949
13062049	870	0.1	-0.1	4.72741
13062049	871	0.1	-0.1	-0.447719
13062049	872	0.1	-0.1	0.312109
13062049	873	0.1	-0.1	-3.41748
13062049	874	0.1	-0.1	-4.75765
13062049	875	0.1	-0.1	5.75421
13062049	876	0.1	-0.1	-2.85513
13062049	877	0.1	-0.1	-4.89289
13062049	878	0.1	-0.1	-2.03735
13062049	879	0.1	-0.1	3.95847
13062049	880	0.1	-0.1	1.98656
13062049	881	0.1	-0.1	-4.4739
13062049	882	0.1	-0.1	-4.95833
13062049	883	0.1	-0.1	-5.15019
13062049	884	0.1	-0.1	-5.90744
13062049	885	0.1	-0.1	3.44104
13062049	886	0.1	-0.1	5.24785
13062049	887	0.1	-0.1	-2.96008
13062049	888	0.1	-0.1	-2.75508
13062049	889	0.1	-0.1	-0.536479
13062049	890	0.1	-0.1	-1.86542
13062049	891	0.1	-0.1	-0.0279413
13062049	892	0.1	-0.1	0.123682
13062049	893	0.1	-0.1	-5.19179
13062049	894	0.1	-0.1	1.74322
13062049	895	0.1	-0.1	-3.95471
13062049	896	0.1	-0.1	5.19962
13062049	897	0.1	-0.1	-2.61932
13062049	898	0.1	-0.1	-2.75572
13062049	899	0.1	-0.1	-3.69717
13062049	900	0.1	-0.1	0.983145
13062049	901	0.1	-0.1	-4.80946
13062049	902	0.1	-0.1	5.34334
13062049	903	0.1	-0.1	-5.69384
13062049	904	0.1	-0.1	-3.74768
13062049	905	0.1	-0.1	-4.47395
13062049	906	0.1	-0.1	-3.2805
13062049	907	0.1	-0.1	4.41299
13062049	908	0.1	-0.1	-1.24984
13062049	909	0.1	-0.1	4.39626
13062049	910	0.1	-0.1	-0.646962
13062049	911	0.1	-0.1	-5.44002
13062049	912	0.1	-0.1	-1.82556
13062049	913	0.1	-0.1	2.4619
13062049	914	0.1	-0.1	-4.97168
13062049	915	0.1	-0.1	4.49611
13062049	916	0.1	-0.1	-2.28477
13062049	917	0.1	-0.1	5.24173
13062049	918	0.1	-0.1	-1.456
13062049	919	0.1	-0.1	-2.45266
13062049	920	0.1	-0.1	1.24153
13062049	921	0.1	-0.1	-2.00158
13062049	922	0.1	-0.1	-0.865046
13062049	923	0.1	-0.1	-3.88312
13062049	924	0.1	-0.1	0.687521
13062049	925	0.1	-0.1	0.0839069
13062049	926	0.1	-0.1	-3.94605
13062049	927	0.1	-0.1	0.0361231
13062049	928	0.1	-0.1	-0.760083
13062049	929	0.1	-0.1	1.39677
13062049	930	0.1	-0.1	1.5983
13062049	931	0.1	-0.1	-5.28
13062049	932	0.1	-0.1	-3.29411
13062049	933	0.1	-0.1	0.585002
13062049	934	0.1	-0.1	5.93711
13062049	935	0.1	-0.1	-3.2438
13062049	936	0.1	-0.1	-0.178114
13062049	937	0.1	-0.1	-1.83441
13062049	938	0.1	-0.1	2.44333
13062049	939	0.1	-0.1	1.93612
13062049	940	0.1	-0.1	-4.00984
13062049	941	0.1	-0.1	4.6797
13062049	942	0.1	-0.1	-1.63677
13062049	943	0.1	-0.1	0.173883
13062049	944	0.1	-0.1	3.87394
13062049	945	0.1	-0.1	-5.61083
13062049	946	0.1	-0.1	5.9041
13062049	947	0.1	-0.1	5.09296
13062049	948	0.1	-0.1	1.56749
13062049	949	0.1	-0.1	-3.13919
13062049	950	0.1	-0.1	0.294201
13062049	951	0.1	-0.1	1.54098
13062049	952	0.1	-0.1	-3.89595
13062049	953	0.1	-0.1	-3.12404
13062049	954	0.1	-0.1	-4.39459
13062049	955	0.1	-0.1	-5.51418
13062049	956	0.1	-0.1	-5.3289
13062049	957	0.1	-0.1	-4.98348
13062049	958	0.1	-0.1	1.94324
13062049	959	0.1	-0.1	0.783536
13062049	960	0.1	-0.1	5.40585
13062049	961	0.1	-0.1	0.654334
13062049	962	0.1	-0.1	-4.07176
13062049	963	0.1	-0.1	-0.0688967
13062049	964	0.1	-0.1	-1.95541
13062049	965	0.1	-0.1	-1.28868
13062049	966	0.1	-0.1	4.66799
13062049	967	0.1	-0.1	2.51848
13062049	968	0.1	-0.1	-0.505579
13062049	969	0.1	-0.1	3.8625
13062049	970	0.1	-0.1	-1.89456
13062049	971	0.1	-0.1	3.93509
13062049	972	0.1	-0.1	0.4426
13062049	973	0.1	-0.1	-5.77291
13062049	974	0.1	-0.1	1.05245
13062049	975	0.1	-0.1	-3.72721
13062049	976	0.1	-0.1	4.95918
13062049	977	0.1	-0.1	2.47771
13062049	978	0.1	-0.1	-0.449173
13062049	979	0.1	-0.1	2.20703
13062049	980	0.1	-0.1	0.0320546
13062049	981	0.1	-0.1	-2.55192
13062049	982	0.1	-0.1	-5.03391
13062049	983	0.1	-0.1	-1.66906
13062049	984	0.1	-0.1	5.0019
13062049	985	0.1	-0.1	4.75084
13062049	986	0.1	-0.1	4.32122
13062049	987	0.1	-0.1	4.06658
13062049	988	0.1	-0.1	-0.961606
13062049	989	0.1	-0.1	-2.79784
13062049	990	0.1	-0.1	-3.96837
13062049	991	0.1	-0.1	5.24217
13062049	992	0.1	-0.1	5.502
13062049	993	0.1	-0.1	-3.15681
13062049	994	0.1	-0.1	-1.0735
13062049	995	0.1	-0.1	0.0985219
13062049	996	0.1	-0.1	3.6562
13062049	997	0.1	-0.1	-2.46606
13062049	998	0.1	-0.1	3.79489
13062049	999	0.1	-0.1	-1.49244
13062049	1000	0.1	-0.1	4.29362
