13063054	1	0.1	-0.1	-0.555042
13063054	2	0.1	-0.1	-2.08671
13063054	3	0.1	-0.1	4.2694
13063054	4	0.1	-0.1	-3.11341
13063054	5	0.1	-0.1	5.35922
13063054	6	0.1	-0.1	1.1801
13063054	7	0.1	-0.1	-5.98708
13063054	8	0.1	-0.1	-1.23076
13063054	9	0.1	-0.1	0.488025
13063054	10	0.1	-0.1	4.20448
13063054	11	0.1	-0.1	-3.63421
13063054	12	0.1	-0.1	2.65242
13063054	13	0.1	-0.1	-3.70507
13063054	14	0.1	-0.1	3.16296
13063054	15	0.1	-0.1	-3.07093
13063054	16	0.1	-0.1	-5.72221
13063054	17	0.1	-0.1	3.72946
13063054	18	0.1	-0.1	5.73733
13063054	19	0.1	-0.1	-0.415058
13063054	20	0.1	-0.1	-2.89888
13063054	21	0.1	-0.1	3.98851
13063054	22	0.1	-0.1	-2.91621
13063054	23	0.1	-0.1	-0.262497
13063054	24	0.1	-0.1	-5.22582
13063054	25	0.1	-0.1	1.04966
13063054	26	0.1	-0.1	3.27529
13063054	27	0.1	-0.1	3.74329
13063054	28	0.1	-0.1	1.78938
13063054	29	0.1	-0.1	1.00826
13063054	30	0.1	-0.1	-5.38485
13063054	31	0.1	-0.1	1.01118
13063054	32	0.1	-0.1	4.83882
13063054	33	0.1	-0.1	-2.92639
13063054	34	0.1	-0.1	-5.59014
13063054	35	0.1	-0.1	-4.46687
13063054	36	0.1	-0.1	-3.57985
13063054	37	0.1	-0.1	-3.15295
13063054	38	0.1	-0.1	3.23145
13063054	39	0.1	-0.1	-5.04899
13063054	40	0.1	-0.1	0.0629604
13063054	41	0.1	-0.1	-4.28561
13063054	42	0.1	-0.1	4.72444
13063054	43	0.1	-0.1	3.6035
13063054	44	0.1	-0.1	-4.4249
13063054	45	0.1	-0.1	-4.3055
13063054	46	0.1	-0.1	2.45381
13063054	47	0.1	-0.1	2.06507
13063054	48	0.1	-0.1	1.98549
13063054	49	0.1	-0.1	5.09949
13063054	50	0.1	-0.1	1.62608
13063054	51	0.1	-0.1	-5.47122
13063054	52	0.1	-0.1	-0.789615
13063054	53	0.1	-0.1	2.88395
13063054	54	0.1	-0.1	-4.23188
13063054	55	0.1	-0.1	-1.98046
13063054	56	0.1	-0.1	4.81617
13063054	57	0.1	-0.1	-1.16673
13063054	58	0.1	-0.1	1.08794
13063054	59	0.1	-0.1	-3.68084
13063054	60	0.1	-0.1	4.19617
13063054	61	0.1	-0.1	3.18001
13063054	62	0.1	-0.1	2.75962
13063054	63	0.1	-0.1	0.707828
13063054	64	0.1	-0.1	-0.157728
13063054	65	0.1	-0.1	1.00188
13063054	66	0.1	-0.1	0.0982338
13063054	67	0.1	-0.1	4.77028
13063054	68	0.1	-0.1	-3.77025
13063054	69	0.1	-0.1	-5.13434
13063054	70	0.1	-0.1	3.08337
13063054	71	0.1	-0.1	-5.42062
13063054	72	0.1	-0.1	-5.27001
13063054	73	0.1	-0.1	-4.5885
13063054	74	0.1	-0.1	1.48985
13063054	75	0.1	-0.1	-4.21656
13063054	76	0.1	-0.1	2.51283
13063054	77	0.1	-0.1	-3.83888
13063054	78	0.1	-0.1	-2.2592
13063054	79	0.1	-0.1	-4.63987
13063054	80	0.1	-0.1	5.1475
13063054	81	0.1	-0.1	0.746567
13063054	82	0.1	-0.1	-2.18935
13063054	83	0.1	-0.1	-4.39088
13063054	84	0.1	-0.1	-2.99312
13063054	85	0.1	-0.1	5.29661
13063054	86	0.1	-0.1	5.84563
13063054	87	0.1	-0.1	-3.7083
13063054	88	0.1	-0.1	-5.8957
13063054	89	0.1	-0.1	-2.41368
13063054	90	0.1	-0.1	-1.43342
13063054	91	0.1	-0.1	-5.18844
13063054	92	0.1	-0.1	2.36077
13063054	93	0.1	-0.1	-1.44221
13063054	94	0.1	-0.1	-3.42072
13063054	95	0.1	-0.1	-2.44528
13063054	96	0.1	-0.1	3.89375
13063054	97	0.1	-0.1	-4.47954
13063054	98	0.1	-0.1	2.53432
13063054	99	0.1	-0.1	5.4442
13063054	100	0.1	-0.1	-0.148073
13063054	101	0.1	-0.1	-5.02014
13063054	102	0.1	-0.1	-1.39863
13063054	103	0.1	-0.1	2.85742
13063054	104	0.1	-0.1	0.401826
13063054	105	0.1	-0.1	4.24323
13063054	106	0.1	-0.1	-2.81829
13063054	107	0.1	-0.1	4.10144
13063054	108	0.1	-0.1	-2.08257
13063054	109	0.1	-0.1	2.9383
13063054	110	0.1	-0.1	1.67586
13063054	111	0.1	-0.1	-0.952173
13063054	112	0.1	-0.1	-0.174754
13063054	113	0.1	-0.1	3.92062
13063054	114	0.1	-0.1	5.0709
13063054	115	0.1	-0.1	5.38591
13063054	116	0.1	-0.1	3.82186
13063054	117	0.1	-0.1	2.88262
13063054	118	0.1	-0.1	-0.863541
13063054	119	0.1	-0.1	5.69371
13063054	120	0.1	-0.1	-2.4734
13063054	121	0.1	-0.1	-4.61337
13063054	122	0.1	-0.1	4.70859
13063054	123	0.1	-0.1	0.0148958
13063054	124	0.1	-0.1	-3.07195
13063054	125	0.1	-0.1	1.8036
13063054	126	0.1	-0.1	-0.386634
13063054	127	0.1	-0.1	-2.85574
13063054	128	0.1	-0.1	5.85902
13063054	129	0.1	-0.1	-2.84575
13063054	130	0.1	-0.1	-0.0819147
13063054	131	0.1	-0.1	5.10646
13063054	132	0.1	-0.1	-3.67794
13063054	133	0.1	-0.1	5.03953
13063054	134	0.1	-0.1	-0.462357
13063054	135	0.1	-0.1	5.05295
13063054	136	0.1	-0.1	1.04705
13063054	137	0.1	-0.1	-4.42543
13063054	138	0.1	-0.1	2.88871
13063054	139	0.1	-0.1	3.64788
13063054	140	0.1	-0.1	3.18749
13063054	141	0.1	-0.1	-2.81156
13063054	142	0.1	-0.1	3.53997
13063054	143	0.1	-0.1	-5.07655
13063054	144	0.1	-0.1	-2.47409
13063054	145	0.1	-0.1	0.536356
13063054	146	0.1	-0.1	-4.80289
13063054	147	0.1	-0.1	-5.93044
13063054	148	0.1	-0.1	2.71125
13063054	149	0.1	-0.1	-2.47771
13063054	150	0.1	-0.1	-2.26498
13063054	151	0.1	-0.1	5.0097
13063054	152	0.1	-0.1	0.560283
13063054	153	0.1	-0.1	-4.44457
13063054	154	0.1	-0.1	5.3944
13063054	155	0.1	-0.1	-4.46085
13063054	156	0.1	-0.1	2.61979
13063054	157	0.1	-0.1	4.41528
13063054	158	0.1	-0.1	0.951257
13063054	159	0.1	-0.1	1.70085
13063054	160	0.1	-0.1	-3.99944
13063054	161	0.1	-0.1	-4.60944
13063054	162	0.1	-0.1	-4.00004
13063054	163	0.1	-0.1	-1.73741
13063054	164	0.1	-0.1	0.350561
13063054	165	0.1	-0.1	1.60941
13063054	166	0.1	-0.1	-2.78636
13063054	167	0.1	-0.1	-4.78037
13063054	168	0.1	-0.1	4.53161
13063054	169	0.1	-0.1	0.261846
13063054	170	0.1	-0.1	5.60173
13063054	171	0.1	-0.1	2.87252
13063054	172	0.1	-0.1	1.45805
13063054	173	0.1	-0.1	-3.58209
13063054	174	0.1	-0.1	3.75545
13063054	175	0.1	-0.1	-2.18696
13063054	176	0.1	-0.1	3.23443
13063054	177	0.1	-0.1	-4.20897
13063054	178	0.1	-0.1	3.44586
13063054	179	0.1	-0.1	3.59091
13063054	180	0.1	-0.1	3.90972
13063054	181	0.1	-0.1	-4.28977
13063054	182	0.1	-0.1	0.306856
13063054	183	0.1	-0.1	1.46994
13063054	184	0.1	-0.1	-4.7246
13063054	185	0.1	-0.1	0.55258
13063054	186	0.1	-0.1	1.17774
13063054	187	0.1	-0.1	5.85338
13063054	188	0.1	-0.1	-1.20902
13063054	189	0.1	-0.1	-2.60173
13063054	190	0.1	-0.1	-4.13253
13063054	191	0.1	-0.1	-1.9282
13063054	192	0.1	-0.1	0.509006
13063054	193	0.1	-0.1	0.509162
13063054	194	0.1	-0.1	4.63079
13063054	195	0.1	-0.1	-1.88421
13063054	196	0.1	-0.1	-4.65632
13063054	197	0.1	-0.1	4.86383
13063054	198	0.1	-0.1	-0.731531
13063054	199	0.1	-0.1	-2.39258
13063054	200	0.1	-0.1	1.33651
13063054	201	0.1	-0.1	-3.52899
13063054	202	0.1	-0.1	5.79202
13063054	203	0.1	-0.1	-2.21689
13063054	204	0.1	-0.1	1.09619
13063054	205	0.1	-0.1	0.798015
13063054	206	0.1	-0.1	1.18397
13063054	207	0.1	-0.1	-2.93401
13063054	208	0.1	-0.1	5.54531
13063054	209	0.1	-0.1	2.70117
13063054	210	0.1	-0.1	-4.09517
13063054	211	0.1	-0.1	3.73354
13063054	212	0.1	-0.1	5.81805
13063054	213	0.1	-0.1	5.54197
13063054	214	0.1	-0.1	5.04258
13063054	215	0.1	-0.1	0.938376
13063054	216	0.1	-0.1	4.17069
13063054	217	0.1	-0.1	-5.60068
13063054	218	0.1	-0.1	-2.57055
13063054	219	0.1	-0.1	4.35823
13063054	220	0.1	-0.1	-5.08208
13063054	221	0.1	-0.1	-3.64959
13063054	222	0.1	-0.1	-2.30462
13063054	223	0.1	-0.1	-2.77526
13063054	224	0.1	-0.1	2.9471
13063054	225	0.1	-0.1	5.46589
13063054	226	0.1	-0.1	0.474658
13063054	227	0.1	-0.1	1.245
13063054	228	0.1	-0.1	0.227402
13063054	229	0.1	-0.1	1.01632
13063054	230	0.1	-0.1	-2.12106
13063054	231	0.1	-0.1	1.40383
13063054	232	0.1	-0.1	-2.94703
13063054	233	0.1	-0.1	5.50043
13063054	234	0.1	-0.1	-4.0406
13063054	235	0.1	-0.1	-0.887626
13063054	236	0.1	-0.1	-5.42121
13063054	237	0.1	-0.1	1.43867
13063054	238	0.1	-0.1	0.566608
13063054	239	0.1	-0.1	-1.62916
13063054	240	0.1	-0.1	-2.76629
13063054	241	0.1	-0.1	-4.5609
13063054	242	0.1	-0.1	3.2111
13063054	243	0.1	-0.1	1.15768
13063054	244	0.1	-0.1	5.69261
13063054	245	0.1	-0.1	-5.11215
13063054	246	0.1	-0.1	-5.57287
13063054	247	0.1	-0.1	4.24058
13063054	248	0.1	-0.1	-3.23436
13063054	249	0.1	-0.1	4.02702
13063054	250	0.1	-0.1	2.26795
13063054	251	0.1	-0.1	4.04648
13063054	252	0.1	-0.1	0.0945711
13063054	253	0.1	-0.1	4.40865
13063054	254	0.1	-0.1	-0.568307
13063054	255	0.1	-0.1	3.70001
13063054	256	0.1	-0.1	5.30999
13063054	257	0.1	-0.1	-3.5578
13063054	258	0.1	-0.1	-5.50646
13063054	259	0.1	-0.1	1.37128
13063054	260	0.1	-0.1	-5.32803
13063054	261	0.1	-0.1	1.70037
13063054	262	0.1	-0.1	-2.69114
13063054	263	0.1	-0.1	-0.14238
13063054	264	0.1	-0.1	-0.437855
13063054	265	0.1	-0.1	0.76566
13063054	266	0.1	-0.1	0.934136
13063054	267	0.1	-0.1	-5.75061
13063054	268	0.1	-0.1	-0.39254
13063054	269	0.1	-0.1	3.33439
13063054	270	0.1	-0.1	-4.46574
13063054	271	0.1	-0.1	2.1953
13063054	272	0.1	-0.1	-2.33038
13063054	273	0.1	-0.1	2.17187
13063054	274	0.1	-0.1	1.34431
13063054	275	0.1	-0.1	1.89471
13063054	276	0.1	-0.1	-1.38963
13063054	277	0.1	-0.1	5.93059
13063054	278	0.1	-0.1	1.53299
13063054	279	0.1	-0.1	4.3074
13063054	280	0.1	-0.1	0.318103
13063054	281	0.1	-0.1	-0.197149
13063054	282	0.1	-0.1	3.37378
13063054	283	0.1	-0.1	5.26571
13063054	284	0.1	-0.1	2.06765
13063054	285	0.1	-0.1	2.71191
13063054	286	0.1	-0.1	-0.522749
13063054	287	0.1	-0.1	4.504
13063054	288	0.1	-0.1	1.79816
13063054	289	0.1	-0.1	-2.89209
13063054	290	0.1	-0.1	-2.95185
13063054	291	0.1	-0.1	-2.19677
13063054	292	0.1	-0.1	4.27465
13063054	293	0.1	-0.1	-3.41354
13063054	294	0.1	-0.1	3.24331
13063054	295	0.1	-0.1	3.39986
13063054	296	0.1	-0.1	-5.44575
13063054	297	0.1	-0.1	-2.92916
13063054	298	0.1	-0.1	2.87644
13063054	299	0.1	-0.1	-3.12955
13063054	300	0.1	-0.1	-2.44015
13063054	301	0.1	-0.1	-5.45375
13063054	302	0.1	-0.1	3.31256
13063054	303	0.1	-0.1	-2.71081
13063054	304	0.1	-0.1	-3.41651
13063054	305	0.1	-0.1	2.90145
13063054	306	0.1	-0.1	-1.90494
13063054	307	0.1	-0.1	-2.75942
13063054	308	0.1	-0.1	-1.91528
13063054	309	0.1	-0.1	3.50916
13063054	310	0.1	-0.1	-4.00704
13063054	311	0.1	-0.1	1.8932
13063054	312	0.1	-0.1	-4.36553
13063054	313	0.1	-0.1	2.61181
13063054	314	0.1	-0.1	3.13175
13063054	315	0.1	-0.1	-0.451016
13063054	316	0.1	-0.1	0.830355
13063054	317	0.1	-0.1	0.322588
13063054	318	0.1	-0.1	3.49642
13063054	319	0.1	-0.1	4.173
13063054	320	0.1	-0.1	-0.245004
13063054	321	0.1	-0.1	-1.01334
13063054	322	0.1	-0.1	-1.79216
13063054	323	0.1	-0.1	-4.43891
13063054	324	0.1	-0.1	1.89043
13063054	325	0.1	-0.1	0.354161
13063054	326	0.1	-0.1	1.22363
13063054	327	0.1	-0.1	3.96125
13063054	328	0.1	-0.1	0.319815
13063054	329	0.1	-0.1	4.13217
13063054	330	0.1	-0.1	-5.05622
13063054	331	0.1	-0.1	4.93868
13063054	332	0.1	-0.1	0.719018
13063054	333	0.1	-0.1	-0.035247
13063054	334	0.1	-0.1	-0.933162
13063054	335	0.1	-0.1	1.07571
13063054	336	0.1	-0.1	0.477231
13063054	337	0.1	-0.1	-3.63201
13063054	338	0.1	-0.1	4.0926
13063054	339	0.1	-0.1	2.18305
13063054	340	0.1	-0.1	2.69246
13063054	341	0.1	-0.1	-1.55641
13063054	342	0.1	-0.1	3.14213
13063054	343	0.1	-0.1	-5.64164
13063054	344	0.1	-0.1	4.71671
13063054	345	0.1	-0.1	5.14676
13063054	346	0.1	-0.1	3.00168
13063054	347	0.1	-0.1	5.74605
13063054	348	0.1	-0.1	-4.60168
13063054	349	0.1	-0.1	-3.13068
13063054	350	0.1	-0.1	-0.31693
13063054	351	0.1	-0.1	0.274489
13063054	352	0.1	-0.1	5.69188
13063054	353	0.1	-0.1	-4.7602
13063054	354	0.1	-0.1	3.60756
13063054	355	0.1	-0.1	-3.88186
13063054	356	0.1	-0.1	1.90783
13063054	357	0.1	-0.1	0.11393
13063054	358	0.1	-0.1	0.848885
13063054	359	0.1	-0.1	-5.17669
13063054	360	0.1	-0.1	-5.72802
13063054	361	0.1	-0.1	-1.58909
13063054	362	0.1	-0.1	-4.64383
13063054	363	0.1	-0.1	5.27494
13063054	364	0.1	-0.1	-4.53274
13063054	365	0.1	-0.1	5.91376
13063054	366	0.1	-0.1	3.47174
13063054	367	0.1	-0.1	-4.4536
13063054	368	0.1	-0.1	-3.89459
13063054	369	0.1	-0.1	-3.60811
13063054	370	0.1	-0.1	-4.88244
13063054	371	0.1	-0.1	-1.99279
13063054	372	0.1	-0.1	2.16736
13063054	373	0.1	-0.1	-3.18911
13063054	374	0.1	-0.1	-2.54232
13063054	375	0.1	-0.1	1.54179
13063054	376	0.1	-0.1	5.37171
13063054	377	0.1	-0.1	3.3939
13063054	378	0.1	-0.1	-2.36824
13063054	379	0.1	-0.1	3.2972
13063054	380	0.1	-0.1	-5.87624
13063054	381	0.1	-0.1	-3.26634
13063054	382	0.1	-0.1	-3.86097
13063054	383	0.1	-0.1	5.50902
13063054	384	0.1	-0.1	-0.293496
13063054	385	0.1	-0.1	4.74212
13063054	386	0.1	-0.1	-2.397
13063054	387	0.1	-0.1	-1.22878
13063054	388	0.1	-0.1	-5.67212
13063054	389	0.1	-0.1	5.6522
13063054	390	0.1	-0.1	-3.81357
13063054	391	0.1	-0.1	0.801896
13063054	392	0.1	-0.1	-4.07718
13063054	393	0.1	-0.1	-1.30028
13063054	394	0.1	-0.1	-4.62401
13063054	395	0.1	-0.1	4.56731
13063054	396	0.1	-0.1	1.83534
13063054	397	0.1	-0.1	-4.33424
13063054	398	0.1	-0.1	0.174305
13063054	399	0.1	-0.1	-3.8836
13063054	400	0.1	-0.1	5.4987
13063054	401	0.1	-0.1	-5.95749
13063054	402	0.1	-0.1	4.88907
13063054	403	0.1	-0.1	-5.81412
13063054	404	0.1	-0.1	-1.74208
13063054	405	0.1	-0.1	1.01142
13063054	406	0.1	-0.1	2.77555
13063054	407	0.1	-0.1	-0.839166
13063054	408	0.1	-0.1	-4.40887
13063054	409	0.1	-0.1	-1.92163
13063054	410	0.1	-0.1	-3.31849
13063054	411	0.1	-0.1	2.91022
13063054	412	0.1	-0.1	-0.436957
13063054	413	0.1	-0.1	-0.9774
13063054	414	0.1	-0.1	2.80385
13063054	415	0.1	-0.1	4.83029
13063054	416	0.1	-0.1	4.80637
13063054	417	0.1	-0.1	5.83339
13063054	418	0.1	-0.1	5.85373
13063054	419	0.1	-0.1	1.29857
13063054	420	0.1	-0.1	3.34841
13063054	421	0.1	-0.1	-2.66443
13063054	422	0.1	-0.1	-4.66526
13063054	423	0.1	-0.1	-1.20269
13063054	424	0.1	-0.1	3.92244
13063054	425	0.1	-0.1	-3.21646
13063054	426	0.1	-0.1	5.03421
13063054	427	0.1	-0.1	-5.99103
13063054	428	0.1	-0.1	2.79477
13063054	429	0.1	-0.1	-1.35736
13063054	430	0.1	-0.1	-5.13822
13063054	431	0.1	-0.1	-5.15962
13063054	432	0.1	-0.1	-5.58823
13063054	433	0.1	-0.1	-3.28462
13063054	434	0.1	-0.1	4.46737
13063054	435	0.1	-0.1	-5.69073
13063054	436	0.1	-0.1	5.81767
13063054	437	0.1	-0.1	4.49914
13063054	438	0.1	-0.1	2.96797
13063054	439	0.1	-0.1	-2.71283
13063054	440	0.1	-0.1	-4.87775
13063054	441	0.1	-0.1	-4.29376
13063054	442	0.1	-0.1	0.111347
13063054	443	0.1	-0.1	-3.01451
13063054	444	0.1	-0.1	-5.22029
13063054	445	0.1	-0.1	3.79029
13063054	446	0.1	-0.1	3.64444
13063054	447	0.1	-0.1	1.61698
13063054	448	0.1	-0.1	-2.68281
13063054	449	0.1	-0.1	-3.89728
13063054	450	0.1	-0.1	1.41284
13063054	451	0.1	-0.1	0.882166
13063054	452	0.1	-0.1	-3.44271
13063054	453	0.1	-0.1	-4.67255
13063054	454	0.1	-0.1	-3.91327
13063054	455	0.1	-0.1	4.45297
13063054	456	0.1	-0.1	3.57237
13063054	457	0.1	-0.1	-3.04175
13063054	458	0.1	-0.1	3.44765
13063054	459	0.1	-0.1	-3.57906
13063054	460	0.1	-0.1	-2.26844
13063054	461	0.1	-0.1	5.56388
13063054	462	0.1	-0.1	-4.97744
13063054	463	0.1	-0.1	-3.90634
13063054	464	0.1	-0.1	4.55994
13063054	465	0.1	-0.1	-5.38092
13063054	466	0.1	-0.1	-1.11561
13063054	467	0.1	-0.1	1.2762
13063054	468	0.1	-0.1	0.793216
13063054	469	0.1	-0.1	-3.52034
13063054	470	0.1	-0.1	1.90267
13063054	471	0.1	-0.1	-2.94707
13063054	472	0.1	-0.1	-1.33168
13063054	473	0.1	-0.1	5.33322
13063054	474	0.1	-0.1	0.320052
13063054	475	0.1	-0.1	2.36751
13063054	476	0.1	-0.1	-1.92896
13063054	477	0.1	-0.1	1.78836
13063054	478	0.1	-0.1	5.88223
13063054	479	0.1	-0.1	3.17258
13063054	480	0.1	-0.1	1.66865
13063054	481	0.1	-0.1	2.23829
13063054	482	0.1	-0.1	-2.19507
13063054	483	0.1	-0.1	1.08762
13063054	484	0.1	-0.1	1.54154
13063054	485	0.1	-0.1	0.458367
13063054	486	0.1	-0.1	4.28309
13063054	487	0.1	-0.1	-1.60439
13063054	488	0.1	-0.1	-4.95696
13063054	489	0.1	-0.1	2.95719
13063054	490	0.1	-0.1	0.766325
13063054	491	0.1	-0.1	4.19917
13063054	492	0.1	-0.1	1.90234
13063054	493	0.1	-0.1	0.283893
13063054	494	0.1	-0.1	-4.62068
13063054	495	0.1	-0.1	4.8403
13063054	496	0.1	-0.1	5.75497
13063054	497	0.1	-0.1	-3.53209
13063054	498	0.1	-0.1	-4.51472
13063054	499	0.1	-0.1	-1.62009
13063054	500	0.1	-0.1	-1.40083
13063054	501	0.1	-0.1	-2.03276
13063054	502	0.1	-0.1	4.40404
13063054	503	0.1	-0.1	2.61694
13063054	504	0.1	-0.1	-3.60909
13063054	505	0.1	-0.1	2.26819
13063054	506	0.1	-0.1	-5.48913
13063054	507	0.1	-0.1	3.58248
13063054	508	0.1	-0.1	3.69206
13063054	509	0.1	-0.1	-5.45993
13063054	510	0.1	-0.1	-2.26119
13063054	511	0.1	-0.1	-0.0818133
13063054	512	0.1	-0.1	-4.51158
13063054	513	0.1	-0.1	1.84942
13063054	514	0.1	-0.1	2.92663
13063054	515	0.1	-0.1	-1.85261
13063054	516	0.1	-0.1	-2.67709
13063054	517	0.1	-0.1	-5.51623
13063054	518	0.1	-0.1	-3.19964
13063054	519	0.1	-0.1	3.9895
13063054	520	0.1	-0.1	2.62968
13063054	521	0.1	-0.1	5.26475
13063054	522	0.1	-0.1	-0.379633
13063054	523	0.1	-0.1	4.33126
13063054	524	0.1	-0.1	-0.526203
13063054	525	0.1	-0.1	0.894161
13063054	526	0.1	-0.1	-2.80058
13063054	527	0.1	-0.1	2.06391
13063054	528	0.1	-0.1	-1.20997
13063054	529	0.1	-0.1	2.3073
13063054	530	0.1	-0.1	0.298517
13063054	531	0.1	-0.1	-3.45104
13063054	532	0.1	-0.1	-1.72136
13063054	533	0.1	-0.1	-4.44423
13063054	534	0.1	-0.1	0.670278
13063054	535	0.1	-0.1	4.42447
13063054	536	0.1	-0.1	4.58517
13063054	537	0.1	-0.1	-3.90771
13063054	538	0.1	-0.1	2.57442
13063054	539	0.1	-0.1	4.24725
13063054	540	0.1	-0.1	1.10127
13063054	541	0.1	-0.1	1.35503
13063054	542	0.1	-0.1	-5.64409
13063054	543	0.1	-0.1	2.3297
13063054	544	0.1	-0.1	3.1755
13063054	545	0.1	-0.1	2.61097
13063054	546	0.1	-0.1	-2.83805
13063054	547	0.1	-0.1	4.59067
13063054	548	0.1	-0.1	-2.09486
13063054	549	0.1	-0.1	-5.18512
13063054	550	0.1	-0.1	0.765844
13063054	551	0.1	-0.1	4.8197
13063054	552	0.1	-0.1	-5.56088
13063054	553	0.1	-0.1	1.38404
13063054	554	0.1	-0.1	-1.63471
13063054	555	0.1	-0.1	5.55853
13063054	556	0.1	-0.1	4.23236
13063054	557	0.1	-0.1	-4.38443
13063054	558	0.1	-0.1	-5.70451
13063054	559	0.1	-0.1	-2.52766
13063054	560	0.1	-0.1	5.2181
13063054	561	0.1	-0.1	3.74821
13063054	562	0.1	-0.1	-4.34072
13063054	563	0.1	-0.1	4.1939
13063054	564	0.1	-0.1	5.56749
13063054	565	0.1	-0.1	1.96628
13063054	566	0.1	-0.1	2.82374
13063054	567	0.1	-0.1	-1.98554
13063054	568	0.1	-0.1	-4.75264
13063054	569	0.1	-0.1	-4.55739
13063054	570	0.1	-0.1	-3.81508
13063054	571	0.1	-0.1	-5.43916
13063054	572	0.1	-0.1	-4.94483
13063054	573	0.1	-0.1	-0.207913
13063054	574	0.1	-0.1	-5.27428
13063054	575	0.1	-0.1	1.65994
13063054	576	0.1	-0.1	-0.602849
13063054	577	0.1	-0.1	-1.51554
13063054	578	0.1	-0.1	-5.17959
13063054	579	0.1	-0.1	2.77256
13063054	580	0.1	-0.1	-2.192
13063054	581	0.1	-0.1	5.08465
13063054	582	0.1	-0.1	-4.0071
13063054	583	0.1	-0.1	-4.85579
13063054	584	0.1	-0.1	-0.669491
13063054	585	0.1	-0.1	-0.97094
13063054	586	0.1	-0.1	-4.95643
13063054	587	0.1	-0.1	1.54519
13063054	588	0.1	-0.1	-4.60195
13063054	589	0.1	-0.1	5.28735
13063054	590	0.1	-0.1	4.79019
13063054	591	0.1	-0.1	-1.52846
13063054	592	0.1	-0.1	5.44225
13063054	593	0.1	-0.1	-1.74937
13063054	594	0.1	-0.1	-3.01345
13063054	595	0.1	-0.1	3.5718
13063054	596	0.1	-0.1	-2.08203
13063054	597	0.1	-0.1	0.696049
13063054	598	0.1	-0.1	1.43614
13063054	599	0.1	-0.1	2.94075
13063054	600	0.1	-0.1	2.48028
13063054	601	0.1	-0.1	-3.87765
13063054	602	0.1	-0.1	-2.01544
13063054	603	0.1	-0.1	5.07872
13063054	604	0.1	-0.1	5.63759
13063054	605	0.1	-0.1	5.47102
13063054	606	0.1	-0.1	0.367188
13063054	607	0.1	-0.1	0.473054
13063054	608	0.1	-0.1	-4.69785
13063054	609	0.1	-0.1	-0.0863794
13063054	610	0.1	-0.1	-4.96698
13063054	611	0.1	-0.1	3.96219
13063054	612	0.1	-0.1	-2.53297
13063054	613	0.1	-0.1	-5.05255
13063054	614	0.1	-0.1	1.63355
13063054	615	0.1	-0.1	-4.03536
13063054	616	0.1	-0.1	4.4056
13063054	617	0.1	-0.1	-2.25448
13063054	618	0.1	-0.1	-1.16401
13063054	619	0.1	-0.1	4.38336
13063054	620	0.1	-0.1	-4.04351
13063054	621	0.1	-0.1	5.84015
13063054	622	0.1	-0.1	0.921401
13063054	623	0.1	-0.1	3.45692
13063054	624	0.1	-0.1	1.61715
13063054	625	0.1	-0.1	2.86754
13063054	626	0.1	-0.1	-2.2446
13063054	627	0.1	-0.1	-5.1787
13063054	628	0.1	-0.1	-1.2352
13063054	629	0.1	-0.1	-3.51623
13063054	630	0.1	-0.1	-5.72261
13063054	631	0.1	-0.1	0.567826
13063054	632	0.1	-0.1	-2.52361
13063054	633	0.1	-0.1	4.41726
13063054	634	0.1	-0.1	5.30677
13063054	635	0.1	-0.1	-2.55715
13063054	636	0.1	-0.1	1.53957
13063054	637	0.1	-0.1	-0.641482
13063054	638	0.1	-0.1	-3.04507
13063054	639	0.1	-0.1	4.59488
13063054	640	0.1	-0.1	3.71191
13063054	641	0.1	-0.1	1.47934
13063054	642	0.1	-0.1	-0.504902
13063054	643	0.1	-0.1	-0.978361
13063054	644	0.1	-0.1	0.711815
13063054	645	0.1	-0.1	0.580799
13063054	646	0.1	-0.1	-3.83188
13063054	647	0.1	-0.1	1.75702
13063054	648	0.1	-0.1	4.2437
13063054	649	0.1	-0.1	2.71478
13063054	650	0.1	-0.1	-4.46431
13063054	651	0.1	-0.1	-2.75643
13063054	652	0.1	-0.1	0.431679
13063054	653	0.1	-0.1	-3.17639
13063054	654	0.1	-0.1	5.69641
13063054	655	0.1	-0.1	2.01891
13063054	656	0.1	-0.1	1.40814
13063054	657	0.1	-0.1	-1.60449
13063054	658	0.1	-0.1	-4.76142
13063054	659	0.1	-0.1	1.46401
13063054	660	0.1	-0.1	-4.107
13063054	661	0.1	-0.1	-2.27902
13063054	662	0.1	-0.1	-5.86909
13063054	663	0.1	-0.1	1.85274
13063054	664	0.1	-0.1	0.922212
13063054	665	0.1	-0.1	-4.67546
13063054	666	0.1	-0.1	-0.254027
13063054	667	0.1	-0.1	4.33584
13063054	668	0.1	-0.1	-3.82365
13063054	669	0.1	-0.1	1.9259
13063054	670	0.1	-0.1	-4.83115
13063054	671	0.1	-0.1	1.03776
13063054	672	0.1	-0.1	0.882012
13063054	673	0.1	-0.1	1.55091
13063054	674	0.1	-0.1	-5.98966
13063054	675	0.1	-0.1	4.12094
13063054	676	0.1	-0.1	5.10673
13063054	677	0.1	-0.1	-1.25832
13063054	678	0.1	-0.1	2.90432
13063054	679	0.1	-0.1	-2.27648
13063054	680	0.1	-0.1	4.70968
13063054	681	0.1	-0.1	1.3893
13063054	682	0.1	-0.1	1.22896
13063054	683	0.1	-0.1	-0.326821
13063054	684	0.1	-0.1	-2.9165
13063054	685	0.1	-0.1	-2.51139
13063054	686	0.1	-0.1	5.86493
13063054	687	0.1	-0.1	1.73027
13063054	688	0.1	-0.1	2.27359
13063054	689	0.1	-0.1	-5.55055
13063054	690	0.1	-0.1	-1.72665
13063054	691	0.1	-0.1	1.49903
13063054	692	0.1	-0.1	-2.66483
13063054	693	0.1	-0.1	-5.20909
13063054	694	0.1	-0.1	0.546421
13063054	695	0.1	-0.1	-5.65964
13063054	696	0.1	-0.1	-3.80875
13063054	697	0.1	-0.1	-4.93932
13063054	698	0.1	-0.1	-0.688094
13063054	699	0.1	-0.1	5.752
13063054	700	0.1	-0.1	-4.79864
13063054	701	0.1	-0.1	1.1932
13063054	702	0.1	-0.1	4.88358
13063054	703	0.1	-0.1	0.238438
13063054	704	0.1	-0.1	-0.170136
13063054	705	0.1	-0.1	4.80414
13063054	706	0.1	-0.1	1.59277
13063054	707	0.1	-0.1	5.64352
13063054	708	0.1	-0.1	-0.491321
13063054	709	0.1	-0.1	5.57971
13063054	710	0.1	-0.1	1.30445
13063054	711	0.1	-0.1	4.8002
13063054	712	0.1	-0.1	5.52462
13063054	713	0.1	-0.1	5.35887
13063054	714	0.1	-0.1	3.63025
13063054	715	0.1	-0.1	-4.53585
13063054	716	0.1	-0.1	-4.36868
13063054	717	0.1	-0.1	-4.01158
13063054	718	0.1	-0.1	-3.30824
13063054	719	0.1	-0.1	4.24648
13063054	720	0.1	-0.1	1.24889
13063054	721	0.1	-0.1	-5.91631
13063054	722	0.1	-0.1	-0.19668
13063054	723	0.1	-0.1	-2.88331
13063054	724	0.1	-0.1	-4.62763
13063054	725	0.1	-0.1	3.47528
13063054	726	0.1	-0.1	4.5172
13063054	727	0.1	-0.1	3.27919
13063054	728	0.1	-0.1	2.45785
13063054	729	0.1	-0.1	1.52569
13063054	730	0.1	-0.1	-1.69331
13063054	731	0.1	-0.1	3.21699
13063054	732	0.1	-0.1	-3.53359
13063054	733	0.1	-0.1	-5.06805
13063054	734	0.1	-0.1	-3.72505
13063054	735	0.1	-0.1	-5.70782
13063054	736	0.1	-0.1	1.88528
13063054	737	0.1	-0.1	-1.99585
13063054	738	0.1	-0.1	0.0185926
13063054	739	0.1	-0.1	5.33448
13063054	740	0.1	-0.1	-3.48784
13063054	741	0.1	-0.1	-4.97019
13063054	742	0.1	-0.1	4.67458
13063054	743	0.1	-0.1	5.63122
13063054	744	0.1	-0.1	-2.64899
13063054	745	0.1	-0.1	-5.74043
13063054	746	0.1	-0.1	4.60673
13063054	747	0.1	-0.1	-5.70834
13063054	748	0.1	-0.1	2.28326
13063054	749	0.1	-0.1	1.9257
13063054	750	0.1	-0.1	-0.674545
13063054	751	0.1	-0.1	-2.79581
13063054	752	0.1	-0.1	0.640606
13063054	753	0.1	-0.1	-5.5307
13063054	754	0.1	-0.1	2.59274
13063054	755	0.1	-0.1	-2.87505
13063054	756	0.1	-0.1	1.8716
13063054	757	0.1	-0.1	-4.69569
13063054	758	0.1	-0.1	0.828362
13063054	759	0.1	-0.1	-5.24952
13063054	760	0.1	-0.1	3.57156
13063054	761	0.1	-0.1	-5.5759
13063054	762	0.1	-0.1	-3.41738
13063054	763	0.1	-0.1	0.400603
13063054	764	0.1	-0.1	2.12163
13063054	765	0.1	-0.1	0.0425061
13063054	766	0.1	-0.1	0.0673114
13063054	767	0.1	-0.1	2.75195
13063054	768	0.1	-0.1	4.96824
13063054	769	0.1	-0.1	-4.13055
13063054	770	0.1	-0.1	-3.40515
13063054	771	0.1	-0.1	1.21855
13063054	772	0.1	-0.1	2.92165
13063054	773	0.1	-0.1	0.762822
13063054	774	0.1	-0.1	-2.27317
13063054	775	0.1	-0.1	4.77324
13063054	776	0.1	-0.1	1.14573
13063054	777	0.1	-0.1	-0.810618
13063054	778	0.1	-0.1	-3.8861
13063054	779	0.1	-0.1	-5.81068
13063054	780	0.1	-0.1	1.04461
13063054	781	0.1	-0.1	-2.31704
13063054	782	0.1	-0.1	5.4994
13063054	783	0.1	-0.1	5.2137
13063054	784	0.1	-0.1	-0.721133
13063054	785	0.1	-0.1	3.1774
13063054	786	0.1	-0.1	5.39955
13063054	787	0.1	-0.1	2.73372
13063054	788	0.1	-0.1	0.85348
13063054	789	0.1	-0.1	-4.38531
13063054	790	0.1	-0.1	-2.57701
13063054	791	0.1	-0.1	3.34425
13063054	792	0.1	-0.1	-5.05176
13063054	793	0.1	-0.1	5.50396
13063054	794	0.1	-0.1	4.04902
13063054	795	0.1	-0.1	5.88777
13063054	796	0.1	-0.1	-5.38661
13063054	797	0.1	-0.1	4.01628
13063054	798	0.1	-0.1	5.66131
13063054	799	0.1	-0.1	-1.21716
13063054	800	0.1	-0.1	-2.92026
13063054	801	0.1	-0.1	-2.49297
13063054	802	0.1	-0.1	-4.75362
13063054	803	0.1	-0.1	5.88087
13063054	804	0.1	-0.1	-5.13802
13063054	805	0.1	-0.1	5.05584
13063054	806	0.1	-0.1	-1.18899
13063054	807	0.1	-0.1	1.27274
13063054	808	0.1	-0.1	-1.51971
13063054	809	0.1	-0.1	3.14314
13063054	810	0.1	-0.1	5.08589
13063054	811	0.1	-0.1	2.4481
13063054	812	0.1	-0.1	-0.789341
13063054	813	0.1	-0.1	-0.681251
13063054	814	0.1	-0.1	3.11717
13063054	815	0.1	-0.1	-2.85116
13063054	816	0.1	-0.1	-3.65905
13063054	817	0.1	-0.1	-4.36385
13063054	818	0.1	-0.1	-2.79683
13063054	819	0.1	-0.1	4.94375
13063054	820	0.1	-0.1	-3.08626
13063054	821	0.1	-0.1	-2.47075
13063054	822	0.1	-0.1	-5.31324
13063054	823	0.1	-0.1	-0.201561
13063054	824	0.1	-0.1	-0.77715
13063054	825	0.1	-0.1	-4.00277
13063054	826	0.1	-0.1	-2.39664
13063054	827	0.1	-0.1	-0.259224
13063054	828	0.1	-0.1	1.98614
13063054	829	0.1	-0.1	-5.01306
13063054	830	0.1	-0.1	1.59356
13063054	831	0.1	-0.1	3.51756
13063054	832	0.1	-0.1	-1.06376
13063054	833	0.1	-0.1	0.0186947
13063054	834	0.1	-0.1	-2.47854
13063054	835	0.1	-0.1	1.8175
13063054	836	0.1	-0.1	-2.74372
13063054	837	0.1	-0.1	2.27539
13063054	838	0.1	-0.1	2.46238
13063054	839	0.1	-0.1	-2.33267
13063054	840	0.1	-0.1	4.93771
13063054	841	0.1	-0.1	3.64604
13063054	842	0.1	-0.1	0.837413
13063054	843	0.1	-0.1	5.49365
13063054	844	0.1	-0.1	2.47372
13063054	845	0.1	-0.1	1.34099
13063054	846	0.1	-0.1	0.464633
13063054	847	0.1	-0.1	5.70945
13063054	848	0.1	-0.1	2.36988
13063054	849	0.1	-0.1	-2.18433
13063054	850	0.1	-0.1	3.03231
13063054	851	0.1	-0.1	3.72244
13063054	852	0.1	-0.1	2.14545
13063054	853	0.1	-0.1	-4.272
13063054	854	0.1	-0.1	-2.30162
13063054	855	0.1	-0.1	-3.16307
13063054	856	0.1	-0.1	-3.09851
13063054	857	0.1	-0.1	-0.792518
13063054	858	0.1	-0.1	2.03865
13063054	859	0.1	-0.1	2.86499
13063054	860	0.1	-0.1	1.43247
13063054	861	0.1	-0.1	-1.94737
13063054	862	0.1	-0.1	-2.99512
13063054	863	0.1	-0.1	-5.5358
13063054	864	0.1	-0.1	-3.60781
13063054	865	0.1	-0.1	-1.97383
13063054	866	0.1	-0.1	-0.443986
13063054	867	0.1	-0.1	-1.84293
13063054	868	0.1	-0.1	4.36796
13063054	869	0.1	-0.1	-5.36066
13063054	870	0.1	-0.1	-0.697159
13063054	871	0.1	-0.1	-1.32239
13063054	872	0.1	-0.1	-0.847093
13063054	873	0.1	-0.1	4.97012
13063054	874	0.1	-0.1	-0.539814
13063054	875	0.1	-0.1	-1.22823
13063054	876	0.1	-0.1	-4.76893
13063054	877	0.1	-0.1	-1.26221
13063054	878	0.1	-0.1	-0.727112
13063054	879	0.1	-0.1	0.970212
13063054	880	0.1	-0.1	3.67074
13063054	881	0.1	-0.1	5.28865
13063054	882	0.1	-0.1	5.22216
13063054	883	0.1	-0.1	-3.43665
13063054	884	0.1	-0.1	-0.530707
13063054	885	0.1	-0.1	0.569052
13063054	886	0.1	-0.1	-0.390146
13063054	887	0.1	-0.1	-1.42999
13063054	888	0.1	-0.1	1.24748
13063054	889	0.1	-0.1	4.65994
13063054	890	0.1	-0.1	1.3473
13063054	891	0.1	-0.1	4.24975
13063054	892	0.1	-0.1	-5.10951
13063054	893	0.1	-0.1	0.295216
13063054	894	0.1	-0.1	0.160739
13063054	895	0.1	-0.1	-0.516621
13063054	896	0.1	-0.1	-0.208046
13063054	897	0.1	-0.1	1.59547
13063054	898	0.1	-0.1	5.43458
13063054	899	0.1	-0.1	-3.742
13063054	900	0.1	-0.1	-1.8776
13063054	901	0.1	-0.1	2.58695
13063054	902	0.1	-0.1	3.19971
13063054	903	0.1	-0.1	1.83978
13063054	904	0.1	-0.1	-2.46562
13063054	905	0.1	-0.1	5.42194
13063054	906	0.1	-0.1	-4.76953
13063054	907	0.1	-0.1	0.832724
13063054	908	0.1	-0.1	-4.05391
13063054	909	0.1	-0.1	2.8164
13063054	910	0.1	-0.1	-5.18153
13063054	911	0.1	-0.1	0.24126
13063054	912	0.1	-0.1	3.85245
13063054	913	0.1	-0.1	-2.63222
13063054	914	0.1	-0.1	2.90181
13063054	915	0.1	-0.1	4.51396
13063054	916	0.1	-0.1	-0.161019
13063054	917	0.1	-0.1	-3.9572
13063054	918	0.1	-0.1	3.42206
13063054	919	0.1	-0.1	-4.50557
13063054	920	0.1	-0.1	-4.52082
13063054	921	0.1	-0.1	-2.58086
13063054	922	0.1	-0.1	0.254058
13063054	923	0.1	-0.1	5.12138
13063054	924	0.1	-0.1	-4.76739
13063054	925	0.1	-0.1	3.74495
13063054	926	0.1	-0.1	5.95292
13063054	927	0.1	-0.1	3.99036
13063054	928	0.1	-0.1	5.45845
13063054	929	0.1	-0.1	3.36748
13063054	930	0.1	-0.1	1.52854
13063054	931	0.1	-0.1	2.61431
13063054	932	0.1	-0.1	-4.56868
13063054	933	0.1	-0.1	-0.422483
13063054	934	0.1	-0.1	-1.49321
13063054	935	0.1	-0.1	-5.01811
13063054	936	0.1	-0.1	5.74473
13063054	937	0.1	-0.1	1.59848
13063054	938	0.1	-0.1	-3.79125
13063054	939	0.1	-0.1	0.283524
13063054	940	0.1	-0.1	-1.05235
13063054	941	0.1	-0.1	5.16099
13063054	942	0.1	-0.1	-4.17378
13063054	943	0.1	-0.1	4.67297
13063054	944	0.1	-0.1	3.18981
13063054	945	0.1	-0.1	-3.81044
13063054	946	0.1	-0.1	-5.79152
13063054	947	0.1	-0.1	3.31489
13063054	948	0.1	-0.1	0.793056
13063054	949	0.1	-0.1	5.0192
13063054	950	0.1	-0.1	2.64802
13063054	951	0.1	-0.1	3.52207
13063054	952	0.1	-0.1	-2.57578
13063054	953	0.1	-0.1	1.63548
13063054	954	0.1	-0.1	1.01496
13063054	955	0.1	-0.1	3.04627
13063054	956	0.1	-0.1	3.07263
13063054	957	0.1	-0.1	2.01474
13063054	958	0.1	-0.1	-3.80754
13063054	959	0.1	-0.1	0.203551
13063054	960	0.1	-0.1	2.48271
13063054	961	0.1	-0.1	-0.0192736
13063054	962	0.1	-0.1	4.59712
13063054	963	0.1	-0.1	-0.0201099
13063054	964	0.1	-0.1	1.70594
13063054	965	0.1	-0.1	-2.31356
13063054	966	0.1	-0.1	-3.81913
13063054	967	0.1	-0.1	4.13989
13063054	968	0.1	-0.1	-4.43444
13063054	969	0.1	-0.1	-5.67163
13063054	970	0.1	-0.1	2.40292
13063054	971	0.1	-0.1	-4.54266
13063054	972	0.1	-0.1	1.55281
13063054	973	0.1	-0.1	-0.150489
13063054	974	0.1	-0.1	3.42873
13063054	975	0.1	-0.1	1.59748
13063054	976	0.1	-0.1	5.39506
13063054	977	0.1	-0.1	-3.78857
13063054	978	0.1	-0.1	-5.20341
13063054	979	0.1	-0.1	-1.41289
13063054	980	0.1	-0.1	-5.04793
13063054	981	0.1	-0.1	0.76753
13063054	982	0.1	-0.1	-1.31099
13063054	983	0.1	-0.1	2.88168
13063054	984	0.1	-0.1	-5.15908
13063054	985	0.1	-0.1	0.980059
13063054	986	0.1	-0.1	-2.91972
13063054	987	0.1	-0.1	2.47589
13063054	988	0.1	-0.1	5.38497
13063054	989	0.1	-0.1	3.51645
13063054	990	0.1	-0.1	-0.143918
13063054	991	0.1	-0.1	2.76487
13063054	992	0.1	-0.1	-4.30342
13063054	993	0.1	-0.1	2.69116
13063054	994	0.1	-0.1	1.54062
13063054	995	0.1	-0.1	2.55303
13063054	996	0.1	-0.1	-0.281754
13063054	997	0.1	-0.1	2.46056
13063054	998	0.1	-0.1	-0.34759
13063054	999	0.1	-0.1	-2.77718
13063054	1000	0.1	-0.1	-2.7976
