13068037	1	0.1	-0.1	-1.84435
13068037	2	0.1	-0.1	-0.800712
13068037	3	0.1	-0.1	0.863916
13068037	4	0.1	-0.1	4.42663
13068037	5	0.1	-0.1	0.178607
13068037	6	0.1	-0.1	4.79208
13068037	7	0.1	-0.1	3.31359
13068037	8	0.1	-0.1	-0.668352
13068037	9	0.1	-0.1	-5.80421
13068037	10	0.1	-0.1	-4.83271
13068037	11	0.1	-0.1	-1.69396
13068037	12	0.1	-0.1	5.15548
13068037	13	0.1	-0.1	5.16281
13068037	14	0.1	-0.1	1.84629
13068037	15	0.1	-0.1	5.67802
13068037	16	0.1	-0.1	-4.2027
13068037	17	0.1	-0.1	-2.38161
13068037	18	0.1	-0.1	-3.3284
13068037	19	0.1	-0.1	3.7919
13068037	20	0.1	-0.1	-1.33981
13068037	21	0.1	-0.1	-4.06489
13068037	22	0.1	-0.1	2.89941
13068037	23	0.1	-0.1	-3.09727
13068037	24	0.1	-0.1	-2.62037
13068037	25	0.1	-0.1	-3.29521
13068037	26	0.1	-0.1	-2.38083
13068037	27	0.1	-0.1	4.74787
13068037	28	0.1	-0.1	3.37252
13068037	29	0.1	-0.1	5.05026
13068037	30	0.1	-0.1	3.65959
13068037	31	0.1	-0.1	-1.15008
13068037	32	0.1	-0.1	1.0335
13068037	33	0.1	-0.1	3.76415
13068037	34	0.1	-0.1	0.00370273
13068037	35	0.1	-0.1	-5.3021
13068037	36	0.1	-0.1	-2.64919
13068037	37	0.1	-0.1	-5.39612
13068037	38	0.1	-0.1	3.98646
13068037	39	0.1	-0.1	4.77028
13068037	40	0.1	-0.1	0.0938428
13068037	41	0.1	-0.1	1.43402
13068037	42	0.1	-0.1	-4.75155
13068037	43	0.1	-0.1	-3.77267
13068037	44	0.1	-0.1	0.64256
13068037	45	0.1	-0.1	-4.31631
13068037	46	0.1	-0.1	-2.04303
13068037	47	0.1	-0.1	-2.78001
13068037	48	0.1	-0.1	0.392187
13068037	49	0.1	-0.1	-5.08447
13068037	50	0.1	-0.1	-1.44955
13068037	51	0.1	-0.1	-5.22662
13068037	52	0.1	-0.1	-4.71332
13068037	53	0.1	-0.1	-1.09705
13068037	54	0.1	-0.1	2.36047
13068037	55	0.1	-0.1	0.992305
13068037	56	0.1	-0.1	-4.87006
13068037	57	0.1	-0.1	1.77727
13068037	58	0.1	-0.1	-3.20529
13068037	59	0.1	-0.1	0.447506
13068037	60	0.1	-0.1	3.82594
13068037	61	0.1	-0.1	-2.54518
13068037	62	0.1	-0.1	5.56354
13068037	63	0.1	-0.1	-1.15442
13068037	64	0.1	-0.1	-3.77508
13068037	65	0.1	-0.1	-3.72782
13068037	66	0.1	-0.1	-0.115702
13068037	67	0.1	-0.1	0.132993
13068037	68	0.1	-0.1	-2.46454
13068037	69	0.1	-0.1	5.67437
13068037	70	0.1	-0.1	5.07541
13068037	71	0.1	-0.1	-4.82792
13068037	72	0.1	-0.1	5.21548
13068037	73	0.1	-0.1	0.0640209
13068037	74	0.1	-0.1	-1.36501
13068037	75	0.1	-0.1	3.51887
13068037	76	0.1	-0.1	4.48871
13068037	77	0.1	-0.1	0.354228
13068037	78	0.1	-0.1	3.97418
13068037	79	0.1	-0.1	-5.16526
13068037	80	0.1	-0.1	-0.584671
13068037	81	0.1	-0.1	-3.25221
13068037	82	0.1	-0.1	-5.01125
13068037	83	0.1	-0.1	-4.09945
13068037	84	0.1	-0.1	-0.0720741
13068037	85	0.1	-0.1	2.24604
13068037	86	0.1	-0.1	-4.82672
13068037	87	0.1	-0.1	-2.3167
13068037	88	0.1	-0.1	5.46746
13068037	89	0.1	-0.1	-0.281785
13068037	90	0.1	-0.1	-5.69265
13068037	91	0.1	-0.1	4.70431
13068037	92	0.1	-0.1	-5.50973
13068037	93	0.1	-0.1	2.20229
13068037	94	0.1	-0.1	0.162614
13068037	95	0.1	-0.1	-4.45203
13068037	96	0.1	-0.1	-1.66327
13068037	97	0.1	-0.1	-5.76051
13068037	98	0.1	-0.1	-1.06571
13068037	99	0.1	-0.1	2.73175
13068037	100	0.1	-0.1	3.52016
13068037	101	0.1	-0.1	-2.40722
13068037	102	0.1	-0.1	2.56441
13068037	103	0.1	-0.1	-3.59252
13068037	104	0.1	-0.1	3.31361
13068037	105	0.1	-0.1	-0.485226
13068037	106	0.1	-0.1	-5.52515
13068037	107	0.1	-0.1	1.80529
13068037	108	0.1	-0.1	-1.41906
13068037	109	0.1	-0.1	-1.95429
13068037	110	0.1	-0.1	-4.17802
13068037	111	0.1	-0.1	-4.47701
13068037	112	0.1	-0.1	0.995394
13068037	113	0.1	-0.1	-3.89162
13068037	114	0.1	-0.1	-0.2799
13068037	115	0.1	-0.1	-0.401745
13068037	116	0.1	-0.1	2.38927
13068037	117	0.1	-0.1	-0.0527663
13068037	118	0.1	-0.1	0.53874
13068037	119	0.1	-0.1	3.7531
13068037	120	0.1	-0.1	2.91397
13068037	121	0.1	-0.1	1.27593
13068037	122	0.1	-0.1	4.08985
13068037	123	0.1	-0.1	1.04391
13068037	124	0.1	-0.1	5.80731
13068037	125	0.1	-0.1	5.90283
13068037	126	0.1	-0.1	-3.47555
13068037	127	0.1	-0.1	-3.24784
13068037	128	0.1	-0.1	-5.04622
13068037	129	0.1	-0.1	4.5667
13068037	130	0.1	-0.1	-5.92613
13068037	131	0.1	-0.1	5.55691
13068037	132	0.1	-0.1	0.334068
13068037	133	0.1	-0.1	0.00795964
13068037	134	0.1	-0.1	0.583848
13068037	135	0.1	-0.1	5.77752
13068037	136	0.1	-0.1	-0.23421
13068037	137	0.1	-0.1	2.85854
13068037	138	0.1	-0.1	4.30065
13068037	139	0.1	-0.1	-4.6006
13068037	140	0.1	-0.1	5.61253
13068037	141	0.1	-0.1	-2.05666
13068037	142	0.1	-0.1	-3.60256
13068037	143	0.1	-0.1	0.989448
13068037	144	0.1	-0.1	-1.33494
13068037	145	0.1	-0.1	-5.69525
13068037	146	0.1	-0.1	0.892479
13068037	147	0.1	-0.1	0.469533
13068037	148	0.1	-0.1	5.0819
13068037	149	0.1	-0.1	1.13642
13068037	150	0.1	-0.1	-1.95917
13068037	151	0.1	-0.1	-0.920467
13068037	152	0.1	-0.1	1.47774
13068037	153	0.1	-0.1	2.33557
13068037	154	0.1	-0.1	-1.97167
13068037	155	0.1	-0.1	0.604871
13068037	156	0.1	-0.1	-3.23318
13068037	157	0.1	-0.1	-4.47514
13068037	158	0.1	-0.1	1.19855
13068037	159	0.1	-0.1	3.98248
13068037	160	0.1	-0.1	-0.414097
13068037	161	0.1	-0.1	2.13262
13068037	162	0.1	-0.1	0.391909
13068037	163	0.1	-0.1	-5.56193
13068037	164	0.1	-0.1	5.25272
13068037	165	0.1	-0.1	-3.10982
13068037	166	0.1	-0.1	2.35356
13068037	167	0.1	-0.1	-2.23426
13068037	168	0.1	-0.1	5.90357
13068037	169	0.1	-0.1	-0.154208
13068037	170	0.1	-0.1	5.65897
13068037	171	0.1	-0.1	5.64495
13068037	172	0.1	-0.1	0.385453
13068037	173	0.1	-0.1	-1.26715
13068037	174	0.1	-0.1	3.49323
13068037	175	0.1	-0.1	-2.87094
13068037	176	0.1	-0.1	3.71372
13068037	177	0.1	-0.1	1.30034
13068037	178	0.1	-0.1	3.77818
13068037	179	0.1	-0.1	-1.74573
13068037	180	0.1	-0.1	5.19115
13068037	181	0.1	-0.1	-1.74346
13068037	182	0.1	-0.1	-1.51523
13068037	183	0.1	-0.1	-0.163159
13068037	184	0.1	-0.1	-4.67048
13068037	185	0.1	-0.1	-2.01681
13068037	186	0.1	-0.1	-4.28148
13068037	187	0.1	-0.1	-5.84482
13068037	188	0.1	-0.1	-4.59309
13068037	189	0.1	-0.1	2.78223
13068037	190	0.1	-0.1	0.282771
13068037	191	0.1	-0.1	-3.36479
13068037	192	0.1	-0.1	0.1272
13068037	193	0.1	-0.1	-5.5628
13068037	194	0.1	-0.1	3.2059
13068037	195	0.1	-0.1	0.262363
13068037	196	0.1	-0.1	0.218408
13068037	197	0.1	-0.1	-1.56808
13068037	198	0.1	-0.1	2.8737
13068037	199	0.1	-0.1	2.64541
13068037	200	0.1	-0.1	-2.3464
13068037	201	0.1	-0.1	-0.194789
13068037	202	0.1	-0.1	-5.24787
13068037	203	0.1	-0.1	0.132721
13068037	204	0.1	-0.1	-1.65316
13068037	205	0.1	-0.1	-5.9791
13068037	206	0.1	-0.1	3.61095
13068037	207	0.1	-0.1	-2.33387
13068037	208	0.1	-0.1	4.79479
13068037	209	0.1	-0.1	-5.99701
13068037	210	0.1	-0.1	5.36967
13068037	211	0.1	-0.1	-4.82571
13068037	212	0.1	-0.1	4.58594
13068037	213	0.1	-0.1	-0.395133
13068037	214	0.1	-0.1	-5.80054
13068037	215	0.1	-0.1	-4.16859
13068037	216	0.1	-0.1	3.21494
13068037	217	0.1	-0.1	3.444
13068037	218	0.1	-0.1	1.51298
13068037	219	0.1	-0.1	-4.59752
13068037	220	0.1	-0.1	-2.82769
13068037	221	0.1	-0.1	-5.89826
13068037	222	0.1	-0.1	-5.03774
13068037	223	0.1	-0.1	1.28104
13068037	224	0.1	-0.1	-5.61169
13068037	225	0.1	-0.1	5.42781
13068037	226	0.1	-0.1	-3.11343
13068037	227	0.1	-0.1	3.24821
13068037	228	0.1	-0.1	0.871916
13068037	229	0.1	-0.1	4.15989
13068037	230	0.1	-0.1	4.58485
13068037	231	0.1	-0.1	-0.171648
13068037	232	0.1	-0.1	-3.70147
13068037	233	0.1	-0.1	2.66261
13068037	234	0.1	-0.1	0.159938
13068037	235	0.1	-0.1	3.73437
13068037	236	0.1	-0.1	-4.84994
13068037	237	0.1	-0.1	-0.275297
13068037	238	0.1	-0.1	-1.2141
13068037	239	0.1	-0.1	1.14512
13068037	240	0.1	-0.1	-1.08248
13068037	241	0.1	-0.1	1.51656
13068037	242	0.1	-0.1	-0.892055
13068037	243	0.1	-0.1	-3.36331
13068037	244	0.1	-0.1	5.15136
13068037	245	0.1	-0.1	4.88426
13068037	246	0.1	-0.1	5.914
13068037	247	0.1	-0.1	3.38935
13068037	248	0.1	-0.1	-0.660006
13068037	249	0.1	-0.1	3.42924
13068037	250	0.1	-0.1	2.22177
13068037	251	0.1	-0.1	-0.797899
13068037	252	0.1	-0.1	-1.06751
13068037	253	0.1	-0.1	-5.3148
13068037	254	0.1	-0.1	2.05367
13068037	255	0.1	-0.1	2.53763
13068037	256	0.1	-0.1	2.36197
13068037	257	0.1	-0.1	-3.25648
13068037	258	0.1	-0.1	-2.19182
13068037	259	0.1	-0.1	2.77322
13068037	260	0.1	-0.1	0.169773
13068037	261	0.1	-0.1	-5.71916
13068037	262	0.1	-0.1	3.67765
13068037	263	0.1	-0.1	-1.59986
13068037	264	0.1	-0.1	-5.61834
13068037	265	0.1	-0.1	-3.73748
13068037	266	0.1	-0.1	0.450673
13068037	267	0.1	-0.1	-4.96512
13068037	268	0.1	-0.1	2.62298
13068037	269	0.1	-0.1	5.38344
13068037	270	0.1	-0.1	0.427624
13068037	271	0.1	-0.1	2.84373
13068037	272	0.1	-0.1	-5.40595
13068037	273	0.1	-0.1	5.99924
13068037	274	0.1	-0.1	-4.8603
13068037	275	0.1	-0.1	2.69555
13068037	276	0.1	-0.1	2.72759
13068037	277	0.1	-0.1	4.69355
13068037	278	0.1	-0.1	3.3787
13068037	279	0.1	-0.1	1.75663
13068037	280	0.1	-0.1	-3.82191
13068037	281	0.1	-0.1	-2.71552
13068037	282	0.1	-0.1	1.37915
13068037	283	0.1	-0.1	1.16561
13068037	284	0.1	-0.1	-0.0640404
13068037	285	0.1	-0.1	-4.712
13068037	286	0.1	-0.1	-2.14545
13068037	287	0.1	-0.1	4.82219
13068037	288	0.1	-0.1	-5.22921
13068037	289	0.1	-0.1	-0.819572
13068037	290	0.1	-0.1	0.851541
13068037	291	0.1	-0.1	-3.9291
13068037	292	0.1	-0.1	-4.14138
13068037	293	0.1	-0.1	-3.85213
13068037	294	0.1	-0.1	-0.752259
13068037	295	0.1	-0.1	4.39831
13068037	296	0.1	-0.1	-0.472376
13068037	297	0.1	-0.1	3.66465
13068037	298	0.1	-0.1	-1.3419
13068037	299	0.1	-0.1	0.723825
13068037	300	0.1	-0.1	0.92109
13068037	301	0.1	-0.1	-4.16277
13068037	302	0.1	-0.1	5.33455
13068037	303	0.1	-0.1	3.61115
13068037	304	0.1	-0.1	5.82605
13068037	305	0.1	-0.1	4.67905
13068037	306	0.1	-0.1	-5.59145
13068037	307	0.1	-0.1	-2.2769
13068037	308	0.1	-0.1	1.83708
13068037	309	0.1	-0.1	-0.029103
13068037	310	0.1	-0.1	0.0171624
13068037	311	0.1	-0.1	1.58742
13068037	312	0.1	-0.1	0.726577
13068037	313	0.1	-0.1	-3.98764
13068037	314	0.1	-0.1	-4.36413
13068037	315	0.1	-0.1	-4.41148
13068037	316	0.1	-0.1	1.41272
13068037	317	0.1	-0.1	2.19348
13068037	318	0.1	-0.1	-3.93859
13068037	319	0.1	-0.1	3.45311
13068037	320	0.1	-0.1	-1.36153
13068037	321	0.1	-0.1	3.99147
13068037	322	0.1	-0.1	-1.16032
13068037	323	0.1	-0.1	-0.987489
13068037	324	0.1	-0.1	-0.497188
13068037	325	0.1	-0.1	1.04714
13068037	326	0.1	-0.1	0.879565
13068037	327	0.1	-0.1	-2.68141
13068037	328	0.1	-0.1	1.61915
13068037	329	0.1	-0.1	-4.80833
13068037	330	0.1	-0.1	-0.950538
13068037	331	0.1	-0.1	-4.44787
13068037	332	0.1	-0.1	5.13827
13068037	333	0.1	-0.1	0.763198
13068037	334	0.1	-0.1	0.6159
13068037	335	0.1	-0.1	2.78604
13068037	336	0.1	-0.1	5.49268
13068037	337	0.1	-0.1	4.22742
13068037	338	0.1	-0.1	-3.01246
13068037	339	0.1	-0.1	-3.79946
13068037	340	0.1	-0.1	2.66656
13068037	341	0.1	-0.1	2.6032
13068037	342	0.1	-0.1	-1.61747
13068037	343	0.1	-0.1	1.34992
13068037	344	0.1	-0.1	5.04954
13068037	345	0.1	-0.1	5.65152
13068037	346	0.1	-0.1	-0.187753
13068037	347	0.1	-0.1	-5.44869
13068037	348	0.1	-0.1	0.983597
13068037	349	0.1	-0.1	3.18005
13068037	350	0.1	-0.1	-5.31341
13068037	351	0.1	-0.1	1.28725
13068037	352	0.1	-0.1	3.83327
13068037	353	0.1	-0.1	1.06207
13068037	354	0.1	-0.1	-4.42181
13068037	355	0.1	-0.1	-1.30531
13068037	356	0.1	-0.1	5.40165
13068037	357	0.1	-0.1	0.789978
13068037	358	0.1	-0.1	3.69368
13068037	359	0.1	-0.1	3.69543
13068037	360	0.1	-0.1	-4.60432
13068037	361	0.1	-0.1	-2.63044
13068037	362	0.1	-0.1	2.69462
13068037	363	0.1	-0.1	-5.2635
13068037	364	0.1	-0.1	-5.43108
13068037	365	0.1	-0.1	3.10766
13068037	366	0.1	-0.1	-2.86049
13068037	367	0.1	-0.1	1.56676
13068037	368	0.1	-0.1	-2.41361
13068037	369	0.1	-0.1	2.18371
13068037	370	0.1	-0.1	-1.4413
13068037	371	0.1	-0.1	0.973354
13068037	372	0.1	-0.1	0.856458
13068037	373	0.1	-0.1	0.348603
13068037	374	0.1	-0.1	-0.0301656
13068037	375	0.1	-0.1	-0.737483
13068037	376	0.1	-0.1	-4.42972
13068037	377	0.1	-0.1	3.89175
13068037	378	0.1	-0.1	-5.15767
13068037	379	0.1	-0.1	4.28626
13068037	380	0.1	-0.1	3.13964
13068037	381	0.1	-0.1	4.71274
13068037	382	0.1	-0.1	4.86364
13068037	383	0.1	-0.1	4.47673
13068037	384	0.1	-0.1	-5.9224
13068037	385	0.1	-0.1	-3.75595
13068037	386	0.1	-0.1	4.47953
13068037	387	0.1	-0.1	-4.46903
13068037	388	0.1	-0.1	5.06964
13068037	389	0.1	-0.1	3.70014
13068037	390	0.1	-0.1	0.405038
13068037	391	0.1	-0.1	3.40198
13068037	392	0.1	-0.1	1.8876
13068037	393	0.1	-0.1	-5.96595
13068037	394	0.1	-0.1	-2.26283
13068037	395	0.1	-0.1	3.57785
13068037	396	0.1	-0.1	-0.960455
13068037	397	0.1	-0.1	-5.03922
13068037	398	0.1	-0.1	-5.57822
13068037	399	0.1	-0.1	3.3774
13068037	400	0.1	-0.1	4.73036
13068037	401	0.1	-0.1	0.104333
13068037	402	0.1	-0.1	2.8335
13068037	403	0.1	-0.1	-2.64413
13068037	404	0.1	-0.1	5.5112
13068037	405	0.1	-0.1	-4.29649
13068037	406	0.1	-0.1	-5.26883
13068037	407	0.1	-0.1	2.73033
13068037	408	0.1	-0.1	4.0188
13068037	409	0.1	-0.1	0.132305
13068037	410	0.1	-0.1	-3.14277
13068037	411	0.1	-0.1	-3.72885
13068037	412	0.1	-0.1	2.2454
13068037	413	0.1	-0.1	-4.26328
13068037	414	0.1	-0.1	1.40957
13068037	415	0.1	-0.1	2.23954
13068037	416	0.1	-0.1	2.81333
13068037	417	0.1	-0.1	0.894728
13068037	418	0.1	-0.1	-1.43227
13068037	419	0.1	-0.1	5.57616
13068037	420	0.1	-0.1	1.69018
13068037	421	0.1	-0.1	4.94206
13068037	422	0.1	-0.1	-5.31592
13068037	423	0.1	-0.1	1.375
13068037	424	0.1	-0.1	0.790017
13068037	425	0.1	-0.1	3.77285
13068037	426	0.1	-0.1	2.25103
13068037	427	0.1	-0.1	4.93727
13068037	428	0.1	-0.1	2.07579
13068037	429	0.1	-0.1	-0.784566
13068037	430	0.1	-0.1	-2.22254
13068037	431	0.1	-0.1	-0.855117
13068037	432	0.1	-0.1	-3.39981
13068037	433	0.1	-0.1	-4.06309
13068037	434	0.1	-0.1	4.4624
13068037	435	0.1	-0.1	4.87881
13068037	436	0.1	-0.1	1.56159
13068037	437	0.1	-0.1	-3.58966
13068037	438	0.1	-0.1	-5.57209
13068037	439	0.1	-0.1	5.85451
13068037	440	0.1	-0.1	5.86825
13068037	441	0.1	-0.1	-3.93495
13068037	442	0.1	-0.1	-5.96596
13068037	443	0.1	-0.1	3.92136
13068037	444	0.1	-0.1	5.13941
13068037	445	0.1	-0.1	-5.03681
13068037	446	0.1	-0.1	-0.860458
13068037	447	0.1	-0.1	3.81578
13068037	448	0.1	-0.1	1.98554
13068037	449	0.1	-0.1	3.58662
13068037	450	0.1	-0.1	0.943169
13068037	451	0.1	-0.1	-3.39735
13068037	452	0.1	-0.1	-5.08842
13068037	453	0.1	-0.1	2.30023
13068037	454	0.1	-0.1	1.47777
13068037	455	0.1	-0.1	1.53773
13068037	456	0.1	-0.1	4.99082
13068037	457	0.1	-0.1	-4.852
13068037	458	0.1	-0.1	1.47741
13068037	459	0.1	-0.1	-0.593037
13068037	460	0.1	-0.1	3.485
13068037	461	0.1	-0.1	-1.80364
13068037	462	0.1	-0.1	3.82337
13068037	463	0.1	-0.1	-5.24097
13068037	464	0.1	-0.1	-2.39204
13068037	465	0.1	-0.1	-5.6244
13068037	466	0.1	-0.1	-1.46844
13068037	467	0.1	-0.1	5.17688
13068037	468	0.1	-0.1	3.50268
13068037	469	0.1	-0.1	-1.42149
13068037	470	0.1	-0.1	0.466406
13068037	471	0.1	-0.1	4.22623
13068037	472	0.1	-0.1	-4.14296
13068037	473	0.1	-0.1	3.85469
13068037	474	0.1	-0.1	-0.0205443
13068037	475	0.1	-0.1	1.13364
13068037	476	0.1	-0.1	-1.68478
13068037	477	0.1	-0.1	-2.78869
13068037	478	0.1	-0.1	2.00876
13068037	479	0.1	-0.1	1.18312
13068037	480	0.1	-0.1	-1.54633
13068037	481	0.1	-0.1	-4.51523
13068037	482	0.1	-0.1	3.50573
13068037	483	0.1	-0.1	-4.07609
13068037	484	0.1	-0.1	0.798587
13068037	485	0.1	-0.1	-1.57023
13068037	486	0.1	-0.1	-3.28899
13068037	487	0.1	-0.1	1.47375
13068037	488	0.1	-0.1	-2.23541
13068037	489	0.1	-0.1	-4.53651
13068037	490	0.1	-0.1	2.77515
13068037	491	0.1	-0.1	5.35476
13068037	492	0.1	-0.1	5.76144
13068037	493	0.1	-0.1	-0.228537
13068037	494	0.1	-0.1	2.86968
13068037	495	0.1	-0.1	3.20575
13068037	496	0.1	-0.1	-5.64919
13068037	497	0.1	-0.1	-4.49161
13068037	498	0.1	-0.1	2.25769
13068037	499	0.1	-0.1	3.6928
13068037	500	0.1	-0.1	-2.18192
13068037	501	0.1	-0.1	2.03751
13068037	502	0.1	-0.1	4.90212
13068037	503	0.1	-0.1	5.5924
13068037	504	0.1	-0.1	-5.679
13068037	505	0.1	-0.1	2.44499
13068037	506	0.1	-0.1	5.91991
13068037	507	0.1	-0.1	-1.58978
13068037	508	0.1	-0.1	-0.486264
13068037	509	0.1	-0.1	2.28164
13068037	510	0.1	-0.1	0.728762
13068037	511	0.1	-0.1	5.94427
13068037	512	0.1	-0.1	4.92546
13068037	513	0.1	-0.1	-1.75055
13068037	514	0.1	-0.1	-4.3024
13068037	515	0.1	-0.1	2.89018
13068037	516	0.1	-0.1	-2.28458
13068037	517	0.1	-0.1	-4.72529
13068037	518	0.1	-0.1	-1.42272
13068037	519	0.1	-0.1	3.57379
13068037	520	0.1	-0.1	-4.7003
13068037	521	0.1	-0.1	-4.69877
13068037	522	0.1	-0.1	1.86479
13068037	523	0.1	-0.1	-0.447309
13068037	524	0.1	-0.1	-5.54564
13068037	525	0.1	-0.1	3.7322
13068037	526	0.1	-0.1	-0.521968
13068037	527	0.1	-0.1	4.00326
13068037	528	0.1	-0.1	3.63818
13068037	529	0.1	-0.1	-3.11961
13068037	530	0.1	-0.1	-2.72023
13068037	531	0.1	-0.1	2.02728
13068037	532	0.1	-0.1	-4.75581
13068037	533	0.1	-0.1	-3.1169
13068037	534	0.1	-0.1	-0.9886
13068037	535	0.1	-0.1	-4.1114
13068037	536	0.1	-0.1	-1.11138
13068037	537	0.1	-0.1	-1.2645
13068037	538	0.1	-0.1	5.09222
13068037	539	0.1	-0.1	-1.33779
13068037	540	0.1	-0.1	2.61799
13068037	541	0.1	-0.1	-5.23356
13068037	542	0.1	-0.1	4.21382
13068037	543	0.1	-0.1	2.42519
13068037	544	0.1	-0.1	-2.04151
13068037	545	0.1	-0.1	-4.52496
13068037	546	0.1	-0.1	-3.16989
13068037	547	0.1	-0.1	2.45954
13068037	548	0.1	-0.1	-1.98773
13068037	549	0.1	-0.1	1.83521
13068037	550	0.1	-0.1	0.0451202
13068037	551	0.1	-0.1	2.97671
13068037	552	0.1	-0.1	-1.98186
13068037	553	0.1	-0.1	5.96535
13068037	554	0.1	-0.1	0.710963
13068037	555	0.1	-0.1	3.3008
13068037	556	0.1	-0.1	5.20752
13068037	557	0.1	-0.1	1.66787
13068037	558	0.1	-0.1	-1.54794
13068037	559	0.1	-0.1	2.37908
13068037	560	0.1	-0.1	5.17354
13068037	561	0.1	-0.1	2.67326
13068037	562	0.1	-0.1	-4.71718
13068037	563	0.1	-0.1	0.306995
13068037	564	0.1	-0.1	0.404484
13068037	565	0.1	-0.1	4.69318
13068037	566	0.1	-0.1	-3.79576
13068037	567	0.1	-0.1	-5.99768
13068037	568	0.1	-0.1	-0.809557
13068037	569	0.1	-0.1	-2.32273
13068037	570	0.1	-0.1	-5.06103
13068037	571	0.1	-0.1	-1.21469
13068037	572	0.1	-0.1	2.6188
13068037	573	0.1	-0.1	-4.29178
13068037	574	0.1	-0.1	2.71207
13068037	575	0.1	-0.1	-3.14018
13068037	576	0.1	-0.1	0.435889
13068037	577	0.1	-0.1	-5.41025
13068037	578	0.1	-0.1	2.19369
13068037	579	0.1	-0.1	-3.39604
13068037	580	0.1	-0.1	-4.55578
13068037	581	0.1	-0.1	-1.98012
13068037	582	0.1	-0.1	0.844965
13068037	583	0.1	-0.1	-2.39815
13068037	584	0.1	-0.1	2.27286
13068037	585	0.1	-0.1	2.6762
13068037	586	0.1	-0.1	4.66706
13068037	587	0.1	-0.1	5.79313
13068037	588	0.1	-0.1	1.70026
13068037	589	0.1	-0.1	-3.90591
13068037	590	0.1	-0.1	3.25036
13068037	591	0.1	-0.1	-5.77055
13068037	592	0.1	-0.1	3.74643
13068037	593	0.1	-0.1	-4.06176
13068037	594	0.1	-0.1	2.75695
13068037	595	0.1	-0.1	4.18255
13068037	596	0.1	-0.1	0.542054
13068037	597	0.1	-0.1	-2.04288
13068037	598	0.1	-0.1	3.72982
13068037	599	0.1	-0.1	-1.16107
13068037	600	0.1	-0.1	-1.26497
13068037	601	0.1	-0.1	5.03136
13068037	602	0.1	-0.1	-5.15651
13068037	603	0.1	-0.1	1.67432
13068037	604	0.1	-0.1	5.25122
13068037	605	0.1	-0.1	1.05096
13068037	606	0.1	-0.1	5.91705
13068037	607	0.1	-0.1	-0.895334
13068037	608	0.1	-0.1	-2.17123
13068037	609	0.1	-0.1	-2.56467
13068037	610	0.1	-0.1	0.265519
13068037	611	0.1	-0.1	-4.80787
13068037	612	0.1	-0.1	2.8904
13068037	613	0.1	-0.1	2.28867
13068037	614	0.1	-0.1	-1.96491
13068037	615	0.1	-0.1	2.80202
13068037	616	0.1	-0.1	0.363056
13068037	617	0.1	-0.1	5.61092
13068037	618	0.1	-0.1	-2.88699
13068037	619	0.1	-0.1	4.25233
13068037	620	0.1	-0.1	4.9696
13068037	621	0.1	-0.1	3.14831
13068037	622	0.1	-0.1	-5.74532
13068037	623	0.1	-0.1	-2.3967
13068037	624	0.1	-0.1	-0.739171
13068037	625	0.1	-0.1	-1.8055
13068037	626	0.1	-0.1	-2.50671
13068037	627	0.1	-0.1	-3.76185
13068037	628	0.1	-0.1	2.98967
13068037	629	0.1	-0.1	-4.37489
13068037	630	0.1	-0.1	2.73035
13068037	631	0.1	-0.1	-2.099
13068037	632	0.1	-0.1	1.3433
13068037	633	0.1	-0.1	-2.61982
13068037	634	0.1	-0.1	-4.83413
13068037	635	0.1	-0.1	4.88919
13068037	636	0.1	-0.1	1.35639
13068037	637	0.1	-0.1	-5.33127
13068037	638	0.1	-0.1	3.46222
13068037	639	0.1	-0.1	1.21799
13068037	640	0.1	-0.1	5.62531
13068037	641	0.1	-0.1	-5.78201
13068037	642	0.1	-0.1	-1.36912
13068037	643	0.1	-0.1	-0.165944
13068037	644	0.1	-0.1	-2.11553
13068037	645	0.1	-0.1	4.92877
13068037	646	0.1	-0.1	4.63051
13068037	647	0.1	-0.1	-5.0794
13068037	648	0.1	-0.1	1.47596
13068037	649	0.1	-0.1	-5.55954
13068037	650	0.1	-0.1	-2.02387
13068037	651	0.1	-0.1	-0.974455
13068037	652	0.1	-0.1	-2.22882
13068037	653	0.1	-0.1	2.61895
13068037	654	0.1	-0.1	-0.481126
13068037	655	0.1	-0.1	-0.106708
13068037	656	0.1	-0.1	-3.65837
13068037	657	0.1	-0.1	3.54728
13068037	658	0.1	-0.1	3.03877
13068037	659	0.1	-0.1	3.50279
13068037	660	0.1	-0.1	-5.21081
13068037	661	0.1	-0.1	3.10427
13068037	662	0.1	-0.1	2.9645
13068037	663	0.1	-0.1	5.81099
13068037	664	0.1	-0.1	-5.91886
13068037	665	0.1	-0.1	-5.63016
13068037	666	0.1	-0.1	-5.50905
13068037	667	0.1	-0.1	-4.7763
13068037	668	0.1	-0.1	4.34577
13068037	669	0.1	-0.1	1.62588
13068037	670	0.1	-0.1	-3.3197
13068037	671	0.1	-0.1	-1.16777
13068037	672	0.1	-0.1	4.07497
13068037	673	0.1	-0.1	1.29058
13068037	674	0.1	-0.1	-0.0865358
13068037	675	0.1	-0.1	-4.81701
13068037	676	0.1	-0.1	-4.14856
13068037	677	0.1	-0.1	4.13286
13068037	678	0.1	-0.1	-5.15787
13068037	679	0.1	-0.1	-5.963
13068037	680	0.1	-0.1	5.73495
13068037	681	0.1	-0.1	-3.40849
13068037	682	0.1	-0.1	-3.48524
13068037	683	0.1	-0.1	5.59983
13068037	684	0.1	-0.1	0.592105
13068037	685	0.1	-0.1	-2.95535
13068037	686	0.1	-0.1	-3.61061
13068037	687	0.1	-0.1	-2.78504
13068037	688	0.1	-0.1	4.0808
13068037	689	0.1	-0.1	1.20013
13068037	690	0.1	-0.1	2.6458
13068037	691	0.1	-0.1	1.54823
13068037	692	0.1	-0.1	0.245625
13068037	693	0.1	-0.1	-1.65567
13068037	694	0.1	-0.1	-2.40374
13068037	695	0.1	-0.1	0.286238
13068037	696	0.1	-0.1	2.52424
13068037	697	0.1	-0.1	2.95589
13068037	698	0.1	-0.1	-0.0370763
13068037	699	0.1	-0.1	-0.634636
13068037	700	0.1	-0.1	0.539328
13068037	701	0.1	-0.1	5.08717
13068037	702	0.1	-0.1	-2.30147
13068037	703	0.1	-0.1	-3.44667
13068037	704	0.1	-0.1	3.80501
13068037	705	0.1	-0.1	5.46688
13068037	706	0.1	-0.1	-3.57681
13068037	707	0.1	-0.1	-5.76486
13068037	708	0.1	-0.1	-2.0474
13068037	709	0.1	-0.1	-2.05103
13068037	710	0.1	-0.1	-5.16578
13068037	711	0.1	-0.1	-1.4359
13068037	712	0.1	-0.1	-5.74994
13068037	713	0.1	-0.1	4.05224
13068037	714	0.1	-0.1	-0.732275
13068037	715	0.1	-0.1	5.22054
13068037	716	0.1	-0.1	5.23155
13068037	717	0.1	-0.1	-4.39605
13068037	718	0.1	-0.1	-3.50896
13068037	719	0.1	-0.1	1.81155
13068037	720	0.1	-0.1	5.09155
13068037	721	0.1	-0.1	0.45868
13068037	722	0.1	-0.1	-4.73228
13068037	723	0.1	-0.1	0.563292
13068037	724	0.1	-0.1	0.281037
13068037	725	0.1	-0.1	-0.513153
13068037	726	0.1	-0.1	0.368047
13068037	727	0.1	-0.1	-0.965404
13068037	728	0.1	-0.1	-4.37395
13068037	729	0.1	-0.1	-2.5366
13068037	730	0.1	-0.1	3.74527
13068037	731	0.1	-0.1	-2.81812
13068037	732	0.1	-0.1	1.28067
13068037	733	0.1	-0.1	4.84188
13068037	734	0.1	-0.1	1.57408
13068037	735	0.1	-0.1	-0.830475
13068037	736	0.1	-0.1	-3.84199
13068037	737	0.1	-0.1	1.92621
13068037	738	0.1	-0.1	-5.60865
13068037	739	0.1	-0.1	5.66314
13068037	740	0.1	-0.1	-5.9616
13068037	741	0.1	-0.1	-2.6459
13068037	742	0.1	-0.1	-1.6734
13068037	743	0.1	-0.1	-4.00044
13068037	744	0.1	-0.1	-1.48748
13068037	745	0.1	-0.1	4.45643
13068037	746	0.1	-0.1	-0.927732
13068037	747	0.1	-0.1	-4.1459
13068037	748	0.1	-0.1	-1.69331
13068037	749	0.1	-0.1	3.1552
13068037	750	0.1	-0.1	-3.24625
13068037	751	0.1	-0.1	3.0609
13068037	752	0.1	-0.1	-4.85402
13068037	753	0.1	-0.1	0.723833
13068037	754	0.1	-0.1	3.06781
13068037	755	0.1	-0.1	-3.38697
13068037	756	0.1	-0.1	4.85987
13068037	757	0.1	-0.1	1.77282
13068037	758	0.1	-0.1	-3.60623
13068037	759	0.1	-0.1	-0.103442
13068037	760	0.1	-0.1	5.03993
13068037	761	0.1	-0.1	-4.93884
13068037	762	0.1	-0.1	-4.9362
13068037	763	0.1	-0.1	5.30232
13068037	764	0.1	-0.1	-0.0805582
13068037	765	0.1	-0.1	-1.93137
13068037	766	0.1	-0.1	4.59131
13068037	767	0.1	-0.1	-4.86016
13068037	768	0.1	-0.1	4.8916
13068037	769	0.1	-0.1	3.38608
13068037	770	0.1	-0.1	1.37843
13068037	771	0.1	-0.1	1.61323
13068037	772	0.1	-0.1	-3.63771
13068037	773	0.1	-0.1	3.952
13068037	774	0.1	-0.1	-3.70007
13068037	775	0.1	-0.1	4.93977
13068037	776	0.1	-0.1	4.17723
13068037	777	0.1	-0.1	-4.08439
13068037	778	0.1	-0.1	4.95593
13068037	779	0.1	-0.1	2.40431
13068037	780	0.1	-0.1	2.28535
13068037	781	0.1	-0.1	-2.74794
13068037	782	0.1	-0.1	3.65645
13068037	783	0.1	-0.1	3.04641
13068037	784	0.1	-0.1	1.65803
13068037	785	0.1	-0.1	4.50034
13068037	786	0.1	-0.1	-4.96132
13068037	787	0.1	-0.1	2.61756
13068037	788	0.1	-0.1	-5.71024
13068037	789	0.1	-0.1	1.51106
13068037	790	0.1	-0.1	-4.84056
13068037	791	0.1	-0.1	1.84873
13068037	792	0.1	-0.1	1.89994
13068037	793	0.1	-0.1	2.01107
13068037	794	0.1	-0.1	4.15468
13068037	795	0.1	-0.1	5.94252
13068037	796	0.1	-0.1	-2.28499
13068037	797	0.1	-0.1	-5.34409
13068037	798	0.1	-0.1	0.639909
13068037	799	0.1	-0.1	-0.0764142
13068037	800	0.1	-0.1	-5.83526
13068037	801	0.1	-0.1	1.38546
13068037	802	0.1	-0.1	5.16667
13068037	803	0.1	-0.1	3.48689
13068037	804	0.1	-0.1	-3.47014
13068037	805	0.1	-0.1	1.67248
13068037	806	0.1	-0.1	-1.70006
13068037	807	0.1	-0.1	-1.2501
13068037	808	0.1	-0.1	4.15455
13068037	809	0.1	-0.1	-3.43526
13068037	810	0.1	-0.1	-0.619381
13068037	811	0.1	-0.1	3.03049
13068037	812	0.1	-0.1	0.830976
13068037	813	0.1	-0.1	-0.0846354
13068037	814	0.1	-0.1	4.62
13068037	815	0.1	-0.1	-2.0719
13068037	816	0.1	-0.1	-1.54112
13068037	817	0.1	-0.1	0.940823
13068037	818	0.1	-0.1	-0.456476
13068037	819	0.1	-0.1	-2.90106
13068037	820	0.1	-0.1	-4.53763
13068037	821	0.1	-0.1	-2.23729
13068037	822	0.1	-0.1	-2.14061
13068037	823	0.1	-0.1	-4.71974
13068037	824	0.1	-0.1	2.42798
13068037	825	0.1	-0.1	-2.80388
13068037	826	0.1	-0.1	-4.90483
13068037	827	0.1	-0.1	-4.76243
13068037	828	0.1	-0.1	3.17973
13068037	829	0.1	-0.1	0.24366
13068037	830	0.1	-0.1	5.14373
13068037	831	0.1	-0.1	-1.04378
13068037	832	0.1	-0.1	-3.56555
13068037	833	0.1	-0.1	4.447
13068037	834	0.1	-0.1	0.309304
13068037	835	0.1	-0.1	4.28427
13068037	836	0.1	-0.1	2.74877
13068037	837	0.1	-0.1	-3.23414
13068037	838	0.1	-0.1	-1.15493
13068037	839	0.1	-0.1	-1.53002
13068037	840	0.1	-0.1	-5.2481
13068037	841	0.1	-0.1	-1.6862
13068037	842	0.1	-0.1	-0.421153
13068037	843	0.1	-0.1	-5.97592
13068037	844	0.1	-0.1	-5.30619
13068037	845	0.1	-0.1	-2.54433
13068037	846	0.1	-0.1	-2.13437
13068037	847	0.1	-0.1	-0.611147
13068037	848	0.1	-0.1	-1.7068
13068037	849	0.1	-0.1	-5.22096
13068037	850	0.1	-0.1	-3.73231
13068037	851	0.1	-0.1	-4.0361
13068037	852	0.1	-0.1	-5.56347
13068037	853	0.1	-0.1	-3.9741
13068037	854	0.1	-0.1	3.92461
13068037	855	0.1	-0.1	3.93141
13068037	856	0.1	-0.1	-5.8575
13068037	857	0.1	-0.1	4.11851
13068037	858	0.1	-0.1	-5.44793
13068037	859	0.1	-0.1	4.67945
13068037	860	0.1	-0.1	-5.58017
13068037	861	0.1	-0.1	0.172104
13068037	862	0.1	-0.1	1.10463
13068037	863	0.1	-0.1	2.9426
13068037	864	0.1	-0.1	-5.27121
13068037	865	0.1	-0.1	-4.66964
13068037	866	0.1	-0.1	4.63235
13068037	867	0.1	-0.1	-4.01423
13068037	868	0.1	-0.1	0.602395
13068037	869	0.1	-0.1	-0.260461
13068037	870	0.1	-0.1	-3.98156
13068037	871	0.1	-0.1	5.3037
13068037	872	0.1	-0.1	-3.63624
13068037	873	0.1	-0.1	1.44923
13068037	874	0.1	-0.1	5.24801
13068037	875	0.1	-0.1	1.41572
13068037	876	0.1	-0.1	-4.07784
13068037	877	0.1	-0.1	-2.56869
13068037	878	0.1	-0.1	-3.565
13068037	879	0.1	-0.1	5.21154
13068037	880	0.1	-0.1	0.3003
13068037	881	0.1	-0.1	5.16686
13068037	882	0.1	-0.1	-2.79696
13068037	883	0.1	-0.1	-5.05865
13068037	884	0.1	-0.1	-2.60888
13068037	885	0.1	-0.1	1.58238
13068037	886	0.1	-0.1	-2.72501
13068037	887	0.1	-0.1	-0.958138
13068037	888	0.1	-0.1	3.48656
13068037	889	0.1	-0.1	-4.67976
13068037	890	0.1	-0.1	-5.19614
13068037	891	0.1	-0.1	1.91796
13068037	892	0.1	-0.1	-1.67078
13068037	893	0.1	-0.1	4.10249
13068037	894	0.1	-0.1	1.59458
13068037	895	0.1	-0.1	-0.552194
13068037	896	0.1	-0.1	-5.83978
13068037	897	0.1	-0.1	-5.15138
13068037	898	0.1	-0.1	3.54194
13068037	899	0.1	-0.1	0.411435
13068037	900	0.1	-0.1	2.4502
13068037	901	0.1	-0.1	-1.21379
13068037	902	0.1	-0.1	-1.88812
13068037	903	0.1	-0.1	-1.1382
13068037	904	0.1	-0.1	3.13385
13068037	905	0.1	-0.1	-4.94024
13068037	906	0.1	-0.1	2.27943
13068037	907	0.1	-0.1	-3.26263
13068037	908	0.1	-0.1	0.073037
13068037	909	0.1	-0.1	-5.62645
13068037	910	0.1	-0.1	-2.78965
13068037	911	0.1	-0.1	-2.80393
13068037	912	0.1	-0.1	4.00033
13068037	913	0.1	-0.1	1.44102
13068037	914	0.1	-0.1	-2.84386
13068037	915	0.1	-0.1	2.51441
13068037	916	0.1	-0.1	3.26171
13068037	917	0.1	-0.1	-3.33623
13068037	918	0.1	-0.1	-4.04491
13068037	919	0.1	-0.1	0.752666
13068037	920	0.1	-0.1	1.94806
13068037	921	0.1	-0.1	5.39693
13068037	922	0.1	-0.1	-4.08824
13068037	923	0.1	-0.1	-3.96385
13068037	924	0.1	-0.1	5.09288
13068037	925	0.1	-0.1	2.86718
13068037	926	0.1	-0.1	-4.52465
13068037	927	0.1	-0.1	4.90079
13068037	928	0.1	-0.1	2.13135
13068037	929	0.1	-0.1	-2.88547
13068037	930	0.1	-0.1	1.26199
13068037	931	0.1	-0.1	-4.83981
13068037	932	0.1	-0.1	-3.06335
13068037	933	0.1	-0.1	2.94509
13068037	934	0.1	-0.1	-1.47129
13068037	935	0.1	-0.1	-4.9459
13068037	936	0.1	-0.1	-1.52224
13068037	937	0.1	-0.1	0.76849
13068037	938	0.1	-0.1	0.82036
13068037	939	0.1	-0.1	3.70818
13068037	940	0.1	-0.1	2.63031
13068037	941	0.1	-0.1	-4.85769
13068037	942	0.1	-0.1	3.27443
13068037	943	0.1	-0.1	-2.69104
13068037	944	0.1	-0.1	5.61312
13068037	945	0.1	-0.1	0.260819
13068037	946	0.1	-0.1	2.85238
13068037	947	0.1	-0.1	-4.01906
13068037	948	0.1	-0.1	-4.03295
13068037	949	0.1	-0.1	-1.88056
13068037	950	0.1	-0.1	-4.53326
13068037	951	0.1	-0.1	5.43465
13068037	952	0.1	-0.1	4.08646
13068037	953	0.1	-0.1	-3.32238
13068037	954	0.1	-0.1	2.19982
13068037	955	0.1	-0.1	1.68501
13068037	956	0.1	-0.1	1.64378
13068037	957	0.1	-0.1	0.209522
13068037	958	0.1	-0.1	-1.666
13068037	959	0.1	-0.1	-1.18548
13068037	960	0.1	-0.1	3.8252
13068037	961	0.1	-0.1	3.08079
13068037	962	0.1	-0.1	1.2646
13068037	963	0.1	-0.1	-0.44561
13068037	964	0.1	-0.1	1.9048
13068037	965	0.1	-0.1	2.39599
13068037	966	0.1	-0.1	-1.13428
13068037	967	0.1	-0.1	-5.58787
13068037	968	0.1	-0.1	-4.76213
13068037	969	0.1	-0.1	1.15436
13068037	970	0.1	-0.1	-2.196
13068037	971	0.1	-0.1	-4.46729
13068037	972	0.1	-0.1	-2.75339
13068037	973	0.1	-0.1	-3.99021
13068037	974	0.1	-0.1	0.352212
13068037	975	0.1	-0.1	4.74755
13068037	976	0.1	-0.1	3.21332
13068037	977	0.1	-0.1	-1.23092
13068037	978	0.1	-0.1	-4.42453
13068037	979	0.1	-0.1	0.690451
13068037	980	0.1	-0.1	2.33081
13068037	981	0.1	-0.1	-0.0208941
13068037	982	0.1	-0.1	0.572751
13068037	983	0.1	-0.1	1.74038
13068037	984	0.1	-0.1	2.35165
13068037	985	0.1	-0.1	-5.21716
13068037	986	0.1	-0.1	-5.7866
13068037	987	0.1	-0.1	-0.0570185
13068037	988	0.1	-0.1	1.60924
13068037	989	0.1	-0.1	0.925464
13068037	990	0.1	-0.1	-4.75829
13068037	991	0.1	-0.1	3.33574
13068037	992	0.1	-0.1	5.955
13068037	993	0.1	-0.1	2.1765
13068037	994	0.1	-0.1	5.93439
13068037	995	0.1	-0.1	-1.28418
13068037	996	0.1	-0.1	-0.0033812
13068037	997	0.1	-0.1	-2.49876
13068037	998	0.1	-0.1	-3.61459
13068037	999	0.1	-0.1	-2.98831
13068037	1000	0.1	-0.1	2.74852
