13064030	1	0.1	-0.1	1.45221
13064030	2	0.1	-0.1	-2.90797
13064030	3	0.1	-0.1	2.4975
13064030	4	0.1	-0.1	0.679455
13064030	5	0.1	-0.1	-4.23639
13064030	6	0.1	-0.1	4.95611
13064030	7	0.1	-0.1	-5.28058
13064030	8	0.1	-0.1	4.05133
13064030	9	0.1	-0.1	-2.14864
13064030	10	0.1	-0.1	2.23268
13064030	11	0.1	-0.1	3.223
13064030	12	0.1	-0.1	-4.39128
13064030	13	0.1	-0.1	0.0084868
13064030	14	0.1	-0.1	1.4925
13064030	15	0.1	-0.1	3.07703
13064030	16	0.1	-0.1	5.23203
13064030	17	0.1	-0.1	-4.21056
13064030	18	0.1	-0.1	-5.18983
13064030	19	0.1	-0.1	-5.97947
13064030	20	0.1	-0.1	-5.77356
13064030	21	0.1	-0.1	5.1312
13064030	22	0.1	-0.1	1.23084
13064030	23	0.1	-0.1	-2.44397
13064030	24	0.1	-0.1	5.71837
13064030	25	0.1	-0.1	-3.88438
13064030	26	0.1	-0.1	-0.517141
13064030	27	0.1	-0.1	5.4594
13064030	28	0.1	-0.1	5.76914
13064030	29	0.1	-0.1	-5.88866
13064030	30	0.1	-0.1	4.69151
13064030	31	0.1	-0.1	2.06557
13064030	32	0.1	-0.1	3.19578
13064030	33	0.1	-0.1	5.18135
13064030	34	0.1	-0.1	3.53021
13064030	35	0.1	-0.1	-2.24698
13064030	36	0.1	-0.1	-2.09944
13064030	37	0.1	-0.1	4.71646
13064030	38	0.1	-0.1	-0.993296
13064030	39	0.1	-0.1	2.83237
13064030	40	0.1	-0.1	1.38877
13064030	41	0.1	-0.1	-0.207155
13064030	42	0.1	-0.1	-1.23949
13064030	43	0.1	-0.1	-5.05968
13064030	44	0.1	-0.1	-0.577287
13064030	45	0.1	-0.1	-5.56197
13064030	46	0.1	-0.1	-1.78647
13064030	47	0.1	-0.1	-5.89556
13064030	48	0.1	-0.1	-2.57181
13064030	49	0.1	-0.1	2.59896
13064030	50	0.1	-0.1	0.718746
13064030	51	0.1	-0.1	3.13335
13064030	52	0.1	-0.1	-5.60791
13064030	53	0.1	-0.1	4.44272
13064030	54	0.1	-0.1	0.599994
13064030	55	0.1	-0.1	2.91818
13064030	56	0.1	-0.1	4.89338
13064030	57	0.1	-0.1	-0.504874
13064030	58	0.1	-0.1	-2.9983
13064030	59	0.1	-0.1	3.36804
13064030	60	0.1	-0.1	1.30304
13064030	61	0.1	-0.1	-1.52593
13064030	62	0.1	-0.1	-1.56394
13064030	63	0.1	-0.1	-4.66474
13064030	64	0.1	-0.1	-0.82752
13064030	65	0.1	-0.1	2.3483
13064030	66	0.1	-0.1	-0.18246
13064030	67	0.1	-0.1	-1.58941
13064030	68	0.1	-0.1	-2.60524
13064030	69	0.1	-0.1	1.1484
13064030	70	0.1	-0.1	-0.219772
13064030	71	0.1	-0.1	-1.25179
13064030	72	0.1	-0.1	-3.63552
13064030	73	0.1	-0.1	-5.33791
13064030	74	0.1	-0.1	4.54825
13064030	75	0.1	-0.1	5.32412
13064030	76	0.1	-0.1	-5.34579
13064030	77	0.1	-0.1	0.304848
13064030	78	0.1	-0.1	-0.788396
13064030	79	0.1	-0.1	-4.00505
13064030	80	0.1	-0.1	-4.45099
13064030	81	0.1	-0.1	3.00752
13064030	82	0.1	-0.1	-5.61978
13064030	83	0.1	-0.1	3.03543
13064030	84	0.1	-0.1	-5.85185
13064030	85	0.1	-0.1	0.770755
13064030	86	0.1	-0.1	4.82125
13064030	87	0.1	-0.1	-1.69825
13064030	88	0.1	-0.1	-0.547159
13064030	89	0.1	-0.1	2.26506
13064030	90	0.1	-0.1	3.81598
13064030	91	0.1	-0.1	1.18142
13064030	92	0.1	-0.1	4.39201
13064030	93	0.1	-0.1	-1.95446
13064030	94	0.1	-0.1	-2.83521
13064030	95	0.1	-0.1	-3.28045
13064030	96	0.1	-0.1	-3.79304
13064030	97	0.1	-0.1	-5.80278
13064030	98	0.1	-0.1	-0.0695586
13064030	99	0.1	-0.1	4.88977
13064030	100	0.1	-0.1	4.03833
13064030	101	0.1	-0.1	-4.42493
13064030	102	0.1	-0.1	-5.00069
13064030	103	0.1	-0.1	0.338277
13064030	104	0.1	-0.1	-1.86386
13064030	105	0.1	-0.1	0.0504503
13064030	106	0.1	-0.1	2.5539
13064030	107	0.1	-0.1	0.543151
13064030	108	0.1	-0.1	3.00075
13064030	109	0.1	-0.1	4.50437
13064030	110	0.1	-0.1	-3.65062
13064030	111	0.1	-0.1	-3.81295
13064030	112	0.1	-0.1	0.624505
13064030	113	0.1	-0.1	-2.48493
13064030	114	0.1	-0.1	-1.89722
13064030	115	0.1	-0.1	-2.28258
13064030	116	0.1	-0.1	-0.946668
13064030	117	0.1	-0.1	-3.92111
13064030	118	0.1	-0.1	2.60793
13064030	119	0.1	-0.1	3.94742
13064030	120	0.1	-0.1	-3.88443
13064030	121	0.1	-0.1	-0.0769694
13064030	122	0.1	-0.1	-3.84634
13064030	123	0.1	-0.1	-2.35465
13064030	124	0.1	-0.1	-2.49194
13064030	125	0.1	-0.1	-0.464003
13064030	126	0.1	-0.1	0.609263
13064030	127	0.1	-0.1	5.46975
13064030	128	0.1	-0.1	2.33638
13064030	129	0.1	-0.1	5.98374
13064030	130	0.1	-0.1	-1.82921
13064030	131	0.1	-0.1	-1.26989
13064030	132	0.1	-0.1	-0.52473
13064030	133	0.1	-0.1	2.84146
13064030	134	0.1	-0.1	-4.69552
13064030	135	0.1	-0.1	-2.97733
13064030	136	0.1	-0.1	-4.09155
13064030	137	0.1	-0.1	2.80976
13064030	138	0.1	-0.1	-0.153935
13064030	139	0.1	-0.1	1.37355
13064030	140	0.1	-0.1	-0.995858
13064030	141	0.1	-0.1	3.69147
13064030	142	0.1	-0.1	-0.935187
13064030	143	0.1	-0.1	-2.87388
13064030	144	0.1	-0.1	2.4905
13064030	145	0.1	-0.1	-5.10242
13064030	146	0.1	-0.1	4.30492
13064030	147	0.1	-0.1	-1.71728
13064030	148	0.1	-0.1	-0.914929
13064030	149	0.1	-0.1	3.76878
13064030	150	0.1	-0.1	0.22487
13064030	151	0.1	-0.1	3.03301
13064030	152	0.1	-0.1	5.64125
13064030	153	0.1	-0.1	1.87428
13064030	154	0.1	-0.1	3.01574
13064030	155	0.1	-0.1	-2.43407
13064030	156	0.1	-0.1	0.681689
13064030	157	0.1	-0.1	-5.38287
13064030	158	0.1	-0.1	4.72511
13064030	159	0.1	-0.1	-1.7225
13064030	160	0.1	-0.1	5.95464
13064030	161	0.1	-0.1	-1.663
13064030	162	0.1	-0.1	1.50579
13064030	163	0.1	-0.1	-4.43909
13064030	164	0.1	-0.1	-3.93187
13064030	165	0.1	-0.1	5.62362
13064030	166	0.1	-0.1	2.06076
13064030	167	0.1	-0.1	1.31725
13064030	168	0.1	-0.1	-4.87563
13064030	169	0.1	-0.1	-4.28301
13064030	170	0.1	-0.1	1.84394
13064030	171	0.1	-0.1	4.79666
13064030	172	0.1	-0.1	-0.439463
13064030	173	0.1	-0.1	-5.10523
13064030	174	0.1	-0.1	3.46528
13064030	175	0.1	-0.1	-1.36033
13064030	176	0.1	-0.1	-3.78836
13064030	177	0.1	-0.1	2.50945
13064030	178	0.1	-0.1	1.82877
13064030	179	0.1	-0.1	0.892323
13064030	180	0.1	-0.1	-4.24988
13064030	181	0.1	-0.1	2.86137
13064030	182	0.1	-0.1	-3.36998
13064030	183	0.1	-0.1	4.08744
13064030	184	0.1	-0.1	-4.1981
13064030	185	0.1	-0.1	-4.86785
13064030	186	0.1	-0.1	-5.39739
13064030	187	0.1	-0.1	1.57056
13064030	188	0.1	-0.1	3.53494
13064030	189	0.1	-0.1	-1.33305
13064030	190	0.1	-0.1	3.02139
13064030	191	0.1	-0.1	0.68163
13064030	192	0.1	-0.1	-1.89827
13064030	193	0.1	-0.1	-2.97078
13064030	194	0.1	-0.1	4.88331
13064030	195	0.1	-0.1	0.44228
13064030	196	0.1	-0.1	2.11153
13064030	197	0.1	-0.1	-1.65471
13064030	198	0.1	-0.1	-2.80347
13064030	199	0.1	-0.1	-1.85531
13064030	200	0.1	-0.1	-1.70342
13064030	201	0.1	-0.1	0.432557
13064030	202	0.1	-0.1	-3.58001
13064030	203	0.1	-0.1	0.955117
13064030	204	0.1	-0.1	3.90225
13064030	205	0.1	-0.1	5.71451
13064030	206	0.1	-0.1	-3.79033
13064030	207	0.1	-0.1	-3.4886
13064030	208	0.1	-0.1	3.83332
13064030	209	0.1	-0.1	4.55357
13064030	210	0.1	-0.1	3.82674
13064030	211	0.1	-0.1	-0.31033
13064030	212	0.1	-0.1	-1.28688
13064030	213	0.1	-0.1	3.09726
13064030	214	0.1	-0.1	5.75063
13064030	215	0.1	-0.1	-3.20336
13064030	216	0.1	-0.1	-2.34032
13064030	217	0.1	-0.1	2.98719
13064030	218	0.1	-0.1	4.03394
13064030	219	0.1	-0.1	1.49062
13064030	220	0.1	-0.1	-4.42433
13064030	221	0.1	-0.1	1.24481
13064030	222	0.1	-0.1	1.73378
13064030	223	0.1	-0.1	-2.03787
13064030	224	0.1	-0.1	1.6787
13064030	225	0.1	-0.1	4.78998
13064030	226	0.1	-0.1	5.55242
13064030	227	0.1	-0.1	2.91709
13064030	228	0.1	-0.1	4.57806
13064030	229	0.1	-0.1	-5.19109
13064030	230	0.1	-0.1	-0.114972
13064030	231	0.1	-0.1	-1.57148
13064030	232	0.1	-0.1	1.37859
13064030	233	0.1	-0.1	3.15532
13064030	234	0.1	-0.1	4.92147
13064030	235	0.1	-0.1	-0.0312744
13064030	236	0.1	-0.1	-3.3928
13064030	237	0.1	-0.1	0.465265
13064030	238	0.1	-0.1	0.13676
13064030	239	0.1	-0.1	-2.27819
13064030	240	0.1	-0.1	5.89747
13064030	241	0.1	-0.1	-0.29641
13064030	242	0.1	-0.1	-2.04034
13064030	243	0.1	-0.1	3.35841
13064030	244	0.1	-0.1	1.53478
13064030	245	0.1	-0.1	0.0245053
13064030	246	0.1	-0.1	0.87588
13064030	247	0.1	-0.1	5.74079
13064030	248	0.1	-0.1	-2.37399
13064030	249	0.1	-0.1	0.113236
13064030	250	0.1	-0.1	-3.52816
13064030	251	0.1	-0.1	4.5784
13064030	252	0.1	-0.1	3.49753
13064030	253	0.1	-0.1	-2.96559
13064030	254	0.1	-0.1	4.12084
13064030	255	0.1	-0.1	5.28986
13064030	256	0.1	-0.1	0.811633
13064030	257	0.1	-0.1	-5.31807
13064030	258	0.1	-0.1	5.85035
13064030	259	0.1	-0.1	5.96104
13064030	260	0.1	-0.1	0.16164
13064030	261	0.1	-0.1	-3.60527
13064030	262	0.1	-0.1	-5.81258
13064030	263	0.1	-0.1	-2.94079
13064030	264	0.1	-0.1	-2.62771
13064030	265	0.1	-0.1	3.34115
13064030	266	0.1	-0.1	-3.13899
13064030	267	0.1	-0.1	-5.40723
13064030	268	0.1	-0.1	-0.653703
13064030	269	0.1	-0.1	4.4678
13064030	270	0.1	-0.1	-1.78557
13064030	271	0.1	-0.1	-5.73717
13064030	272	0.1	-0.1	4.94773
13064030	273	0.1	-0.1	4.84192
13064030	274	0.1	-0.1	-2.17844
13064030	275	0.1	-0.1	-0.0587836
13064030	276	0.1	-0.1	5.03317
13064030	277	0.1	-0.1	4.3416
13064030	278	0.1	-0.1	0.5246
13064030	279	0.1	-0.1	3.44426
13064030	280	0.1	-0.1	0.00194601
13064030	281	0.1	-0.1	4.31058
13064030	282	0.1	-0.1	-2.45619
13064030	283	0.1	-0.1	5.11098
13064030	284	0.1	-0.1	-5.25256
13064030	285	0.1	-0.1	-1.68542
13064030	286	0.1	-0.1	1.17871
13064030	287	0.1	-0.1	-1.39314
13064030	288	0.1	-0.1	1.54349
13064030	289	0.1	-0.1	5.51621
13064030	290	0.1	-0.1	-1.11135
13064030	291	0.1	-0.1	-3.45258
13064030	292	0.1	-0.1	0.526259
13064030	293	0.1	-0.1	0.893248
13064030	294	0.1	-0.1	-4.49699
13064030	295	0.1	-0.1	1.78718
13064030	296	0.1	-0.1	-0.234903
13064030	297	0.1	-0.1	-1.56578
13064030	298	0.1	-0.1	0.63499
13064030	299	0.1	-0.1	2.72421
13064030	300	0.1	-0.1	5.84437
13064030	301	0.1	-0.1	-1.86009
13064030	302	0.1	-0.1	3.04311
13064030	303	0.1	-0.1	-1.0336
13064030	304	0.1	-0.1	5.9786
13064030	305	0.1	-0.1	1.75772
13064030	306	0.1	-0.1	-4.92885
13064030	307	0.1	-0.1	1.89292
13064030	308	0.1	-0.1	-2.78975
13064030	309	0.1	-0.1	0.00754236
13064030	310	0.1	-0.1	-2.90494
13064030	311	0.1	-0.1	-2.54621
13064030	312	0.1	-0.1	-1.1733
13064030	313	0.1	-0.1	-0.912086
13064030	314	0.1	-0.1	2.5447
13064030	315	0.1	-0.1	5.14145
13064030	316	0.1	-0.1	4.49136
13064030	317	0.1	-0.1	1.0702
13064030	318	0.1	-0.1	5.84621
13064030	319	0.1	-0.1	1.8637
13064030	320	0.1	-0.1	-5.0429
13064030	321	0.1	-0.1	5.01926
13064030	322	0.1	-0.1	-2.71512
13064030	323	0.1	-0.1	-4.81371
13064030	324	0.1	-0.1	5.14584
13064030	325	0.1	-0.1	5.9405
13064030	326	0.1	-0.1	1.48801
13064030	327	0.1	-0.1	5.94076
13064030	328	0.1	-0.1	0.518624
13064030	329	0.1	-0.1	-1.46785
13064030	330	0.1	-0.1	-3.82894
13064030	331	0.1	-0.1	-5.96908
13064030	332	0.1	-0.1	-5.31757
13064030	333	0.1	-0.1	1.69629
13064030	334	0.1	-0.1	0.649342
13064030	335	0.1	-0.1	-1.19517
13064030	336	0.1	-0.1	3.46076
13064030	337	0.1	-0.1	3.63703
13064030	338	0.1	-0.1	-4.47239
13064030	339	0.1	-0.1	4.56327
13064030	340	0.1	-0.1	-5.43335
13064030	341	0.1	-0.1	-3.14837
13064030	342	0.1	-0.1	-4.17387
13064030	343	0.1	-0.1	2.62364
13064030	344	0.1	-0.1	-0.382086
13064030	345	0.1	-0.1	-0.28504
13064030	346	0.1	-0.1	-5.5715
13064030	347	0.1	-0.1	4.70892
13064030	348	0.1	-0.1	4.76435
13064030	349	0.1	-0.1	0.136465
13064030	350	0.1	-0.1	1.95211
13064030	351	0.1	-0.1	4.87692
13064030	352	0.1	-0.1	2.97891
13064030	353	0.1	-0.1	-5.86577
13064030	354	0.1	-0.1	2.08551
13064030	355	0.1	-0.1	-1.17927
13064030	356	0.1	-0.1	4.27879
13064030	357	0.1	-0.1	3.28959
13064030	358	0.1	-0.1	-4.39902
13064030	359	0.1	-0.1	0.672814
13064030	360	0.1	-0.1	1.81928
13064030	361	0.1	-0.1	0.699072
13064030	362	0.1	-0.1	-0.835693
13064030	363	0.1	-0.1	-3.43122
13064030	364	0.1	-0.1	1.18826
13064030	365	0.1	-0.1	-0.466084
13064030	366	0.1	-0.1	-0.0595588
13064030	367	0.1	-0.1	-4.93099
13064030	368	0.1	-0.1	2.90714
13064030	369	0.1	-0.1	-3.33282
13064030	370	0.1	-0.1	-1.95165
13064030	371	0.1	-0.1	-1.69695
13064030	372	0.1	-0.1	-1.80798
13064030	373	0.1	-0.1	2.04312
13064030	374	0.1	-0.1	1.15267
13064030	375	0.1	-0.1	1.65725
13064030	376	0.1	-0.1	-4.05779
13064030	377	0.1	-0.1	-1.42013
13064030	378	0.1	-0.1	5.76797
13064030	379	0.1	-0.1	2.25693
13064030	380	0.1	-0.1	-0.183454
13064030	381	0.1	-0.1	-3.12945
13064030	382	0.1	-0.1	1.86414
13064030	383	0.1	-0.1	-2.22932
13064030	384	0.1	-0.1	2.9061
13064030	385	0.1	-0.1	-0.0967028
13064030	386	0.1	-0.1	5.58622
13064030	387	0.1	-0.1	0.663501
13064030	388	0.1	-0.1	0.722187
13064030	389	0.1	-0.1	2.49544
13064030	390	0.1	-0.1	-2.78111
13064030	391	0.1	-0.1	2.75547
13064030	392	0.1	-0.1	-1.10581
13064030	393	0.1	-0.1	3.18204
13064030	394	0.1	-0.1	-1.27247
13064030	395	0.1	-0.1	3.69777
13064030	396	0.1	-0.1	5.02541
13064030	397	0.1	-0.1	-3.331
13064030	398	0.1	-0.1	1.15832
13064030	399	0.1	-0.1	1.02995
13064030	400	0.1	-0.1	3.93993
13064030	401	0.1	-0.1	3.95686
13064030	402	0.1	-0.1	5.92282
13064030	403	0.1	-0.1	1.9105
13064030	404	0.1	-0.1	-2.22158
13064030	405	0.1	-0.1	0.0487604
13064030	406	0.1	-0.1	-1.30508
13064030	407	0.1	-0.1	-0.44424
13064030	408	0.1	-0.1	-1.36719
13064030	409	0.1	-0.1	0.178363
13064030	410	0.1	-0.1	-5.87224
13064030	411	0.1	-0.1	-0.716108
13064030	412	0.1	-0.1	-3.9136
13064030	413	0.1	-0.1	-1.61134
13064030	414	0.1	-0.1	3.80038
13064030	415	0.1	-0.1	1.1524
13064030	416	0.1	-0.1	-2.88099
13064030	417	0.1	-0.1	1.49578
13064030	418	0.1	-0.1	-2.11945
13064030	419	0.1	-0.1	-4.63191
13064030	420	0.1	-0.1	-2.01449
13064030	421	0.1	-0.1	4.57745
13064030	422	0.1	-0.1	-4.71044
13064030	423	0.1	-0.1	-5.59582
13064030	424	0.1	-0.1	-2.40573
13064030	425	0.1	-0.1	5.20235
13064030	426	0.1	-0.1	-4.05598
13064030	427	0.1	-0.1	1.29498
13064030	428	0.1	-0.1	-5.85748
13064030	429	0.1	-0.1	5.36414
13064030	430	0.1	-0.1	-1.36271
13064030	431	0.1	-0.1	1.55217
13064030	432	0.1	-0.1	-0.0172094
13064030	433	0.1	-0.1	-0.468786
13064030	434	0.1	-0.1	-3.70983
13064030	435	0.1	-0.1	-1.48851
13064030	436	0.1	-0.1	-1.94066
13064030	437	0.1	-0.1	-3.7897
13064030	438	0.1	-0.1	3.98016
13064030	439	0.1	-0.1	-5.2266
13064030	440	0.1	-0.1	-4.09608
13064030	441	0.1	-0.1	-1.16721
13064030	442	0.1	-0.1	-5.3893
13064030	443	0.1	-0.1	0.78246
13064030	444	0.1	-0.1	3.00909
13064030	445	0.1	-0.1	4.46462
13064030	446	0.1	-0.1	3.78265
13064030	447	0.1	-0.1	-4.67974
13064030	448	0.1	-0.1	-1.87952
13064030	449	0.1	-0.1	3.69256
13064030	450	0.1	-0.1	3.29781
13064030	451	0.1	-0.1	3.71561
13064030	452	0.1	-0.1	-5.56837
13064030	453	0.1	-0.1	-5.50671
13064030	454	0.1	-0.1	1.11341
13064030	455	0.1	-0.1	-1.94296
13064030	456	0.1	-0.1	3.4528
13064030	457	0.1	-0.1	3.30342
13064030	458	0.1	-0.1	1.95603
13064030	459	0.1	-0.1	5.60376
13064030	460	0.1	-0.1	-3.581
13064030	461	0.1	-0.1	-2.12306
13064030	462	0.1	-0.1	-1.32373
13064030	463	0.1	-0.1	4.32024
13064030	464	0.1	-0.1	2.89068
13064030	465	0.1	-0.1	0.774161
13064030	466	0.1	-0.1	-1.51031
13064030	467	0.1	-0.1	-2.55223
13064030	468	0.1	-0.1	-3.68609
13064030	469	0.1	-0.1	5.56383
13064030	470	0.1	-0.1	-5.45992
13064030	471	0.1	-0.1	-5.6966
13064030	472	0.1	-0.1	2.36443
13064030	473	0.1	-0.1	4.70192
13064030	474	0.1	-0.1	-1.28833
13064030	475	0.1	-0.1	3.25434
13064030	476	0.1	-0.1	2.25836
13064030	477	0.1	-0.1	5.39635
13064030	478	0.1	-0.1	0.697215
13064030	479	0.1	-0.1	4.82585
13064030	480	0.1	-0.1	-5.5713
13064030	481	0.1	-0.1	-2.08673
13064030	482	0.1	-0.1	1.68753
13064030	483	0.1	-0.1	-0.756807
13064030	484	0.1	-0.1	1.17217
13064030	485	0.1	-0.1	-3.13572
13064030	486	0.1	-0.1	-3.11322
13064030	487	0.1	-0.1	5.81421
13064030	488	0.1	-0.1	4.09416
13064030	489	0.1	-0.1	1.87707
13064030	490	0.1	-0.1	4.4247
13064030	491	0.1	-0.1	-1.47262
13064030	492	0.1	-0.1	3.41517
13064030	493	0.1	-0.1	-5.92863
13064030	494	0.1	-0.1	2.72905
13064030	495	0.1	-0.1	4.20682
13064030	496	0.1	-0.1	-0.116104
13064030	497	0.1	-0.1	4.99434
13064030	498	0.1	-0.1	0.00805928
13064030	499	0.1	-0.1	5.21496
13064030	500	0.1	-0.1	4.44515
13064030	501	0.1	-0.1	0.32346
13064030	502	0.1	-0.1	-2.09699
13064030	503	0.1	-0.1	-1.28785
13064030	504	0.1	-0.1	-0.0799492
13064030	505	0.1	-0.1	0.861502
13064030	506	0.1	-0.1	-3.63088
13064030	507	0.1	-0.1	-5.50218
13064030	508	0.1	-0.1	-3.83242
13064030	509	0.1	-0.1	-3.22046
13064030	510	0.1	-0.1	-0.26647
13064030	511	0.1	-0.1	3.8695
13064030	512	0.1	-0.1	-3.3244
13064030	513	0.1	-0.1	-0.683244
13064030	514	0.1	-0.1	1.31773
13064030	515	0.1	-0.1	1.409
13064030	516	0.1	-0.1	5.1428
13064030	517	0.1	-0.1	-3.93723
13064030	518	0.1	-0.1	-3.9187
13064030	519	0.1	-0.1	4.17523
13064030	520	0.1	-0.1	5.92409
13064030	521	0.1	-0.1	0.188358
13064030	522	0.1	-0.1	-4.22
13064030	523	0.1	-0.1	1.30254
13064030	524	0.1	-0.1	4.54256
13064030	525	0.1	-0.1	3.78873
13064030	526	0.1	-0.1	0.381192
13064030	527	0.1	-0.1	3.11107
13064030	528	0.1	-0.1	3.90921
13064030	529	0.1	-0.1	0.159005
13064030	530	0.1	-0.1	-5.36109
13064030	531	0.1	-0.1	-5.85989
13064030	532	0.1	-0.1	-5.10664
13064030	533	0.1	-0.1	5.55876
13064030	534	0.1	-0.1	4.2018
13064030	535	0.1	-0.1	3.20559
13064030	536	0.1	-0.1	-4.70309
13064030	537	0.1	-0.1	-4.38902
13064030	538	0.1	-0.1	4.68724
13064030	539	0.1	-0.1	1.65692
13064030	540	0.1	-0.1	4.16476
13064030	541	0.1	-0.1	-4.20938
13064030	542	0.1	-0.1	-5.72556
13064030	543	0.1	-0.1	-3.04099
13064030	544	0.1	-0.1	4.20336
13064030	545	0.1	-0.1	-2.57123
13064030	546	0.1	-0.1	-5.79046
13064030	547	0.1	-0.1	5.94071
13064030	548	0.1	-0.1	3.13404
13064030	549	0.1	-0.1	-4.71497
13064030	550	0.1	-0.1	-5.5184
13064030	551	0.1	-0.1	4.33792
13064030	552	0.1	-0.1	3.0357
13064030	553	0.1	-0.1	-2.65446
13064030	554	0.1	-0.1	0.897854
13064030	555	0.1	-0.1	-4.95046
13064030	556	0.1	-0.1	-5.62359
13064030	557	0.1	-0.1	-3.56771
13064030	558	0.1	-0.1	0.205291
13064030	559	0.1	-0.1	5.36038
13064030	560	0.1	-0.1	1.55691
13064030	561	0.1	-0.1	-3.30493
13064030	562	0.1	-0.1	4.59753
13064030	563	0.1	-0.1	-5.43755
13064030	564	0.1	-0.1	-0.977423
13064030	565	0.1	-0.1	-1.62407
13064030	566	0.1	-0.1	2.89563
13064030	567	0.1	-0.1	-3.83271
13064030	568	0.1	-0.1	-0.52283
13064030	569	0.1	-0.1	4.74079
13064030	570	0.1	-0.1	-4.64029
13064030	571	0.1	-0.1	4.33647
13064030	572	0.1	-0.1	5.03452
13064030	573	0.1	-0.1	-0.863547
13064030	574	0.1	-0.1	4.55614
13064030	575	0.1	-0.1	5.82943
13064030	576	0.1	-0.1	-3.81426
13064030	577	0.1	-0.1	-2.21798
13064030	578	0.1	-0.1	-2.12628
13064030	579	0.1	-0.1	5.15058
13064030	580	0.1	-0.1	-0.965616
13064030	581	0.1	-0.1	2.3799
13064030	582	0.1	-0.1	2.90175
13064030	583	0.1	-0.1	2.33654
13064030	584	0.1	-0.1	5.57639
13064030	585	0.1	-0.1	1.88658
13064030	586	0.1	-0.1	2.06604
13064030	587	0.1	-0.1	5.63254
13064030	588	0.1	-0.1	-1.69033
13064030	589	0.1	-0.1	-4.75027
13064030	590	0.1	-0.1	4.66385
13064030	591	0.1	-0.1	-5.85943
13064030	592	0.1	-0.1	-3.2466
13064030	593	0.1	-0.1	1.88438
13064030	594	0.1	-0.1	-3.18571
13064030	595	0.1	-0.1	-5.51981
13064030	596	0.1	-0.1	-1.89945
13064030	597	0.1	-0.1	-1.71301
13064030	598	0.1	-0.1	4.19888
13064030	599	0.1	-0.1	-5.69292
13064030	600	0.1	-0.1	-0.526936
13064030	601	0.1	-0.1	3.20201
13064030	602	0.1	-0.1	5.81439
13064030	603	0.1	-0.1	-4.74151
13064030	604	0.1	-0.1	-2.42025
13064030	605	0.1	-0.1	4.00252
13064030	606	0.1	-0.1	2.37689
13064030	607	0.1	-0.1	-2.23931
13064030	608	0.1	-0.1	2.72081
13064030	609	0.1	-0.1	-0.556358
13064030	610	0.1	-0.1	-1.11573
13064030	611	0.1	-0.1	-2.78282
13064030	612	0.1	-0.1	-3.9502
13064030	613	0.1	-0.1	-5.58945
13064030	614	0.1	-0.1	-3.51968
13064030	615	0.1	-0.1	5.80062
13064030	616	0.1	-0.1	5.40883
13064030	617	0.1	-0.1	-0.752239
13064030	618	0.1	-0.1	-4.44845
13064030	619	0.1	-0.1	-1.30891
13064030	620	0.1	-0.1	-1.28544
13064030	621	0.1	-0.1	0.0498776
13064030	622	0.1	-0.1	-0.793448
13064030	623	0.1	-0.1	-3.74739
13064030	624	0.1	-0.1	0.900248
13064030	625	0.1	-0.1	-2.62519
13064030	626	0.1	-0.1	-3.40522
13064030	627	0.1	-0.1	-4.11552
13064030	628	0.1	-0.1	0.527795
13064030	629	0.1	-0.1	0.423373
13064030	630	0.1	-0.1	-0.792217
13064030	631	0.1	-0.1	4.18363
13064030	632	0.1	-0.1	1.18614
13064030	633	0.1	-0.1	-4.48707
13064030	634	0.1	-0.1	-2.43537
13064030	635	0.1	-0.1	0.299264
13064030	636	0.1	-0.1	-0.69811
13064030	637	0.1	-0.1	-1.9883
13064030	638	0.1	-0.1	4.26064
13064030	639	0.1	-0.1	5.92165
13064030	640	0.1	-0.1	-1.89832
13064030	641	0.1	-0.1	3.0281
13064030	642	0.1	-0.1	-0.0219965
13064030	643	0.1	-0.1	-1.09079
13064030	644	0.1	-0.1	0.899884
13064030	645	0.1	-0.1	3.71447
13064030	646	0.1	-0.1	-5.9013
13064030	647	0.1	-0.1	-4.24322
13064030	648	0.1	-0.1	-1.87371
13064030	649	0.1	-0.1	-4.23927
13064030	650	0.1	-0.1	5.61332
13064030	651	0.1	-0.1	0.224956
13064030	652	0.1	-0.1	-3.33821
13064030	653	0.1	-0.1	-3.50603
13064030	654	0.1	-0.1	0.764596
13064030	655	0.1	-0.1	3.91828
13064030	656	0.1	-0.1	1.61197
13064030	657	0.1	-0.1	0.0829882
13064030	658	0.1	-0.1	-3.51573
13064030	659	0.1	-0.1	-1.33458
13064030	660	0.1	-0.1	-2.74333
13064030	661	0.1	-0.1	5.10262
13064030	662	0.1	-0.1	-3.37288
13064030	663	0.1	-0.1	0.562063
13064030	664	0.1	-0.1	0.439061
13064030	665	0.1	-0.1	2.12095
13064030	666	0.1	-0.1	0.962634
13064030	667	0.1	-0.1	-2.59452
13064030	668	0.1	-0.1	-1.74625
13064030	669	0.1	-0.1	3.24237
13064030	670	0.1	-0.1	2.00951
13064030	671	0.1	-0.1	2.09512
13064030	672	0.1	-0.1	-4.72419
13064030	673	0.1	-0.1	-4.77981
13064030	674	0.1	-0.1	-5.69657
13064030	675	0.1	-0.1	-5.2557
13064030	676	0.1	-0.1	-1.75826
13064030	677	0.1	-0.1	3.77273
13064030	678	0.1	-0.1	1.80714
13064030	679	0.1	-0.1	-2.7723
13064030	680	0.1	-0.1	2.29979
13064030	681	0.1	-0.1	-5.15516
13064030	682	0.1	-0.1	-1.17909
13064030	683	0.1	-0.1	5.97731
13064030	684	0.1	-0.1	2.029
13064030	685	0.1	-0.1	-5.58536
13064030	686	0.1	-0.1	-4.13507
13064030	687	0.1	-0.1	0.455666
13064030	688	0.1	-0.1	4.6755
13064030	689	0.1	-0.1	0.280482
13064030	690	0.1	-0.1	3.12724
13064030	691	0.1	-0.1	5.20741
13064030	692	0.1	-0.1	-0.514989
13064030	693	0.1	-0.1	-3.24623
13064030	694	0.1	-0.1	-0.758686
13064030	695	0.1	-0.1	-5.17941
13064030	696	0.1	-0.1	2.27431
13064030	697	0.1	-0.1	1.86646
13064030	698	0.1	-0.1	-2.99241
13064030	699	0.1	-0.1	-3.65814
13064030	700	0.1	-0.1	1.69185
13064030	701	0.1	-0.1	-4.6398
13064030	702	0.1	-0.1	4.26658
13064030	703	0.1	-0.1	-3.69299
13064030	704	0.1	-0.1	-2.60433
13064030	705	0.1	-0.1	-1.83712
13064030	706	0.1	-0.1	5.67403
13064030	707	0.1	-0.1	-0.367477
13064030	708	0.1	-0.1	2.31325
13064030	709	0.1	-0.1	-4.87661
13064030	710	0.1	-0.1	0.307231
13064030	711	0.1	-0.1	0.919942
13064030	712	0.1	-0.1	-4.84301
13064030	713	0.1	-0.1	3.71918
13064030	714	0.1	-0.1	5.61355
13064030	715	0.1	-0.1	-5.6164
13064030	716	0.1	-0.1	-1.00468
13064030	717	0.1	-0.1	4.20866
13064030	718	0.1	-0.1	2.72372
13064030	719	0.1	-0.1	3.41395
13064030	720	0.1	-0.1	-3.13996
13064030	721	0.1	-0.1	-3.48322
13064030	722	0.1	-0.1	5.52606
13064030	723	0.1	-0.1	0.928543
13064030	724	0.1	-0.1	3.30312
13064030	725	0.1	-0.1	4.01897
13064030	726	0.1	-0.1	-1.86137
13064030	727	0.1	-0.1	1.05568
13064030	728	0.1	-0.1	-4.0121
13064030	729	0.1	-0.1	5.37105
13064030	730	0.1	-0.1	-0.241573
13064030	731	0.1	-0.1	-1.33272
13064030	732	0.1	-0.1	-5.96973
13064030	733	0.1	-0.1	3.44586
13064030	734	0.1	-0.1	3.51242
13064030	735	0.1	-0.1	0.000870961
13064030	736	0.1	-0.1	0.618277
13064030	737	0.1	-0.1	5.13904
13064030	738	0.1	-0.1	-0.968778
13064030	739	0.1	-0.1	1.89722
13064030	740	0.1	-0.1	2.96091
13064030	741	0.1	-0.1	-5.40723
13064030	742	0.1	-0.1	-3.96929
13064030	743	0.1	-0.1	4.98604
13064030	744	0.1	-0.1	4.15496
13064030	745	0.1	-0.1	-0.343255
13064030	746	0.1	-0.1	-1.37741
13064030	747	0.1	-0.1	-1.52342
13064030	748	0.1	-0.1	3.61909
13064030	749	0.1	-0.1	-3.0681
13064030	750	0.1	-0.1	1.88436
13064030	751	0.1	-0.1	4.97317
13064030	752	0.1	-0.1	-3.78722
13064030	753	0.1	-0.1	-4.39408
13064030	754	0.1	-0.1	-2.80763
13064030	755	0.1	-0.1	-0.559169
13064030	756	0.1	-0.1	-1.33337
13064030	757	0.1	-0.1	-3.47411
13064030	758	0.1	-0.1	-5.10761
13064030	759	0.1	-0.1	0.127538
13064030	760	0.1	-0.1	-3.27033
13064030	761	0.1	-0.1	-1.3116
13064030	762	0.1	-0.1	-3.95524
13064030	763	0.1	-0.1	-0.644202
13064030	764	0.1	-0.1	1.6625
13064030	765	0.1	-0.1	-3.41361
13064030	766	0.1	-0.1	4.22584
13064030	767	0.1	-0.1	2.79975
13064030	768	0.1	-0.1	-4.80199
13064030	769	0.1	-0.1	-5.99938
13064030	770	0.1	-0.1	-5.51933
13064030	771	0.1	-0.1	-5.2554
13064030	772	0.1	-0.1	-1.7772
13064030	773	0.1	-0.1	1.70547
13064030	774	0.1	-0.1	-1.21904
13064030	775	0.1	-0.1	3.17253
13064030	776	0.1	-0.1	1.28979
13064030	777	0.1	-0.1	-4.25355
13064030	778	0.1	-0.1	3.28414
13064030	779	0.1	-0.1	-2.09004
13064030	780	0.1	-0.1	1.0941
13064030	781	0.1	-0.1	-2.1336
13064030	782	0.1	-0.1	4.96153
13064030	783	0.1	-0.1	0.539387
13064030	784	0.1	-0.1	-0.880638
13064030	785	0.1	-0.1	3.38824
13064030	786	0.1	-0.1	-3.78476
13064030	787	0.1	-0.1	-5.37941
13064030	788	0.1	-0.1	0.951638
13064030	789	0.1	-0.1	-1.96091
13064030	790	0.1	-0.1	-2.26438
13064030	791	0.1	-0.1	5.2395
13064030	792	0.1	-0.1	-0.74218
13064030	793	0.1	-0.1	0.0600499
13064030	794	0.1	-0.1	5.91396
13064030	795	0.1	-0.1	1.38233
13064030	796	0.1	-0.1	-2.94064
13064030	797	0.1	-0.1	2.06505
13064030	798	0.1	-0.1	-3.30171
13064030	799	0.1	-0.1	5.9961
13064030	800	0.1	-0.1	4.29736
13064030	801	0.1	-0.1	-3.5584
13064030	802	0.1	-0.1	-4.8153
13064030	803	0.1	-0.1	-3.45562
13064030	804	0.1	-0.1	-0.989152
13064030	805	0.1	-0.1	-4.31546
13064030	806	0.1	-0.1	1.51366
13064030	807	0.1	-0.1	5.63109
13064030	808	0.1	-0.1	5.05598
13064030	809	0.1	-0.1	3.99035
13064030	810	0.1	-0.1	4.58507
13064030	811	0.1	-0.1	5.08455
13064030	812	0.1	-0.1	-3.61041
13064030	813	0.1	-0.1	5.83491
13064030	814	0.1	-0.1	-0.42858
13064030	815	0.1	-0.1	4.77837
13064030	816	0.1	-0.1	-1.91719
13064030	817	0.1	-0.1	-5.49448
13064030	818	0.1	-0.1	-1.39822
13064030	819	0.1	-0.1	5.78853
13064030	820	0.1	-0.1	2.78804
13064030	821	0.1	-0.1	-4.18639
13064030	822	0.1	-0.1	-5.75842
13064030	823	0.1	-0.1	-3.69736
13064030	824	0.1	-0.1	1.00061
13064030	825	0.1	-0.1	5.13061
13064030	826	0.1	-0.1	-3.34325
13064030	827	0.1	-0.1	-3.81506
13064030	828	0.1	-0.1	1.43069
13064030	829	0.1	-0.1	-1.52931
13064030	830	0.1	-0.1	-0.289214
13064030	831	0.1	-0.1	-3.5895
13064030	832	0.1	-0.1	-2.20226
13064030	833	0.1	-0.1	1.04625
13064030	834	0.1	-0.1	2.88232
13064030	835	0.1	-0.1	-4.53216
13064030	836	0.1	-0.1	-2.9794
13064030	837	0.1	-0.1	0.58753
13064030	838	0.1	-0.1	4.2194
13064030	839	0.1	-0.1	4.99843
13064030	840	0.1	-0.1	-4.07684
13064030	841	0.1	-0.1	4.88613
13064030	842	0.1	-0.1	-5.29175
13064030	843	0.1	-0.1	-0.35533
13064030	844	0.1	-0.1	-3.32063
13064030	845	0.1	-0.1	1.94943
13064030	846	0.1	-0.1	-2.95395
13064030	847	0.1	-0.1	3.94591
13064030	848	0.1	-0.1	1.85443
13064030	849	0.1	-0.1	-2.46483
13064030	850	0.1	-0.1	-3.23379
13064030	851	0.1	-0.1	2.69067
13064030	852	0.1	-0.1	0.138371
13064030	853	0.1	-0.1	1.99112
13064030	854	0.1	-0.1	3.07942
13064030	855	0.1	-0.1	-3.82548
13064030	856	0.1	-0.1	1.74877
13064030	857	0.1	-0.1	4.56643
13064030	858	0.1	-0.1	4.85389
13064030	859	0.1	-0.1	5.37933
13064030	860	0.1	-0.1	-0.558213
13064030	861	0.1	-0.1	-2.30495
13064030	862	0.1	-0.1	5.91948
13064030	863	0.1	-0.1	-0.0944572
13064030	864	0.1	-0.1	-3.45967
13064030	865	0.1	-0.1	5.9957
13064030	866	0.1	-0.1	-0.42592
13064030	867	0.1	-0.1	-3.90945
13064030	868	0.1	-0.1	-5.69392
13064030	869	0.1	-0.1	3.78893
13064030	870	0.1	-0.1	2.7772
13064030	871	0.1	-0.1	4.97384
13064030	872	0.1	-0.1	2.37792
13064030	873	0.1	-0.1	-5.50583
13064030	874	0.1	-0.1	2.48075
13064030	875	0.1	-0.1	0.525846
13064030	876	0.1	-0.1	3.08105
13064030	877	0.1	-0.1	0.514531
13064030	878	0.1	-0.1	0.130022
13064030	879	0.1	-0.1	5.36252
13064030	880	0.1	-0.1	2.87778
13064030	881	0.1	-0.1	-0.667446
13064030	882	0.1	-0.1	-2.24497
13064030	883	0.1	-0.1	-5.67846
13064030	884	0.1	-0.1	4.4675
13064030	885	0.1	-0.1	3.47103
13064030	886	0.1	-0.1	2.1908
13064030	887	0.1	-0.1	2.73867
13064030	888	0.1	-0.1	3.50565
13064030	889	0.1	-0.1	-0.0117244
13064030	890	0.1	-0.1	0.95135
13064030	891	0.1	-0.1	-1.7215
13064030	892	0.1	-0.1	-1.2186
13064030	893	0.1	-0.1	2.03032
13064030	894	0.1	-0.1	-4.74705
13064030	895	0.1	-0.1	2.75996
13064030	896	0.1	-0.1	-0.703938
13064030	897	0.1	-0.1	-3.9188
13064030	898	0.1	-0.1	-1.89606
13064030	899	0.1	-0.1	-5.75533
13064030	900	0.1	-0.1	-1.43991
13064030	901	0.1	-0.1	-5.9403
13064030	902	0.1	-0.1	-3.49285
13064030	903	0.1	-0.1	-5.39103
13064030	904	0.1	-0.1	5.00313
13064030	905	0.1	-0.1	-1.27818
13064030	906	0.1	-0.1	-5.27389
13064030	907	0.1	-0.1	-2.54802
13064030	908	0.1	-0.1	-5.21777
13064030	909	0.1	-0.1	-3.13566
13064030	910	0.1	-0.1	-0.22859
13064030	911	0.1	-0.1	2.94698
13064030	912	0.1	-0.1	4.43854
13064030	913	0.1	-0.1	0.513966
13064030	914	0.1	-0.1	-4.18876
13064030	915	0.1	-0.1	-2.86266
13064030	916	0.1	-0.1	-2.24809
13064030	917	0.1	-0.1	2.88493
13064030	918	0.1	-0.1	-0.633644
13064030	919	0.1	-0.1	-0.6957
13064030	920	0.1	-0.1	-0.577246
13064030	921	0.1	-0.1	5.96685
13064030	922	0.1	-0.1	3.75514
13064030	923	0.1	-0.1	-4.20467
13064030	924	0.1	-0.1	-1.89368
13064030	925	0.1	-0.1	3.92515
13064030	926	0.1	-0.1	1.63997
13064030	927	0.1	-0.1	-1.01015
13064030	928	0.1	-0.1	0.0692529
13064030	929	0.1	-0.1	-3.05013
13064030	930	0.1	-0.1	3.80218
13064030	931	0.1	-0.1	2.77769
13064030	932	0.1	-0.1	3.22254
13064030	933	0.1	-0.1	-0.855648
13064030	934	0.1	-0.1	-3.11101
13064030	935	0.1	-0.1	-0.212369
13064030	936	0.1	-0.1	4.74142
13064030	937	0.1	-0.1	5.5795
13064030	938	0.1	-0.1	-5.51417
13064030	939	0.1	-0.1	5.96301
13064030	940	0.1	-0.1	2.00684
13064030	941	0.1	-0.1	5.95399
13064030	942	0.1	-0.1	-4.56347
13064030	943	0.1	-0.1	3.10675
13064030	944	0.1	-0.1	2.03901
13064030	945	0.1	-0.1	1.59057
13064030	946	0.1	-0.1	-2.39522
13064030	947	0.1	-0.1	1.56396
13064030	948	0.1	-0.1	-4.09963
13064030	949	0.1	-0.1	-1.4014
13064030	950	0.1	-0.1	0.604334
13064030	951	0.1	-0.1	-2.88218
13064030	952	0.1	-0.1	-5.40312
13064030	953	0.1	-0.1	-4.48457
13064030	954	0.1	-0.1	5.1577
13064030	955	0.1	-0.1	-0.0699821
13064030	956	0.1	-0.1	-4.87677
13064030	957	0.1	-0.1	-4.0866
13064030	958	0.1	-0.1	-4.25187
13064030	959	0.1	-0.1	2.4144
13064030	960	0.1	-0.1	-1.84062
13064030	961	0.1	-0.1	-4.5662
13064030	962	0.1	-0.1	1.74054
13064030	963	0.1	-0.1	4.51815
13064030	964	0.1	-0.1	-0.970208
13064030	965	0.1	-0.1	-1.67324
13064030	966	0.1	-0.1	2.45668
13064030	967	0.1	-0.1	1.26121
13064030	968	0.1	-0.1	-5.34567
13064030	969	0.1	-0.1	-0.611887
13064030	970	0.1	-0.1	-2.89819
13064030	971	0.1	-0.1	2.29758
13064030	972	0.1	-0.1	-4.20127
13064030	973	0.1	-0.1	4.95857
13064030	974	0.1	-0.1	5.09083
13064030	975	0.1	-0.1	-5.80082
13064030	976	0.1	-0.1	-4.53656
13064030	977	0.1	-0.1	-3.26423
13064030	978	0.1	-0.1	-0.00317856
13064030	979	0.1	-0.1	-4.93873
13064030	980	0.1	-0.1	5.98413
13064030	981	0.1	-0.1	2.59362
13064030	982	0.1	-0.1	3.35657
13064030	983	0.1	-0.1	3.04102
13064030	984	0.1	-0.1	5.54366
13064030	985	0.1	-0.1	-1.3641
13064030	986	0.1	-0.1	2.96539
13064030	987	0.1	-0.1	4.28444
13064030	988	0.1	-0.1	5.96638
13064030	989	0.1	-0.1	-3.12029
13064030	990	0.1	-0.1	-2.87206
13064030	991	0.1	-0.1	-1.75234
13064030	992	0.1	-0.1	-4.65723
13064030	993	0.1	-0.1	3.33408
13064030	994	0.1	-0.1	0.58685
13064030	995	0.1	-0.1	-1.18585
13064030	996	0.1	-0.1	-0.202201
13064030	997	0.1	-0.1	-0.657364
13064030	998	0.1	-0.1	-0.658143
13064030	999	0.1	-0.1	-5.81612
13064030	1000	0.1	-0.1	4.14177
