13062026	1	0.1	-0.1	3.53484
13062026	2	0.1	-0.1	-0.873898
13062026	3	0.1	-0.1	-2.60105
13062026	4	0.1	-0.1	-0.833446
13062026	5	0.1	-0.1	-5.02909
13062026	6	0.1	-0.1	-3.76923
13062026	7	0.1	-0.1	-0.919946
13062026	8	0.1	-0.1	1.69171
13062026	9	0.1	-0.1	-5.51599
13062026	10	0.1	-0.1	4.39482
13062026	11	0.1	-0.1	-1.56419
13062026	12	0.1	-0.1	-1.60777
13062026	13	0.1	-0.1	-3.31211
13062026	14	0.1	-0.1	5.33407
13062026	15	0.1	-0.1	5.63592
13062026	16	0.1	-0.1	4.18517
13062026	17	0.1	-0.1	1.93976
13062026	18	0.1	-0.1	3.50208
13062026	19	0.1	-0.1	5.54392
13062026	20	0.1	-0.1	-4.82449
13062026	21	0.1	-0.1	5.3168
13062026	22	0.1	-0.1	1.56016
13062026	23	0.1	-0.1	-4.14337
13062026	24	0.1	-0.1	-5.99992
13062026	25	0.1	-0.1	1.18562
13062026	26	0.1	-0.1	1.78219
13062026	27	0.1	-0.1	0.683208
13062026	28	0.1	-0.1	0.217153
13062026	29	0.1	-0.1	2.03018
13062026	30	0.1	-0.1	3.84634
13062026	31	0.1	-0.1	0.291869
13062026	32	0.1	-0.1	2.6009
13062026	33	0.1	-0.1	0.158373
13062026	34	0.1	-0.1	-3.6181
13062026	35	0.1	-0.1	4.12183
13062026	36	0.1	-0.1	1.27407
13062026	37	0.1	-0.1	1.92568
13062026	38	0.1	-0.1	0.520799
13062026	39	0.1	-0.1	3.45955
13062026	40	0.1	-0.1	-2.18973
13062026	41	0.1	-0.1	2.22695
13062026	42	0.1	-0.1	2.14023
13062026	43	0.1	-0.1	3.89584
13062026	44	0.1	-0.1	0.212289
13062026	45	0.1	-0.1	-0.868618
13062026	46	0.1	-0.1	-4.9794
13062026	47	0.1	-0.1	4.93843
13062026	48	0.1	-0.1	-4.17747
13062026	49	0.1	-0.1	4.63706
13062026	50	0.1	-0.1	0.362565
13062026	51	0.1	-0.1	3.1907
13062026	52	0.1	-0.1	1.72978
13062026	53	0.1	-0.1	3.46418
13062026	54	0.1	-0.1	1.93066
13062026	55	0.1	-0.1	-3.03468
13062026	56	0.1	-0.1	0.280556
13062026	57	0.1	-0.1	-4.87998
13062026	58	0.1	-0.1	3.29799
13062026	59	0.1	-0.1	-5.3608
13062026	60	0.1	-0.1	-0.657494
13062026	61	0.1	-0.1	3.61943
13062026	62	0.1	-0.1	-2.54196
13062026	63	0.1	-0.1	3.77914
13062026	64	0.1	-0.1	-0.987326
13062026	65	0.1	-0.1	-4.4206
13062026	66	0.1	-0.1	-3.00388
13062026	67	0.1	-0.1	3.04845
13062026	68	0.1	-0.1	-1.48041
13062026	69	0.1	-0.1	-4.25065
13062026	70	0.1	-0.1	3.29701
13062026	71	0.1	-0.1	4.35887
13062026	72	0.1	-0.1	-5.44059
13062026	73	0.1	-0.1	4.48709
13062026	74	0.1	-0.1	-1.27901
13062026	75	0.1	-0.1	4.48298
13062026	76	0.1	-0.1	-5.72209
13062026	77	0.1	-0.1	-4.26316
13062026	78	0.1	-0.1	-4.01959
13062026	79	0.1	-0.1	2.99289
13062026	80	0.1	-0.1	4.41234
13062026	81	0.1	-0.1	-4.41702
13062026	82	0.1	-0.1	-5.23792
13062026	83	0.1	-0.1	-0.355046
13062026	84	0.1	-0.1	0.715686
13062026	85	0.1	-0.1	0.0420733
13062026	86	0.1	-0.1	1.00926
13062026	87	0.1	-0.1	-3.13678
13062026	88	0.1	-0.1	4.93779
13062026	89	0.1	-0.1	-3.85229
13062026	90	0.1	-0.1	-1.01922
13062026	91	0.1	-0.1	4.21407
13062026	92	0.1	-0.1	-4.46002
13062026	93	0.1	-0.1	2.6397
13062026	94	0.1	-0.1	-1.10856
13062026	95	0.1	-0.1	5.87613
13062026	96	0.1	-0.1	-3.61369
13062026	97	0.1	-0.1	2.72382
13062026	98	0.1	-0.1	-3.32318
13062026	99	0.1	-0.1	-2.65656
13062026	100	0.1	-0.1	-4.77532
13062026	101	0.1	-0.1	0.661935
13062026	102	0.1	-0.1	-4.48439
13062026	103	0.1	-0.1	-2.99686
13062026	104	0.1	-0.1	-4.41141
13062026	105	0.1	-0.1	3.11852
13062026	106	0.1	-0.1	-2.83294
13062026	107	0.1	-0.1	-3.49428
13062026	108	0.1	-0.1	-4.14751
13062026	109	0.1	-0.1	-4.17275
13062026	110	0.1	-0.1	4.25309
13062026	111	0.1	-0.1	2.67696
13062026	112	0.1	-0.1	-5.76562
13062026	113	0.1	-0.1	-5.50335
13062026	114	0.1	-0.1	0.9794
13062026	115	0.1	-0.1	0.55424
13062026	116	0.1	-0.1	-0.794319
13062026	117	0.1	-0.1	1.34079
13062026	118	0.1	-0.1	4.2295
13062026	119	0.1	-0.1	5.46337
13062026	120	0.1	-0.1	-2.10171
13062026	121	0.1	-0.1	-4.98284
13062026	122	0.1	-0.1	4.33508
13062026	123	0.1	-0.1	-0.901509
13062026	124	0.1	-0.1	-5.73764
13062026	125	0.1	-0.1	5.00694
13062026	126	0.1	-0.1	-0.219354
13062026	127	0.1	-0.1	3.07598
13062026	128	0.1	-0.1	-3.35116
13062026	129	0.1	-0.1	4.11585
13062026	130	0.1	-0.1	-2.91392
13062026	131	0.1	-0.1	-4.41312
13062026	132	0.1	-0.1	-1.70725
13062026	133	0.1	-0.1	-2.86736
13062026	134	0.1	-0.1	0.843688
13062026	135	0.1	-0.1	-5.76423
13062026	136	0.1	-0.1	2.67076
13062026	137	0.1	-0.1	2.10051
13062026	138	0.1	-0.1	-5.3111
13062026	139	0.1	-0.1	1.8125
13062026	140	0.1	-0.1	0.137506
13062026	141	0.1	-0.1	-1.19747
13062026	142	0.1	-0.1	4.14538
13062026	143	0.1	-0.1	-0.910764
13062026	144	0.1	-0.1	4.4923
13062026	145	0.1	-0.1	-1.54383
13062026	146	0.1	-0.1	3.4103
13062026	147	0.1	-0.1	3.25657
13062026	148	0.1	-0.1	-2.94418
13062026	149	0.1	-0.1	-3.00406
13062026	150	0.1	-0.1	-1.14301
13062026	151	0.1	-0.1	4.26188
13062026	152	0.1	-0.1	-0.468023
13062026	153	0.1	-0.1	-1.38972
13062026	154	0.1	-0.1	-3.13287
13062026	155	0.1	-0.1	0.814034
13062026	156	0.1	-0.1	-4.668
13062026	157	0.1	-0.1	-4.08386
13062026	158	0.1	-0.1	-5.95093
13062026	159	0.1	-0.1	-0.202767
13062026	160	0.1	-0.1	-1.82356
13062026	161	0.1	-0.1	-5.21077
13062026	162	0.1	-0.1	5.34281
13062026	163	0.1	-0.1	2.78334
13062026	164	0.1	-0.1	-5.24784
13062026	165	0.1	-0.1	-2.14902
13062026	166	0.1	-0.1	3.22804
13062026	167	0.1	-0.1	0.00400121
13062026	168	0.1	-0.1	0.274318
13062026	169	0.1	-0.1	-0.811173
13062026	170	0.1	-0.1	1.37849
13062026	171	0.1	-0.1	-2.76642
13062026	172	0.1	-0.1	-0.364291
13062026	173	0.1	-0.1	3.2156
13062026	174	0.1	-0.1	-0.200069
13062026	175	0.1	-0.1	1.32841
13062026	176	0.1	-0.1	-0.238321
13062026	177	0.1	-0.1	-1.15078
13062026	178	0.1	-0.1	1.15591
13062026	179	0.1	-0.1	4.05785
13062026	180	0.1	-0.1	-4.95513
13062026	181	0.1	-0.1	4.67555
13062026	182	0.1	-0.1	-2.83711
13062026	183	0.1	-0.1	-0.032467
13062026	184	0.1	-0.1	-2.55677
13062026	185	0.1	-0.1	-1.91603
13062026	186	0.1	-0.1	-4.17986
13062026	187	0.1	-0.1	-0.339333
13062026	188	0.1	-0.1	4.97725
13062026	189	0.1	-0.1	-2.94477
13062026	190	0.1	-0.1	0.0273133
13062026	191	0.1	-0.1	5.18813
13062026	192	0.1	-0.1	2.17592
13062026	193	0.1	-0.1	1.23663
13062026	194	0.1	-0.1	-2.49381
13062026	195	0.1	-0.1	2.84068
13062026	196	0.1	-0.1	5.04277
13062026	197	0.1	-0.1	3.68923
13062026	198	0.1	-0.1	4.71318
13062026	199	0.1	-0.1	1.5344
13062026	200	0.1	-0.1	-5.54554
13062026	201	0.1	-0.1	-1.64915
13062026	202	0.1	-0.1	-0.935679
13062026	203	0.1	-0.1	-2.19444
13062026	204	0.1	-0.1	1.50606
13062026	205	0.1	-0.1	-0.0725011
13062026	206	0.1	-0.1	-3.89095
13062026	207	0.1	-0.1	0.759484
13062026	208	0.1	-0.1	-5.16296
13062026	209	0.1	-0.1	5.45556
13062026	210	0.1	-0.1	1.20981
13062026	211	0.1	-0.1	-1.75643
13062026	212	0.1	-0.1	0.736731
13062026	213	0.1	-0.1	-3.252
13062026	214	0.1	-0.1	-2.17024
13062026	215	0.1	-0.1	1.48311
13062026	216	0.1	-0.1	4.68252
13062026	217	0.1	-0.1	1.95437
13062026	218	0.1	-0.1	5.73801
13062026	219	0.1	-0.1	-3.78275
13062026	220	0.1	-0.1	-1.32793
13062026	221	0.1	-0.1	3.38832
13062026	222	0.1	-0.1	-4.34291
13062026	223	0.1	-0.1	0.23997
13062026	224	0.1	-0.1	5.89197
13062026	225	0.1	-0.1	0.0129566
13062026	226	0.1	-0.1	5.41026
13062026	227	0.1	-0.1	-5.71524
13062026	228	0.1	-0.1	1.08757
13062026	229	0.1	-0.1	-0.0482946
13062026	230	0.1	-0.1	-3.56083
13062026	231	0.1	-0.1	1.81041
13062026	232	0.1	-0.1	0.851438
13062026	233	0.1	-0.1	-3.51035
13062026	234	0.1	-0.1	-0.761071
13062026	235	0.1	-0.1	-3.36026
13062026	236	0.1	-0.1	-0.44753
13062026	237	0.1	-0.1	2.45881
13062026	238	0.1	-0.1	3.62415
13062026	239	0.1	-0.1	5.79216
13062026	240	0.1	-0.1	-2.22441
13062026	241	0.1	-0.1	-0.331671
13062026	242	0.1	-0.1	0.59365
13062026	243	0.1	-0.1	0.853846
13062026	244	0.1	-0.1	-3.32292
13062026	245	0.1	-0.1	-1.56909
13062026	246	0.1	-0.1	-4.80618
13062026	247	0.1	-0.1	3.36493
13062026	248	0.1	-0.1	0.667193
13062026	249	0.1	-0.1	4.75363
13062026	250	0.1	-0.1	-2.5033
13062026	251	0.1	-0.1	3.18657
13062026	252	0.1	-0.1	-0.610767
13062026	253	0.1	-0.1	-4.12322
13062026	254	0.1	-0.1	-0.508722
13062026	255	0.1	-0.1	-3.48158
13062026	256	0.1	-0.1	5.22167
13062026	257	0.1	-0.1	-5.45622
13062026	258	0.1	-0.1	-2.33023
13062026	259	0.1	-0.1	-0.0681743
13062026	260	0.1	-0.1	-1.57142
13062026	261	0.1	-0.1	-1.68895
13062026	262	0.1	-0.1	5.78866
13062026	263	0.1	-0.1	2.32166
13062026	264	0.1	-0.1	-2.81004
13062026	265	0.1	-0.1	4.1903
13062026	266	0.1	-0.1	-5.42702
13062026	267	0.1	-0.1	5.09832
13062026	268	0.1	-0.1	1.73016
13062026	269	0.1	-0.1	-3.50509
13062026	270	0.1	-0.1	-1.09135
13062026	271	0.1	-0.1	-0.848111
13062026	272	0.1	-0.1	-4.60319
13062026	273	0.1	-0.1	4.21876
13062026	274	0.1	-0.1	-4.42886
13062026	275	0.1	-0.1	-1.74924
13062026	276	0.1	-0.1	4.96334
13062026	277	0.1	-0.1	2.70344
13062026	278	0.1	-0.1	5.67663
13062026	279	0.1	-0.1	-1.10118
13062026	280	0.1	-0.1	3.81067
13062026	281	0.1	-0.1	5.91704
13062026	282	0.1	-0.1	2.80994
13062026	283	0.1	-0.1	-5.00214
13062026	284	0.1	-0.1	3.2328
13062026	285	0.1	-0.1	2.33792
13062026	286	0.1	-0.1	-1.16173
13062026	287	0.1	-0.1	4.79783
13062026	288	0.1	-0.1	-1.82239
13062026	289	0.1	-0.1	-0.0866283
13062026	290	0.1	-0.1	-1.81037
13062026	291	0.1	-0.1	-3.20528
13062026	292	0.1	-0.1	5.68393
13062026	293	0.1	-0.1	-1.54208
13062026	294	0.1	-0.1	-3.0592
13062026	295	0.1	-0.1	3.55666
13062026	296	0.1	-0.1	1.74281
13062026	297	0.1	-0.1	-4.64673
13062026	298	0.1	-0.1	2.14242
13062026	299	0.1	-0.1	4.90118
13062026	300	0.1	-0.1	-4.8283
13062026	301	0.1	-0.1	-2.95832
13062026	302	0.1	-0.1	0.445801
13062026	303	0.1	-0.1	2.58423
13062026	304	0.1	-0.1	-3.10521
13062026	305	0.1	-0.1	5.77241
13062026	306	0.1	-0.1	4.09758
13062026	307	0.1	-0.1	0.891548
13062026	308	0.1	-0.1	0.0633243
13062026	309	0.1	-0.1	2.40194
13062026	310	0.1	-0.1	3.8835
13062026	311	0.1	-0.1	2.92264
13062026	312	0.1	-0.1	5.94881
13062026	313	0.1	-0.1	-1.28961
13062026	314	0.1	-0.1	-5.1413
13062026	315	0.1	-0.1	-1.93514
13062026	316	0.1	-0.1	5.28844
13062026	317	0.1	-0.1	-0.0879464
13062026	318	0.1	-0.1	3.14632
13062026	319	0.1	-0.1	-0.0356097
13062026	320	0.1	-0.1	4.10381
13062026	321	0.1	-0.1	5.5844
13062026	322	0.1	-0.1	-4.72346
13062026	323	0.1	-0.1	-1.86267
13062026	324	0.1	-0.1	0.98187
13062026	325	0.1	-0.1	-5.20962
13062026	326	0.1	-0.1	-2.63194
13062026	327	0.1	-0.1	-5.29726
13062026	328	0.1	-0.1	4.58395
13062026	329	0.1	-0.1	-5.05357
13062026	330	0.1	-0.1	1.91218
13062026	331	0.1	-0.1	-4.19036
13062026	332	0.1	-0.1	-2.04061
13062026	333	0.1	-0.1	-2.61426
13062026	334	0.1	-0.1	1.91104
13062026	335	0.1	-0.1	-1.86207
13062026	336	0.1	-0.1	4.42805
13062026	337	0.1	-0.1	-3.47911
13062026	338	0.1	-0.1	-1.88035
13062026	339	0.1	-0.1	4.77748
13062026	340	0.1	-0.1	-4.55257
13062026	341	0.1	-0.1	0.993496
13062026	342	0.1	-0.1	-3.85747
13062026	343	0.1	-0.1	-4.85507
13062026	344	0.1	-0.1	5.63255
13062026	345	0.1	-0.1	0.961172
13062026	346	0.1	-0.1	5.1611
13062026	347	0.1	-0.1	-4.00761
13062026	348	0.1	-0.1	-2.18169
13062026	349	0.1	-0.1	3.36953
13062026	350	0.1	-0.1	3.91109
13062026	351	0.1	-0.1	-4.24273
13062026	352	0.1	-0.1	-1.56262
13062026	353	0.1	-0.1	-3.56128
13062026	354	0.1	-0.1	-0.22633
13062026	355	0.1	-0.1	1.72283
13062026	356	0.1	-0.1	3.19135
13062026	357	0.1	-0.1	-0.655037
13062026	358	0.1	-0.1	1.60771
13062026	359	0.1	-0.1	1.71056
13062026	360	0.1	-0.1	-4.17556
13062026	361	0.1	-0.1	-5.13553
13062026	362	0.1	-0.1	4.35379
13062026	363	0.1	-0.1	3.60413
13062026	364	0.1	-0.1	3.90846
13062026	365	0.1	-0.1	-5.77571
13062026	366	0.1	-0.1	4.97443
13062026	367	0.1	-0.1	1.93538
13062026	368	0.1	-0.1	-2.31913
13062026	369	0.1	-0.1	-5.14531
13062026	370	0.1	-0.1	-3.89668
13062026	371	0.1	-0.1	-5.97877
13062026	372	0.1	-0.1	4.46018
13062026	373	0.1	-0.1	1.49535
13062026	374	0.1	-0.1	-2.88323
13062026	375	0.1	-0.1	0.857556
13062026	376	0.1	-0.1	5.8853
13062026	377	0.1	-0.1	5.87607
13062026	378	0.1	-0.1	-4.61141
13062026	379	0.1	-0.1	5.35381
13062026	380	0.1	-0.1	-5.08183
13062026	381	0.1	-0.1	-4.85279
13062026	382	0.1	-0.1	-2.73555
13062026	383	0.1	-0.1	-3.68995
13062026	384	0.1	-0.1	0.735916
13062026	385	0.1	-0.1	-3.57081
13062026	386	0.1	-0.1	0.874982
13062026	387	0.1	-0.1	3.93136
13062026	388	0.1	-0.1	-1.48756
13062026	389	0.1	-0.1	3.59068
13062026	390	0.1	-0.1	-5.34612
13062026	391	0.1	-0.1	-2.95076
13062026	392	0.1	-0.1	1.56532
13062026	393	0.1	-0.1	-2.19545
13062026	394	0.1	-0.1	-5.82387
13062026	395	0.1	-0.1	-5.93876
13062026	396	0.1	-0.1	5.90451
13062026	397	0.1	-0.1	1.96221
13062026	398	0.1	-0.1	5.52904
13062026	399	0.1	-0.1	-5.59256
13062026	400	0.1	-0.1	3.83344
13062026	401	0.1	-0.1	3.95596
13062026	402	0.1	-0.1	-3.26284
13062026	403	0.1	-0.1	-5.69252
13062026	404	0.1	-0.1	1.54596
13062026	405	0.1	-0.1	1.88352
13062026	406	0.1	-0.1	1.97108
13062026	407	0.1	-0.1	-1.0125
13062026	408	0.1	-0.1	-4.3306
13062026	409	0.1	-0.1	2.94443
13062026	410	0.1	-0.1	3.03899
13062026	411	0.1	-0.1	5.66924
13062026	412	0.1	-0.1	2.38918
13062026	413	0.1	-0.1	2.80484
13062026	414	0.1	-0.1	-4.3539
13062026	415	0.1	-0.1	-3.83057
13062026	416	0.1	-0.1	-0.827887
13062026	417	0.1	-0.1	-2.53192
13062026	418	0.1	-0.1	-3.71623
13062026	419	0.1	-0.1	2.08176
13062026	420	0.1	-0.1	-4.6752
13062026	421	0.1	-0.1	-5.28353
13062026	422	0.1	-0.1	4.08409
13062026	423	0.1	-0.1	4.46604
13062026	424	0.1	-0.1	-0.721616
13062026	425	0.1	-0.1	3.18427
13062026	426	0.1	-0.1	4.34222
13062026	427	0.1	-0.1	2.14959
13062026	428	0.1	-0.1	3.08981
13062026	429	0.1	-0.1	5.0701
13062026	430	0.1	-0.1	5.57027
13062026	431	0.1	-0.1	-1.29696
13062026	432	0.1	-0.1	-3.20084
13062026	433	0.1	-0.1	5.01641
13062026	434	0.1	-0.1	-1.45026
13062026	435	0.1	-0.1	1.6467
13062026	436	0.1	-0.1	-5.07301
13062026	437	0.1	-0.1	0.989595
13062026	438	0.1	-0.1	-2.27304
13062026	439	0.1	-0.1	-4.97514
13062026	440	0.1	-0.1	2.19216
13062026	441	0.1	-0.1	-3.93797
13062026	442	0.1	-0.1	0.44289
13062026	443	0.1	-0.1	0.852117
13062026	444	0.1	-0.1	-3.39832
13062026	445	0.1	-0.1	-1.63344
13062026	446	0.1	-0.1	0.295467
13062026	447	0.1	-0.1	-4.1674
13062026	448	0.1	-0.1	-3.44278
13062026	449	0.1	-0.1	1.07016
13062026	450	0.1	-0.1	-2.67594
13062026	451	0.1	-0.1	3.90816
13062026	452	0.1	-0.1	-1.66584
13062026	453	0.1	-0.1	4.73513
13062026	454	0.1	-0.1	-4.48848
13062026	455	0.1	-0.1	-5.47335
13062026	456	0.1	-0.1	0.274562
13062026	457	0.1	-0.1	4.50848
13062026	458	0.1	-0.1	5.42561
13062026	459	0.1	-0.1	-3.55978
13062026	460	0.1	-0.1	5.71868
13062026	461	0.1	-0.1	5.19663
13062026	462	0.1	-0.1	-4.89787
13062026	463	0.1	-0.1	-4.31797
13062026	464	0.1	-0.1	-1.03322
13062026	465	0.1	-0.1	4.95994
13062026	466	0.1	-0.1	-1.02281
13062026	467	0.1	-0.1	-1.8922
13062026	468	0.1	-0.1	-4.67853
13062026	469	0.1	-0.1	-1.32007
13062026	470	0.1	-0.1	-5.34449
13062026	471	0.1	-0.1	1.1519
13062026	472	0.1	-0.1	-1.12259
13062026	473	0.1	-0.1	4.68654
13062026	474	0.1	-0.1	-0.781497
13062026	475	0.1	-0.1	3.44658
13062026	476	0.1	-0.1	2.28722
13062026	477	0.1	-0.1	0.42887
13062026	478	0.1	-0.1	-0.592449
13062026	479	0.1	-0.1	3.15284
13062026	480	0.1	-0.1	-1.13766
13062026	481	0.1	-0.1	4.71548
13062026	482	0.1	-0.1	-5.339
13062026	483	0.1	-0.1	1.14754
13062026	484	0.1	-0.1	-3.2929
13062026	485	0.1	-0.1	-4.13954
13062026	486	0.1	-0.1	3.37878
13062026	487	0.1	-0.1	-0.173285
13062026	488	0.1	-0.1	0.0416057
13062026	489	0.1	-0.1	-1.58079
13062026	490	0.1	-0.1	5.91189
13062026	491	0.1	-0.1	3.0614
13062026	492	0.1	-0.1	0.31032
13062026	493	0.1	-0.1	-3.05784
13062026	494	0.1	-0.1	2.66437
13062026	495	0.1	-0.1	-4.80967
13062026	496	0.1	-0.1	-0.684891
13062026	497	0.1	-0.1	-3.08227
13062026	498	0.1	-0.1	-2.67621
13062026	499	0.1	-0.1	2.61163
13062026	500	0.1	-0.1	-2.93469
13062026	501	0.1	-0.1	5.97175
13062026	502	0.1	-0.1	1.6334
13062026	503	0.1	-0.1	5.47769
13062026	504	0.1	-0.1	4.8043
13062026	505	0.1	-0.1	3.16509
13062026	506	0.1	-0.1	-3.2581
13062026	507	0.1	-0.1	-4.97274
13062026	508	0.1	-0.1	-3.7239
13062026	509	0.1	-0.1	-2.13319
13062026	510	0.1	-0.1	-3.55017
13062026	511	0.1	-0.1	-3.30951
13062026	512	0.1	-0.1	1.82655
13062026	513	0.1	-0.1	-3.57689
13062026	514	0.1	-0.1	5.88392
13062026	515	0.1	-0.1	4.70356
13062026	516	0.1	-0.1	-1.92706
13062026	517	0.1	-0.1	1.48314
13062026	518	0.1	-0.1	3.54604
13062026	519	0.1	-0.1	-3.44575
13062026	520	0.1	-0.1	1.19555
13062026	521	0.1	-0.1	-3.77221
13062026	522	0.1	-0.1	-0.851242
13062026	523	0.1	-0.1	0.642906
13062026	524	0.1	-0.1	-0.466865
13062026	525	0.1	-0.1	-5.15271
13062026	526	0.1	-0.1	3.75749
13062026	527	0.1	-0.1	-0.807054
13062026	528	0.1	-0.1	1.29283
13062026	529	0.1	-0.1	5.33793
13062026	530	0.1	-0.1	0.382149
13062026	531	0.1	-0.1	-3.11532
13062026	532	0.1	-0.1	-3.87683
13062026	533	0.1	-0.1	-1.80902
13062026	534	0.1	-0.1	-0.61715
13062026	535	0.1	-0.1	-3.90917
13062026	536	0.1	-0.1	5.9763
13062026	537	0.1	-0.1	4.3338
13062026	538	0.1	-0.1	-4.85301
13062026	539	0.1	-0.1	-0.294417
13062026	540	0.1	-0.1	-3.22603
13062026	541	0.1	-0.1	3.13076
13062026	542	0.1	-0.1	-2.33662
13062026	543	0.1	-0.1	-2.65703
13062026	544	0.1	-0.1	4.60267
13062026	545	0.1	-0.1	-1.40669
13062026	546	0.1	-0.1	-2.46719
13062026	547	0.1	-0.1	-4.96784
13062026	548	0.1	-0.1	-5.90389
13062026	549	0.1	-0.1	-0.678582
13062026	550	0.1	-0.1	-1.28297
13062026	551	0.1	-0.1	0.219844
13062026	552	0.1	-0.1	-2.39113
13062026	553	0.1	-0.1	5.16024
13062026	554	0.1	-0.1	4.61009
13062026	555	0.1	-0.1	4.39487
13062026	556	0.1	-0.1	5.24173
13062026	557	0.1	-0.1	1.9052
13062026	558	0.1	-0.1	0.780652
13062026	559	0.1	-0.1	-5.06857
13062026	560	0.1	-0.1	5.3915
13062026	561	0.1	-0.1	-5.74649
13062026	562	0.1	-0.1	2.34567
13062026	563	0.1	-0.1	-4.4165
13062026	564	0.1	-0.1	3.48889
13062026	565	0.1	-0.1	0.613202
13062026	566	0.1	-0.1	-1.07333
13062026	567	0.1	-0.1	4.10245
13062026	568	0.1	-0.1	-1.86563
13062026	569	0.1	-0.1	4.28611
13062026	570	0.1	-0.1	5.3501
13062026	571	0.1	-0.1	-4.69813
13062026	572	0.1	-0.1	5.3054
13062026	573	0.1	-0.1	2.12398
13062026	574	0.1	-0.1	-1.22535
13062026	575	0.1	-0.1	4.64447
13062026	576	0.1	-0.1	4.65266
13062026	577	0.1	-0.1	4.61117
13062026	578	0.1	-0.1	-3.44801
13062026	579	0.1	-0.1	-5.69113
13062026	580	0.1	-0.1	4.82772
13062026	581	0.1	-0.1	2.96967
13062026	582	0.1	-0.1	-4.19651
13062026	583	0.1	-0.1	3.0864
13062026	584	0.1	-0.1	-4.71378
13062026	585	0.1	-0.1	2.1946
13062026	586	0.1	-0.1	2.7039
13062026	587	0.1	-0.1	3.80553
13062026	588	0.1	-0.1	0.240409
13062026	589	0.1	-0.1	-3.72475
13062026	590	0.1	-0.1	-5.81754
13062026	591	0.1	-0.1	0.237168
13062026	592	0.1	-0.1	3.80156
13062026	593	0.1	-0.1	2.81706
13062026	594	0.1	-0.1	0.197948
13062026	595	0.1	-0.1	5.90243
13062026	596	0.1	-0.1	5.61532
13062026	597	0.1	-0.1	-0.370866
13062026	598	0.1	-0.1	-1.82652
13062026	599	0.1	-0.1	-3.08479
13062026	600	0.1	-0.1	3.62905
13062026	601	0.1	-0.1	-4.10998
13062026	602	0.1	-0.1	-3.42044
13062026	603	0.1	-0.1	-5.93608
13062026	604	0.1	-0.1	-1.36203
13062026	605	0.1	-0.1	-4.00611
13062026	606	0.1	-0.1	1.78777
13062026	607	0.1	-0.1	0.163997
13062026	608	0.1	-0.1	1.62262
13062026	609	0.1	-0.1	-3.46262
13062026	610	0.1	-0.1	0.50411
13062026	611	0.1	-0.1	-4.91342
13062026	612	0.1	-0.1	1.40317
13062026	613	0.1	-0.1	-0.83787
13062026	614	0.1	-0.1	4.87419
13062026	615	0.1	-0.1	-0.782107
13062026	616	0.1	-0.1	2.57367
13062026	617	0.1	-0.1	1.12182
13062026	618	0.1	-0.1	-0.170256
13062026	619	0.1	-0.1	-1.68243
13062026	620	0.1	-0.1	2.02487
13062026	621	0.1	-0.1	0.171805
13062026	622	0.1	-0.1	-1.79611
13062026	623	0.1	-0.1	-0.183022
13062026	624	0.1	-0.1	-0.261385
13062026	625	0.1	-0.1	4.48817
13062026	626	0.1	-0.1	-1.49409
13062026	627	0.1	-0.1	-3.76382
13062026	628	0.1	-0.1	2.96064
13062026	629	0.1	-0.1	3.9964
13062026	630	0.1	-0.1	4.30796
13062026	631	0.1	-0.1	0.817033
13062026	632	0.1	-0.1	-5.01849
13062026	633	0.1	-0.1	1.63844
13062026	634	0.1	-0.1	-4.46666
13062026	635	0.1	-0.1	-0.208932
13062026	636	0.1	-0.1	-5.79787
13062026	637	0.1	-0.1	4.48007
13062026	638	0.1	-0.1	5.26066
13062026	639	0.1	-0.1	5.62521
13062026	640	0.1	-0.1	2.04298
13062026	641	0.1	-0.1	2.29312
13062026	642	0.1	-0.1	-3.95865
13062026	643	0.1	-0.1	-1.67979
13062026	644	0.1	-0.1	5.79339
13062026	645	0.1	-0.1	-3.38531
13062026	646	0.1	-0.1	-0.761081
13062026	647	0.1	-0.1	2.11109
13062026	648	0.1	-0.1	-3.05444
13062026	649	0.1	-0.1	-5.05957
13062026	650	0.1	-0.1	4.18351
13062026	651	0.1	-0.1	-5.81474
13062026	652	0.1	-0.1	0.481658
13062026	653	0.1	-0.1	-2.28167
13062026	654	0.1	-0.1	-0.437939
13062026	655	0.1	-0.1	-3.17301
13062026	656	0.1	-0.1	-0.814052
13062026	657	0.1	-0.1	0.69936
13062026	658	0.1	-0.1	5.98541
13062026	659	0.1	-0.1	4.76335
13062026	660	0.1	-0.1	-0.983183
13062026	661	0.1	-0.1	-4.75474
13062026	662	0.1	-0.1	4.68377
13062026	663	0.1	-0.1	-0.454638
13062026	664	0.1	-0.1	-5.5736
13062026	665	0.1	-0.1	4.3375
13062026	666	0.1	-0.1	-5.57767
13062026	667	0.1	-0.1	-1.24298
13062026	668	0.1	-0.1	-2.14667
13062026	669	0.1	-0.1	1.19435
13062026	670	0.1	-0.1	0.452323
13062026	671	0.1	-0.1	2.23556
13062026	672	0.1	-0.1	0.23378
13062026	673	0.1	-0.1	-5.49196
13062026	674	0.1	-0.1	-5.05683
13062026	675	0.1	-0.1	3.40967
13062026	676	0.1	-0.1	-0.845401
13062026	677	0.1	-0.1	-1.14472
13062026	678	0.1	-0.1	-3.91398
13062026	679	0.1	-0.1	-5.16918
13062026	680	0.1	-0.1	-5.01741
13062026	681	0.1	-0.1	-0.593153
13062026	682	0.1	-0.1	-1.59395
13062026	683	0.1	-0.1	-1.59921
13062026	684	0.1	-0.1	0.556043
13062026	685	0.1	-0.1	4.36519
13062026	686	0.1	-0.1	3.71793
13062026	687	0.1	-0.1	-1.38299
13062026	688	0.1	-0.1	-5.89304
13062026	689	0.1	-0.1	5.84658
13062026	690	0.1	-0.1	-4.61841
13062026	691	0.1	-0.1	-3.84656
13062026	692	0.1	-0.1	4.41146
13062026	693	0.1	-0.1	-3.63284
13062026	694	0.1	-0.1	0.653665
13062026	695	0.1	-0.1	3.23444
13062026	696	0.1	-0.1	5.04083
13062026	697	0.1	-0.1	1.19686
13062026	698	0.1	-0.1	-0.496953
13062026	699	0.1	-0.1	2.80057
13062026	700	0.1	-0.1	-4.10246
13062026	701	0.1	-0.1	4.66903
13062026	702	0.1	-0.1	-4.05962
13062026	703	0.1	-0.1	-3.39113
13062026	704	0.1	-0.1	-5.07557
13062026	705	0.1	-0.1	1.15654
13062026	706	0.1	-0.1	-2.99039
13062026	707	0.1	-0.1	-3.79183
13062026	708	0.1	-0.1	3.33653
13062026	709	0.1	-0.1	0.469877
13062026	710	0.1	-0.1	-2.66969
13062026	711	0.1	-0.1	-1.86098
13062026	712	0.1	-0.1	-4.24208
13062026	713	0.1	-0.1	-5.89358
13062026	714	0.1	-0.1	3.23035
13062026	715	0.1	-0.1	0.414303
13062026	716	0.1	-0.1	-0.267407
13062026	717	0.1	-0.1	5.45515
13062026	718	0.1	-0.1	-0.923036
13062026	719	0.1	-0.1	4.74573
13062026	720	0.1	-0.1	5.98303
13062026	721	0.1	-0.1	4.37265
13062026	722	0.1	-0.1	-5.75675
13062026	723	0.1	-0.1	-2.72822
13062026	724	0.1	-0.1	-2.99304
13062026	725	0.1	-0.1	-3.05553
13062026	726	0.1	-0.1	2.1666
13062026	727	0.1	-0.1	-5.48514
13062026	728	0.1	-0.1	-3.80104
13062026	729	0.1	-0.1	3.41532
13062026	730	0.1	-0.1	-1.65729
13062026	731	0.1	-0.1	5.56283
13062026	732	0.1	-0.1	-5.35479
13062026	733	0.1	-0.1	-1.62305
13062026	734	0.1	-0.1	0.281872
13062026	735	0.1	-0.1	5.2981
13062026	736	0.1	-0.1	1.91219
13062026	737	0.1	-0.1	-1.87592
13062026	738	0.1	-0.1	5.84902
13062026	739	0.1	-0.1	5.04809
13062026	740	0.1	-0.1	-4.63744
13062026	741	0.1	-0.1	-4.17325
13062026	742	0.1	-0.1	-5.84434
13062026	743	0.1	-0.1	5.82209
13062026	744	0.1	-0.1	3.6315
13062026	745	0.1	-0.1	-5.54418
13062026	746	0.1	-0.1	0.295143
13062026	747	0.1	-0.1	-0.424277
13062026	748	0.1	-0.1	-2.4553
13062026	749	0.1	-0.1	1.87737
13062026	750	0.1	-0.1	0.73319
13062026	751	0.1	-0.1	-5.20365
13062026	752	0.1	-0.1	1.60058
13062026	753	0.1	-0.1	3.824
13062026	754	0.1	-0.1	0.35019
13062026	755	0.1	-0.1	-3.26464
13062026	756	0.1	-0.1	-1.21292
13062026	757	0.1	-0.1	-5.98244
13062026	758	0.1	-0.1	0.493747
13062026	759	0.1	-0.1	2.1006
13062026	760	0.1	-0.1	-3.86704
13062026	761	0.1	-0.1	-4.09348
13062026	762	0.1	-0.1	3.97761
13062026	763	0.1	-0.1	0.581203
13062026	764	0.1	-0.1	-0.48176
13062026	765	0.1	-0.1	1.28472
13062026	766	0.1	-0.1	5.46861
13062026	767	0.1	-0.1	2.58173
13062026	768	0.1	-0.1	-0.455125
13062026	769	0.1	-0.1	4.9304
13062026	770	0.1	-0.1	0.779832
13062026	771	0.1	-0.1	-5.86067
13062026	772	0.1	-0.1	-5.71992
13062026	773	0.1	-0.1	-0.142991
13062026	774	0.1	-0.1	4.60487
13062026	775	0.1	-0.1	-5.21112
13062026	776	0.1	-0.1	4.30767
13062026	777	0.1	-0.1	3.73462
13062026	778	0.1	-0.1	2.1698
13062026	779	0.1	-0.1	2.16015
13062026	780	0.1	-0.1	1.01208
13062026	781	0.1	-0.1	4.50981
13062026	782	0.1	-0.1	1.12361
13062026	783	0.1	-0.1	2.86924
13062026	784	0.1	-0.1	3.76423
13062026	785	0.1	-0.1	3.06185
13062026	786	0.1	-0.1	-4.54183
13062026	787	0.1	-0.1	4.59608
13062026	788	0.1	-0.1	0.367638
13062026	789	0.1	-0.1	1.91656
13062026	790	0.1	-0.1	-5.69931
13062026	791	0.1	-0.1	5.73622
13062026	792	0.1	-0.1	-2.06419
13062026	793	0.1	-0.1	0.748609
13062026	794	0.1	-0.1	3.37926
13062026	795	0.1	-0.1	-2.05775
13062026	796	0.1	-0.1	-1.33469
13062026	797	0.1	-0.1	1.00452
13062026	798	0.1	-0.1	-4.29199
13062026	799	0.1	-0.1	5.85442
13062026	800	0.1	-0.1	4.74082
13062026	801	0.1	-0.1	4.09521
13062026	802	0.1	-0.1	0.845276
13062026	803	0.1	-0.1	-0.555331
13062026	804	0.1	-0.1	-5.40529
13062026	805	0.1	-0.1	-5.73586
13062026	806	0.1	-0.1	-4.27485
13062026	807	0.1	-0.1	-2.51867
13062026	808	0.1	-0.1	1.06166
13062026	809	0.1	-0.1	-4.22518
13062026	810	0.1	-0.1	1.66161
13062026	811	0.1	-0.1	-3.60482
13062026	812	0.1	-0.1	2.41997
13062026	813	0.1	-0.1	-3.80357
13062026	814	0.1	-0.1	-0.240698
13062026	815	0.1	-0.1	5.91771
13062026	816	0.1	-0.1	-0.0151847
13062026	817	0.1	-0.1	4.8975
13062026	818	0.1	-0.1	-0.324488
13062026	819	0.1	-0.1	-1.5132
13062026	820	0.1	-0.1	-3.7378
13062026	821	0.1	-0.1	3.26275
13062026	822	0.1	-0.1	3.76313
13062026	823	0.1	-0.1	-0.659824
13062026	824	0.1	-0.1	2.73037
13062026	825	0.1	-0.1	0.277916
13062026	826	0.1	-0.1	-3.06307
13062026	827	0.1	-0.1	-3.75475
13062026	828	0.1	-0.1	-0.558564
13062026	829	0.1	-0.1	4.56835
13062026	830	0.1	-0.1	0.242663
13062026	831	0.1	-0.1	-5.58514
13062026	832	0.1	-0.1	4.6871
13062026	833	0.1	-0.1	1.7713
13062026	834	0.1	-0.1	0.589815
13062026	835	0.1	-0.1	2.03229
13062026	836	0.1	-0.1	-5.84156
13062026	837	0.1	-0.1	4.30293
13062026	838	0.1	-0.1	3.62383
13062026	839	0.1	-0.1	-2.10733
13062026	840	0.1	-0.1	2.27778
13062026	841	0.1	-0.1	5.98744
13062026	842	0.1	-0.1	-0.632242
13062026	843	0.1	-0.1	1.70811
13062026	844	0.1	-0.1	4.33955
13062026	845	0.1	-0.1	-2.23296
13062026	846	0.1	-0.1	1.39624
13062026	847	0.1	-0.1	0.0148919
13062026	848	0.1	-0.1	-1.22903
13062026	849	0.1	-0.1	4.89476
13062026	850	0.1	-0.1	-4.63073
13062026	851	0.1	-0.1	0.907801
13062026	852	0.1	-0.1	5.18891
13062026	853	0.1	-0.1	5.11101
13062026	854	0.1	-0.1	-0.546379
13062026	855	0.1	-0.1	-2.26299
13062026	856	0.1	-0.1	-5.50674
13062026	857	0.1	-0.1	-4.04958
13062026	858	0.1	-0.1	2.36754
13062026	859	0.1	-0.1	5.95817
13062026	860	0.1	-0.1	-4.40598
13062026	861	0.1	-0.1	-4.40649
13062026	862	0.1	-0.1	-1.56497
13062026	863	0.1	-0.1	0.257413
13062026	864	0.1	-0.1	-5.34344
13062026	865	0.1	-0.1	5.76996
13062026	866	0.1	-0.1	2.88083
13062026	867	0.1	-0.1	0.143376
13062026	868	0.1	-0.1	1.15547
13062026	869	0.1	-0.1	1.58558
13062026	870	0.1	-0.1	-5.11208
13062026	871	0.1	-0.1	-2.86567
13062026	872	0.1	-0.1	-1.03455
13062026	873	0.1	-0.1	-3.54127
13062026	874	0.1	-0.1	4.51236
13062026	875	0.1	-0.1	5.15496
13062026	876	0.1	-0.1	-0.688179
13062026	877	0.1	-0.1	1.80264
13062026	878	0.1	-0.1	4.86137
13062026	879	0.1	-0.1	-2.47632
13062026	880	0.1	-0.1	4.07516
13062026	881	0.1	-0.1	4.20222
13062026	882	0.1	-0.1	2.06418
13062026	883	0.1	-0.1	-5.03975
13062026	884	0.1	-0.1	-1.88056
13062026	885	0.1	-0.1	4.25999
13062026	886	0.1	-0.1	5.29727
13062026	887	0.1	-0.1	-3.37384
13062026	888	0.1	-0.1	-0.492236
13062026	889	0.1	-0.1	-3.4266
13062026	890	0.1	-0.1	0.824303
13062026	891	0.1	-0.1	-3.12532
13062026	892	0.1	-0.1	4.52051
13062026	893	0.1	-0.1	-1.71562
13062026	894	0.1	-0.1	-3.8217
13062026	895	0.1	-0.1	3.90194
13062026	896	0.1	-0.1	-5.81555
13062026	897	0.1	-0.1	0.25515
13062026	898	0.1	-0.1	-3.57537
13062026	899	0.1	-0.1	-3.24099
13062026	900	0.1	-0.1	-0.195133
13062026	901	0.1	-0.1	-4.31906
13062026	902	0.1	-0.1	-3.38434
13062026	903	0.1	-0.1	-3.76097
13062026	904	0.1	-0.1	-2.27005
13062026	905	0.1	-0.1	5.2196
13062026	906	0.1	-0.1	1.51922
13062026	907	0.1	-0.1	1.29864
13062026	908	0.1	-0.1	4.80755
13062026	909	0.1	-0.1	4.695
13062026	910	0.1	-0.1	-5.67507
13062026	911	0.1	-0.1	1.19664
13062026	912	0.1	-0.1	-5.12622
13062026	913	0.1	-0.1	-2.51106
13062026	914	0.1	-0.1	-0.79817
13062026	915	0.1	-0.1	5.01608
13062026	916	0.1	-0.1	1.0613
13062026	917	0.1	-0.1	-2.49708
13062026	918	0.1	-0.1	4.94778
13062026	919	0.1	-0.1	-5.87678
13062026	920	0.1	-0.1	-3.1989
13062026	921	0.1	-0.1	0.412949
13062026	922	0.1	-0.1	1.20947
13062026	923	0.1	-0.1	-4.66603
13062026	924	0.1	-0.1	-2.99508
13062026	925	0.1	-0.1	-1.85893
13062026	926	0.1	-0.1	2.61728
13062026	927	0.1	-0.1	-0.194165
13062026	928	0.1	-0.1	-5.26903
13062026	929	0.1	-0.1	-1.56598
13062026	930	0.1	-0.1	-2.35589
13062026	931	0.1	-0.1	-3.93435
13062026	932	0.1	-0.1	-4.65597
13062026	933	0.1	-0.1	-2.58933
13062026	934	0.1	-0.1	3.57957
13062026	935	0.1	-0.1	-2.89736
13062026	936	0.1	-0.1	1.65229
13062026	937	0.1	-0.1	0.448348
13062026	938	0.1	-0.1	-5.87088
13062026	939	0.1	-0.1	3.18172
13062026	940	0.1	-0.1	5.62909
13062026	941	0.1	-0.1	-0.148025
13062026	942	0.1	-0.1	2.37193
13062026	943	0.1	-0.1	5.48125
13062026	944	0.1	-0.1	-0.618237
13062026	945	0.1	-0.1	4.78715
13062026	946	0.1	-0.1	2.21365
13062026	947	0.1	-0.1	-2.63203
13062026	948	0.1	-0.1	-1.07734
13062026	949	0.1	-0.1	-2.97134
13062026	950	0.1	-0.1	2.33951
13062026	951	0.1	-0.1	0.967927
13062026	952	0.1	-0.1	-0.838723
13062026	953	0.1	-0.1	1.69861
13062026	954	0.1	-0.1	-5.66852
13062026	955	0.1	-0.1	5.23268
13062026	956	0.1	-0.1	-4.87279
13062026	957	0.1	-0.1	-4.75479
13062026	958	0.1	-0.1	-5.50332
13062026	959	0.1	-0.1	-3.54067
13062026	960	0.1	-0.1	5.36513
13062026	961	0.1	-0.1	-0.63015
13062026	962	0.1	-0.1	-4.31966
13062026	963	0.1	-0.1	4.00152
13062026	964	0.1	-0.1	5.63571
13062026	965	0.1	-0.1	0.641079
13062026	966	0.1	-0.1	-3.85839
13062026	967	0.1	-0.1	-2.67589
13062026	968	0.1	-0.1	-5.57175
13062026	969	0.1	-0.1	-3.95908
13062026	970	0.1	-0.1	5.56557
13062026	971	0.1	-0.1	0.425089
13062026	972	0.1	-0.1	4.59254
13062026	973	0.1	-0.1	-1.14245
13062026	974	0.1	-0.1	3.75515
13062026	975	0.1	-0.1	1.33203
13062026	976	0.1	-0.1	4.99688
13062026	977	0.1	-0.1	5.81011
13062026	978	0.1	-0.1	5.20184
13062026	979	0.1	-0.1	-0.00106639
13062026	980	0.1	-0.1	3.47811
13062026	981	0.1	-0.1	-1.18771
13062026	982	0.1	-0.1	-4.79158
13062026	983	0.1	-0.1	2.04697
13062026	984	0.1	-0.1	-2.13713
13062026	985	0.1	-0.1	4.63609
13062026	986	0.1	-0.1	5.57436
13062026	987	0.1	-0.1	-3.96493
13062026	988	0.1	-0.1	4.41333
13062026	989	0.1	-0.1	-2.31365
13062026	990	0.1	-0.1	3.81362
13062026	991	0.1	-0.1	-1.65321
13062026	992	0.1	-0.1	2.71991
13062026	993	0.1	-0.1	5.96553
13062026	994	0.1	-0.1	5.36239
13062026	995	0.1	-0.1	-0.859697
13062026	996	0.1	-0.1	-0.841229
13062026	997	0.1	-0.1	4.11904
13062026	998	0.1	-0.1	-5.34056
13062026	999	0.1	-0.1	4.6958
13062026	1000	0.1	-0.1	2.77249
