13063068	1	0.1	-0.1	-1.82152
13063068	2	0.1	-0.1	2.73632
13063068	3	0.1	-0.1	1.16935
13063068	4	0.1	-0.1	5.29348
13063068	5	0.1	-0.1	-3.92152
13063068	6	0.1	-0.1	-4.24919
13063068	7	0.1	-0.1	5.52955
13063068	8	0.1	-0.1	3.00128
13063068	9	0.1	-0.1	-1.81716
13063068	10	0.1	-0.1	-4.31044
13063068	11	0.1	-0.1	-1.44051
13063068	12	0.1	-0.1	4.19706
13063068	13	0.1	-0.1	-4.36627
13063068	14	0.1	-0.1	-5.93118
13063068	15	0.1	-0.1	-1.2881
13063068	16	0.1	-0.1	5.69281
13063068	17	0.1	-0.1	5.86958
13063068	18	0.1	-0.1	-1.00594
13063068	19	0.1	-0.1	1.76596
13063068	20	0.1	-0.1	3.63636
13063068	21	0.1	-0.1	-5.12781
13063068	22	0.1	-0.1	-1.18455
13063068	23	0.1	-0.1	0.225352
13063068	24	0.1	-0.1	-2.94141
13063068	25	0.1	-0.1	4.27432
13063068	26	0.1	-0.1	3.40375
13063068	27	0.1	-0.1	0.641002
13063068	28	0.1	-0.1	-3.78451
13063068	29	0.1	-0.1	0.796216
13063068	30	0.1	-0.1	1.40843
13063068	31	0.1	-0.1	-0.628284
13063068	32	0.1	-0.1	0.662357
13063068	33	0.1	-0.1	2.54534
13063068	34	0.1	-0.1	5.20579
13063068	35	0.1	-0.1	1.6566
13063068	36	0.1	-0.1	-0.0222325
13063068	37	0.1	-0.1	-0.849234
13063068	38	0.1	-0.1	2.41051
13063068	39	0.1	-0.1	-5.23817
13063068	40	0.1	-0.1	2.22118
13063068	41	0.1	-0.1	5.52868
13063068	42	0.1	-0.1	-3.66713
13063068	43	0.1	-0.1	3.07231
13063068	44	0.1	-0.1	-1.1058
13063068	45	0.1	-0.1	-2.47739
13063068	46	0.1	-0.1	1.75766
13063068	47	0.1	-0.1	-2.60981
13063068	48	0.1	-0.1	0.487704
13063068	49	0.1	-0.1	-1.68672
13063068	50	0.1	-0.1	-1.68544
13063068	51	0.1	-0.1	2.77932
13063068	52	0.1	-0.1	-0.637756
13063068	53	0.1	-0.1	-5.61659
13063068	54	0.1	-0.1	-0.844256
13063068	55	0.1	-0.1	-0.0677311
13063068	56	0.1	-0.1	3.36097
13063068	57	0.1	-0.1	-2.55903
13063068	58	0.1	-0.1	4.13563
13063068	59	0.1	-0.1	2.85278
13063068	60	0.1	-0.1	-5.44686
13063068	61	0.1	-0.1	-4.32768
13063068	62	0.1	-0.1	2.39428
13063068	63	0.1	-0.1	5.71966
13063068	64	0.1	-0.1	-0.415565
13063068	65	0.1	-0.1	3.28954
13063068	66	0.1	-0.1	-0.223448
13063068	67	0.1	-0.1	-4.40879
13063068	68	0.1	-0.1	2.13354
13063068	69	0.1	-0.1	-3.5503
13063068	70	0.1	-0.1	0.073296
13063068	71	0.1	-0.1	-5.83143
13063068	72	0.1	-0.1	5.60718
13063068	73	0.1	-0.1	-2.47929
13063068	74	0.1	-0.1	3.22336
13063068	75	0.1	-0.1	-3.46428
13063068	76	0.1	-0.1	3.07551
13063068	77	0.1	-0.1	5.71681
13063068	78	0.1	-0.1	2.7914
13063068	79	0.1	-0.1	4.81488
13063068	80	0.1	-0.1	4.28138
13063068	81	0.1	-0.1	-4.71022
13063068	82	0.1	-0.1	-1.49672
13063068	83	0.1	-0.1	2.75456
13063068	84	0.1	-0.1	5.84483
13063068	85	0.1	-0.1	-4.91269
13063068	86	0.1	-0.1	-0.526921
13063068	87	0.1	-0.1	3.41514
13063068	88	0.1	-0.1	-3.51821
13063068	89	0.1	-0.1	3.34499
13063068	90	0.1	-0.1	-1.70824
13063068	91	0.1	-0.1	-5.99816
13063068	92	0.1	-0.1	-3.20763
13063068	93	0.1	-0.1	5.56346
13063068	94	0.1	-0.1	-0.243163
13063068	95	0.1	-0.1	1.56509
13063068	96	0.1	-0.1	3.77563
13063068	97	0.1	-0.1	-1.30093
13063068	98	0.1	-0.1	-4.78836
13063068	99	0.1	-0.1	3.98199
13063068	100	0.1	-0.1	4.43513
13063068	101	0.1	-0.1	-2.72388
13063068	102	0.1	-0.1	-1.8288
13063068	103	0.1	-0.1	1.41803
13063068	104	0.1	-0.1	-2.04903
13063068	105	0.1	-0.1	1.60066
13063068	106	0.1	-0.1	1.47406
13063068	107	0.1	-0.1	-4.88192
13063068	108	0.1	-0.1	-1.39732
13063068	109	0.1	-0.1	2.26044
13063068	110	0.1	-0.1	5.90026
13063068	111	0.1	-0.1	0.725447
13063068	112	0.1	-0.1	0.620571
13063068	113	0.1	-0.1	-3.12556
13063068	114	0.1	-0.1	3.93487
13063068	115	0.1	-0.1	-3.91825
13063068	116	0.1	-0.1	-5.81086
13063068	117	0.1	-0.1	5.3981
13063068	118	0.1	-0.1	2.14531
13063068	119	0.1	-0.1	-1.75502
13063068	120	0.1	-0.1	2.67056
13063068	121	0.1	-0.1	0.936868
13063068	122	0.1	-0.1	3.23734
13063068	123	0.1	-0.1	3.3142
13063068	124	0.1	-0.1	2.28379
13063068	125	0.1	-0.1	1.55691
13063068	126	0.1	-0.1	-3.76663
13063068	127	0.1	-0.1	3.27146
13063068	128	0.1	-0.1	5.29362
13063068	129	0.1	-0.1	4.86807
13063068	130	0.1	-0.1	-3.17405
13063068	131	0.1	-0.1	4.23067
13063068	132	0.1	-0.1	1.07028
13063068	133	0.1	-0.1	2.61923
13063068	134	0.1	-0.1	0.756718
13063068	135	0.1	-0.1	2.68326
13063068	136	0.1	-0.1	2.48094
13063068	137	0.1	-0.1	-0.226601
13063068	138	0.1	-0.1	0.103337
13063068	139	0.1	-0.1	0.790012
13063068	140	0.1	-0.1	3.63826
13063068	141	0.1	-0.1	4.84988
13063068	142	0.1	-0.1	-1.31276
13063068	143	0.1	-0.1	-2.85009
13063068	144	0.1	-0.1	-5.30417
13063068	145	0.1	-0.1	4.93256
13063068	146	0.1	-0.1	-4.30323
13063068	147	0.1	-0.1	-5.59006
13063068	148	0.1	-0.1	-2.23449
13063068	149	0.1	-0.1	4.93967
13063068	150	0.1	-0.1	-0.996479
13063068	151	0.1	-0.1	1.79888
13063068	152	0.1	-0.1	-2.67078
13063068	153	0.1	-0.1	-5.01124
13063068	154	0.1	-0.1	-1.24646
13063068	155	0.1	-0.1	-2.83887
13063068	156	0.1	-0.1	-0.679217
13063068	157	0.1	-0.1	3.72072
13063068	158	0.1	-0.1	-0.0119831
13063068	159	0.1	-0.1	-0.648751
13063068	160	0.1	-0.1	-1.95841
13063068	161	0.1	-0.1	1.90058
13063068	162	0.1	-0.1	3.49123
13063068	163	0.1	-0.1	0.279353
13063068	164	0.1	-0.1	3.27116
13063068	165	0.1	-0.1	4.94696
13063068	166	0.1	-0.1	5.78194
13063068	167	0.1	-0.1	5.8359
13063068	168	0.1	-0.1	-4.97258
13063068	169	0.1	-0.1	-0.936732
13063068	170	0.1	-0.1	2.48012
13063068	171	0.1	-0.1	-0.850611
13063068	172	0.1	-0.1	4.49661
13063068	173	0.1	-0.1	-3.31513
13063068	174	0.1	-0.1	-3.88388
13063068	175	0.1	-0.1	-2.434
13063068	176	0.1	-0.1	-0.608978
13063068	177	0.1	-0.1	-1.98454
13063068	178	0.1	-0.1	-1.40095
13063068	179	0.1	-0.1	2.33217
13063068	180	0.1	-0.1	4.67759
13063068	181	0.1	-0.1	-4.66183
13063068	182	0.1	-0.1	-2.16705
13063068	183	0.1	-0.1	-5.68011
13063068	184	0.1	-0.1	3.93119
13063068	185	0.1	-0.1	0.993196
13063068	186	0.1	-0.1	-2.93565
13063068	187	0.1	-0.1	4.53805
13063068	188	0.1	-0.1	-4.14213
13063068	189	0.1	-0.1	1.78781
13063068	190	0.1	-0.1	-3.24583
13063068	191	0.1	-0.1	1.92007
13063068	192	0.1	-0.1	3.74548
13063068	193	0.1	-0.1	-2.35554
13063068	194	0.1	-0.1	3.8318
13063068	195	0.1	-0.1	2.73993
13063068	196	0.1	-0.1	2.87272
13063068	197	0.1	-0.1	-4.93667
13063068	198	0.1	-0.1	-2.24968
13063068	199	0.1	-0.1	3.81642
13063068	200	0.1	-0.1	-2.04196
13063068	201	0.1	-0.1	-0.259844
13063068	202	0.1	-0.1	-0.708282
13063068	203	0.1	-0.1	-1.15235
13063068	204	0.1	-0.1	4.07724
13063068	205	0.1	-0.1	-1.21101
13063068	206	0.1	-0.1	4.93212
13063068	207	0.1	-0.1	4.92995
13063068	208	0.1	-0.1	-0.0445488
13063068	209	0.1	-0.1	5.72138
13063068	210	0.1	-0.1	-0.0768848
13063068	211	0.1	-0.1	5.80482
13063068	212	0.1	-0.1	0.0755397
13063068	213	0.1	-0.1	-0.416384
13063068	214	0.1	-0.1	-0.931796
13063068	215	0.1	-0.1	-2.48428
13063068	216	0.1	-0.1	0.726193
13063068	217	0.1	-0.1	-0.347421
13063068	218	0.1	-0.1	-1.57856
13063068	219	0.1	-0.1	-4.17949
13063068	220	0.1	-0.1	4.12823
13063068	221	0.1	-0.1	2.25857
13063068	222	0.1	-0.1	3.14526
13063068	223	0.1	-0.1	-2.92875
13063068	224	0.1	-0.1	-5.11921
13063068	225	0.1	-0.1	0.0386914
13063068	226	0.1	-0.1	-4.68461
13063068	227	0.1	-0.1	-5.39822
13063068	228	0.1	-0.1	-5.94134
13063068	229	0.1	-0.1	-5.82274
13063068	230	0.1	-0.1	-2.51114
13063068	231	0.1	-0.1	4.60506
13063068	232	0.1	-0.1	5.81033
13063068	233	0.1	-0.1	-5.25523
13063068	234	0.1	-0.1	-2.00547
13063068	235	0.1	-0.1	3.40699
13063068	236	0.1	-0.1	0.702567
13063068	237	0.1	-0.1	1.78974
13063068	238	0.1	-0.1	-5.22995
13063068	239	0.1	-0.1	1.81761
13063068	240	0.1	-0.1	-1.16007
13063068	241	0.1	-0.1	-4.10523
13063068	242	0.1	-0.1	3.09828
13063068	243	0.1	-0.1	1.01204
13063068	244	0.1	-0.1	5.71349
13063068	245	0.1	-0.1	-5.18735
13063068	246	0.1	-0.1	3.42777
13063068	247	0.1	-0.1	5.1797
13063068	248	0.1	-0.1	-3.19714
13063068	249	0.1	-0.1	-5.88383
13063068	250	0.1	-0.1	4.18918
13063068	251	0.1	-0.1	-1.90828
13063068	252	0.1	-0.1	2.34137
13063068	253	0.1	-0.1	-1.18272
13063068	254	0.1	-0.1	4.68785
13063068	255	0.1	-0.1	0.451633
13063068	256	0.1	-0.1	2.57601
13063068	257	0.1	-0.1	3.84569
13063068	258	0.1	-0.1	0.505873
13063068	259	0.1	-0.1	2.87957
13063068	260	0.1	-0.1	-0.629945
13063068	261	0.1	-0.1	-4.68682
13063068	262	0.1	-0.1	4.94033
13063068	263	0.1	-0.1	-5.69554
13063068	264	0.1	-0.1	2.17002
13063068	265	0.1	-0.1	-4.05868
13063068	266	0.1	-0.1	3.46621
13063068	267	0.1	-0.1	-5.82335
13063068	268	0.1	-0.1	-2.88357
13063068	269	0.1	-0.1	-5.44829
13063068	270	0.1	-0.1	0.921668
13063068	271	0.1	-0.1	-5.15175
13063068	272	0.1	-0.1	2.62134
13063068	273	0.1	-0.1	3.96593
13063068	274	0.1	-0.1	-0.663144
13063068	275	0.1	-0.1	-0.966755
13063068	276	0.1	-0.1	2.61236
13063068	277	0.1	-0.1	-4.44408
13063068	278	0.1	-0.1	-5.57707
13063068	279	0.1	-0.1	-1.76823
13063068	280	0.1	-0.1	4.9552
13063068	281	0.1	-0.1	-2.45606
13063068	282	0.1	-0.1	-5.13149
13063068	283	0.1	-0.1	-4.26186
13063068	284	0.1	-0.1	-4.87795
13063068	285	0.1	-0.1	4.99674
13063068	286	0.1	-0.1	1.96462
13063068	287	0.1	-0.1	-4.90471
13063068	288	0.1	-0.1	-0.370086
13063068	289	0.1	-0.1	2.78713
13063068	290	0.1	-0.1	4.88852
13063068	291	0.1	-0.1	0.904041
13063068	292	0.1	-0.1	-2.84481
13063068	293	0.1	-0.1	1.7297
13063068	294	0.1	-0.1	-5.23181
13063068	295	0.1	-0.1	-3.10058
13063068	296	0.1	-0.1	2.11499
13063068	297	0.1	-0.1	-1.37479
13063068	298	0.1	-0.1	-0.625178
13063068	299	0.1	-0.1	-5.29374
13063068	300	0.1	-0.1	-3.26699
13063068	301	0.1	-0.1	-0.35102
13063068	302	0.1	-0.1	5.52816
13063068	303	0.1	-0.1	-1.35713
13063068	304	0.1	-0.1	1.12016
13063068	305	0.1	-0.1	-1.44906
13063068	306	0.1	-0.1	-1.84039
13063068	307	0.1	-0.1	-0.770739
13063068	308	0.1	-0.1	-4.9099
13063068	309	0.1	-0.1	3.84072
13063068	310	0.1	-0.1	-4.21119
13063068	311	0.1	-0.1	3.90567
13063068	312	0.1	-0.1	-1.25562
13063068	313	0.1	-0.1	-5.03904
13063068	314	0.1	-0.1	2.22504
13063068	315	0.1	-0.1	-3.11434
13063068	316	0.1	-0.1	3.95602
13063068	317	0.1	-0.1	-2.16106
13063068	318	0.1	-0.1	-1.01542
13063068	319	0.1	-0.1	-1.57033
13063068	320	0.1	-0.1	-2.06832
13063068	321	0.1	-0.1	-0.10762
13063068	322	0.1	-0.1	-5.1322
13063068	323	0.1	-0.1	4.67003
13063068	324	0.1	-0.1	-0.276101
13063068	325	0.1	-0.1	-3.66621
13063068	326	0.1	-0.1	-5.43693
13063068	327	0.1	-0.1	5.67709
13063068	328	0.1	-0.1	1.38816
13063068	329	0.1	-0.1	-2.44296
13063068	330	0.1	-0.1	2.06031
13063068	331	0.1	-0.1	3.13113
13063068	332	0.1	-0.1	-4.44394
13063068	333	0.1	-0.1	-2.53326
13063068	334	0.1	-0.1	1.22541
13063068	335	0.1	-0.1	2.22307
13063068	336	0.1	-0.1	-3.04709
13063068	337	0.1	-0.1	-0.836208
13063068	338	0.1	-0.1	-3.09534
13063068	339	0.1	-0.1	3.68145
13063068	340	0.1	-0.1	-5.2013
13063068	341	0.1	-0.1	-5.5426
13063068	342	0.1	-0.1	-3.10682
13063068	343	0.1	-0.1	5.17193
13063068	344	0.1	-0.1	-2.71278
13063068	345	0.1	-0.1	0.526623
13063068	346	0.1	-0.1	-4.76905
13063068	347	0.1	-0.1	3.53547
13063068	348	0.1	-0.1	-1.92232
13063068	349	0.1	-0.1	1.6139
13063068	350	0.1	-0.1	-5.78611
13063068	351	0.1	-0.1	-3.56097
13063068	352	0.1	-0.1	4.04371
13063068	353	0.1	-0.1	-4.32326
13063068	354	0.1	-0.1	-3.70857
13063068	355	0.1	-0.1	-5.57612
13063068	356	0.1	-0.1	-2.65575
13063068	357	0.1	-0.1	1.457
13063068	358	0.1	-0.1	-2.4292
13063068	359	0.1	-0.1	1.45699
13063068	360	0.1	-0.1	-5.20868
13063068	361	0.1	-0.1	2.14962
13063068	362	0.1	-0.1	4.96099
13063068	363	0.1	-0.1	0.729951
13063068	364	0.1	-0.1	-2.35933
13063068	365	0.1	-0.1	4.01513
13063068	366	0.1	-0.1	1.22414
13063068	367	0.1	-0.1	-2.87114
13063068	368	0.1	-0.1	5.39725
13063068	369	0.1	-0.1	0.138958
13063068	370	0.1	-0.1	-5.22074
13063068	371	0.1	-0.1	-2.80281
13063068	372	0.1	-0.1	1.87044
13063068	373	0.1	-0.1	-0.928301
13063068	374	0.1	-0.1	-3.2508
13063068	375	0.1	-0.1	-2.80787
13063068	376	0.1	-0.1	0.237357
13063068	377	0.1	-0.1	3.70514
13063068	378	0.1	-0.1	-5.08419
13063068	379	0.1	-0.1	-2.20272
13063068	380	0.1	-0.1	3.34096
13063068	381	0.1	-0.1	-5.56875
13063068	382	0.1	-0.1	2.04778
13063068	383	0.1	-0.1	-3.42938
13063068	384	0.1	-0.1	-3.38961
13063068	385	0.1	-0.1	-5.10234
13063068	386	0.1	-0.1	-2.31558
13063068	387	0.1	-0.1	-4.25787
13063068	388	0.1	-0.1	-2.48191
13063068	389	0.1	-0.1	0.216163
13063068	390	0.1	-0.1	-1.12351
13063068	391	0.1	-0.1	3.43668
13063068	392	0.1	-0.1	-5.9504
13063068	393	0.1	-0.1	-0.120638
13063068	394	0.1	-0.1	3.47692
13063068	395	0.1	-0.1	-1.62503
13063068	396	0.1	-0.1	4.05852
13063068	397	0.1	-0.1	-2.95546
13063068	398	0.1	-0.1	-3.45402
13063068	399	0.1	-0.1	5.54491
13063068	400	0.1	-0.1	-5.74689
13063068	401	0.1	-0.1	2.78707
13063068	402	0.1	-0.1	-3.37461
13063068	403	0.1	-0.1	1.56735
13063068	404	0.1	-0.1	0.85146
13063068	405	0.1	-0.1	1.02416
13063068	406	0.1	-0.1	4.45261
13063068	407	0.1	-0.1	5.72818
13063068	408	0.1	-0.1	0.00906835
13063068	409	0.1	-0.1	2.46014
13063068	410	0.1	-0.1	1.8203
13063068	411	0.1	-0.1	-0.185911
13063068	412	0.1	-0.1	-5.32292
13063068	413	0.1	-0.1	-3.84818
13063068	414	0.1	-0.1	-4.40834
13063068	415	0.1	-0.1	5.77901
13063068	416	0.1	-0.1	1.21563
13063068	417	0.1	-0.1	-2.4178
13063068	418	0.1	-0.1	-1.67326
13063068	419	0.1	-0.1	1.97898
13063068	420	0.1	-0.1	-3.13458
13063068	421	0.1	-0.1	5.39697
13063068	422	0.1	-0.1	3.02567
13063068	423	0.1	-0.1	-3.87918
13063068	424	0.1	-0.1	-3.13839
13063068	425	0.1	-0.1	-0.307536
13063068	426	0.1	-0.1	3.16901
13063068	427	0.1	-0.1	3.59026
13063068	428	0.1	-0.1	-2.71168
13063068	429	0.1	-0.1	-5.94906
13063068	430	0.1	-0.1	-5.56812
13063068	431	0.1	-0.1	-1.49416
13063068	432	0.1	-0.1	3.88719
13063068	433	0.1	-0.1	-5.28225
13063068	434	0.1	-0.1	-1.96518
13063068	435	0.1	-0.1	-4.64423
13063068	436	0.1	-0.1	-2.45358
13063068	437	0.1	-0.1	4.83881
13063068	438	0.1	-0.1	4.16802
13063068	439	0.1	-0.1	-3.76816
13063068	440	0.1	-0.1	-1.98449
13063068	441	0.1	-0.1	4.23236
13063068	442	0.1	-0.1	-3.13535
13063068	443	0.1	-0.1	5.11558
13063068	444	0.1	-0.1	-3.92011
13063068	445	0.1	-0.1	5.0564
13063068	446	0.1	-0.1	-3.5541
13063068	447	0.1	-0.1	3.73984
13063068	448	0.1	-0.1	-0.85307
13063068	449	0.1	-0.1	3.61476
13063068	450	0.1	-0.1	-1.89957
13063068	451	0.1	-0.1	4.01057
13063068	452	0.1	-0.1	3.29639
13063068	453	0.1	-0.1	-2.48207
13063068	454	0.1	-0.1	3.58283
13063068	455	0.1	-0.1	4.44769
13063068	456	0.1	-0.1	2.93767
13063068	457	0.1	-0.1	2.24252
13063068	458	0.1	-0.1	-5.41612
13063068	459	0.1	-0.1	0.785486
13063068	460	0.1	-0.1	-2.30548
13063068	461	0.1	-0.1	0.956691
13063068	462	0.1	-0.1	1.43362
13063068	463	0.1	-0.1	1.4104
13063068	464	0.1	-0.1	0.303679
13063068	465	0.1	-0.1	4.9658
13063068	466	0.1	-0.1	4.9765
13063068	467	0.1	-0.1	-4.19415
13063068	468	0.1	-0.1	2.66956
13063068	469	0.1	-0.1	4.16357
13063068	470	0.1	-0.1	2.82296
13063068	471	0.1	-0.1	-0.309074
13063068	472	0.1	-0.1	-2.73531
13063068	473	0.1	-0.1	-2.31348
13063068	474	0.1	-0.1	-1.72321
13063068	475	0.1	-0.1	5.06128
13063068	476	0.1	-0.1	-0.881021
13063068	477	0.1	-0.1	3.8791
13063068	478	0.1	-0.1	5.81366
13063068	479	0.1	-0.1	-1.17856
13063068	480	0.1	-0.1	-1.68126
13063068	481	0.1	-0.1	0.552284
13063068	482	0.1	-0.1	2.23144
13063068	483	0.1	-0.1	-0.504237
13063068	484	0.1	-0.1	1.15488
13063068	485	0.1	-0.1	1.85953
13063068	486	0.1	-0.1	-2.57456
13063068	487	0.1	-0.1	5.93295
13063068	488	0.1	-0.1	-2.3756
13063068	489	0.1	-0.1	0.399185
13063068	490	0.1	-0.1	-3.98035
13063068	491	0.1	-0.1	3.56174
13063068	492	0.1	-0.1	-2.8032
13063068	493	0.1	-0.1	-1.08134
13063068	494	0.1	-0.1	1.51133
13063068	495	0.1	-0.1	4.34616
13063068	496	0.1	-0.1	3.57143
13063068	497	0.1	-0.1	-3.8322
13063068	498	0.1	-0.1	1.77549
13063068	499	0.1	-0.1	1.30623
13063068	500	0.1	-0.1	-3.00081
13063068	501	0.1	-0.1	-1.6309
13063068	502	0.1	-0.1	-1.08199
13063068	503	0.1	-0.1	4.05991
13063068	504	0.1	-0.1	-4.31223
13063068	505	0.1	-0.1	4.98257
13063068	506	0.1	-0.1	4.37087
13063068	507	0.1	-0.1	5.77153
13063068	508	0.1	-0.1	-4.37875
13063068	509	0.1	-0.1	3.00169
13063068	510	0.1	-0.1	0.653683
13063068	511	0.1	-0.1	-4.57794
13063068	512	0.1	-0.1	-4.89297
13063068	513	0.1	-0.1	-3.20485
13063068	514	0.1	-0.1	-4.72988
13063068	515	0.1	-0.1	5.38471
13063068	516	0.1	-0.1	-1.35164
13063068	517	0.1	-0.1	4.62754
13063068	518	0.1	-0.1	4.65108
13063068	519	0.1	-0.1	-5.09045
13063068	520	0.1	-0.1	-1.94926
13063068	521	0.1	-0.1	0.909687
13063068	522	0.1	-0.1	1.66478
13063068	523	0.1	-0.1	-2.18668
13063068	524	0.1	-0.1	5.34417
13063068	525	0.1	-0.1	2.13883
13063068	526	0.1	-0.1	5.42253
13063068	527	0.1	-0.1	-4.71779
13063068	528	0.1	-0.1	3.45193
13063068	529	0.1	-0.1	5.28908
13063068	530	0.1	-0.1	-2.49372
13063068	531	0.1	-0.1	2.11216
13063068	532	0.1	-0.1	4.24967
13063068	533	0.1	-0.1	-5.67209
13063068	534	0.1	-0.1	1.08368
13063068	535	0.1	-0.1	-4.68165
13063068	536	0.1	-0.1	-3.2309
13063068	537	0.1	-0.1	-4.78163
13063068	538	0.1	-0.1	-5.4095
13063068	539	0.1	-0.1	-3.54573
13063068	540	0.1	-0.1	-3.83551
13063068	541	0.1	-0.1	-4.98786
13063068	542	0.1	-0.1	0.168188
13063068	543	0.1	-0.1	1.56005
13063068	544	0.1	-0.1	1.18778
13063068	545	0.1	-0.1	-4.40395
13063068	546	0.1	-0.1	-1.37588
13063068	547	0.1	-0.1	-4.32641
13063068	548	0.1	-0.1	5.40391
13063068	549	0.1	-0.1	5.53098
13063068	550	0.1	-0.1	0.654491
13063068	551	0.1	-0.1	1.31483
13063068	552	0.1	-0.1	3.83729
13063068	553	0.1	-0.1	0.614689
13063068	554	0.1	-0.1	5.11751
13063068	555	0.1	-0.1	4.02825
13063068	556	0.1	-0.1	-3.59698
13063068	557	0.1	-0.1	3.56173
13063068	558	0.1	-0.1	5.79366
13063068	559	0.1	-0.1	0.481275
13063068	560	0.1	-0.1	2.25035
13063068	561	0.1	-0.1	4.60593
13063068	562	0.1	-0.1	-4.5256
13063068	563	0.1	-0.1	2.79183
13063068	564	0.1	-0.1	-0.780373
13063068	565	0.1	-0.1	-3.07727
13063068	566	0.1	-0.1	-2.87809
13063068	567	0.1	-0.1	3.29864
13063068	568	0.1	-0.1	3.6511
13063068	569	0.1	-0.1	-0.999742
13063068	570	0.1	-0.1	3.05265
13063068	571	0.1	-0.1	-0.548541
13063068	572	0.1	-0.1	1.93473
13063068	573	0.1	-0.1	5.86898
13063068	574	0.1	-0.1	-3.4168
13063068	575	0.1	-0.1	5.28607
13063068	576	0.1	-0.1	-3.87291
13063068	577	0.1	-0.1	5.68082
13063068	578	0.1	-0.1	-0.887497
13063068	579	0.1	-0.1	-2.46421
13063068	580	0.1	-0.1	-4.18466
13063068	581	0.1	-0.1	-4.71623
13063068	582	0.1	-0.1	3.98973
13063068	583	0.1	-0.1	-3.79992
13063068	584	0.1	-0.1	1.73651
13063068	585	0.1	-0.1	4.05248
13063068	586	0.1	-0.1	-2.06866
13063068	587	0.1	-0.1	2.86443
13063068	588	0.1	-0.1	1.6176
13063068	589	0.1	-0.1	2.15296
13063068	590	0.1	-0.1	0.704226
13063068	591	0.1	-0.1	5.78275
13063068	592	0.1	-0.1	-4.14733
13063068	593	0.1	-0.1	-2.52438
13063068	594	0.1	-0.1	3.88314
13063068	595	0.1	-0.1	3.51296
13063068	596	0.1	-0.1	-4.96042
13063068	597	0.1	-0.1	0.439567
13063068	598	0.1	-0.1	3.83
13063068	599	0.1	-0.1	1.8395
13063068	600	0.1	-0.1	1.45912
13063068	601	0.1	-0.1	4.57136
13063068	602	0.1	-0.1	-3.67124
13063068	603	0.1	-0.1	1.94724
13063068	604	0.1	-0.1	-0.00420852
13063068	605	0.1	-0.1	-2.07651
13063068	606	0.1	-0.1	-1.65988
13063068	607	0.1	-0.1	0.583918
13063068	608	0.1	-0.1	5.87009
13063068	609	0.1	-0.1	-5.3019
13063068	610	0.1	-0.1	4.13273
13063068	611	0.1	-0.1	3.4418
13063068	612	0.1	-0.1	5.31229
13063068	613	0.1	-0.1	4.89166
13063068	614	0.1	-0.1	2.51825
13063068	615	0.1	-0.1	-3.64227
13063068	616	0.1	-0.1	3.45209
13063068	617	0.1	-0.1	-4.20305
13063068	618	0.1	-0.1	-3.29662
13063068	619	0.1	-0.1	-0.0885529
13063068	620	0.1	-0.1	0.0870412
13063068	621	0.1	-0.1	3.02942
13063068	622	0.1	-0.1	-5.29479
13063068	623	0.1	-0.1	-2.05851
13063068	624	0.1	-0.1	-3.61199
13063068	625	0.1	-0.1	-4.38736
13063068	626	0.1	-0.1	-0.554418
13063068	627	0.1	-0.1	-4.70286
13063068	628	0.1	-0.1	2.702
13063068	629	0.1	-0.1	-1.19004
13063068	630	0.1	-0.1	-3.55812
13063068	631	0.1	-0.1	4.32655
13063068	632	0.1	-0.1	4.91869
13063068	633	0.1	-0.1	-5.99569
13063068	634	0.1	-0.1	-2.37715
13063068	635	0.1	-0.1	0.27012
13063068	636	0.1	-0.1	3.14948
13063068	637	0.1	-0.1	-0.0605147
13063068	638	0.1	-0.1	-1.31113
13063068	639	0.1	-0.1	4.60052
13063068	640	0.1	-0.1	1.15213
13063068	641	0.1	-0.1	4.62713
13063068	642	0.1	-0.1	-0.603218
13063068	643	0.1	-0.1	5.37991
13063068	644	0.1	-0.1	-4.06772
13063068	645	0.1	-0.1	-2.91452
13063068	646	0.1	-0.1	2.33195
13063068	647	0.1	-0.1	-2.223
13063068	648	0.1	-0.1	-4.73438
13063068	649	0.1	-0.1	-4.87865
13063068	650	0.1	-0.1	2.51877
13063068	651	0.1	-0.1	1.12137
13063068	652	0.1	-0.1	-1.19925
13063068	653	0.1	-0.1	-0.810067
13063068	654	0.1	-0.1	-1.24506
13063068	655	0.1	-0.1	1.7796
13063068	656	0.1	-0.1	5.47023
13063068	657	0.1	-0.1	2.02474
13063068	658	0.1	-0.1	-3.80714
13063068	659	0.1	-0.1	0.555917
13063068	660	0.1	-0.1	-3.42768
13063068	661	0.1	-0.1	0.193106
13063068	662	0.1	-0.1	2.75601
13063068	663	0.1	-0.1	5.60725
13063068	664	0.1	-0.1	-4.72173
13063068	665	0.1	-0.1	-5.84628
13063068	666	0.1	-0.1	-2.33255
13063068	667	0.1	-0.1	2.86741
13063068	668	0.1	-0.1	-4.11726
13063068	669	0.1	-0.1	2.20257
13063068	670	0.1	-0.1	3.09815
13063068	671	0.1	-0.1	-3.63434
13063068	672	0.1	-0.1	2.07466
13063068	673	0.1	-0.1	-0.786526
13063068	674	0.1	-0.1	2.95938
13063068	675	0.1	-0.1	-1.48325
13063068	676	0.1	-0.1	-0.949904
13063068	677	0.1	-0.1	5.27845
13063068	678	0.1	-0.1	-3.21677
13063068	679	0.1	-0.1	-1.00641
13063068	680	0.1	-0.1	5.27482
13063068	681	0.1	-0.1	4.37912
13063068	682	0.1	-0.1	2.05414
13063068	683	0.1	-0.1	-1.94273
13063068	684	0.1	-0.1	-5.56022
13063068	685	0.1	-0.1	-3.59105
13063068	686	0.1	-0.1	-2.00017
13063068	687	0.1	-0.1	-2.8228
13063068	688	0.1	-0.1	-0.532294
13063068	689	0.1	-0.1	1.3383
13063068	690	0.1	-0.1	0.388489
13063068	691	0.1	-0.1	0.107408
13063068	692	0.1	-0.1	-1.47216
13063068	693	0.1	-0.1	-1.29202
13063068	694	0.1	-0.1	-5.01712
13063068	695	0.1	-0.1	2.84477
13063068	696	0.1	-0.1	1.70104
13063068	697	0.1	-0.1	2.29422
13063068	698	0.1	-0.1	3.59747
13063068	699	0.1	-0.1	-3.6371
13063068	700	0.1	-0.1	-3.68777
13063068	701	0.1	-0.1	4.41141
13063068	702	0.1	-0.1	4.83799
13063068	703	0.1	-0.1	-0.340842
13063068	704	0.1	-0.1	-4.51816
13063068	705	0.1	-0.1	-5.51394
13063068	706	0.1	-0.1	0.915044
13063068	707	0.1	-0.1	1.10141
13063068	708	0.1	-0.1	-4.51646
13063068	709	0.1	-0.1	-2.00617
13063068	710	0.1	-0.1	-2.23586
13063068	711	0.1	-0.1	0.650719
13063068	712	0.1	-0.1	-0.124184
13063068	713	0.1	-0.1	-5.16653
13063068	714	0.1	-0.1	-5.86868
13063068	715	0.1	-0.1	5.46735
13063068	716	0.1	-0.1	1.20688
13063068	717	0.1	-0.1	5.45262
13063068	718	0.1	-0.1	-1.52676
13063068	719	0.1	-0.1	5.503
13063068	720	0.1	-0.1	0.145352
13063068	721	0.1	-0.1	-5.80782
13063068	722	0.1	-0.1	-1.89902
13063068	723	0.1	-0.1	2.86672
13063068	724	0.1	-0.1	-1.29095
13063068	725	0.1	-0.1	-2.618
13063068	726	0.1	-0.1	-3.77593
13063068	727	0.1	-0.1	0.651546
13063068	728	0.1	-0.1	0.864412
13063068	729	0.1	-0.1	-4.5899
13063068	730	0.1	-0.1	-0.838567
13063068	731	0.1	-0.1	-2.51033
13063068	732	0.1	-0.1	-0.343824
13063068	733	0.1	-0.1	-1.94373
13063068	734	0.1	-0.1	4.92947
13063068	735	0.1	-0.1	-0.368102
13063068	736	0.1	-0.1	-0.753851
13063068	737	0.1	-0.1	-2.10051
13063068	738	0.1	-0.1	3.69001
13063068	739	0.1	-0.1	4.28434
13063068	740	0.1	-0.1	-5.80441
13063068	741	0.1	-0.1	-0.877744
13063068	742	0.1	-0.1	5.46295
13063068	743	0.1	-0.1	-1.02972
13063068	744	0.1	-0.1	0.687602
13063068	745	0.1	-0.1	-5.56389
13063068	746	0.1	-0.1	4.32651
13063068	747	0.1	-0.1	-3.11729
13063068	748	0.1	-0.1	4.23565
13063068	749	0.1	-0.1	4.30053
13063068	750	0.1	-0.1	-3.03851
13063068	751	0.1	-0.1	-3.63985
13063068	752	0.1	-0.1	-2.83451
13063068	753	0.1	-0.1	5.87208
13063068	754	0.1	-0.1	3.33717
13063068	755	0.1	-0.1	-0.259218
13063068	756	0.1	-0.1	-4.89021
13063068	757	0.1	-0.1	-4.20313
13063068	758	0.1	-0.1	-0.59233
13063068	759	0.1	-0.1	3.90305
13063068	760	0.1	-0.1	-4.79048
13063068	761	0.1	-0.1	5.11214
13063068	762	0.1	-0.1	-1.47441
13063068	763	0.1	-0.1	-3.11566
13063068	764	0.1	-0.1	3.47375
13063068	765	0.1	-0.1	5.54682
13063068	766	0.1	-0.1	-5.93851
13063068	767	0.1	-0.1	-1.87577
13063068	768	0.1	-0.1	0.0336706
13063068	769	0.1	-0.1	0.25139
13063068	770	0.1	-0.1	1.52053
13063068	771	0.1	-0.1	-5.3427
13063068	772	0.1	-0.1	-1.88122
13063068	773	0.1	-0.1	5.64089
13063068	774	0.1	-0.1	4.47213
13063068	775	0.1	-0.1	2.0749
13063068	776	0.1	-0.1	1.03504
13063068	777	0.1	-0.1	-1.5123
13063068	778	0.1	-0.1	-1.62796
13063068	779	0.1	-0.1	-4.68164
13063068	780	0.1	-0.1	-4.48066
13063068	781	0.1	-0.1	1.29961
13063068	782	0.1	-0.1	3.09927
13063068	783	0.1	-0.1	4.06734
13063068	784	0.1	-0.1	4.94748
13063068	785	0.1	-0.1	2.52809
13063068	786	0.1	-0.1	-0.304145
13063068	787	0.1	-0.1	4.38712
13063068	788	0.1	-0.1	5.03029
13063068	789	0.1	-0.1	2.93528
13063068	790	0.1	-0.1	-0.779718
13063068	791	0.1	-0.1	-2.87303
13063068	792	0.1	-0.1	-4.04677
13063068	793	0.1	-0.1	-5.08648
13063068	794	0.1	-0.1	2.54254
13063068	795	0.1	-0.1	-1.60422
13063068	796	0.1	-0.1	3.76606
13063068	797	0.1	-0.1	0.698507
13063068	798	0.1	-0.1	4.98109
13063068	799	0.1	-0.1	-4.55243
13063068	800	0.1	-0.1	-1.16723
13063068	801	0.1	-0.1	-3.55322
13063068	802	0.1	-0.1	0.0173621
13063068	803	0.1	-0.1	1.80819
13063068	804	0.1	-0.1	-4.06275
13063068	805	0.1	-0.1	2.22946
13063068	806	0.1	-0.1	-0.205305
13063068	807	0.1	-0.1	2.66199
13063068	808	0.1	-0.1	-2.60676
13063068	809	0.1	-0.1	2.36762
13063068	810	0.1	-0.1	-2.80691
13063068	811	0.1	-0.1	0.0797053
13063068	812	0.1	-0.1	-5.05541
13063068	813	0.1	-0.1	0.929439
13063068	814	0.1	-0.1	-0.560273
13063068	815	0.1	-0.1	3.7698
13063068	816	0.1	-0.1	4.69556
13063068	817	0.1	-0.1	-4.9517
13063068	818	0.1	-0.1	-5.49682
13063068	819	0.1	-0.1	-4.6883
13063068	820	0.1	-0.1	3.20208
13063068	821	0.1	-0.1	2.23917
13063068	822	0.1	-0.1	-5.77471
13063068	823	0.1	-0.1	-0.11202
13063068	824	0.1	-0.1	-0.536423
13063068	825	0.1	-0.1	5.1786
13063068	826	0.1	-0.1	-1.37885
13063068	827	0.1	-0.1	-1.8628
13063068	828	0.1	-0.1	1.72069
13063068	829	0.1	-0.1	4.43223
13063068	830	0.1	-0.1	-4.88688
13063068	831	0.1	-0.1	-0.634243
13063068	832	0.1	-0.1	0.661013
13063068	833	0.1	-0.1	1.12779
13063068	834	0.1	-0.1	5.15522
13063068	835	0.1	-0.1	-3.19797
13063068	836	0.1	-0.1	-1.6298
13063068	837	0.1	-0.1	5.15472
13063068	838	0.1	-0.1	0.846917
13063068	839	0.1	-0.1	-5.74987
13063068	840	0.1	-0.1	4.71624
13063068	841	0.1	-0.1	-5.26594
13063068	842	0.1	-0.1	-2.54586
13063068	843	0.1	-0.1	5.87393
13063068	844	0.1	-0.1	-0.365406
13063068	845	0.1	-0.1	2.72329
13063068	846	0.1	-0.1	0.0623299
13063068	847	0.1	-0.1	-4.61005
13063068	848	0.1	-0.1	4.87389
13063068	849	0.1	-0.1	-2.83681
13063068	850	0.1	-0.1	-5.2043
13063068	851	0.1	-0.1	-1.293
13063068	852	0.1	-0.1	-4.69913
13063068	853	0.1	-0.1	-0.395841
13063068	854	0.1	-0.1	-1.68851
13063068	855	0.1	-0.1	-0.654087
13063068	856	0.1	-0.1	-3.58888
13063068	857	0.1	-0.1	2.14044
13063068	858	0.1	-0.1	-3.80825
13063068	859	0.1	-0.1	4.02329
13063068	860	0.1	-0.1	-2.97764
13063068	861	0.1	-0.1	-0.853173
13063068	862	0.1	-0.1	-0.56936
13063068	863	0.1	-0.1	5.61465
13063068	864	0.1	-0.1	-1.16358
13063068	865	0.1	-0.1	-2.49194
13063068	866	0.1	-0.1	0.534512
13063068	867	0.1	-0.1	-3.60057
13063068	868	0.1	-0.1	-1.26508
13063068	869	0.1	-0.1	-2.71268
13063068	870	0.1	-0.1	0.5893
13063068	871	0.1	-0.1	1.5408
13063068	872	0.1	-0.1	2.71291
13063068	873	0.1	-0.1	-0.920449
13063068	874	0.1	-0.1	1.97461
13063068	875	0.1	-0.1	-1.27127
13063068	876	0.1	-0.1	4.96827
13063068	877	0.1	-0.1	-5.49808
13063068	878	0.1	-0.1	-4.69476
13063068	879	0.1	-0.1	1.22169
13063068	880	0.1	-0.1	-3.50557
13063068	881	0.1	-0.1	-2.55061
13063068	882	0.1	-0.1	1.43547
13063068	883	0.1	-0.1	-4.4954
13063068	884	0.1	-0.1	-5.75559
13063068	885	0.1	-0.1	-0.0296679
13063068	886	0.1	-0.1	1.34102
13063068	887	0.1	-0.1	-0.824195
13063068	888	0.1	-0.1	-0.975067
13063068	889	0.1	-0.1	-4.77119
13063068	890	0.1	-0.1	0.603275
13063068	891	0.1	-0.1	2.86695
13063068	892	0.1	-0.1	-4.29311
13063068	893	0.1	-0.1	-3.55789
13063068	894	0.1	-0.1	-2.50756
13063068	895	0.1	-0.1	-5.60079
13063068	896	0.1	-0.1	4.26752
13063068	897	0.1	-0.1	3.97705
13063068	898	0.1	-0.1	-2.26418
13063068	899	0.1	-0.1	-1.93765
13063068	900	0.1	-0.1	-1.71498
13063068	901	0.1	-0.1	-3.84077
13063068	902	0.1	-0.1	-3.04321
13063068	903	0.1	-0.1	3.74728
13063068	904	0.1	-0.1	-1.70175
13063068	905	0.1	-0.1	-2.7432
13063068	906	0.1	-0.1	1.27305
13063068	907	0.1	-0.1	-1.18479
13063068	908	0.1	-0.1	-0.865335
13063068	909	0.1	-0.1	-3.31771
13063068	910	0.1	-0.1	-2.73388
13063068	911	0.1	-0.1	-1.01126
13063068	912	0.1	-0.1	-0.668048
13063068	913	0.1	-0.1	-5.61971
13063068	914	0.1	-0.1	5.66858
13063068	915	0.1	-0.1	-3.66624
13063068	916	0.1	-0.1	5.96587
13063068	917	0.1	-0.1	2.20403
13063068	918	0.1	-0.1	-3.05342
13063068	919	0.1	-0.1	-2.27791
13063068	920	0.1	-0.1	1.17347
13063068	921	0.1	-0.1	0.635802
13063068	922	0.1	-0.1	1.4436
13063068	923	0.1	-0.1	2.9481
13063068	924	0.1	-0.1	3.71261
13063068	925	0.1	-0.1	3.4914
13063068	926	0.1	-0.1	2.39438
13063068	927	0.1	-0.1	-1.56403
13063068	928	0.1	-0.1	-1.03573
13063068	929	0.1	-0.1	-4.02354
13063068	930	0.1	-0.1	-1.92465
13063068	931	0.1	-0.1	-4.31825
13063068	932	0.1	-0.1	-1.25625
13063068	933	0.1	-0.1	-4.79191
13063068	934	0.1	-0.1	-1.7147
13063068	935	0.1	-0.1	-0.738119
13063068	936	0.1	-0.1	4.05297
13063068	937	0.1	-0.1	-5.07435
13063068	938	0.1	-0.1	-2.57959
13063068	939	0.1	-0.1	2.9981
13063068	940	0.1	-0.1	-2.62475
13063068	941	0.1	-0.1	5.17312
13063068	942	0.1	-0.1	-3.10183
13063068	943	0.1	-0.1	-2.18402
13063068	944	0.1	-0.1	-5.67187
13063068	945	0.1	-0.1	-1.09128
13063068	946	0.1	-0.1	-1.05723
13063068	947	0.1	-0.1	-5.80231
13063068	948	0.1	-0.1	-2.21916
13063068	949	0.1	-0.1	1.48708
13063068	950	0.1	-0.1	3.87709
13063068	951	0.1	-0.1	-0.709139
13063068	952	0.1	-0.1	4.96193
13063068	953	0.1	-0.1	-0.946564
13063068	954	0.1	-0.1	-3.79829
13063068	955	0.1	-0.1	-4.47121
13063068	956	0.1	-0.1	-0.859754
13063068	957	0.1	-0.1	4.04465
13063068	958	0.1	-0.1	4.74218
13063068	959	0.1	-0.1	3.90496
13063068	960	0.1	-0.1	3.03779
13063068	961	0.1	-0.1	0.256838
13063068	962	0.1	-0.1	2.04228
13063068	963	0.1	-0.1	4.6653
13063068	964	0.1	-0.1	-2.46781
13063068	965	0.1	-0.1	-2.25849
13063068	966	0.1	-0.1	0.0590944
13063068	967	0.1	-0.1	4.8313
13063068	968	0.1	-0.1	-0.00268015
13063068	969	0.1	-0.1	0.699337
13063068	970	0.1	-0.1	4.77945
13063068	971	0.1	-0.1	4.55664
13063068	972	0.1	-0.1	1.6581
13063068	973	0.1	-0.1	-3.0129
13063068	974	0.1	-0.1	-4.6513
13063068	975	0.1	-0.1	1.213
13063068	976	0.1	-0.1	5.75571
13063068	977	0.1	-0.1	-5.53677
13063068	978	0.1	-0.1	4.66943
13063068	979	0.1	-0.1	5.15228
13063068	980	0.1	-0.1	5.47793
13063068	981	0.1	-0.1	-1.35445
13063068	982	0.1	-0.1	-3.04763
13063068	983	0.1	-0.1	-2.31426
13063068	984	0.1	-0.1	3.75272
13063068	985	0.1	-0.1	4.82752
13063068	986	0.1	-0.1	3.65745
13063068	987	0.1	-0.1	4.00456
13063068	988	0.1	-0.1	2.01235
13063068	989	0.1	-0.1	3.13917
13063068	990	0.1	-0.1	3.48148
13063068	991	0.1	-0.1	5.20587
13063068	992	0.1	-0.1	-3.19805
13063068	993	0.1	-0.1	-3.04669
13063068	994	0.1	-0.1	2.87202
13063068	995	0.1	-0.1	1.68036
13063068	996	0.1	-0.1	-0.243758
13063068	997	0.1	-0.1	2.25907
13063068	998	0.1	-0.1	2.07045
13063068	999	0.1	-0.1	3.31413
13063068	1000	0.1	-0.1	-2.61536
