13063074	1	0.1	-0.1	5.1086
13063074	2	0.1	-0.1	3.94957
13063074	3	0.1	-0.1	3.88662
13063074	4	0.1	-0.1	-4.90667
13063074	5	0.1	-0.1	0.996332
13063074	6	0.1	-0.1	-3.61902
13063074	7	0.1	-0.1	1.94614
13063074	8	0.1	-0.1	4.1652
13063074	9	0.1	-0.1	-2.8811
13063074	10	0.1	-0.1	5.74462
13063074	11	0.1	-0.1	1.72584
13063074	12	0.1	-0.1	-4.09557
13063074	13	0.1	-0.1	2.80855
13063074	14	0.1	-0.1	0.190223
13063074	15	0.1	-0.1	-5.61162
13063074	16	0.1	-0.1	0.490402
13063074	17	0.1	-0.1	2.77182
13063074	18	0.1	-0.1	-0.791472
13063074	19	0.1	-0.1	-3.18093
13063074	20	0.1	-0.1	-0.896036
13063074	21	0.1	-0.1	1.53534
13063074	22	0.1	-0.1	5.65796
13063074	23	0.1	-0.1	5.40268
13063074	24	0.1	-0.1	-4.7492
13063074	25	0.1	-0.1	5.72079
13063074	26	0.1	-0.1	0.943993
13063074	27	0.1	-0.1	1.25735
13063074	28	0.1	-0.1	-3.19746
13063074	29	0.1	-0.1	-1.45476
13063074	30	0.1	-0.1	-0.346422
13063074	31	0.1	-0.1	-2.62346
13063074	32	0.1	-0.1	-0.184094
13063074	33	0.1	-0.1	-1.99942
13063074	34	0.1	-0.1	-0.782139
13063074	35	0.1	-0.1	0.764181
13063074	36	0.1	-0.1	-2.30885
13063074	37	0.1	-0.1	0.838515
13063074	38	0.1	-0.1	2.55471
13063074	39	0.1	-0.1	1.48729
13063074	40	0.1	-0.1	-0.480956
13063074	41	0.1	-0.1	-4.18133
13063074	42	0.1	-0.1	0.906715
13063074	43	0.1	-0.1	5.67872
13063074	44	0.1	-0.1	-0.867511
13063074	45	0.1	-0.1	0.166645
13063074	46	0.1	-0.1	0.507216
13063074	47	0.1	-0.1	1.65562
13063074	48	0.1	-0.1	3.00646
13063074	49	0.1	-0.1	-4.13616
13063074	50	0.1	-0.1	4.89191
13063074	51	0.1	-0.1	-3.76449
13063074	52	0.1	-0.1	5.61244
13063074	53	0.1	-0.1	-5.65878
13063074	54	0.1	-0.1	-5.14865
13063074	55	0.1	-0.1	3.98836
13063074	56	0.1	-0.1	-4.96307
13063074	57	0.1	-0.1	-3.04017
13063074	58	0.1	-0.1	4.8886
13063074	59	0.1	-0.1	3.06992
13063074	60	0.1	-0.1	5.65653
13063074	61	0.1	-0.1	-1.85374
13063074	62	0.1	-0.1	1.06884
13063074	63	0.1	-0.1	2.97326
13063074	64	0.1	-0.1	-1.99181
13063074	65	0.1	-0.1	0.827142
13063074	66	0.1	-0.1	-4.21559
13063074	67	0.1	-0.1	-5.03348
13063074	68	0.1	-0.1	-4.27374
13063074	69	0.1	-0.1	2.69491
13063074	70	0.1	-0.1	-3.29808
13063074	71	0.1	-0.1	0.401241
13063074	72	0.1	-0.1	0.312182
13063074	73	0.1	-0.1	-5.69156
13063074	74	0.1	-0.1	2.72869
13063074	75	0.1	-0.1	0.997812
13063074	76	0.1	-0.1	-5.59363
13063074	77	0.1	-0.1	-5.36362
13063074	78	0.1	-0.1	-0.898807
13063074	79	0.1	-0.1	2.76132
13063074	80	0.1	-0.1	5.86607
13063074	81	0.1	-0.1	-2.34351
13063074	82	0.1	-0.1	-1.79396
13063074	83	0.1	-0.1	1.65085
13063074	84	0.1	-0.1	-0.542669
13063074	85	0.1	-0.1	-1.52054
13063074	86	0.1	-0.1	-5.63926
13063074	87	0.1	-0.1	4.28515
13063074	88	0.1	-0.1	2.77887
13063074	89	0.1	-0.1	-0.915166
13063074	90	0.1	-0.1	4.84927
13063074	91	0.1	-0.1	-3.47034
13063074	92	0.1	-0.1	-5.94066
13063074	93	0.1	-0.1	0.680882
13063074	94	0.1	-0.1	-3.69103
13063074	95	0.1	-0.1	4.44273
13063074	96	0.1	-0.1	1.5667
13063074	97	0.1	-0.1	3.68875
13063074	98	0.1	-0.1	1.59584
13063074	99	0.1	-0.1	1.63648
13063074	100	0.1	-0.1	-0.575828
13063074	101	0.1	-0.1	-2.10661
13063074	102	0.1	-0.1	-2.92943
13063074	103	0.1	-0.1	5.84208
13063074	104	0.1	-0.1	5.25092
13063074	105	0.1	-0.1	1.64896
13063074	106	0.1	-0.1	2.84136
13063074	107	0.1	-0.1	3.25521
13063074	108	0.1	-0.1	-3.49297
13063074	109	0.1	-0.1	3.81247
13063074	110	0.1	-0.1	0.860353
13063074	111	0.1	-0.1	-4.27641
13063074	112	0.1	-0.1	-4.2963
13063074	113	0.1	-0.1	-2.24815
13063074	114	0.1	-0.1	3.49813
13063074	115	0.1	-0.1	1.73947
13063074	116	0.1	-0.1	3.9307
13063074	117	0.1	-0.1	2.35541
13063074	118	0.1	-0.1	-0.151717
13063074	119	0.1	-0.1	3.09381
13063074	120	0.1	-0.1	3.75757
13063074	121	0.1	-0.1	4.70461
13063074	122	0.1	-0.1	4.09123
13063074	123	0.1	-0.1	4.36011
13063074	124	0.1	-0.1	5.40967
13063074	125	0.1	-0.1	2.26652
13063074	126	0.1	-0.1	-4.5693
13063074	127	0.1	-0.1	-1.09509
13063074	128	0.1	-0.1	0.794695
13063074	129	0.1	-0.1	-1.24142
13063074	130	0.1	-0.1	-0.920894
13063074	131	0.1	-0.1	-3.14192
13063074	132	0.1	-0.1	3.26091
13063074	133	0.1	-0.1	-4.72944
13063074	134	0.1	-0.1	-5.17803
13063074	135	0.1	-0.1	5.44055
13063074	136	0.1	-0.1	5.27052
13063074	137	0.1	-0.1	-4.76464
13063074	138	0.1	-0.1	-1.69996
13063074	139	0.1	-0.1	2.4086
13063074	140	0.1	-0.1	0.42329
13063074	141	0.1	-0.1	-0.243353
13063074	142	0.1	-0.1	2.78734
13063074	143	0.1	-0.1	5.7512
13063074	144	0.1	-0.1	-1.99126
13063074	145	0.1	-0.1	4.54802
13063074	146	0.1	-0.1	0.407561
13063074	147	0.1	-0.1	-5.72947
13063074	148	0.1	-0.1	-4.43812
13063074	149	0.1	-0.1	2.14643
13063074	150	0.1	-0.1	3.15336
13063074	151	0.1	-0.1	-1.74807
13063074	152	0.1	-0.1	-2.03435
13063074	153	0.1	-0.1	-2.20677
13063074	154	0.1	-0.1	0.674536
13063074	155	0.1	-0.1	4.15017
13063074	156	0.1	-0.1	-3.76039
13063074	157	0.1	-0.1	-5.01117
13063074	158	0.1	-0.1	5.0121
13063074	159	0.1	-0.1	1.48186
13063074	160	0.1	-0.1	3.94542
13063074	161	0.1	-0.1	-0.579163
13063074	162	0.1	-0.1	-5.53877
13063074	163	0.1	-0.1	-2.80877
13063074	164	0.1	-0.1	-2.97664
13063074	165	0.1	-0.1	1.91692
13063074	166	0.1	-0.1	-4.32455
13063074	167	0.1	-0.1	-1.36021
13063074	168	0.1	-0.1	-1.3206
13063074	169	0.1	-0.1	0.101317
13063074	170	0.1	-0.1	3.59984
13063074	171	0.1	-0.1	5.3577
13063074	172	0.1	-0.1	-4.6414
13063074	173	0.1	-0.1	-5.53902
13063074	174	0.1	-0.1	4.06285
13063074	175	0.1	-0.1	0.402361
13063074	176	0.1	-0.1	-5.1985
13063074	177	0.1	-0.1	1.95553
13063074	178	0.1	-0.1	-3.64921
13063074	179	0.1	-0.1	-4.2714
13063074	180	0.1	-0.1	-5.11183
13063074	181	0.1	-0.1	-0.64435
13063074	182	0.1	-0.1	-4.39138
13063074	183	0.1	-0.1	0.472778
13063074	184	0.1	-0.1	-2.16816
13063074	185	0.1	-0.1	-1.39069
13063074	186	0.1	-0.1	-3.6459
13063074	187	0.1	-0.1	-1.17097
13063074	188	0.1	-0.1	-4.7364
13063074	189	0.1	-0.1	-3.26241
13063074	190	0.1	-0.1	-4.90976
13063074	191	0.1	-0.1	-2.01043
13063074	192	0.1	-0.1	-3.9914
13063074	193	0.1	-0.1	0.652054
13063074	194	0.1	-0.1	-5.13007
13063074	195	0.1	-0.1	-1.56965
13063074	196	0.1	-0.1	-1.41771
13063074	197	0.1	-0.1	3.86841
13063074	198	0.1	-0.1	1.08996
13063074	199	0.1	-0.1	4.84748
13063074	200	0.1	-0.1	5.49073
13063074	201	0.1	-0.1	-0.764151
13063074	202	0.1	-0.1	2.21257
13063074	203	0.1	-0.1	3.80482
13063074	204	0.1	-0.1	0.750011
13063074	205	0.1	-0.1	5.85431
13063074	206	0.1	-0.1	0.0571814
13063074	207	0.1	-0.1	-1.78593
13063074	208	0.1	-0.1	5.48599
13063074	209	0.1	-0.1	-1.66553
13063074	210	0.1	-0.1	-3.08711
13063074	211	0.1	-0.1	-2.39626
13063074	212	0.1	-0.1	-3.53616
13063074	213	0.1	-0.1	-5.51629
13063074	214	0.1	-0.1	-3.37295
13063074	215	0.1	-0.1	3.46291
13063074	216	0.1	-0.1	4.81718
13063074	217	0.1	-0.1	3.0381
13063074	218	0.1	-0.1	1.09317
13063074	219	0.1	-0.1	5.98922
13063074	220	0.1	-0.1	-1.81588
13063074	221	0.1	-0.1	1.95822
13063074	222	0.1	-0.1	-2.84761
13063074	223	0.1	-0.1	1.56318
13063074	224	0.1	-0.1	-1.75974
13063074	225	0.1	-0.1	2.21803
13063074	226	0.1	-0.1	-3.68054
13063074	227	0.1	-0.1	1.32336
13063074	228	0.1	-0.1	-1.39405
13063074	229	0.1	-0.1	1.03897
13063074	230	0.1	-0.1	-4.77679
13063074	231	0.1	-0.1	-5.92086
13063074	232	0.1	-0.1	-2.28626
13063074	233	0.1	-0.1	-3.53379
13063074	234	0.1	-0.1	-2.41753
13063074	235	0.1	-0.1	0.679738
13063074	236	0.1	-0.1	-2.80422
13063074	237	0.1	-0.1	-5.83415
13063074	238	0.1	-0.1	5.41273
13063074	239	0.1	-0.1	-0.312179
13063074	240	0.1	-0.1	4.07867
13063074	241	0.1	-0.1	3.31812
13063074	242	0.1	-0.1	3.89949
13063074	243	0.1	-0.1	2.03257
13063074	244	0.1	-0.1	-3.8915
13063074	245	0.1	-0.1	3.55807
13063074	246	0.1	-0.1	2.2195
13063074	247	0.1	-0.1	-2.35975
13063074	248	0.1	-0.1	4.35424
13063074	249	0.1	-0.1	3.03674
13063074	250	0.1	-0.1	-4.83206
13063074	251	0.1	-0.1	0.945663
13063074	252	0.1	-0.1	-2.39569
13063074	253	0.1	-0.1	4.16513
13063074	254	0.1	-0.1	3.75608
13063074	255	0.1	-0.1	2.42845
13063074	256	0.1	-0.1	-5.09715
13063074	257	0.1	-0.1	-3.60053
13063074	258	0.1	-0.1	4.42786
13063074	259	0.1	-0.1	3.99829
13063074	260	0.1	-0.1	4.5672
13063074	261	0.1	-0.1	4.5908
13063074	262	0.1	-0.1	-2.85855
13063074	263	0.1	-0.1	0.268281
13063074	264	0.1	-0.1	2.58967
13063074	265	0.1	-0.1	0.670321
13063074	266	0.1	-0.1	1.70677
13063074	267	0.1	-0.1	1.27023
13063074	268	0.1	-0.1	3.75309
13063074	269	0.1	-0.1	4.33709
13063074	270	0.1	-0.1	-2.47137
13063074	271	0.1	-0.1	0.292042
13063074	272	0.1	-0.1	1.36713
13063074	273	0.1	-0.1	0.554422
13063074	274	0.1	-0.1	-2.13782
13063074	275	0.1	-0.1	-4.95845
13063074	276	0.1	-0.1	0.956326
13063074	277	0.1	-0.1	4.88089
13063074	278	0.1	-0.1	-5.12
13063074	279	0.1	-0.1	4.78749
13063074	280	0.1	-0.1	2.28953
13063074	281	0.1	-0.1	5.17288
13063074	282	0.1	-0.1	-0.484298
13063074	283	0.1	-0.1	-5.97853
13063074	284	0.1	-0.1	-1.64903
13063074	285	0.1	-0.1	-1.80317
13063074	286	0.1	-0.1	-2.00147
13063074	287	0.1	-0.1	2.75661
13063074	288	0.1	-0.1	0.45053
13063074	289	0.1	-0.1	4.74244
13063074	290	0.1	-0.1	1.83405
13063074	291	0.1	-0.1	0.760934
13063074	292	0.1	-0.1	4.17237
13063074	293	0.1	-0.1	1.73349
13063074	294	0.1	-0.1	-1.61398
13063074	295	0.1	-0.1	-1.69479
13063074	296	0.1	-0.1	3.51694
13063074	297	0.1	-0.1	-0.0147269
13063074	298	0.1	-0.1	-5.62394
13063074	299	0.1	-0.1	-4.19567
13063074	300	0.1	-0.1	-4.83082
13063074	301	0.1	-0.1	0.109858
13063074	302	0.1	-0.1	0.563116
13063074	303	0.1	-0.1	2.56242
13063074	304	0.1	-0.1	3.8084
13063074	305	0.1	-0.1	-5.2705
13063074	306	0.1	-0.1	-0.875579
13063074	307	0.1	-0.1	4.45601
13063074	308	0.1	-0.1	5.4672
13063074	309	0.1	-0.1	5.44385
13063074	310	0.1	-0.1	-4.58189
13063074	311	0.1	-0.1	-0.683812
13063074	312	0.1	-0.1	5.60403
13063074	313	0.1	-0.1	0.391405
13063074	314	0.1	-0.1	0.598301
13063074	315	0.1	-0.1	-0.292512
13063074	316	0.1	-0.1	-0.874265
13063074	317	0.1	-0.1	5.78417
13063074	318	0.1	-0.1	-1.27229
13063074	319	0.1	-0.1	3.38097
13063074	320	0.1	-0.1	0.508773
13063074	321	0.1	-0.1	-3.10782
13063074	322	0.1	-0.1	4.17928
13063074	323	0.1	-0.1	4.22863
13063074	324	0.1	-0.1	-1.62572
13063074	325	0.1	-0.1	-1.31957
13063074	326	0.1	-0.1	-5.92357
13063074	327	0.1	-0.1	1.38444
13063074	328	0.1	-0.1	-4.42347
13063074	329	0.1	-0.1	-1.7892
13063074	330	0.1	-0.1	1.75557
13063074	331	0.1	-0.1	1.01549
13063074	332	0.1	-0.1	4.45507
13063074	333	0.1	-0.1	-1.29616
13063074	334	0.1	-0.1	-2.08206
13063074	335	0.1	-0.1	-3.19518
13063074	336	0.1	-0.1	0.387342
13063074	337	0.1	-0.1	0.124949
13063074	338	0.1	-0.1	0.57956
13063074	339	0.1	-0.1	2.59774
13063074	340	0.1	-0.1	-4.6996
13063074	341	0.1	-0.1	-5.35425
13063074	342	0.1	-0.1	-4.84822
13063074	343	0.1	-0.1	-2.66335
13063074	344	0.1	-0.1	-5.35144
13063074	345	0.1	-0.1	4.55649
13063074	346	0.1	-0.1	-2.06746
13063074	347	0.1	-0.1	4.42322
13063074	348	0.1	-0.1	-3.5618
13063074	349	0.1	-0.1	-5.34837
13063074	350	0.1	-0.1	3.41642
13063074	351	0.1	-0.1	-5.62017
13063074	352	0.1	-0.1	4.42972
13063074	353	0.1	-0.1	-4.69903
13063074	354	0.1	-0.1	-2.59708
13063074	355	0.1	-0.1	0.465584
13063074	356	0.1	-0.1	2.77227
13063074	357	0.1	-0.1	1.04598
13063074	358	0.1	-0.1	-0.835947
13063074	359	0.1	-0.1	5.16146
13063074	360	0.1	-0.1	4.0097
13063074	361	0.1	-0.1	-3.07823
13063074	362	0.1	-0.1	-1.55866
13063074	363	0.1	-0.1	0.338771
13063074	364	0.1	-0.1	2.18806
13063074	365	0.1	-0.1	3.95314
13063074	366	0.1	-0.1	0.062597
13063074	367	0.1	-0.1	2.71613
13063074	368	0.1	-0.1	-0.407522
13063074	369	0.1	-0.1	2.98881
13063074	370	0.1	-0.1	2.72616
13063074	371	0.1	-0.1	4.22596
13063074	372	0.1	-0.1	1.02223
13063074	373	0.1	-0.1	5.61899
13063074	374	0.1	-0.1	5.29915
13063074	375	0.1	-0.1	-4.45873
13063074	376	0.1	-0.1	4.84263
13063074	377	0.1	-0.1	1.13021
13063074	378	0.1	-0.1	-1.82885
13063074	379	0.1	-0.1	-5.67202
13063074	380	0.1	-0.1	-5.46555
13063074	381	0.1	-0.1	-4.93487
13063074	382	0.1	-0.1	-3.2987
13063074	383	0.1	-0.1	-4.84753
13063074	384	0.1	-0.1	-3.39814
13063074	385	0.1	-0.1	-2.50778
13063074	386	0.1	-0.1	4.8184
13063074	387	0.1	-0.1	-5.39643
13063074	388	0.1	-0.1	2.4264
13063074	389	0.1	-0.1	-3.66721
13063074	390	0.1	-0.1	-5.36132
13063074	391	0.1	-0.1	-0.593004
13063074	392	0.1	-0.1	-3.5455
13063074	393	0.1	-0.1	1.71619
13063074	394	0.1	-0.1	1.17042
13063074	395	0.1	-0.1	-2.71248
13063074	396	0.1	-0.1	3.04645
13063074	397	0.1	-0.1	0.355241
13063074	398	0.1	-0.1	2.12756
13063074	399	0.1	-0.1	2.658
13063074	400	0.1	-0.1	-2.00475
13063074	401	0.1	-0.1	-3.54693
13063074	402	0.1	-0.1	0.536767
13063074	403	0.1	-0.1	0.981529
13063074	404	0.1	-0.1	-1.30706
13063074	405	0.1	-0.1	-5.6426
13063074	406	0.1	-0.1	-3.37162
13063074	407	0.1	-0.1	2.42823
13063074	408	0.1	-0.1	2.85095
13063074	409	0.1	-0.1	-4.85529
13063074	410	0.1	-0.1	-0.729634
13063074	411	0.1	-0.1	-2.66337
13063074	412	0.1	-0.1	5.58124
13063074	413	0.1	-0.1	0.719774
13063074	414	0.1	-0.1	1.66989
13063074	415	0.1	-0.1	1.65555
13063074	416	0.1	-0.1	3.51675
13063074	417	0.1	-0.1	-0.536171
13063074	418	0.1	-0.1	1.7536
13063074	419	0.1	-0.1	0.621513
13063074	420	0.1	-0.1	-1.86012
13063074	421	0.1	-0.1	2.73063
13063074	422	0.1	-0.1	-5.60668
13063074	423	0.1	-0.1	-1.63784
13063074	424	0.1	-0.1	-0.557829
13063074	425	0.1	-0.1	-0.65395
13063074	426	0.1	-0.1	-5.9951
13063074	427	0.1	-0.1	1.29987
13063074	428	0.1	-0.1	-3.73103
13063074	429	0.1	-0.1	-5.37575
13063074	430	0.1	-0.1	-4.02522
13063074	431	0.1	-0.1	1.10685
13063074	432	0.1	-0.1	0.566085
13063074	433	0.1	-0.1	-4.15628
13063074	434	0.1	-0.1	1.13149
13063074	435	0.1	-0.1	-5.37814
13063074	436	0.1	-0.1	-1.84363
13063074	437	0.1	-0.1	-1.07169
13063074	438	0.1	-0.1	-4.54094
13063074	439	0.1	-0.1	5.54969
13063074	440	0.1	-0.1	2.64461
13063074	441	0.1	-0.1	-4.24109
13063074	442	0.1	-0.1	1.80702
13063074	443	0.1	-0.1	3.33092
13063074	444	0.1	-0.1	-5.1587
13063074	445	0.1	-0.1	-3.21663
13063074	446	0.1	-0.1	0.415967
13063074	447	0.1	-0.1	-5.38025
13063074	448	0.1	-0.1	4.22398
13063074	449	0.1	-0.1	-0.932442
13063074	450	0.1	-0.1	-3.22987
13063074	451	0.1	-0.1	-2.84693
13063074	452	0.1	-0.1	3.60532
13063074	453	0.1	-0.1	3.98287
13063074	454	0.1	-0.1	4.93689
13063074	455	0.1	-0.1	5.68678
13063074	456	0.1	-0.1	0.805459
13063074	457	0.1	-0.1	5.90497
13063074	458	0.1	-0.1	-1.0538
13063074	459	0.1	-0.1	3.16857
13063074	460	0.1	-0.1	5.10618
13063074	461	0.1	-0.1	-2.51414
13063074	462	0.1	-0.1	0.611489
13063074	463	0.1	-0.1	-4.0072
13063074	464	0.1	-0.1	1.65436
13063074	465	0.1	-0.1	-3.93677
13063074	466	0.1	-0.1	2.48291
13063074	467	0.1	-0.1	-3.80638
13063074	468	0.1	-0.1	-3.47505
13063074	469	0.1	-0.1	0.771552
13063074	470	0.1	-0.1	0.652652
13063074	471	0.1	-0.1	-2.30695
13063074	472	0.1	-0.1	-2.12884
13063074	473	0.1	-0.1	3.04124
13063074	474	0.1	-0.1	-0.321419
13063074	475	0.1	-0.1	-1.06607
13063074	476	0.1	-0.1	-2.60487
13063074	477	0.1	-0.1	3.60737
13063074	478	0.1	-0.1	-3.05705
13063074	479	0.1	-0.1	5.0792
13063074	480	0.1	-0.1	-4.84228
13063074	481	0.1	-0.1	-5.9263
13063074	482	0.1	-0.1	-1.02254
13063074	483	0.1	-0.1	-0.147065
13063074	484	0.1	-0.1	-0.986253
13063074	485	0.1	-0.1	2.11001
13063074	486	0.1	-0.1	-2.43797
13063074	487	0.1	-0.1	-0.200114
13063074	488	0.1	-0.1	5.77145
13063074	489	0.1	-0.1	-2.1527
13063074	490	0.1	-0.1	4.06572
13063074	491	0.1	-0.1	-3.9726
13063074	492	0.1	-0.1	1.39334
13063074	493	0.1	-0.1	-4.47776
13063074	494	0.1	-0.1	3.96534
13063074	495	0.1	-0.1	5.29916
13063074	496	0.1	-0.1	-3.33375
13063074	497	0.1	-0.1	4.6133
13063074	498	0.1	-0.1	-2.49197
13063074	499	0.1	-0.1	-5.60717
13063074	500	0.1	-0.1	-1.15122
13063074	501	0.1	-0.1	-3.34973
13063074	502	0.1	-0.1	4.6503
13063074	503	0.1	-0.1	3.1883
13063074	504	0.1	-0.1	1.09549
13063074	505	0.1	-0.1	3.55102
13063074	506	0.1	-0.1	-1.99559
13063074	507	0.1	-0.1	1.29269
13063074	508	0.1	-0.1	4.82394
13063074	509	0.1	-0.1	5.20641
13063074	510	0.1	-0.1	1.28997
13063074	511	0.1	-0.1	-3.08444
13063074	512	0.1	-0.1	5.6861
13063074	513	0.1	-0.1	-1.32565
13063074	514	0.1	-0.1	-0.938961
13063074	515	0.1	-0.1	-4.13875
13063074	516	0.1	-0.1	-3.79335
13063074	517	0.1	-0.1	-2.27615
13063074	518	0.1	-0.1	4.86483
13063074	519	0.1	-0.1	-0.0239314
13063074	520	0.1	-0.1	-5.89684
13063074	521	0.1	-0.1	-1.46926
13063074	522	0.1	-0.1	4.81676
13063074	523	0.1	-0.1	2.9703
13063074	524	0.1	-0.1	-5.49777
13063074	525	0.1	-0.1	3.47076
13063074	526	0.1	-0.1	4.56451
13063074	527	0.1	-0.1	5.9927
13063074	528	0.1	-0.1	-3.33848
13063074	529	0.1	-0.1	5.827
13063074	530	0.1	-0.1	-0.356389
13063074	531	0.1	-0.1	-2.68857
13063074	532	0.1	-0.1	4.32044
13063074	533	0.1	-0.1	5.52036
13063074	534	0.1	-0.1	1.67226
13063074	535	0.1	-0.1	-1.17621
13063074	536	0.1	-0.1	-3.52823
13063074	537	0.1	-0.1	0.951036
13063074	538	0.1	-0.1	4.27516
13063074	539	0.1	-0.1	4.61482
13063074	540	0.1	-0.1	1.02833
13063074	541	0.1	-0.1	-3.73972
13063074	542	0.1	-0.1	2.13412
13063074	543	0.1	-0.1	-0.567914
13063074	544	0.1	-0.1	5.25317
13063074	545	0.1	-0.1	-1.68883
13063074	546	0.1	-0.1	4.55013
13063074	547	0.1	-0.1	-5.39333
13063074	548	0.1	-0.1	-2.64374
13063074	549	0.1	-0.1	1.08315
13063074	550	0.1	-0.1	4.89786
13063074	551	0.1	-0.1	-2.31446
13063074	552	0.1	-0.1	1.00095
13063074	553	0.1	-0.1	-1.36923
13063074	554	0.1	-0.1	3.52911
13063074	555	0.1	-0.1	2.4145
13063074	556	0.1	-0.1	4.66485
13063074	557	0.1	-0.1	3.39292
13063074	558	0.1	-0.1	4.42627
13063074	559	0.1	-0.1	4.28799
13063074	560	0.1	-0.1	-0.862036
13063074	561	0.1	-0.1	-1.2824
13063074	562	0.1	-0.1	1.40489
13063074	563	0.1	-0.1	5.16451
13063074	564	0.1	-0.1	4.9457
13063074	565	0.1	-0.1	3.97148
13063074	566	0.1	-0.1	1.08245
13063074	567	0.1	-0.1	-5.93495
13063074	568	0.1	-0.1	-0.83645
13063074	569	0.1	-0.1	-4.46317
13063074	570	0.1	-0.1	-3.80812
13063074	571	0.1	-0.1	4.91156
13063074	572	0.1	-0.1	-1.49423
13063074	573	0.1	-0.1	3.94377
13063074	574	0.1	-0.1	5.25231
13063074	575	0.1	-0.1	-0.985551
13063074	576	0.1	-0.1	3.427
13063074	577	0.1	-0.1	-4.33737
13063074	578	0.1	-0.1	-1.90406
13063074	579	0.1	-0.1	0.558706
13063074	580	0.1	-0.1	0.0760049
13063074	581	0.1	-0.1	-0.897224
13063074	582	0.1	-0.1	2.80561
13063074	583	0.1	-0.1	-2.80605
13063074	584	0.1	-0.1	-4.54761
13063074	585	0.1	-0.1	4.33072
13063074	586	0.1	-0.1	4.39356
13063074	587	0.1	-0.1	4.22486
13063074	588	0.1	-0.1	-1.979
13063074	589	0.1	-0.1	-3.74361
13063074	590	0.1	-0.1	1.91305
13063074	591	0.1	-0.1	-3.15819
13063074	592	0.1	-0.1	0.806163
13063074	593	0.1	-0.1	-4.53946
13063074	594	0.1	-0.1	1.00195
13063074	595	0.1	-0.1	-4.16521
13063074	596	0.1	-0.1	-3.55133
13063074	597	0.1	-0.1	1.28233
13063074	598	0.1	-0.1	1.13629
13063074	599	0.1	-0.1	-1.5786
13063074	600	0.1	-0.1	0.0789013
13063074	601	0.1	-0.1	2.01101
13063074	602	0.1	-0.1	5.55118
13063074	603	0.1	-0.1	0.45278
13063074	604	0.1	-0.1	-3.20166
13063074	605	0.1	-0.1	-4.39877
13063074	606	0.1	-0.1	-5.13816
13063074	607	0.1	-0.1	-2.53849
13063074	608	0.1	-0.1	-0.756251
13063074	609	0.1	-0.1	-1.44298
13063074	610	0.1	-0.1	-0.872293
13063074	611	0.1	-0.1	-3.90936
13063074	612	0.1	-0.1	4.77179
13063074	613	0.1	-0.1	1.07894
13063074	614	0.1	-0.1	-3.29427
13063074	615	0.1	-0.1	-4.30363
13063074	616	0.1	-0.1	1.32579
13063074	617	0.1	-0.1	-0.981931
13063074	618	0.1	-0.1	1.6137
13063074	619	0.1	-0.1	-2.25542
13063074	620	0.1	-0.1	0.821193
13063074	621	0.1	-0.1	-5.268
13063074	622	0.1	-0.1	4.21468
13063074	623	0.1	-0.1	5.64904
13063074	624	0.1	-0.1	3.32721
13063074	625	0.1	-0.1	-0.758163
13063074	626	0.1	-0.1	0.560095
13063074	627	0.1	-0.1	1.8265
13063074	628	0.1	-0.1	-3.14435
13063074	629	0.1	-0.1	2.99243
13063074	630	0.1	-0.1	-0.355548
13063074	631	0.1	-0.1	-5.78241
13063074	632	0.1	-0.1	-0.495494
13063074	633	0.1	-0.1	-0.808182
13063074	634	0.1	-0.1	-2.43757
13063074	635	0.1	-0.1	-1.99112
13063074	636	0.1	-0.1	-2.87181
13063074	637	0.1	-0.1	2.76745
13063074	638	0.1	-0.1	-0.217786
13063074	639	0.1	-0.1	-2.04972
13063074	640	0.1	-0.1	-0.922869
13063074	641	0.1	-0.1	4.74873
13063074	642	0.1	-0.1	4.28676
13063074	643	0.1	-0.1	-5.68188
13063074	644	0.1	-0.1	4.0745
13063074	645	0.1	-0.1	-1.78476
13063074	646	0.1	-0.1	4.97224
13063074	647	0.1	-0.1	0.919312
13063074	648	0.1	-0.1	2.71695
13063074	649	0.1	-0.1	-4.46394
13063074	650	0.1	-0.1	2.09623
13063074	651	0.1	-0.1	4.54458
13063074	652	0.1	-0.1	-4.4752
13063074	653	0.1	-0.1	0.75121
13063074	654	0.1	-0.1	4.27587
13063074	655	0.1	-0.1	4.37132
13063074	656	0.1	-0.1	-4.03053
13063074	657	0.1	-0.1	2.69689
13063074	658	0.1	-0.1	0.414425
13063074	659	0.1	-0.1	-5.45003
13063074	660	0.1	-0.1	0.214849
13063074	661	0.1	-0.1	2.87388
13063074	662	0.1	-0.1	0.00975092
13063074	663	0.1	-0.1	5.20244
13063074	664	0.1	-0.1	1.93013
13063074	665	0.1	-0.1	2.33229
13063074	666	0.1	-0.1	-4.06974
13063074	667	0.1	-0.1	-3.95893
13063074	668	0.1	-0.1	-5.69637
13063074	669	0.1	-0.1	-2.57291
13063074	670	0.1	-0.1	-2.59354
13063074	671	0.1	-0.1	5.39484
13063074	672	0.1	-0.1	-1.89101
13063074	673	0.1	-0.1	0.321155
13063074	674	0.1	-0.1	-3.28408
13063074	675	0.1	-0.1	-0.000967638
13063074	676	0.1	-0.1	-5.22004
13063074	677	0.1	-0.1	-4.83771
13063074	678	0.1	-0.1	-0.930803
13063074	679	0.1	-0.1	-0.807575
13063074	680	0.1	-0.1	1.1164
13063074	681	0.1	-0.1	-4.70454
13063074	682	0.1	-0.1	3.70791
13063074	683	0.1	-0.1	2.9012
13063074	684	0.1	-0.1	2.90809
13063074	685	0.1	-0.1	-3.4102
13063074	686	0.1	-0.1	2.98819
13063074	687	0.1	-0.1	2.52483
13063074	688	0.1	-0.1	4.76541
13063074	689	0.1	-0.1	1.8175
13063074	690	0.1	-0.1	5.53243
13063074	691	0.1	-0.1	1.58364
13063074	692	0.1	-0.1	5.55182
13063074	693	0.1	-0.1	-0.463438
13063074	694	0.1	-0.1	-5.56021
13063074	695	0.1	-0.1	-4.34519
13063074	696	0.1	-0.1	-5.20579
13063074	697	0.1	-0.1	0.442274
13063074	698	0.1	-0.1	1.55494
13063074	699	0.1	-0.1	5.64935
13063074	700	0.1	-0.1	0.0865195
13063074	701	0.1	-0.1	5.61315
13063074	702	0.1	-0.1	1.00615
13063074	703	0.1	-0.1	0.67262
13063074	704	0.1	-0.1	5.7154
13063074	705	0.1	-0.1	-3.90866
13063074	706	0.1	-0.1	-2.61794
13063074	707	0.1	-0.1	-2.4173
13063074	708	0.1	-0.1	2.99639
13063074	709	0.1	-0.1	-0.699735
13063074	710	0.1	-0.1	-3.56527
13063074	711	0.1	-0.1	-1.71977
13063074	712	0.1	-0.1	0.796328
13063074	713	0.1	-0.1	-4.95756
13063074	714	0.1	-0.1	-0.824129
13063074	715	0.1	-0.1	0.324783
13063074	716	0.1	-0.1	-1.48905
13063074	717	0.1	-0.1	-0.0749522
13063074	718	0.1	-0.1	-5.65146
13063074	719	0.1	-0.1	1.58197
13063074	720	0.1	-0.1	2.2013
13063074	721	0.1	-0.1	-3.37134
13063074	722	0.1	-0.1	4.37561
13063074	723	0.1	-0.1	-2.12018
13063074	724	0.1	-0.1	-5.18569
13063074	725	0.1	-0.1	-3.97719
13063074	726	0.1	-0.1	0.475307
13063074	727	0.1	-0.1	5.47535
13063074	728	0.1	-0.1	-2.98873
13063074	729	0.1	-0.1	-1.19693
13063074	730	0.1	-0.1	-2.83045
13063074	731	0.1	-0.1	-5.30481
13063074	732	0.1	-0.1	2.84058
13063074	733	0.1	-0.1	0.604809
13063074	734	0.1	-0.1	0.731372
13063074	735	0.1	-0.1	1.22585
13063074	736	0.1	-0.1	3.76345
13063074	737	0.1	-0.1	-3.53285
13063074	738	0.1	-0.1	1.44065
13063074	739	0.1	-0.1	-3.09365
13063074	740	0.1	-0.1	1.997
13063074	741	0.1	-0.1	-3.41879
13063074	742	0.1	-0.1	0.0863827
13063074	743	0.1	-0.1	1.13755
13063074	744	0.1	-0.1	-4.5936
13063074	745	0.1	-0.1	0.808082
13063074	746	0.1	-0.1	2.58746
13063074	747	0.1	-0.1	-1.37585
13063074	748	0.1	-0.1	0.621389
13063074	749	0.1	-0.1	-4.17737
13063074	750	0.1	-0.1	1.00705
13063074	751	0.1	-0.1	0.916804
13063074	752	0.1	-0.1	5.83547
13063074	753	0.1	-0.1	-5.98652
13063074	754	0.1	-0.1	3.24345
13063074	755	0.1	-0.1	-4.77957
13063074	756	0.1	-0.1	-1.90609
13063074	757	0.1	-0.1	-1.42966
13063074	758	0.1	-0.1	-3.67389
13063074	759	0.1	-0.1	4.15863
13063074	760	0.1	-0.1	5.35345
13063074	761	0.1	-0.1	2.64473
13063074	762	0.1	-0.1	-1.75173
13063074	763	0.1	-0.1	-0.683812
13063074	764	0.1	-0.1	3.08511
13063074	765	0.1	-0.1	-4.35534
13063074	766	0.1	-0.1	-5.22434
13063074	767	0.1	-0.1	1.4716
13063074	768	0.1	-0.1	3.772
13063074	769	0.1	-0.1	2.25174
13063074	770	0.1	-0.1	-0.0412242
13063074	771	0.1	-0.1	3.53979
13063074	772	0.1	-0.1	-5.64299
13063074	773	0.1	-0.1	4.42872
13063074	774	0.1	-0.1	-5.51378
13063074	775	0.1	-0.1	1.64077
13063074	776	0.1	-0.1	4.40453
13063074	777	0.1	-0.1	5.71037
13063074	778	0.1	-0.1	0.439398
13063074	779	0.1	-0.1	-1.84472
13063074	780	0.1	-0.1	-3.14179
13063074	781	0.1	-0.1	1.23058
13063074	782	0.1	-0.1	5.31299
13063074	783	0.1	-0.1	5.17486
13063074	784	0.1	-0.1	-5.19115
13063074	785	0.1	-0.1	1.22663
13063074	786	0.1	-0.1	2.31412
13063074	787	0.1	-0.1	-2.07687
13063074	788	0.1	-0.1	-0.901597
13063074	789	0.1	-0.1	-2.09946
13063074	790	0.1	-0.1	3.64189
13063074	791	0.1	-0.1	-3.15316
13063074	792	0.1	-0.1	-4.72271
13063074	793	0.1	-0.1	5.14351
13063074	794	0.1	-0.1	3.06299
13063074	795	0.1	-0.1	1.33691
13063074	796	0.1	-0.1	3.92305
13063074	797	0.1	-0.1	3.83512
13063074	798	0.1	-0.1	1.19723
13063074	799	0.1	-0.1	-5.68754
13063074	800	0.1	-0.1	-4.83282
13063074	801	0.1	-0.1	4.36622
13063074	802	0.1	-0.1	-0.589933
13063074	803	0.1	-0.1	4.96725
13063074	804	0.1	-0.1	-3.4114
13063074	805	0.1	-0.1	-3.90067
13063074	806	0.1	-0.1	0.984439
13063074	807	0.1	-0.1	5.52728
13063074	808	0.1	-0.1	1.38749
13063074	809	0.1	-0.1	2.21716
13063074	810	0.1	-0.1	5.57528
13063074	811	0.1	-0.1	2.87244
13063074	812	0.1	-0.1	0.755918
13063074	813	0.1	-0.1	-1.16173
13063074	814	0.1	-0.1	-0.84082
13063074	815	0.1	-0.1	0.345603
13063074	816	0.1	-0.1	5.51559
13063074	817	0.1	-0.1	-2.90782
13063074	818	0.1	-0.1	-5.40117
13063074	819	0.1	-0.1	-3.89993
13063074	820	0.1	-0.1	2.54216
13063074	821	0.1	-0.1	-2.78456
13063074	822	0.1	-0.1	-5.66928
13063074	823	0.1	-0.1	4.5641
13063074	824	0.1	-0.1	-0.547036
13063074	825	0.1	-0.1	3.91375
13063074	826	0.1	-0.1	2.49579
13063074	827	0.1	-0.1	0.284632
13063074	828	0.1	-0.1	3.12377
13063074	829	0.1	-0.1	-2.39215
13063074	830	0.1	-0.1	-5.98883
13063074	831	0.1	-0.1	3.54316
13063074	832	0.1	-0.1	3.52235
13063074	833	0.1	-0.1	-3.46963
13063074	834	0.1	-0.1	0.210593
13063074	835	0.1	-0.1	3.03952
13063074	836	0.1	-0.1	-4.27751
13063074	837	0.1	-0.1	-0.28067
13063074	838	0.1	-0.1	4.87551
13063074	839	0.1	-0.1	-4.4674
13063074	840	0.1	-0.1	4.57615
13063074	841	0.1	-0.1	-2.41379
13063074	842	0.1	-0.1	-2.55646
13063074	843	0.1	-0.1	2.04023
13063074	844	0.1	-0.1	-3.26349
13063074	845	0.1	-0.1	-2.8162
13063074	846	0.1	-0.1	-0.940401
13063074	847	0.1	-0.1	4.96058
13063074	848	0.1	-0.1	-2.29245
13063074	849	0.1	-0.1	0.950288
13063074	850	0.1	-0.1	-2.75343
13063074	851	0.1	-0.1	2.31069
13063074	852	0.1	-0.1	-0.475354
13063074	853	0.1	-0.1	-0.0779806
13063074	854	0.1	-0.1	2.13858
13063074	855	0.1	-0.1	2.83603
13063074	856	0.1	-0.1	4.31171
13063074	857	0.1	-0.1	1.16053
13063074	858	0.1	-0.1	-4.42599
13063074	859	0.1	-0.1	1.2008
13063074	860	0.1	-0.1	4.05909
13063074	861	0.1	-0.1	5.90099
13063074	862	0.1	-0.1	-4.2942
13063074	863	0.1	-0.1	-3.9203
13063074	864	0.1	-0.1	-2.66943
13063074	865	0.1	-0.1	-3.51519
13063074	866	0.1	-0.1	-2.73604
13063074	867	0.1	-0.1	5.11522
13063074	868	0.1	-0.1	5.27424
13063074	869	0.1	-0.1	-2.10749
13063074	870	0.1	-0.1	4.61822
13063074	871	0.1	-0.1	0.405258
13063074	872	0.1	-0.1	-1.88456
13063074	873	0.1	-0.1	1.87449
13063074	874	0.1	-0.1	5.00514
13063074	875	0.1	-0.1	4.59271
13063074	876	0.1	-0.1	5.72572
13063074	877	0.1	-0.1	0.0446046
13063074	878	0.1	-0.1	2.82138
13063074	879	0.1	-0.1	5.57357
13063074	880	0.1	-0.1	-5.13864
13063074	881	0.1	-0.1	2.58387
13063074	882	0.1	-0.1	-2.80155
13063074	883	0.1	-0.1	-0.328434
13063074	884	0.1	-0.1	0.738545
13063074	885	0.1	-0.1	0.755178
13063074	886	0.1	-0.1	3.84296
13063074	887	0.1	-0.1	-1.45374
13063074	888	0.1	-0.1	-1.81143
13063074	889	0.1	-0.1	2.18779
13063074	890	0.1	-0.1	-5.63576
13063074	891	0.1	-0.1	-0.416745
13063074	892	0.1	-0.1	-5.09009
13063074	893	0.1	-0.1	-4.27685
13063074	894	0.1	-0.1	1.82446
13063074	895	0.1	-0.1	-0.845602
13063074	896	0.1	-0.1	-0.346504
13063074	897	0.1	-0.1	-4.65239
13063074	898	0.1	-0.1	-3.84985
13063074	899	0.1	-0.1	5.3231
13063074	900	0.1	-0.1	-5.08584
13063074	901	0.1	-0.1	2.89352
13063074	902	0.1	-0.1	-5.00194
13063074	903	0.1	-0.1	-0.558982
13063074	904	0.1	-0.1	-5.25494
13063074	905	0.1	-0.1	1.55993
13063074	906	0.1	-0.1	1.10494
13063074	907	0.1	-0.1	-3.00537
13063074	908	0.1	-0.1	0.441206
13063074	909	0.1	-0.1	-4.20702
13063074	910	0.1	-0.1	2.34816
13063074	911	0.1	-0.1	-5.91753
13063074	912	0.1	-0.1	-0.793939
13063074	913	0.1	-0.1	5.47378
13063074	914	0.1	-0.1	-3.03935
13063074	915	0.1	-0.1	-0.251649
13063074	916	0.1	-0.1	4.34395
13063074	917	0.1	-0.1	2.63076
13063074	918	0.1	-0.1	0.73669
13063074	919	0.1	-0.1	1.47488
13063074	920	0.1	-0.1	3.16964
13063074	921	0.1	-0.1	-5.97353
13063074	922	0.1	-0.1	-3.10267
13063074	923	0.1	-0.1	-3.02331
13063074	924	0.1	-0.1	2.91585
13063074	925	0.1	-0.1	-3.12889
13063074	926	0.1	-0.1	2.2737
13063074	927	0.1	-0.1	-1.10294
13063074	928	0.1	-0.1	-5.84764
13063074	929	0.1	-0.1	-5.74126
13063074	930	0.1	-0.1	-0.907282
13063074	931	0.1	-0.1	5.70544
13063074	932	0.1	-0.1	2.07906
13063074	933	0.1	-0.1	2.24068
13063074	934	0.1	-0.1	0.8064
13063074	935	0.1	-0.1	4.2124
13063074	936	0.1	-0.1	0.0336138
13063074	937	0.1	-0.1	3.92044
13063074	938	0.1	-0.1	-3.34544
13063074	939	0.1	-0.1	1.19887
13063074	940	0.1	-0.1	-3.13639
13063074	941	0.1	-0.1	2.01557
13063074	942	0.1	-0.1	-0.70625
13063074	943	0.1	-0.1	0.241784
13063074	944	0.1	-0.1	5.51764
13063074	945	0.1	-0.1	4.52012
13063074	946	0.1	-0.1	-1.32621
13063074	947	0.1	-0.1	-3.98978
13063074	948	0.1	-0.1	-3.55542
13063074	949	0.1	-0.1	0.134221
13063074	950	0.1	-0.1	-5.75853
13063074	951	0.1	-0.1	-2.50671
13063074	952	0.1	-0.1	5.11775
13063074	953	0.1	-0.1	4.9399
13063074	954	0.1	-0.1	5.63992
13063074	955	0.1	-0.1	-4.04639
13063074	956	0.1	-0.1	1.33833
13063074	957	0.1	-0.1	-5.34136
13063074	958	0.1	-0.1	-4.3138
13063074	959	0.1	-0.1	2.09664
13063074	960	0.1	-0.1	-1.84979
13063074	961	0.1	-0.1	-5.06398
13063074	962	0.1	-0.1	0.489319
13063074	963	0.1	-0.1	-0.346102
13063074	964	0.1	-0.1	3.91513
13063074	965	0.1	-0.1	3.44556
13063074	966	0.1	-0.1	-3.3573
13063074	967	0.1	-0.1	3.19547
13063074	968	0.1	-0.1	1.19278
13063074	969	0.1	-0.1	3.10579
13063074	970	0.1	-0.1	-5.70544
13063074	971	0.1	-0.1	-1.56407
13063074	972	0.1	-0.1	2.68051
13063074	973	0.1	-0.1	4.89573
13063074	974	0.1	-0.1	3.95534
13063074	975	0.1	-0.1	-5.82892
13063074	976	0.1	-0.1	-1.83115
13063074	977	0.1	-0.1	-0.71735
13063074	978	0.1	-0.1	-5.51257
13063074	979	0.1	-0.1	-0.908316
13063074	980	0.1	-0.1	-5.86669
13063074	981	0.1	-0.1	-1.98033
13063074	982	0.1	-0.1	-4.5922
13063074	983	0.1	-0.1	-1.52308
13063074	984	0.1	-0.1	-0.844246
13063074	985	0.1	-0.1	-3.43093
13063074	986	0.1	-0.1	1.89265
13063074	987	0.1	-0.1	-4.93324
13063074	988	0.1	-0.1	0.712553
13063074	989	0.1	-0.1	2.94635
13063074	990	0.1	-0.1	4.83859
13063074	991	0.1	-0.1	4.64837
13063074	992	0.1	-0.1	2.34244
13063074	993	0.1	-0.1	-3.59129
13063074	994	0.1	-0.1	-3.59841
13063074	995	0.1	-0.1	-3.42432
13063074	996	0.1	-0.1	2.78752
13063074	997	0.1	-0.1	3.99543
13063074	998	0.1	-0.1	3.22676
13063074	999	0.1	-0.1	2.10883
13063074	1000	0.1	-0.1	3.54184
