13066030	1	0.1	-0.1	-1.00309
13066030	2	0.1	-0.1	-1.40636
13066030	3	0.1	-0.1	3.72163
13066030	4	0.1	-0.1	-2.64017
13066030	5	0.1	-0.1	-2.76794
13066030	6	0.1	-0.1	0.860185
13066030	7	0.1	-0.1	0.296305
13066030	8	0.1	-0.1	-3.07865
13066030	9	0.1	-0.1	5.18619
13066030	10	0.1	-0.1	4.39242
13066030	11	0.1	-0.1	-5.59026
13066030	12	0.1	-0.1	1.70072
13066030	13	0.1	-0.1	-4.84667
13066030	14	0.1	-0.1	-0.871817
13066030	15	0.1	-0.1	3.56002
13066030	16	0.1	-0.1	-1.27844
13066030	17	0.1	-0.1	-4.5303
13066030	18	0.1	-0.1	4.08393
13066030	19	0.1	-0.1	4.88907
13066030	20	0.1	-0.1	-2.99983
13066030	21	0.1	-0.1	4.49043
13066030	22	0.1	-0.1	1.80135
13066030	23	0.1	-0.1	3.3643
13066030	24	0.1	-0.1	3.08889
13066030	25	0.1	-0.1	2.62581
13066030	26	0.1	-0.1	-3.20961
13066030	27	0.1	-0.1	5.25676
13066030	28	0.1	-0.1	-1.94964
13066030	29	0.1	-0.1	-2.94705
13066030	30	0.1	-0.1	5.28673
13066030	31	0.1	-0.1	1.82238
13066030	32	0.1	-0.1	3.94109
13066030	33	0.1	-0.1	-4.57793
13066030	34	0.1	-0.1	-0.881697
13066030	35	0.1	-0.1	-2.07114
13066030	36	0.1	-0.1	0.247234
13066030	37	0.1	-0.1	-4.13725
13066030	38	0.1	-0.1	2.76691
13066030	39	0.1	-0.1	4.42266
13066030	40	0.1	-0.1	-0.754929
13066030	41	0.1	-0.1	-4.92335
13066030	42	0.1	-0.1	-0.859209
13066030	43	0.1	-0.1	4.11879
13066030	44	0.1	-0.1	5.39085
13066030	45	0.1	-0.1	4.88326
13066030	46	0.1	-0.1	2.07943
13066030	47	0.1	-0.1	2.85494
13066030	48	0.1	-0.1	5.40399
13066030	49	0.1	-0.1	0.305584
13066030	50	0.1	-0.1	-4.56471
13066030	51	0.1	-0.1	-2.26345
13066030	52	0.1	-0.1	0.695031
13066030	53	0.1	-0.1	-0.100397
13066030	54	0.1	-0.1	-2.15207
13066030	55	0.1	-0.1	5.13733
13066030	56	0.1	-0.1	2.89171
13066030	57	0.1	-0.1	-1.49567
13066030	58	0.1	-0.1	-4.63349
13066030	59	0.1	-0.1	-1.83509
13066030	60	0.1	-0.1	-3.71586
13066030	61	0.1	-0.1	1.93063
13066030	62	0.1	-0.1	4.03381
13066030	63	0.1	-0.1	5.30601
13066030	64	0.1	-0.1	1.21632
13066030	65	0.1	-0.1	4.03698
13066030	66	0.1	-0.1	5.68012
13066030	67	0.1	-0.1	4.35822
13066030	68	0.1	-0.1	2.14517
13066030	69	0.1	-0.1	0.212894
13066030	70	0.1	-0.1	-2.74922
13066030	71	0.1	-0.1	-1.15178
13066030	72	0.1	-0.1	1.9462
13066030	73	0.1	-0.1	-0.21729
13066030	74	0.1	-0.1	-5.76853
13066030	75	0.1	-0.1	-1.92979
13066030	76	0.1	-0.1	3.87499
13066030	77	0.1	-0.1	0.153796
13066030	78	0.1	-0.1	-5.3107
13066030	79	0.1	-0.1	4.68825
13066030	80	0.1	-0.1	-4.12811
13066030	81	0.1	-0.1	-5.89922
13066030	82	0.1	-0.1	0.680446
13066030	83	0.1	-0.1	-3.82361
13066030	84	0.1	-0.1	-2.45553
13066030	85	0.1	-0.1	-2.16892
13066030	86	0.1	-0.1	0.190897
13066030	87	0.1	-0.1	4.79922
13066030	88	0.1	-0.1	2.19001
13066030	89	0.1	-0.1	-4.72928
13066030	90	0.1	-0.1	3.06316
13066030	91	0.1	-0.1	-2.31203
13066030	92	0.1	-0.1	-5.76757
13066030	93	0.1	-0.1	5.51384
13066030	94	0.1	-0.1	-2.46866
13066030	95	0.1	-0.1	3.9275
13066030	96	0.1	-0.1	-3.83707
13066030	97	0.1	-0.1	-4.48266
13066030	98	0.1	-0.1	2.00741
13066030	99	0.1	-0.1	-2.8658
13066030	100	0.1	-0.1	2.88851
13066030	101	0.1	-0.1	4.80302
13066030	102	0.1	-0.1	-2.58615
13066030	103	0.1	-0.1	-2.50136
13066030	104	0.1	-0.1	-5.30597
13066030	105	0.1	-0.1	-3.77716
13066030	106	0.1	-0.1	5.47387
13066030	107	0.1	-0.1	-3.42934
13066030	108	0.1	-0.1	0.996816
13066030	109	0.1	-0.1	4.58784
13066030	110	0.1	-0.1	-1.61823
13066030	111	0.1	-0.1	1.19549
13066030	112	0.1	-0.1	-1.69265
13066030	113	0.1	-0.1	2.96027
13066030	114	0.1	-0.1	-4.33919
13066030	115	0.1	-0.1	-2.11561
13066030	116	0.1	-0.1	3.30689
13066030	117	0.1	-0.1	4.76986
13066030	118	0.1	-0.1	-1.0556
13066030	119	0.1	-0.1	-4.02682
13066030	120	0.1	-0.1	-5.17977
13066030	121	0.1	-0.1	-1.13057
13066030	122	0.1	-0.1	-4.11922
13066030	123	0.1	-0.1	1.41011
13066030	124	0.1	-0.1	1.55388
13066030	125	0.1	-0.1	4.16232
13066030	126	0.1	-0.1	2.04458
13066030	127	0.1	-0.1	-4.25587
13066030	128	0.1	-0.1	-5.23728
13066030	129	0.1	-0.1	3.52709
13066030	130	0.1	-0.1	1.27781
13066030	131	0.1	-0.1	-5.2429
13066030	132	0.1	-0.1	-5.27134
13066030	133	0.1	-0.1	4.28054
13066030	134	0.1	-0.1	4.36756
13066030	135	0.1	-0.1	-5.04598
13066030	136	0.1	-0.1	5.82059
13066030	137	0.1	-0.1	1.03448
13066030	138	0.1	-0.1	-5.05812
13066030	139	0.1	-0.1	2.20401
13066030	140	0.1	-0.1	4.01704
13066030	141	0.1	-0.1	-5.64633
13066030	142	0.1	-0.1	-5.02931
13066030	143	0.1	-0.1	-5.29503
13066030	144	0.1	-0.1	-2.54869
13066030	145	0.1	-0.1	3.07982
13066030	146	0.1	-0.1	-0.706776
13066030	147	0.1	-0.1	-0.970123
13066030	148	0.1	-0.1	1.60711
13066030	149	0.1	-0.1	-1.75874
13066030	150	0.1	-0.1	-3.40679
13066030	151	0.1	-0.1	-2.55788
13066030	152	0.1	-0.1	2.73108
13066030	153	0.1	-0.1	3.36758
13066030	154	0.1	-0.1	5.65515
13066030	155	0.1	-0.1	-2.83378
13066030	156	0.1	-0.1	1.71661
13066030	157	0.1	-0.1	-5.96757
13066030	158	0.1	-0.1	-4.33945
13066030	159	0.1	-0.1	-1.8692
13066030	160	0.1	-0.1	4.89167
13066030	161	0.1	-0.1	-3.68239
13066030	162	0.1	-0.1	-1.22872
13066030	163	0.1	-0.1	-0.112087
13066030	164	0.1	-0.1	-1.00899
13066030	165	0.1	-0.1	-4.38754
13066030	166	0.1	-0.1	4.0223
13066030	167	0.1	-0.1	3.28676
13066030	168	0.1	-0.1	-2.71177
13066030	169	0.1	-0.1	-4.09851
13066030	170	0.1	-0.1	5.65192
13066030	171	0.1	-0.1	-1.63929
13066030	172	0.1	-0.1	4.39591
13066030	173	0.1	-0.1	1.36094
13066030	174	0.1	-0.1	2.58918
13066030	175	0.1	-0.1	-2.07587
13066030	176	0.1	-0.1	4.91451
13066030	177	0.1	-0.1	-3.14556
13066030	178	0.1	-0.1	-4.90433
13066030	179	0.1	-0.1	1.42557
13066030	180	0.1	-0.1	5.80309
13066030	181	0.1	-0.1	-0.285303
13066030	182	0.1	-0.1	-2.66469
13066030	183	0.1	-0.1	2.6024
13066030	184	0.1	-0.1	-3.05409
13066030	185	0.1	-0.1	2.31609
13066030	186	0.1	-0.1	-2.14595
13066030	187	0.1	-0.1	-0.226302
13066030	188	0.1	-0.1	3.3811
13066030	189	0.1	-0.1	-1.8422
13066030	190	0.1	-0.1	-3.08523
13066030	191	0.1	-0.1	3.96244
13066030	192	0.1	-0.1	5.9721
13066030	193	0.1	-0.1	-1.3457
13066030	194	0.1	-0.1	-5.72212
13066030	195	0.1	-0.1	0.0311667
13066030	196	0.1	-0.1	0.520396
13066030	197	0.1	-0.1	-1.78004
13066030	198	0.1	-0.1	-4.37758
13066030	199	0.1	-0.1	-2.47274
13066030	200	0.1	-0.1	-2.81533
13066030	201	0.1	-0.1	4.73969
13066030	202	0.1	-0.1	-0.404594
13066030	203	0.1	-0.1	0.228904
13066030	204	0.1	-0.1	-4.45709
13066030	205	0.1	-0.1	2.49131
13066030	206	0.1	-0.1	1.71937
13066030	207	0.1	-0.1	-0.135693
13066030	208	0.1	-0.1	3.91647
13066030	209	0.1	-0.1	-2.15332
13066030	210	0.1	-0.1	3.4929
13066030	211	0.1	-0.1	-0.919942
13066030	212	0.1	-0.1	0.373967
13066030	213	0.1	-0.1	2.01197
13066030	214	0.1	-0.1	0.845504
13066030	215	0.1	-0.1	-2.12596
13066030	216	0.1	-0.1	2.42348
13066030	217	0.1	-0.1	3.76261
13066030	218	0.1	-0.1	-1.79633
13066030	219	0.1	-0.1	1.46312
13066030	220	0.1	-0.1	-4.40022
13066030	221	0.1	-0.1	5.19746
13066030	222	0.1	-0.1	2.21629
13066030	223	0.1	-0.1	-2.31313
13066030	224	0.1	-0.1	3.65932
13066030	225	0.1	-0.1	0.4142
13066030	226	0.1	-0.1	-2.3
13066030	227	0.1	-0.1	-5.16415
13066030	228	0.1	-0.1	4.34416
13066030	229	0.1	-0.1	-2.14269
13066030	230	0.1	-0.1	-3.23764
13066030	231	0.1	-0.1	1.47972
13066030	232	0.1	-0.1	-2.50532
13066030	233	0.1	-0.1	-1.8348
13066030	234	0.1	-0.1	-4.73423
13066030	235	0.1	-0.1	0.604864
13066030	236	0.1	-0.1	-1.41601
13066030	237	0.1	-0.1	3.31549
13066030	238	0.1	-0.1	5.75187
13066030	239	0.1	-0.1	-4.45991
13066030	240	0.1	-0.1	-5.935
13066030	241	0.1	-0.1	1.78514
13066030	242	0.1	-0.1	-1.16911
13066030	243	0.1	-0.1	0.506832
13066030	244	0.1	-0.1	5.77616
13066030	245	0.1	-0.1	-5.92492
13066030	246	0.1	-0.1	-2.36605
13066030	247	0.1	-0.1	3.60157
13066030	248	0.1	-0.1	4.90618
13066030	249	0.1	-0.1	-4.86656
13066030	250	0.1	-0.1	2.77036
13066030	251	0.1	-0.1	1.65411
13066030	252	0.1	-0.1	3.98564
13066030	253	0.1	-0.1	-0.942276
13066030	254	0.1	-0.1	-1.64481
13066030	255	0.1	-0.1	1.54881
13066030	256	0.1	-0.1	2.6244
13066030	257	0.1	-0.1	-5.34383
13066030	258	0.1	-0.1	2.2147
13066030	259	0.1	-0.1	-2.85108
13066030	260	0.1	-0.1	-0.288654
13066030	261	0.1	-0.1	3.99062
13066030	262	0.1	-0.1	1.28538
13066030	263	0.1	-0.1	5.19838
13066030	264	0.1	-0.1	2.41007
13066030	265	0.1	-0.1	-5.17808
13066030	266	0.1	-0.1	-4.12533
13066030	267	0.1	-0.1	-1.69081
13066030	268	0.1	-0.1	0.00575401
13066030	269	0.1	-0.1	2.41454
13066030	270	0.1	-0.1	0.302867
13066030	271	0.1	-0.1	0.30303
13066030	272	0.1	-0.1	-5.14361
13066030	273	0.1	-0.1	2.69887
13066030	274	0.1	-0.1	-4.69598
13066030	275	0.1	-0.1	-5.90003
13066030	276	0.1	-0.1	2.24207
13066030	277	0.1	-0.1	-5.85796
13066030	278	0.1	-0.1	-2.71983
13066030	279	0.1	-0.1	-1.82453
13066030	280	0.1	-0.1	-5.39337
13066030	281	0.1	-0.1	4.80726
13066030	282	0.1	-0.1	3.63107
13066030	283	0.1	-0.1	-2.34752
13066030	284	0.1	-0.1	-3.36395
13066030	285	0.1	-0.1	-2.00759
13066030	286	0.1	-0.1	-1.49681
13066030	287	0.1	-0.1	5.64463
13066030	288	0.1	-0.1	3.56002
13066030	289	0.1	-0.1	1.29865
13066030	290	0.1	-0.1	-5.19359
13066030	291	0.1	-0.1	-4.02505
13066030	292	0.1	-0.1	-1.88987
13066030	293	0.1	-0.1	1.57194
13066030	294	0.1	-0.1	-1.06334
13066030	295	0.1	-0.1	5.2172
13066030	296	0.1	-0.1	3.6081
13066030	297	0.1	-0.1	-5.97754
13066030	298	0.1	-0.1	-5.77294
13066030	299	0.1	-0.1	-5.37256
13066030	300	0.1	-0.1	-1.44476
13066030	301	0.1	-0.1	-1.37174
13066030	302	0.1	-0.1	3.75184
13066030	303	0.1	-0.1	-3.34069
13066030	304	0.1	-0.1	-4.62929
13066030	305	0.1	-0.1	2.78197
13066030	306	0.1	-0.1	-1.83415
13066030	307	0.1	-0.1	-1.69133
13066030	308	0.1	-0.1	0.609699
13066030	309	0.1	-0.1	2.59799
13066030	310	0.1	-0.1	5.98947
13066030	311	0.1	-0.1	0.632422
13066030	312	0.1	-0.1	-3.77391
13066030	313	0.1	-0.1	2.35674
13066030	314	0.1	-0.1	0.586197
13066030	315	0.1	-0.1	2.32723
13066030	316	0.1	-0.1	3.88665
13066030	317	0.1	-0.1	-3.3686
13066030	318	0.1	-0.1	4.76983
13066030	319	0.1	-0.1	1.62211
13066030	320	0.1	-0.1	-5.33802
13066030	321	0.1	-0.1	2.05575
13066030	322	0.1	-0.1	-1.46829
13066030	323	0.1	-0.1	1.88754
13066030	324	0.1	-0.1	4.25101
13066030	325	0.1	-0.1	0.856748
13066030	326	0.1	-0.1	-2.29467
13066030	327	0.1	-0.1	-5.07929
13066030	328	0.1	-0.1	-4.98165
13066030	329	0.1	-0.1	-2.938
13066030	330	0.1	-0.1	-3.86719
13066030	331	0.1	-0.1	-4.10423
13066030	332	0.1	-0.1	1.42087
13066030	333	0.1	-0.1	2.91131
13066030	334	0.1	-0.1	5.14626
13066030	335	0.1	-0.1	1.75476
13066030	336	0.1	-0.1	2.83451
13066030	337	0.1	-0.1	-0.209835
13066030	338	0.1	-0.1	-2.05968
13066030	339	0.1	-0.1	-2.62722
13066030	340	0.1	-0.1	-1.64004
13066030	341	0.1	-0.1	-5.70705
13066030	342	0.1	-0.1	4.81763
13066030	343	0.1	-0.1	-3.79503
13066030	344	0.1	-0.1	3.33729
13066030	345	0.1	-0.1	3.35748
13066030	346	0.1	-0.1	-3.86966
13066030	347	0.1	-0.1	-2.96923
13066030	348	0.1	-0.1	-0.798528
13066030	349	0.1	-0.1	-0.0823791
13066030	350	0.1	-0.1	-5.8776
13066030	351	0.1	-0.1	3.41886
13066030	352	0.1	-0.1	5.21152
13066030	353	0.1	-0.1	-0.27235
13066030	354	0.1	-0.1	1.3788
13066030	355	0.1	-0.1	4.77926
13066030	356	0.1	-0.1	-4.5105
13066030	357	0.1	-0.1	-3.70816
13066030	358	0.1	-0.1	0.446925
13066030	359	0.1	-0.1	0.786844
13066030	360	0.1	-0.1	-3.18751
13066030	361	0.1	-0.1	-0.817636
13066030	362	0.1	-0.1	-2.99896
13066030	363	0.1	-0.1	3.83742
13066030	364	0.1	-0.1	-1.30103
13066030	365	0.1	-0.1	-3.52094
13066030	366	0.1	-0.1	5.96952
13066030	367	0.1	-0.1	-2.86861
13066030	368	0.1	-0.1	3.47352
13066030	369	0.1	-0.1	5.92163
13066030	370	0.1	-0.1	3.68586
13066030	371	0.1	-0.1	4.2481
13066030	372	0.1	-0.1	5.8071
13066030	373	0.1	-0.1	-0.821047
13066030	374	0.1	-0.1	-5.36084
13066030	375	0.1	-0.1	-1.42533
13066030	376	0.1	-0.1	2.72092
13066030	377	0.1	-0.1	1.04277
13066030	378	0.1	-0.1	2.52532
13066030	379	0.1	-0.1	-2.9343
13066030	380	0.1	-0.1	-4.69305
13066030	381	0.1	-0.1	1.01921
13066030	382	0.1	-0.1	-4.0266
13066030	383	0.1	-0.1	0.557433
13066030	384	0.1	-0.1	5.22475
13066030	385	0.1	-0.1	0.197175
13066030	386	0.1	-0.1	-4.65055
13066030	387	0.1	-0.1	-2.67494
13066030	388	0.1	-0.1	-1.29573
13066030	389	0.1	-0.1	-3.45351
13066030	390	0.1	-0.1	-0.189888
13066030	391	0.1	-0.1	-2.68981
13066030	392	0.1	-0.1	-4.17883
13066030	393	0.1	-0.1	5.67763
13066030	394	0.1	-0.1	-5.19856
13066030	395	0.1	-0.1	5.70112
13066030	396	0.1	-0.1	5.61815
13066030	397	0.1	-0.1	2.82642
13066030	398	0.1	-0.1	2.85832
13066030	399	0.1	-0.1	-4.87631
13066030	400	0.1	-0.1	-4.06693
13066030	401	0.1	-0.1	-0.321326
13066030	402	0.1	-0.1	1.61442
13066030	403	0.1	-0.1	-4.51394
13066030	404	0.1	-0.1	-3.5007
13066030	405	0.1	-0.1	1.48591
13066030	406	0.1	-0.1	-2.27488
13066030	407	0.1	-0.1	-5.56074
13066030	408	0.1	-0.1	0.582905
13066030	409	0.1	-0.1	-5.79822
13066030	410	0.1	-0.1	5.05164
13066030	411	0.1	-0.1	-3.7135
13066030	412	0.1	-0.1	-1.313
13066030	413	0.1	-0.1	5.51016
13066030	414	0.1	-0.1	2.14184
13066030	415	0.1	-0.1	-2.43095
13066030	416	0.1	-0.1	-4.59696
13066030	417	0.1	-0.1	-1.07864
13066030	418	0.1	-0.1	-1.30229
13066030	419	0.1	-0.1	-4.11814
13066030	420	0.1	-0.1	-0.532758
13066030	421	0.1	-0.1	2.46766
13066030	422	0.1	-0.1	-1.11635
13066030	423	0.1	-0.1	5.24954
13066030	424	0.1	-0.1	-2.1311
13066030	425	0.1	-0.1	3.94652
13066030	426	0.1	-0.1	4.41507
13066030	427	0.1	-0.1	-2.29179
13066030	428	0.1	-0.1	5.37631
13066030	429	0.1	-0.1	4.50995
13066030	430	0.1	-0.1	4.50131
13066030	431	0.1	-0.1	-0.430929
13066030	432	0.1	-0.1	2.6758
13066030	433	0.1	-0.1	2.41575
13066030	434	0.1	-0.1	-2.42633
13066030	435	0.1	-0.1	-5.36711
13066030	436	0.1	-0.1	4.66127
13066030	437	0.1	-0.1	-2.89518
13066030	438	0.1	-0.1	-0.169335
13066030	439	0.1	-0.1	-1.2531
13066030	440	0.1	-0.1	3.21179
13066030	441	0.1	-0.1	-0.816493
13066030	442	0.1	-0.1	-1.73369
13066030	443	0.1	-0.1	-2.24825
13066030	444	0.1	-0.1	1.30946
13066030	445	0.1	-0.1	-2.85238
13066030	446	0.1	-0.1	-2.73333
13066030	447	0.1	-0.1	0.461422
13066030	448	0.1	-0.1	-4.94589
13066030	449	0.1	-0.1	-2.25298
13066030	450	0.1	-0.1	5.04063
13066030	451	0.1	-0.1	-1.50105
13066030	452	0.1	-0.1	0.183676
13066030	453	0.1	-0.1	-4.87931
13066030	454	0.1	-0.1	-4.99374
13066030	455	0.1	-0.1	1.43914
13066030	456	0.1	-0.1	0.304689
13066030	457	0.1	-0.1	5.02952
13066030	458	0.1	-0.1	5.0081
13066030	459	0.1	-0.1	-1.9149
13066030	460	0.1	-0.1	3.1484
13066030	461	0.1	-0.1	-2.26168
13066030	462	0.1	-0.1	-5.72591
13066030	463	0.1	-0.1	-0.994284
13066030	464	0.1	-0.1	-4.4353
13066030	465	0.1	-0.1	4.03689
13066030	466	0.1	-0.1	-2.7019
13066030	467	0.1	-0.1	-2.94374
13066030	468	0.1	-0.1	-1.63381
13066030	469	0.1	-0.1	-3.74985
13066030	470	0.1	-0.1	1.78584
13066030	471	0.1	-0.1	-4.16667
13066030	472	0.1	-0.1	-2.31625
13066030	473	0.1	-0.1	3.82522
13066030	474	0.1	-0.1	-0.0816776
13066030	475	0.1	-0.1	1.01745
13066030	476	0.1	-0.1	0.0593299
13066030	477	0.1	-0.1	-0.684395
13066030	478	0.1	-0.1	2.3413
13066030	479	0.1	-0.1	-3.27928
13066030	480	0.1	-0.1	0.217941
13066030	481	0.1	-0.1	4.86278
13066030	482	0.1	-0.1	-5.74114
13066030	483	0.1	-0.1	1.07576
13066030	484	0.1	-0.1	0.661704
13066030	485	0.1	-0.1	-4.34669
13066030	486	0.1	-0.1	1.90708
13066030	487	0.1	-0.1	2.47598
13066030	488	0.1	-0.1	0.236022
13066030	489	0.1	-0.1	-5.29096
13066030	490	0.1	-0.1	2.08026
13066030	491	0.1	-0.1	-4.18869
13066030	492	0.1	-0.1	4.23181
13066030	493	0.1	-0.1	-0.87592
13066030	494	0.1	-0.1	-0.353499
13066030	495	0.1	-0.1	4.11587
13066030	496	0.1	-0.1	0.152695
13066030	497	0.1	-0.1	3.33907
13066030	498	0.1	-0.1	0.17022
13066030	499	0.1	-0.1	1.86748
13066030	500	0.1	-0.1	-2.5249
13066030	501	0.1	-0.1	1.74633
13066030	502	0.1	-0.1	-4.18745
13066030	503	0.1	-0.1	3.56304
13066030	504	0.1	-0.1	-2.21556
13066030	505	0.1	-0.1	-3.94821
13066030	506	0.1	-0.1	-0.315273
13066030	507	0.1	-0.1	-4.9105
13066030	508	0.1	-0.1	2.19091
13066030	509	0.1	-0.1	-0.420478
13066030	510	0.1	-0.1	-3.79257
13066030	511	0.1	-0.1	1.37199
13066030	512	0.1	-0.1	3.54369
13066030	513	0.1	-0.1	1.53558
13066030	514	0.1	-0.1	-2.077
13066030	515	0.1	-0.1	-4.34896
13066030	516	0.1	-0.1	-0.911379
13066030	517	0.1	-0.1	-4.63365
13066030	518	0.1	-0.1	-2.19854
13066030	519	0.1	-0.1	0.876748
13066030	520	0.1	-0.1	-2.98345
13066030	521	0.1	-0.1	5.61735
13066030	522	0.1	-0.1	0.677647
13066030	523	0.1	-0.1	0.972129
13066030	524	0.1	-0.1	-4.80912
13066030	525	0.1	-0.1	2.08337
13066030	526	0.1	-0.1	3.33009
13066030	527	0.1	-0.1	-3.54183
13066030	528	0.1	-0.1	-4.91001
13066030	529	0.1	-0.1	4.54507
13066030	530	0.1	-0.1	-1.55558
13066030	531	0.1	-0.1	3.53716
13066030	532	0.1	-0.1	-0.553583
13066030	533	0.1	-0.1	3.72637
13066030	534	0.1	-0.1	-5.68328
13066030	535	0.1	-0.1	-2.40892
13066030	536	0.1	-0.1	-3.00078
13066030	537	0.1	-0.1	2.30861
13066030	538	0.1	-0.1	-1.7757
13066030	539	0.1	-0.1	0.55759
13066030	540	0.1	-0.1	1.04377
13066030	541	0.1	-0.1	-3.84774
13066030	542	0.1	-0.1	-3.24989
13066030	543	0.1	-0.1	0.828144
13066030	544	0.1	-0.1	-3.76811
13066030	545	0.1	-0.1	-3.4143
13066030	546	0.1	-0.1	0.976151
13066030	547	0.1	-0.1	2.52196
13066030	548	0.1	-0.1	-4.71396
13066030	549	0.1	-0.1	-4.85032
13066030	550	0.1	-0.1	-0.346756
13066030	551	0.1	-0.1	3.52986
13066030	552	0.1	-0.1	5.38843
13066030	553	0.1	-0.1	-0.385157
13066030	554	0.1	-0.1	-2.62241
13066030	555	0.1	-0.1	3.93173
13066030	556	0.1	-0.1	-1.25378
13066030	557	0.1	-0.1	4.48023
13066030	558	0.1	-0.1	-3.20323
13066030	559	0.1	-0.1	4.95321
13066030	560	0.1	-0.1	5.7587
13066030	561	0.1	-0.1	-2.88681
13066030	562	0.1	-0.1	1.90129
13066030	563	0.1	-0.1	-0.766242
13066030	564	0.1	-0.1	-0.787745
13066030	565	0.1	-0.1	-1.79806
13066030	566	0.1	-0.1	2.8524
13066030	567	0.1	-0.1	2.16202
13066030	568	0.1	-0.1	4.05851
13066030	569	0.1	-0.1	2.21342
13066030	570	0.1	-0.1	-1.59426
13066030	571	0.1	-0.1	-2.55186
13066030	572	0.1	-0.1	-0.524077
13066030	573	0.1	-0.1	-2.85221
13066030	574	0.1	-0.1	1.60179
13066030	575	0.1	-0.1	5.77514
13066030	576	0.1	-0.1	3.90617
13066030	577	0.1	-0.1	-1.89537
13066030	578	0.1	-0.1	-4.51694
13066030	579	0.1	-0.1	-4.19703
13066030	580	0.1	-0.1	5.78409
13066030	581	0.1	-0.1	3.66136
13066030	582	0.1	-0.1	-3.68528
13066030	583	0.1	-0.1	-0.704802
13066030	584	0.1	-0.1	-0.677629
13066030	585	0.1	-0.1	3.59127
13066030	586	0.1	-0.1	3.44292
13066030	587	0.1	-0.1	2.88155
13066030	588	0.1	-0.1	3.37993
13066030	589	0.1	-0.1	-5.99899
13066030	590	0.1	-0.1	-3.32886
13066030	591	0.1	-0.1	-4.9859
13066030	592	0.1	-0.1	1.06019
13066030	593	0.1	-0.1	-1.03042
13066030	594	0.1	-0.1	3.82849
13066030	595	0.1	-0.1	-0.815031
13066030	596	0.1	-0.1	3.07547
13066030	597	0.1	-0.1	-4.99266
13066030	598	0.1	-0.1	3.60412
13066030	599	0.1	-0.1	-5.29293
13066030	600	0.1	-0.1	0.149962
13066030	601	0.1	-0.1	0.1106
13066030	602	0.1	-0.1	5.16338
13066030	603	0.1	-0.1	-5.1317
13066030	604	0.1	-0.1	3.75166
13066030	605	0.1	-0.1	-4.50152
13066030	606	0.1	-0.1	5.42863
13066030	607	0.1	-0.1	0.731868
13066030	608	0.1	-0.1	3.97046
13066030	609	0.1	-0.1	-1.56962
13066030	610	0.1	-0.1	3.48851
13066030	611	0.1	-0.1	-0.521493
13066030	612	0.1	-0.1	-0.947442
13066030	613	0.1	-0.1	-1.41077
13066030	614	0.1	-0.1	-5.85285
13066030	615	0.1	-0.1	-1.2443
13066030	616	0.1	-0.1	-4.47235
13066030	617	0.1	-0.1	0.0537524
13066030	618	0.1	-0.1	-5.94701
13066030	619	0.1	-0.1	0.292239
13066030	620	0.1	-0.1	-2.62265
13066030	621	0.1	-0.1	-2.30725
13066030	622	0.1	-0.1	4.7129
13066030	623	0.1	-0.1	-3.09909
13066030	624	0.1	-0.1	5.16844
13066030	625	0.1	-0.1	-2.69042
13066030	626	0.1	-0.1	-5.03783
13066030	627	0.1	-0.1	3.04221
13066030	628	0.1	-0.1	0.87957
13066030	629	0.1	-0.1	-2.36284
13066030	630	0.1	-0.1	-5.87212
13066030	631	0.1	-0.1	1.79465
13066030	632	0.1	-0.1	5.50701
13066030	633	0.1	-0.1	3.95452
13066030	634	0.1	-0.1	1.72041
13066030	635	0.1	-0.1	0.157156
13066030	636	0.1	-0.1	2.89688
13066030	637	0.1	-0.1	0.396108
13066030	638	0.1	-0.1	0.630756
13066030	639	0.1	-0.1	0.824881
13066030	640	0.1	-0.1	0.227212
13066030	641	0.1	-0.1	-5.52171
13066030	642	0.1	-0.1	3.32269
13066030	643	0.1	-0.1	-5.78881
13066030	644	0.1	-0.1	-4.37865
13066030	645	0.1	-0.1	0.736926
13066030	646	0.1	-0.1	-4.79469
13066030	647	0.1	-0.1	-1.14293
13066030	648	0.1	-0.1	-0.062153
13066030	649	0.1	-0.1	-4.87299
13066030	650	0.1	-0.1	-3.26571
13066030	651	0.1	-0.1	4.79275
13066030	652	0.1	-0.1	1.35913
13066030	653	0.1	-0.1	2.28842
13066030	654	0.1	-0.1	-2.53598
13066030	655	0.1	-0.1	-2.11512
13066030	656	0.1	-0.1	5.33907
13066030	657	0.1	-0.1	-2.08296
13066030	658	0.1	-0.1	2.82799
13066030	659	0.1	-0.1	-0.500922
13066030	660	0.1	-0.1	5.09566
13066030	661	0.1	-0.1	-3.47671
13066030	662	0.1	-0.1	-0.322081
13066030	663	0.1	-0.1	5.9004
13066030	664	0.1	-0.1	3.31247
13066030	665	0.1	-0.1	-0.507291
13066030	666	0.1	-0.1	2.85161
13066030	667	0.1	-0.1	-1.78566
13066030	668	0.1	-0.1	-4.64954
13066030	669	0.1	-0.1	-4.05189
13066030	670	0.1	-0.1	-0.60614
13066030	671	0.1	-0.1	0.629788
13066030	672	0.1	-0.1	-2.83661
13066030	673	0.1	-0.1	1.89174
13066030	674	0.1	-0.1	-4.21563
13066030	675	0.1	-0.1	2.1154
13066030	676	0.1	-0.1	4.9514
13066030	677	0.1	-0.1	-0.0743888
13066030	678	0.1	-0.1	5.66318
13066030	679	0.1	-0.1	-4.6919
13066030	680	0.1	-0.1	3.65677
13066030	681	0.1	-0.1	-1.23286
13066030	682	0.1	-0.1	-5.82273
13066030	683	0.1	-0.1	2.589
13066030	684	0.1	-0.1	-2.32118
13066030	685	0.1	-0.1	2.80555
13066030	686	0.1	-0.1	2.10899
13066030	687	0.1	-0.1	5.112
13066030	688	0.1	-0.1	2.61182
13066030	689	0.1	-0.1	2.56072
13066030	690	0.1	-0.1	2.93141
13066030	691	0.1	-0.1	2.76612
13066030	692	0.1	-0.1	3.31744
13066030	693	0.1	-0.1	-2.90652
13066030	694	0.1	-0.1	-4.05109
13066030	695	0.1	-0.1	0.238374
13066030	696	0.1	-0.1	4.83043
13066030	697	0.1	-0.1	4.59836
13066030	698	0.1	-0.1	-3.05552
13066030	699	0.1	-0.1	-0.0477909
13066030	700	0.1	-0.1	2.58633
13066030	701	0.1	-0.1	5.51284
13066030	702	0.1	-0.1	-2.14741
13066030	703	0.1	-0.1	5.05415
13066030	704	0.1	-0.1	3.81641
13066030	705	0.1	-0.1	-3.86733
13066030	706	0.1	-0.1	3.34937
13066030	707	0.1	-0.1	2.97233
13066030	708	0.1	-0.1	5.97652
13066030	709	0.1	-0.1	-5.98996
13066030	710	0.1	-0.1	-4.21285
13066030	711	0.1	-0.1	-3.21393
13066030	712	0.1	-0.1	2.2186
13066030	713	0.1	-0.1	-4.54369
13066030	714	0.1	-0.1	4.91619
13066030	715	0.1	-0.1	-1.18988
13066030	716	0.1	-0.1	-3.82479
13066030	717	0.1	-0.1	-3.44409
13066030	718	0.1	-0.1	3.85117
13066030	719	0.1	-0.1	3.79502
13066030	720	0.1	-0.1	0.616148
13066030	721	0.1	-0.1	-2.71342
13066030	722	0.1	-0.1	4.39677
13066030	723	0.1	-0.1	-3.47102
13066030	724	0.1	-0.1	-5.63416
13066030	725	0.1	-0.1	4.97059
13066030	726	0.1	-0.1	5.65186
13066030	727	0.1	-0.1	5.23862
13066030	728	0.1	-0.1	4.32179
13066030	729	0.1	-0.1	-4.47081
13066030	730	0.1	-0.1	2.14382
13066030	731	0.1	-0.1	2.40566
13066030	732	0.1	-0.1	-4.43781
13066030	733	0.1	-0.1	2.14178
13066030	734	0.1	-0.1	1.6171
13066030	735	0.1	-0.1	1.30327
13066030	736	0.1	-0.1	4.06729
13066030	737	0.1	-0.1	-0.0712792
13066030	738	0.1	-0.1	-1.116
13066030	739	0.1	-0.1	-5.14313
13066030	740	0.1	-0.1	-4.60727
13066030	741	0.1	-0.1	5.3163
13066030	742	0.1	-0.1	5.23597
13066030	743	0.1	-0.1	-3.40138
13066030	744	0.1	-0.1	0.289336
13066030	745	0.1	-0.1	2.17001
13066030	746	0.1	-0.1	4.52783
13066030	747	0.1	-0.1	3.58088
13066030	748	0.1	-0.1	2.51809
13066030	749	0.1	-0.1	-1.49843
13066030	750	0.1	-0.1	5.10815
13066030	751	0.1	-0.1	-2.37282
13066030	752	0.1	-0.1	-1.43592
13066030	753	0.1	-0.1	1.99402
13066030	754	0.1	-0.1	1.21993
13066030	755	0.1	-0.1	2.82295
13066030	756	0.1	-0.1	-2.53096
13066030	757	0.1	-0.1	4.7472
13066030	758	0.1	-0.1	-2.08108
13066030	759	0.1	-0.1	-2.49111
13066030	760	0.1	-0.1	4.67539
13066030	761	0.1	-0.1	-3.27061
13066030	762	0.1	-0.1	2.3413
13066030	763	0.1	-0.1	2.83773
13066030	764	0.1	-0.1	-2.22633
13066030	765	0.1	-0.1	3.65541
13066030	766	0.1	-0.1	-1.89292
13066030	767	0.1	-0.1	-0.648256
13066030	768	0.1	-0.1	5.31852
13066030	769	0.1	-0.1	-4.9622
13066030	770	0.1	-0.1	2.80016
13066030	771	0.1	-0.1	-2.42477
13066030	772	0.1	-0.1	5.47127
13066030	773	0.1	-0.1	-1.74131
13066030	774	0.1	-0.1	0.848633
13066030	775	0.1	-0.1	5.07201
13066030	776	0.1	-0.1	-4.93447
13066030	777	0.1	-0.1	0.417539
13066030	778	0.1	-0.1	1.19623
13066030	779	0.1	-0.1	1.40122
13066030	780	0.1	-0.1	-4.35449
13066030	781	0.1	-0.1	2.57172
13066030	782	0.1	-0.1	-5.63312
13066030	783	0.1	-0.1	-3.13241
13066030	784	0.1	-0.1	2.31995
13066030	785	0.1	-0.1	5.5225
13066030	786	0.1	-0.1	-5.45656
13066030	787	0.1	-0.1	-0.12247
13066030	788	0.1	-0.1	4.35374
13066030	789	0.1	-0.1	-4.96717
13066030	790	0.1	-0.1	-0.141074
13066030	791	0.1	-0.1	-4.43917
13066030	792	0.1	-0.1	-5.23354
13066030	793	0.1	-0.1	-4.45273
13066030	794	0.1	-0.1	5.21001
13066030	795	0.1	-0.1	3.07166
13066030	796	0.1	-0.1	-0.498979
13066030	797	0.1	-0.1	-0.43983
13066030	798	0.1	-0.1	5.87432
13066030	799	0.1	-0.1	-3.68474
13066030	800	0.1	-0.1	4.3528
13066030	801	0.1	-0.1	-4.76616
13066030	802	0.1	-0.1	-5.73642
13066030	803	0.1	-0.1	-4.5752
13066030	804	0.1	-0.1	1.49119
13066030	805	0.1	-0.1	-2.27079
13066030	806	0.1	-0.1	1.96343
13066030	807	0.1	-0.1	-2.73388
13066030	808	0.1	-0.1	1.59317
13066030	809	0.1	-0.1	4.79904
13066030	810	0.1	-0.1	-3.00128
13066030	811	0.1	-0.1	-4.10715
13066030	812	0.1	-0.1	-4.22019
13066030	813	0.1	-0.1	1.79672
13066030	814	0.1	-0.1	1.84356
13066030	815	0.1	-0.1	-4.89753
13066030	816	0.1	-0.1	2.77295
13066030	817	0.1	-0.1	-4.68231
13066030	818	0.1	-0.1	-3.90277
13066030	819	0.1	-0.1	1.53085
13066030	820	0.1	-0.1	2.0314
13066030	821	0.1	-0.1	1.69688
13066030	822	0.1	-0.1	-1.4019
13066030	823	0.1	-0.1	4.60078
13066030	824	0.1	-0.1	2.97351
13066030	825	0.1	-0.1	1.65635
13066030	826	0.1	-0.1	4.40718
13066030	827	0.1	-0.1	-2.40345
13066030	828	0.1	-0.1	1.38213
13066030	829	0.1	-0.1	2.18352
13066030	830	0.1	-0.1	-1.76577
13066030	831	0.1	-0.1	-3.75063
13066030	832	0.1	-0.1	1.52776
13066030	833	0.1	-0.1	-1.39708
13066030	834	0.1	-0.1	2.19429
13066030	835	0.1	-0.1	-4.49616
13066030	836	0.1	-0.1	-2.3621
13066030	837	0.1	-0.1	1.46159
13066030	838	0.1	-0.1	1.23155
13066030	839	0.1	-0.1	-2.78404
13066030	840	0.1	-0.1	3.41623
13066030	841	0.1	-0.1	-0.768072
13066030	842	0.1	-0.1	5.21947
13066030	843	0.1	-0.1	4.19698
13066030	844	0.1	-0.1	0.0987429
13066030	845	0.1	-0.1	0.622297
13066030	846	0.1	-0.1	4.81175
13066030	847	0.1	-0.1	2.28868
13066030	848	0.1	-0.1	-5.57439
13066030	849	0.1	-0.1	-2.92045
13066030	850	0.1	-0.1	5.26843
13066030	851	0.1	-0.1	5.99085
13066030	852	0.1	-0.1	-3.81023
13066030	853	0.1	-0.1	-5.73374
13066030	854	0.1	-0.1	-3.66487
13066030	855	0.1	-0.1	-2.33413
13066030	856	0.1	-0.1	1.67738
13066030	857	0.1	-0.1	1.67996
13066030	858	0.1	-0.1	5.18638
13066030	859	0.1	-0.1	-5.68719
13066030	860	0.1	-0.1	-5.84644
13066030	861	0.1	-0.1	-2.01011
13066030	862	0.1	-0.1	-0.055229
13066030	863	0.1	-0.1	2.15089
13066030	864	0.1	-0.1	2.70413
13066030	865	0.1	-0.1	1.02351
13066030	866	0.1	-0.1	2.29394
13066030	867	0.1	-0.1	-5.72135
13066030	868	0.1	-0.1	-0.324408
13066030	869	0.1	-0.1	1.92261
13066030	870	0.1	-0.1	-0.497067
13066030	871	0.1	-0.1	4.63848
13066030	872	0.1	-0.1	-4.33441
13066030	873	0.1	-0.1	2.54409
13066030	874	0.1	-0.1	-0.3545
13066030	875	0.1	-0.1	4.28275
13066030	876	0.1	-0.1	3.57182
13066030	877	0.1	-0.1	2.03525
13066030	878	0.1	-0.1	2.38734
13066030	879	0.1	-0.1	-0.024053
13066030	880	0.1	-0.1	4.40468
13066030	881	0.1	-0.1	3.73969
13066030	882	0.1	-0.1	4.26065
13066030	883	0.1	-0.1	-1.2465
13066030	884	0.1	-0.1	5.24895
13066030	885	0.1	-0.1	-2.37301
13066030	886	0.1	-0.1	-5.93335
13066030	887	0.1	-0.1	3.13154
13066030	888	0.1	-0.1	-3.15541
13066030	889	0.1	-0.1	-4.38179
13066030	890	0.1	-0.1	-4.02967
13066030	891	0.1	-0.1	5.93077
13066030	892	0.1	-0.1	5.34997
13066030	893	0.1	-0.1	5.6102
13066030	894	0.1	-0.1	3.36241
13066030	895	0.1	-0.1	2.51084
13066030	896	0.1	-0.1	-5.94449
13066030	897	0.1	-0.1	-5.9902
13066030	898	0.1	-0.1	-3.70113
13066030	899	0.1	-0.1	-4.66485
13066030	900	0.1	-0.1	-0.948285
13066030	901	0.1	-0.1	-0.168036
13066030	902	0.1	-0.1	1.00216
13066030	903	0.1	-0.1	-2.04383
13066030	904	0.1	-0.1	4.09738
13066030	905	0.1	-0.1	1.17487
13066030	906	0.1	-0.1	-2.87529
13066030	907	0.1	-0.1	-4.12809
13066030	908	0.1	-0.1	1.34072
13066030	909	0.1	-0.1	-1.37758
13066030	910	0.1	-0.1	-0.0584693
13066030	911	0.1	-0.1	4.19541
13066030	912	0.1	-0.1	0.185263
13066030	913	0.1	-0.1	4.30811
13066030	914	0.1	-0.1	-2.55856
13066030	915	0.1	-0.1	2.5006
13066030	916	0.1	-0.1	-0.0765851
13066030	917	0.1	-0.1	3.54249
13066030	918	0.1	-0.1	-3.37115
13066030	919	0.1	-0.1	-1.71735
13066030	920	0.1	-0.1	-0.396389
13066030	921	0.1	-0.1	-0.910273
13066030	922	0.1	-0.1	1.50988
13066030	923	0.1	-0.1	-1.13338
13066030	924	0.1	-0.1	0.578431
13066030	925	0.1	-0.1	-2.49586
13066030	926	0.1	-0.1	1.53383
13066030	927	0.1	-0.1	2.59419
13066030	928	0.1	-0.1	-2.5595
13066030	929	0.1	-0.1	-0.699566
13066030	930	0.1	-0.1	4.48807
13066030	931	0.1	-0.1	-2.46152
13066030	932	0.1	-0.1	-3.60213
13066030	933	0.1	-0.1	0.0384304
13066030	934	0.1	-0.1	1.17406
13066030	935	0.1	-0.1	1.85162
13066030	936	0.1	-0.1	-3.22022
13066030	937	0.1	-0.1	3.61155
13066030	938	0.1	-0.1	-5.53709
13066030	939	0.1	-0.1	0.768155
13066030	940	0.1	-0.1	-4.38
13066030	941	0.1	-0.1	5.37339
13066030	942	0.1	-0.1	1.12431
13066030	943	0.1	-0.1	-5.72913
13066030	944	0.1	-0.1	2.22611
13066030	945	0.1	-0.1	-3.06051
13066030	946	0.1	-0.1	-1.19602
13066030	947	0.1	-0.1	4.12317
13066030	948	0.1	-0.1	-4.23025
13066030	949	0.1	-0.1	4.65878
13066030	950	0.1	-0.1	1.91495
13066030	951	0.1	-0.1	-1.05681
13066030	952	0.1	-0.1	0.508637
13066030	953	0.1	-0.1	2.22619
13066030	954	0.1	-0.1	-0.787384
13066030	955	0.1	-0.1	-4.84109
13066030	956	0.1	-0.1	-2.9039
13066030	957	0.1	-0.1	-4.92068
13066030	958	0.1	-0.1	-4.84178
13066030	959	0.1	-0.1	-3.71939
13066030	960	0.1	-0.1	3.20643
13066030	961	0.1	-0.1	2.5325
13066030	962	0.1	-0.1	4.73135
13066030	963	0.1	-0.1	2.20785
13066030	964	0.1	-0.1	-2.01763
13066030	965	0.1	-0.1	5.19784
13066030	966	0.1	-0.1	-0.725581
13066030	967	0.1	-0.1	-2.99327
13066030	968	0.1	-0.1	-1.61258
13066030	969	0.1	-0.1	-2.81094
13066030	970	0.1	-0.1	2.12121
13066030	971	0.1	-0.1	5.79921
13066030	972	0.1	-0.1	4.97237
13066030	973	0.1	-0.1	-2.81731
13066030	974	0.1	-0.1	4.5059
13066030	975	0.1	-0.1	4.86587
13066030	976	0.1	-0.1	-2.19346
13066030	977	0.1	-0.1	1.60563
13066030	978	0.1	-0.1	-4.78169
13066030	979	0.1	-0.1	1.57365
13066030	980	0.1	-0.1	5.64146
13066030	981	0.1	-0.1	4.51387
13066030	982	0.1	-0.1	-3.66757
13066030	983	0.1	-0.1	4.83565
13066030	984	0.1	-0.1	3.84014
13066030	985	0.1	-0.1	-2.91739
13066030	986	0.1	-0.1	-4.92619
13066030	987	0.1	-0.1	-4.47099
13066030	988	0.1	-0.1	5.78832
13066030	989	0.1	-0.1	4.90992
13066030	990	0.1	-0.1	-4.07175
13066030	991	0.1	-0.1	4.63439
13066030	992	0.1	-0.1	-3.55866
13066030	993	0.1	-0.1	-4.25732
13066030	994	0.1	-0.1	-1.14508
13066030	995	0.1	-0.1	-2.7336
13066030	996	0.1	-0.1	3.62637
13066030	997	0.1	-0.1	4.47202
13066030	998	0.1	-0.1	-0.248693
13066030	999	0.1	-0.1	-2.3844
13066030	1000	0.1	-0.1	-5.56011
