13066104	1	0.1	-0.1	2.87744
13066104	2	0.1	-0.1	-2.66869
13066104	3	0.1	-0.1	3.77027
13066104	4	0.1	-0.1	5.23307
13066104	5	0.1	-0.1	0.767063
13066104	6	0.1	-0.1	-1.27853
13066104	7	0.1	-0.1	-2.08494
13066104	8	0.1	-0.1	-2.91683
13066104	9	0.1	-0.1	5.14321
13066104	10	0.1	-0.1	-2.74376
13066104	11	0.1	-0.1	0.183295
13066104	12	0.1	-0.1	5.42536
13066104	13	0.1	-0.1	-0.614009
13066104	14	0.1	-0.1	-2.85499
13066104	15	0.1	-0.1	3.23528
13066104	16	0.1	-0.1	-5.41211
13066104	17	0.1	-0.1	0.558406
13066104	18	0.1	-0.1	3.03362
13066104	19	0.1	-0.1	-1.23306
13066104	20	0.1	-0.1	-2.91554
13066104	21	0.1	-0.1	4.77355
13066104	22	0.1	-0.1	-0.314399
13066104	23	0.1	-0.1	-1.15199
13066104	24	0.1	-0.1	-2.491
13066104	25	0.1	-0.1	0.582177
13066104	26	0.1	-0.1	1.70564
13066104	27	0.1	-0.1	3.50829
13066104	28	0.1	-0.1	5.65771
13066104	29	0.1	-0.1	4.03477
13066104	30	0.1	-0.1	2.8657
13066104	31	0.1	-0.1	1.64855
13066104	32	0.1	-0.1	3.19527
13066104	33	0.1	-0.1	-2.74916
13066104	34	0.1	-0.1	-3.76293
13066104	35	0.1	-0.1	-0.20078
13066104	36	0.1	-0.1	4.09429
13066104	37	0.1	-0.1	-0.449616
13066104	38	0.1	-0.1	2.1322
13066104	39	0.1	-0.1	0.452736
13066104	40	0.1	-0.1	-1.00857
13066104	41	0.1	-0.1	0.451684
13066104	42	0.1	-0.1	-1.32647
13066104	43	0.1	-0.1	4.03615
13066104	44	0.1	-0.1	-5.07746
13066104	45	0.1	-0.1	4.75968
13066104	46	0.1	-0.1	-3.47872
13066104	47	0.1	-0.1	-1.43297
13066104	48	0.1	-0.1	-3.2188
13066104	49	0.1	-0.1	4.47517
13066104	50	0.1	-0.1	-1.54348
13066104	51	0.1	-0.1	-2.50071
13066104	52	0.1	-0.1	-2.96763
13066104	53	0.1	-0.1	-1.22617
13066104	54	0.1	-0.1	-0.288262
13066104	55	0.1	-0.1	-5.7071
13066104	56	0.1	-0.1	-1.32971
13066104	57	0.1	-0.1	4.65864
13066104	58	0.1	-0.1	2.23087
13066104	59	0.1	-0.1	5.56465
13066104	60	0.1	-0.1	-2.64199
13066104	61	0.1	-0.1	-1.26743
13066104	62	0.1	-0.1	5.70389
13066104	63	0.1	-0.1	-3.73278
13066104	64	0.1	-0.1	3.27921
13066104	65	0.1	-0.1	-0.756829
13066104	66	0.1	-0.1	1.35655
13066104	67	0.1	-0.1	2.63508
13066104	68	0.1	-0.1	-2.82018
13066104	69	0.1	-0.1	-1.61969
13066104	70	0.1	-0.1	3.55983
13066104	71	0.1	-0.1	-2.77882
13066104	72	0.1	-0.1	5.82198
13066104	73	0.1	-0.1	-5.49278
13066104	74	0.1	-0.1	3.61627
13066104	75	0.1	-0.1	4.38274
13066104	76	0.1	-0.1	1.33425
13066104	77	0.1	-0.1	-1.51898
13066104	78	0.1	-0.1	-1.5721
13066104	79	0.1	-0.1	-2.13423
13066104	80	0.1	-0.1	-0.986974
13066104	81	0.1	-0.1	1.70262
13066104	82	0.1	-0.1	0.0269276
13066104	83	0.1	-0.1	1.97281
13066104	84	0.1	-0.1	2.45656
13066104	85	0.1	-0.1	-0.150967
13066104	86	0.1	-0.1	-3.78422
13066104	87	0.1	-0.1	0.584839
13066104	88	0.1	-0.1	-1.37868
13066104	89	0.1	-0.1	2.88689
13066104	90	0.1	-0.1	-0.831012
13066104	91	0.1	-0.1	-2.22243
13066104	92	0.1	-0.1	-4.68573
13066104	93	0.1	-0.1	1.44326
13066104	94	0.1	-0.1	3.83166
13066104	95	0.1	-0.1	3.73851
13066104	96	0.1	-0.1	4.69133
13066104	97	0.1	-0.1	-2.61538
13066104	98	0.1	-0.1	4.23256
13066104	99	0.1	-0.1	4.6796
13066104	100	0.1	-0.1	1.35935
13066104	101	0.1	-0.1	5.66935
13066104	102	0.1	-0.1	-5.1027
13066104	103	0.1	-0.1	0.710734
13066104	104	0.1	-0.1	3.49492
13066104	105	0.1	-0.1	4.96113
13066104	106	0.1	-0.1	0.264933
13066104	107	0.1	-0.1	0.128327
13066104	108	0.1	-0.1	-1.10049
13066104	109	0.1	-0.1	-0.0263331
13066104	110	0.1	-0.1	-0.296225
13066104	111	0.1	-0.1	-5.63458
13066104	112	0.1	-0.1	5.58601
13066104	113	0.1	-0.1	-3.52656
13066104	114	0.1	-0.1	-3.1201
13066104	115	0.1	-0.1	0.886961
13066104	116	0.1	-0.1	-2.81124
13066104	117	0.1	-0.1	-3.43065
13066104	118	0.1	-0.1	0.413094
13066104	119	0.1	-0.1	-4.59194
13066104	120	0.1	-0.1	2.30408
13066104	121	0.1	-0.1	0.571796
13066104	122	0.1	-0.1	-5.54174
13066104	123	0.1	-0.1	-4.0612
13066104	124	0.1	-0.1	1.64292
13066104	125	0.1	-0.1	5.33887
13066104	126	0.1	-0.1	4.99114
13066104	127	0.1	-0.1	5.35329
13066104	128	0.1	-0.1	3.25464
13066104	129	0.1	-0.1	-5.17176
13066104	130	0.1	-0.1	-3.30933
13066104	131	0.1	-0.1	-3.00824
13066104	132	0.1	-0.1	-1.25076
13066104	133	0.1	-0.1	0.782186
13066104	134	0.1	-0.1	-3.04956
13066104	135	0.1	-0.1	-4.76154
13066104	136	0.1	-0.1	4.83032
13066104	137	0.1	-0.1	5.29098
13066104	138	0.1	-0.1	5.30344
13066104	139	0.1	-0.1	4.3815
13066104	140	0.1	-0.1	5.61566
13066104	141	0.1	-0.1	0.498736
13066104	142	0.1	-0.1	-3.22215
13066104	143	0.1	-0.1	-5.84482
13066104	144	0.1	-0.1	-5.3815
13066104	145	0.1	-0.1	-2.92894
13066104	146	0.1	-0.1	-0.303296
13066104	147	0.1	-0.1	-0.990404
13066104	148	0.1	-0.1	-1.94504
13066104	149	0.1	-0.1	2.82428
13066104	150	0.1	-0.1	3.0577
13066104	151	0.1	-0.1	-5.91314
13066104	152	0.1	-0.1	-1.66314
13066104	153	0.1	-0.1	4.97077
13066104	154	0.1	-0.1	5.65813
13066104	155	0.1	-0.1	5.86853
13066104	156	0.1	-0.1	2.0607
13066104	157	0.1	-0.1	3.93197
13066104	158	0.1	-0.1	-0.774294
13066104	159	0.1	-0.1	2.60102
13066104	160	0.1	-0.1	-0.106694
13066104	161	0.1	-0.1	-5.15171
13066104	162	0.1	-0.1	0.272181
13066104	163	0.1	-0.1	4.50331
13066104	164	0.1	-0.1	-2.30325
13066104	165	0.1	-0.1	0.0385461
13066104	166	0.1	-0.1	-0.965606
13066104	167	0.1	-0.1	4.65334
13066104	168	0.1	-0.1	-2.15196
13066104	169	0.1	-0.1	-4.66714
13066104	170	0.1	-0.1	4.46516
13066104	171	0.1	-0.1	-4.84742
13066104	172	0.1	-0.1	1.07473
13066104	173	0.1	-0.1	-2.37329
13066104	174	0.1	-0.1	-2.58792
13066104	175	0.1	-0.1	0.894269
13066104	176	0.1	-0.1	-1.48097
13066104	177	0.1	-0.1	-0.298029
13066104	178	0.1	-0.1	1.28041
13066104	179	0.1	-0.1	0.906668
13066104	180	0.1	-0.1	0.370365
13066104	181	0.1	-0.1	3.63967
13066104	182	0.1	-0.1	-2.27784
13066104	183	0.1	-0.1	2.54496
13066104	184	0.1	-0.1	-3.13803
13066104	185	0.1	-0.1	-1.5028
13066104	186	0.1	-0.1	-5.87646
13066104	187	0.1	-0.1	-1.63199
13066104	188	0.1	-0.1	-4.41206
13066104	189	0.1	-0.1	5.24264
13066104	190	0.1	-0.1	0.147139
13066104	191	0.1	-0.1	-0.628889
13066104	192	0.1	-0.1	-3.18337
13066104	193	0.1	-0.1	-3.71057
13066104	194	0.1	-0.1	-4.60606
13066104	195	0.1	-0.1	-2.9813
13066104	196	0.1	-0.1	-5.41267
13066104	197	0.1	-0.1	3.16476
13066104	198	0.1	-0.1	4.39449
13066104	199	0.1	-0.1	-0.160546
13066104	200	0.1	-0.1	2.43397
13066104	201	0.1	-0.1	-0.699308
13066104	202	0.1	-0.1	-1.71802
13066104	203	0.1	-0.1	-2.58072
13066104	204	0.1	-0.1	1.53987
13066104	205	0.1	-0.1	2.18764
13066104	206	0.1	-0.1	-1.30624
13066104	207	0.1	-0.1	1.81863
13066104	208	0.1	-0.1	-3.38266
13066104	209	0.1	-0.1	2.63574
13066104	210	0.1	-0.1	-1.47873
13066104	211	0.1	-0.1	-4.26588
13066104	212	0.1	-0.1	-3.21912
13066104	213	0.1	-0.1	1.47288
13066104	214	0.1	-0.1	-2.50951
13066104	215	0.1	-0.1	-3.78999
13066104	216	0.1	-0.1	0.589864
13066104	217	0.1	-0.1	-2.58523
13066104	218	0.1	-0.1	-5.71596
13066104	219	0.1	-0.1	2.16631
13066104	220	0.1	-0.1	-0.0611999
13066104	221	0.1	-0.1	-2.80871
13066104	222	0.1	-0.1	0.587975
13066104	223	0.1	-0.1	3.17083
13066104	224	0.1	-0.1	4.5435
13066104	225	0.1	-0.1	5.12901
13066104	226	0.1	-0.1	2.01631
13066104	227	0.1	-0.1	0.758548
13066104	228	0.1	-0.1	-0.794284
13066104	229	0.1	-0.1	3.76683
13066104	230	0.1	-0.1	-0.830854
13066104	231	0.1	-0.1	-2.9529
13066104	232	0.1	-0.1	-2.82864
13066104	233	0.1	-0.1	0.164225
13066104	234	0.1	-0.1	-4.56514
13066104	235	0.1	-0.1	-5.12178
13066104	236	0.1	-0.1	2.12293
13066104	237	0.1	-0.1	1.27379
13066104	238	0.1	-0.1	-0.27826
13066104	239	0.1	-0.1	4.4602
13066104	240	0.1	-0.1	2.98719
13066104	241	0.1	-0.1	-1.93096
13066104	242	0.1	-0.1	3.60622
13066104	243	0.1	-0.1	0.400645
13066104	244	0.1	-0.1	-5.98363
13066104	245	0.1	-0.1	4.65377
13066104	246	0.1	-0.1	-2.97818
13066104	247	0.1	-0.1	-3.98238
13066104	248	0.1	-0.1	-1.9352
13066104	249	0.1	-0.1	-5.49528
13066104	250	0.1	-0.1	-2.45715
13066104	251	0.1	-0.1	5.971
13066104	252	0.1	-0.1	-0.584177
13066104	253	0.1	-0.1	3.31185
13066104	254	0.1	-0.1	0.0541104
13066104	255	0.1	-0.1	1.61639
13066104	256	0.1	-0.1	-0.855364
13066104	257	0.1	-0.1	0.351707
13066104	258	0.1	-0.1	-4.09569
13066104	259	0.1	-0.1	2.1244
13066104	260	0.1	-0.1	5.14442
13066104	261	0.1	-0.1	-5.43034
13066104	262	0.1	-0.1	2.08453
13066104	263	0.1	-0.1	3.06066
13066104	264	0.1	-0.1	3.75538
13066104	265	0.1	-0.1	-2.14921
13066104	266	0.1	-0.1	-5.23932
13066104	267	0.1	-0.1	0.101268
13066104	268	0.1	-0.1	5.27079
13066104	269	0.1	-0.1	3.34209
13066104	270	0.1	-0.1	-0.674211
13066104	271	0.1	-0.1	-0.511003
13066104	272	0.1	-0.1	-2.44296
13066104	273	0.1	-0.1	2.83099
13066104	274	0.1	-0.1	1.78855
13066104	275	0.1	-0.1	-4.99463
13066104	276	0.1	-0.1	3.683
13066104	277	0.1	-0.1	2.3516
13066104	278	0.1	-0.1	-2.86668
13066104	279	0.1	-0.1	-2.65713
13066104	280	0.1	-0.1	-1.78026
13066104	281	0.1	-0.1	1.07748
13066104	282	0.1	-0.1	-2.88514
13066104	283	0.1	-0.1	5.70686
13066104	284	0.1	-0.1	-3.05483
13066104	285	0.1	-0.1	4.75232
13066104	286	0.1	-0.1	0.0806998
13066104	287	0.1	-0.1	1.91057
13066104	288	0.1	-0.1	5.40363
13066104	289	0.1	-0.1	1.77735
13066104	290	0.1	-0.1	-1.51076
13066104	291	0.1	-0.1	-2.72955
13066104	292	0.1	-0.1	4.79564
13066104	293	0.1	-0.1	3.5346
13066104	294	0.1	-0.1	-0.865837
13066104	295	0.1	-0.1	4.61521
13066104	296	0.1	-0.1	-5.53168
13066104	297	0.1	-0.1	4.41686
13066104	298	0.1	-0.1	-4.06278
13066104	299	0.1	-0.1	-1.13351
13066104	300	0.1	-0.1	5.90548
13066104	301	0.1	-0.1	-2.81197
13066104	302	0.1	-0.1	-2.81367
13066104	303	0.1	-0.1	-2.53712
13066104	304	0.1	-0.1	-5.46264
13066104	305	0.1	-0.1	-3.44214
13066104	306	0.1	-0.1	1.95925
13066104	307	0.1	-0.1	-1.76946
13066104	308	0.1	-0.1	-1.75249
13066104	309	0.1	-0.1	-3.41457
13066104	310	0.1	-0.1	-3.36319
13066104	311	0.1	-0.1	3.28132
13066104	312	0.1	-0.1	1.20175
13066104	313	0.1	-0.1	4.20823
13066104	314	0.1	-0.1	-3.61081
13066104	315	0.1	-0.1	-0.519727
13066104	316	0.1	-0.1	4.14053
13066104	317	0.1	-0.1	2.2335
13066104	318	0.1	-0.1	5.34416
13066104	319	0.1	-0.1	-2.97897
13066104	320	0.1	-0.1	2.32137
13066104	321	0.1	-0.1	-3.57648
13066104	322	0.1	-0.1	4.18783
13066104	323	0.1	-0.1	-1.36414
13066104	324	0.1	-0.1	-2.33368
13066104	325	0.1	-0.1	1.41984
13066104	326	0.1	-0.1	5.19221
13066104	327	0.1	-0.1	-0.0895465
13066104	328	0.1	-0.1	-2.6306
13066104	329	0.1	-0.1	5.51372
13066104	330	0.1	-0.1	-4.86681
13066104	331	0.1	-0.1	3.97857
13066104	332	0.1	-0.1	-4.53641
13066104	333	0.1	-0.1	-4.61191
13066104	334	0.1	-0.1	0.768939
13066104	335	0.1	-0.1	2.43256
13066104	336	0.1	-0.1	-1.4596
13066104	337	0.1	-0.1	1.78129
13066104	338	0.1	-0.1	2.21101
13066104	339	0.1	-0.1	3.85173
13066104	340	0.1	-0.1	4.1247
13066104	341	0.1	-0.1	-2.00762
13066104	342	0.1	-0.1	0.833586
13066104	343	0.1	-0.1	-2.23453
13066104	344	0.1	-0.1	-4.78752
13066104	345	0.1	-0.1	1.28964
13066104	346	0.1	-0.1	-0.495764
13066104	347	0.1	-0.1	-4.44365
13066104	348	0.1	-0.1	2.10583
13066104	349	0.1	-0.1	1.67444
13066104	350	0.1	-0.1	4.82393
13066104	351	0.1	-0.1	-2.28084
13066104	352	0.1	-0.1	1.82659
13066104	353	0.1	-0.1	3.81506
13066104	354	0.1	-0.1	-1.20966
13066104	355	0.1	-0.1	2.77611
13066104	356	0.1	-0.1	-5.63674
13066104	357	0.1	-0.1	-2.86939
13066104	358	0.1	-0.1	-1.56089
13066104	359	0.1	-0.1	0.112635
13066104	360	0.1	-0.1	5.3122
13066104	361	0.1	-0.1	3.48073
13066104	362	0.1	-0.1	5.43344
13066104	363	0.1	-0.1	5.67991
13066104	364	0.1	-0.1	-5.23136
13066104	365	0.1	-0.1	2.39778
13066104	366	0.1	-0.1	-3.1647
13066104	367	0.1	-0.1	4.18331
13066104	368	0.1	-0.1	-2.2797
13066104	369	0.1	-0.1	-4.49681
13066104	370	0.1	-0.1	-5.28915
13066104	371	0.1	-0.1	0.506804
13066104	372	0.1	-0.1	-0.520596
13066104	373	0.1	-0.1	-3.66696
13066104	374	0.1	-0.1	1.54331
13066104	375	0.1	-0.1	-1.59695
13066104	376	0.1	-0.1	-5.21738
13066104	377	0.1	-0.1	-2.71261
13066104	378	0.1	-0.1	-1.16916
13066104	379	0.1	-0.1	0.905654
13066104	380	0.1	-0.1	-1.265
13066104	381	0.1	-0.1	-5.91206
13066104	382	0.1	-0.1	0.66874
13066104	383	0.1	-0.1	2.65387
13066104	384	0.1	-0.1	1.20896
13066104	385	0.1	-0.1	-2.60501
13066104	386	0.1	-0.1	-2.27658
13066104	387	0.1	-0.1	2.89686
13066104	388	0.1	-0.1	1.56431
13066104	389	0.1	-0.1	-0.699245
13066104	390	0.1	-0.1	-4.716
13066104	391	0.1	-0.1	-2.00744
13066104	392	0.1	-0.1	-1.53365
13066104	393	0.1	-0.1	-2.35877
13066104	394	0.1	-0.1	4.52771
13066104	395	0.1	-0.1	2.92844
13066104	396	0.1	-0.1	-3.04973
13066104	397	0.1	-0.1	-1.9832
13066104	398	0.1	-0.1	-4.28131
13066104	399	0.1	-0.1	-2.81003
13066104	400	0.1	-0.1	1.71262
13066104	401	0.1	-0.1	-4.72873
13066104	402	0.1	-0.1	-5.82085
13066104	403	0.1	-0.1	1.17519
13066104	404	0.1	-0.1	4.37757
13066104	405	0.1	-0.1	-1.9489
13066104	406	0.1	-0.1	-2.49758
13066104	407	0.1	-0.1	1.03327
13066104	408	0.1	-0.1	1.46269
13066104	409	0.1	-0.1	4.98861
13066104	410	0.1	-0.1	-5.03906
13066104	411	0.1	-0.1	5.83125
13066104	412	0.1	-0.1	0.430968
13066104	413	0.1	-0.1	-2.4359
13066104	414	0.1	-0.1	-1.08572
13066104	415	0.1	-0.1	-1.78367
13066104	416	0.1	-0.1	-2.37665
13066104	417	0.1	-0.1	3.36492
13066104	418	0.1	-0.1	-1.37912
13066104	419	0.1	-0.1	1.46333
13066104	420	0.1	-0.1	-2.05834
13066104	421	0.1	-0.1	-5.16617
13066104	422	0.1	-0.1	-0.431469
13066104	423	0.1	-0.1	-3.13219
13066104	424	0.1	-0.1	1.63583
13066104	425	0.1	-0.1	3.5108
13066104	426	0.1	-0.1	-5.93127
13066104	427	0.1	-0.1	1.955
13066104	428	0.1	-0.1	1.59251
13066104	429	0.1	-0.1	-1.22021
13066104	430	0.1	-0.1	-1.23777
13066104	431	0.1	-0.1	5.86091
13066104	432	0.1	-0.1	-1.73201
13066104	433	0.1	-0.1	4.61254
13066104	434	0.1	-0.1	0.710435
13066104	435	0.1	-0.1	-4.20846
13066104	436	0.1	-0.1	-2.27638
13066104	437	0.1	-0.1	2.02436
13066104	438	0.1	-0.1	-5.44238
13066104	439	0.1	-0.1	-0.637473
13066104	440	0.1	-0.1	4.86482
13066104	441	0.1	-0.1	4.35367
13066104	442	0.1	-0.1	-4.94796
13066104	443	0.1	-0.1	-0.934715
13066104	444	0.1	-0.1	-1.76213
13066104	445	0.1	-0.1	2.57962
13066104	446	0.1	-0.1	4.77981
13066104	447	0.1	-0.1	-4.80756
13066104	448	0.1	-0.1	3.38487
13066104	449	0.1	-0.1	2.55608
13066104	450	0.1	-0.1	-1.87875
13066104	451	0.1	-0.1	2.12743
13066104	452	0.1	-0.1	5.44947
13066104	453	0.1	-0.1	-5.9828
13066104	454	0.1	-0.1	1.04094
13066104	455	0.1	-0.1	1.56067
13066104	456	0.1	-0.1	-4.15903
13066104	457	0.1	-0.1	5.5921
13066104	458	0.1	-0.1	5.51375
13066104	459	0.1	-0.1	-1.8179
13066104	460	0.1	-0.1	-1.14522
13066104	461	0.1	-0.1	-4.63086
13066104	462	0.1	-0.1	2.43158
13066104	463	0.1	-0.1	5.68916
13066104	464	0.1	-0.1	3.62331
13066104	465	0.1	-0.1	-2.59141
13066104	466	0.1	-0.1	5.29251
13066104	467	0.1	-0.1	-2.82344
13066104	468	0.1	-0.1	4.78392
13066104	469	0.1	-0.1	-2.08448
13066104	470	0.1	-0.1	2.43337
13066104	471	0.1	-0.1	2.72382
13066104	472	0.1	-0.1	4.06641
13066104	473	0.1	-0.1	-4.78961
13066104	474	0.1	-0.1	0.216192
13066104	475	0.1	-0.1	-1.64878
13066104	476	0.1	-0.1	-1.46152
13066104	477	0.1	-0.1	-0.830913
13066104	478	0.1	-0.1	2.18711
13066104	479	0.1	-0.1	-2.10195
13066104	480	0.1	-0.1	-3.86043
13066104	481	0.1	-0.1	0.670738
13066104	482	0.1	-0.1	-0.687326
13066104	483	0.1	-0.1	-2.75671
13066104	484	0.1	-0.1	4.31111
13066104	485	0.1	-0.1	0.558898
13066104	486	0.1	-0.1	5.55203
13066104	487	0.1	-0.1	-1.0969
13066104	488	0.1	-0.1	-5.97953
13066104	489	0.1	-0.1	1.44839
13066104	490	0.1	-0.1	-5.58337
13066104	491	0.1	-0.1	3.29016
13066104	492	0.1	-0.1	0.370758
13066104	493	0.1	-0.1	-5.77331
13066104	494	0.1	-0.1	-5.36966
13066104	495	0.1	-0.1	0.929605
13066104	496	0.1	-0.1	-2.77024
13066104	497	0.1	-0.1	4.98342
13066104	498	0.1	-0.1	-5.9908
13066104	499	0.1	-0.1	-4.38196
13066104	500	0.1	-0.1	1.99964
13066104	501	0.1	-0.1	-2.96181
13066104	502	0.1	-0.1	3.01695
13066104	503	0.1	-0.1	2.83219
13066104	504	0.1	-0.1	5.42715
13066104	505	0.1	-0.1	1.51741
13066104	506	0.1	-0.1	4.08029
13066104	507	0.1	-0.1	-1.27241
13066104	508	0.1	-0.1	-0.155549
13066104	509	0.1	-0.1	4.31456
13066104	510	0.1	-0.1	2.99975
13066104	511	0.1	-0.1	4.28015
13066104	512	0.1	-0.1	-4.86704
13066104	513	0.1	-0.1	1.98927
13066104	514	0.1	-0.1	-0.851921
13066104	515	0.1	-0.1	3.63997
13066104	516	0.1	-0.1	-5.53438
13066104	517	0.1	-0.1	-4.65317
13066104	518	0.1	-0.1	3.17153
13066104	519	0.1	-0.1	-3.16794
13066104	520	0.1	-0.1	-3.05332
13066104	521	0.1	-0.1	-4.6076
13066104	522	0.1	-0.1	-4.47546
13066104	523	0.1	-0.1	4.90299
13066104	524	0.1	-0.1	-1.09288
13066104	525	0.1	-0.1	2.27296
13066104	526	0.1	-0.1	0.455729
13066104	527	0.1	-0.1	1.28851
13066104	528	0.1	-0.1	2.11725
13066104	529	0.1	-0.1	-3.49915
13066104	530	0.1	-0.1	5.21452
13066104	531	0.1	-0.1	5.35957
13066104	532	0.1	-0.1	1.04802
13066104	533	0.1	-0.1	5.79702
13066104	534	0.1	-0.1	3.61037
13066104	535	0.1	-0.1	-3.78677
13066104	536	0.1	-0.1	-3.33532
13066104	537	0.1	-0.1	-5.55764
13066104	538	0.1	-0.1	-3.76254
13066104	539	0.1	-0.1	-0.662506
13066104	540	0.1	-0.1	0.286602
13066104	541	0.1	-0.1	-4.93136
13066104	542	0.1	-0.1	-1.03301
13066104	543	0.1	-0.1	-4.97202
13066104	544	0.1	-0.1	0.87813
13066104	545	0.1	-0.1	-4.06336
13066104	546	0.1	-0.1	5.20282
13066104	547	0.1	-0.1	0.9387
13066104	548	0.1	-0.1	3.43852
13066104	549	0.1	-0.1	-0.828293
13066104	550	0.1	-0.1	-0.638703
13066104	551	0.1	-0.1	3.1035
13066104	552	0.1	-0.1	-1.69124
13066104	553	0.1	-0.1	-4.20388
13066104	554	0.1	-0.1	-5.18134
13066104	555	0.1	-0.1	3.56431
13066104	556	0.1	-0.1	-3.01897
13066104	557	0.1	-0.1	-1.9964
13066104	558	0.1	-0.1	-0.979727
13066104	559	0.1	-0.1	-1.50146
13066104	560	0.1	-0.1	-4.24463
13066104	561	0.1	-0.1	-3.05259
13066104	562	0.1	-0.1	1.1015
13066104	563	0.1	-0.1	-4.04406
13066104	564	0.1	-0.1	1.4458
13066104	565	0.1	-0.1	-4.54319
13066104	566	0.1	-0.1	-3.73429
13066104	567	0.1	-0.1	3.85126
13066104	568	0.1	-0.1	0.955478
13066104	569	0.1	-0.1	4.37728
13066104	570	0.1	-0.1	-4.33514
13066104	571	0.1	-0.1	3.91835
13066104	572	0.1	-0.1	2.07199
13066104	573	0.1	-0.1	-3.67156
13066104	574	0.1	-0.1	-3.64309
13066104	575	0.1	-0.1	-2.47764
13066104	576	0.1	-0.1	3.59866
13066104	577	0.1	-0.1	-4.03078
13066104	578	0.1	-0.1	-5.01589
13066104	579	0.1	-0.1	5.04077
13066104	580	0.1	-0.1	-5.46256
13066104	581	0.1	-0.1	-1.93209
13066104	582	0.1	-0.1	-5.8944
13066104	583	0.1	-0.1	1.69037
13066104	584	0.1	-0.1	-1.71738
13066104	585	0.1	-0.1	2.05113
13066104	586	0.1	-0.1	-4.20543
13066104	587	0.1	-0.1	5.40842
13066104	588	0.1	-0.1	5.46938
13066104	589	0.1	-0.1	-4.52749
13066104	590	0.1	-0.1	-3.41029
13066104	591	0.1	-0.1	2.37446
13066104	592	0.1	-0.1	3.93362
13066104	593	0.1	-0.1	1.67505
13066104	594	0.1	-0.1	3.86914
13066104	595	0.1	-0.1	1.67027
13066104	596	0.1	-0.1	1.77733
13066104	597	0.1	-0.1	4.78722
13066104	598	0.1	-0.1	5.49658
13066104	599	0.1	-0.1	2.28806
13066104	600	0.1	-0.1	2.98701
13066104	601	0.1	-0.1	4.58158
13066104	602	0.1	-0.1	1.02894
13066104	603	0.1	-0.1	4.45089
13066104	604	0.1	-0.1	3.5905
13066104	605	0.1	-0.1	0.536969
13066104	606	0.1	-0.1	4.24042
13066104	607	0.1	-0.1	-1.62592
13066104	608	0.1	-0.1	-3.27448
13066104	609	0.1	-0.1	5.88583
13066104	610	0.1	-0.1	-5.87805
13066104	611	0.1	-0.1	-0.439857
13066104	612	0.1	-0.1	-4.38278
13066104	613	0.1	-0.1	3.69343
13066104	614	0.1	-0.1	-5.14103
13066104	615	0.1	-0.1	0.414649
13066104	616	0.1	-0.1	3.80196
13066104	617	0.1	-0.1	-3.8776
13066104	618	0.1	-0.1	-2.8912
13066104	619	0.1	-0.1	-2.68303
13066104	620	0.1	-0.1	-4.35111
13066104	621	0.1	-0.1	-0.616841
13066104	622	0.1	-0.1	5.45143
13066104	623	0.1	-0.1	-4.90533
13066104	624	0.1	-0.1	-1.29061
13066104	625	0.1	-0.1	5.98939
13066104	626	0.1	-0.1	-2.72199
13066104	627	0.1	-0.1	3.36638
13066104	628	0.1	-0.1	-3.4388
13066104	629	0.1	-0.1	-2.83138
13066104	630	0.1	-0.1	4.39432
13066104	631	0.1	-0.1	-5.34401
13066104	632	0.1	-0.1	-4.43599
13066104	633	0.1	-0.1	-1.67035
13066104	634	0.1	-0.1	-5.53386
13066104	635	0.1	-0.1	5.95716
13066104	636	0.1	-0.1	5.32333
13066104	637	0.1	-0.1	5.495
13066104	638	0.1	-0.1	2.45175
13066104	639	0.1	-0.1	3.31783
13066104	640	0.1	-0.1	4.56151
13066104	641	0.1	-0.1	-2.17057
13066104	642	0.1	-0.1	-1.28383
13066104	643	0.1	-0.1	4.5962
13066104	644	0.1	-0.1	-0.203296
13066104	645	0.1	-0.1	-0.415152
13066104	646	0.1	-0.1	-1.43473
13066104	647	0.1	-0.1	-3.14823
13066104	648	0.1	-0.1	-3.72728
13066104	649	0.1	-0.1	5.88064
13066104	650	0.1	-0.1	2.47864
13066104	651	0.1	-0.1	2.74884
13066104	652	0.1	-0.1	-2.64626
13066104	653	0.1	-0.1	2.73183
13066104	654	0.1	-0.1	3.42622
13066104	655	0.1	-0.1	-5.43493
13066104	656	0.1	-0.1	4.71424
13066104	657	0.1	-0.1	-5.64086
13066104	658	0.1	-0.1	-3.85381
13066104	659	0.1	-0.1	5.72085
13066104	660	0.1	-0.1	-5.56665
13066104	661	0.1	-0.1	-4.57415
13066104	662	0.1	-0.1	2.68904
13066104	663	0.1	-0.1	-1.5892
13066104	664	0.1	-0.1	5.44279
13066104	665	0.1	-0.1	2.64354
13066104	666	0.1	-0.1	3.88345
13066104	667	0.1	-0.1	-1.89729
13066104	668	0.1	-0.1	-1.11065
13066104	669	0.1	-0.1	-0.995871
13066104	670	0.1	-0.1	2.18111
13066104	671	0.1	-0.1	-3.16862
13066104	672	0.1	-0.1	4.43757
13066104	673	0.1	-0.1	-4.65375
13066104	674	0.1	-0.1	3.58391
13066104	675	0.1	-0.1	-3.00236
13066104	676	0.1	-0.1	-2.89169
13066104	677	0.1	-0.1	2.91439
13066104	678	0.1	-0.1	-4.16166
13066104	679	0.1	-0.1	4.00387
13066104	680	0.1	-0.1	2.10814
13066104	681	0.1	-0.1	-3.54466
13066104	682	0.1	-0.1	5.79568
13066104	683	0.1	-0.1	2.4023
13066104	684	0.1	-0.1	5.6762
13066104	685	0.1	-0.1	1.41771
13066104	686	0.1	-0.1	-5.94921
13066104	687	0.1	-0.1	1.28629
13066104	688	0.1	-0.1	3.94748
13066104	689	0.1	-0.1	4.45305
13066104	690	0.1	-0.1	5.56636
13066104	691	0.1	-0.1	-3.60132
13066104	692	0.1	-0.1	1.75431
13066104	693	0.1	-0.1	-3.40723
13066104	694	0.1	-0.1	5.39695
13066104	695	0.1	-0.1	-4.2047
13066104	696	0.1	-0.1	-3.51329
13066104	697	0.1	-0.1	-0.142736
13066104	698	0.1	-0.1	-3.56844
13066104	699	0.1	-0.1	-0.0103461
13066104	700	0.1	-0.1	1.7826
13066104	701	0.1	-0.1	-2.19638
13066104	702	0.1	-0.1	2.73538
13066104	703	0.1	-0.1	-5.40767
13066104	704	0.1	-0.1	1.95856
13066104	705	0.1	-0.1	-2.61505
13066104	706	0.1	-0.1	-0.320715
13066104	707	0.1	-0.1	3.95366
13066104	708	0.1	-0.1	3.68182
13066104	709	0.1	-0.1	-5.6364
13066104	710	0.1	-0.1	5.43127
13066104	711	0.1	-0.1	0.898736
13066104	712	0.1	-0.1	-1.26111
13066104	713	0.1	-0.1	-3.55266
13066104	714	0.1	-0.1	1.80943
13066104	715	0.1	-0.1	-1.79267
13066104	716	0.1	-0.1	-3.98896
13066104	717	0.1	-0.1	4.09164
13066104	718	0.1	-0.1	4.85001
13066104	719	0.1	-0.1	-1.93601
13066104	720	0.1	-0.1	3.50027
13066104	721	0.1	-0.1	4.31566
13066104	722	0.1	-0.1	-3.90304
13066104	723	0.1	-0.1	3.40094
13066104	724	0.1	-0.1	-2.37786
13066104	725	0.1	-0.1	-1.44642
13066104	726	0.1	-0.1	-0.0525668
13066104	727	0.1	-0.1	4.76169
13066104	728	0.1	-0.1	2.70533
13066104	729	0.1	-0.1	-3.82771
13066104	730	0.1	-0.1	-5.48208
13066104	731	0.1	-0.1	4.5585
13066104	732	0.1	-0.1	-3.63465
13066104	733	0.1	-0.1	2.37987
13066104	734	0.1	-0.1	4.84491
13066104	735	0.1	-0.1	-1.84572
13066104	736	0.1	-0.1	2.28239
13066104	737	0.1	-0.1	2.98613
13066104	738	0.1	-0.1	-1.60446
13066104	739	0.1	-0.1	1.07546
13066104	740	0.1	-0.1	-4.29598
13066104	741	0.1	-0.1	-3.26589
13066104	742	0.1	-0.1	-4.03224
13066104	743	0.1	-0.1	-0.302484
13066104	744	0.1	-0.1	-2.98277
13066104	745	0.1	-0.1	3.16007
13066104	746	0.1	-0.1	1.26407
13066104	747	0.1	-0.1	-1.8115
13066104	748	0.1	-0.1	-3.38648
13066104	749	0.1	-0.1	-3.84836
13066104	750	0.1	-0.1	-5.72154
13066104	751	0.1	-0.1	2.58214
13066104	752	0.1	-0.1	2.25326
13066104	753	0.1	-0.1	4.47108
13066104	754	0.1	-0.1	5.48917
13066104	755	0.1	-0.1	-3.00242
13066104	756	0.1	-0.1	-3.45966
13066104	757	0.1	-0.1	5.80664
13066104	758	0.1	-0.1	-5.17037
13066104	759	0.1	-0.1	-0.196665
13066104	760	0.1	-0.1	-2.80157
13066104	761	0.1	-0.1	4.71071
13066104	762	0.1	-0.1	-5.4993
13066104	763	0.1	-0.1	0.137967
13066104	764	0.1	-0.1	-1.70907
13066104	765	0.1	-0.1	3.08766
13066104	766	0.1	-0.1	0.856141
13066104	767	0.1	-0.1	1.58326
13066104	768	0.1	-0.1	-4.70475
13066104	769	0.1	-0.1	3.67204
13066104	770	0.1	-0.1	-0.280576
13066104	771	0.1	-0.1	1.59722
13066104	772	0.1	-0.1	2.12651
13066104	773	0.1	-0.1	-2.4224
13066104	774	0.1	-0.1	-3.25205
13066104	775	0.1	-0.1	-3.38564
13066104	776	0.1	-0.1	1.10429
13066104	777	0.1	-0.1	-1.44783
13066104	778	0.1	-0.1	-0.581179
13066104	779	0.1	-0.1	3.21781
13066104	780	0.1	-0.1	2.684
13066104	781	0.1	-0.1	0.947058
13066104	782	0.1	-0.1	5.68958
13066104	783	0.1	-0.1	0.847028
13066104	784	0.1	-0.1	1.69009
13066104	785	0.1	-0.1	4.13675
13066104	786	0.1	-0.1	5.18201
13066104	787	0.1	-0.1	-1.42569
13066104	788	0.1	-0.1	3.43099
13066104	789	0.1	-0.1	-3.71312
13066104	790	0.1	-0.1	-1.65673
13066104	791	0.1	-0.1	0.0488769
13066104	792	0.1	-0.1	2.94394
13066104	793	0.1	-0.1	-0.605363
13066104	794	0.1	-0.1	-4.7081
13066104	795	0.1	-0.1	-0.107216
13066104	796	0.1	-0.1	-4.63898
13066104	797	0.1	-0.1	-1.00459
13066104	798	0.1	-0.1	0.38676
13066104	799	0.1	-0.1	-5.89643
13066104	800	0.1	-0.1	3.53017
13066104	801	0.1	-0.1	4.81251
13066104	802	0.1	-0.1	1.64291
13066104	803	0.1	-0.1	-1.10981
13066104	804	0.1	-0.1	-0.223041
13066104	805	0.1	-0.1	-5.6965
13066104	806	0.1	-0.1	-5.75731
13066104	807	0.1	-0.1	0.295746
13066104	808	0.1	-0.1	4.78224
13066104	809	0.1	-0.1	5.98106
13066104	810	0.1	-0.1	5.75554
13066104	811	0.1	-0.1	-2.26338
13066104	812	0.1	-0.1	2.14385
13066104	813	0.1	-0.1	2.8936
13066104	814	0.1	-0.1	-4.21924
13066104	815	0.1	-0.1	4.64141
13066104	816	0.1	-0.1	-0.806565
13066104	817	0.1	-0.1	0.427171
13066104	818	0.1	-0.1	-1.75935
13066104	819	0.1	-0.1	-2.6032
13066104	820	0.1	-0.1	2.96134
13066104	821	0.1	-0.1	-1.18536
13066104	822	0.1	-0.1	-1.99248
13066104	823	0.1	-0.1	-2.51026
13066104	824	0.1	-0.1	1.84883
13066104	825	0.1	-0.1	-2.50506
13066104	826	0.1	-0.1	0.125283
13066104	827	0.1	-0.1	4.16706
13066104	828	0.1	-0.1	-1.17927
13066104	829	0.1	-0.1	-3.28127
13066104	830	0.1	-0.1	5.63381
13066104	831	0.1	-0.1	-4.08077
13066104	832	0.1	-0.1	2.66376
13066104	833	0.1	-0.1	-3.21729
13066104	834	0.1	-0.1	3.86869
13066104	835	0.1	-0.1	-0.971656
13066104	836	0.1	-0.1	3.87302
13066104	837	0.1	-0.1	4.27095
13066104	838	0.1	-0.1	-3.15407
13066104	839	0.1	-0.1	-4.92942
13066104	840	0.1	-0.1	-1.85953
13066104	841	0.1	-0.1	1.9519
13066104	842	0.1	-0.1	-5.24435
13066104	843	0.1	-0.1	-3.10407
13066104	844	0.1	-0.1	5.82662
13066104	845	0.1	-0.1	-5.83033
13066104	846	0.1	-0.1	3.78656
13066104	847	0.1	-0.1	0.491058
13066104	848	0.1	-0.1	-1.02238
13066104	849	0.1	-0.1	-4.49232
13066104	850	0.1	-0.1	1.01715
13066104	851	0.1	-0.1	3.59404
13066104	852	0.1	-0.1	4.60027
13066104	853	0.1	-0.1	-5.91747
13066104	854	0.1	-0.1	-2.26528
13066104	855	0.1	-0.1	-3.91708
13066104	856	0.1	-0.1	4.87029
13066104	857	0.1	-0.1	5.89557
13066104	858	0.1	-0.1	4.79194
13066104	859	0.1	-0.1	3.58355
13066104	860	0.1	-0.1	1.9011
13066104	861	0.1	-0.1	0.700704
13066104	862	0.1	-0.1	3.17538
13066104	863	0.1	-0.1	1.5387
13066104	864	0.1	-0.1	-1.58211
13066104	865	0.1	-0.1	4.65369
13066104	866	0.1	-0.1	5.37646
13066104	867	0.1	-0.1	3.43051
13066104	868	0.1	-0.1	4.43324
13066104	869	0.1	-0.1	4.15037
13066104	870	0.1	-0.1	-0.17266
13066104	871	0.1	-0.1	-3.68145
13066104	872	0.1	-0.1	4.12268
13066104	873	0.1	-0.1	-3.7894
13066104	874	0.1	-0.1	-4.06809
13066104	875	0.1	-0.1	0.443541
13066104	876	0.1	-0.1	3.59906
13066104	877	0.1	-0.1	5.30727
13066104	878	0.1	-0.1	-0.537196
13066104	879	0.1	-0.1	-3.83027
13066104	880	0.1	-0.1	-1.52101
13066104	881	0.1	-0.1	-0.945124
13066104	882	0.1	-0.1	1.49938
13066104	883	0.1	-0.1	-2.01861
13066104	884	0.1	-0.1	-1.78321
13066104	885	0.1	-0.1	3.74018
13066104	886	0.1	-0.1	5.69469
13066104	887	0.1	-0.1	3.20003
13066104	888	0.1	-0.1	-5.53229
13066104	889	0.1	-0.1	4.15734
13066104	890	0.1	-0.1	-2.47441
13066104	891	0.1	-0.1	1.44044
13066104	892	0.1	-0.1	-2.0786
13066104	893	0.1	-0.1	2.83065
13066104	894	0.1	-0.1	-2.29633
13066104	895	0.1	-0.1	0.237575
13066104	896	0.1	-0.1	-0.122333
13066104	897	0.1	-0.1	-3.6436
13066104	898	0.1	-0.1	-4.82427
13066104	899	0.1	-0.1	-1.67627
13066104	900	0.1	-0.1	0.714114
13066104	901	0.1	-0.1	3.35416
13066104	902	0.1	-0.1	5.58201
13066104	903	0.1	-0.1	1.17452
13066104	904	0.1	-0.1	-0.362283
13066104	905	0.1	-0.1	-0.316103
13066104	906	0.1	-0.1	-3.88096
13066104	907	0.1	-0.1	-5.79988
13066104	908	0.1	-0.1	4.32187
13066104	909	0.1	-0.1	-3.12754
13066104	910	0.1	-0.1	-3.18769
13066104	911	0.1	-0.1	-3.89248
13066104	912	0.1	-0.1	5.4648
13066104	913	0.1	-0.1	-2.55577
13066104	914	0.1	-0.1	2.22792
13066104	915	0.1	-0.1	-0.324157
13066104	916	0.1	-0.1	-1.57109
13066104	917	0.1	-0.1	-5.06664
13066104	918	0.1	-0.1	1.76336
13066104	919	0.1	-0.1	0.87438
13066104	920	0.1	-0.1	-3.43929
13066104	921	0.1	-0.1	-1.28746
13066104	922	0.1	-0.1	-5.71255
13066104	923	0.1	-0.1	4.70308
13066104	924	0.1	-0.1	3.88084
13066104	925	0.1	-0.1	-2.64038
13066104	926	0.1	-0.1	0.183399
13066104	927	0.1	-0.1	2.52992
13066104	928	0.1	-0.1	-5.33161
13066104	929	0.1	-0.1	-2.69448
13066104	930	0.1	-0.1	3.98064
13066104	931	0.1	-0.1	1.07552
13066104	932	0.1	-0.1	-0.506865
13066104	933	0.1	-0.1	-5.51762
13066104	934	0.1	-0.1	2.59902
13066104	935	0.1	-0.1	-0.058699
13066104	936	0.1	-0.1	5.75901
13066104	937	0.1	-0.1	2.3745
13066104	938	0.1	-0.1	5.78498
13066104	939	0.1	-0.1	-2.23007
13066104	940	0.1	-0.1	5.85169
13066104	941	0.1	-0.1	0.173831
13066104	942	0.1	-0.1	-5.61793
13066104	943	0.1	-0.1	-5.90976
13066104	944	0.1	-0.1	-5.7546
13066104	945	0.1	-0.1	3.8759
13066104	946	0.1	-0.1	-0.777133
13066104	947	0.1	-0.1	0.33859
13066104	948	0.1	-0.1	-3.47621
13066104	949	0.1	-0.1	5.52454
13066104	950	0.1	-0.1	-3.24913
13066104	951	0.1	-0.1	4.59735
13066104	952	0.1	-0.1	-4.87781
13066104	953	0.1	-0.1	2.83844
13066104	954	0.1	-0.1	3.70857
13066104	955	0.1	-0.1	3.07983
13066104	956	0.1	-0.1	-2.87777
13066104	957	0.1	-0.1	5.12327
13066104	958	0.1	-0.1	-2.50514
13066104	959	0.1	-0.1	-1.5084
13066104	960	0.1	-0.1	2.9021
13066104	961	0.1	-0.1	-3.9491
13066104	962	0.1	-0.1	2.41493
13066104	963	0.1	-0.1	1.84004
13066104	964	0.1	-0.1	-2.22925
13066104	965	0.1	-0.1	-4.6126
13066104	966	0.1	-0.1	1.4721
13066104	967	0.1	-0.1	-1.67247
13066104	968	0.1	-0.1	-3.91507
13066104	969	0.1	-0.1	5.98562
13066104	970	0.1	-0.1	-1.86344
13066104	971	0.1	-0.1	1.96779
13066104	972	0.1	-0.1	4.36724
13066104	973	0.1	-0.1	4.6749
13066104	974	0.1	-0.1	0.482002
13066104	975	0.1	-0.1	-1.89179
13066104	976	0.1	-0.1	-0.92711
13066104	977	0.1	-0.1	1.05877
13066104	978	0.1	-0.1	-3.39562
13066104	979	0.1	-0.1	-1.82658
13066104	980	0.1	-0.1	1.65191
13066104	981	0.1	-0.1	1.98934
13066104	982	0.1	-0.1	2.51129
13066104	983	0.1	-0.1	-4.75327
13066104	984	0.1	-0.1	-1.53568
13066104	985	0.1	-0.1	0.809943
13066104	986	0.1	-0.1	-0.962259
13066104	987	0.1	-0.1	-4.64055
13066104	988	0.1	-0.1	2.98181
13066104	989	0.1	-0.1	-0.119961
13066104	990	0.1	-0.1	5.54626
13066104	991	0.1	-0.1	-2.51117
13066104	992	0.1	-0.1	-0.548434
13066104	993	0.1	-0.1	2.03668
13066104	994	0.1	-0.1	4.20843
13066104	995	0.1	-0.1	2.06097
13066104	996	0.1	-0.1	-3.15274
13066104	997	0.1	-0.1	-3.61006
13066104	998	0.1	-0.1	1.74422
13066104	999	0.1	-0.1	-3.04861
13066104	1000	0.1	-0.1	0.793301
