13065052	1	0.1	-0.1	-1.62635
13065052	2	0.1	-0.1	-4.99604
13065052	3	0.1	-0.1	0.94175
13065052	4	0.1	-0.1	3.51128
13065052	5	0.1	-0.1	2.37286
13065052	6	0.1	-0.1	-5.15434
13065052	7	0.1	-0.1	-2.49623
13065052	8	0.1	-0.1	3.64904
13065052	9	0.1	-0.1	-2.63283
13065052	10	0.1	-0.1	-1.2772
13065052	11	0.1	-0.1	2.5703
13065052	12	0.1	-0.1	2.59503
13065052	13	0.1	-0.1	2.22601
13065052	14	0.1	-0.1	5.73402
13065052	15	0.1	-0.1	-1.88254
13065052	16	0.1	-0.1	-5.96747
13065052	17	0.1	-0.1	-0.743828
13065052	18	0.1	-0.1	-4.29874
13065052	19	0.1	-0.1	-1.39085
13065052	20	0.1	-0.1	0.168337
13065052	21	0.1	-0.1	0.165418
13065052	22	0.1	-0.1	-3.01385
13065052	23	0.1	-0.1	1.39904
13065052	24	0.1	-0.1	5.10493
13065052	25	0.1	-0.1	-3.31314
13065052	26	0.1	-0.1	1.59909
13065052	27	0.1	-0.1	1.42606
13065052	28	0.1	-0.1	1.5047
13065052	29	0.1	-0.1	1.04535
13065052	30	0.1	-0.1	-4.15632
13065052	31	0.1	-0.1	-4.20307
13065052	32	0.1	-0.1	3.75466
13065052	33	0.1	-0.1	-4.65413
13065052	34	0.1	-0.1	-3.59184
13065052	35	0.1	-0.1	2.84364
13065052	36	0.1	-0.1	-1.74423
13065052	37	0.1	-0.1	4.08375
13065052	38	0.1	-0.1	1.54144
13065052	39	0.1	-0.1	1.61286
13065052	40	0.1	-0.1	-1.17775
13065052	41	0.1	-0.1	-5.67992
13065052	42	0.1	-0.1	5.97042
13065052	43	0.1	-0.1	5.13452
13065052	44	0.1	-0.1	2.29972
13065052	45	0.1	-0.1	1.04367
13065052	46	0.1	-0.1	-5.29624
13065052	47	0.1	-0.1	-4.26718
13065052	48	0.1	-0.1	2.99398
13065052	49	0.1	-0.1	2.62467
13065052	50	0.1	-0.1	-3.15308
13065052	51	0.1	-0.1	1.67784
13065052	52	0.1	-0.1	2.20834
13065052	53	0.1	-0.1	-3.27655
13065052	54	0.1	-0.1	0.499212
13065052	55	0.1	-0.1	-2.1758
13065052	56	0.1	-0.1	-4.83791
13065052	57	0.1	-0.1	5.62174
13065052	58	0.1	-0.1	1.91466
13065052	59	0.1	-0.1	-1.64209
13065052	60	0.1	-0.1	5.19886
13065052	61	0.1	-0.1	5.74278
13065052	62	0.1	-0.1	2.11065
13065052	63	0.1	-0.1	-4.86856
13065052	64	0.1	-0.1	0.706242
13065052	65	0.1	-0.1	-3.0234
13065052	66	0.1	-0.1	5.15812
13065052	67	0.1	-0.1	-0.791507
13065052	68	0.1	-0.1	0.942477
13065052	69	0.1	-0.1	2.96693
13065052	70	0.1	-0.1	0.0498797
13065052	71	0.1	-0.1	-4.78174
13065052	72	0.1	-0.1	1.06273
13065052	73	0.1	-0.1	-4.1229
13065052	74	0.1	-0.1	2.51111
13065052	75	0.1	-0.1	2.87714
13065052	76	0.1	-0.1	-0.515227
13065052	77	0.1	-0.1	-1.02242
13065052	78	0.1	-0.1	-2.70757
13065052	79	0.1	-0.1	4.40703
13065052	80	0.1	-0.1	-4.76131
13065052	81	0.1	-0.1	2.52842
13065052	82	0.1	-0.1	1.35222
13065052	83	0.1	-0.1	-1.18818
13065052	84	0.1	-0.1	2.2952
13065052	85	0.1	-0.1	-0.991963
13065052	86	0.1	-0.1	-4.66562
13065052	87	0.1	-0.1	2.53792
13065052	88	0.1	-0.1	-4.89742
13065052	89	0.1	-0.1	-4.39249
13065052	90	0.1	-0.1	-3.43414
13065052	91	0.1	-0.1	-5.08025
13065052	92	0.1	-0.1	-0.0824869
13065052	93	0.1	-0.1	1.26908
13065052	94	0.1	-0.1	2.90958
13065052	95	0.1	-0.1	4.92896
13065052	96	0.1	-0.1	4.99381
13065052	97	0.1	-0.1	-3.56435
13065052	98	0.1	-0.1	5.81706
13065052	99	0.1	-0.1	-5.471
13065052	100	0.1	-0.1	1.80946
13065052	101	0.1	-0.1	-0.145037
13065052	102	0.1	-0.1	3.73204
13065052	103	0.1	-0.1	-3.55793
13065052	104	0.1	-0.1	-5.17372
13065052	105	0.1	-0.1	-1.37943
13065052	106	0.1	-0.1	-2.0241
13065052	107	0.1	-0.1	-2.56487
13065052	108	0.1	-0.1	5.74113
13065052	109	0.1	-0.1	-3.90656
13065052	110	0.1	-0.1	1.21355
13065052	111	0.1	-0.1	3.86707
13065052	112	0.1	-0.1	1.52806
13065052	113	0.1	-0.1	0.876503
13065052	114	0.1	-0.1	-3.20694
13065052	115	0.1	-0.1	2.57914
13065052	116	0.1	-0.1	-3.84976
13065052	117	0.1	-0.1	0.609719
13065052	118	0.1	-0.1	5.25927
13065052	119	0.1	-0.1	-4.93057
13065052	120	0.1	-0.1	5.25161
13065052	121	0.1	-0.1	-0.28
13065052	122	0.1	-0.1	-1.35107
13065052	123	0.1	-0.1	4.77272
13065052	124	0.1	-0.1	0.730614
13065052	125	0.1	-0.1	-0.817027
13065052	126	0.1	-0.1	0.12133
13065052	127	0.1	-0.1	3.19456
13065052	128	0.1	-0.1	1.60657
13065052	129	0.1	-0.1	-0.168414
13065052	130	0.1	-0.1	-0.436547
13065052	131	0.1	-0.1	-5.4447
13065052	132	0.1	-0.1	5.63866
13065052	133	0.1	-0.1	4.13834
13065052	134	0.1	-0.1	-5.69403
13065052	135	0.1	-0.1	-0.650771
13065052	136	0.1	-0.1	0.25059
13065052	137	0.1	-0.1	-0.159348
13065052	138	0.1	-0.1	2.62895
13065052	139	0.1	-0.1	2.45146
13065052	140	0.1	-0.1	4.59384
13065052	141	0.1	-0.1	0.042375
13065052	142	0.1	-0.1	-3.08667
13065052	143	0.1	-0.1	-2.69427
13065052	144	0.1	-0.1	2.68931
13065052	145	0.1	-0.1	-5.40223
13065052	146	0.1	-0.1	-3.25189
13065052	147	0.1	-0.1	-2.63833
13065052	148	0.1	-0.1	-2.75981
13065052	149	0.1	-0.1	-0.616101
13065052	150	0.1	-0.1	-3.11836
13065052	151	0.1	-0.1	2.50798
13065052	152	0.1	-0.1	4.52201
13065052	153	0.1	-0.1	-3.03142
13065052	154	0.1	-0.1	-5.43959
13065052	155	0.1	-0.1	5.56593
13065052	156	0.1	-0.1	-1.27089
13065052	157	0.1	-0.1	4.70257
13065052	158	0.1	-0.1	-5.36806
13065052	159	0.1	-0.1	-0.142509
13065052	160	0.1	-0.1	-4.1002
13065052	161	0.1	-0.1	-2.84135
13065052	162	0.1	-0.1	3.61494
13065052	163	0.1	-0.1	-3.75355
13065052	164	0.1	-0.1	1.56908
13065052	165	0.1	-0.1	4.80242
13065052	166	0.1	-0.1	2.41031
13065052	167	0.1	-0.1	5.97789
13065052	168	0.1	-0.1	0.149803
13065052	169	0.1	-0.1	-3.53712
13065052	170	0.1	-0.1	-2.35442
13065052	171	0.1	-0.1	-1.15875
13065052	172	0.1	-0.1	-5.05524
13065052	173	0.1	-0.1	-3.26113
13065052	174	0.1	-0.1	-0.997298
13065052	175	0.1	-0.1	-3.43938
13065052	176	0.1	-0.1	1.77469
13065052	177	0.1	-0.1	1.64465
13065052	178	0.1	-0.1	-1.54142
13065052	179	0.1	-0.1	-3.50648
13065052	180	0.1	-0.1	5.86184
13065052	181	0.1	-0.1	4.26624
13065052	182	0.1	-0.1	-0.916693
13065052	183	0.1	-0.1	3.77577
13065052	184	0.1	-0.1	4.92932
13065052	185	0.1	-0.1	-2.54125
13065052	186	0.1	-0.1	-2.23506
13065052	187	0.1	-0.1	-0.267628
13065052	188	0.1	-0.1	0.171461
13065052	189	0.1	-0.1	3.84769
13065052	190	0.1	-0.1	4.04964
13065052	191	0.1	-0.1	1.58341
13065052	192	0.1	-0.1	0.557263
13065052	193	0.1	-0.1	4.99632
13065052	194	0.1	-0.1	5.65882
13065052	195	0.1	-0.1	5.1695
13065052	196	0.1	-0.1	4.7986
13065052	197	0.1	-0.1	-4.47983
13065052	198	0.1	-0.1	5.22433
13065052	199	0.1	-0.1	3.21051
13065052	200	0.1	-0.1	-4.20293
13065052	201	0.1	-0.1	-4.49358
13065052	202	0.1	-0.1	-5.75903
13065052	203	0.1	-0.1	5.58925
13065052	204	0.1	-0.1	5.48414
13065052	205	0.1	-0.1	1.91451
13065052	206	0.1	-0.1	-4.32739
13065052	207	0.1	-0.1	1.37453
13065052	208	0.1	-0.1	1.3808
13065052	209	0.1	-0.1	-2.61279
13065052	210	0.1	-0.1	-1.10823
13065052	211	0.1	-0.1	0.0560379
13065052	212	0.1	-0.1	-5.14872
13065052	213	0.1	-0.1	-0.201805
13065052	214	0.1	-0.1	-3.31093
13065052	215	0.1	-0.1	5.21378
13065052	216	0.1	-0.1	1.97718
13065052	217	0.1	-0.1	-0.53554
13065052	218	0.1	-0.1	-3.81203
13065052	219	0.1	-0.1	0.930518
13065052	220	0.1	-0.1	-0.704684
13065052	221	0.1	-0.1	3.1439
13065052	222	0.1	-0.1	2.43773
13065052	223	0.1	-0.1	-5.74502
13065052	224	0.1	-0.1	-3.61149
13065052	225	0.1	-0.1	4.30712
13065052	226	0.1	-0.1	-2.88577
13065052	227	0.1	-0.1	-0.107984
13065052	228	0.1	-0.1	-5.90587
13065052	229	0.1	-0.1	-4.54232
13065052	230	0.1	-0.1	4.70671
13065052	231	0.1	-0.1	3.64843
13065052	232	0.1	-0.1	-5.09645
13065052	233	0.1	-0.1	-5.13748
13065052	234	0.1	-0.1	2.65418
13065052	235	0.1	-0.1	-4.66413
13065052	236	0.1	-0.1	3.87306
13065052	237	0.1	-0.1	-5.96238
13065052	238	0.1	-0.1	-5.46732
13065052	239	0.1	-0.1	-0.737025
13065052	240	0.1	-0.1	-4.76807
13065052	241	0.1	-0.1	-2.92708
13065052	242	0.1	-0.1	3.49012
13065052	243	0.1	-0.1	-5.8385
13065052	244	0.1	-0.1	3.6545
13065052	245	0.1	-0.1	-5.70337
13065052	246	0.1	-0.1	-4.26638
13065052	247	0.1	-0.1	5.99725
13065052	248	0.1	-0.1	5.95379
13065052	249	0.1	-0.1	-2.87401
13065052	250	0.1	-0.1	-4.31941
13065052	251	0.1	-0.1	5.30641
13065052	252	0.1	-0.1	-1.70278
13065052	253	0.1	-0.1	4.23776
13065052	254	0.1	-0.1	-4.63441
13065052	255	0.1	-0.1	1.39662
13065052	256	0.1	-0.1	-0.526039
13065052	257	0.1	-0.1	1.44117
13065052	258	0.1	-0.1	-2.44758
13065052	259	0.1	-0.1	4.86224
13065052	260	0.1	-0.1	1.41206
13065052	261	0.1	-0.1	-5.53465
13065052	262	0.1	-0.1	1.22167
13065052	263	0.1	-0.1	5.8077
13065052	264	0.1	-0.1	2.22404
13065052	265	0.1	-0.1	2.37847
13065052	266	0.1	-0.1	5.27164
13065052	267	0.1	-0.1	5.52084
13065052	268	0.1	-0.1	4.9175
13065052	269	0.1	-0.1	-2.42432
13065052	270	0.1	-0.1	0.568681
13065052	271	0.1	-0.1	-1.05872
13065052	272	0.1	-0.1	-1.21669
13065052	273	0.1	-0.1	-2.63766
13065052	274	0.1	-0.1	0.998885
13065052	275	0.1	-0.1	-0.584406
13065052	276	0.1	-0.1	5.37398
13065052	277	0.1	-0.1	0.840444
13065052	278	0.1	-0.1	1.53979
13065052	279	0.1	-0.1	-0.428443
13065052	280	0.1	-0.1	5.73286
13065052	281	0.1	-0.1	4.26205
13065052	282	0.1	-0.1	-0.271495
13065052	283	0.1	-0.1	-0.568951
13065052	284	0.1	-0.1	3.85714
13065052	285	0.1	-0.1	-0.136601
13065052	286	0.1	-0.1	-1.40191
13065052	287	0.1	-0.1	-3.72821
13065052	288	0.1	-0.1	-4.8845
13065052	289	0.1	-0.1	-3.00714
13065052	290	0.1	-0.1	-3.83917
13065052	291	0.1	-0.1	2.76044
13065052	292	0.1	-0.1	3.13294
13065052	293	0.1	-0.1	-1.24196
13065052	294	0.1	-0.1	2.28119
13065052	295	0.1	-0.1	4.26814
13065052	296	0.1	-0.1	-2.347
13065052	297	0.1	-0.1	-4.16843
13065052	298	0.1	-0.1	3.53868
13065052	299	0.1	-0.1	-1.1407
13065052	300	0.1	-0.1	-5.44575
13065052	301	0.1	-0.1	2.86019
13065052	302	0.1	-0.1	3.00809
13065052	303	0.1	-0.1	-5.69125
13065052	304	0.1	-0.1	3.08575
13065052	305	0.1	-0.1	2.64283
13065052	306	0.1	-0.1	-4.82281
13065052	307	0.1	-0.1	0.426167
13065052	308	0.1	-0.1	1.76033
13065052	309	0.1	-0.1	-5.79104
13065052	310	0.1	-0.1	-0.548015
13065052	311	0.1	-0.1	-0.153435
13065052	312	0.1	-0.1	-3.48221
13065052	313	0.1	-0.1	-3.00029
13065052	314	0.1	-0.1	4.61212
13065052	315	0.1	-0.1	-3.52703
13065052	316	0.1	-0.1	1.8091
13065052	317	0.1	-0.1	-2.03495
13065052	318	0.1	-0.1	2.86205
13065052	319	0.1	-0.1	-1.53013
13065052	320	0.1	-0.1	-4.52982
13065052	321	0.1	-0.1	-2.75297
13065052	322	0.1	-0.1	-3.03355
13065052	323	0.1	-0.1	-3.45055
13065052	324	0.1	-0.1	4.0646
13065052	325	0.1	-0.1	-4.23622
13065052	326	0.1	-0.1	-2.32876
13065052	327	0.1	-0.1	3.50056
13065052	328	0.1	-0.1	-4.44647
13065052	329	0.1	-0.1	2.54633
13065052	330	0.1	-0.1	-2.58117
13065052	331	0.1	-0.1	-3.1892
13065052	332	0.1	-0.1	-3.69677
13065052	333	0.1	-0.1	0.65235
13065052	334	0.1	-0.1	-1.23905
13065052	335	0.1	-0.1	3.58064
13065052	336	0.1	-0.1	-4.4892
13065052	337	0.1	-0.1	-0.272797
13065052	338	0.1	-0.1	4.36506
13065052	339	0.1	-0.1	2.0393
13065052	340	0.1	-0.1	1.98586
13065052	341	0.1	-0.1	-0.250368
13065052	342	0.1	-0.1	-4.86482
13065052	343	0.1	-0.1	3.95544
13065052	344	0.1	-0.1	-2.42521
13065052	345	0.1	-0.1	5.48283
13065052	346	0.1	-0.1	1.58979
13065052	347	0.1	-0.1	-0.22786
13065052	348	0.1	-0.1	-4.78308
13065052	349	0.1	-0.1	1.02889
13065052	350	0.1	-0.1	-3.95102
13065052	351	0.1	-0.1	1.19398
13065052	352	0.1	-0.1	-1.69621
13065052	353	0.1	-0.1	1.54296
13065052	354	0.1	-0.1	4.40402
13065052	355	0.1	-0.1	0.963516
13065052	356	0.1	-0.1	1.30125
13065052	357	0.1	-0.1	3.14019
13065052	358	0.1	-0.1	5.55951
13065052	359	0.1	-0.1	3.89222
13065052	360	0.1	-0.1	-1.46031
13065052	361	0.1	-0.1	5.34734
13065052	362	0.1	-0.1	-0.701498
13065052	363	0.1	-0.1	-0.622746
13065052	364	0.1	-0.1	3.54473
13065052	365	0.1	-0.1	-1.74856
13065052	366	0.1	-0.1	3.39583
13065052	367	0.1	-0.1	-3.60748
13065052	368	0.1	-0.1	-0.596821
13065052	369	0.1	-0.1	-0.814589
13065052	370	0.1	-0.1	-1.25624
13065052	371	0.1	-0.1	4.7398
13065052	372	0.1	-0.1	-3.42757
13065052	373	0.1	-0.1	1.02852
13065052	374	0.1	-0.1	4.22521
13065052	375	0.1	-0.1	0.486933
13065052	376	0.1	-0.1	2.68822
13065052	377	0.1	-0.1	-3.15796
13065052	378	0.1	-0.1	-2.48507
13065052	379	0.1	-0.1	0.79421
13065052	380	0.1	-0.1	-0.713756
13065052	381	0.1	-0.1	-5.22155
13065052	382	0.1	-0.1	-5.62872
13065052	383	0.1	-0.1	0.0796594
13065052	384	0.1	-0.1	0.78589
13065052	385	0.1	-0.1	-1.64721
13065052	386	0.1	-0.1	-3.04243
13065052	387	0.1	-0.1	1.82487
13065052	388	0.1	-0.1	-1.77516
13065052	389	0.1	-0.1	-4.2686
13065052	390	0.1	-0.1	-1.90155
13065052	391	0.1	-0.1	1.90818
13065052	392	0.1	-0.1	-1.91492
13065052	393	0.1	-0.1	-5.27456
13065052	394	0.1	-0.1	1.80395
13065052	395	0.1	-0.1	2.30368
13065052	396	0.1	-0.1	2.85325
13065052	397	0.1	-0.1	5.00974
13065052	398	0.1	-0.1	-0.364113
13065052	399	0.1	-0.1	-4.20791
13065052	400	0.1	-0.1	0.65522
13065052	401	0.1	-0.1	-2.8962
13065052	402	0.1	-0.1	5.61038
13065052	403	0.1	-0.1	4.91618
13065052	404	0.1	-0.1	0.168058
13065052	405	0.1	-0.1	2.64066
13065052	406	0.1	-0.1	-4.40759
13065052	407	0.1	-0.1	-4.53628
13065052	408	0.1	-0.1	-2.83419
13065052	409	0.1	-0.1	-0.906824
13065052	410	0.1	-0.1	4.1863
13065052	411	0.1	-0.1	-4.45403
13065052	412	0.1	-0.1	-2.06802
13065052	413	0.1	-0.1	5.98639
13065052	414	0.1	-0.1	-5.62534
13065052	415	0.1	-0.1	3.1498
13065052	416	0.1	-0.1	-3.27706
13065052	417	0.1	-0.1	-5.13953
13065052	418	0.1	-0.1	-5.22412
13065052	419	0.1	-0.1	-3.08448
13065052	420	0.1	-0.1	-3.29629
13065052	421	0.1	-0.1	-0.894141
13065052	422	0.1	-0.1	-5.51512
13065052	423	0.1	-0.1	3.85758
13065052	424	0.1	-0.1	4.58982
13065052	425	0.1	-0.1	-1.73022
13065052	426	0.1	-0.1	-0.15193
13065052	427	0.1	-0.1	2.65976
13065052	428	0.1	-0.1	0.407374
13065052	429	0.1	-0.1	3.07641
13065052	430	0.1	-0.1	4.27597
13065052	431	0.1	-0.1	3.92754
13065052	432	0.1	-0.1	4.42458
13065052	433	0.1	-0.1	-3.47815
13065052	434	0.1	-0.1	3.5015
13065052	435	0.1	-0.1	-1.00314
13065052	436	0.1	-0.1	-3.52329
13065052	437	0.1	-0.1	-1.24929
13065052	438	0.1	-0.1	-1.0128
13065052	439	0.1	-0.1	-3.65992
13065052	440	0.1	-0.1	4.62145
13065052	441	0.1	-0.1	0.461041
13065052	442	0.1	-0.1	3.55034
13065052	443	0.1	-0.1	4.77155
13065052	444	0.1	-0.1	0.650171
13065052	445	0.1	-0.1	-3.75128
13065052	446	0.1	-0.1	1.32621
13065052	447	0.1	-0.1	1.78518
13065052	448	0.1	-0.1	-3.79122
13065052	449	0.1	-0.1	3.55174
13065052	450	0.1	-0.1	-4.64291
13065052	451	0.1	-0.1	-5.81408
13065052	452	0.1	-0.1	-3.19369
13065052	453	0.1	-0.1	-3.81304
13065052	454	0.1	-0.1	-0.880779
13065052	455	0.1	-0.1	5.21509
13065052	456	0.1	-0.1	-5.48385
13065052	457	0.1	-0.1	-4.86592
13065052	458	0.1	-0.1	3.88026
13065052	459	0.1	-0.1	-3.88383
13065052	460	0.1	-0.1	2.08243
13065052	461	0.1	-0.1	0.770302
13065052	462	0.1	-0.1	3.12926
13065052	463	0.1	-0.1	-0.131897
13065052	464	0.1	-0.1	-0.601259
13065052	465	0.1	-0.1	5.6706
13065052	466	0.1	-0.1	-2.23862
13065052	467	0.1	-0.1	-5.02586
13065052	468	0.1	-0.1	-0.741588
13065052	469	0.1	-0.1	-5.20133
13065052	470	0.1	-0.1	3.82691
13065052	471	0.1	-0.1	-5.30924
13065052	472	0.1	-0.1	-3.28313
13065052	473	0.1	-0.1	-5.04469
13065052	474	0.1	-0.1	1.30403
13065052	475	0.1	-0.1	5.34136
13065052	476	0.1	-0.1	0.565266
13065052	477	0.1	-0.1	-2.90019
13065052	478	0.1	-0.1	1.40608
13065052	479	0.1	-0.1	5.86977
13065052	480	0.1	-0.1	4.53886
13065052	481	0.1	-0.1	-3.25814
13065052	482	0.1	-0.1	-3.05753
13065052	483	0.1	-0.1	-2.74593
13065052	484	0.1	-0.1	-5.03611
13065052	485	0.1	-0.1	3.14832
13065052	486	0.1	-0.1	5.45205
13065052	487	0.1	-0.1	-2.9515
13065052	488	0.1	-0.1	1.3612
13065052	489	0.1	-0.1	1.25894
13065052	490	0.1	-0.1	-3.99184
13065052	491	0.1	-0.1	-2.04155
13065052	492	0.1	-0.1	-3.00008
13065052	493	0.1	-0.1	-3.59325
13065052	494	0.1	-0.1	-5.14953
13065052	495	0.1	-0.1	5.37012
13065052	496	0.1	-0.1	2.67322
13065052	497	0.1	-0.1	5.09416
13065052	498	0.1	-0.1	1.02024
13065052	499	0.1	-0.1	-5.97694
13065052	500	0.1	-0.1	-3.21331
13065052	501	0.1	-0.1	5.20481
13065052	502	0.1	-0.1	-3.5399
13065052	503	0.1	-0.1	-3.05762
13065052	504	0.1	-0.1	3.68069
13065052	505	0.1	-0.1	5.94927
13065052	506	0.1	-0.1	5.90087
13065052	507	0.1	-0.1	1.95665
13065052	508	0.1	-0.1	-3.88124
13065052	509	0.1	-0.1	-0.0212602
13065052	510	0.1	-0.1	0.682935
13065052	511	0.1	-0.1	5.5289
13065052	512	0.1	-0.1	-0.913876
13065052	513	0.1	-0.1	4.87419
13065052	514	0.1	-0.1	-0.929188
13065052	515	0.1	-0.1	-5.77906
13065052	516	0.1	-0.1	0.91216
13065052	517	0.1	-0.1	-0.0504341
13065052	518	0.1	-0.1	-2.95422
13065052	519	0.1	-0.1	3.15747
13065052	520	0.1	-0.1	-5.32329
13065052	521	0.1	-0.1	4.28414
13065052	522	0.1	-0.1	3.05901
13065052	523	0.1	-0.1	0.853927
13065052	524	0.1	-0.1	-5.28814
13065052	525	0.1	-0.1	0.9373
13065052	526	0.1	-0.1	-1.19298
13065052	527	0.1	-0.1	-3.34946
13065052	528	0.1	-0.1	0.917322
13065052	529	0.1	-0.1	-0.297866
13065052	530	0.1	-0.1	-2.72648
13065052	531	0.1	-0.1	3.69683
13065052	532	0.1	-0.1	0.00955467
13065052	533	0.1	-0.1	-1.18415
13065052	534	0.1	-0.1	4.86164
13065052	535	0.1	-0.1	-1.32972
13065052	536	0.1	-0.1	-0.124811
13065052	537	0.1	-0.1	-0.226925
13065052	538	0.1	-0.1	-4.06247
13065052	539	0.1	-0.1	4.65991
13065052	540	0.1	-0.1	-0.400436
13065052	541	0.1	-0.1	4.81763
13065052	542	0.1	-0.1	-3.01781
13065052	543	0.1	-0.1	-1.86876
13065052	544	0.1	-0.1	-0.537685
13065052	545	0.1	-0.1	1.26402
13065052	546	0.1	-0.1	-5.36793
13065052	547	0.1	-0.1	5.78785
13065052	548	0.1	-0.1	-4.85216
13065052	549	0.1	-0.1	2.35003
13065052	550	0.1	-0.1	0.306173
13065052	551	0.1	-0.1	5.89626
13065052	552	0.1	-0.1	4.50066
13065052	553	0.1	-0.1	2.65408
13065052	554	0.1	-0.1	-1.37834
13065052	555	0.1	-0.1	-2.21347
13065052	556	0.1	-0.1	-1.23089
13065052	557	0.1	-0.1	-4.9546
13065052	558	0.1	-0.1	1.4471
13065052	559	0.1	-0.1	4.53599
13065052	560	0.1	-0.1	-2.35222
13065052	561	0.1	-0.1	-3.24983
13065052	562	0.1	-0.1	5.48197
13065052	563	0.1	-0.1	5.9631
13065052	564	0.1	-0.1	0.340596
13065052	565	0.1	-0.1	2.3733
13065052	566	0.1	-0.1	3.79595
13065052	567	0.1	-0.1	-3.85734
13065052	568	0.1	-0.1	-1.56445
13065052	569	0.1	-0.1	-1.85986
13065052	570	0.1	-0.1	5.84915
13065052	571	0.1	-0.1	-4.47951
13065052	572	0.1	-0.1	-0.40677
13065052	573	0.1	-0.1	5.11361
13065052	574	0.1	-0.1	1.80515
13065052	575	0.1	-0.1	4.34978
13065052	576	0.1	-0.1	-1.28849
13065052	577	0.1	-0.1	-3.4296
13065052	578	0.1	-0.1	-3.89683
13065052	579	0.1	-0.1	-1.89657
13065052	580	0.1	-0.1	4.21907
13065052	581	0.1	-0.1	2.88275
13065052	582	0.1	-0.1	4.12936
13065052	583	0.1	-0.1	-1.34192
13065052	584	0.1	-0.1	3.78233
13065052	585	0.1	-0.1	3.78915
13065052	586	0.1	-0.1	-4.41296
13065052	587	0.1	-0.1	5.4101
13065052	588	0.1	-0.1	-3.71319
13065052	589	0.1	-0.1	-2.63015
13065052	590	0.1	-0.1	-3.90492
13065052	591	0.1	-0.1	-4.04353
13065052	592	0.1	-0.1	-5.60912
13065052	593	0.1	-0.1	-1.07524
13065052	594	0.1	-0.1	1.03186
13065052	595	0.1	-0.1	-5.13619
13065052	596	0.1	-0.1	-2.73798
13065052	597	0.1	-0.1	3.82008
13065052	598	0.1	-0.1	3.58357
13065052	599	0.1	-0.1	3.0671
13065052	600	0.1	-0.1	-2.27991
13065052	601	0.1	-0.1	1.35908
13065052	602	0.1	-0.1	0.772835
13065052	603	0.1	-0.1	-4.43832
13065052	604	0.1	-0.1	2.08959
13065052	605	0.1	-0.1	-5.11677
13065052	606	0.1	-0.1	-1.30796
13065052	607	0.1	-0.1	-5.10195
13065052	608	0.1	-0.1	3.15304
13065052	609	0.1	-0.1	-1.03309
13065052	610	0.1	-0.1	-5.15901
13065052	611	0.1	-0.1	0.939405
13065052	612	0.1	-0.1	0.553878
13065052	613	0.1	-0.1	-1.28306
13065052	614	0.1	-0.1	-2.26947
13065052	615	0.1	-0.1	-4.7468
13065052	616	0.1	-0.1	-0.448102
13065052	617	0.1	-0.1	-5.29455
13065052	618	0.1	-0.1	-5.07639
13065052	619	0.1	-0.1	-0.452166
13065052	620	0.1	-0.1	-3.17992
13065052	621	0.1	-0.1	-0.584751
13065052	622	0.1	-0.1	1.28542
13065052	623	0.1	-0.1	3.36711
13065052	624	0.1	-0.1	-3.16876
13065052	625	0.1	-0.1	-5.53125
13065052	626	0.1	-0.1	0.186177
13065052	627	0.1	-0.1	-4.89055
13065052	628	0.1	-0.1	-3.70865
13065052	629	0.1	-0.1	4.75748
13065052	630	0.1	-0.1	4.15483
13065052	631	0.1	-0.1	-1.47198
13065052	632	0.1	-0.1	4.2751
13065052	633	0.1	-0.1	0.20938
13065052	634	0.1	-0.1	5.53712
13065052	635	0.1	-0.1	5.5588
13065052	636	0.1	-0.1	-0.366228
13065052	637	0.1	-0.1	-1.77032
13065052	638	0.1	-0.1	-3.58764
13065052	639	0.1	-0.1	1.473
13065052	640	0.1	-0.1	2.76398
13065052	641	0.1	-0.1	5.19038
13065052	642	0.1	-0.1	3.9092
13065052	643	0.1	-0.1	5.28808
13065052	644	0.1	-0.1	-0.741633
13065052	645	0.1	-0.1	-4.49102
13065052	646	0.1	-0.1	-3.63787
13065052	647	0.1	-0.1	-4.56306
13065052	648	0.1	-0.1	-1.26828
13065052	649	0.1	-0.1	5.7224
13065052	650	0.1	-0.1	-5.12583
13065052	651	0.1	-0.1	-4.44892
13065052	652	0.1	-0.1	5.96492
13065052	653	0.1	-0.1	1.59055
13065052	654	0.1	-0.1	-5.59763
13065052	655	0.1	-0.1	-4.10434
13065052	656	0.1	-0.1	-4.80848
13065052	657	0.1	-0.1	-4.17769
13065052	658	0.1	-0.1	-5.17618
13065052	659	0.1	-0.1	-0.341848
13065052	660	0.1	-0.1	-2.68141
13065052	661	0.1	-0.1	-1.90631
13065052	662	0.1	-0.1	-0.592507
13065052	663	0.1	-0.1	0.0959259
13065052	664	0.1	-0.1	1.21142
13065052	665	0.1	-0.1	0.404
13065052	666	0.1	-0.1	-1.26013
13065052	667	0.1	-0.1	5.28325
13065052	668	0.1	-0.1	1.43382
13065052	669	0.1	-0.1	2.34573
13065052	670	0.1	-0.1	-0.00799465
13065052	671	0.1	-0.1	-3.78065
13065052	672	0.1	-0.1	-2.67947
13065052	673	0.1	-0.1	-5.88024
13065052	674	0.1	-0.1	3.50431
13065052	675	0.1	-0.1	1.42183
13065052	676	0.1	-0.1	-5.24736
13065052	677	0.1	-0.1	2.86064
13065052	678	0.1	-0.1	3.55099
13065052	679	0.1	-0.1	-3.06596
13065052	680	0.1	-0.1	-0.786562
13065052	681	0.1	-0.1	0.210183
13065052	682	0.1	-0.1	1.10372
13065052	683	0.1	-0.1	-3.21395
13065052	684	0.1	-0.1	4.00613
13065052	685	0.1	-0.1	-1.06644
13065052	686	0.1	-0.1	-3.49583
13065052	687	0.1	-0.1	-5.04281
13065052	688	0.1	-0.1	3.34485
13065052	689	0.1	-0.1	-2.63359
13065052	690	0.1	-0.1	2.02405
13065052	691	0.1	-0.1	-0.31341
13065052	692	0.1	-0.1	4.71005
13065052	693	0.1	-0.1	2.17162
13065052	694	0.1	-0.1	0.322658
13065052	695	0.1	-0.1	0.638355
13065052	696	0.1	-0.1	-0.292583
13065052	697	0.1	-0.1	-1.00115
13065052	698	0.1	-0.1	-4.88647
13065052	699	0.1	-0.1	-2.43181
13065052	700	0.1	-0.1	3.40356
13065052	701	0.1	-0.1	-0.877101
13065052	702	0.1	-0.1	-1.15283
13065052	703	0.1	-0.1	2.74165
13065052	704	0.1	-0.1	-5.25579
13065052	705	0.1	-0.1	-2.78809
13065052	706	0.1	-0.1	3.90181
13065052	707	0.1	-0.1	-2.65173
13065052	708	0.1	-0.1	5.71311
13065052	709	0.1	-0.1	0.611026
13065052	710	0.1	-0.1	-1.59198
13065052	711	0.1	-0.1	-2.4223
13065052	712	0.1	-0.1	0.273142
13065052	713	0.1	-0.1	-3.21388
13065052	714	0.1	-0.1	1.81287
13065052	715	0.1	-0.1	3.4419
13065052	716	0.1	-0.1	-4.5719
13065052	717	0.1	-0.1	-0.622276
13065052	718	0.1	-0.1	1.01074
13065052	719	0.1	-0.1	4.68375
13065052	720	0.1	-0.1	-0.767955
13065052	721	0.1	-0.1	-5.55785
13065052	722	0.1	-0.1	2.22097
13065052	723	0.1	-0.1	-4.06659
13065052	724	0.1	-0.1	5.74347
13065052	725	0.1	-0.1	-3.5635
13065052	726	0.1	-0.1	4.49289
13065052	727	0.1	-0.1	-3.56957
13065052	728	0.1	-0.1	-3.09441
13065052	729	0.1	-0.1	-1.51409
13065052	730	0.1	-0.1	-0.0189445
13065052	731	0.1	-0.1	5.85478
13065052	732	0.1	-0.1	-1.80015
13065052	733	0.1	-0.1	1.75175
13065052	734	0.1	-0.1	-1.55442
13065052	735	0.1	-0.1	-5.17671
13065052	736	0.1	-0.1	2.62768
13065052	737	0.1	-0.1	4.83527
13065052	738	0.1	-0.1	-5.13061
13065052	739	0.1	-0.1	0.201836
13065052	740	0.1	-0.1	-0.759344
13065052	741	0.1	-0.1	-1.61663
13065052	742	0.1	-0.1	1.99339
13065052	743	0.1	-0.1	1.82161
13065052	744	0.1	-0.1	1.6607
13065052	745	0.1	-0.1	-4.33171
13065052	746	0.1	-0.1	3.72339
13065052	747	0.1	-0.1	-5.22025
13065052	748	0.1	-0.1	-4.92681
13065052	749	0.1	-0.1	2.55953
13065052	750	0.1	-0.1	2.79086
13065052	751	0.1	-0.1	-0.361036
13065052	752	0.1	-0.1	-4.3562
13065052	753	0.1	-0.1	-0.870228
13065052	754	0.1	-0.1	-1.80809
13065052	755	0.1	-0.1	1.63021
13065052	756	0.1	-0.1	-2.77384
13065052	757	0.1	-0.1	-3.84582
13065052	758	0.1	-0.1	-3.59091
13065052	759	0.1	-0.1	-5.3631
13065052	760	0.1	-0.1	-2.08621
13065052	761	0.1	-0.1	1.47779
13065052	762	0.1	-0.1	2.44141
13065052	763	0.1	-0.1	-3.15811
13065052	764	0.1	-0.1	-3.98931
13065052	765	0.1	-0.1	-1.2759
13065052	766	0.1	-0.1	3.97508
13065052	767	0.1	-0.1	4.61326
13065052	768	0.1	-0.1	-4.61634
13065052	769	0.1	-0.1	0.910854
13065052	770	0.1	-0.1	-1.44845
13065052	771	0.1	-0.1	-4.80095
13065052	772	0.1	-0.1	3.86983
13065052	773	0.1	-0.1	2.04922
13065052	774	0.1	-0.1	-4.74275
13065052	775	0.1	-0.1	1.23117
13065052	776	0.1	-0.1	5.68906
13065052	777	0.1	-0.1	-4.27483
13065052	778	0.1	-0.1	-1.90186
13065052	779	0.1	-0.1	-0.753243
13065052	780	0.1	-0.1	-1.78036
13065052	781	0.1	-0.1	-1.62465
13065052	782	0.1	-0.1	-5.9851
13065052	783	0.1	-0.1	0.9373
13065052	784	0.1	-0.1	5.14103
13065052	785	0.1	-0.1	3.63362
13065052	786	0.1	-0.1	5.20229
13065052	787	0.1	-0.1	0.362661
13065052	788	0.1	-0.1	-1.52794
13065052	789	0.1	-0.1	-3.17511
13065052	790	0.1	-0.1	-0.106543
13065052	791	0.1	-0.1	-5.3017
13065052	792	0.1	-0.1	-3.11343
13065052	793	0.1	-0.1	-4.13219
13065052	794	0.1	-0.1	-3.97105
13065052	795	0.1	-0.1	1.88446
13065052	796	0.1	-0.1	-0.316567
13065052	797	0.1	-0.1	-1.56781
13065052	798	0.1	-0.1	-3.18781
13065052	799	0.1	-0.1	-3.8685
13065052	800	0.1	-0.1	-3.49055
13065052	801	0.1	-0.1	5.91746
13065052	802	0.1	-0.1	4.59038
13065052	803	0.1	-0.1	1.93485
13065052	804	0.1	-0.1	-3.6054
13065052	805	0.1	-0.1	-4.09926
13065052	806	0.1	-0.1	-0.873786
13065052	807	0.1	-0.1	1.37027
13065052	808	0.1	-0.1	-2.57415
13065052	809	0.1	-0.1	-2.5658
13065052	810	0.1	-0.1	3.44775
13065052	811	0.1	-0.1	-4.90747
13065052	812	0.1	-0.1	2.79588
13065052	813	0.1	-0.1	2.79057
13065052	814	0.1	-0.1	-3.83062
13065052	815	0.1	-0.1	0.858817
13065052	816	0.1	-0.1	1.14165
13065052	817	0.1	-0.1	1.43457
13065052	818	0.1	-0.1	0.777978
13065052	819	0.1	-0.1	2.49192
13065052	820	0.1	-0.1	2.49413
13065052	821	0.1	-0.1	-1.21847
13065052	822	0.1	-0.1	3.90605
13065052	823	0.1	-0.1	-3.33433
13065052	824	0.1	-0.1	5.83427
13065052	825	0.1	-0.1	2.85611
13065052	826	0.1	-0.1	-4.83153
13065052	827	0.1	-0.1	-1.21155
13065052	828	0.1	-0.1	4.02761
13065052	829	0.1	-0.1	3.95562
13065052	830	0.1	-0.1	2.47816
13065052	831	0.1	-0.1	-2.38529
13065052	832	0.1	-0.1	-2.71827
13065052	833	0.1	-0.1	4.56664
13065052	834	0.1	-0.1	-2.65747
13065052	835	0.1	-0.1	4.5978
13065052	836	0.1	-0.1	-1.8811
13065052	837	0.1	-0.1	-5.20848
13065052	838	0.1	-0.1	4.67301
13065052	839	0.1	-0.1	-1.04899
13065052	840	0.1	-0.1	1.178
13065052	841	0.1	-0.1	-3.62999
13065052	842	0.1	-0.1	0.0425696
13065052	843	0.1	-0.1	-0.884642
13065052	844	0.1	-0.1	-4.6233
13065052	845	0.1	-0.1	-2.99597
13065052	846	0.1	-0.1	3.43048
13065052	847	0.1	-0.1	-3.78418
13065052	848	0.1	-0.1	-3.51755
13065052	849	0.1	-0.1	-5.15237
13065052	850	0.1	-0.1	0.176268
13065052	851	0.1	-0.1	0.695089
13065052	852	0.1	-0.1	-2.53874
13065052	853	0.1	-0.1	1.52573
13065052	854	0.1	-0.1	4.74509
13065052	855	0.1	-0.1	-3.05426
13065052	856	0.1	-0.1	-2.69103
13065052	857	0.1	-0.1	2.26119
13065052	858	0.1	-0.1	3.80174
13065052	859	0.1	-0.1	-1.26925
13065052	860	0.1	-0.1	2.50648
13065052	861	0.1	-0.1	-3.77415
13065052	862	0.1	-0.1	-2.14508
13065052	863	0.1	-0.1	-2.11722
13065052	864	0.1	-0.1	3.86458
13065052	865	0.1	-0.1	0.582962
13065052	866	0.1	-0.1	0.282843
13065052	867	0.1	-0.1	4.4332
13065052	868	0.1	-0.1	1.64878
13065052	869	0.1	-0.1	-3.39717
13065052	870	0.1	-0.1	-4.04344
13065052	871	0.1	-0.1	-3.53785
13065052	872	0.1	-0.1	-1.19632
13065052	873	0.1	-0.1	2.66342
13065052	874	0.1	-0.1	5.05409
13065052	875	0.1	-0.1	1.25617
13065052	876	0.1	-0.1	-0.147498
13065052	877	0.1	-0.1	3.50031
13065052	878	0.1	-0.1	5.85475
13065052	879	0.1	-0.1	-0.202769
13065052	880	0.1	-0.1	-4.26902
13065052	881	0.1	-0.1	2.96267
13065052	882	0.1	-0.1	2.34009
13065052	883	0.1	-0.1	2.41026
13065052	884	0.1	-0.1	-2.78062
13065052	885	0.1	-0.1	-0.669241
13065052	886	0.1	-0.1	-1.51257
13065052	887	0.1	-0.1	4.87054
13065052	888	0.1	-0.1	-0.855319
13065052	889	0.1	-0.1	-0.60948
13065052	890	0.1	-0.1	3.32074
13065052	891	0.1	-0.1	-5.20035
13065052	892	0.1	-0.1	0.623988
13065052	893	0.1	-0.1	1.56223
13065052	894	0.1	-0.1	-4.81485
13065052	895	0.1	-0.1	0.64343
13065052	896	0.1	-0.1	5.23926
13065052	897	0.1	-0.1	-0.394617
13065052	898	0.1	-0.1	1.13711
13065052	899	0.1	-0.1	-0.258459
13065052	900	0.1	-0.1	-2.46867
13065052	901	0.1	-0.1	4.12437
13065052	902	0.1	-0.1	3.77928
13065052	903	0.1	-0.1	1.18992
13065052	904	0.1	-0.1	-3.66736
13065052	905	0.1	-0.1	3.53656
13065052	906	0.1	-0.1	5.59787
13065052	907	0.1	-0.1	2.94931
13065052	908	0.1	-0.1	-3.29642
13065052	909	0.1	-0.1	-5.55826
13065052	910	0.1	-0.1	-3.80876
13065052	911	0.1	-0.1	2.08266
13065052	912	0.1	-0.1	0.649697
13065052	913	0.1	-0.1	5.11988
13065052	914	0.1	-0.1	2.42049
13065052	915	0.1	-0.1	4.80496
13065052	916	0.1	-0.1	2.09474
13065052	917	0.1	-0.1	5.85113
13065052	918	0.1	-0.1	2.06973
13065052	919	0.1	-0.1	-2.59521
13065052	920	0.1	-0.1	1.22091
13065052	921	0.1	-0.1	-1.44345
13065052	922	0.1	-0.1	4.82342
13065052	923	0.1	-0.1	-3.49011
13065052	924	0.1	-0.1	3.25528
13065052	925	0.1	-0.1	-1.31034
13065052	926	0.1	-0.1	1.77143
13065052	927	0.1	-0.1	-0.611136
13065052	928	0.1	-0.1	0.719462
13065052	929	0.1	-0.1	0.0471067
13065052	930	0.1	-0.1	-4.21242
13065052	931	0.1	-0.1	2.20967
13065052	932	0.1	-0.1	-2.06636
13065052	933	0.1	-0.1	-3.89437
13065052	934	0.1	-0.1	-2.53724
13065052	935	0.1	-0.1	-4.47396
13065052	936	0.1	-0.1	2.49523
13065052	937	0.1	-0.1	-3.19277
13065052	938	0.1	-0.1	4.44555
13065052	939	0.1	-0.1	-4.77152
13065052	940	0.1	-0.1	1.75159
13065052	941	0.1	-0.1	1.56362
13065052	942	0.1	-0.1	2.32421
13065052	943	0.1	-0.1	-2.1266
13065052	944	0.1	-0.1	4.62468
13065052	945	0.1	-0.1	-4.12532
13065052	946	0.1	-0.1	1.67902
13065052	947	0.1	-0.1	2.12635
13065052	948	0.1	-0.1	2.61686
13065052	949	0.1	-0.1	-1.14325
13065052	950	0.1	-0.1	2.6476
13065052	951	0.1	-0.1	2.95491
13065052	952	0.1	-0.1	-4.20363
13065052	953	0.1	-0.1	0.650634
13065052	954	0.1	-0.1	-0.351342
13065052	955	0.1	-0.1	-2.27732
13065052	956	0.1	-0.1	-4.41903
13065052	957	0.1	-0.1	-0.676212
13065052	958	0.1	-0.1	0.962021
13065052	959	0.1	-0.1	-1.40241
13065052	960	0.1	-0.1	3.83438
13065052	961	0.1	-0.1	2.04626
13065052	962	0.1	-0.1	4.46516
13065052	963	0.1	-0.1	-0.154254
13065052	964	0.1	-0.1	-4.8599
13065052	965	0.1	-0.1	2.88575
13065052	966	0.1	-0.1	1.82596
13065052	967	0.1	-0.1	-2.52679
13065052	968	0.1	-0.1	-4.53429
13065052	969	0.1	-0.1	-1.62609
13065052	970	0.1	-0.1	-0.0790362
13065052	971	0.1	-0.1	4.30318
13065052	972	0.1	-0.1	-3.32445
13065052	973	0.1	-0.1	1.18152
13065052	974	0.1	-0.1	-2.17132
13065052	975	0.1	-0.1	1.64797
13065052	976	0.1	-0.1	4.22449
13065052	977	0.1	-0.1	5.2748
13065052	978	0.1	-0.1	3.34012
13065052	979	0.1	-0.1	1.57171
13065052	980	0.1	-0.1	0.57655
13065052	981	0.1	-0.1	4.75286
13065052	982	0.1	-0.1	-1.0857
13065052	983	0.1	-0.1	1.28458
13065052	984	0.1	-0.1	-5.64891
13065052	985	0.1	-0.1	-5.03768
13065052	986	0.1	-0.1	5.25532
13065052	987	0.1	-0.1	4.51756
13065052	988	0.1	-0.1	1.77822
13065052	989	0.1	-0.1	2.06923
13065052	990	0.1	-0.1	-2.44725
13065052	991	0.1	-0.1	-2.06455
13065052	992	0.1	-0.1	-3.21495
13065052	993	0.1	-0.1	0.468558
13065052	994	0.1	-0.1	3.83373
13065052	995	0.1	-0.1	2.45492
13065052	996	0.1	-0.1	2.29553
13065052	997	0.1	-0.1	2.15733
13065052	998	0.1	-0.1	1.65596
13065052	999	0.1	-0.1	5.81015
13065052	1000	0.1	-0.1	-1.99292
