13065015	1	0.1	-0.1	5.2361
13065015	2	0.1	-0.1	-0.988973
13065015	3	0.1	-0.1	-2.2215
13065015	4	0.1	-0.1	-4.64871
13065015	5	0.1	-0.1	-1.47433
13065015	6	0.1	-0.1	-0.838687
13065015	7	0.1	-0.1	-0.136805
13065015	8	0.1	-0.1	-2.46539
13065015	9	0.1	-0.1	-2.95346
13065015	10	0.1	-0.1	-0.541251
13065015	11	0.1	-0.1	-5.09699
13065015	12	0.1	-0.1	2.79117
13065015	13	0.1	-0.1	0.119067
13065015	14	0.1	-0.1	0.548232
13065015	15	0.1	-0.1	-0.799985
13065015	16	0.1	-0.1	-2.38714
13065015	17	0.1	-0.1	4.48513
13065015	18	0.1	-0.1	-0.219902
13065015	19	0.1	-0.1	0.574256
13065015	20	0.1	-0.1	-0.528209
13065015	21	0.1	-0.1	-2.32878
13065015	22	0.1	-0.1	-2.4235
13065015	23	0.1	-0.1	-0.152419
13065015	24	0.1	-0.1	-3.99565
13065015	25	0.1	-0.1	-4.89971
13065015	26	0.1	-0.1	-3.23657
13065015	27	0.1	-0.1	3.43745
13065015	28	0.1	-0.1	0.861558
13065015	29	0.1	-0.1	1.5206
13065015	30	0.1	-0.1	-2.46314
13065015	31	0.1	-0.1	-1.09049
13065015	32	0.1	-0.1	-3.13173
13065015	33	0.1	-0.1	2.66321
13065015	34	0.1	-0.1	2.06868
13065015	35	0.1	-0.1	5.11617
13065015	36	0.1	-0.1	-0.292703
13065015	37	0.1	-0.1	5.92956
13065015	38	0.1	-0.1	-0.789368
13065015	39	0.1	-0.1	-2.92317
13065015	40	0.1	-0.1	4.35855
13065015	41	0.1	-0.1	-5.00622
13065015	42	0.1	-0.1	-2.43368
13065015	43	0.1	-0.1	0.0298118
13065015	44	0.1	-0.1	4.23495
13065015	45	0.1	-0.1	1.91766
13065015	46	0.1	-0.1	0.181272
13065015	47	0.1	-0.1	-2.645
13065015	48	0.1	-0.1	5.18096
13065015	49	0.1	-0.1	-1.14441
13065015	50	0.1	-0.1	-4.67918
13065015	51	0.1	-0.1	-3.35508
13065015	52	0.1	-0.1	-0.930509
13065015	53	0.1	-0.1	-3.18227
13065015	54	0.1	-0.1	2.42616
13065015	55	0.1	-0.1	1.27016
13065015	56	0.1	-0.1	1.19379
13065015	57	0.1	-0.1	3.33075
13065015	58	0.1	-0.1	-5.69434
13065015	59	0.1	-0.1	-3.47633
13065015	60	0.1	-0.1	5.9291
13065015	61	0.1	-0.1	5.6279
13065015	62	0.1	-0.1	-4.91904
13065015	63	0.1	-0.1	-1.85511
13065015	64	0.1	-0.1	-0.431179
13065015	65	0.1	-0.1	-5.53853
13065015	66	0.1	-0.1	4.29049
13065015	67	0.1	-0.1	5.47305
13065015	68	0.1	-0.1	5.91197
13065015	69	0.1	-0.1	-1.31026
13065015	70	0.1	-0.1	-0.74709
13065015	71	0.1	-0.1	1.56451
13065015	72	0.1	-0.1	-3.49695
13065015	73	0.1	-0.1	-4.79672
13065015	74	0.1	-0.1	5.82921
13065015	75	0.1	-0.1	5.32106
13065015	76	0.1	-0.1	-5.70324
13065015	77	0.1	-0.1	-5.19638
13065015	78	0.1	-0.1	1.17819
13065015	79	0.1	-0.1	-0.549457
13065015	80	0.1	-0.1	-4.48434
13065015	81	0.1	-0.1	-0.599454
13065015	82	0.1	-0.1	-0.239979
13065015	83	0.1	-0.1	-2.01133
13065015	84	0.1	-0.1	4.70752
13065015	85	0.1	-0.1	5.33223
13065015	86	0.1	-0.1	1.89151
13065015	87	0.1	-0.1	-1.02675
13065015	88	0.1	-0.1	1.34645
13065015	89	0.1	-0.1	-5.73594
13065015	90	0.1	-0.1	-0.0435739
13065015	91	0.1	-0.1	-2.3073
13065015	92	0.1	-0.1	4.62645
13065015	93	0.1	-0.1	0.810638
13065015	94	0.1	-0.1	3.65144
13065015	95	0.1	-0.1	0.0647706
13065015	96	0.1	-0.1	1.23188
13065015	97	0.1	-0.1	-2.64465
13065015	98	0.1	-0.1	-4.59904
13065015	99	0.1	-0.1	2.34966
13065015	100	0.1	-0.1	-0.18599
13065015	101	0.1	-0.1	5.96655
13065015	102	0.1	-0.1	-1.91003
13065015	103	0.1	-0.1	4.88878
13065015	104	0.1	-0.1	-1.16758
13065015	105	0.1	-0.1	0.291262
13065015	106	0.1	-0.1	-5.28082
13065015	107	0.1	-0.1	-0.137953
13065015	108	0.1	-0.1	5.69923
13065015	109	0.1	-0.1	0.654272
13065015	110	0.1	-0.1	4.35957
13065015	111	0.1	-0.1	5.34144
13065015	112	0.1	-0.1	-5.76356
13065015	113	0.1	-0.1	-3.43315
13065015	114	0.1	-0.1	4.94127
13065015	115	0.1	-0.1	-3.66142
13065015	116	0.1	-0.1	-1.42522
13065015	117	0.1	-0.1	5.05338
13065015	118	0.1	-0.1	-3.72897
13065015	119	0.1	-0.1	3.64572
13065015	120	0.1	-0.1	-3.97501
13065015	121	0.1	-0.1	-2.91968
13065015	122	0.1	-0.1	-2.2943
13065015	123	0.1	-0.1	5.843
13065015	124	0.1	-0.1	-5.76922
13065015	125	0.1	-0.1	2.25383
13065015	126	0.1	-0.1	1.21463
13065015	127	0.1	-0.1	-3.14361
13065015	128	0.1	-0.1	3.12161
13065015	129	0.1	-0.1	-1.94697
13065015	130	0.1	-0.1	3.60836
13065015	131	0.1	-0.1	-5.02089
13065015	132	0.1	-0.1	5.31226
13065015	133	0.1	-0.1	1.58372
13065015	134	0.1	-0.1	-1.16137
13065015	135	0.1	-0.1	2.11089
13065015	136	0.1	-0.1	4.30325
13065015	137	0.1	-0.1	2.24294
13065015	138	0.1	-0.1	3.98151
13065015	139	0.1	-0.1	-2.50223
13065015	140	0.1	-0.1	-1.12655
13065015	141	0.1	-0.1	-3.07579
13065015	142	0.1	-0.1	0.629592
13065015	143	0.1	-0.1	-0.0487561
13065015	144	0.1	-0.1	-5.58686
13065015	145	0.1	-0.1	-4.75444
13065015	146	0.1	-0.1	1.76194
13065015	147	0.1	-0.1	-1.58513
13065015	148	0.1	-0.1	0.785038
13065015	149	0.1	-0.1	0.351829
13065015	150	0.1	-0.1	-5.60796
13065015	151	0.1	-0.1	-0.398944
13065015	152	0.1	-0.1	5.02903
13065015	153	0.1	-0.1	-0.242997
13065015	154	0.1	-0.1	-3.38989
13065015	155	0.1	-0.1	-2.99501
13065015	156	0.1	-0.1	2.16121
13065015	157	0.1	-0.1	-1.5046
13065015	158	0.1	-0.1	4.69639
13065015	159	0.1	-0.1	-4.19999
13065015	160	0.1	-0.1	1.39089
13065015	161	0.1	-0.1	0.096627
13065015	162	0.1	-0.1	4.05573
13065015	163	0.1	-0.1	-4.27738
13065015	164	0.1	-0.1	2.79606
13065015	165	0.1	-0.1	-1.24541
13065015	166	0.1	-0.1	-2.55839
13065015	167	0.1	-0.1	-3.35105
13065015	168	0.1	-0.1	-0.488847
13065015	169	0.1	-0.1	4.03116
13065015	170	0.1	-0.1	0.473186
13065015	171	0.1	-0.1	-1.47912
13065015	172	0.1	-0.1	2.15865
13065015	173	0.1	-0.1	-2.04647
13065015	174	0.1	-0.1	5.58064
13065015	175	0.1	-0.1	1.62289
13065015	176	0.1	-0.1	4.13439
13065015	177	0.1	-0.1	4.28973
13065015	178	0.1	-0.1	5.84468
13065015	179	0.1	-0.1	1.13167
13065015	180	0.1	-0.1	-0.307315
13065015	181	0.1	-0.1	1.25685
13065015	182	0.1	-0.1	-1.53335
13065015	183	0.1	-0.1	-3.26551
13065015	184	0.1	-0.1	1.32854
13065015	185	0.1	-0.1	-5.05722
13065015	186	0.1	-0.1	3.75101
13065015	187	0.1	-0.1	0.299359
13065015	188	0.1	-0.1	4.04345
13065015	189	0.1	-0.1	1.12028
13065015	190	0.1	-0.1	4.27912
13065015	191	0.1	-0.1	-3.70003
13065015	192	0.1	-0.1	0.401031
13065015	193	0.1	-0.1	-2.15848
13065015	194	0.1	-0.1	-1.04564
13065015	195	0.1	-0.1	1.93372
13065015	196	0.1	-0.1	-1.0079
13065015	197	0.1	-0.1	2.89673
13065015	198	0.1	-0.1	-2.59396
13065015	199	0.1	-0.1	-5.89255
13065015	200	0.1	-0.1	-2.39138
13065015	201	0.1	-0.1	-0.728084
13065015	202	0.1	-0.1	-4.26085
13065015	203	0.1	-0.1	-0.670127
13065015	204	0.1	-0.1	-1.57884
13065015	205	0.1	-0.1	-3.26429
13065015	206	0.1	-0.1	-2.26758
13065015	207	0.1	-0.1	-0.866988
13065015	208	0.1	-0.1	-4.44451
13065015	209	0.1	-0.1	4.31467
13065015	210	0.1	-0.1	4.2656
13065015	211	0.1	-0.1	5.19725
13065015	212	0.1	-0.1	1.79266
13065015	213	0.1	-0.1	-3.38733
13065015	214	0.1	-0.1	-2.2987
13065015	215	0.1	-0.1	5.65407
13065015	216	0.1	-0.1	4.83047
13065015	217	0.1	-0.1	-3.49502
13065015	218	0.1	-0.1	0.208313
13065015	219	0.1	-0.1	1.01802
13065015	220	0.1	-0.1	-1.87908
13065015	221	0.1	-0.1	2.4496
13065015	222	0.1	-0.1	0.507886
13065015	223	0.1	-0.1	-3.91098
13065015	224	0.1	-0.1	0.961791
13065015	225	0.1	-0.1	-4.04244
13065015	226	0.1	-0.1	1.49845
13065015	227	0.1	-0.1	-4.77066
13065015	228	0.1	-0.1	1.65898
13065015	229	0.1	-0.1	-5.72087
13065015	230	0.1	-0.1	-3.03103
13065015	231	0.1	-0.1	5.03648
13065015	232	0.1	-0.1	1.28772
13065015	233	0.1	-0.1	2.13041
13065015	234	0.1	-0.1	3.37174
13065015	235	0.1	-0.1	-5.06482
13065015	236	0.1	-0.1	-5.85333
13065015	237	0.1	-0.1	-2.66965
13065015	238	0.1	-0.1	1.00643
13065015	239	0.1	-0.1	-1.5358
13065015	240	0.1	-0.1	4.21001
13065015	241	0.1	-0.1	1.25786
13065015	242	0.1	-0.1	-0.902126
13065015	243	0.1	-0.1	4.21144
13065015	244	0.1	-0.1	1.25073
13065015	245	0.1	-0.1	-1.56098
13065015	246	0.1	-0.1	-5.72095
13065015	247	0.1	-0.1	-4.17479
13065015	248	0.1	-0.1	1.20786
13065015	249	0.1	-0.1	1.31599
13065015	250	0.1	-0.1	-2.0463
13065015	251	0.1	-0.1	-3.76108
13065015	252	0.1	-0.1	-3.95392
13065015	253	0.1	-0.1	-5.17978
13065015	254	0.1	-0.1	-0.834834
13065015	255	0.1	-0.1	3.01767
13065015	256	0.1	-0.1	-1.29616
13065015	257	0.1	-0.1	-1.99479
13065015	258	0.1	-0.1	4.53278
13065015	259	0.1	-0.1	4.53731
13065015	260	0.1	-0.1	-1.90789
13065015	261	0.1	-0.1	-4.52725
13065015	262	0.1	-0.1	1.73875
13065015	263	0.1	-0.1	5.78888
13065015	264	0.1	-0.1	-0.543462
13065015	265	0.1	-0.1	-2.22664
13065015	266	0.1	-0.1	-5.47603
13065015	267	0.1	-0.1	2.70439
13065015	268	0.1	-0.1	-1.83299
13065015	269	0.1	-0.1	-3.66493
13065015	270	0.1	-0.1	0.39133
13065015	271	0.1	-0.1	-0.101517
13065015	272	0.1	-0.1	-1.29408
13065015	273	0.1	-0.1	-1.6218
13065015	274	0.1	-0.1	-4.18476
13065015	275	0.1	-0.1	1.32395
13065015	276	0.1	-0.1	-5.68263
13065015	277	0.1	-0.1	-1.87727
13065015	278	0.1	-0.1	-4.88853
13065015	279	0.1	-0.1	4.65593
13065015	280	0.1	-0.1	3.96285
13065015	281	0.1	-0.1	0.709091
13065015	282	0.1	-0.1	-3.19259
13065015	283	0.1	-0.1	-1.18606
13065015	284	0.1	-0.1	2.76977
13065015	285	0.1	-0.1	-3.59569
13065015	286	0.1	-0.1	0.516855
13065015	287	0.1	-0.1	-4.25731
13065015	288	0.1	-0.1	-2.42289
13065015	289	0.1	-0.1	4.1876
13065015	290	0.1	-0.1	1.68265
13065015	291	0.1	-0.1	-3.42976
13065015	292	0.1	-0.1	2.02284
13065015	293	0.1	-0.1	0.794659
13065015	294	0.1	-0.1	5.22203
13065015	295	0.1	-0.1	5.84414
13065015	296	0.1	-0.1	-0.527462
13065015	297	0.1	-0.1	2.83453
13065015	298	0.1	-0.1	1.25537
13065015	299	0.1	-0.1	-1.07941
13065015	300	0.1	-0.1	2.51639
13065015	301	0.1	-0.1	0.0418203
13065015	302	0.1	-0.1	1.64739
13065015	303	0.1	-0.1	-1.28721
13065015	304	0.1	-0.1	3.52506
13065015	305	0.1	-0.1	1.26369
13065015	306	0.1	-0.1	1.74829
13065015	307	0.1	-0.1	-2.02713
13065015	308	0.1	-0.1	-1.08137
13065015	309	0.1	-0.1	4.99154
13065015	310	0.1	-0.1	-1.40471
13065015	311	0.1	-0.1	0.526923
13065015	312	0.1	-0.1	0.460038
13065015	313	0.1	-0.1	0.58153
13065015	314	0.1	-0.1	4.4168
13065015	315	0.1	-0.1	1.66993
13065015	316	0.1	-0.1	-4.14534
13065015	317	0.1	-0.1	-2.27065
13065015	318	0.1	-0.1	1.35651
13065015	319	0.1	-0.1	3.40009
13065015	320	0.1	-0.1	4.59777
13065015	321	0.1	-0.1	1.99418
13065015	322	0.1	-0.1	5.65352
13065015	323	0.1	-0.1	-4.8648
13065015	324	0.1	-0.1	0.834566
13065015	325	0.1	-0.1	1.84339
13065015	326	0.1	-0.1	3.84573
13065015	327	0.1	-0.1	-2.47293
13065015	328	0.1	-0.1	-5.3507
13065015	329	0.1	-0.1	5.11926
13065015	330	0.1	-0.1	-3.77472
13065015	331	0.1	-0.1	0.891166
13065015	332	0.1	-0.1	-5.63311
13065015	333	0.1	-0.1	-2.87813
13065015	334	0.1	-0.1	1.2731
13065015	335	0.1	-0.1	0.46057
13065015	336	0.1	-0.1	5.61684
13065015	337	0.1	-0.1	5.5623
13065015	338	0.1	-0.1	0.744936
13065015	339	0.1	-0.1	-2.92502
13065015	340	0.1	-0.1	-5.53672
13065015	341	0.1	-0.1	2.64296
13065015	342	0.1	-0.1	0.785635
13065015	343	0.1	-0.1	5.28473
13065015	344	0.1	-0.1	1.08395
13065015	345	0.1	-0.1	-1.74223
13065015	346	0.1	-0.1	2.4581
13065015	347	0.1	-0.1	2.98548
13065015	348	0.1	-0.1	5.45403
13065015	349	0.1	-0.1	0.454177
13065015	350	0.1	-0.1	4.19094
13065015	351	0.1	-0.1	-0.1693
13065015	352	0.1	-0.1	3.90223
13065015	353	0.1	-0.1	-0.899272
13065015	354	0.1	-0.1	2.13988
13065015	355	0.1	-0.1	-4.88015
13065015	356	0.1	-0.1	3.46485
13065015	357	0.1	-0.1	-0.968396
13065015	358	0.1	-0.1	-2.57386
13065015	359	0.1	-0.1	0.909541
13065015	360	0.1	-0.1	-1.17107
13065015	361	0.1	-0.1	3.38763
13065015	362	0.1	-0.1	-1.75521
13065015	363	0.1	-0.1	-4.379
13065015	364	0.1	-0.1	0.250934
13065015	365	0.1	-0.1	2.14622
13065015	366	0.1	-0.1	-1.87849
13065015	367	0.1	-0.1	0.853784
13065015	368	0.1	-0.1	1.33068
13065015	369	0.1	-0.1	-4.18319
13065015	370	0.1	-0.1	-2.14741
13065015	371	0.1	-0.1	1.87737
13065015	372	0.1	-0.1	-5.67943
13065015	373	0.1	-0.1	-0.132037
13065015	374	0.1	-0.1	1.58884
13065015	375	0.1	-0.1	-0.347512
13065015	376	0.1	-0.1	-0.864922
13065015	377	0.1	-0.1	5.84435
13065015	378	0.1	-0.1	-3.28196
13065015	379	0.1	-0.1	0.644877
13065015	380	0.1	-0.1	1.05481
13065015	381	0.1	-0.1	2.24877
13065015	382	0.1	-0.1	-0.646205
13065015	383	0.1	-0.1	-0.420561
13065015	384	0.1	-0.1	1.26314
13065015	385	0.1	-0.1	0.967846
13065015	386	0.1	-0.1	-2.35695
13065015	387	0.1	-0.1	2.33589
13065015	388	0.1	-0.1	3.04783
13065015	389	0.1	-0.1	2.79759
13065015	390	0.1	-0.1	3.41866
13065015	391	0.1	-0.1	-4.57255
13065015	392	0.1	-0.1	-4.9298
13065015	393	0.1	-0.1	-5.91776
13065015	394	0.1	-0.1	1.61305
13065015	395	0.1	-0.1	2.44862
13065015	396	0.1	-0.1	1.14224
13065015	397	0.1	-0.1	-0.858868
13065015	398	0.1	-0.1	-4.97054
13065015	399	0.1	-0.1	-5.69805
13065015	400	0.1	-0.1	-5.93839
13065015	401	0.1	-0.1	-0.187241
13065015	402	0.1	-0.1	-2.83627
13065015	403	0.1	-0.1	2.20834
13065015	404	0.1	-0.1	-4.19037
13065015	405	0.1	-0.1	-3.21788
13065015	406	0.1	-0.1	5.03337
13065015	407	0.1	-0.1	-1.38642
13065015	408	0.1	-0.1	2.39528
13065015	409	0.1	-0.1	-3.53573
13065015	410	0.1	-0.1	-1.94864
13065015	411	0.1	-0.1	-4.82229
13065015	412	0.1	-0.1	-4.00548
13065015	413	0.1	-0.1	1.21437
13065015	414	0.1	-0.1	2.22832
13065015	415	0.1	-0.1	4.56989
13065015	416	0.1	-0.1	1.98842
13065015	417	0.1	-0.1	2.03459
13065015	418	0.1	-0.1	-0.289224
13065015	419	0.1	-0.1	-4.9074
13065015	420	0.1	-0.1	-0.136317
13065015	421	0.1	-0.1	-1.90268
13065015	422	0.1	-0.1	-3.66951
13065015	423	0.1	-0.1	5.21347
13065015	424	0.1	-0.1	-3.93225
13065015	425	0.1	-0.1	0.0914503
13065015	426	0.1	-0.1	5.89528
13065015	427	0.1	-0.1	-2.40896
13065015	428	0.1	-0.1	3.37185
13065015	429	0.1	-0.1	0.972947
13065015	430	0.1	-0.1	4.90166
13065015	431	0.1	-0.1	-3.42509
13065015	432	0.1	-0.1	-0.721845
13065015	433	0.1	-0.1	5.04559
13065015	434	0.1	-0.1	4.06408
13065015	435	0.1	-0.1	0.0599617
13065015	436	0.1	-0.1	0.440637
13065015	437	0.1	-0.1	0.537572
13065015	438	0.1	-0.1	-3.45672
13065015	439	0.1	-0.1	4.33714
13065015	440	0.1	-0.1	2.6286
13065015	441	0.1	-0.1	5.89474
13065015	442	0.1	-0.1	-4.46609
13065015	443	0.1	-0.1	-3.15265
13065015	444	0.1	-0.1	5.88872
13065015	445	0.1	-0.1	0.723463
13065015	446	0.1	-0.1	0.446054
13065015	447	0.1	-0.1	4.56163
13065015	448	0.1	-0.1	-2.72302
13065015	449	0.1	-0.1	-1.60146
13065015	450	0.1	-0.1	-5.80671
13065015	451	0.1	-0.1	-1.11997
13065015	452	0.1	-0.1	0.279022
13065015	453	0.1	-0.1	4.99831
13065015	454	0.1	-0.1	-1.33065
13065015	455	0.1	-0.1	1.47326
13065015	456	0.1	-0.1	-0.203963
13065015	457	0.1	-0.1	-5.99332
13065015	458	0.1	-0.1	3.62943
13065015	459	0.1	-0.1	-0.528649
13065015	460	0.1	-0.1	1.70685
13065015	461	0.1	-0.1	0.841516
13065015	462	0.1	-0.1	0.600139
13065015	463	0.1	-0.1	1.26274
13065015	464	0.1	-0.1	2.87332
13065015	465	0.1	-0.1	-2.27447
13065015	466	0.1	-0.1	1.20819
13065015	467	0.1	-0.1	0.801717
13065015	468	0.1	-0.1	1.98464
13065015	469	0.1	-0.1	5.82138
13065015	470	0.1	-0.1	-3.7023
13065015	471	0.1	-0.1	-1.19228
13065015	472	0.1	-0.1	4.80316
13065015	473	0.1	-0.1	1.18372
13065015	474	0.1	-0.1	-2.94719
13065015	475	0.1	-0.1	-5.72944
13065015	476	0.1	-0.1	2.4541
13065015	477	0.1	-0.1	-3.27571
13065015	478	0.1	-0.1	0.595438
13065015	479	0.1	-0.1	-1.37392
13065015	480	0.1	-0.1	2.58416
13065015	481	0.1	-0.1	-2.03734
13065015	482	0.1	-0.1	-3.83488
13065015	483	0.1	-0.1	-2.25642
13065015	484	0.1	-0.1	0.507708
13065015	485	0.1	-0.1	0.501952
13065015	486	0.1	-0.1	-0.106213
13065015	487	0.1	-0.1	-3.58351
13065015	488	0.1	-0.1	5.00119
13065015	489	0.1	-0.1	4.21362
13065015	490	0.1	-0.1	-5.07332
13065015	491	0.1	-0.1	2.37317
13065015	492	0.1	-0.1	-3.47406
13065015	493	0.1	-0.1	-5.32488
13065015	494	0.1	-0.1	-4.60801
13065015	495	0.1	-0.1	-3.83909
13065015	496	0.1	-0.1	-2.48452
13065015	497	0.1	-0.1	-1.49531
13065015	498	0.1	-0.1	2.51762
13065015	499	0.1	-0.1	1.72286
13065015	500	0.1	-0.1	1.31302
13065015	501	0.1	-0.1	-0.289289
13065015	502	0.1	-0.1	4.69947
13065015	503	0.1	-0.1	-2.04274
13065015	504	0.1	-0.1	3.69086
13065015	505	0.1	-0.1	3.52549
13065015	506	0.1	-0.1	2.6347
13065015	507	0.1	-0.1	3.33749
13065015	508	0.1	-0.1	3.16861
13065015	509	0.1	-0.1	-3.12948
13065015	510	0.1	-0.1	-5.43768
13065015	511	0.1	-0.1	-3.14475
13065015	512	0.1	-0.1	4.14539
13065015	513	0.1	-0.1	-3.28539
13065015	514	0.1	-0.1	2.65267
13065015	515	0.1	-0.1	4.77112
13065015	516	0.1	-0.1	-0.394856
13065015	517	0.1	-0.1	-3.64566
13065015	518	0.1	-0.1	-4.38184
13065015	519	0.1	-0.1	4.45579
13065015	520	0.1	-0.1	-4.88787
13065015	521	0.1	-0.1	4.94566
13065015	522	0.1	-0.1	-2.68565
13065015	523	0.1	-0.1	1.55084
13065015	524	0.1	-0.1	-4.52883
13065015	525	0.1	-0.1	-1.32572
13065015	526	0.1	-0.1	-1.29494
13065015	527	0.1	-0.1	-1.655
13065015	528	0.1	-0.1	3.49426
13065015	529	0.1	-0.1	4.64832
13065015	530	0.1	-0.1	2.12862
13065015	531	0.1	-0.1	-0.50637
13065015	532	0.1	-0.1	1.34916
13065015	533	0.1	-0.1	3.6558
13065015	534	0.1	-0.1	5.86696
13065015	535	0.1	-0.1	1.38722
13065015	536	0.1	-0.1	1.22141
13065015	537	0.1	-0.1	0.83132
13065015	538	0.1	-0.1	5.96393
13065015	539	0.1	-0.1	1.80315
13065015	540	0.1	-0.1	-0.188439
13065015	541	0.1	-0.1	-0.0689689
13065015	542	0.1	-0.1	-5.8508
13065015	543	0.1	-0.1	0.0332333
13065015	544	0.1	-0.1	-4.35621
13065015	545	0.1	-0.1	-1.78787
13065015	546	0.1	-0.1	2.71677
13065015	547	0.1	-0.1	-3.87681
13065015	548	0.1	-0.1	-3.94984
13065015	549	0.1	-0.1	-2.35557
13065015	550	0.1	-0.1	5.43116
13065015	551	0.1	-0.1	0.253184
13065015	552	0.1	-0.1	-5.03646
13065015	553	0.1	-0.1	-5.29408
13065015	554	0.1	-0.1	1.54084
13065015	555	0.1	-0.1	1.82046
13065015	556	0.1	-0.1	-3.48974
13065015	557	0.1	-0.1	3.95186
13065015	558	0.1	-0.1	-3.33617
13065015	559	0.1	-0.1	1.3952
13065015	560	0.1	-0.1	3.60922
13065015	561	0.1	-0.1	2.22868
13065015	562	0.1	-0.1	5.42119
13065015	563	0.1	-0.1	-5.04764
13065015	564	0.1	-0.1	4.97708
13065015	565	0.1	-0.1	-4.43693
13065015	566	0.1	-0.1	1.27525
13065015	567	0.1	-0.1	-4.74526
13065015	568	0.1	-0.1	4.17148
13065015	569	0.1	-0.1	-4.2973
13065015	570	0.1	-0.1	-5.65629
13065015	571	0.1	-0.1	3.98592
13065015	572	0.1	-0.1	2.84335
13065015	573	0.1	-0.1	5.47762
13065015	574	0.1	-0.1	-1.03132
13065015	575	0.1	-0.1	-5.1102
13065015	576	0.1	-0.1	-5.85863
13065015	577	0.1	-0.1	0.2562
13065015	578	0.1	-0.1	-4.68283
13065015	579	0.1	-0.1	-0.481634
13065015	580	0.1	-0.1	3.2858
13065015	581	0.1	-0.1	1.0728
13065015	582	0.1	-0.1	5.94339
13065015	583	0.1	-0.1	1.47271
13065015	584	0.1	-0.1	-5.14991
13065015	585	0.1	-0.1	0.154588
13065015	586	0.1	-0.1	4.17374
13065015	587	0.1	-0.1	-5.75681
13065015	588	0.1	-0.1	0.398983
13065015	589	0.1	-0.1	5.58589
13065015	590	0.1	-0.1	1.34013
13065015	591	0.1	-0.1	4.75166
13065015	592	0.1	-0.1	2.32649
13065015	593	0.1	-0.1	-3.48525
13065015	594	0.1	-0.1	-2.09965
13065015	595	0.1	-0.1	-2.28691
13065015	596	0.1	-0.1	-3.6011
13065015	597	0.1	-0.1	-4.56611
13065015	598	0.1	-0.1	2.99031
13065015	599	0.1	-0.1	-3.41415
13065015	600	0.1	-0.1	-5.70254
13065015	601	0.1	-0.1	5.32564
13065015	602	0.1	-0.1	0.194119
13065015	603	0.1	-0.1	-3.77697
13065015	604	0.1	-0.1	-3.44786
13065015	605	0.1	-0.1	3.23417
13065015	606	0.1	-0.1	-5.84224
13065015	607	0.1	-0.1	1.58224
13065015	608	0.1	-0.1	-5.39672
13065015	609	0.1	-0.1	5.45718
13065015	610	0.1	-0.1	-5.57942
13065015	611	0.1	-0.1	-4.64387
13065015	612	0.1	-0.1	-5.52305
13065015	613	0.1	-0.1	0.90982
13065015	614	0.1	-0.1	3.19591
13065015	615	0.1	-0.1	3.7817
13065015	616	0.1	-0.1	-5.92308
13065015	617	0.1	-0.1	1.73429
13065015	618	0.1	-0.1	-2.66022
13065015	619	0.1	-0.1	-1.07465
13065015	620	0.1	-0.1	3.38916
13065015	621	0.1	-0.1	5.30347
13065015	622	0.1	-0.1	-1.91369
13065015	623	0.1	-0.1	3.81043
13065015	624	0.1	-0.1	-3.0581
13065015	625	0.1	-0.1	-2.97747
13065015	626	0.1	-0.1	0.0858092
13065015	627	0.1	-0.1	-4.47606
13065015	628	0.1	-0.1	-1.99432
13065015	629	0.1	-0.1	-3.02812
13065015	630	0.1	-0.1	2.28632
13065015	631	0.1	-0.1	1.73457
13065015	632	0.1	-0.1	-3.72264
13065015	633	0.1	-0.1	-4.86642
13065015	634	0.1	-0.1	2.94638
13065015	635	0.1	-0.1	-5.69402
13065015	636	0.1	-0.1	-1.9015
13065015	637	0.1	-0.1	-5.93595
13065015	638	0.1	-0.1	2.32826
13065015	639	0.1	-0.1	-3.77252
13065015	640	0.1	-0.1	4.34474
13065015	641	0.1	-0.1	-0.319157
13065015	642	0.1	-0.1	3.11147
13065015	643	0.1	-0.1	1.24547
13065015	644	0.1	-0.1	5.28108
13065015	645	0.1	-0.1	-5.59931
13065015	646	0.1	-0.1	-3.76613
13065015	647	0.1	-0.1	-2.22795
13065015	648	0.1	-0.1	4.34276
13065015	649	0.1	-0.1	4.02262
13065015	650	0.1	-0.1	0.608845
13065015	651	0.1	-0.1	-3.67189
13065015	652	0.1	-0.1	-5.43701
13065015	653	0.1	-0.1	-2.73563
13065015	654	0.1	-0.1	-0.218549
13065015	655	0.1	-0.1	5.34467
13065015	656	0.1	-0.1	4.54838
13065015	657	0.1	-0.1	-4.26884
13065015	658	0.1	-0.1	-0.78908
13065015	659	0.1	-0.1	-4.24545
13065015	660	0.1	-0.1	-0.357907
13065015	661	0.1	-0.1	1.11287
13065015	662	0.1	-0.1	2.56333
13065015	663	0.1	-0.1	2.47958
13065015	664	0.1	-0.1	5.54135
13065015	665	0.1	-0.1	-0.45526
13065015	666	0.1	-0.1	-2.87799
13065015	667	0.1	-0.1	-1.07778
13065015	668	0.1	-0.1	-4.39933
13065015	669	0.1	-0.1	0.412724
13065015	670	0.1	-0.1	0.67796
13065015	671	0.1	-0.1	-0.107497
13065015	672	0.1	-0.1	-1.90682
13065015	673	0.1	-0.1	4.39829
13065015	674	0.1	-0.1	-4.87197
13065015	675	0.1	-0.1	1.19509
13065015	676	0.1	-0.1	1.78664
13065015	677	0.1	-0.1	2.92254
13065015	678	0.1	-0.1	-5.6341
13065015	679	0.1	-0.1	-3.09515
13065015	680	0.1	-0.1	-3.0939
13065015	681	0.1	-0.1	1.64226
13065015	682	0.1	-0.1	-0.842132
13065015	683	0.1	-0.1	0.0118827
13065015	684	0.1	-0.1	-5.32337
13065015	685	0.1	-0.1	2.25643
13065015	686	0.1	-0.1	4.87561
13065015	687	0.1	-0.1	-3.06484
13065015	688	0.1	-0.1	-4.69586
13065015	689	0.1	-0.1	-3.06217
13065015	690	0.1	-0.1	-4.35329
13065015	691	0.1	-0.1	-4.28215
13065015	692	0.1	-0.1	2.41498
13065015	693	0.1	-0.1	-0.922898
13065015	694	0.1	-0.1	3.8181
13065015	695	0.1	-0.1	-4.31039
13065015	696	0.1	-0.1	5.1004
13065015	697	0.1	-0.1	3.06952
13065015	698	0.1	-0.1	0.113812
13065015	699	0.1	-0.1	-5.76203
13065015	700	0.1	-0.1	-3.07598
13065015	701	0.1	-0.1	-5.57277
13065015	702	0.1	-0.1	-0.143238
13065015	703	0.1	-0.1	4.37329
13065015	704	0.1	-0.1	2.69725
13065015	705	0.1	-0.1	-0.550812
13065015	706	0.1	-0.1	-4.57641
13065015	707	0.1	-0.1	-3.58309
13065015	708	0.1	-0.1	-5.95099
13065015	709	0.1	-0.1	-4.30391
13065015	710	0.1	-0.1	-4.087
13065015	711	0.1	-0.1	0.189319
13065015	712	0.1	-0.1	0.549038
13065015	713	0.1	-0.1	-4.01694
13065015	714	0.1	-0.1	-0.0038214
13065015	715	0.1	-0.1	4.72719
13065015	716	0.1	-0.1	-0.5479
13065015	717	0.1	-0.1	-5.28196
13065015	718	0.1	-0.1	-5.19964
13065015	719	0.1	-0.1	-4.729
13065015	720	0.1	-0.1	-5.02075
13065015	721	0.1	-0.1	2.07355
13065015	722	0.1	-0.1	1.18982
13065015	723	0.1	-0.1	-5.3793
13065015	724	0.1	-0.1	1.17365
13065015	725	0.1	-0.1	-3.08959
13065015	726	0.1	-0.1	5.69922
13065015	727	0.1	-0.1	-1.48895
13065015	728	0.1	-0.1	5.55833
13065015	729	0.1	-0.1	5.71659
13065015	730	0.1	-0.1	-3.00987
13065015	731	0.1	-0.1	1.80024
13065015	732	0.1	-0.1	1.08798
13065015	733	0.1	-0.1	4.66682
13065015	734	0.1	-0.1	-4.11646
13065015	735	0.1	-0.1	5.2341
13065015	736	0.1	-0.1	-0.946135
13065015	737	0.1	-0.1	0.105962
13065015	738	0.1	-0.1	4.6836
13065015	739	0.1	-0.1	2.6257
13065015	740	0.1	-0.1	-2.7238
13065015	741	0.1	-0.1	3.27642
13065015	742	0.1	-0.1	3.51882
13065015	743	0.1	-0.1	5.33975
13065015	744	0.1	-0.1	3.22671
13065015	745	0.1	-0.1	-2.2591
13065015	746	0.1	-0.1	0.802749
13065015	747	0.1	-0.1	5.12592
13065015	748	0.1	-0.1	-5.13403
13065015	749	0.1	-0.1	1.50445
13065015	750	0.1	-0.1	-4.91899
13065015	751	0.1	-0.1	-1.98646
13065015	752	0.1	-0.1	2.04041
13065015	753	0.1	-0.1	1.14611
13065015	754	0.1	-0.1	0.064781
13065015	755	0.1	-0.1	-2.88336
13065015	756	0.1	-0.1	5.11637
13065015	757	0.1	-0.1	2.24759
13065015	758	0.1	-0.1	0.0630518
13065015	759	0.1	-0.1	-3.73975
13065015	760	0.1	-0.1	-5.50221
13065015	761	0.1	-0.1	-3.70537
13065015	762	0.1	-0.1	2.75793
13065015	763	0.1	-0.1	-1.09756
13065015	764	0.1	-0.1	4.78827
13065015	765	0.1	-0.1	-0.46397
13065015	766	0.1	-0.1	-5.25605
13065015	767	0.1	-0.1	0.697546
13065015	768	0.1	-0.1	-3.07279
13065015	769	0.1	-0.1	-5.63485
13065015	770	0.1	-0.1	2.40306
13065015	771	0.1	-0.1	-2.62387
13065015	772	0.1	-0.1	-0.131977
13065015	773	0.1	-0.1	-4.24023
13065015	774	0.1	-0.1	0.686441
13065015	775	0.1	-0.1	2.05938
13065015	776	0.1	-0.1	-3.55783
13065015	777	0.1	-0.1	-3.26027
13065015	778	0.1	-0.1	-4.67033
13065015	779	0.1	-0.1	0.931471
13065015	780	0.1	-0.1	-0.347201
13065015	781	0.1	-0.1	-2.47617
13065015	782	0.1	-0.1	1.65641
13065015	783	0.1	-0.1	-2.32123
13065015	784	0.1	-0.1	0.504756
13065015	785	0.1	-0.1	-0.135472
13065015	786	0.1	-0.1	5.07662
13065015	787	0.1	-0.1	4.71429
13065015	788	0.1	-0.1	-5.93404
13065015	789	0.1	-0.1	-3.75617
13065015	790	0.1	-0.1	5.13431
13065015	791	0.1	-0.1	-5.95699
13065015	792	0.1	-0.1	0.935487
13065015	793	0.1	-0.1	-4.66256
13065015	794	0.1	-0.1	-3.80163
13065015	795	0.1	-0.1	0.883182
13065015	796	0.1	-0.1	1.41493
13065015	797	0.1	-0.1	-1.61324
13065015	798	0.1	-0.1	3.26054
13065015	799	0.1	-0.1	-0.65823
13065015	800	0.1	-0.1	-4.51505
13065015	801	0.1	-0.1	-5.78853
13065015	802	0.1	-0.1	5.36237
13065015	803	0.1	-0.1	-2.09469
13065015	804	0.1	-0.1	2.38511
13065015	805	0.1	-0.1	-1.49893
13065015	806	0.1	-0.1	-4.6157
13065015	807	0.1	-0.1	4.41368
13065015	808	0.1	-0.1	1.43768
13065015	809	0.1	-0.1	-3.37955
13065015	810	0.1	-0.1	-4.25438
13065015	811	0.1	-0.1	-0.620754
13065015	812	0.1	-0.1	3.78749
13065015	813	0.1	-0.1	-0.594667
13065015	814	0.1	-0.1	-3.77627
13065015	815	0.1	-0.1	4.64622
13065015	816	0.1	-0.1	2.77383
13065015	817	0.1	-0.1	0.726385
13065015	818	0.1	-0.1	1.92877
13065015	819	0.1	-0.1	-0.430179
13065015	820	0.1	-0.1	3.82894
13065015	821	0.1	-0.1	0.628513
13065015	822	0.1	-0.1	-5.50102
13065015	823	0.1	-0.1	-0.560077
13065015	824	0.1	-0.1	-5.82243
13065015	825	0.1	-0.1	-5.3791
13065015	826	0.1	-0.1	2.05727
13065015	827	0.1	-0.1	3.4495
13065015	828	0.1	-0.1	3.2291
13065015	829	0.1	-0.1	-3.19291
13065015	830	0.1	-0.1	4.07779
13065015	831	0.1	-0.1	5.3942
13065015	832	0.1	-0.1	-0.517911
13065015	833	0.1	-0.1	4.95985
13065015	834	0.1	-0.1	-2.24452
13065015	835	0.1	-0.1	-0.0186008
13065015	836	0.1	-0.1	-1.64331
13065015	837	0.1	-0.1	3.90814
13065015	838	0.1	-0.1	3.07688
13065015	839	0.1	-0.1	-3.18903
13065015	840	0.1	-0.1	0.085423
13065015	841	0.1	-0.1	1.78626
13065015	842	0.1	-0.1	3.32315
13065015	843	0.1	-0.1	1.50438
13065015	844	0.1	-0.1	0.389786
13065015	845	0.1	-0.1	-2.90904
13065015	846	0.1	-0.1	-4.42564
13065015	847	0.1	-0.1	-4.57744
13065015	848	0.1	-0.1	2.548
13065015	849	0.1	-0.1	-5.58475
13065015	850	0.1	-0.1	3.33472
13065015	851	0.1	-0.1	0.820725
13065015	852	0.1	-0.1	0.784802
13065015	853	0.1	-0.1	-3.14043
13065015	854	0.1	-0.1	-4.65423
13065015	855	0.1	-0.1	0.835894
13065015	856	0.1	-0.1	-4.34106
13065015	857	0.1	-0.1	3.17327
13065015	858	0.1	-0.1	-0.658806
13065015	859	0.1	-0.1	-0.126543
13065015	860	0.1	-0.1	1.4559
13065015	861	0.1	-0.1	0.817094
13065015	862	0.1	-0.1	3.43276
13065015	863	0.1	-0.1	-4.49509
13065015	864	0.1	-0.1	-0.735644
13065015	865	0.1	-0.1	5.98858
13065015	866	0.1	-0.1	-4.75923
13065015	867	0.1	-0.1	-4.10482
13065015	868	0.1	-0.1	3.46008
13065015	869	0.1	-0.1	0.350295
13065015	870	0.1	-0.1	-3.28123
13065015	871	0.1	-0.1	-3.38023
13065015	872	0.1	-0.1	-3.30009
13065015	873	0.1	-0.1	-4.13369
13065015	874	0.1	-0.1	-4.61943
13065015	875	0.1	-0.1	-0.734142
13065015	876	0.1	-0.1	-1.13337
13065015	877	0.1	-0.1	-1.29603
13065015	878	0.1	-0.1	-1.35863
13065015	879	0.1	-0.1	-1.90461
13065015	880	0.1	-0.1	4.8459
13065015	881	0.1	-0.1	4.32921
13065015	882	0.1	-0.1	-4.3834
13065015	883	0.1	-0.1	-0.492222
13065015	884	0.1	-0.1	-0.648838
13065015	885	0.1	-0.1	5.15201
13065015	886	0.1	-0.1	-3.01986
13065015	887	0.1	-0.1	0.19575
13065015	888	0.1	-0.1	5.907
13065015	889	0.1	-0.1	1.71448
13065015	890	0.1	-0.1	-0.538747
13065015	891	0.1	-0.1	2.056
13065015	892	0.1	-0.1	5.3537
13065015	893	0.1	-0.1	-2.63345
13065015	894	0.1	-0.1	1.83672
13065015	895	0.1	-0.1	-1.71945
13065015	896	0.1	-0.1	5.94091
13065015	897	0.1	-0.1	4.4866
13065015	898	0.1	-0.1	-4.71867
13065015	899	0.1	-0.1	-4.55837
13065015	900	0.1	-0.1	3.79636
13065015	901	0.1	-0.1	2.42494
13065015	902	0.1	-0.1	-0.432011
13065015	903	0.1	-0.1	-1.36502
13065015	904	0.1	-0.1	-1.29287
13065015	905	0.1	-0.1	-4.14318
13065015	906	0.1	-0.1	2.16108
13065015	907	0.1	-0.1	-4.53176
13065015	908	0.1	-0.1	-3.72936
13065015	909	0.1	-0.1	-0.73358
13065015	910	0.1	-0.1	2.81829
13065015	911	0.1	-0.1	1.93544
13065015	912	0.1	-0.1	4.81725
13065015	913	0.1	-0.1	-2.67922
13065015	914	0.1	-0.1	1.26137
13065015	915	0.1	-0.1	-5.43504
13065015	916	0.1	-0.1	0.285246
13065015	917	0.1	-0.1	-1.32909
13065015	918	0.1	-0.1	3.31945
13065015	919	0.1	-0.1	-4.47573
13065015	920	0.1	-0.1	-1.50636
13065015	921	0.1	-0.1	-0.247326
13065015	922	0.1	-0.1	5.38937
13065015	923	0.1	-0.1	-4.72531
13065015	924	0.1	-0.1	-4.80191
13065015	925	0.1	-0.1	3.28735
13065015	926	0.1	-0.1	4.3024
13065015	927	0.1	-0.1	3.87859
13065015	928	0.1	-0.1	-4.88833
13065015	929	0.1	-0.1	-2.94326
13065015	930	0.1	-0.1	-0.499227
13065015	931	0.1	-0.1	3.53999
13065015	932	0.1	-0.1	-4.49511
13065015	933	0.1	-0.1	-1.92674
13065015	934	0.1	-0.1	1.53365
13065015	935	0.1	-0.1	-1.66495
13065015	936	0.1	-0.1	-0.310248
13065015	937	0.1	-0.1	-0.750179
13065015	938	0.1	-0.1	-2.02461
13065015	939	0.1	-0.1	-3.21635
13065015	940	0.1	-0.1	-3.80158
13065015	941	0.1	-0.1	-2.26182
13065015	942	0.1	-0.1	-4.50126
13065015	943	0.1	-0.1	-2.09906
13065015	944	0.1	-0.1	3.01698
13065015	945	0.1	-0.1	0.261605
13065015	946	0.1	-0.1	-4.08861
13065015	947	0.1	-0.1	0.559073
13065015	948	0.1	-0.1	-0.222149
13065015	949	0.1	-0.1	3.25245
13065015	950	0.1	-0.1	-0.543851
13065015	951	0.1	-0.1	1.60107
13065015	952	0.1	-0.1	-1.98702
13065015	953	0.1	-0.1	4.6426
13065015	954	0.1	-0.1	1.5652
13065015	955	0.1	-0.1	-5.91424
13065015	956	0.1	-0.1	2.24607
13065015	957	0.1	-0.1	4.99474
13065015	958	0.1	-0.1	4.47891
13065015	959	0.1	-0.1	5.59762
13065015	960	0.1	-0.1	5.82717
13065015	961	0.1	-0.1	1.29691
13065015	962	0.1	-0.1	-0.132477
13065015	963	0.1	-0.1	0.895427
13065015	964	0.1	-0.1	1.54391
13065015	965	0.1	-0.1	-1.57589
13065015	966	0.1	-0.1	-4.4722
13065015	967	0.1	-0.1	-4.29778
13065015	968	0.1	-0.1	-0.244435
13065015	969	0.1	-0.1	-5.4834
13065015	970	0.1	-0.1	1.62686
13065015	971	0.1	-0.1	5.49448
13065015	972	0.1	-0.1	-0.218252
13065015	973	0.1	-0.1	3.87787
13065015	974	0.1	-0.1	1.2807
13065015	975	0.1	-0.1	-0.24659
13065015	976	0.1	-0.1	-3.22222
13065015	977	0.1	-0.1	-1.47179
13065015	978	0.1	-0.1	4.87115
13065015	979	0.1	-0.1	0.869961
13065015	980	0.1	-0.1	-4.31198
13065015	981	0.1	-0.1	-2.51712
13065015	982	0.1	-0.1	0.759067
13065015	983	0.1	-0.1	-5.66936
13065015	984	0.1	-0.1	-0.227524
13065015	985	0.1	-0.1	-3.86474
13065015	986	0.1	-0.1	-1.67489
13065015	987	0.1	-0.1	-5.68842
13065015	988	0.1	-0.1	5.73105
13065015	989	0.1	-0.1	0.538613
13065015	990	0.1	-0.1	-0.842923
13065015	991	0.1	-0.1	0.321459
13065015	992	0.1	-0.1	5.66916
13065015	993	0.1	-0.1	-0.969462
13065015	994	0.1	-0.1	-4.41765
13065015	995	0.1	-0.1	0.124033
13065015	996	0.1	-0.1	-2.71571
13065015	997	0.1	-0.1	1.41075
13065015	998	0.1	-0.1	5.01702
13065015	999	0.1	-0.1	5.14773
13065015	1000	0.1	-0.1	-0.492638
