13062002	1	0.1	-0.1	-2.8108
13062002	2	0.1	-0.1	-4.51866
13062002	3	0.1	-0.1	3.90713
13062002	4	0.1	-0.1	-5.78479
13062002	5	0.1	-0.1	3.76948
13062002	6	0.1	-0.1	-4.42823
13062002	7	0.1	-0.1	-4.59489
13062002	8	0.1	-0.1	2.04624
13062002	9	0.1	-0.1	-4.0655
13062002	10	0.1	-0.1	-5.0743
13062002	11	0.1	-0.1	-4.08596
13062002	12	0.1	-0.1	5.56163
13062002	13	0.1	-0.1	1.08002
13062002	14	0.1	-0.1	4.22688
13062002	15	0.1	-0.1	-5.18042
13062002	16	0.1	-0.1	-2.63669
13062002	17	0.1	-0.1	1.46439
13062002	18	0.1	-0.1	-0.41316
13062002	19	0.1	-0.1	-0.293483
13062002	20	0.1	-0.1	-4.69734
13062002	21	0.1	-0.1	4.60335
13062002	22	0.1	-0.1	0.169518
13062002	23	0.1	-0.1	3.44162
13062002	24	0.1	-0.1	0.859935
13062002	25	0.1	-0.1	-5.42548
13062002	26	0.1	-0.1	-0.164789
13062002	27	0.1	-0.1	-4.61446
13062002	28	0.1	-0.1	3.86157
13062002	29	0.1	-0.1	2.42478
13062002	30	0.1	-0.1	0.849124
13062002	31	0.1	-0.1	0.00820419
13062002	32	0.1	-0.1	3.8411
13062002	33	0.1	-0.1	-2.32334
13062002	34	0.1	-0.1	-3.03396
13062002	35	0.1	-0.1	0.310445
13062002	36	0.1	-0.1	-4.20036
13062002	37	0.1	-0.1	4.03124
13062002	38	0.1	-0.1	4.48391
13062002	39	0.1	-0.1	2.79692
13062002	40	0.1	-0.1	-4.07168
13062002	41	0.1	-0.1	-5.89458
13062002	42	0.1	-0.1	1.9108
13062002	43	0.1	-0.1	3.56264
13062002	44	0.1	-0.1	4.22385
13062002	45	0.1	-0.1	5.66806
13062002	46	0.1	-0.1	5.7913
13062002	47	0.1	-0.1	1.77301
13062002	48	0.1	-0.1	-1.3914
13062002	49	0.1	-0.1	3.37837
13062002	50	0.1	-0.1	-0.251502
13062002	51	0.1	-0.1	0.159094
13062002	52	0.1	-0.1	1.07203
13062002	53	0.1	-0.1	0.565951
13062002	54	0.1	-0.1	5.62739
13062002	55	0.1	-0.1	0.914123
13062002	56	0.1	-0.1	2.99615
13062002	57	0.1	-0.1	-5.19667
13062002	58	0.1	-0.1	-1.24703
13062002	59	0.1	-0.1	-1.6916
13062002	60	0.1	-0.1	-5.44862
13062002	61	0.1	-0.1	3.92312
13062002	62	0.1	-0.1	2.42221
13062002	63	0.1	-0.1	2.83226
13062002	64	0.1	-0.1	3.58583
13062002	65	0.1	-0.1	-5.22759
13062002	66	0.1	-0.1	1.69714
13062002	67	0.1	-0.1	-4.82448
13062002	68	0.1	-0.1	-3.39974
13062002	69	0.1	-0.1	5.55951
13062002	70	0.1	-0.1	0.568356
13062002	71	0.1	-0.1	2.50883
13062002	72	0.1	-0.1	2.37962
13062002	73	0.1	-0.1	-2.86224
13062002	74	0.1	-0.1	4.94
13062002	75	0.1	-0.1	3.5248
13062002	76	0.1	-0.1	-2.91497
13062002	77	0.1	-0.1	-5.05242
13062002	78	0.1	-0.1	3.76142
13062002	79	0.1	-0.1	-5.96146
13062002	80	0.1	-0.1	-1.98993
13062002	81	0.1	-0.1	-1.05432
13062002	82	0.1	-0.1	-3.79678
13062002	83	0.1	-0.1	3.66954
13062002	84	0.1	-0.1	-0.910359
13062002	85	0.1	-0.1	0.207028
13062002	86	0.1	-0.1	3.58209
13062002	87	0.1	-0.1	0.131688
13062002	88	0.1	-0.1	-0.40821
13062002	89	0.1	-0.1	-0.914964
13062002	90	0.1	-0.1	-3.20435
13062002	91	0.1	-0.1	-2.37626
13062002	92	0.1	-0.1	-1.75525
13062002	93	0.1	-0.1	3.27177
13062002	94	0.1	-0.1	-4.07973
13062002	95	0.1	-0.1	3.26211
13062002	96	0.1	-0.1	3.32751
13062002	97	0.1	-0.1	-3.95198
13062002	98	0.1	-0.1	-4.86404
13062002	99	0.1	-0.1	1.9675
13062002	100	0.1	-0.1	1.49694
13062002	101	0.1	-0.1	-3.59588
13062002	102	0.1	-0.1	1.38843
13062002	103	0.1	-0.1	5.59284
13062002	104	0.1	-0.1	5.02339
13062002	105	0.1	-0.1	-1.04321
13062002	106	0.1	-0.1	2.81078
13062002	107	0.1	-0.1	-5.84651
13062002	108	0.1	-0.1	0.91856
13062002	109	0.1	-0.1	0.550425
13062002	110	0.1	-0.1	3.18199
13062002	111	0.1	-0.1	5.27157
13062002	112	0.1	-0.1	-1.85118
13062002	113	0.1	-0.1	5.06741
13062002	114	0.1	-0.1	2.16763
13062002	115	0.1	-0.1	-4.6176
13062002	116	0.1	-0.1	-1.28308
13062002	117	0.1	-0.1	3.15825
13062002	118	0.1	-0.1	0.72348
13062002	119	0.1	-0.1	-1.05248
13062002	120	0.1	-0.1	3.1469
13062002	121	0.1	-0.1	2.39708
13062002	122	0.1	-0.1	3.70384
13062002	123	0.1	-0.1	-4.8909
13062002	124	0.1	-0.1	-3.82072
13062002	125	0.1	-0.1	-1.26565
13062002	126	0.1	-0.1	-0.410557
13062002	127	0.1	-0.1	1.93542
13062002	128	0.1	-0.1	-3.43412
13062002	129	0.1	-0.1	0.173556
13062002	130	0.1	-0.1	-3.40542
13062002	131	0.1	-0.1	1.26942
13062002	132	0.1	-0.1	0.449305
13062002	133	0.1	-0.1	5.55665
13062002	134	0.1	-0.1	-0.770581
13062002	135	0.1	-0.1	2.99504
13062002	136	0.1	-0.1	-2.07345
13062002	137	0.1	-0.1	-3.9207
13062002	138	0.1	-0.1	5.37655
13062002	139	0.1	-0.1	-1.54469
13062002	140	0.1	-0.1	-0.46581
13062002	141	0.1	-0.1	4.57909
13062002	142	0.1	-0.1	2.38324
13062002	143	0.1	-0.1	5.8409
13062002	144	0.1	-0.1	-1.39106
13062002	145	0.1	-0.1	2.18203
13062002	146	0.1	-0.1	2.86687
13062002	147	0.1	-0.1	-3.14278
13062002	148	0.1	-0.1	4.95427
13062002	149	0.1	-0.1	3.45425
13062002	150	0.1	-0.1	0.567083
13062002	151	0.1	-0.1	-4.43925
13062002	152	0.1	-0.1	-5.78391
13062002	153	0.1	-0.1	-3.49538
13062002	154	0.1	-0.1	-1.98493
13062002	155	0.1	-0.1	-5.80141
13062002	156	0.1	-0.1	5.04068
13062002	157	0.1	-0.1	-0.59873
13062002	158	0.1	-0.1	-0.0944939
13062002	159	0.1	-0.1	0.826914
13062002	160	0.1	-0.1	-2.63684
13062002	161	0.1	-0.1	5.21248
13062002	162	0.1	-0.1	2.97522
13062002	163	0.1	-0.1	-4.74273
13062002	164	0.1	-0.1	0.119922
13062002	165	0.1	-0.1	-1.29366
13062002	166	0.1	-0.1	2.22501
13062002	167	0.1	-0.1	3.80444
13062002	168	0.1	-0.1	-4.00728
13062002	169	0.1	-0.1	0.717231
13062002	170	0.1	-0.1	1.32927
13062002	171	0.1	-0.1	-2.99365
13062002	172	0.1	-0.1	5.70591
13062002	173	0.1	-0.1	-4.53698
13062002	174	0.1	-0.1	3.88109
13062002	175	0.1	-0.1	0.858828
13062002	176	0.1	-0.1	-3.94843
13062002	177	0.1	-0.1	1.68137
13062002	178	0.1	-0.1	-4.93568
13062002	179	0.1	-0.1	2.9091
13062002	180	0.1	-0.1	1.29449
13062002	181	0.1	-0.1	-5.07265
13062002	182	0.1	-0.1	-1.00946
13062002	183	0.1	-0.1	2.67262
13062002	184	0.1	-0.1	2.35619
13062002	185	0.1	-0.1	-3.27134
13062002	186	0.1	-0.1	-0.258052
13062002	187	0.1	-0.1	2.92325
13062002	188	0.1	-0.1	-5.30889
13062002	189	0.1	-0.1	-3.60147
13062002	190	0.1	-0.1	2.66467
13062002	191	0.1	-0.1	2.37045
13062002	192	0.1	-0.1	-4.11165
13062002	193	0.1	-0.1	-4.86899
13062002	194	0.1	-0.1	4.62635
13062002	195	0.1	-0.1	-0.574773
13062002	196	0.1	-0.1	-1.65131
13062002	197	0.1	-0.1	3.19238
13062002	198	0.1	-0.1	-4.965
13062002	199	0.1	-0.1	-3.06053
13062002	200	0.1	-0.1	-0.120548
13062002	201	0.1	-0.1	4.39497
13062002	202	0.1	-0.1	4.20924
13062002	203	0.1	-0.1	-3.44253
13062002	204	0.1	-0.1	-1.71936
13062002	205	0.1	-0.1	2.78721
13062002	206	0.1	-0.1	-5.65964
13062002	207	0.1	-0.1	3.54714
13062002	208	0.1	-0.1	-3.59524
13062002	209	0.1	-0.1	5.61412
13062002	210	0.1	-0.1	0.409802
13062002	211	0.1	-0.1	2.52586
13062002	212	0.1	-0.1	-1.61036
13062002	213	0.1	-0.1	0.962145
13062002	214	0.1	-0.1	-5.07185
13062002	215	0.1	-0.1	3.77934
13062002	216	0.1	-0.1	-1.85494
13062002	217	0.1	-0.1	-5.81842
13062002	218	0.1	-0.1	3.99072
13062002	219	0.1	-0.1	0.671462
13062002	220	0.1	-0.1	-0.653365
13062002	221	0.1	-0.1	4.38209
13062002	222	0.1	-0.1	-4.51432
13062002	223	0.1	-0.1	2.6591
13062002	224	0.1	-0.1	0.57886
13062002	225	0.1	-0.1	4.22551
13062002	226	0.1	-0.1	5.93962
13062002	227	0.1	-0.1	-4.09879
13062002	228	0.1	-0.1	3.71351
13062002	229	0.1	-0.1	-0.286542
13062002	230	0.1	-0.1	-2.16472
13062002	231	0.1	-0.1	-2.25755
13062002	232	0.1	-0.1	1.2967
13062002	233	0.1	-0.1	2.5774
13062002	234	0.1	-0.1	0.165353
13062002	235	0.1	-0.1	1.12569
13062002	236	0.1	-0.1	4.78406
13062002	237	0.1	-0.1	-4.51644
13062002	238	0.1	-0.1	-3.07382
13062002	239	0.1	-0.1	5.80783
13062002	240	0.1	-0.1	2.67479
13062002	241	0.1	-0.1	2.01986
13062002	242	0.1	-0.1	-1.79561
13062002	243	0.1	-0.1	0.811679
13062002	244	0.1	-0.1	-0.0678867
13062002	245	0.1	-0.1	5.27282
13062002	246	0.1	-0.1	4.21027
13062002	247	0.1	-0.1	2.11981
13062002	248	0.1	-0.1	-4.03978
13062002	249	0.1	-0.1	-5.62028
13062002	250	0.1	-0.1	-0.500821
13062002	251	0.1	-0.1	4.43353
13062002	252	0.1	-0.1	-2.39492
13062002	253	0.1	-0.1	3.50929
13062002	254	0.1	-0.1	-0.486416
13062002	255	0.1	-0.1	-3.54161
13062002	256	0.1	-0.1	5.97493
13062002	257	0.1	-0.1	0.972161
13062002	258	0.1	-0.1	-4.15648
13062002	259	0.1	-0.1	-1.99667
13062002	260	0.1	-0.1	4.98722
13062002	261	0.1	-0.1	1.62133
13062002	262	0.1	-0.1	4.16557
13062002	263	0.1	-0.1	-2.72845
13062002	264	0.1	-0.1	-1.18216
13062002	265	0.1	-0.1	1.15368
13062002	266	0.1	-0.1	3.58934
13062002	267	0.1	-0.1	-2.56993
13062002	268	0.1	-0.1	-4.73531
13062002	269	0.1	-0.1	-2.91754
13062002	270	0.1	-0.1	1.48992
13062002	271	0.1	-0.1	-2.05123
13062002	272	0.1	-0.1	5.46115
13062002	273	0.1	-0.1	-1.43341
13062002	274	0.1	-0.1	-3.23898
13062002	275	0.1	-0.1	-4.93018
13062002	276	0.1	-0.1	-1.56046
13062002	277	0.1	-0.1	-1.37341
13062002	278	0.1	-0.1	4.02805
13062002	279	0.1	-0.1	3.18248
13062002	280	0.1	-0.1	5.30555
13062002	281	0.1	-0.1	4.57709
13062002	282	0.1	-0.1	5.79195
13062002	283	0.1	-0.1	-0.647804
13062002	284	0.1	-0.1	1.54308
13062002	285	0.1	-0.1	3.03555
13062002	286	0.1	-0.1	1.85053
13062002	287	0.1	-0.1	3.99984
13062002	288	0.1	-0.1	1.12981
13062002	289	0.1	-0.1	-5.26916
13062002	290	0.1	-0.1	0.186509
13062002	291	0.1	-0.1	4.06277
13062002	292	0.1	-0.1	4.04404
13062002	293	0.1	-0.1	-3.20517
13062002	294	0.1	-0.1	0.578782
13062002	295	0.1	-0.1	-0.542035
13062002	296	0.1	-0.1	-2.40741
13062002	297	0.1	-0.1	-5.91788
13062002	298	0.1	-0.1	0.147725
13062002	299	0.1	-0.1	-2.83703
13062002	300	0.1	-0.1	1.81628
13062002	301	0.1	-0.1	5.62575
13062002	302	0.1	-0.1	2.37023
13062002	303	0.1	-0.1	5.51067
13062002	304	0.1	-0.1	5.81241
13062002	305	0.1	-0.1	4.925
13062002	306	0.1	-0.1	-4.10125
13062002	307	0.1	-0.1	4.1611
13062002	308	0.1	-0.1	5.87921
13062002	309	0.1	-0.1	-3.89486
13062002	310	0.1	-0.1	-5.35134
13062002	311	0.1	-0.1	1.99817
13062002	312	0.1	-0.1	-5.90406
13062002	313	0.1	-0.1	4.84604
13062002	314	0.1	-0.1	3.55458
13062002	315	0.1	-0.1	0.342386
13062002	316	0.1	-0.1	-5.03414
13062002	317	0.1	-0.1	0.996572
13062002	318	0.1	-0.1	-2.39884
13062002	319	0.1	-0.1	4.36713
13062002	320	0.1	-0.1	-0.261982
13062002	321	0.1	-0.1	-2.80532
13062002	322	0.1	-0.1	0.321436
13062002	323	0.1	-0.1	-3.85885
13062002	324	0.1	-0.1	4.88247
13062002	325	0.1	-0.1	-5.15381
13062002	326	0.1	-0.1	2.26668
13062002	327	0.1	-0.1	4.54124
13062002	328	0.1	-0.1	-2.95481
13062002	329	0.1	-0.1	-4.50601
13062002	330	0.1	-0.1	2.00772
13062002	331	0.1	-0.1	-3.70919
13062002	332	0.1	-0.1	3.73001
13062002	333	0.1	-0.1	4.32131
13062002	334	0.1	-0.1	-2.31528
13062002	335	0.1	-0.1	0.0273429
13062002	336	0.1	-0.1	3.9304
13062002	337	0.1	-0.1	1.18996
13062002	338	0.1	-0.1	0.12753
13062002	339	0.1	-0.1	2.69204
13062002	340	0.1	-0.1	0.866378
13062002	341	0.1	-0.1	-1.25213
13062002	342	0.1	-0.1	-3.88931
13062002	343	0.1	-0.1	-0.674109
13062002	344	0.1	-0.1	2.49181
13062002	345	0.1	-0.1	4.25723
13062002	346	0.1	-0.1	-5.22338
13062002	347	0.1	-0.1	-1.23793
13062002	348	0.1	-0.1	-5.58896
13062002	349	0.1	-0.1	1.78002
13062002	350	0.1	-0.1	3.49895
13062002	351	0.1	-0.1	4.3422
13062002	352	0.1	-0.1	-0.876256
13062002	353	0.1	-0.1	-2.80378
13062002	354	0.1	-0.1	5.67212
13062002	355	0.1	-0.1	-1.69769
13062002	356	0.1	-0.1	-0.827367
13062002	357	0.1	-0.1	-2.3803
13062002	358	0.1	-0.1	-1.98942
13062002	359	0.1	-0.1	-3.61582
13062002	360	0.1	-0.1	-2.05684
13062002	361	0.1	-0.1	5.75202
13062002	362	0.1	-0.1	0.49295
13062002	363	0.1	-0.1	1.82027
13062002	364	0.1	-0.1	-4.34539
13062002	365	0.1	-0.1	3.18567
13062002	366	0.1	-0.1	-2.89349
13062002	367	0.1	-0.1	-4.67695
13062002	368	0.1	-0.1	5.19926
13062002	369	0.1	-0.1	-2.51842
13062002	370	0.1	-0.1	4.8899
13062002	371	0.1	-0.1	1.62075
13062002	372	0.1	-0.1	5.79908
13062002	373	0.1	-0.1	0.477862
13062002	374	0.1	-0.1	-3.17662
13062002	375	0.1	-0.1	0.228676
13062002	376	0.1	-0.1	-5.08505
13062002	377	0.1	-0.1	-1.10401
13062002	378	0.1	-0.1	4.0864
13062002	379	0.1	-0.1	-1.03523
13062002	380	0.1	-0.1	-0.103302
13062002	381	0.1	-0.1	-1.92033
13062002	382	0.1	-0.1	0.663521
13062002	383	0.1	-0.1	-5.65307
13062002	384	0.1	-0.1	1.62195
13062002	385	0.1	-0.1	-2.77929
13062002	386	0.1	-0.1	5.50742
13062002	387	0.1	-0.1	-1.69698
13062002	388	0.1	-0.1	-2.12571
13062002	389	0.1	-0.1	5.56016
13062002	390	0.1	-0.1	3.92398
13062002	391	0.1	-0.1	-2.47745
13062002	392	0.1	-0.1	-1.11253
13062002	393	0.1	-0.1	-4.30451
13062002	394	0.1	-0.1	-1.57318
13062002	395	0.1	-0.1	3.57687
13062002	396	0.1	-0.1	4.27909
13062002	397	0.1	-0.1	-0.344192
13062002	398	0.1	-0.1	2.17433
13062002	399	0.1	-0.1	-1.55216
13062002	400	0.1	-0.1	-1.80679
13062002	401	0.1	-0.1	-2.85936
13062002	402	0.1	-0.1	2.49118
13062002	403	0.1	-0.1	0.199424
13062002	404	0.1	-0.1	-3.1681
13062002	405	0.1	-0.1	0.387731
13062002	406	0.1	-0.1	5.85611
13062002	407	0.1	-0.1	-5.85163
13062002	408	0.1	-0.1	-5.9173
13062002	409	0.1	-0.1	3.48721
13062002	410	0.1	-0.1	2.01681
13062002	411	0.1	-0.1	-0.495483
13062002	412	0.1	-0.1	-4.64196
13062002	413	0.1	-0.1	-4.11175
13062002	414	0.1	-0.1	-1.36367
13062002	415	0.1	-0.1	0.137967
13062002	416	0.1	-0.1	-2.53881
13062002	417	0.1	-0.1	-2.4102
13062002	418	0.1	-0.1	4.07916
13062002	419	0.1	-0.1	5.99309
13062002	420	0.1	-0.1	-2.52966
13062002	421	0.1	-0.1	-1.4232
13062002	422	0.1	-0.1	-2.31209
13062002	423	0.1	-0.1	4.52268
13062002	424	0.1	-0.1	5.77539
13062002	425	0.1	-0.1	4.1274
13062002	426	0.1	-0.1	2.77826
13062002	427	0.1	-0.1	-1.10183
13062002	428	0.1	-0.1	-3.94197
13062002	429	0.1	-0.1	-5.92605
13062002	430	0.1	-0.1	1.49636
13062002	431	0.1	-0.1	-1.26993
13062002	432	0.1	-0.1	4.15029
13062002	433	0.1	-0.1	-5.04743
13062002	434	0.1	-0.1	-5.68834
13062002	435	0.1	-0.1	3.11874
13062002	436	0.1	-0.1	0.64422
13062002	437	0.1	-0.1	-2.44542
13062002	438	0.1	-0.1	1.12336
13062002	439	0.1	-0.1	-2.12517
13062002	440	0.1	-0.1	3.21066
13062002	441	0.1	-0.1	-5.16729
13062002	442	0.1	-0.1	-4.03631
13062002	443	0.1	-0.1	-1.65366
13062002	444	0.1	-0.1	4.60543
13062002	445	0.1	-0.1	2.28602
13062002	446	0.1	-0.1	-4.54017
13062002	447	0.1	-0.1	4.54179
13062002	448	0.1	-0.1	-5.21473
13062002	449	0.1	-0.1	-0.834574
13062002	450	0.1	-0.1	0.91277
13062002	451	0.1	-0.1	1.6651
13062002	452	0.1	-0.1	2.70116
13062002	453	0.1	-0.1	-1.26256
13062002	454	0.1	-0.1	-4.51152
13062002	455	0.1	-0.1	-0.966259
13062002	456	0.1	-0.1	4.31791
13062002	457	0.1	-0.1	-5.50035
13062002	458	0.1	-0.1	1.74628
13062002	459	0.1	-0.1	5.59234
13062002	460	0.1	-0.1	1.0525
13062002	461	0.1	-0.1	3.32558
13062002	462	0.1	-0.1	-1.79403
13062002	463	0.1	-0.1	4.85787
13062002	464	0.1	-0.1	-3.48775
13062002	465	0.1	-0.1	2.52482
13062002	466	0.1	-0.1	-2.2302
13062002	467	0.1	-0.1	-5.48853
13062002	468	0.1	-0.1	-2.2552
13062002	469	0.1	-0.1	-3.32007
13062002	470	0.1	-0.1	2.54369
13062002	471	0.1	-0.1	-5.25506
13062002	472	0.1	-0.1	3.9663
13062002	473	0.1	-0.1	-2.19927
13062002	474	0.1	-0.1	4.91423
13062002	475	0.1	-0.1	-0.34845
13062002	476	0.1	-0.1	-3.54165
13062002	477	0.1	-0.1	-4.70295
13062002	478	0.1	-0.1	-5.87951
13062002	479	0.1	-0.1	-2.27287
13062002	480	0.1	-0.1	-5.70084
13062002	481	0.1	-0.1	-1.90534
13062002	482	0.1	-0.1	0.259848
13062002	483	0.1	-0.1	-3.00199
13062002	484	0.1	-0.1	5.56992
13062002	485	0.1	-0.1	-2.56979
13062002	486	0.1	-0.1	-5.57212
13062002	487	0.1	-0.1	5.66309
13062002	488	0.1	-0.1	-5.84584
13062002	489	0.1	-0.1	-0.662845
13062002	490	0.1	-0.1	-3.60322
13062002	491	0.1	-0.1	-0.713912
13062002	492	0.1	-0.1	5.7004
13062002	493	0.1	-0.1	3.90113
13062002	494	0.1	-0.1	2.43999
13062002	495	0.1	-0.1	-4.00074
13062002	496	0.1	-0.1	-0.108163
13062002	497	0.1	-0.1	-2.94049
13062002	498	0.1	-0.1	-2.34436
13062002	499	0.1	-0.1	-5.71116
13062002	500	0.1	-0.1	3.48279
13062002	501	0.1	-0.1	-3.72372
13062002	502	0.1	-0.1	3.30679
13062002	503	0.1	-0.1	-5.96595
13062002	504	0.1	-0.1	4.25815
13062002	505	0.1	-0.1	5.0083
13062002	506	0.1	-0.1	-0.820482
13062002	507	0.1	-0.1	0.212753
13062002	508	0.1	-0.1	0.152744
13062002	509	0.1	-0.1	-4.35187
13062002	510	0.1	-0.1	0.301867
13062002	511	0.1	-0.1	0.210757
13062002	512	0.1	-0.1	0.432958
13062002	513	0.1	-0.1	5.7593
13062002	514	0.1	-0.1	-3.58415
13062002	515	0.1	-0.1	3.36962
13062002	516	0.1	-0.1	2.66261
13062002	517	0.1	-0.1	-5.96721
13062002	518	0.1	-0.1	-5.50794
13062002	519	0.1	-0.1	-3.78753
13062002	520	0.1	-0.1	3.14189
13062002	521	0.1	-0.1	5.01517
13062002	522	0.1	-0.1	-1.59708
13062002	523	0.1	-0.1	-5.03079
13062002	524	0.1	-0.1	0.689013
13062002	525	0.1	-0.1	-5.57046
13062002	526	0.1	-0.1	-0.459203
13062002	527	0.1	-0.1	2.86871
13062002	528	0.1	-0.1	4.66532
13062002	529	0.1	-0.1	3.53225
13062002	530	0.1	-0.1	-2.07374
13062002	531	0.1	-0.1	-3.43184
13062002	532	0.1	-0.1	0.227423
13062002	533	0.1	-0.1	-0.776511
13062002	534	0.1	-0.1	-1.02479
13062002	535	0.1	-0.1	-3.81578
13062002	536	0.1	-0.1	5.29168
13062002	537	0.1	-0.1	2.99366
13062002	538	0.1	-0.1	3.6095
13062002	539	0.1	-0.1	0.0651788
13062002	540	0.1	-0.1	3.38779
13062002	541	0.1	-0.1	5.11477
13062002	542	0.1	-0.1	4.1095
13062002	543	0.1	-0.1	-5.63972
13062002	544	0.1	-0.1	-1.28227
13062002	545	0.1	-0.1	4.63285
13062002	546	0.1	-0.1	-2.7918
13062002	547	0.1	-0.1	3.47858
13062002	548	0.1	-0.1	2.82569
13062002	549	0.1	-0.1	-2.20941
13062002	550	0.1	-0.1	-3.63701
13062002	551	0.1	-0.1	5.71436
13062002	552	0.1	-0.1	-2.97856
13062002	553	0.1	-0.1	-2.43912
13062002	554	0.1	-0.1	2.14821
13062002	555	0.1	-0.1	2.35206
13062002	556	0.1	-0.1	2.38301
13062002	557	0.1	-0.1	-1.88791
13062002	558	0.1	-0.1	4.5474
13062002	559	0.1	-0.1	5.03391
13062002	560	0.1	-0.1	-3.11895
13062002	561	0.1	-0.1	4.02265
13062002	562	0.1	-0.1	-1.55825
13062002	563	0.1	-0.1	1.57147
13062002	564	0.1	-0.1	5.73379
13062002	565	0.1	-0.1	4.77636
13062002	566	0.1	-0.1	-4.68392
13062002	567	0.1	-0.1	4.49786
13062002	568	0.1	-0.1	-2.6108
13062002	569	0.1	-0.1	3.61538
13062002	570	0.1	-0.1	4.57045
13062002	571	0.1	-0.1	4.88085
13062002	572	0.1	-0.1	5.61742
13062002	573	0.1	-0.1	4.77166
13062002	574	0.1	-0.1	5.00543
13062002	575	0.1	-0.1	-1.67883
13062002	576	0.1	-0.1	4.25506
13062002	577	0.1	-0.1	5.85687
13062002	578	0.1	-0.1	4.35938
13062002	579	0.1	-0.1	-0.882612
13062002	580	0.1	-0.1	-0.910449
13062002	581	0.1	-0.1	-0.733945
13062002	582	0.1	-0.1	4.92655
13062002	583	0.1	-0.1	1.19666
13062002	584	0.1	-0.1	1.37663
13062002	585	0.1	-0.1	5.87585
13062002	586	0.1	-0.1	-4.21678
13062002	587	0.1	-0.1	3.11343
13062002	588	0.1	-0.1	2.06692
13062002	589	0.1	-0.1	2.33916
13062002	590	0.1	-0.1	1.66512
13062002	591	0.1	-0.1	2.9186
13062002	592	0.1	-0.1	3.43822
13062002	593	0.1	-0.1	2.32053
13062002	594	0.1	-0.1	-0.694097
13062002	595	0.1	-0.1	-0.619831
13062002	596	0.1	-0.1	1.37958
13062002	597	0.1	-0.1	-2.84084
13062002	598	0.1	-0.1	-2.698
13062002	599	0.1	-0.1	-4.42163
13062002	600	0.1	-0.1	-3.76099
13062002	601	0.1	-0.1	3.46245
13062002	602	0.1	-0.1	4.29649
13062002	603	0.1	-0.1	-3.93923
13062002	604	0.1	-0.1	3.76434
13062002	605	0.1	-0.1	-0.640338
13062002	606	0.1	-0.1	-0.438607
13062002	607	0.1	-0.1	0.0418532
13062002	608	0.1	-0.1	-1.48882
13062002	609	0.1	-0.1	-3.40806
13062002	610	0.1	-0.1	3.99929
13062002	611	0.1	-0.1	4.59999
13062002	612	0.1	-0.1	-4.78797
13062002	613	0.1	-0.1	1.26271
13062002	614	0.1	-0.1	-5.83492
13062002	615	0.1	-0.1	1.11328
13062002	616	0.1	-0.1	0.0107119
13062002	617	0.1	-0.1	4.45982
13062002	618	0.1	-0.1	-3.79004
13062002	619	0.1	-0.1	-4.49135
13062002	620	0.1	-0.1	5.70225
13062002	621	0.1	-0.1	-1.24135
13062002	622	0.1	-0.1	-5.04274
13062002	623	0.1	-0.1	-0.00689765
13062002	624	0.1	-0.1	2.38413
13062002	625	0.1	-0.1	-5.24679
13062002	626	0.1	-0.1	4.84965
13062002	627	0.1	-0.1	-3.61737
13062002	628	0.1	-0.1	-4.56988
13062002	629	0.1	-0.1	0.36457
13062002	630	0.1	-0.1	-5.48603
13062002	631	0.1	-0.1	-2.69154
13062002	632	0.1	-0.1	3.14617
13062002	633	0.1	-0.1	3.05237
13062002	634	0.1	-0.1	5.01327
13062002	635	0.1	-0.1	0.609842
13062002	636	0.1	-0.1	2.32254
13062002	637	0.1	-0.1	-4.68596
13062002	638	0.1	-0.1	4.56094
13062002	639	0.1	-0.1	0.69769
13062002	640	0.1	-0.1	3.06176
13062002	641	0.1	-0.1	2.42929
13062002	642	0.1	-0.1	2.36586
13062002	643	0.1	-0.1	-3.40238
13062002	644	0.1	-0.1	5.96882
13062002	645	0.1	-0.1	-3.95489
13062002	646	0.1	-0.1	-4.17574
13062002	647	0.1	-0.1	-1.56407
13062002	648	0.1	-0.1	-5.99371
13062002	649	0.1	-0.1	2.81063
13062002	650	0.1	-0.1	3.79308
13062002	651	0.1	-0.1	-3.23406
13062002	652	0.1	-0.1	-3.83474
13062002	653	0.1	-0.1	-4.27003
13062002	654	0.1	-0.1	5.73101
13062002	655	0.1	-0.1	3.90187
13062002	656	0.1	-0.1	4.99621
13062002	657	0.1	-0.1	-2.23373
13062002	658	0.1	-0.1	-4.25981
13062002	659	0.1	-0.1	-3.94036
13062002	660	0.1	-0.1	1.31266
13062002	661	0.1	-0.1	-4.35184
13062002	662	0.1	-0.1	2.92674
13062002	663	0.1	-0.1	4.49685
13062002	664	0.1	-0.1	1.75959
13062002	665	0.1	-0.1	-2.10041
13062002	666	0.1	-0.1	-2.55576
13062002	667	0.1	-0.1	4.41385
13062002	668	0.1	-0.1	-3.90588
13062002	669	0.1	-0.1	-5.6761
13062002	670	0.1	-0.1	-5.93569
13062002	671	0.1	-0.1	-4.80033
13062002	672	0.1	-0.1	0.515471
13062002	673	0.1	-0.1	3.74249
13062002	674	0.1	-0.1	-1.58109
13062002	675	0.1	-0.1	2.88743
13062002	676	0.1	-0.1	-1.26143
13062002	677	0.1	-0.1	5.79783
13062002	678	0.1	-0.1	-3.45158
13062002	679	0.1	-0.1	-3.46821
13062002	680	0.1	-0.1	5.38897
13062002	681	0.1	-0.1	-4.9378
13062002	682	0.1	-0.1	-0.865114
13062002	683	0.1	-0.1	5.74471
13062002	684	0.1	-0.1	1.87238
13062002	685	0.1	-0.1	-3.8545
13062002	686	0.1	-0.1	-0.625069
13062002	687	0.1	-0.1	2.60625
13062002	688	0.1	-0.1	2.63403
13062002	689	0.1	-0.1	-4.88775
13062002	690	0.1	-0.1	0.456091
13062002	691	0.1	-0.1	-1.34195
13062002	692	0.1	-0.1	3.10472
13062002	693	0.1	-0.1	2.59189
13062002	694	0.1	-0.1	-1.1633
13062002	695	0.1	-0.1	-0.445999
13062002	696	0.1	-0.1	-3.65192
13062002	697	0.1	-0.1	-4.12744
13062002	698	0.1	-0.1	4.76501
13062002	699	0.1	-0.1	-4.20384
13062002	700	0.1	-0.1	-0.228431
13062002	701	0.1	-0.1	2.17585
13062002	702	0.1	-0.1	-0.214208
13062002	703	0.1	-0.1	1.50148
13062002	704	0.1	-0.1	-5.76674
13062002	705	0.1	-0.1	5.80527
13062002	706	0.1	-0.1	1.73098
13062002	707	0.1	-0.1	-2.52912
13062002	708	0.1	-0.1	-3.59439
13062002	709	0.1	-0.1	5.64937
13062002	710	0.1	-0.1	4.87006
13062002	711	0.1	-0.1	4.24068
13062002	712	0.1	-0.1	-5.49054
13062002	713	0.1	-0.1	0.84961
13062002	714	0.1	-0.1	0.844394
13062002	715	0.1	-0.1	-4.53873
13062002	716	0.1	-0.1	5.34789
13062002	717	0.1	-0.1	-2.42416
13062002	718	0.1	-0.1	-0.357916
13062002	719	0.1	-0.1	0.585591
13062002	720	0.1	-0.1	4.93613
13062002	721	0.1	-0.1	1.34934
13062002	722	0.1	-0.1	0.872308
13062002	723	0.1	-0.1	1.76767
13062002	724	0.1	-0.1	-2.16943
13062002	725	0.1	-0.1	4.80344
13062002	726	0.1	-0.1	5.16924
13062002	727	0.1	-0.1	5.23282
13062002	728	0.1	-0.1	-3.34852
13062002	729	0.1	-0.1	0.131306
13062002	730	0.1	-0.1	0.912316
13062002	731	0.1	-0.1	-5.94903
13062002	732	0.1	-0.1	-3.106
13062002	733	0.1	-0.1	1.45922
13062002	734	0.1	-0.1	-1.69586
13062002	735	0.1	-0.1	-2.55408
13062002	736	0.1	-0.1	1.46591
13062002	737	0.1	-0.1	-1.82591
13062002	738	0.1	-0.1	3.16548
13062002	739	0.1	-0.1	-5.4472
13062002	740	0.1	-0.1	-4.88599
13062002	741	0.1	-0.1	-3.87551
13062002	742	0.1	-0.1	5.55674
13062002	743	0.1	-0.1	3.8124
13062002	744	0.1	-0.1	4.82336
13062002	745	0.1	-0.1	-3.27676
13062002	746	0.1	-0.1	-3.75538
13062002	747	0.1	-0.1	-1.51728
13062002	748	0.1	-0.1	0.451183
13062002	749	0.1	-0.1	-2.56764
13062002	750	0.1	-0.1	-5.96182
13062002	751	0.1	-0.1	0.919994
13062002	752	0.1	-0.1	0.925363
13062002	753	0.1	-0.1	-5.8144
13062002	754	0.1	-0.1	3.78825
13062002	755	0.1	-0.1	-0.302396
13062002	756	0.1	-0.1	-0.915508
13062002	757	0.1	-0.1	2.16849
13062002	758	0.1	-0.1	-1.91096
13062002	759	0.1	-0.1	-2.23857
13062002	760	0.1	-0.1	-5.57986
13062002	761	0.1	-0.1	-5.66558
13062002	762	0.1	-0.1	4.15839
13062002	763	0.1	-0.1	3.26417
13062002	764	0.1	-0.1	-0.82502
13062002	765	0.1	-0.1	-3.70547
13062002	766	0.1	-0.1	2.51485
13062002	767	0.1	-0.1	-1.80774
13062002	768	0.1	-0.1	5.59241
13062002	769	0.1	-0.1	-4.06926
13062002	770	0.1	-0.1	-1.62762
13062002	771	0.1	-0.1	-0.951844
13062002	772	0.1	-0.1	2.56737
13062002	773	0.1	-0.1	-1.23809
13062002	774	0.1	-0.1	1.08442
13062002	775	0.1	-0.1	-1.65658
13062002	776	0.1	-0.1	1.22726
13062002	777	0.1	-0.1	3.90582
13062002	778	0.1	-0.1	0.200417
13062002	779	0.1	-0.1	-2.49041
13062002	780	0.1	-0.1	5.38992
13062002	781	0.1	-0.1	-5.58291
13062002	782	0.1	-0.1	0.336127
13062002	783	0.1	-0.1	-4.0565
13062002	784	0.1	-0.1	-0.00681386
13062002	785	0.1	-0.1	-5.97331
13062002	786	0.1	-0.1	1.55681
13062002	787	0.1	-0.1	4.34607
13062002	788	0.1	-0.1	-1.4581
13062002	789	0.1	-0.1	-2.57327
13062002	790	0.1	-0.1	0.0691856
13062002	791	0.1	-0.1	4.4567
13062002	792	0.1	-0.1	3.98038
13062002	793	0.1	-0.1	-5.23335
13062002	794	0.1	-0.1	5.19665
13062002	795	0.1	-0.1	-0.846063
13062002	796	0.1	-0.1	3.83997
13062002	797	0.1	-0.1	5.50763
13062002	798	0.1	-0.1	-1.61487
13062002	799	0.1	-0.1	1.62068
13062002	800	0.1	-0.1	1.04777
13062002	801	0.1	-0.1	-3.25991
13062002	802	0.1	-0.1	-1.43345
13062002	803	0.1	-0.1	-3.10228
13062002	804	0.1	-0.1	3.57045
13062002	805	0.1	-0.1	-3.61022
13062002	806	0.1	-0.1	-5.36846
13062002	807	0.1	-0.1	-4.89118
13062002	808	0.1	-0.1	0.165669
13062002	809	0.1	-0.1	-3.7616
13062002	810	0.1	-0.1	-2.66409
13062002	811	0.1	-0.1	-2.31662
13062002	812	0.1	-0.1	5.32303
13062002	813	0.1	-0.1	2.46556
13062002	814	0.1	-0.1	4.47932
13062002	815	0.1	-0.1	-2.10962
13062002	816	0.1	-0.1	-1.64594
13062002	817	0.1	-0.1	-0.417165
13062002	818	0.1	-0.1	-1.82619
13062002	819	0.1	-0.1	-4.23741
13062002	820	0.1	-0.1	2.73654
13062002	821	0.1	-0.1	-2.45752
13062002	822	0.1	-0.1	0.203187
13062002	823	0.1	-0.1	-2.41601
13062002	824	0.1	-0.1	-1.03426
13062002	825	0.1	-0.1	0.990551
13062002	826	0.1	-0.1	-3.55183
13062002	827	0.1	-0.1	-1.67851
13062002	828	0.1	-0.1	2.13157
13062002	829	0.1	-0.1	5.35807
13062002	830	0.1	-0.1	-2.2909
13062002	831	0.1	-0.1	0.830929
13062002	832	0.1	-0.1	2.05847
13062002	833	0.1	-0.1	-3.25807
13062002	834	0.1	-0.1	-2.76245
13062002	835	0.1	-0.1	-4.00994
13062002	836	0.1	-0.1	-4.04275
13062002	837	0.1	-0.1	3.8681
13062002	838	0.1	-0.1	0.251997
13062002	839	0.1	-0.1	2.61264
13062002	840	0.1	-0.1	-0.590838
13062002	841	0.1	-0.1	1.32059
13062002	842	0.1	-0.1	-3.70342
13062002	843	0.1	-0.1	1.07777
13062002	844	0.1	-0.1	0.0247169
13062002	845	0.1	-0.1	-5.91818
13062002	846	0.1	-0.1	0.430451
13062002	847	0.1	-0.1	-4.70687
13062002	848	0.1	-0.1	-4.91703
13062002	849	0.1	-0.1	1.33506
13062002	850	0.1	-0.1	-3.96958
13062002	851	0.1	-0.1	-0.620526
13062002	852	0.1	-0.1	1.30516
13062002	853	0.1	-0.1	-2.24726
13062002	854	0.1	-0.1	-2.27051
13062002	855	0.1	-0.1	1.50564
13062002	856	0.1	-0.1	0.357647
13062002	857	0.1	-0.1	-2.96954
13062002	858	0.1	-0.1	-3.30202
13062002	859	0.1	-0.1	0.721077
13062002	860	0.1	-0.1	-5.05515
13062002	861	0.1	-0.1	-4.24733
13062002	862	0.1	-0.1	4.546
13062002	863	0.1	-0.1	-1.05756
13062002	864	0.1	-0.1	-3.30376
13062002	865	0.1	-0.1	-3.54255
13062002	866	0.1	-0.1	3.08561
13062002	867	0.1	-0.1	3.40139
13062002	868	0.1	-0.1	5.41666
13062002	869	0.1	-0.1	2.89807
13062002	870	0.1	-0.1	0.517413
13062002	871	0.1	-0.1	5.16057
13062002	872	0.1	-0.1	-4.75891
13062002	873	0.1	-0.1	1.22726
13062002	874	0.1	-0.1	3.20592
13062002	875	0.1	-0.1	1.04104
13062002	876	0.1	-0.1	2.41199
13062002	877	0.1	-0.1	-4.91741
13062002	878	0.1	-0.1	-3.33991
13062002	879	0.1	-0.1	-0.921414
13062002	880	0.1	-0.1	4.58704
13062002	881	0.1	-0.1	-0.31233
13062002	882	0.1	-0.1	5.13392
13062002	883	0.1	-0.1	2.80459
13062002	884	0.1	-0.1	4.4275
13062002	885	0.1	-0.1	-5.53753
13062002	886	0.1	-0.1	0.078045
13062002	887	0.1	-0.1	1.09424
13062002	888	0.1	-0.1	-5.8079
13062002	889	0.1	-0.1	5.07834
13062002	890	0.1	-0.1	5.48072
13062002	891	0.1	-0.1	-2.86044
13062002	892	0.1	-0.1	4.45761
13062002	893	0.1	-0.1	5.5072
13062002	894	0.1	-0.1	-1.16261
13062002	895	0.1	-0.1	-1.39823
13062002	896	0.1	-0.1	-3.16167
13062002	897	0.1	-0.1	-5.45335
13062002	898	0.1	-0.1	0.817113
13062002	899	0.1	-0.1	-0.843679
13062002	900	0.1	-0.1	-4.55646
13062002	901	0.1	-0.1	5.93407
13062002	902	0.1	-0.1	1.87742
13062002	903	0.1	-0.1	0.655305
13062002	904	0.1	-0.1	0.451138
13062002	905	0.1	-0.1	-2.56267
13062002	906	0.1	-0.1	0.118637
13062002	907	0.1	-0.1	-3.75003
13062002	908	0.1	-0.1	-0.507737
13062002	909	0.1	-0.1	-5.01998
13062002	910	0.1	-0.1	3.52786
13062002	911	0.1	-0.1	-2.35668
13062002	912	0.1	-0.1	1.87479
13062002	913	0.1	-0.1	1.58919
13062002	914	0.1	-0.1	-5.11842
13062002	915	0.1	-0.1	2.5132
13062002	916	0.1	-0.1	-4.3048
13062002	917	0.1	-0.1	1.91857
13062002	918	0.1	-0.1	-2.68454
13062002	919	0.1	-0.1	-1.36171
13062002	920	0.1	-0.1	-3.18999
13062002	921	0.1	-0.1	-4.16517
13062002	922	0.1	-0.1	0.65901
13062002	923	0.1	-0.1	3.35785
13062002	924	0.1	-0.1	-1.30655
13062002	925	0.1	-0.1	-5.86005
13062002	926	0.1	-0.1	3.96131
13062002	927	0.1	-0.1	-0.159804
13062002	928	0.1	-0.1	5.56198
13062002	929	0.1	-0.1	3.48498
13062002	930	0.1	-0.1	1.544
13062002	931	0.1	-0.1	2.90266
13062002	932	0.1	-0.1	-4.24617
13062002	933	0.1	-0.1	3.71115
13062002	934	0.1	-0.1	0.433914
13062002	935	0.1	-0.1	0.470745
13062002	936	0.1	-0.1	5.56861
13062002	937	0.1	-0.1	-5.63418
13062002	938	0.1	-0.1	-4.4766
13062002	939	0.1	-0.1	1.42697
13062002	940	0.1	-0.1	5.23933
13062002	941	0.1	-0.1	-1.91403
13062002	942	0.1	-0.1	-5.80424
13062002	943	0.1	-0.1	4.16466
13062002	944	0.1	-0.1	4.46953
13062002	945	0.1	-0.1	-2.88231
13062002	946	0.1	-0.1	-5.40565
13062002	947	0.1	-0.1	-2.97379
13062002	948	0.1	-0.1	3.32127
13062002	949	0.1	-0.1	-5.57832
13062002	950	0.1	-0.1	2.91956
13062002	951	0.1	-0.1	-0.00827036
13062002	952	0.1	-0.1	5.87652
13062002	953	0.1	-0.1	-1.75078
13062002	954	0.1	-0.1	-5.90549
13062002	955	0.1	-0.1	-4.69485
13062002	956	0.1	-0.1	-1.47883
13062002	957	0.1	-0.1	1.69324
13062002	958	0.1	-0.1	1.23208
13062002	959	0.1	-0.1	4.41773
13062002	960	0.1	-0.1	-2.8846
13062002	961	0.1	-0.1	-0.421385
13062002	962	0.1	-0.1	4.546
13062002	963	0.1	-0.1	-5.91558
13062002	964	0.1	-0.1	4.46323
13062002	965	0.1	-0.1	-3.79724
13062002	966	0.1	-0.1	-5.86903
13062002	967	0.1	-0.1	1.89349
13062002	968	0.1	-0.1	-0.250503
13062002	969	0.1	-0.1	0.0245345
13062002	970	0.1	-0.1	-1.5594
13062002	971	0.1	-0.1	-1.99149
13062002	972	0.1	-0.1	3.23406
13062002	973	0.1	-0.1	2.15049
13062002	974	0.1	-0.1	0.929127
13062002	975	0.1	-0.1	3.1884
13062002	976	0.1	-0.1	-3.04519
13062002	977	0.1	-0.1	5.03151
13062002	978	0.1	-0.1	-1.7219
13062002	979	0.1	-0.1	3.95339
13062002	980	0.1	-0.1	0.344401
13062002	981	0.1	-0.1	1.46441
13062002	982	0.1	-0.1	5.76919
13062002	983	0.1	-0.1	5.31932
13062002	984	0.1	-0.1	5.32192
13062002	985	0.1	-0.1	-5.42455
13062002	986	0.1	-0.1	-3.09365
13062002	987	0.1	-0.1	-2.83731
13062002	988	0.1	-0.1	5.08721
13062002	989	0.1	-0.1	2.83752
13062002	990	0.1	-0.1	2.33937
13062002	991	0.1	-0.1	2.1185
13062002	992	0.1	-0.1	3.09852
13062002	993	0.1	-0.1	-2.78358
13062002	994	0.1	-0.1	4.84772
13062002	995	0.1	-0.1	-2.738
13062002	996	0.1	-0.1	-1.42398
13062002	997	0.1	-0.1	-5.59249
13062002	998	0.1	-0.1	1.93551
13062002	999	0.1	-0.1	5.62508
13062002	1000	0.1	-0.1	5.51107
