13069008	1	0.1	-0.1	-5.97094
13069008	2	0.1	-0.1	2.63462
13069008	3	0.1	-0.1	5.0196
13069008	4	0.1	-0.1	0.829605
13069008	5	0.1	-0.1	1.38369
13069008	6	0.1	-0.1	2.47628
13069008	7	0.1	-0.1	2.26683
13069008	8	0.1	-0.1	4.22252
13069008	9	0.1	-0.1	-3.09101
13069008	10	0.1	-0.1	-1.92155
13069008	11	0.1	-0.1	-0.823951
13069008	12	0.1	-0.1	1.58404
13069008	13	0.1	-0.1	5.53024
13069008	14	0.1	-0.1	-3.15112
13069008	15	0.1	-0.1	-2.32566
13069008	16	0.1	-0.1	5.459
13069008	17	0.1	-0.1	-5.69268
13069008	18	0.1	-0.1	1.518
13069008	19	0.1	-0.1	-1.71297
13069008	20	0.1	-0.1	0.925778
13069008	21	0.1	-0.1	1.37083
13069008	22	0.1	-0.1	-3.09219
13069008	23	0.1	-0.1	2.98225
13069008	24	0.1	-0.1	0.0397649
13069008	25	0.1	-0.1	0.471246
13069008	26	0.1	-0.1	0.756577
13069008	27	0.1	-0.1	5.16189
13069008	28	0.1	-0.1	0.942529
13069008	29	0.1	-0.1	3.9537
13069008	30	0.1	-0.1	5.41077
13069008	31	0.1	-0.1	-2.12575
13069008	32	0.1	-0.1	4.32238
13069008	33	0.1	-0.1	-4.82801
13069008	34	0.1	-0.1	0.470534
13069008	35	0.1	-0.1	2.6833
13069008	36	0.1	-0.1	0.00564277
13069008	37	0.1	-0.1	3.58394
13069008	38	0.1	-0.1	-4.87077
13069008	39	0.1	-0.1	-2.23718
13069008	40	0.1	-0.1	-2.32084
13069008	41	0.1	-0.1	4.42455
13069008	42	0.1	-0.1	-5.48554
13069008	43	0.1	-0.1	-2.88817
13069008	44	0.1	-0.1	0.899566
13069008	45	0.1	-0.1	2.91065
13069008	46	0.1	-0.1	1.70166
13069008	47	0.1	-0.1	0.542317
13069008	48	0.1	-0.1	5.09801
13069008	49	0.1	-0.1	-4.13212
13069008	50	0.1	-0.1	-1.70427
13069008	51	0.1	-0.1	3.1092
13069008	52	0.1	-0.1	-4.94841
13069008	53	0.1	-0.1	-4.24424
13069008	54	0.1	-0.1	4.27497
13069008	55	0.1	-0.1	-4.78389
13069008	56	0.1	-0.1	1.61959
13069008	57	0.1	-0.1	1.8968
13069008	58	0.1	-0.1	-5.34208
13069008	59	0.1	-0.1	4.12807
13069008	60	0.1	-0.1	3.52482
13069008	61	0.1	-0.1	-2.65102
13069008	62	0.1	-0.1	4.83689
13069008	63	0.1	-0.1	1.25935
13069008	64	0.1	-0.1	-5.61783
13069008	65	0.1	-0.1	-2.75852
13069008	66	0.1	-0.1	-1.44562
13069008	67	0.1	-0.1	0.704628
13069008	68	0.1	-0.1	-4.18509
13069008	69	0.1	-0.1	5.76726
13069008	70	0.1	-0.1	-1.98177
13069008	71	0.1	-0.1	-3.64317
13069008	72	0.1	-0.1	-2.47975
13069008	73	0.1	-0.1	-5.94042
13069008	74	0.1	-0.1	0.181224
13069008	75	0.1	-0.1	-5.57838
13069008	76	0.1	-0.1	-1.3562
13069008	77	0.1	-0.1	4.31081
13069008	78	0.1	-0.1	-0.757772
13069008	79	0.1	-0.1	-0.749344
13069008	80	0.1	-0.1	-3.50669
13069008	81	0.1	-0.1	-1.90217
13069008	82	0.1	-0.1	-5.52472
13069008	83	0.1	-0.1	-3.52639
13069008	84	0.1	-0.1	1.293
13069008	85	0.1	-0.1	4.16676
13069008	86	0.1	-0.1	-4.35911
13069008	87	0.1	-0.1	2.04782
13069008	88	0.1	-0.1	2.99295
13069008	89	0.1	-0.1	-0.130535
13069008	90	0.1	-0.1	1.16588
13069008	91	0.1	-0.1	4.12225
13069008	92	0.1	-0.1	-1.78411
13069008	93	0.1	-0.1	-5.23713
13069008	94	0.1	-0.1	5.61761
13069008	95	0.1	-0.1	-5.19574
13069008	96	0.1	-0.1	-2.96514
13069008	97	0.1	-0.1	-5.55936
13069008	98	0.1	-0.1	-0.108356
13069008	99	0.1	-0.1	0.707718
13069008	100	0.1	-0.1	-0.670669
13069008	101	0.1	-0.1	-0.442071
13069008	102	0.1	-0.1	-4.21165
13069008	103	0.1	-0.1	-1.27474
13069008	104	0.1	-0.1	0.594645
13069008	105	0.1	-0.1	-5.75096
13069008	106	0.1	-0.1	0.639651
13069008	107	0.1	-0.1	3.9322
13069008	108	0.1	-0.1	3.33226
13069008	109	0.1	-0.1	-2.05929
13069008	110	0.1	-0.1	-0.339004
13069008	111	0.1	-0.1	-2.88137
13069008	112	0.1	-0.1	-4.27018
13069008	113	0.1	-0.1	-0.168746
13069008	114	0.1	-0.1	-0.138103
13069008	115	0.1	-0.1	-0.924783
13069008	116	0.1	-0.1	3.50606
13069008	117	0.1	-0.1	-2.81478
13069008	118	0.1	-0.1	5.30722
13069008	119	0.1	-0.1	3.11433
13069008	120	0.1	-0.1	5.66642
13069008	121	0.1	-0.1	5.29282
13069008	122	0.1	-0.1	-2.25332
13069008	123	0.1	-0.1	-2.57613
13069008	124	0.1	-0.1	2.07647
13069008	125	0.1	-0.1	-1.72193
13069008	126	0.1	-0.1	-5.381
13069008	127	0.1	-0.1	-4.65593
13069008	128	0.1	-0.1	2.30478
13069008	129	0.1	-0.1	-5.76042
13069008	130	0.1	-0.1	4.81692
13069008	131	0.1	-0.1	2.52718
13069008	132	0.1	-0.1	1.10331
13069008	133	0.1	-0.1	0.00478818
13069008	134	0.1	-0.1	0.160048
13069008	135	0.1	-0.1	-1.53115
13069008	136	0.1	-0.1	0.354836
13069008	137	0.1	-0.1	-3.8373
13069008	138	0.1	-0.1	-4.72017
13069008	139	0.1	-0.1	-0.706928
13069008	140	0.1	-0.1	-2.27662
13069008	141	0.1	-0.1	-4.32415
13069008	142	0.1	-0.1	0.255533
13069008	143	0.1	-0.1	0.312576
13069008	144	0.1	-0.1	-3.34853
13069008	145	0.1	-0.1	-1.99111
13069008	146	0.1	-0.1	-0.358416
13069008	147	0.1	-0.1	2.57956
13069008	148	0.1	-0.1	-5.38
13069008	149	0.1	-0.1	4.1666
13069008	150	0.1	-0.1	3.40057
13069008	151	0.1	-0.1	-4.44879
13069008	152	0.1	-0.1	2.6263
13069008	153	0.1	-0.1	3.55014
13069008	154	0.1	-0.1	-3.96935
13069008	155	0.1	-0.1	1.79562
13069008	156	0.1	-0.1	1.25845
13069008	157	0.1	-0.1	-1.11302
13069008	158	0.1	-0.1	1.01354
13069008	159	0.1	-0.1	2.87406
13069008	160	0.1	-0.1	-4.0532
13069008	161	0.1	-0.1	-3.0306
13069008	162	0.1	-0.1	-0.202661
13069008	163	0.1	-0.1	-0.81762
13069008	164	0.1	-0.1	3.25805
13069008	165	0.1	-0.1	-3.96204
13069008	166	0.1	-0.1	-5.12649
13069008	167	0.1	-0.1	0.130264
13069008	168	0.1	-0.1	1.44338
13069008	169	0.1	-0.1	-4.2571
13069008	170	0.1	-0.1	1.26572
13069008	171	0.1	-0.1	0.899433
13069008	172	0.1	-0.1	2.39824
13069008	173	0.1	-0.1	2.43597
13069008	174	0.1	-0.1	-4.19305
13069008	175	0.1	-0.1	-1.86568
13069008	176	0.1	-0.1	2.37241
13069008	177	0.1	-0.1	4.9287
13069008	178	0.1	-0.1	5.06718
13069008	179	0.1	-0.1	5.69292
13069008	180	0.1	-0.1	-3.72491
13069008	181	0.1	-0.1	3.77811
13069008	182	0.1	-0.1	2.59784
13069008	183	0.1	-0.1	-5.33232
13069008	184	0.1	-0.1	-5.86005
13069008	185	0.1	-0.1	2.53176
13069008	186	0.1	-0.1	1.64384
13069008	187	0.1	-0.1	2.98242
13069008	188	0.1	-0.1	0.934904
13069008	189	0.1	-0.1	-4.02728
13069008	190	0.1	-0.1	3.52003
13069008	191	0.1	-0.1	-3.13523
13069008	192	0.1	-0.1	-5.18983
13069008	193	0.1	-0.1	2.71367
13069008	194	0.1	-0.1	0.613347
13069008	195	0.1	-0.1	4.73013
13069008	196	0.1	-0.1	-1.05169
13069008	197	0.1	-0.1	-5.63269
13069008	198	0.1	-0.1	0.878442
13069008	199	0.1	-0.1	-4.73318
13069008	200	0.1	-0.1	5.64291
13069008	201	0.1	-0.1	-2.33819
13069008	202	0.1	-0.1	0.789417
13069008	203	0.1	-0.1	-2.08492
13069008	204	0.1	-0.1	-0.0577747
13069008	205	0.1	-0.1	0.417355
13069008	206	0.1	-0.1	-2.94192
13069008	207	0.1	-0.1	1.99725
13069008	208	0.1	-0.1	4.45488
13069008	209	0.1	-0.1	4.03749
13069008	210	0.1	-0.1	3.7898
13069008	211	0.1	-0.1	-0.0206582
13069008	212	0.1	-0.1	-4.18756
13069008	213	0.1	-0.1	1.25461
13069008	214	0.1	-0.1	4.16149
13069008	215	0.1	-0.1	5.24808
13069008	216	0.1	-0.1	2.15865
13069008	217	0.1	-0.1	-0.600575
13069008	218	0.1	-0.1	2.88488
13069008	219	0.1	-0.1	5.32466
13069008	220	0.1	-0.1	5.17564
13069008	221	0.1	-0.1	-2.97322
13069008	222	0.1	-0.1	-0.618707
13069008	223	0.1	-0.1	1.16988
13069008	224	0.1	-0.1	-2.95973
13069008	225	0.1	-0.1	1.02431
13069008	226	0.1	-0.1	5.69056
13069008	227	0.1	-0.1	3.85323
13069008	228	0.1	-0.1	2.20143
13069008	229	0.1	-0.1	-0.38933
13069008	230	0.1	-0.1	-5.89376
13069008	231	0.1	-0.1	-3.10003
13069008	232	0.1	-0.1	4.77317
13069008	233	0.1	-0.1	4.95463
13069008	234	0.1	-0.1	-1.43828
13069008	235	0.1	-0.1	-4.24294
13069008	236	0.1	-0.1	-2.09719
13069008	237	0.1	-0.1	-3.30662
13069008	238	0.1	-0.1	5.80562
13069008	239	0.1	-0.1	4.6737
13069008	240	0.1	-0.1	-0.643656
13069008	241	0.1	-0.1	-4.21807
13069008	242	0.1	-0.1	4.42911
13069008	243	0.1	-0.1	3.57335
13069008	244	0.1	-0.1	-4.72076
13069008	245	0.1	-0.1	1.27458
13069008	246	0.1	-0.1	-3.28517
13069008	247	0.1	-0.1	3.42449
13069008	248	0.1	-0.1	-1.40924
13069008	249	0.1	-0.1	-4.35894
13069008	250	0.1	-0.1	-3.38862
13069008	251	0.1	-0.1	-4.42682
13069008	252	0.1	-0.1	0.840933
13069008	253	0.1	-0.1	2.8163
13069008	254	0.1	-0.1	-4.38305
13069008	255	0.1	-0.1	-3.49753
13069008	256	0.1	-0.1	4.96532
13069008	257	0.1	-0.1	5.38177
13069008	258	0.1	-0.1	-2.72842
13069008	259	0.1	-0.1	4.67687
13069008	260	0.1	-0.1	4.19228
13069008	261	0.1	-0.1	0.666747
13069008	262	0.1	-0.1	-3.75041
13069008	263	0.1	-0.1	1.69612
13069008	264	0.1	-0.1	-4.72243
13069008	265	0.1	-0.1	5.28614
13069008	266	0.1	-0.1	-2.21125
13069008	267	0.1	-0.1	5.98454
13069008	268	0.1	-0.1	1.63273
13069008	269	0.1	-0.1	5.09737
13069008	270	0.1	-0.1	-3.12599
13069008	271	0.1	-0.1	-4.55347
13069008	272	0.1	-0.1	3.75789
13069008	273	0.1	-0.1	1.38259
13069008	274	0.1	-0.1	3.57983
13069008	275	0.1	-0.1	-2.18227
13069008	276	0.1	-0.1	-5.45879
13069008	277	0.1	-0.1	0.544832
13069008	278	0.1	-0.1	-1.68741
13069008	279	0.1	-0.1	-3.33776
13069008	280	0.1	-0.1	4.78505
13069008	281	0.1	-0.1	4.58382
13069008	282	0.1	-0.1	-5.38376
13069008	283	0.1	-0.1	-3.2004
13069008	284	0.1	-0.1	5.70544
13069008	285	0.1	-0.1	-3.25032
13069008	286	0.1	-0.1	3.3286
13069008	287	0.1	-0.1	-0.166625
13069008	288	0.1	-0.1	3.63989
13069008	289	0.1	-0.1	-0.464586
13069008	290	0.1	-0.1	0.78664
13069008	291	0.1	-0.1	-5.0474
13069008	292	0.1	-0.1	1.70238
13069008	293	0.1	-0.1	4.08858
13069008	294	0.1	-0.1	-4.5187
13069008	295	0.1	-0.1	5.58614
13069008	296	0.1	-0.1	-3.65329
13069008	297	0.1	-0.1	-4.79868
13069008	298	0.1	-0.1	-1.12684
13069008	299	0.1	-0.1	4.54329
13069008	300	0.1	-0.1	0.432324
13069008	301	0.1	-0.1	-2.50921
13069008	302	0.1	-0.1	-5.83606
13069008	303	0.1	-0.1	-1.04868
13069008	304	0.1	-0.1	1.1738
13069008	305	0.1	-0.1	1.94427
13069008	306	0.1	-0.1	-4.05334
13069008	307	0.1	-0.1	0.632289
13069008	308	0.1	-0.1	-5.43807
13069008	309	0.1	-0.1	0.800845
13069008	310	0.1	-0.1	-3.75968
13069008	311	0.1	-0.1	5.42954
13069008	312	0.1	-0.1	-4.4415
13069008	313	0.1	-0.1	0.546005
13069008	314	0.1	-0.1	3.16945
13069008	315	0.1	-0.1	1.56869
13069008	316	0.1	-0.1	1.97153
13069008	317	0.1	-0.1	-4.33344
13069008	318	0.1	-0.1	1.3395
13069008	319	0.1	-0.1	-1.33003
13069008	320	0.1	-0.1	5.46901
13069008	321	0.1	-0.1	-0.89055
13069008	322	0.1	-0.1	5.09832
13069008	323	0.1	-0.1	0.61234
13069008	324	0.1	-0.1	5.13364
13069008	325	0.1	-0.1	-3.5345
13069008	326	0.1	-0.1	-4.63461
13069008	327	0.1	-0.1	1.47853
13069008	328	0.1	-0.1	5.31277
13069008	329	0.1	-0.1	-4.72134
13069008	330	0.1	-0.1	2.26159
13069008	331	0.1	-0.1	2.44566
13069008	332	0.1	-0.1	2.80602
13069008	333	0.1	-0.1	-5.24938
13069008	334	0.1	-0.1	2.60475
13069008	335	0.1	-0.1	1.68042
13069008	336	0.1	-0.1	2.63442
13069008	337	0.1	-0.1	-3.84911
13069008	338	0.1	-0.1	-0.624529
13069008	339	0.1	-0.1	-1.34506
13069008	340	0.1	-0.1	-3.20307
13069008	341	0.1	-0.1	-0.457344
13069008	342	0.1	-0.1	0.584351
13069008	343	0.1	-0.1	2.78131
13069008	344	0.1	-0.1	-5.71422
13069008	345	0.1	-0.1	-2.71735
13069008	346	0.1	-0.1	3.234
13069008	347	0.1	-0.1	-3.23067
13069008	348	0.1	-0.1	1.31447
13069008	349	0.1	-0.1	2.56265
13069008	350	0.1	-0.1	-0.113898
13069008	351	0.1	-0.1	-5.87416
13069008	352	0.1	-0.1	-5.90163
13069008	353	0.1	-0.1	4.19707
13069008	354	0.1	-0.1	2.18064
13069008	355	0.1	-0.1	3.29147
13069008	356	0.1	-0.1	-5.93969
13069008	357	0.1	-0.1	-5.22151
13069008	358	0.1	-0.1	-4.39272
13069008	359	0.1	-0.1	3.57785
13069008	360	0.1	-0.1	-5.30385
13069008	361	0.1	-0.1	-5.46068
13069008	362	0.1	-0.1	3.95648
13069008	363	0.1	-0.1	-2.42908
13069008	364	0.1	-0.1	5.57978
13069008	365	0.1	-0.1	-3.66796
13069008	366	0.1	-0.1	-1.8919
13069008	367	0.1	-0.1	-5.58848
13069008	368	0.1	-0.1	4.55704
13069008	369	0.1	-0.1	-1.22198
13069008	370	0.1	-0.1	5.77923
13069008	371	0.1	-0.1	-2.41364
13069008	372	0.1	-0.1	-2.82823
13069008	373	0.1	-0.1	0.765885
13069008	374	0.1	-0.1	-5.37299
13069008	375	0.1	-0.1	1.48564
13069008	376	0.1	-0.1	-0.532291
13069008	377	0.1	-0.1	-5.71197
13069008	378	0.1	-0.1	-5.27187
13069008	379	0.1	-0.1	3.19595
13069008	380	0.1	-0.1	1.60278
13069008	381	0.1	-0.1	4.32952
13069008	382	0.1	-0.1	-3.08009
13069008	383	0.1	-0.1	-3.19718
13069008	384	0.1	-0.1	0.369726
13069008	385	0.1	-0.1	3.36046
13069008	386	0.1	-0.1	5.64972
13069008	387	0.1	-0.1	4.95209
13069008	388	0.1	-0.1	1.23551
13069008	389	0.1	-0.1	0.143693
13069008	390	0.1	-0.1	0.1739
13069008	391	0.1	-0.1	0.743076
13069008	392	0.1	-0.1	-0.423215
13069008	393	0.1	-0.1	-5.85971
13069008	394	0.1	-0.1	3.55308
13069008	395	0.1	-0.1	3.95369
13069008	396	0.1	-0.1	3.67073
13069008	397	0.1	-0.1	-2.51738
13069008	398	0.1	-0.1	5.78649
13069008	399	0.1	-0.1	4.36328
13069008	400	0.1	-0.1	-0.546094
13069008	401	0.1	-0.1	0.118263
13069008	402	0.1	-0.1	0.537596
13069008	403	0.1	-0.1	3.23218
13069008	404	0.1	-0.1	2.64915
13069008	405	0.1	-0.1	-4.09637
13069008	406	0.1	-0.1	-5.71163
13069008	407	0.1	-0.1	4.26205
13069008	408	0.1	-0.1	3.64357
13069008	409	0.1	-0.1	-3.4692
13069008	410	0.1	-0.1	-4.94625
13069008	411	0.1	-0.1	5.13632
13069008	412	0.1	-0.1	0.409488
13069008	413	0.1	-0.1	3.10936
13069008	414	0.1	-0.1	-2.93129
13069008	415	0.1	-0.1	5.45961
13069008	416	0.1	-0.1	1.01479
13069008	417	0.1	-0.1	-1.64197
13069008	418	0.1	-0.1	-4.46358
13069008	419	0.1	-0.1	3.35806
13069008	420	0.1	-0.1	-1.77953
13069008	421	0.1	-0.1	-3.10837
13069008	422	0.1	-0.1	-4.5005
13069008	423	0.1	-0.1	-4.79309
13069008	424	0.1	-0.1	-0.695259
13069008	425	0.1	-0.1	5.34401
13069008	426	0.1	-0.1	5.95273
13069008	427	0.1	-0.1	-2.11545
13069008	428	0.1	-0.1	-5.40733
13069008	429	0.1	-0.1	4.83226
13069008	430	0.1	-0.1	3.29085
13069008	431	0.1	-0.1	0.845215
13069008	432	0.1	-0.1	-2.69448
13069008	433	0.1	-0.1	-3.39699
13069008	434	0.1	-0.1	-3.21828
13069008	435	0.1	-0.1	5.13101
13069008	436	0.1	-0.1	1.95777
13069008	437	0.1	-0.1	-0.854902
13069008	438	0.1	-0.1	4.03762
13069008	439	0.1	-0.1	5.59619
13069008	440	0.1	-0.1	-0.264377
13069008	441	0.1	-0.1	-0.14902
13069008	442	0.1	-0.1	4.91363
13069008	443	0.1	-0.1	-4.16276
13069008	444	0.1	-0.1	-0.00244131
13069008	445	0.1	-0.1	4.72382
13069008	446	0.1	-0.1	-0.0771714
13069008	447	0.1	-0.1	-1.54339
13069008	448	0.1	-0.1	-1.38065
13069008	449	0.1	-0.1	5.67673
13069008	450	0.1	-0.1	-5.41938
13069008	451	0.1	-0.1	1.77856
13069008	452	0.1	-0.1	-4.18173
13069008	453	0.1	-0.1	2.84527
13069008	454	0.1	-0.1	-3.21638
13069008	455	0.1	-0.1	-1.98382
13069008	456	0.1	-0.1	-1.17789
13069008	457	0.1	-0.1	-3.06595
13069008	458	0.1	-0.1	4.07403
13069008	459	0.1	-0.1	-3.67781
13069008	460	0.1	-0.1	-2.05296
13069008	461	0.1	-0.1	-3.87129
13069008	462	0.1	-0.1	3.49505
13069008	463	0.1	-0.1	-5.9361
13069008	464	0.1	-0.1	-4.41812
13069008	465	0.1	-0.1	-3.73595
13069008	466	0.1	-0.1	-0.369963
13069008	467	0.1	-0.1	-5.09779
13069008	468	0.1	-0.1	5.29296
13069008	469	0.1	-0.1	-0.840237
13069008	470	0.1	-0.1	1.6794
13069008	471	0.1	-0.1	-0.920466
13069008	472	0.1	-0.1	4.23423
13069008	473	0.1	-0.1	-0.293575
13069008	474	0.1	-0.1	1.31747
13069008	475	0.1	-0.1	-3.00507
13069008	476	0.1	-0.1	1.87706
13069008	477	0.1	-0.1	0.54297
13069008	478	0.1	-0.1	5.03727
13069008	479	0.1	-0.1	-0.606914
13069008	480	0.1	-0.1	-5.02567
13069008	481	0.1	-0.1	0.760832
13069008	482	0.1	-0.1	-1.63519
13069008	483	0.1	-0.1	-3.07593
13069008	484	0.1	-0.1	-5.60584
13069008	485	0.1	-0.1	2.72355
13069008	486	0.1	-0.1	3.08855
13069008	487	0.1	-0.1	-3.65074
13069008	488	0.1	-0.1	4.35251
13069008	489	0.1	-0.1	1.00884
13069008	490	0.1	-0.1	-2.02534
13069008	491	0.1	-0.1	-5.2293
13069008	492	0.1	-0.1	-4.917
13069008	493	0.1	-0.1	3.62282
13069008	494	0.1	-0.1	3.10785
13069008	495	0.1	-0.1	-0.262295
13069008	496	0.1	-0.1	-0.106819
13069008	497	0.1	-0.1	-5.42543
13069008	498	0.1	-0.1	1.08985
13069008	499	0.1	-0.1	1.12537
13069008	500	0.1	-0.1	2.42921
13069008	501	0.1	-0.1	0.177518
13069008	502	0.1	-0.1	2.40692
13069008	503	0.1	-0.1	-0.532943
13069008	504	0.1	-0.1	-1.59741
13069008	505	0.1	-0.1	-3.3774
13069008	506	0.1	-0.1	-3.82911
13069008	507	0.1	-0.1	-5.36051
13069008	508	0.1	-0.1	-4.77576
13069008	509	0.1	-0.1	3.52051
13069008	510	0.1	-0.1	-3.91873
13069008	511	0.1	-0.1	-0.0770459
13069008	512	0.1	-0.1	-5.51705
13069008	513	0.1	-0.1	2.53762
13069008	514	0.1	-0.1	-1.46968
13069008	515	0.1	-0.1	-1.31124
13069008	516	0.1	-0.1	-1.80258
13069008	517	0.1	-0.1	-0.271512
13069008	518	0.1	-0.1	1.15797
13069008	519	0.1	-0.1	-4.16738
13069008	520	0.1	-0.1	2.81509
13069008	521	0.1	-0.1	-4.48479
13069008	522	0.1	-0.1	-3.34014
13069008	523	0.1	-0.1	0.946058
13069008	524	0.1	-0.1	-2.3491
13069008	525	0.1	-0.1	4.24294
13069008	526	0.1	-0.1	2.33895
13069008	527	0.1	-0.1	-2.07058
13069008	528	0.1	-0.1	-1.41144
13069008	529	0.1	-0.1	-2.15912
13069008	530	0.1	-0.1	-5.39888
13069008	531	0.1	-0.1	1.73451
13069008	532	0.1	-0.1	5.59001
13069008	533	0.1	-0.1	-2.23546
13069008	534	0.1	-0.1	4.76701
13069008	535	0.1	-0.1	-2.1127
13069008	536	0.1	-0.1	5.9288
13069008	537	0.1	-0.1	4.96945
13069008	538	0.1	-0.1	3.78692
13069008	539	0.1	-0.1	1.1816
13069008	540	0.1	-0.1	-0.798643
13069008	541	0.1	-0.1	-2.93359
13069008	542	0.1	-0.1	-1.88041
13069008	543	0.1	-0.1	4.40891
13069008	544	0.1	-0.1	3.67211
13069008	545	0.1	-0.1	1.59291
13069008	546	0.1	-0.1	5.48169
13069008	547	0.1	-0.1	4.86355
13069008	548	0.1	-0.1	4.48123
13069008	549	0.1	-0.1	-4.98997
13069008	550	0.1	-0.1	2.90406
13069008	551	0.1	-0.1	-2.81526
13069008	552	0.1	-0.1	0.639975
13069008	553	0.1	-0.1	-0.32124
13069008	554	0.1	-0.1	3.59094
13069008	555	0.1	-0.1	-1.01211
13069008	556	0.1	-0.1	-2.69138
13069008	557	0.1	-0.1	-2.4541
13069008	558	0.1	-0.1	3.64316
13069008	559	0.1	-0.1	-5.16943
13069008	560	0.1	-0.1	-4.51607
13069008	561	0.1	-0.1	-0.555313
13069008	562	0.1	-0.1	-5.95683
13069008	563	0.1	-0.1	-2.50705
13069008	564	0.1	-0.1	-5.53264
13069008	565	0.1	-0.1	2.94726
13069008	566	0.1	-0.1	4.23042
13069008	567	0.1	-0.1	3.94677
13069008	568	0.1	-0.1	4.41695
13069008	569	0.1	-0.1	0.309329
13069008	570	0.1	-0.1	1.64688
13069008	571	0.1	-0.1	3.57273
13069008	572	0.1	-0.1	-3.93581
13069008	573	0.1	-0.1	0.240106
13069008	574	0.1	-0.1	-1.20126
13069008	575	0.1	-0.1	-5.14106
13069008	576	0.1	-0.1	-2.45306
13069008	577	0.1	-0.1	-0.918832
13069008	578	0.1	-0.1	3.44442
13069008	579	0.1	-0.1	-0.331383
13069008	580	0.1	-0.1	4.86813
13069008	581	0.1	-0.1	-1.20371
13069008	582	0.1	-0.1	3.78068
13069008	583	0.1	-0.1	-5.52202
13069008	584	0.1	-0.1	4.35433
13069008	585	0.1	-0.1	0.405883
13069008	586	0.1	-0.1	-0.686731
13069008	587	0.1	-0.1	-2.87635
13069008	588	0.1	-0.1	-4.77766
13069008	589	0.1	-0.1	3.36933
13069008	590	0.1	-0.1	-3.15084
13069008	591	0.1	-0.1	-5.53948
13069008	592	0.1	-0.1	0.426187
13069008	593	0.1	-0.1	-1.16308
13069008	594	0.1	-0.1	-4.92865
13069008	595	0.1	-0.1	-1.92815
13069008	596	0.1	-0.1	-3.61838
13069008	597	0.1	-0.1	-1.49041
13069008	598	0.1	-0.1	1.10882
13069008	599	0.1	-0.1	-2.48229
13069008	600	0.1	-0.1	0.782381
13069008	601	0.1	-0.1	-2.89799
13069008	602	0.1	-0.1	4.6611
13069008	603	0.1	-0.1	1.27649
13069008	604	0.1	-0.1	1.84535
13069008	605	0.1	-0.1	-2.51399
13069008	606	0.1	-0.1	1.99074
13069008	607	0.1	-0.1	0.64828
13069008	608	0.1	-0.1	-1.74366
13069008	609	0.1	-0.1	4.51024
13069008	610	0.1	-0.1	5.01087
13069008	611	0.1	-0.1	5.70503
13069008	612	0.1	-0.1	-2.81751
13069008	613	0.1	-0.1	-4.55644
13069008	614	0.1	-0.1	-1.50635
13069008	615	0.1	-0.1	-4.84426
13069008	616	0.1	-0.1	3.8572
13069008	617	0.1	-0.1	4.85799
13069008	618	0.1	-0.1	1.68908
13069008	619	0.1	-0.1	3.72285
13069008	620	0.1	-0.1	-0.426545
13069008	621	0.1	-0.1	3.92023
13069008	622	0.1	-0.1	0.672814
13069008	623	0.1	-0.1	1.73921
13069008	624	0.1	-0.1	1.72868
13069008	625	0.1	-0.1	-1.72654
13069008	626	0.1	-0.1	4.47912
13069008	627	0.1	-0.1	-0.00707839
13069008	628	0.1	-0.1	3.68832
13069008	629	0.1	-0.1	-2.01907
13069008	630	0.1	-0.1	2.89933
13069008	631	0.1	-0.1	4.07331
13069008	632	0.1	-0.1	-1.54169
13069008	633	0.1	-0.1	3.32728
13069008	634	0.1	-0.1	1.01317
13069008	635	0.1	-0.1	-5.38036
13069008	636	0.1	-0.1	0.260147
13069008	637	0.1	-0.1	1.83589
13069008	638	0.1	-0.1	3.81564
13069008	639	0.1	-0.1	5.85038
13069008	640	0.1	-0.1	4.51255
13069008	641	0.1	-0.1	3.04164
13069008	642	0.1	-0.1	-5.44453
13069008	643	0.1	-0.1	2.79906
13069008	644	0.1	-0.1	3.88365
13069008	645	0.1	-0.1	4.36438
13069008	646	0.1	-0.1	-1.14337
13069008	647	0.1	-0.1	-4.35066
13069008	648	0.1	-0.1	2.00295
13069008	649	0.1	-0.1	5.02879
13069008	650	0.1	-0.1	-3.86193
13069008	651	0.1	-0.1	5.89956
13069008	652	0.1	-0.1	-1.40053
13069008	653	0.1	-0.1	-0.819251
13069008	654	0.1	-0.1	0.861692
13069008	655	0.1	-0.1	4.43156
13069008	656	0.1	-0.1	-3.93306
13069008	657	0.1	-0.1	-1.18921
13069008	658	0.1	-0.1	-1.83025
13069008	659	0.1	-0.1	3.31447
13069008	660	0.1	-0.1	2.97733
13069008	661	0.1	-0.1	-2.3746
13069008	662	0.1	-0.1	1.54742
13069008	663	0.1	-0.1	-0.42226
13069008	664	0.1	-0.1	3.97656
13069008	665	0.1	-0.1	1.64711
13069008	666	0.1	-0.1	5.85291
13069008	667	0.1	-0.1	-0.289799
13069008	668	0.1	-0.1	3.49109
13069008	669	0.1	-0.1	-2.46596
13069008	670	0.1	-0.1	2.32179
13069008	671	0.1	-0.1	4.88883
13069008	672	0.1	-0.1	1.35738
13069008	673	0.1	-0.1	-2.82302
13069008	674	0.1	-0.1	4.13348
13069008	675	0.1	-0.1	3.47372
13069008	676	0.1	-0.1	-4.45994
13069008	677	0.1	-0.1	5.54779
13069008	678	0.1	-0.1	-3.0733
13069008	679	0.1	-0.1	5.01947
13069008	680	0.1	-0.1	-0.0124963
13069008	681	0.1	-0.1	-2.29402
13069008	682	0.1	-0.1	-4.06669
13069008	683	0.1	-0.1	4.80748
13069008	684	0.1	-0.1	-0.804972
13069008	685	0.1	-0.1	1.68426
13069008	686	0.1	-0.1	1.68034
13069008	687	0.1	-0.1	4.75754
13069008	688	0.1	-0.1	5.18445
13069008	689	0.1	-0.1	-3.53096
13069008	690	0.1	-0.1	3.78328
13069008	691	0.1	-0.1	2.19753
13069008	692	0.1	-0.1	-0.370755
13069008	693	0.1	-0.1	3.66858
13069008	694	0.1	-0.1	-1.59906
13069008	695	0.1	-0.1	0.854035
13069008	696	0.1	-0.1	-3.44135
13069008	697	0.1	-0.1	5.76428
13069008	698	0.1	-0.1	-5.07348
13069008	699	0.1	-0.1	-3.79145
13069008	700	0.1	-0.1	5.17532
13069008	701	0.1	-0.1	2.33237
13069008	702	0.1	-0.1	4.0117
13069008	703	0.1	-0.1	-4.72696
13069008	704	0.1	-0.1	4.44525
13069008	705	0.1	-0.1	-2.41915
13069008	706	0.1	-0.1	3.23521
13069008	707	0.1	-0.1	-3.12271
13069008	708	0.1	-0.1	2.24756
13069008	709	0.1	-0.1	-1.51864
13069008	710	0.1	-0.1	-4.84565
13069008	711	0.1	-0.1	1.05675
13069008	712	0.1	-0.1	-5.52896
13069008	713	0.1	-0.1	-5.37888
13069008	714	0.1	-0.1	3.14557
13069008	715	0.1	-0.1	3.86745
13069008	716	0.1	-0.1	2.06467
13069008	717	0.1	-0.1	-0.526936
13069008	718	0.1	-0.1	-3.35726
13069008	719	0.1	-0.1	4.81909
13069008	720	0.1	-0.1	2.84303
13069008	721	0.1	-0.1	5.94616
13069008	722	0.1	-0.1	3.0646
13069008	723	0.1	-0.1	-3.41319
13069008	724	0.1	-0.1	-0.618042
13069008	725	0.1	-0.1	3.83008
13069008	726	0.1	-0.1	2.91056
13069008	727	0.1	-0.1	4.18124
13069008	728	0.1	-0.1	2.66044
13069008	729	0.1	-0.1	2.46835
13069008	730	0.1	-0.1	-4.93508
13069008	731	0.1	-0.1	1.29271
13069008	732	0.1	-0.1	1.50052
13069008	733	0.1	-0.1	5.8306
13069008	734	0.1	-0.1	-1.72103
13069008	735	0.1	-0.1	-1.44183
13069008	736	0.1	-0.1	4.09191
13069008	737	0.1	-0.1	3.27017
13069008	738	0.1	-0.1	2.03465
13069008	739	0.1	-0.1	-4.44272
13069008	740	0.1	-0.1	-4.44408
13069008	741	0.1	-0.1	-5.7863
13069008	742	0.1	-0.1	3.067
13069008	743	0.1	-0.1	3.74514
13069008	744	0.1	-0.1	0.205412
13069008	745	0.1	-0.1	2.7742
13069008	746	0.1	-0.1	-2.86244
13069008	747	0.1	-0.1	-2.93531
13069008	748	0.1	-0.1	2.31805
13069008	749	0.1	-0.1	-2.12645
13069008	750	0.1	-0.1	-2.92507
13069008	751	0.1	-0.1	3.69147
13069008	752	0.1	-0.1	5.01505
13069008	753	0.1	-0.1	5.93745
13069008	754	0.1	-0.1	0.0223627
13069008	755	0.1	-0.1	-4.97687
13069008	756	0.1	-0.1	-4.17194
13069008	757	0.1	-0.1	4.41144
13069008	758	0.1	-0.1	2.59167
13069008	759	0.1	-0.1	4.02343
13069008	760	0.1	-0.1	-1.9643
13069008	761	0.1	-0.1	-2.13635
13069008	762	0.1	-0.1	-5.89889
13069008	763	0.1	-0.1	-5.71155
13069008	764	0.1	-0.1	-2.20376
13069008	765	0.1	-0.1	2.67153
13069008	766	0.1	-0.1	-3.08013
13069008	767	0.1	-0.1	4.76939
13069008	768	0.1	-0.1	-1.86758
13069008	769	0.1	-0.1	0.264218
13069008	770	0.1	-0.1	-3.9859
13069008	771	0.1	-0.1	2.4102
13069008	772	0.1	-0.1	-1.36596
13069008	773	0.1	-0.1	-3.29309
13069008	774	0.1	-0.1	0.354635
13069008	775	0.1	-0.1	-5.80844
13069008	776	0.1	-0.1	-4.71381
13069008	777	0.1	-0.1	3.15304
13069008	778	0.1	-0.1	-3.60594
13069008	779	0.1	-0.1	2.25746
13069008	780	0.1	-0.1	1.09574
13069008	781	0.1	-0.1	3.92923
13069008	782	0.1	-0.1	2.39488
13069008	783	0.1	-0.1	-5.97074
13069008	784	0.1	-0.1	5.61472
13069008	785	0.1	-0.1	5.57126
13069008	786	0.1	-0.1	2.55613
13069008	787	0.1	-0.1	5.88889
13069008	788	0.1	-0.1	-1.82982
13069008	789	0.1	-0.1	-0.953179
13069008	790	0.1	-0.1	5.18377
13069008	791	0.1	-0.1	-0.140665
13069008	792	0.1	-0.1	-0.632705
13069008	793	0.1	-0.1	0.295954
13069008	794	0.1	-0.1	5.57535
13069008	795	0.1	-0.1	4.9333
13069008	796	0.1	-0.1	5.68749
13069008	797	0.1	-0.1	4.80088
13069008	798	0.1	-0.1	2.94703
13069008	799	0.1	-0.1	4.86233
13069008	800	0.1	-0.1	5.28219
13069008	801	0.1	-0.1	3.38003
13069008	802	0.1	-0.1	-5.64106
13069008	803	0.1	-0.1	5.43636
13069008	804	0.1	-0.1	1.825
13069008	805	0.1	-0.1	2.4074
13069008	806	0.1	-0.1	4.22375
13069008	807	0.1	-0.1	-0.628521
13069008	808	0.1	-0.1	-1.17253
13069008	809	0.1	-0.1	0.947108
13069008	810	0.1	-0.1	0.0852171
13069008	811	0.1	-0.1	-2.00654
13069008	812	0.1	-0.1	3.14076
13069008	813	0.1	-0.1	-0.846872
13069008	814	0.1	-0.1	-3.73544
13069008	815	0.1	-0.1	2.43769
13069008	816	0.1	-0.1	-1.96654
13069008	817	0.1	-0.1	0.2756
13069008	818	0.1	-0.1	-5.30071
13069008	819	0.1	-0.1	-1.25809
13069008	820	0.1	-0.1	-3.11556
13069008	821	0.1	-0.1	-0.880435
13069008	822	0.1	-0.1	4.6033
13069008	823	0.1	-0.1	-5.80525
13069008	824	0.1	-0.1	-4.81202
13069008	825	0.1	-0.1	4.26117
13069008	826	0.1	-0.1	-5.70182
13069008	827	0.1	-0.1	5.48416
13069008	828	0.1	-0.1	3.54394
13069008	829	0.1	-0.1	1.90471
13069008	830	0.1	-0.1	-1.53312
13069008	831	0.1	-0.1	5.05676
13069008	832	0.1	-0.1	3.63813
13069008	833	0.1	-0.1	-0.677964
13069008	834	0.1	-0.1	-2.66818
13069008	835	0.1	-0.1	-3.5177
13069008	836	0.1	-0.1	-0.386493
13069008	837	0.1	-0.1	-3.40266
13069008	838	0.1	-0.1	-4.40447
13069008	839	0.1	-0.1	-1.84511
13069008	840	0.1	-0.1	5.75854
13069008	841	0.1	-0.1	-3.58977
13069008	842	0.1	-0.1	-5.37013
13069008	843	0.1	-0.1	-0.163136
13069008	844	0.1	-0.1	-3.79132
13069008	845	0.1	-0.1	2.81805
13069008	846	0.1	-0.1	4.65005
13069008	847	0.1	-0.1	4.68518
13069008	848	0.1	-0.1	-5.01086
13069008	849	0.1	-0.1	-0.42073
13069008	850	0.1	-0.1	-0.652352
13069008	851	0.1	-0.1	5.79038
13069008	852	0.1	-0.1	-5.67932
13069008	853	0.1	-0.1	3.80389
13069008	854	0.1	-0.1	-0.777158
13069008	855	0.1	-0.1	-5.46602
13069008	856	0.1	-0.1	-3.1672
13069008	857	0.1	-0.1	-1.9474
13069008	858	0.1	-0.1	4.42491
13069008	859	0.1	-0.1	5.16031
13069008	860	0.1	-0.1	-5.5495
13069008	861	0.1	-0.1	5.71237
13069008	862	0.1	-0.1	-4.45579
13069008	863	0.1	-0.1	1.73051
13069008	864	0.1	-0.1	-0.207153
13069008	865	0.1	-0.1	0.654745
13069008	866	0.1	-0.1	1.19227
13069008	867	0.1	-0.1	4.23393
13069008	868	0.1	-0.1	-2.20254
13069008	869	0.1	-0.1	-1.17835
13069008	870	0.1	-0.1	-0.288596
13069008	871	0.1	-0.1	-0.84325
13069008	872	0.1	-0.1	-4.2723
13069008	873	0.1	-0.1	3.18825
13069008	874	0.1	-0.1	2.54526
13069008	875	0.1	-0.1	-5.67079
13069008	876	0.1	-0.1	-1.22403
13069008	877	0.1	-0.1	5.04537
13069008	878	0.1	-0.1	-1.62309
13069008	879	0.1	-0.1	-2.78419
13069008	880	0.1	-0.1	1.97029
13069008	881	0.1	-0.1	0.992292
13069008	882	0.1	-0.1	-3.24165
13069008	883	0.1	-0.1	-0.473649
13069008	884	0.1	-0.1	-3.6246
13069008	885	0.1	-0.1	-1.5823
13069008	886	0.1	-0.1	1.64512
13069008	887	0.1	-0.1	0.275291
13069008	888	0.1	-0.1	1.88855
13069008	889	0.1	-0.1	4.92515
13069008	890	0.1	-0.1	4.58429
13069008	891	0.1	-0.1	5.34271
13069008	892	0.1	-0.1	5.7422
13069008	893	0.1	-0.1	-4.7003
13069008	894	0.1	-0.1	5.87433
13069008	895	0.1	-0.1	-3.55446
13069008	896	0.1	-0.1	-2.46498
13069008	897	0.1	-0.1	2.15489
13069008	898	0.1	-0.1	5.62897
13069008	899	0.1	-0.1	1.25717
13069008	900	0.1	-0.1	1.85819
13069008	901	0.1	-0.1	5.96614
13069008	902	0.1	-0.1	-0.862268
13069008	903	0.1	-0.1	4.94933
13069008	904	0.1	-0.1	4.96508
13069008	905	0.1	-0.1	-3.20701
13069008	906	0.1	-0.1	2.99648
13069008	907	0.1	-0.1	2.6666
13069008	908	0.1	-0.1	1.97581
13069008	909	0.1	-0.1	-0.259557
13069008	910	0.1	-0.1	-5.74413
13069008	911	0.1	-0.1	1.71916
13069008	912	0.1	-0.1	0.761905
13069008	913	0.1	-0.1	0.72529
13069008	914	0.1	-0.1	-4.11863
13069008	915	0.1	-0.1	0.42359
13069008	916	0.1	-0.1	-2.66642
13069008	917	0.1	-0.1	0.708087
13069008	918	0.1	-0.1	-5.75533
13069008	919	0.1	-0.1	-4.7064
13069008	920	0.1	-0.1	-3.75891
13069008	921	0.1	-0.1	-1.32009
13069008	922	0.1	-0.1	1.13223
13069008	923	0.1	-0.1	2.91871
13069008	924	0.1	-0.1	2.93534
13069008	925	0.1	-0.1	-5.55684
13069008	926	0.1	-0.1	-1.79939
13069008	927	0.1	-0.1	4.21027
13069008	928	0.1	-0.1	-0.240604
13069008	929	0.1	-0.1	-2.37558
13069008	930	0.1	-0.1	1.39142
13069008	931	0.1	-0.1	-4.65799
13069008	932	0.1	-0.1	3.39611
13069008	933	0.1	-0.1	-0.12607
13069008	934	0.1	-0.1	1.60281
13069008	935	0.1	-0.1	-5.67275
13069008	936	0.1	-0.1	-4.8916
13069008	937	0.1	-0.1	-1.30172
13069008	938	0.1	-0.1	-3.74887
13069008	939	0.1	-0.1	0.611671
13069008	940	0.1	-0.1	5.5156
13069008	941	0.1	-0.1	3.09957
13069008	942	0.1	-0.1	3.35624
13069008	943	0.1	-0.1	5.19621
13069008	944	0.1	-0.1	-4.87096
13069008	945	0.1	-0.1	3.50706
13069008	946	0.1	-0.1	-2.02708
13069008	947	0.1	-0.1	-2.00537
13069008	948	0.1	-0.1	-2.07589
13069008	949	0.1	-0.1	5.20615
13069008	950	0.1	-0.1	1.63376
13069008	951	0.1	-0.1	5.22108
13069008	952	0.1	-0.1	-1.05421
13069008	953	0.1	-0.1	-5.05244
13069008	954	0.1	-0.1	-2.05563
13069008	955	0.1	-0.1	-1.54437
13069008	956	0.1	-0.1	3.19658
13069008	957	0.1	-0.1	2.18897
13069008	958	0.1	-0.1	2.76968
13069008	959	0.1	-0.1	-2.98138
13069008	960	0.1	-0.1	-1.71149
13069008	961	0.1	-0.1	-5.46915
13069008	962	0.1	-0.1	3.57963
13069008	963	0.1	-0.1	-3.74152
13069008	964	0.1	-0.1	0.453304
13069008	965	0.1	-0.1	-0.0942341
13069008	966	0.1	-0.1	-2.37784
13069008	967	0.1	-0.1	3.98538
13069008	968	0.1	-0.1	-0.0912125
13069008	969	0.1	-0.1	2.38545
13069008	970	0.1	-0.1	-5.37847
13069008	971	0.1	-0.1	-3.03067
13069008	972	0.1	-0.1	-1.14729
13069008	973	0.1	-0.1	-2.10318
13069008	974	0.1	-0.1	-3.91193
13069008	975	0.1	-0.1	-0.891974
13069008	976	0.1	-0.1	0.666746
13069008	977	0.1	-0.1	-0.598879
13069008	978	0.1	-0.1	-0.763537
13069008	979	0.1	-0.1	4.68509
13069008	980	0.1	-0.1	1.42269
13069008	981	0.1	-0.1	-1.46682
13069008	982	0.1	-0.1	-0.698828
13069008	983	0.1	-0.1	-2.63084
13069008	984	0.1	-0.1	4.12276
13069008	985	0.1	-0.1	-3.53258
13069008	986	0.1	-0.1	-3.81268
13069008	987	0.1	-0.1	0.55457
13069008	988	0.1	-0.1	-1.75512
13069008	989	0.1	-0.1	4.93667
13069008	990	0.1	-0.1	1.04615
13069008	991	0.1	-0.1	5.53057
13069008	992	0.1	-0.1	-0.760745
13069008	993	0.1	-0.1	5.984
13069008	994	0.1	-0.1	-0.765233
13069008	995	0.1	-0.1	-5.51661
13069008	996	0.1	-0.1	2.2389
13069008	997	0.1	-0.1	-5.34864
13069008	998	0.1	-0.1	2.89545
13069008	999	0.1	-0.1	0.0616903
13069008	1000	0.1	-0.1	-3.12445
