13062005	1	0.1	-0.1	-4.43057
13062005	2	0.1	-0.1	-1.24558
13062005	3	0.1	-0.1	3.24812
13062005	4	0.1	-0.1	4.81007
13062005	5	0.1	-0.1	-3.06568
13062005	6	0.1	-0.1	-1.36714
13062005	7	0.1	-0.1	2.01426
13062005	8	0.1	-0.1	-0.327747
13062005	9	0.1	-0.1	5.76233
13062005	10	0.1	-0.1	3.48447
13062005	11	0.1	-0.1	-2.31461
13062005	12	0.1	-0.1	-5.18037
13062005	13	0.1	-0.1	5.76765
13062005	14	0.1	-0.1	1.7848
13062005	15	0.1	-0.1	-5.23078
13062005	16	0.1	-0.1	-4.09527
13062005	17	0.1	-0.1	-0.852891
13062005	18	0.1	-0.1	-4.09667
13062005	19	0.1	-0.1	-1.01928
13062005	20	0.1	-0.1	-1.26511
13062005	21	0.1	-0.1	3.46555
13062005	22	0.1	-0.1	4.22011
13062005	23	0.1	-0.1	-1.57731
13062005	24	0.1	-0.1	4.22914
13062005	25	0.1	-0.1	-2.88135
13062005	26	0.1	-0.1	-3.85825
13062005	27	0.1	-0.1	4.93509
13062005	28	0.1	-0.1	0.248607
13062005	29	0.1	-0.1	3.80977
13062005	30	0.1	-0.1	0.512802
13062005	31	0.1	-0.1	1.73233
13062005	32	0.1	-0.1	1.24393
13062005	33	0.1	-0.1	5.81614
13062005	34	0.1	-0.1	2.0713
13062005	35	0.1	-0.1	-0.764974
13062005	36	0.1	-0.1	-3.92727
13062005	37	0.1	-0.1	-5.2605
13062005	38	0.1	-0.1	1.5812
13062005	39	0.1	-0.1	-2.29343
13062005	40	0.1	-0.1	-4.42715
13062005	41	0.1	-0.1	0.788397
13062005	42	0.1	-0.1	-0.975449
13062005	43	0.1	-0.1	-0.362623
13062005	44	0.1	-0.1	1.2198
13062005	45	0.1	-0.1	0.454964
13062005	46	0.1	-0.1	2.26767
13062005	47	0.1	-0.1	0.0802262
13062005	48	0.1	-0.1	-4.12816
13062005	49	0.1	-0.1	4.89062
13062005	50	0.1	-0.1	-3.9338
13062005	51	0.1	-0.1	3.75082
13062005	52	0.1	-0.1	-5.73355
13062005	53	0.1	-0.1	-3.2241
13062005	54	0.1	-0.1	-2.32335
13062005	55	0.1	-0.1	-1.75175
13062005	56	0.1	-0.1	-1.88341
13062005	57	0.1	-0.1	5.9691
13062005	58	0.1	-0.1	-5.59925
13062005	59	0.1	-0.1	-1.02529
13062005	60	0.1	-0.1	2.10279
13062005	61	0.1	-0.1	3.07773
13062005	62	0.1	-0.1	-4.18628
13062005	63	0.1	-0.1	3.39601
13062005	64	0.1	-0.1	-4.95641
13062005	65	0.1	-0.1	3.43675
13062005	66	0.1	-0.1	4.08765
13062005	67	0.1	-0.1	1.65892
13062005	68	0.1	-0.1	4.86177
13062005	69	0.1	-0.1	-2.57713
13062005	70	0.1	-0.1	-1.86664
13062005	71	0.1	-0.1	-2.15491
13062005	72	0.1	-0.1	0.58771
13062005	73	0.1	-0.1	4.22595
13062005	74	0.1	-0.1	5.74147
13062005	75	0.1	-0.1	1.59523
13062005	76	0.1	-0.1	-2.85502
13062005	77	0.1	-0.1	0.559907
13062005	78	0.1	-0.1	-2.64005
13062005	79	0.1	-0.1	-0.767137
13062005	80	0.1	-0.1	-0.206219
13062005	81	0.1	-0.1	4.53225
13062005	82	0.1	-0.1	-2.94484
13062005	83	0.1	-0.1	3.61386
13062005	84	0.1	-0.1	5.75292
13062005	85	0.1	-0.1	3.42845
13062005	86	0.1	-0.1	-3.28299
13062005	87	0.1	-0.1	5.55511
13062005	88	0.1	-0.1	-2.54393
13062005	89	0.1	-0.1	-3.1092
13062005	90	0.1	-0.1	1.17843
13062005	91	0.1	-0.1	1.59692
13062005	92	0.1	-0.1	-5.57854
13062005	93	0.1	-0.1	-5.96462
13062005	94	0.1	-0.1	2.73347
13062005	95	0.1	-0.1	0.719436
13062005	96	0.1	-0.1	-0.961485
13062005	97	0.1	-0.1	3.55829
13062005	98	0.1	-0.1	-2.17674
13062005	99	0.1	-0.1	1.19977
13062005	100	0.1	-0.1	4.98261
13062005	101	0.1	-0.1	1.60551
13062005	102	0.1	-0.1	2.01845
13062005	103	0.1	-0.1	-1.47509
13062005	104	0.1	-0.1	5.14741
13062005	105	0.1	-0.1	0.772507
13062005	106	0.1	-0.1	4.10837
13062005	107	0.1	-0.1	-5.68665
13062005	108	0.1	-0.1	-1.63896
13062005	109	0.1	-0.1	1.0992
13062005	110	0.1	-0.1	-5.04038
13062005	111	0.1	-0.1	2.75343
13062005	112	0.1	-0.1	5.95113
13062005	113	0.1	-0.1	4.61616
13062005	114	0.1	-0.1	1.38472
13062005	115	0.1	-0.1	-4.88544
13062005	116	0.1	-0.1	4.58858
13062005	117	0.1	-0.1	-4.46336
13062005	118	0.1	-0.1	4.00984
13062005	119	0.1	-0.1	0.363337
13062005	120	0.1	-0.1	-5.33963
13062005	121	0.1	-0.1	-3.26745
13062005	122	0.1	-0.1	-0.916777
13062005	123	0.1	-0.1	-0.312122
13062005	124	0.1	-0.1	1.26762
13062005	125	0.1	-0.1	5.73694
13062005	126	0.1	-0.1	4.53329
13062005	127	0.1	-0.1	5.84449
13062005	128	0.1	-0.1	4.35168
13062005	129	0.1	-0.1	2.503
13062005	130	0.1	-0.1	-1.14989
13062005	131	0.1	-0.1	-1.06435
13062005	132	0.1	-0.1	4.63827
13062005	133	0.1	-0.1	-3.33282
13062005	134	0.1	-0.1	-3.16813
13062005	135	0.1	-0.1	-2.77305
13062005	136	0.1	-0.1	1.66699
13062005	137	0.1	-0.1	-5.12535
13062005	138	0.1	-0.1	1.06011
13062005	139	0.1	-0.1	-0.943053
13062005	140	0.1	-0.1	-1.24446
13062005	141	0.1	-0.1	2.34726
13062005	142	0.1	-0.1	-2.49837
13062005	143	0.1	-0.1	-4.52574
13062005	144	0.1	-0.1	-4.65931
13062005	145	0.1	-0.1	-4.50906
13062005	146	0.1	-0.1	5.74647
13062005	147	0.1	-0.1	3.43477
13062005	148	0.1	-0.1	5.79673
13062005	149	0.1	-0.1	3.94047
13062005	150	0.1	-0.1	-5.13904
13062005	151	0.1	-0.1	1.00778
13062005	152	0.1	-0.1	4.21126
13062005	153	0.1	-0.1	-0.963547
13062005	154	0.1	-0.1	-0.702477
13062005	155	0.1	-0.1	2.75764
13062005	156	0.1	-0.1	-2.10664
13062005	157	0.1	-0.1	-3.84991
13062005	158	0.1	-0.1	0.916698
13062005	159	0.1	-0.1	5.83685
13062005	160	0.1	-0.1	2.16529
13062005	161	0.1	-0.1	-1.3811
13062005	162	0.1	-0.1	2.48152
13062005	163	0.1	-0.1	0.20493
13062005	164	0.1	-0.1	-1.52293
13062005	165	0.1	-0.1	-0.650826
13062005	166	0.1	-0.1	0.151258
13062005	167	0.1	-0.1	2.21917
13062005	168	0.1	-0.1	1.68857
13062005	169	0.1	-0.1	0.795283
13062005	170	0.1	-0.1	-3.43326
13062005	171	0.1	-0.1	3.61664
13062005	172	0.1	-0.1	-0.734629
13062005	173	0.1	-0.1	-1.28038
13062005	174	0.1	-0.1	-1.48035
13062005	175	0.1	-0.1	-0.70909
13062005	176	0.1	-0.1	3.89612
13062005	177	0.1	-0.1	1.5027
13062005	178	0.1	-0.1	5.90462
13062005	179	0.1	-0.1	-1.42605
13062005	180	0.1	-0.1	0.200907
13062005	181	0.1	-0.1	-1.56408
13062005	182	0.1	-0.1	0.571452
13062005	183	0.1	-0.1	4.19327
13062005	184	0.1	-0.1	0.884675
13062005	185	0.1	-0.1	-3.07112
13062005	186	0.1	-0.1	-5.11863
13062005	187	0.1	-0.1	-2.44049
13062005	188	0.1	-0.1	-0.318646
13062005	189	0.1	-0.1	-3.72798
13062005	190	0.1	-0.1	3.18346
13062005	191	0.1	-0.1	2.84894
13062005	192	0.1	-0.1	0.0428298
13062005	193	0.1	-0.1	5.67513
13062005	194	0.1	-0.1	-0.564092
13062005	195	0.1	-0.1	3.78938
13062005	196	0.1	-0.1	2.92926
13062005	197	0.1	-0.1	-4.39629
13062005	198	0.1	-0.1	-1.6428
13062005	199	0.1	-0.1	-0.580412
13062005	200	0.1	-0.1	-1.54085
13062005	201	0.1	-0.1	4.04603
13062005	202	0.1	-0.1	0.0469006
13062005	203	0.1	-0.1	5.47353
13062005	204	0.1	-0.1	3.04255
13062005	205	0.1	-0.1	4.54235
13062005	206	0.1	-0.1	1.49462
13062005	207	0.1	-0.1	-0.283146
13062005	208	0.1	-0.1	2.9838
13062005	209	0.1	-0.1	2.77904
13062005	210	0.1	-0.1	-1.12082
13062005	211	0.1	-0.1	-3.46448
13062005	212	0.1	-0.1	0.233503
13062005	213	0.1	-0.1	1.78385
13062005	214	0.1	-0.1	-1.05125
13062005	215	0.1	-0.1	-0.100351
13062005	216	0.1	-0.1	-0.0533553
13062005	217	0.1	-0.1	0.234606
13062005	218	0.1	-0.1	3.35374
13062005	219	0.1	-0.1	-2.06612
13062005	220	0.1	-0.1	3.30546
13062005	221	0.1	-0.1	-4.01571
13062005	222	0.1	-0.1	0.689165
13062005	223	0.1	-0.1	3.15988
13062005	224	0.1	-0.1	-1.54078
13062005	225	0.1	-0.1	-2.63276
13062005	226	0.1	-0.1	-2.01075
13062005	227	0.1	-0.1	5.41724
13062005	228	0.1	-0.1	4.63003
13062005	229	0.1	-0.1	4.63846
13062005	230	0.1	-0.1	-4.58047
13062005	231	0.1	-0.1	3.02921
13062005	232	0.1	-0.1	-5.12528
13062005	233	0.1	-0.1	2.99611
13062005	234	0.1	-0.1	-3.58966
13062005	235	0.1	-0.1	4.84622
13062005	236	0.1	-0.1	-1.28524
13062005	237	0.1	-0.1	-4.73784
13062005	238	0.1	-0.1	3.15327
13062005	239	0.1	-0.1	3.01098
13062005	240	0.1	-0.1	5.8915
13062005	241	0.1	-0.1	-4.76681
13062005	242	0.1	-0.1	-1.16211
13062005	243	0.1	-0.1	0.156634
13062005	244	0.1	-0.1	5.73362
13062005	245	0.1	-0.1	-5.06789
13062005	246	0.1	-0.1	5.16336
13062005	247	0.1	-0.1	-4.04208
13062005	248	0.1	-0.1	-3.12754
13062005	249	0.1	-0.1	0.785824
13062005	250	0.1	-0.1	-1.18247
13062005	251	0.1	-0.1	-4.56264
13062005	252	0.1	-0.1	-3.66374
13062005	253	0.1	-0.1	-4.16986
13062005	254	0.1	-0.1	-0.542386
13062005	255	0.1	-0.1	-1.52591
13062005	256	0.1	-0.1	-0.900564
13062005	257	0.1	-0.1	-2.08862
13062005	258	0.1	-0.1	2.39423
13062005	259	0.1	-0.1	-5.41286
13062005	260	0.1	-0.1	4.49145
13062005	261	0.1	-0.1	1.09945
13062005	262	0.1	-0.1	1.53122
13062005	263	0.1	-0.1	5.07469
13062005	264	0.1	-0.1	5.06158
13062005	265	0.1	-0.1	-3.59044
13062005	266	0.1	-0.1	3.24378
13062005	267	0.1	-0.1	5.21231
13062005	268	0.1	-0.1	0.337894
13062005	269	0.1	-0.1	-3.09137
13062005	270	0.1	-0.1	-2.49675
13062005	271	0.1	-0.1	1.34673
13062005	272	0.1	-0.1	0.697878
13062005	273	0.1	-0.1	-4.89013
13062005	274	0.1	-0.1	-3.65861
13062005	275	0.1	-0.1	3.74667
13062005	276	0.1	-0.1	3.43827
13062005	277	0.1	-0.1	-5.90907
13062005	278	0.1	-0.1	-3.24339
13062005	279	0.1	-0.1	-3.12965
13062005	280	0.1	-0.1	4.15147
13062005	281	0.1	-0.1	0.648447
13062005	282	0.1	-0.1	-4.54
13062005	283	0.1	-0.1	0.212055
13062005	284	0.1	-0.1	-5.60193
13062005	285	0.1	-0.1	-1.98622
13062005	286	0.1	-0.1	-1.14028
13062005	287	0.1	-0.1	-5.41554
13062005	288	0.1	-0.1	-3.40353
13062005	289	0.1	-0.1	5.20546
13062005	290	0.1	-0.1	-2.00395
13062005	291	0.1	-0.1	-1.59948
13062005	292	0.1	-0.1	-2.77379
13062005	293	0.1	-0.1	-0.331087
13062005	294	0.1	-0.1	-3.24696
13062005	295	0.1	-0.1	-1.22431
13062005	296	0.1	-0.1	-2.50243
13062005	297	0.1	-0.1	-1.40086
13062005	298	0.1	-0.1	-5.5751
13062005	299	0.1	-0.1	-1.42201
13062005	300	0.1	-0.1	-1.42954
13062005	301	0.1	-0.1	0.0815089
13062005	302	0.1	-0.1	-4.48551
13062005	303	0.1	-0.1	-2.7866
13062005	304	0.1	-0.1	-5.70023
13062005	305	0.1	-0.1	2.88536
13062005	306	0.1	-0.1	1.54346
13062005	307	0.1	-0.1	-4.38877
13062005	308	0.1	-0.1	-4.14751
13062005	309	0.1	-0.1	-3.83487
13062005	310	0.1	-0.1	2.28737
13062005	311	0.1	-0.1	-0.157813
13062005	312	0.1	-0.1	-4.8704
13062005	313	0.1	-0.1	-2.22993
13062005	314	0.1	-0.1	-5.27482
13062005	315	0.1	-0.1	-3.62839
13062005	316	0.1	-0.1	-4.64508
13062005	317	0.1	-0.1	3.70106
13062005	318	0.1	-0.1	1.60808
13062005	319	0.1	-0.1	2.745
13062005	320	0.1	-0.1	5.1049
13062005	321	0.1	-0.1	-5.37057
13062005	322	0.1	-0.1	-1.37368
13062005	323	0.1	-0.1	-5.32719
13062005	324	0.1	-0.1	-4.43516
13062005	325	0.1	-0.1	-4.54277
13062005	326	0.1	-0.1	-3.40674
13062005	327	0.1	-0.1	5.62913
13062005	328	0.1	-0.1	5.60107
13062005	329	0.1	-0.1	-0.496062
13062005	330	0.1	-0.1	-2.82637
13062005	331	0.1	-0.1	-0.44398
13062005	332	0.1	-0.1	-2.73357
13062005	333	0.1	-0.1	-0.681875
13062005	334	0.1	-0.1	3.93115
13062005	335	0.1	-0.1	-5.56969
13062005	336	0.1	-0.1	3.66385
13062005	337	0.1	-0.1	-3.34233
13062005	338	0.1	-0.1	0.708613
13062005	339	0.1	-0.1	3.98644
13062005	340	0.1	-0.1	4.38007
13062005	341	0.1	-0.1	-1.20631
13062005	342	0.1	-0.1	-2.03518
13062005	343	0.1	-0.1	2.55281
13062005	344	0.1	-0.1	-3.54798
13062005	345	0.1	-0.1	-4.69185
13062005	346	0.1	-0.1	1.45647
13062005	347	0.1	-0.1	1.74674
13062005	348	0.1	-0.1	0.56273
13062005	349	0.1	-0.1	0.900095
13062005	350	0.1	-0.1	-1.55676
13062005	351	0.1	-0.1	5.2125
13062005	352	0.1	-0.1	-1.26747
13062005	353	0.1	-0.1	-2.48814
13062005	354	0.1	-0.1	-4.39899
13062005	355	0.1	-0.1	-0.578088
13062005	356	0.1	-0.1	-0.567062
13062005	357	0.1	-0.1	-4.03653
13062005	358	0.1	-0.1	0.766276
13062005	359	0.1	-0.1	-3.41221
13062005	360	0.1	-0.1	-1.75804
13062005	361	0.1	-0.1	-3.23622
13062005	362	0.1	-0.1	-5.14396
13062005	363	0.1	-0.1	3.56513
13062005	364	0.1	-0.1	0.324261
13062005	365	0.1	-0.1	-1.74929
13062005	366	0.1	-0.1	-2.7006
13062005	367	0.1	-0.1	1.42461
13062005	368	0.1	-0.1	2.63161
13062005	369	0.1	-0.1	-0.354632
13062005	370	0.1	-0.1	1.04768
13062005	371	0.1	-0.1	4.42415
13062005	372	0.1	-0.1	0.543784
13062005	373	0.1	-0.1	3.97247
13062005	374	0.1	-0.1	-2.31537
13062005	375	0.1	-0.1	-4.53302
13062005	376	0.1	-0.1	-5.76035
13062005	377	0.1	-0.1	4.54923
13062005	378	0.1	-0.1	-3.74424
13062005	379	0.1	-0.1	-5.28986
13062005	380	0.1	-0.1	1.93654
13062005	381	0.1	-0.1	-0.995957
13062005	382	0.1	-0.1	4.25741
13062005	383	0.1	-0.1	0.807544
13062005	384	0.1	-0.1	1.21348
13062005	385	0.1	-0.1	-3.41469
13062005	386	0.1	-0.1	2.45266
13062005	387	0.1	-0.1	1.74605
13062005	388	0.1	-0.1	0.00748031
13062005	389	0.1	-0.1	5.67158
13062005	390	0.1	-0.1	-0.862096
13062005	391	0.1	-0.1	-5.58583
13062005	392	0.1	-0.1	-0.558281
13062005	393	0.1	-0.1	2.15086
13062005	394	0.1	-0.1	0.0699482
13062005	395	0.1	-0.1	-2.8538
13062005	396	0.1	-0.1	2.93334
13062005	397	0.1	-0.1	4.80344
13062005	398	0.1	-0.1	-3.33828
13062005	399	0.1	-0.1	1.73685
13062005	400	0.1	-0.1	-1.16079
13062005	401	0.1	-0.1	-0.282386
13062005	402	0.1	-0.1	-4.80977
13062005	403	0.1	-0.1	-5.01021
13062005	404	0.1	-0.1	4.05017
13062005	405	0.1	-0.1	-1.30826
13062005	406	0.1	-0.1	-4.55313
13062005	407	0.1	-0.1	4.53586
13062005	408	0.1	-0.1	-2.37188
13062005	409	0.1	-0.1	3.63829
13062005	410	0.1	-0.1	5.96361
13062005	411	0.1	-0.1	1.02385
13062005	412	0.1	-0.1	4.49085
13062005	413	0.1	-0.1	0.349574
13062005	414	0.1	-0.1	1.13779
13062005	415	0.1	-0.1	-3.51487
13062005	416	0.1	-0.1	-4.2705
13062005	417	0.1	-0.1	1.6497
13062005	418	0.1	-0.1	3.76549
13062005	419	0.1	-0.1	-4.27747
13062005	420	0.1	-0.1	-4.41546
13062005	421	0.1	-0.1	-0.515151
13062005	422	0.1	-0.1	2.89313
13062005	423	0.1	-0.1	-4.14293
13062005	424	0.1	-0.1	-4.53345
13062005	425	0.1	-0.1	-1.80373
13062005	426	0.1	-0.1	5.49945
13062005	427	0.1	-0.1	-5.87888
13062005	428	0.1	-0.1	-5.45281
13062005	429	0.1	-0.1	1.78487
13062005	430	0.1	-0.1	4.19108
13062005	431	0.1	-0.1	1.40305
13062005	432	0.1	-0.1	-3.1089
13062005	433	0.1	-0.1	-2.78526
13062005	434	0.1	-0.1	4.26125
13062005	435	0.1	-0.1	1.86235
13062005	436	0.1	-0.1	4.13913
13062005	437	0.1	-0.1	0.915923
13062005	438	0.1	-0.1	-2.76416
13062005	439	0.1	-0.1	-5.54271
13062005	440	0.1	-0.1	-1.85554
13062005	441	0.1	-0.1	-5.09209
13062005	442	0.1	-0.1	-5.97971
13062005	443	0.1	-0.1	-2.72518
13062005	444	0.1	-0.1	4.48817
13062005	445	0.1	-0.1	-4.14681
13062005	446	0.1	-0.1	-2.74483
13062005	447	0.1	-0.1	-4.14135
13062005	448	0.1	-0.1	5.95687
13062005	449	0.1	-0.1	3.4707
13062005	450	0.1	-0.1	4.38727
13062005	451	0.1	-0.1	5.33233
13062005	452	0.1	-0.1	3.93708
13062005	453	0.1	-0.1	-1.91445
13062005	454	0.1	-0.1	-3.58081
13062005	455	0.1	-0.1	-3.46207
13062005	456	0.1	-0.1	-4.32066
13062005	457	0.1	-0.1	-0.207304
13062005	458	0.1	-0.1	-0.364291
13062005	459	0.1	-0.1	5.93243
13062005	460	0.1	-0.1	-3.36736
13062005	461	0.1	-0.1	3.76786
13062005	462	0.1	-0.1	-2.25195
13062005	463	0.1	-0.1	-3.4924
13062005	464	0.1	-0.1	5.83529
13062005	465	0.1	-0.1	4.56782
13062005	466	0.1	-0.1	2.31801
13062005	467	0.1	-0.1	-5.83045
13062005	468	0.1	-0.1	-2.41331
13062005	469	0.1	-0.1	-2.74446
13062005	470	0.1	-0.1	5.79157
13062005	471	0.1	-0.1	-3.9702
13062005	472	0.1	-0.1	2.85881
13062005	473	0.1	-0.1	-4.96816
13062005	474	0.1	-0.1	-0.444932
13062005	475	0.1	-0.1	-1.27583
13062005	476	0.1	-0.1	-0.255123
13062005	477	0.1	-0.1	-0.565418
13062005	478	0.1	-0.1	-2.76196
13062005	479	0.1	-0.1	5.58537
13062005	480	0.1	-0.1	3.96278
13062005	481	0.1	-0.1	3.71157
13062005	482	0.1	-0.1	-0.665637
13062005	483	0.1	-0.1	-5.5481
13062005	484	0.1	-0.1	-4.54899
13062005	485	0.1	-0.1	2.32392
13062005	486	0.1	-0.1	3.53426
13062005	487	0.1	-0.1	4.37368
13062005	488	0.1	-0.1	-0.327456
13062005	489	0.1	-0.1	-3.93074
13062005	490	0.1	-0.1	-0.204719
13062005	491	0.1	-0.1	-3.10885
13062005	492	0.1	-0.1	-3.204
13062005	493	0.1	-0.1	-0.0220459
13062005	494	0.1	-0.1	3.32315
13062005	495	0.1	-0.1	1.04042
13062005	496	0.1	-0.1	3.33179
13062005	497	0.1	-0.1	-2.29909
13062005	498	0.1	-0.1	-0.255203
13062005	499	0.1	-0.1	-3.05149
13062005	500	0.1	-0.1	-1.41523
13062005	501	0.1	-0.1	-1.31967
13062005	502	0.1	-0.1	-4.72532
13062005	503	0.1	-0.1	2.01991
13062005	504	0.1	-0.1	2.33338
13062005	505	0.1	-0.1	-3.83252
13062005	506	0.1	-0.1	-1.26943
13062005	507	0.1	-0.1	3.49103
13062005	508	0.1	-0.1	2.06329
13062005	509	0.1	-0.1	1.60868
13062005	510	0.1	-0.1	0.149401
13062005	511	0.1	-0.1	1.0552
13062005	512	0.1	-0.1	0.840086
13062005	513	0.1	-0.1	5.03292
13062005	514	0.1	-0.1	2.71605
13062005	515	0.1	-0.1	-5.11525
13062005	516	0.1	-0.1	-1.04302
13062005	517	0.1	-0.1	-3.27442
13062005	518	0.1	-0.1	-5.86915
13062005	519	0.1	-0.1	2.02591
13062005	520	0.1	-0.1	-1.96024
13062005	521	0.1	-0.1	-4.88259
13062005	522	0.1	-0.1	2.70755
13062005	523	0.1	-0.1	1.54369
13062005	524	0.1	-0.1	5.65773
13062005	525	0.1	-0.1	3.37768
13062005	526	0.1	-0.1	-0.087447
13062005	527	0.1	-0.1	0.837487
13062005	528	0.1	-0.1	-0.103931
13062005	529	0.1	-0.1	1.8901
13062005	530	0.1	-0.1	-3.13246
13062005	531	0.1	-0.1	3.71965
13062005	532	0.1	-0.1	-2.65234
13062005	533	0.1	-0.1	-0.432919
13062005	534	0.1	-0.1	5.35974
13062005	535	0.1	-0.1	-4.21011
13062005	536	0.1	-0.1	2.91799
13062005	537	0.1	-0.1	0.157755
13062005	538	0.1	-0.1	-1.86851
13062005	539	0.1	-0.1	5.76663
13062005	540	0.1	-0.1	1.17008
13062005	541	0.1	-0.1	3.90753
13062005	542	0.1	-0.1	2.77169
13062005	543	0.1	-0.1	-1.31084
13062005	544	0.1	-0.1	3.46713
13062005	545	0.1	-0.1	5.92856
13062005	546	0.1	-0.1	-0.647626
13062005	547	0.1	-0.1	-2.46638
13062005	548	0.1	-0.1	-5.97545
13062005	549	0.1	-0.1	-1.2609
13062005	550	0.1	-0.1	1.57848
13062005	551	0.1	-0.1	-5.87172
13062005	552	0.1	-0.1	-4.22751
13062005	553	0.1	-0.1	3.2621
13062005	554	0.1	-0.1	-2.55365
13062005	555	0.1	-0.1	-5.14852
13062005	556	0.1	-0.1	4.45701
13062005	557	0.1	-0.1	-2.28661
13062005	558	0.1	-0.1	2.94642
13062005	559	0.1	-0.1	-2.93929
13062005	560	0.1	-0.1	3.72178
13062005	561	0.1	-0.1	1.74915
13062005	562	0.1	-0.1	2.81457
13062005	563	0.1	-0.1	5.92588
13062005	564	0.1	-0.1	5.70122
13062005	565	0.1	-0.1	-0.0713438
13062005	566	0.1	-0.1	1.74383
13062005	567	0.1	-0.1	1.9381
13062005	568	0.1	-0.1	-5.66022
13062005	569	0.1	-0.1	5.50707
13062005	570	0.1	-0.1	5.35193
13062005	571	0.1	-0.1	5.19713
13062005	572	0.1	-0.1	-3.16869
13062005	573	0.1	-0.1	0.167691
13062005	574	0.1	-0.1	4.31282
13062005	575	0.1	-0.1	-0.57159
13062005	576	0.1	-0.1	-4.65122
13062005	577	0.1	-0.1	-2.47612
13062005	578	0.1	-0.1	3.82078
13062005	579	0.1	-0.1	3.54262
13062005	580	0.1	-0.1	5.38286
13062005	581	0.1	-0.1	1.24737
13062005	582	0.1	-0.1	-2.91986
13062005	583	0.1	-0.1	-0.664263
13062005	584	0.1	-0.1	-3.0453
13062005	585	0.1	-0.1	2.47167
13062005	586	0.1	-0.1	1.21067
13062005	587	0.1	-0.1	3.57167
13062005	588	0.1	-0.1	3.74161
13062005	589	0.1	-0.1	3.51624
13062005	590	0.1	-0.1	3.90349
13062005	591	0.1	-0.1	-5.9043
13062005	592	0.1	-0.1	5.80929
13062005	593	0.1	-0.1	5.40701
13062005	594	0.1	-0.1	0.0772594
13062005	595	0.1	-0.1	-3.43877
13062005	596	0.1	-0.1	3.48784
13062005	597	0.1	-0.1	0.906133
13062005	598	0.1	-0.1	-2.20572
13062005	599	0.1	-0.1	-5.9658
13062005	600	0.1	-0.1	4.79949
13062005	601	0.1	-0.1	3.65571
13062005	602	0.1	-0.1	5.62342
13062005	603	0.1	-0.1	0.536733
13062005	604	0.1	-0.1	2.61218
13062005	605	0.1	-0.1	-1.05867
13062005	606	0.1	-0.1	5.75865
13062005	607	0.1	-0.1	1.09704
13062005	608	0.1	-0.1	1.00088
13062005	609	0.1	-0.1	-0.250969
13062005	610	0.1	-0.1	5.72515
13062005	611	0.1	-0.1	5.47753
13062005	612	0.1	-0.1	-3.64979
13062005	613	0.1	-0.1	-3.09653
13062005	614	0.1	-0.1	0.407543
13062005	615	0.1	-0.1	4.45537
13062005	616	0.1	-0.1	4.72043
13062005	617	0.1	-0.1	5.71411
13062005	618	0.1	-0.1	2.06902
13062005	619	0.1	-0.1	4.30762
13062005	620	0.1	-0.1	5.24834
13062005	621	0.1	-0.1	0.287176
13062005	622	0.1	-0.1	-3.08154
13062005	623	0.1	-0.1	4.34094
13062005	624	0.1	-0.1	2.30723
13062005	625	0.1	-0.1	4.75753
13062005	626	0.1	-0.1	-3.92279
13062005	627	0.1	-0.1	-0.370538
13062005	628	0.1	-0.1	0.590915
13062005	629	0.1	-0.1	3.59719
13062005	630	0.1	-0.1	-3.70421
13062005	631	0.1	-0.1	2.86311
13062005	632	0.1	-0.1	-2.98817
13062005	633	0.1	-0.1	2.49236
13062005	634	0.1	-0.1	2.59976
13062005	635	0.1	-0.1	3.12934
13062005	636	0.1	-0.1	-4.80548
13062005	637	0.1	-0.1	3.38149
13062005	638	0.1	-0.1	5.65167
13062005	639	0.1	-0.1	-2.4155
13062005	640	0.1	-0.1	-2.95332
13062005	641	0.1	-0.1	2.11328
13062005	642	0.1	-0.1	2.08042
13062005	643	0.1	-0.1	-3.12324
13062005	644	0.1	-0.1	5.64975
13062005	645	0.1	-0.1	-4.30632
13062005	646	0.1	-0.1	1.39464
13062005	647	0.1	-0.1	5.66284
13062005	648	0.1	-0.1	4.17934
13062005	649	0.1	-0.1	-5.71226
13062005	650	0.1	-0.1	4.31004
13062005	651	0.1	-0.1	2.23991
13062005	652	0.1	-0.1	-4.13378
13062005	653	0.1	-0.1	-5.43397
13062005	654	0.1	-0.1	0.909248
13062005	655	0.1	-0.1	-2.15526
13062005	656	0.1	-0.1	-5.98415
13062005	657	0.1	-0.1	0.257428
13062005	658	0.1	-0.1	-2.12825
13062005	659	0.1	-0.1	0.224309
13062005	660	0.1	-0.1	2.27801
13062005	661	0.1	-0.1	-4.76641
13062005	662	0.1	-0.1	0.518047
13062005	663	0.1	-0.1	-1.21249
13062005	664	0.1	-0.1	-2.73726
13062005	665	0.1	-0.1	5.82932
13062005	666	0.1	-0.1	1.5047
13062005	667	0.1	-0.1	-4.85914
13062005	668	0.1	-0.1	0.254639
13062005	669	0.1	-0.1	4.07543
13062005	670	0.1	-0.1	-5.97583
13062005	671	0.1	-0.1	-2.14039
13062005	672	0.1	-0.1	5.59217
13062005	673	0.1	-0.1	-2.8738
13062005	674	0.1	-0.1	4.80668
13062005	675	0.1	-0.1	-1.42396
13062005	676	0.1	-0.1	-4.45031
13062005	677	0.1	-0.1	-3.78208
13062005	678	0.1	-0.1	5.78759
13062005	679	0.1	-0.1	-2.83992
13062005	680	0.1	-0.1	-3.46856
13062005	681	0.1	-0.1	-5.91629
13062005	682	0.1	-0.1	1.74672
13062005	683	0.1	-0.1	5.95969
13062005	684	0.1	-0.1	0.687753
13062005	685	0.1	-0.1	-5.70124
13062005	686	0.1	-0.1	5.99256
13062005	687	0.1	-0.1	-4.18523
13062005	688	0.1	-0.1	4.77155
13062005	689	0.1	-0.1	-0.0586338
13062005	690	0.1	-0.1	2.89042
13062005	691	0.1	-0.1	-0.814179
13062005	692	0.1	-0.1	-1.33811
13062005	693	0.1	-0.1	1.04784
13062005	694	0.1	-0.1	5.56308
13062005	695	0.1	-0.1	-4.07427
13062005	696	0.1	-0.1	-1.59772
13062005	697	0.1	-0.1	-0.0777494
13062005	698	0.1	-0.1	2.40591
13062005	699	0.1	-0.1	5.89407
13062005	700	0.1	-0.1	-3.93903
13062005	701	0.1	-0.1	2.24106
13062005	702	0.1	-0.1	5.43238
13062005	703	0.1	-0.1	-5.79979
13062005	704	0.1	-0.1	1.14802
13062005	705	0.1	-0.1	0.742997
13062005	706	0.1	-0.1	3.73471
13062005	707	0.1	-0.1	3.34993
13062005	708	0.1	-0.1	1.96204
13062005	709	0.1	-0.1	-1.95917
13062005	710	0.1	-0.1	-4.07191
13062005	711	0.1	-0.1	5.24966
13062005	712	0.1	-0.1	3.70167
13062005	713	0.1	-0.1	-2.50459
13062005	714	0.1	-0.1	1.44072
13062005	715	0.1	-0.1	-2.83791
13062005	716	0.1	-0.1	-0.079393
13062005	717	0.1	-0.1	2.63936
13062005	718	0.1	-0.1	-1.99339
13062005	719	0.1	-0.1	-4.27248
13062005	720	0.1	-0.1	2.93741
13062005	721	0.1	-0.1	-4.9183
13062005	722	0.1	-0.1	-0.399935
13062005	723	0.1	-0.1	-3.75911
13062005	724	0.1	-0.1	3.95074
13062005	725	0.1	-0.1	0.0911045
13062005	726	0.1	-0.1	-0.618987
13062005	727	0.1	-0.1	2.90414
13062005	728	0.1	-0.1	-5.38698
13062005	729	0.1	-0.1	1.52394
13062005	730	0.1	-0.1	-4.69452
13062005	731	0.1	-0.1	2.94731
13062005	732	0.1	-0.1	-2.64905
13062005	733	0.1	-0.1	1.23917
13062005	734	0.1	-0.1	-5.07959
13062005	735	0.1	-0.1	-2.50446
13062005	736	0.1	-0.1	-0.341346
13062005	737	0.1	-0.1	-0.207254
13062005	738	0.1	-0.1	-3.07317
13062005	739	0.1	-0.1	-2.301
13062005	740	0.1	-0.1	2.44198
13062005	741	0.1	-0.1	-3.04283
13062005	742	0.1	-0.1	1.96547
13062005	743	0.1	-0.1	-1.89919
13062005	744	0.1	-0.1	-4.54556
13062005	745	0.1	-0.1	-4.81971
13062005	746	0.1	-0.1	-5.55339
13062005	747	0.1	-0.1	4.00995
13062005	748	0.1	-0.1	4.01455
13062005	749	0.1	-0.1	5.62469
13062005	750	0.1	-0.1	-1.39659
13062005	751	0.1	-0.1	5.08096
13062005	752	0.1	-0.1	2.67655
13062005	753	0.1	-0.1	3.19115
13062005	754	0.1	-0.1	-3.07526
13062005	755	0.1	-0.1	3.00036
13062005	756	0.1	-0.1	-3.62524
13062005	757	0.1	-0.1	4.75963
13062005	758	0.1	-0.1	-4.25243
13062005	759	0.1	-0.1	3.959
13062005	760	0.1	-0.1	-2.40701
13062005	761	0.1	-0.1	4.59268
13062005	762	0.1	-0.1	-0.78274
13062005	763	0.1	-0.1	-4.42839
13062005	764	0.1	-0.1	5.12125
13062005	765	0.1	-0.1	-2.54297
13062005	766	0.1	-0.1	-1.91322
13062005	767	0.1	-0.1	-0.613269
13062005	768	0.1	-0.1	5.19759
13062005	769	0.1	-0.1	-2.16806
13062005	770	0.1	-0.1	2.12961
13062005	771	0.1	-0.1	5.45852
13062005	772	0.1	-0.1	4.0997
13062005	773	0.1	-0.1	-5.0523
13062005	774	0.1	-0.1	2.47107
13062005	775	0.1	-0.1	2.19682
13062005	776	0.1	-0.1	-2.38044
13062005	777	0.1	-0.1	-5.21332
13062005	778	0.1	-0.1	-1.23068
13062005	779	0.1	-0.1	3.84794
13062005	780	0.1	-0.1	1.66537
13062005	781	0.1	-0.1	-0.599051
13062005	782	0.1	-0.1	-0.611759
13062005	783	0.1	-0.1	-5.20476
13062005	784	0.1	-0.1	-3.94479
13062005	785	0.1	-0.1	-4.6213
13062005	786	0.1	-0.1	-0.972687
13062005	787	0.1	-0.1	-2.91989
13062005	788	0.1	-0.1	-1.35461
13062005	789	0.1	-0.1	-1.18034
13062005	790	0.1	-0.1	-2.81057
13062005	791	0.1	-0.1	-1.58509
13062005	792	0.1	-0.1	2.10935
13062005	793	0.1	-0.1	-5.67726
13062005	794	0.1	-0.1	-4.73456
13062005	795	0.1	-0.1	4.77125
13062005	796	0.1	-0.1	-4.69987
13062005	797	0.1	-0.1	3.45065
13062005	798	0.1	-0.1	-2.10048
13062005	799	0.1	-0.1	5.89572
13062005	800	0.1	-0.1	-0.609876
13062005	801	0.1	-0.1	-1.98807
13062005	802	0.1	-0.1	-2.19026
13062005	803	0.1	-0.1	4.33287
13062005	804	0.1	-0.1	-4.39425
13062005	805	0.1	-0.1	-1.39284
13062005	806	0.1	-0.1	4.67277
13062005	807	0.1	-0.1	4.87093
13062005	808	0.1	-0.1	1.36462
13062005	809	0.1	-0.1	0.540751
13062005	810	0.1	-0.1	2.88952
13062005	811	0.1	-0.1	-0.288441
13062005	812	0.1	-0.1	-4.27413
13062005	813	0.1	-0.1	-3.70557
13062005	814	0.1	-0.1	-3.35823
13062005	815	0.1	-0.1	3.04043
13062005	816	0.1	-0.1	3.7061
13062005	817	0.1	-0.1	0.712209
13062005	818	0.1	-0.1	-0.560934
13062005	819	0.1	-0.1	-0.564223
13062005	820	0.1	-0.1	5.36203
13062005	821	0.1	-0.1	4.73774
13062005	822	0.1	-0.1	-0.666327
13062005	823	0.1	-0.1	2.3994
13062005	824	0.1	-0.1	3.51646
13062005	825	0.1	-0.1	1.24774
13062005	826	0.1	-0.1	1.50754
13062005	827	0.1	-0.1	0.871063
13062005	828	0.1	-0.1	-2.30854
13062005	829	0.1	-0.1	1.18064
13062005	830	0.1	-0.1	4.3857
13062005	831	0.1	-0.1	-1.33601
13062005	832	0.1	-0.1	0.371281
13062005	833	0.1	-0.1	0.345278
13062005	834	0.1	-0.1	-2.63618
13062005	835	0.1	-0.1	2.98937
13062005	836	0.1	-0.1	-2.69042
13062005	837	0.1	-0.1	1.06185
13062005	838	0.1	-0.1	5.62154
13062005	839	0.1	-0.1	3.77272
13062005	840	0.1	-0.1	0.160602
13062005	841	0.1	-0.1	-4.41203
13062005	842	0.1	-0.1	1.25684
13062005	843	0.1	-0.1	5.87075
13062005	844	0.1	-0.1	-4.62944
13062005	845	0.1	-0.1	-2.9045
13062005	846	0.1	-0.1	-1.31701
13062005	847	0.1	-0.1	-3.64559
13062005	848	0.1	-0.1	-0.21749
13062005	849	0.1	-0.1	-2.62583
13062005	850	0.1	-0.1	-3.45374
13062005	851	0.1	-0.1	2.63515
13062005	852	0.1	-0.1	-2.4356
13062005	853	0.1	-0.1	-0.362512
13062005	854	0.1	-0.1	-4.58914
13062005	855	0.1	-0.1	3.61929
13062005	856	0.1	-0.1	2.88043
13062005	857	0.1	-0.1	0.645389
13062005	858	0.1	-0.1	-5.96602
13062005	859	0.1	-0.1	-0.483677
13062005	860	0.1	-0.1	-5.1742
13062005	861	0.1	-0.1	3.4956
13062005	862	0.1	-0.1	4.19491
13062005	863	0.1	-0.1	0.48309
13062005	864	0.1	-0.1	-4.979
13062005	865	0.1	-0.1	-2.27929
13062005	866	0.1	-0.1	5.19786
13062005	867	0.1	-0.1	-3.43884
13062005	868	0.1	-0.1	-2.82389
13062005	869	0.1	-0.1	-0.45276
13062005	870	0.1	-0.1	-0.704277
13062005	871	0.1	-0.1	-3.45059
13062005	872	0.1	-0.1	-4.06642
13062005	873	0.1	-0.1	1.29425
13062005	874	0.1	-0.1	-5.4523
13062005	875	0.1	-0.1	-2.46326
13062005	876	0.1	-0.1	0.360444
13062005	877	0.1	-0.1	-4.65085
13062005	878	0.1	-0.1	4.91795
13062005	879	0.1	-0.1	-2.14264
13062005	880	0.1	-0.1	4.37094
13062005	881	0.1	-0.1	-5.85695
13062005	882	0.1	-0.1	-5.12328
13062005	883	0.1	-0.1	-2.04036
13062005	884	0.1	-0.1	4.79135
13062005	885	0.1	-0.1	2.81068
13062005	886	0.1	-0.1	2.14049
13062005	887	0.1	-0.1	2.90294
13062005	888	0.1	-0.1	-0.657285
13062005	889	0.1	-0.1	1.69769
13062005	890	0.1	-0.1	-0.322217
13062005	891	0.1	-0.1	-0.776512
13062005	892	0.1	-0.1	-1.44098
13062005	893	0.1	-0.1	-1.04235
13062005	894	0.1	-0.1	-2.63748
13062005	895	0.1	-0.1	0.972316
13062005	896	0.1	-0.1	5.33004
13062005	897	0.1	-0.1	0.17201
13062005	898	0.1	-0.1	2.97343
13062005	899	0.1	-0.1	0.0578439
13062005	900	0.1	-0.1	-0.298888
13062005	901	0.1	-0.1	-3.07864
13062005	902	0.1	-0.1	4.5969
13062005	903	0.1	-0.1	0.228448
13062005	904	0.1	-0.1	-3.16071
13062005	905	0.1	-0.1	5.92779
13062005	906	0.1	-0.1	-5.51499
13062005	907	0.1	-0.1	5.9955
13062005	908	0.1	-0.1	-0.453847
13062005	909	0.1	-0.1	-1.20925
13062005	910	0.1	-0.1	3.47881
13062005	911	0.1	-0.1	-1.94427
13062005	912	0.1	-0.1	1.72174
13062005	913	0.1	-0.1	3.88343
13062005	914	0.1	-0.1	5.21814
13062005	915	0.1	-0.1	-2.30361
13062005	916	0.1	-0.1	4.86875
13062005	917	0.1	-0.1	3.3454
13062005	918	0.1	-0.1	5.57975
13062005	919	0.1	-0.1	-3.11143
13062005	920	0.1	-0.1	0.0265441
13062005	921	0.1	-0.1	0.712637
13062005	922	0.1	-0.1	0.0338495
13062005	923	0.1	-0.1	3.41564
13062005	924	0.1	-0.1	-3.36725
13062005	925	0.1	-0.1	4.64711
13062005	926	0.1	-0.1	-0.543268
13062005	927	0.1	-0.1	-2.43164
13062005	928	0.1	-0.1	-5.27606
13062005	929	0.1	-0.1	-1.95314
13062005	930	0.1	-0.1	0.827596
13062005	931	0.1	-0.1	-1.1697
13062005	932	0.1	-0.1	-4.76597
13062005	933	0.1	-0.1	2.49909
13062005	934	0.1	-0.1	-1.3797
13062005	935	0.1	-0.1	0.794601
13062005	936	0.1	-0.1	4.34571
13062005	937	0.1	-0.1	0.980479
13062005	938	0.1	-0.1	-1.24538
13062005	939	0.1	-0.1	2.23447
13062005	940	0.1	-0.1	-2.17609
13062005	941	0.1	-0.1	3.94338
13062005	942	0.1	-0.1	3.88193
13062005	943	0.1	-0.1	4.99913
13062005	944	0.1	-0.1	1.90204
13062005	945	0.1	-0.1	1.42198
13062005	946	0.1	-0.1	-3.77498
13062005	947	0.1	-0.1	-0.287643
13062005	948	0.1	-0.1	3.09229
13062005	949	0.1	-0.1	1.93683
13062005	950	0.1	-0.1	0.500959
13062005	951	0.1	-0.1	-3.9713
13062005	952	0.1	-0.1	-5.31545
13062005	953	0.1	-0.1	-1.8792
13062005	954	0.1	-0.1	3.91979
13062005	955	0.1	-0.1	-1.20204
13062005	956	0.1	-0.1	4.32586
13062005	957	0.1	-0.1	-0.162847
13062005	958	0.1	-0.1	-0.32416
13062005	959	0.1	-0.1	2.06329
13062005	960	0.1	-0.1	-2.00167
13062005	961	0.1	-0.1	5.7389
13062005	962	0.1	-0.1	-1.3921
13062005	963	0.1	-0.1	-1.94405
13062005	964	0.1	-0.1	-3.96744
13062005	965	0.1	-0.1	-0.0359494
13062005	966	0.1	-0.1	-5.3882
13062005	967	0.1	-0.1	2.16934
13062005	968	0.1	-0.1	-1.56806
13062005	969	0.1	-0.1	-1.19201
13062005	970	0.1	-0.1	-0.33621
13062005	971	0.1	-0.1	0.266609
13062005	972	0.1	-0.1	-4.43253
13062005	973	0.1	-0.1	1.1649
13062005	974	0.1	-0.1	-4.88004
13062005	975	0.1	-0.1	4.65298
13062005	976	0.1	-0.1	1.12902
13062005	977	0.1	-0.1	0.406325
13062005	978	0.1	-0.1	-1.48593
13062005	979	0.1	-0.1	2.69099
13062005	980	0.1	-0.1	-1.99833
13062005	981	0.1	-0.1	0.869835
13062005	982	0.1	-0.1	-4.42091
13062005	983	0.1	-0.1	3.9
13062005	984	0.1	-0.1	-0.0662791
13062005	985	0.1	-0.1	3.8399
13062005	986	0.1	-0.1	-0.47731
13062005	987	0.1	-0.1	-5.24583
13062005	988	0.1	-0.1	1.6441
13062005	989	0.1	-0.1	-2.28842
13062005	990	0.1	-0.1	5.94675
13062005	991	0.1	-0.1	-3.60758
13062005	992	0.1	-0.1	2.29006
13062005	993	0.1	-0.1	3.31697
13062005	994	0.1	-0.1	-0.933912
13062005	995	0.1	-0.1	-5.72941
13062005	996	0.1	-0.1	-1.083
13062005	997	0.1	-0.1	1.91798
13062005	998	0.1	-0.1	-4.00906
13062005	999	0.1	-0.1	-4.15349
13062005	1000	0.1	-0.1	-2.2541
