13068036	1	0.1	-0.1	2.78995
13068036	2	0.1	-0.1	2.27942
13068036	3	0.1	-0.1	-1.42211
13068036	4	0.1	-0.1	4.03183
13068036	5	0.1	-0.1	1.71695
13068036	6	0.1	-0.1	-1.22819
13068036	7	0.1	-0.1	-0.406053
13068036	8	0.1	-0.1	-4.85842
13068036	9	0.1	-0.1	5.44481
13068036	10	0.1	-0.1	-2.61444
13068036	11	0.1	-0.1	-4.65574
13068036	12	0.1	-0.1	-5.90214
13068036	13	0.1	-0.1	1.73594
13068036	14	0.1	-0.1	1.22218
13068036	15	0.1	-0.1	-4.01643
13068036	16	0.1	-0.1	-5.85678
13068036	17	0.1	-0.1	5.37504
13068036	18	0.1	-0.1	-1.95179
13068036	19	0.1	-0.1	-5.68203
13068036	20	0.1	-0.1	-2.69805
13068036	21	0.1	-0.1	2.36051
13068036	22	0.1	-0.1	2.67526
13068036	23	0.1	-0.1	0.161966
13068036	24	0.1	-0.1	2.82457
13068036	25	0.1	-0.1	-2.88855
13068036	26	0.1	-0.1	3.06126
13068036	27	0.1	-0.1	-2.86921
13068036	28	0.1	-0.1	-2.02989
13068036	29	0.1	-0.1	0.954437
13068036	30	0.1	-0.1	-3.48558
13068036	31	0.1	-0.1	-4.23924
13068036	32	0.1	-0.1	4.11053
13068036	33	0.1	-0.1	-1.13513
13068036	34	0.1	-0.1	-1.13315
13068036	35	0.1	-0.1	2.19118
13068036	36	0.1	-0.1	-2.4515
13068036	37	0.1	-0.1	3.00699
13068036	38	0.1	-0.1	0.804672
13068036	39	0.1	-0.1	1.21374
13068036	40	0.1	-0.1	1.6221
13068036	41	0.1	-0.1	4.04262
13068036	42	0.1	-0.1	-0.153464
13068036	43	0.1	-0.1	-5.1565
13068036	44	0.1	-0.1	-1.47479
13068036	45	0.1	-0.1	-4.33343
13068036	46	0.1	-0.1	3.01155
13068036	47	0.1	-0.1	-1.50613
13068036	48	0.1	-0.1	0.324831
13068036	49	0.1	-0.1	-5.51818
13068036	50	0.1	-0.1	-4.55361
13068036	51	0.1	-0.1	0.486277
13068036	52	0.1	-0.1	3.88807
13068036	53	0.1	-0.1	2.73577
13068036	54	0.1	-0.1	0.860984
13068036	55	0.1	-0.1	0.792204
13068036	56	0.1	-0.1	-3.56051
13068036	57	0.1	-0.1	1.38286
13068036	58	0.1	-0.1	5.69639
13068036	59	0.1	-0.1	-1.30623
13068036	60	0.1	-0.1	4.49625
13068036	61	0.1	-0.1	-5.79812
13068036	62	0.1	-0.1	-0.767081
13068036	63	0.1	-0.1	-1.36469
13068036	64	0.1	-0.1	-2.0515
13068036	65	0.1	-0.1	-1.32278
13068036	66	0.1	-0.1	-3.83171
13068036	67	0.1	-0.1	-5.75861
13068036	68	0.1	-0.1	5.0547
13068036	69	0.1	-0.1	-5.98945
13068036	70	0.1	-0.1	4.20407
13068036	71	0.1	-0.1	3.21143
13068036	72	0.1	-0.1	2.80777
13068036	73	0.1	-0.1	4.10065
13068036	74	0.1	-0.1	0.776861
13068036	75	0.1	-0.1	4.97442
13068036	76	0.1	-0.1	-5.66759
13068036	77	0.1	-0.1	1.2981
13068036	78	0.1	-0.1	-2.08728
13068036	79	0.1	-0.1	3.77639
13068036	80	0.1	-0.1	4.81147
13068036	81	0.1	-0.1	0.0428438
13068036	82	0.1	-0.1	5.66469
13068036	83	0.1	-0.1	-0.247905
13068036	84	0.1	-0.1	2.92975
13068036	85	0.1	-0.1	3.86706
13068036	86	0.1	-0.1	-2.66908
13068036	87	0.1	-0.1	2.17139
13068036	88	0.1	-0.1	1.23184
13068036	89	0.1	-0.1	4.21606
13068036	90	0.1	-0.1	5.6412
13068036	91	0.1	-0.1	-2.36654
13068036	92	0.1	-0.1	-2.73964
13068036	93	0.1	-0.1	-2.41581
13068036	94	0.1	-0.1	-0.979408
13068036	95	0.1	-0.1	-2.75475
13068036	96	0.1	-0.1	-0.762376
13068036	97	0.1	-0.1	4.63654
13068036	98	0.1	-0.1	-2.00404
13068036	99	0.1	-0.1	-5.3557
13068036	100	0.1	-0.1	-1.21904
13068036	101	0.1	-0.1	0.603794
13068036	102	0.1	-0.1	4.55155
13068036	103	0.1	-0.1	-0.647921
13068036	104	0.1	-0.1	-2.9537
13068036	105	0.1	-0.1	-3.28847
13068036	106	0.1	-0.1	-0.48773
13068036	107	0.1	-0.1	5.56143
13068036	108	0.1	-0.1	-3.22852
13068036	109	0.1	-0.1	-1.84795
13068036	110	0.1	-0.1	0.667188
13068036	111	0.1	-0.1	2.02168
13068036	112	0.1	-0.1	-4.10041
13068036	113	0.1	-0.1	-3.02277
13068036	114	0.1	-0.1	3.86104
13068036	115	0.1	-0.1	-4.115
13068036	116	0.1	-0.1	4.9123
13068036	117	0.1	-0.1	-0.896111
13068036	118	0.1	-0.1	2.76326
13068036	119	0.1	-0.1	-4.68773
13068036	120	0.1	-0.1	4.05282
13068036	121	0.1	-0.1	0.611042
13068036	122	0.1	-0.1	4.20513
13068036	123	0.1	-0.1	3.4758
13068036	124	0.1	-0.1	-5.66367
13068036	125	0.1	-0.1	-3.66913
13068036	126	0.1	-0.1	1.09434
13068036	127	0.1	-0.1	-5.86387
13068036	128	0.1	-0.1	0.887644
13068036	129	0.1	-0.1	4.62882
13068036	130	0.1	-0.1	-0.193863
13068036	131	0.1	-0.1	-1.28361
13068036	132	0.1	-0.1	0.865648
13068036	133	0.1	-0.1	-2.98701
13068036	134	0.1	-0.1	-0.781312
13068036	135	0.1	-0.1	-3.08005
13068036	136	0.1	-0.1	-3.08769
13068036	137	0.1	-0.1	3.63302
13068036	138	0.1	-0.1	-3.3861
13068036	139	0.1	-0.1	-5.77674
13068036	140	0.1	-0.1	-0.137216
13068036	141	0.1	-0.1	2.89776
13068036	142	0.1	-0.1	1.38272
13068036	143	0.1	-0.1	5.00524
13068036	144	0.1	-0.1	1.61205
13068036	145	0.1	-0.1	1.56933
13068036	146	0.1	-0.1	1.41226
13068036	147	0.1	-0.1	-4.7033
13068036	148	0.1	-0.1	-0.393003
13068036	149	0.1	-0.1	-0.366204
13068036	150	0.1	-0.1	-1.27094
13068036	151	0.1	-0.1	0.995
13068036	152	0.1	-0.1	-3.67852
13068036	153	0.1	-0.1	-1.5333
13068036	154	0.1	-0.1	-5.65604
13068036	155	0.1	-0.1	4.61515
13068036	156	0.1	-0.1	-1.68224
13068036	157	0.1	-0.1	-3.9446
13068036	158	0.1	-0.1	-0.129338
13068036	159	0.1	-0.1	-1.45437
13068036	160	0.1	-0.1	2.50241
13068036	161	0.1	-0.1	-3.77369
13068036	162	0.1	-0.1	-0.986661
13068036	163	0.1	-0.1	-2.27754
13068036	164	0.1	-0.1	-4.30044
13068036	165	0.1	-0.1	3.81721
13068036	166	0.1	-0.1	0.44229
13068036	167	0.1	-0.1	-5.18231
13068036	168	0.1	-0.1	4.77159
13068036	169	0.1	-0.1	-3.36244
13068036	170	0.1	-0.1	-1.50896
13068036	171	0.1	-0.1	0.973248
13068036	172	0.1	-0.1	2.55544
13068036	173	0.1	-0.1	-1.13953
13068036	174	0.1	-0.1	-0.205151
13068036	175	0.1	-0.1	-4.53674
13068036	176	0.1	-0.1	1.54286
13068036	177	0.1	-0.1	5.61412
13068036	178	0.1	-0.1	5.20541
13068036	179	0.1	-0.1	-2.51899
13068036	180	0.1	-0.1	-5.89499
13068036	181	0.1	-0.1	4.26448
13068036	182	0.1	-0.1	2.63618
13068036	183	0.1	-0.1	-2.40734
13068036	184	0.1	-0.1	-0.798326
13068036	185	0.1	-0.1	-0.773299
13068036	186	0.1	-0.1	5.86863
13068036	187	0.1	-0.1	1.84894
13068036	188	0.1	-0.1	0.504677
13068036	189	0.1	-0.1	4.53046
13068036	190	0.1	-0.1	1.34476
13068036	191	0.1	-0.1	4.80543
13068036	192	0.1	-0.1	3.10106
13068036	193	0.1	-0.1	1.21565
13068036	194	0.1	-0.1	0.868436
13068036	195	0.1	-0.1	-1.26778
13068036	196	0.1	-0.1	-4.47026
13068036	197	0.1	-0.1	-1.26615
13068036	198	0.1	-0.1	-4.80698
13068036	199	0.1	-0.1	-5.07226
13068036	200	0.1	-0.1	-2.46805
13068036	201	0.1	-0.1	1.74574
13068036	202	0.1	-0.1	-1.88701
13068036	203	0.1	-0.1	3.18682
13068036	204	0.1	-0.1	2.41979
13068036	205	0.1	-0.1	2.80814
13068036	206	0.1	-0.1	4.10989
13068036	207	0.1	-0.1	-3.24703
13068036	208	0.1	-0.1	-1.81524
13068036	209	0.1	-0.1	-1.30792
13068036	210	0.1	-0.1	5.99886
13068036	211	0.1	-0.1	1.37909
13068036	212	0.1	-0.1	3.96915
13068036	213	0.1	-0.1	-0.789637
13068036	214	0.1	-0.1	-0.997138
13068036	215	0.1	-0.1	-5.42575
13068036	216	0.1	-0.1	1.09968
13068036	217	0.1	-0.1	-3.08257
13068036	218	0.1	-0.1	-4.2589
13068036	219	0.1	-0.1	-0.659995
13068036	220	0.1	-0.1	4.07246
13068036	221	0.1	-0.1	-3.18571
13068036	222	0.1	-0.1	0.668811
13068036	223	0.1	-0.1	5.50633
13068036	224	0.1	-0.1	-3.41132
13068036	225	0.1	-0.1	1.99687
13068036	226	0.1	-0.1	-0.686538
13068036	227	0.1	-0.1	-4.15034
13068036	228	0.1	-0.1	-3.00836
13068036	229	0.1	-0.1	-2.46966
13068036	230	0.1	-0.1	-3.0026
13068036	231	0.1	-0.1	5.95118
13068036	232	0.1	-0.1	-4.86096
13068036	233	0.1	-0.1	-1.96501
13068036	234	0.1	-0.1	-1.42769
13068036	235	0.1	-0.1	5.00161
13068036	236	0.1	-0.1	-2.30674
13068036	237	0.1	-0.1	5.88022
13068036	238	0.1	-0.1	-5.60104
13068036	239	0.1	-0.1	1.03709
13068036	240	0.1	-0.1	4.45869
13068036	241	0.1	-0.1	3.05708
13068036	242	0.1	-0.1	5.35196
13068036	243	0.1	-0.1	-3.14676
13068036	244	0.1	-0.1	-0.436602
13068036	245	0.1	-0.1	-5.79137
13068036	246	0.1	-0.1	-4.02556
13068036	247	0.1	-0.1	-5.38561
13068036	248	0.1	-0.1	0.683721
13068036	249	0.1	-0.1	-5.3721
13068036	250	0.1	-0.1	-2.99829
13068036	251	0.1	-0.1	-4.46398
13068036	252	0.1	-0.1	3.12035
13068036	253	0.1	-0.1	-0.155556
13068036	254	0.1	-0.1	2.0627
13068036	255	0.1	-0.1	-0.805811
13068036	256	0.1	-0.1	-2.32131
13068036	257	0.1	-0.1	0.787027
13068036	258	0.1	-0.1	-1.80606
13068036	259	0.1	-0.1	-0.59518
13068036	260	0.1	-0.1	2.81605
13068036	261	0.1	-0.1	-5.02953
13068036	262	0.1	-0.1	-3.2767
13068036	263	0.1	-0.1	3.58063
13068036	264	0.1	-0.1	4.86263
13068036	265	0.1	-0.1	5.22687
13068036	266	0.1	-0.1	-1.51869
13068036	267	0.1	-0.1	-1.77896
13068036	268	0.1	-0.1	-5.04
13068036	269	0.1	-0.1	2.2263
13068036	270	0.1	-0.1	-1.63744
13068036	271	0.1	-0.1	2.35134
13068036	272	0.1	-0.1	-4.93853
13068036	273	0.1	-0.1	2.8514
13068036	274	0.1	-0.1	-0.273843
13068036	275	0.1	-0.1	-1.84837
13068036	276	0.1	-0.1	-0.966344
13068036	277	0.1	-0.1	-1.90974
13068036	278	0.1	-0.1	-4.09462
13068036	279	0.1	-0.1	1.70695
13068036	280	0.1	-0.1	3.1154
13068036	281	0.1	-0.1	-1.11729
13068036	282	0.1	-0.1	-1.92619
13068036	283	0.1	-0.1	-2.18106
13068036	284	0.1	-0.1	-1.96925
13068036	285	0.1	-0.1	3.16827
13068036	286	0.1	-0.1	-0.0810483
13068036	287	0.1	-0.1	5.15613
13068036	288	0.1	-0.1	2.96472
13068036	289	0.1	-0.1	2.97621
13068036	290	0.1	-0.1	0.300893
13068036	291	0.1	-0.1	5.81938
13068036	292	0.1	-0.1	5.52247
13068036	293	0.1	-0.1	-5.77858
13068036	294	0.1	-0.1	1.16964
13068036	295	0.1	-0.1	5.722
13068036	296	0.1	-0.1	-3.91515
13068036	297	0.1	-0.1	-0.819605
13068036	298	0.1	-0.1	-4.07543
13068036	299	0.1	-0.1	1.63463
13068036	300	0.1	-0.1	4.74498
13068036	301	0.1	-0.1	-3.60892
13068036	302	0.1	-0.1	0.349718
13068036	303	0.1	-0.1	-4.77834
13068036	304	0.1	-0.1	-5.12382
13068036	305	0.1	-0.1	-1.59631
13068036	306	0.1	-0.1	1.4787
13068036	307	0.1	-0.1	0.678768
13068036	308	0.1	-0.1	5.3409
13068036	309	0.1	-0.1	5.4432
13068036	310	0.1	-0.1	-3.35087
13068036	311	0.1	-0.1	-5.85598
13068036	312	0.1	-0.1	-4.18233
13068036	313	0.1	-0.1	0.626064
13068036	314	0.1	-0.1	-0.925005
13068036	315	0.1	-0.1	4.76847
13068036	316	0.1	-0.1	2.13716
13068036	317	0.1	-0.1	-2.58378
13068036	318	0.1	-0.1	3.11196
13068036	319	0.1	-0.1	1.32731
13068036	320	0.1	-0.1	1.0029
13068036	321	0.1	-0.1	-4.81168
13068036	322	0.1	-0.1	-0.0571529
13068036	323	0.1	-0.1	-4.97047
13068036	324	0.1	-0.1	2.26054
13068036	325	0.1	-0.1	-0.632479
13068036	326	0.1	-0.1	1.74961
13068036	327	0.1	-0.1	-5.70507
13068036	328	0.1	-0.1	-0.130587
13068036	329	0.1	-0.1	2.35531
13068036	330	0.1	-0.1	5.34288
13068036	331	0.1	-0.1	-1.6696
13068036	332	0.1	-0.1	-5.81552
13068036	333	0.1	-0.1	5.55136
13068036	334	0.1	-0.1	-4.57224
13068036	335	0.1	-0.1	-2.00255
13068036	336	0.1	-0.1	-0.398473
13068036	337	0.1	-0.1	0.0707587
13068036	338	0.1	-0.1	3.29576
13068036	339	0.1	-0.1	-2.79482
13068036	340	0.1	-0.1	-0.965705
13068036	341	0.1	-0.1	1.42061
13068036	342	0.1	-0.1	-2.45931
13068036	343	0.1	-0.1	-1.59613
13068036	344	0.1	-0.1	0.0553093
13068036	345	0.1	-0.1	1.19223
13068036	346	0.1	-0.1	-3.73124
13068036	347	0.1	-0.1	0.455866
13068036	348	0.1	-0.1	-3.17495
13068036	349	0.1	-0.1	4.85997
13068036	350	0.1	-0.1	-1.55289
13068036	351	0.1	-0.1	5.80109
13068036	352	0.1	-0.1	-4.62906
13068036	353	0.1	-0.1	4.76137
13068036	354	0.1	-0.1	-2.57948
13068036	355	0.1	-0.1	-1.15633
13068036	356	0.1	-0.1	0.690882
13068036	357	0.1	-0.1	1.55882
13068036	358	0.1	-0.1	-3.17613
13068036	359	0.1	-0.1	-4.84629
13068036	360	0.1	-0.1	2.55348
13068036	361	0.1	-0.1	4.24192
13068036	362	0.1	-0.1	2.01233
13068036	363	0.1	-0.1	3.40154
13068036	364	0.1	-0.1	-0.593831
13068036	365	0.1	-0.1	-0.761758
13068036	366	0.1	-0.1	1.97027
13068036	367	0.1	-0.1	-5.51714
13068036	368	0.1	-0.1	2.03268
13068036	369	0.1	-0.1	1.82567
13068036	370	0.1	-0.1	-0.473087
13068036	371	0.1	-0.1	-3.47659
13068036	372	0.1	-0.1	-4.54994
13068036	373	0.1	-0.1	2.23175
13068036	374	0.1	-0.1	4.07349
13068036	375	0.1	-0.1	5.00167
13068036	376	0.1	-0.1	1.48592
13068036	377	0.1	-0.1	-2.54327
13068036	378	0.1	-0.1	5.00033
13068036	379	0.1	-0.1	1.76079
13068036	380	0.1	-0.1	-0.383976
13068036	381	0.1	-0.1	4.73437
13068036	382	0.1	-0.1	-2.80281
13068036	383	0.1	-0.1	3.23074
13068036	384	0.1	-0.1	3.59994
13068036	385	0.1	-0.1	-1.17641
13068036	386	0.1	-0.1	3.51989
13068036	387	0.1	-0.1	-3.09178
13068036	388	0.1	-0.1	1.04794
13068036	389	0.1	-0.1	1.08847
13068036	390	0.1	-0.1	-5.35911
13068036	391	0.1	-0.1	3.0837
13068036	392	0.1	-0.1	-2.19048
13068036	393	0.1	-0.1	5.03611
13068036	394	0.1	-0.1	2.0929
13068036	395	0.1	-0.1	0.310128
13068036	396	0.1	-0.1	2.29949
13068036	397	0.1	-0.1	1.18706
13068036	398	0.1	-0.1	5.68301
13068036	399	0.1	-0.1	-0.729709
13068036	400	0.1	-0.1	4.64064
13068036	401	0.1	-0.1	0.509593
13068036	402	0.1	-0.1	0.744552
13068036	403	0.1	-0.1	-1.94285
13068036	404	0.1	-0.1	5.48495
13068036	405	0.1	-0.1	2.4559
13068036	406	0.1	-0.1	3.05289
13068036	407	0.1	-0.1	3.7581
13068036	408	0.1	-0.1	-3.90918
13068036	409	0.1	-0.1	-2.79968
13068036	410	0.1	-0.1	2.66389
13068036	411	0.1	-0.1	-4.97779
13068036	412	0.1	-0.1	2.88252
13068036	413	0.1	-0.1	-3.18776
13068036	414	0.1	-0.1	-1.8309
13068036	415	0.1	-0.1	2.32174
13068036	416	0.1	-0.1	3.50926
13068036	417	0.1	-0.1	-1.17179
13068036	418	0.1	-0.1	5.92212
13068036	419	0.1	-0.1	-3.80593
13068036	420	0.1	-0.1	4.58394
13068036	421	0.1	-0.1	-3.26541
13068036	422	0.1	-0.1	1.33907
13068036	423	0.1	-0.1	5.68845
13068036	424	0.1	-0.1	-4.95504
13068036	425	0.1	-0.1	-3.01848
13068036	426	0.1	-0.1	-2.12824
13068036	427	0.1	-0.1	-1.94469
13068036	428	0.1	-0.1	4.88627
13068036	429	0.1	-0.1	-5.96167
13068036	430	0.1	-0.1	-3.7429
13068036	431	0.1	-0.1	-3.84386
13068036	432	0.1	-0.1	-5.58832
13068036	433	0.1	-0.1	1.21689
13068036	434	0.1	-0.1	1.4374
13068036	435	0.1	-0.1	-2.84366
13068036	436	0.1	-0.1	5.96362
13068036	437	0.1	-0.1	-1.11358
13068036	438	0.1	-0.1	-3.44836
13068036	439	0.1	-0.1	-4.04126
13068036	440	0.1	-0.1	2.81766
13068036	441	0.1	-0.1	-4.70362
13068036	442	0.1	-0.1	-5.23575
13068036	443	0.1	-0.1	-0.266301
13068036	444	0.1	-0.1	5.96294
13068036	445	0.1	-0.1	1.62969
13068036	446	0.1	-0.1	3.73755
13068036	447	0.1	-0.1	-4.56239
13068036	448	0.1	-0.1	2.83865
13068036	449	0.1	-0.1	-2.57787
13068036	450	0.1	-0.1	-1.1241
13068036	451	0.1	-0.1	5.07231
13068036	452	0.1	-0.1	-3.9634
13068036	453	0.1	-0.1	5.10581
13068036	454	0.1	-0.1	0.130858
13068036	455	0.1	-0.1	1.19745
13068036	456	0.1	-0.1	5.38168
13068036	457	0.1	-0.1	0.597902
13068036	458	0.1	-0.1	-1.35975
13068036	459	0.1	-0.1	0.280086
13068036	460	0.1	-0.1	-4.06174
13068036	461	0.1	-0.1	-1.8547
13068036	462	0.1	-0.1	3.66728
13068036	463	0.1	-0.1	-3.16322
13068036	464	0.1	-0.1	-5.35292
13068036	465	0.1	-0.1	1.09542
13068036	466	0.1	-0.1	3.42649
13068036	467	0.1	-0.1	-2.71016
13068036	468	0.1	-0.1	5.20006
13068036	469	0.1	-0.1	5.5456
13068036	470	0.1	-0.1	-5.66629
13068036	471	0.1	-0.1	2.04052
13068036	472	0.1	-0.1	2.66436
13068036	473	0.1	-0.1	4.03154
13068036	474	0.1	-0.1	3.90486
13068036	475	0.1	-0.1	0.884697
13068036	476	0.1	-0.1	1.35973
13068036	477	0.1	-0.1	0.444428
13068036	478	0.1	-0.1	-4.47972
13068036	479	0.1	-0.1	2.5577
13068036	480	0.1	-0.1	4.22254
13068036	481	0.1	-0.1	-0.928397
13068036	482	0.1	-0.1	-1.13368
13068036	483	0.1	-0.1	3.53957
13068036	484	0.1	-0.1	-3.65973
13068036	485	0.1	-0.1	1.22307
13068036	486	0.1	-0.1	-5.40411
13068036	487	0.1	-0.1	2.47466
13068036	488	0.1	-0.1	-0.634523
13068036	489	0.1	-0.1	3.71679
13068036	490	0.1	-0.1	1.04296
13068036	491	0.1	-0.1	0.86516
13068036	492	0.1	-0.1	-0.570146
13068036	493	0.1	-0.1	3.8495
13068036	494	0.1	-0.1	4.32826
13068036	495	0.1	-0.1	5.28822
13068036	496	0.1	-0.1	-1.97653
13068036	497	0.1	-0.1	-2.05033
13068036	498	0.1	-0.1	1.40427
13068036	499	0.1	-0.1	4.88558
13068036	500	0.1	-0.1	-4.58972
13068036	501	0.1	-0.1	0.707461
13068036	502	0.1	-0.1	2.96362
13068036	503	0.1	-0.1	-4.59578
13068036	504	0.1	-0.1	-5.08664
13068036	505	0.1	-0.1	5.35814
13068036	506	0.1	-0.1	-4.29333
13068036	507	0.1	-0.1	1.27926
13068036	508	0.1	-0.1	4.5075
13068036	509	0.1	-0.1	3.08172
13068036	510	0.1	-0.1	-2.75744
13068036	511	0.1	-0.1	-5.75149
13068036	512	0.1	-0.1	0.63412
13068036	513	0.1	-0.1	-2.37825
13068036	514	0.1	-0.1	4.53584
13068036	515	0.1	-0.1	-0.361241
13068036	516	0.1	-0.1	1.09518
13068036	517	0.1	-0.1	-2.05706
13068036	518	0.1	-0.1	-1.91688
13068036	519	0.1	-0.1	1.75338
13068036	520	0.1	-0.1	-5.96063
13068036	521	0.1	-0.1	5.66795
13068036	522	0.1	-0.1	-2.04217
13068036	523	0.1	-0.1	-5.41547
13068036	524	0.1	-0.1	4.45064
13068036	525	0.1	-0.1	2.26417
13068036	526	0.1	-0.1	-5.57168
13068036	527	0.1	-0.1	-3.79841
13068036	528	0.1	-0.1	-5.5284
13068036	529	0.1	-0.1	-0.768677
13068036	530	0.1	-0.1	1.97106
13068036	531	0.1	-0.1	5.02679
13068036	532	0.1	-0.1	-1.95941
13068036	533	0.1	-0.1	5.1087
13068036	534	0.1	-0.1	-5.0447
13068036	535	0.1	-0.1	3.6745
13068036	536	0.1	-0.1	-3.74012
13068036	537	0.1	-0.1	4.03925
13068036	538	0.1	-0.1	1.77298
13068036	539	0.1	-0.1	-4.0255
13068036	540	0.1	-0.1	-5.68584
13068036	541	0.1	-0.1	-4.12833
13068036	542	0.1	-0.1	2.14669
13068036	543	0.1	-0.1	-2.35491
13068036	544	0.1	-0.1	-2.18196
13068036	545	0.1	-0.1	4.3351
13068036	546	0.1	-0.1	-0.681199
13068036	547	0.1	-0.1	2.43427
13068036	548	0.1	-0.1	-5.40935
13068036	549	0.1	-0.1	-0.482196
13068036	550	0.1	-0.1	2.25204
13068036	551	0.1	-0.1	4.89196
13068036	552	0.1	-0.1	-1.17485
13068036	553	0.1	-0.1	-2.69836
13068036	554	0.1	-0.1	-1.94038
13068036	555	0.1	-0.1	-5.44538
13068036	556	0.1	-0.1	5.28174
13068036	557	0.1	-0.1	3.90536
13068036	558	0.1	-0.1	-2.77311
13068036	559	0.1	-0.1	4.01212
13068036	560	0.1	-0.1	-5.13998
13068036	561	0.1	-0.1	5.33838
13068036	562	0.1	-0.1	-3.19808
13068036	563	0.1	-0.1	-4.26036
13068036	564	0.1	-0.1	2.72153
13068036	565	0.1	-0.1	4.72686
13068036	566	0.1	-0.1	-2.46551
13068036	567	0.1	-0.1	3.36587
13068036	568	0.1	-0.1	5.35614
13068036	569	0.1	-0.1	0.927768
13068036	570	0.1	-0.1	3.48941
13068036	571	0.1	-0.1	2.93177
13068036	572	0.1	-0.1	4.68531
13068036	573	0.1	-0.1	-1.04658
13068036	574	0.1	-0.1	-0.871334
13068036	575	0.1	-0.1	-5.67455
13068036	576	0.1	-0.1	3.13096
13068036	577	0.1	-0.1	-3.5171
13068036	578	0.1	-0.1	1.12473
13068036	579	0.1	-0.1	-2.45327
13068036	580	0.1	-0.1	-0.542843
13068036	581	0.1	-0.1	1.81193
13068036	582	0.1	-0.1	-0.595826
13068036	583	0.1	-0.1	2.8598
13068036	584	0.1	-0.1	-3.94934
13068036	585	0.1	-0.1	3.91836
13068036	586	0.1	-0.1	-0.230697
13068036	587	0.1	-0.1	-4.85214
13068036	588	0.1	-0.1	-5.31539
13068036	589	0.1	-0.1	2.21141
13068036	590	0.1	-0.1	-4.00027
13068036	591	0.1	-0.1	1.36252
13068036	592	0.1	-0.1	-4.23722
13068036	593	0.1	-0.1	4.15109
13068036	594	0.1	-0.1	4.01064
13068036	595	0.1	-0.1	4.8666
13068036	596	0.1	-0.1	2.96992
13068036	597	0.1	-0.1	2.25009
13068036	598	0.1	-0.1	0.173506
13068036	599	0.1	-0.1	0.59947
13068036	600	0.1	-0.1	4.13052
13068036	601	0.1	-0.1	-5.88522
13068036	602	0.1	-0.1	-5.08778
13068036	603	0.1	-0.1	2.62769
13068036	604	0.1	-0.1	4.67441
13068036	605	0.1	-0.1	-5.20801
13068036	606	0.1	-0.1	-5.64899
13068036	607	0.1	-0.1	-0.316423
13068036	608	0.1	-0.1	1.9062
13068036	609	0.1	-0.1	1.20542
13068036	610	0.1	-0.1	-4.69613
13068036	611	0.1	-0.1	0.759639
13068036	612	0.1	-0.1	-4.75799
13068036	613	0.1	-0.1	0.536552
13068036	614	0.1	-0.1	3.53167
13068036	615	0.1	-0.1	3.44291
13068036	616	0.1	-0.1	4.33712
13068036	617	0.1	-0.1	-2.47245
13068036	618	0.1	-0.1	2.29266
13068036	619	0.1	-0.1	0.52847
13068036	620	0.1	-0.1	-2.42796
13068036	621	0.1	-0.1	3.91767
13068036	622	0.1	-0.1	3.52073
13068036	623	0.1	-0.1	-3.74397
13068036	624	0.1	-0.1	-2.04893
13068036	625	0.1	-0.1	-0.69715
13068036	626	0.1	-0.1	-3.83354
13068036	627	0.1	-0.1	-2.06824
13068036	628	0.1	-0.1	-2.86042
13068036	629	0.1	-0.1	-4.25976
13068036	630	0.1	-0.1	-1.2653
13068036	631	0.1	-0.1	-4.62749
13068036	632	0.1	-0.1	-5.03766
13068036	633	0.1	-0.1	0.917704
13068036	634	0.1	-0.1	0.400114
13068036	635	0.1	-0.1	0.89299
13068036	636	0.1	-0.1	-4.53408
13068036	637	0.1	-0.1	0.0929742
13068036	638	0.1	-0.1	5.00694
13068036	639	0.1	-0.1	4.77883
13068036	640	0.1	-0.1	3.92273
13068036	641	0.1	-0.1	1.78201
13068036	642	0.1	-0.1	-3.53161
13068036	643	0.1	-0.1	-0.484398
13068036	644	0.1	-0.1	-0.281237
13068036	645	0.1	-0.1	2.2306
13068036	646	0.1	-0.1	4.57031
13068036	647	0.1	-0.1	-0.618432
13068036	648	0.1	-0.1	1.28975
13068036	649	0.1	-0.1	-1.9091
13068036	650	0.1	-0.1	-3.33163
13068036	651	0.1	-0.1	5.61764
13068036	652	0.1	-0.1	0.763364
13068036	653	0.1	-0.1	2.69607
13068036	654	0.1	-0.1	-3.78384
13068036	655	0.1	-0.1	-0.811232
13068036	656	0.1	-0.1	1.59596
13068036	657	0.1	-0.1	-4.8005
13068036	658	0.1	-0.1	-4.82091
13068036	659	0.1	-0.1	5.67867
13068036	660	0.1	-0.1	-0.445712
13068036	661	0.1	-0.1	0.748256
13068036	662	0.1	-0.1	4.53439
13068036	663	0.1	-0.1	-0.875866
13068036	664	0.1	-0.1	-3.98042
13068036	665	0.1	-0.1	-5.36782
13068036	666	0.1	-0.1	0.439235
13068036	667	0.1	-0.1	-0.266309
13068036	668	0.1	-0.1	-0.45017
13068036	669	0.1	-0.1	2.97994
13068036	670	0.1	-0.1	4.42602
13068036	671	0.1	-0.1	5.84522
13068036	672	0.1	-0.1	0.997284
13068036	673	0.1	-0.1	-1.05054
13068036	674	0.1	-0.1	-0.00504211
13068036	675	0.1	-0.1	1.11227
13068036	676	0.1	-0.1	-0.850534
13068036	677	0.1	-0.1	-2.42888
13068036	678	0.1	-0.1	-3.60459
13068036	679	0.1	-0.1	-5.52446
13068036	680	0.1	-0.1	5.10921
13068036	681	0.1	-0.1	0.0285099
13068036	682	0.1	-0.1	1.59717
13068036	683	0.1	-0.1	0.414184
13068036	684	0.1	-0.1	3.30919
13068036	685	0.1	-0.1	-3.84525
13068036	686	0.1	-0.1	4.64646
13068036	687	0.1	-0.1	3.54565
13068036	688	0.1	-0.1	-1.59651
13068036	689	0.1	-0.1	0.0722322
13068036	690	0.1	-0.1	-2.41987
13068036	691	0.1	-0.1	2.55652
13068036	692	0.1	-0.1	-2.49864
13068036	693	0.1	-0.1	-3.05668
13068036	694	0.1	-0.1	-2.02848
13068036	695	0.1	-0.1	4.01392
13068036	696	0.1	-0.1	-3.23356
13068036	697	0.1	-0.1	-3.12943
13068036	698	0.1	-0.1	4.90327
13068036	699	0.1	-0.1	-5.05926
13068036	700	0.1	-0.1	-3.74873
13068036	701	0.1	-0.1	-1.17778
13068036	702	0.1	-0.1	3.47322
13068036	703	0.1	-0.1	3.82172
13068036	704	0.1	-0.1	3.43082
13068036	705	0.1	-0.1	1.73409
13068036	706	0.1	-0.1	0.0894951
13068036	707	0.1	-0.1	2.13189
13068036	708	0.1	-0.1	3.03831
13068036	709	0.1	-0.1	-3.69639
13068036	710	0.1	-0.1	-1.40949
13068036	711	0.1	-0.1	-1.08533
13068036	712	0.1	-0.1	2.67692
13068036	713	0.1	-0.1	1.64135
13068036	714	0.1	-0.1	0.95023
13068036	715	0.1	-0.1	-3.26559
13068036	716	0.1	-0.1	-5.42076
13068036	717	0.1	-0.1	-0.691141
13068036	718	0.1	-0.1	1.08344
13068036	719	0.1	-0.1	0.508772
13068036	720	0.1	-0.1	-2.00376
13068036	721	0.1	-0.1	0.424035
13068036	722	0.1	-0.1	-5.18023
13068036	723	0.1	-0.1	-2.39099
13068036	724	0.1	-0.1	-4.14085
13068036	725	0.1	-0.1	1.74662
13068036	726	0.1	-0.1	3.39816
13068036	727	0.1	-0.1	5.62111
13068036	728	0.1	-0.1	-5.45621
13068036	729	0.1	-0.1	-0.700086
13068036	730	0.1	-0.1	0.74429
13068036	731	0.1	-0.1	-2.30631
13068036	732	0.1	-0.1	5.61038
13068036	733	0.1	-0.1	4.07285
13068036	734	0.1	-0.1	-1.9241
13068036	735	0.1	-0.1	-0.206749
13068036	736	0.1	-0.1	3.3592
13068036	737	0.1	-0.1	-2.59883
13068036	738	0.1	-0.1	-0.189292
13068036	739	0.1	-0.1	5.28557
13068036	740	0.1	-0.1	5.36355
13068036	741	0.1	-0.1	1.18638
13068036	742	0.1	-0.1	0.474435
13068036	743	0.1	-0.1	0.858352
13068036	744	0.1	-0.1	-1.14125
13068036	745	0.1	-0.1	-4.90626
13068036	746	0.1	-0.1	-5.20447
13068036	747	0.1	-0.1	4.29148
13068036	748	0.1	-0.1	5.50422
13068036	749	0.1	-0.1	3.86609
13068036	750	0.1	-0.1	0.44824
13068036	751	0.1	-0.1	-0.579091
13068036	752	0.1	-0.1	4.85831
13068036	753	0.1	-0.1	2.93384
13068036	754	0.1	-0.1	-1.79548
13068036	755	0.1	-0.1	1.5434
13068036	756	0.1	-0.1	1.37726
13068036	757	0.1	-0.1	0.991038
13068036	758	0.1	-0.1	-4.02132
13068036	759	0.1	-0.1	-0.371133
13068036	760	0.1	-0.1	2.61167
13068036	761	0.1	-0.1	1.38667
13068036	762	0.1	-0.1	5.99803
13068036	763	0.1	-0.1	-1.01479
13068036	764	0.1	-0.1	3.44539
13068036	765	0.1	-0.1	4.09915
13068036	766	0.1	-0.1	0.889314
13068036	767	0.1	-0.1	0.918428
13068036	768	0.1	-0.1	1.30426
13068036	769	0.1	-0.1	-4.22504
13068036	770	0.1	-0.1	4.5186
13068036	771	0.1	-0.1	4.9321
13068036	772	0.1	-0.1	2.57461
13068036	773	0.1	-0.1	4.13659
13068036	774	0.1	-0.1	-2.96132
13068036	775	0.1	-0.1	0.839863
13068036	776	0.1	-0.1	-3.13819
13068036	777	0.1	-0.1	-3.8906
13068036	778	0.1	-0.1	4.71647
13068036	779	0.1	-0.1	0.72514
13068036	780	0.1	-0.1	4.32683
13068036	781	0.1	-0.1	0.538224
13068036	782	0.1	-0.1	-0.116019
13068036	783	0.1	-0.1	0.113821
13068036	784	0.1	-0.1	0.413016
13068036	785	0.1	-0.1	-4.28131
13068036	786	0.1	-0.1	0.748085
13068036	787	0.1	-0.1	4.33845
13068036	788	0.1	-0.1	5.07363
13068036	789	0.1	-0.1	2.35767
13068036	790	0.1	-0.1	1.58003
13068036	791	0.1	-0.1	3.15738
13068036	792	0.1	-0.1	0.382761
13068036	793	0.1	-0.1	-4.56019
13068036	794	0.1	-0.1	-2.32974
13068036	795	0.1	-0.1	-1.75483
13068036	796	0.1	-0.1	-0.45142
13068036	797	0.1	-0.1	1.62097
13068036	798	0.1	-0.1	1.27918
13068036	799	0.1	-0.1	-1.74375
13068036	800	0.1	-0.1	-5.37212
13068036	801	0.1	-0.1	2.98831
13068036	802	0.1	-0.1	-0.39098
13068036	803	0.1	-0.1	1.02262
13068036	804	0.1	-0.1	4.33668
13068036	805	0.1	-0.1	4.46367
13068036	806	0.1	-0.1	0.888206
13068036	807	0.1	-0.1	-4.76654
13068036	808	0.1	-0.1	-4.28263
13068036	809	0.1	-0.1	1.60508
13068036	810	0.1	-0.1	4.46125
13068036	811	0.1	-0.1	0.992191
13068036	812	0.1	-0.1	-0.567263
13068036	813	0.1	-0.1	1.01418
13068036	814	0.1	-0.1	0.82895
13068036	815	0.1	-0.1	-4.5568
13068036	816	0.1	-0.1	3.05815
13068036	817	0.1	-0.1	-2.93206
13068036	818	0.1	-0.1	3.2033
13068036	819	0.1	-0.1	-5.81763
13068036	820	0.1	-0.1	-0.0586269
13068036	821	0.1	-0.1	-0.00481662
13068036	822	0.1	-0.1	4.63847
13068036	823	0.1	-0.1	2.01239
13068036	824	0.1	-0.1	-2.70462
13068036	825	0.1	-0.1	3.764
13068036	826	0.1	-0.1	3.33832
13068036	827	0.1	-0.1	-2.59768
13068036	828	0.1	-0.1	-1.64616
13068036	829	0.1	-0.1	0.8813
13068036	830	0.1	-0.1	3.30451
13068036	831	0.1	-0.1	2.07229
13068036	832	0.1	-0.1	2.12629
13068036	833	0.1	-0.1	-4.20746
13068036	834	0.1	-0.1	-5.80582
13068036	835	0.1	-0.1	-5.99457
13068036	836	0.1	-0.1	-5.1416
13068036	837	0.1	-0.1	2.68906
13068036	838	0.1	-0.1	2.22051
13068036	839	0.1	-0.1	3.35797
13068036	840	0.1	-0.1	-1.3109
13068036	841	0.1	-0.1	-2.44576
13068036	842	0.1	-0.1	-3.90954
13068036	843	0.1	-0.1	-3.89503
13068036	844	0.1	-0.1	-3.14498
13068036	845	0.1	-0.1	2.93146
13068036	846	0.1	-0.1	-2.86943
13068036	847	0.1	-0.1	0.668576
13068036	848	0.1	-0.1	3.03285
13068036	849	0.1	-0.1	0.946648
13068036	850	0.1	-0.1	-5.20784
13068036	851	0.1	-0.1	4.22243
13068036	852	0.1	-0.1	-3.63605
13068036	853	0.1	-0.1	-0.295993
13068036	854	0.1	-0.1	-4.73667
13068036	855	0.1	-0.1	1.32964
13068036	856	0.1	-0.1	3.70389
13068036	857	0.1	-0.1	-2.03244
13068036	858	0.1	-0.1	1.27715
13068036	859	0.1	-0.1	-1.19069
13068036	860	0.1	-0.1	-4.41823
13068036	861	0.1	-0.1	4.84115
13068036	862	0.1	-0.1	-5.19405
13068036	863	0.1	-0.1	-4.40263
13068036	864	0.1	-0.1	-4.27954
13068036	865	0.1	-0.1	-5.56506
13068036	866	0.1	-0.1	-5.80227
13068036	867	0.1	-0.1	-3.7825
13068036	868	0.1	-0.1	-2.92056
13068036	869	0.1	-0.1	1.77458
13068036	870	0.1	-0.1	-4.77232
13068036	871	0.1	-0.1	-3.79675
13068036	872	0.1	-0.1	-4.26815
13068036	873	0.1	-0.1	2.51013
13068036	874	0.1	-0.1	5.11091
13068036	875	0.1	-0.1	-1.03726
13068036	876	0.1	-0.1	-0.600034
13068036	877	0.1	-0.1	-2.77913
13068036	878	0.1	-0.1	0.48528
13068036	879	0.1	-0.1	2.38837
13068036	880	0.1	-0.1	-5.05785
13068036	881	0.1	-0.1	-2.31207
13068036	882	0.1	-0.1	5.52971
13068036	883	0.1	-0.1	5.47058
13068036	884	0.1	-0.1	2.20609
13068036	885	0.1	-0.1	-1.42843
13068036	886	0.1	-0.1	-3.46596
13068036	887	0.1	-0.1	-4.14835
13068036	888	0.1	-0.1	3.02735
13068036	889	0.1	-0.1	1.15919
13068036	890	0.1	-0.1	2.07179
13068036	891	0.1	-0.1	-2.6467
13068036	892	0.1	-0.1	0.430295
13068036	893	0.1	-0.1	5.09444
13068036	894	0.1	-0.1	4.536
13068036	895	0.1	-0.1	-3.22358
13068036	896	0.1	-0.1	-5.43501
13068036	897	0.1	-0.1	0.2398
13068036	898	0.1	-0.1	-2.56558
13068036	899	0.1	-0.1	3.87844
13068036	900	0.1	-0.1	-4.11065
13068036	901	0.1	-0.1	-1.51869
13068036	902	0.1	-0.1	-2.74468
13068036	903	0.1	-0.1	4.05007
13068036	904	0.1	-0.1	-1.5946
13068036	905	0.1	-0.1	-2.11676
13068036	906	0.1	-0.1	-2.41959
13068036	907	0.1	-0.1	2.20548
13068036	908	0.1	-0.1	-0.203437
13068036	909	0.1	-0.1	4.84377
13068036	910	0.1	-0.1	4.57168
13068036	911	0.1	-0.1	-1.77746
13068036	912	0.1	-0.1	-0.28567
13068036	913	0.1	-0.1	-2.92195
13068036	914	0.1	-0.1	-5.44106
13068036	915	0.1	-0.1	4.28148
13068036	916	0.1	-0.1	4.11526
13068036	917	0.1	-0.1	-5.43731
13068036	918	0.1	-0.1	4.82865
13068036	919	0.1	-0.1	-4.58218
13068036	920	0.1	-0.1	3.64252
13068036	921	0.1	-0.1	-4.25584
13068036	922	0.1	-0.1	-1.22294
13068036	923	0.1	-0.1	-4.46046
13068036	924	0.1	-0.1	5.15126
13068036	925	0.1	-0.1	5.97483
13068036	926	0.1	-0.1	4.46484
13068036	927	0.1	-0.1	-1.87408
13068036	928	0.1	-0.1	5.48735
13068036	929	0.1	-0.1	-3.15815
13068036	930	0.1	-0.1	-4.69128
13068036	931	0.1	-0.1	-3.49745
13068036	932	0.1	-0.1	-3.12163
13068036	933	0.1	-0.1	5.14104
13068036	934	0.1	-0.1	1.63917
13068036	935	0.1	-0.1	5.11929
13068036	936	0.1	-0.1	5.98149
13068036	937	0.1	-0.1	-1.2093
13068036	938	0.1	-0.1	-3.61527
13068036	939	0.1	-0.1	0.882881
13068036	940	0.1	-0.1	0.865812
13068036	941	0.1	-0.1	-1.23848
13068036	942	0.1	-0.1	0.477672
13068036	943	0.1	-0.1	-5.44649
13068036	944	0.1	-0.1	-4.38918
13068036	945	0.1	-0.1	-5.12188
13068036	946	0.1	-0.1	-3.30703
13068036	947	0.1	-0.1	-5.97555
13068036	948	0.1	-0.1	-4.44578
13068036	949	0.1	-0.1	-4.87013
13068036	950	0.1	-0.1	2.60272
13068036	951	0.1	-0.1	2.05541
13068036	952	0.1	-0.1	1.63848
13068036	953	0.1	-0.1	4.76833
13068036	954	0.1	-0.1	5.67175
13068036	955	0.1	-0.1	4.69092
13068036	956	0.1	-0.1	-4.66224
13068036	957	0.1	-0.1	-3.25195
13068036	958	0.1	-0.1	5.64968
13068036	959	0.1	-0.1	-3.60203
13068036	960	0.1	-0.1	3.43481
13068036	961	0.1	-0.1	-0.82246
13068036	962	0.1	-0.1	-5.97726
13068036	963	0.1	-0.1	-3.16208
13068036	964	0.1	-0.1	-1.40027
13068036	965	0.1	-0.1	-5.81189
13068036	966	0.1	-0.1	0.388657
13068036	967	0.1	-0.1	2.55363
13068036	968	0.1	-0.1	1.5733
13068036	969	0.1	-0.1	0.395272
13068036	970	0.1	-0.1	-5.41536
13068036	971	0.1	-0.1	-2.23849
13068036	972	0.1	-0.1	-2.16196
13068036	973	0.1	-0.1	3.09566
13068036	974	0.1	-0.1	3.967
13068036	975	0.1	-0.1	-4.75651
13068036	976	0.1	-0.1	-5.23093
13068036	977	0.1	-0.1	4.47984
13068036	978	0.1	-0.1	-2.45513
13068036	979	0.1	-0.1	-3.5811
13068036	980	0.1	-0.1	-4.92556
13068036	981	0.1	-0.1	-1.20957
13068036	982	0.1	-0.1	-0.292701
13068036	983	0.1	-0.1	3.22112
13068036	984	0.1	-0.1	0.279137
13068036	985	0.1	-0.1	-3.21033
13068036	986	0.1	-0.1	1.29818
13068036	987	0.1	-0.1	-0.643396
13068036	988	0.1	-0.1	-2.52225
13068036	989	0.1	-0.1	-2.15859
13068036	990	0.1	-0.1	-3.94081
13068036	991	0.1	-0.1	-2.50857
13068036	992	0.1	-0.1	-5.94357
13068036	993	0.1	-0.1	-0.709635
13068036	994	0.1	-0.1	2.99153
13068036	995	0.1	-0.1	-3.43037
13068036	996	0.1	-0.1	4.48139
13068036	997	0.1	-0.1	3.87632
13068036	998	0.1	-0.1	-3.7719
13068036	999	0.1	-0.1	1.81849
13068036	1000	0.1	-0.1	-0.434336
