13065007	1	0.1	-0.1	-5.22662
13065007	2	0.1	-0.1	2.03196
13065007	3	0.1	-0.1	-5.55502
13065007	4	0.1	-0.1	-2.4511
13065007	5	0.1	-0.1	2.46103
13065007	6	0.1	-0.1	-5.43368
13065007	7	0.1	-0.1	2.93765
13065007	8	0.1	-0.1	4.82329
13065007	9	0.1	-0.1	2.82848
13065007	10	0.1	-0.1	-3.65207
13065007	11	0.1	-0.1	-0.328197
13065007	12	0.1	-0.1	-0.00152933
13065007	13	0.1	-0.1	-1.77405
13065007	14	0.1	-0.1	-4.74997
13065007	15	0.1	-0.1	2.21816
13065007	16	0.1	-0.1	2.45966
13065007	17	0.1	-0.1	5.48587
13065007	18	0.1	-0.1	-1.14301
13065007	19	0.1	-0.1	-2.04037
13065007	20	0.1	-0.1	3.82199
13065007	21	0.1	-0.1	1.05947
13065007	22	0.1	-0.1	-2.30404
13065007	23	0.1	-0.1	-0.0383816
13065007	24	0.1	-0.1	-4.0408
13065007	25	0.1	-0.1	-5.47937
13065007	26	0.1	-0.1	0.82606
13065007	27	0.1	-0.1	4.41209
13065007	28	0.1	-0.1	1.22086
13065007	29	0.1	-0.1	2.64207
13065007	30	0.1	-0.1	2.82142
13065007	31	0.1	-0.1	5.7837
13065007	32	0.1	-0.1	1.36008
13065007	33	0.1	-0.1	-3.12291
13065007	34	0.1	-0.1	-5.44136
13065007	35	0.1	-0.1	0.152174
13065007	36	0.1	-0.1	4.18648
13065007	37	0.1	-0.1	-2.32147
13065007	38	0.1	-0.1	0.708295
13065007	39	0.1	-0.1	-1.89375
13065007	40	0.1	-0.1	-0.707944
13065007	41	0.1	-0.1	-2.03777
13065007	42	0.1	-0.1	-5.70925
13065007	43	0.1	-0.1	0.747031
13065007	44	0.1	-0.1	5.49998
13065007	45	0.1	-0.1	5.75015
13065007	46	0.1	-0.1	3.46467
13065007	47	0.1	-0.1	4.54013
13065007	48	0.1	-0.1	2.39401
13065007	49	0.1	-0.1	1.32366
13065007	50	0.1	-0.1	-0.753213
13065007	51	0.1	-0.1	-0.65759
13065007	52	0.1	-0.1	-3.00031
13065007	53	0.1	-0.1	-1.10242
13065007	54	0.1	-0.1	-3.9454
13065007	55	0.1	-0.1	-2.11232
13065007	56	0.1	-0.1	3.38109
13065007	57	0.1	-0.1	5.60779
13065007	58	0.1	-0.1	-2.71337
13065007	59	0.1	-0.1	-1.79636
13065007	60	0.1	-0.1	-3.33238
13065007	61	0.1	-0.1	-4.90469
13065007	62	0.1	-0.1	3.9633
13065007	63	0.1	-0.1	1.90327
13065007	64	0.1	-0.1	2.32349
13065007	65	0.1	-0.1	1.00703
13065007	66	0.1	-0.1	2.553
13065007	67	0.1	-0.1	-2.77008
13065007	68	0.1	-0.1	4.53793
13065007	69	0.1	-0.1	-1.12635
13065007	70	0.1	-0.1	-5.75332
13065007	71	0.1	-0.1	-4.55104
13065007	72	0.1	-0.1	3.52115
13065007	73	0.1	-0.1	4.97604
13065007	74	0.1	-0.1	-2.81325
13065007	75	0.1	-0.1	5.48473
13065007	76	0.1	-0.1	-2.10385
13065007	77	0.1	-0.1	0.796119
13065007	78	0.1	-0.1	0.717198
13065007	79	0.1	-0.1	-3.8192
13065007	80	0.1	-0.1	-3.65256
13065007	81	0.1	-0.1	1.25949
13065007	82	0.1	-0.1	3.70791
13065007	83	0.1	-0.1	-3.72872
13065007	84	0.1	-0.1	-0.406548
13065007	85	0.1	-0.1	1.68543
13065007	86	0.1	-0.1	0.842841
13065007	87	0.1	-0.1	-1.32755
13065007	88	0.1	-0.1	-0.981602
13065007	89	0.1	-0.1	-4.90553
13065007	90	0.1	-0.1	-2.42093
13065007	91	0.1	-0.1	2.81598
13065007	92	0.1	-0.1	-0.524576
13065007	93	0.1	-0.1	5.16676
13065007	94	0.1	-0.1	-4.8862
13065007	95	0.1	-0.1	3.47915
13065007	96	0.1	-0.1	5.54373
13065007	97	0.1	-0.1	0.767589
13065007	98	0.1	-0.1	0.837154
13065007	99	0.1	-0.1	5.00073
13065007	100	0.1	-0.1	-2.58452
13065007	101	0.1	-0.1	0.485657
13065007	102	0.1	-0.1	3.29536
13065007	103	0.1	-0.1	-1.33089
13065007	104	0.1	-0.1	5.45661
13065007	105	0.1	-0.1	2.12558
13065007	106	0.1	-0.1	-2.48377
13065007	107	0.1	-0.1	-4.01096
13065007	108	0.1	-0.1	1.70421
13065007	109	0.1	-0.1	2.94053
13065007	110	0.1	-0.1	-0.588211
13065007	111	0.1	-0.1	-2.07775
13065007	112	0.1	-0.1	0.953764
13065007	113	0.1	-0.1	4.41265
13065007	114	0.1	-0.1	1.54221
13065007	115	0.1	-0.1	-1.5823
13065007	116	0.1	-0.1	-2.35275
13065007	117	0.1	-0.1	2.75216
13065007	118	0.1	-0.1	5.77222
13065007	119	0.1	-0.1	-4.43531
13065007	120	0.1	-0.1	-3.69007
13065007	121	0.1	-0.1	4.30247
13065007	122	0.1	-0.1	-1.26423
13065007	123	0.1	-0.1	4.39113
13065007	124	0.1	-0.1	-5.13182
13065007	125	0.1	-0.1	0.0773863
13065007	126	0.1	-0.1	-3.54485
13065007	127	0.1	-0.1	-3.35493
13065007	128	0.1	-0.1	-3.37215
13065007	129	0.1	-0.1	-4.14815
13065007	130	0.1	-0.1	3.36025
13065007	131	0.1	-0.1	2.10919
13065007	132	0.1	-0.1	-5.50744
13065007	133	0.1	-0.1	-3.82481
13065007	134	0.1	-0.1	-4.84178
13065007	135	0.1	-0.1	0.211983
13065007	136	0.1	-0.1	1.95717
13065007	137	0.1	-0.1	4.07698
13065007	138	0.1	-0.1	-0.168937
13065007	139	0.1	-0.1	3.29653
13065007	140	0.1	-0.1	0.880505
13065007	141	0.1	-0.1	1.48875
13065007	142	0.1	-0.1	1.07311
13065007	143	0.1	-0.1	3.9365
13065007	144	0.1	-0.1	5.27694
13065007	145	0.1	-0.1	3.61387
13065007	146	0.1	-0.1	3.7834
13065007	147	0.1	-0.1	3.69728
13065007	148	0.1	-0.1	1.01418
13065007	149	0.1	-0.1	-5.98552
13065007	150	0.1	-0.1	-0.380032
13065007	151	0.1	-0.1	2.60287
13065007	152	0.1	-0.1	-5.84484
13065007	153	0.1	-0.1	-3.47771
13065007	154	0.1	-0.1	-4.57704
13065007	155	0.1	-0.1	-0.637181
13065007	156	0.1	-0.1	4.17247
13065007	157	0.1	-0.1	0.28747
13065007	158	0.1	-0.1	3.47516
13065007	159	0.1	-0.1	2.02594
13065007	160	0.1	-0.1	-0.0327785
13065007	161	0.1	-0.1	5.0606
13065007	162	0.1	-0.1	3.92615
13065007	163	0.1	-0.1	-2.85237
13065007	164	0.1	-0.1	-3.51515
13065007	165	0.1	-0.1	-5.73152
13065007	166	0.1	-0.1	4.21026
13065007	167	0.1	-0.1	2.45346
13065007	168	0.1	-0.1	4.11375
13065007	169	0.1	-0.1	-4.2077
13065007	170	0.1	-0.1	-1.42634
13065007	171	0.1	-0.1	2.86739
13065007	172	0.1	-0.1	0.87097
13065007	173	0.1	-0.1	-4.47186
13065007	174	0.1	-0.1	1.19116
13065007	175	0.1	-0.1	-1.44736
13065007	176	0.1	-0.1	0.393149
13065007	177	0.1	-0.1	1.15901
13065007	178	0.1	-0.1	3.7289
13065007	179	0.1	-0.1	3.02486
13065007	180	0.1	-0.1	5.13792
13065007	181	0.1	-0.1	-3.15074
13065007	182	0.1	-0.1	2.92066
13065007	183	0.1	-0.1	-0.431661
13065007	184	0.1	-0.1	-0.262541
13065007	185	0.1	-0.1	-2.26808
13065007	186	0.1	-0.1	3.59051
13065007	187	0.1	-0.1	-2.46127
13065007	188	0.1	-0.1	-1.64129
13065007	189	0.1	-0.1	1.3424
13065007	190	0.1	-0.1	-4.37797
13065007	191	0.1	-0.1	3.60621
13065007	192	0.1	-0.1	0.779483
13065007	193	0.1	-0.1	5.74032
13065007	194	0.1	-0.1	-4.32135
13065007	195	0.1	-0.1	3.02692
13065007	196	0.1	-0.1	1.0783
13065007	197	0.1	-0.1	3.53857
13065007	198	0.1	-0.1	-2.35723
13065007	199	0.1	-0.1	5.26073
13065007	200	0.1	-0.1	1.07158
13065007	201	0.1	-0.1	-1.34632
13065007	202	0.1	-0.1	1.64672
13065007	203	0.1	-0.1	5.05002
13065007	204	0.1	-0.1	4.06
13065007	205	0.1	-0.1	1.94867
13065007	206	0.1	-0.1	3.36085
13065007	207	0.1	-0.1	4.57975
13065007	208	0.1	-0.1	0.871596
13065007	209	0.1	-0.1	1.21016
13065007	210	0.1	-0.1	-5.7082
13065007	211	0.1	-0.1	5.51476
13065007	212	0.1	-0.1	-4.27751
13065007	213	0.1	-0.1	0.0878818
13065007	214	0.1	-0.1	0.198684
13065007	215	0.1	-0.1	-1.28945
13065007	216	0.1	-0.1	5.7754
13065007	217	0.1	-0.1	1.5554
13065007	218	0.1	-0.1	2.11551
13065007	219	0.1	-0.1	-0.550884
13065007	220	0.1	-0.1	-5.51106
13065007	221	0.1	-0.1	-0.764318
13065007	222	0.1	-0.1	-3.98312
13065007	223	0.1	-0.1	3.6318
13065007	224	0.1	-0.1	-1.58169
13065007	225	0.1	-0.1	0.453386
13065007	226	0.1	-0.1	1.07031
13065007	227	0.1	-0.1	0.531159
13065007	228	0.1	-0.1	0.31686
13065007	229	0.1	-0.1	-0.377234
13065007	230	0.1	-0.1	-3.9196
13065007	231	0.1	-0.1	-3.27214
13065007	232	0.1	-0.1	3.06012
13065007	233	0.1	-0.1	-4.84747
13065007	234	0.1	-0.1	-3.41619
13065007	235	0.1	-0.1	-2.11047
13065007	236	0.1	-0.1	-5.16904
13065007	237	0.1	-0.1	-3.1458
13065007	238	0.1	-0.1	1.44618
13065007	239	0.1	-0.1	1.40656
13065007	240	0.1	-0.1	5.2114
13065007	241	0.1	-0.1	0.325515
13065007	242	0.1	-0.1	3.76488
13065007	243	0.1	-0.1	4.13767
13065007	244	0.1	-0.1	3.69905
13065007	245	0.1	-0.1	1.72473
13065007	246	0.1	-0.1	-4.77883
13065007	247	0.1	-0.1	-0.163792
13065007	248	0.1	-0.1	2.16205
13065007	249	0.1	-0.1	-5.29558
13065007	250	0.1	-0.1	5.50479
13065007	251	0.1	-0.1	4.2289
13065007	252	0.1	-0.1	-2.1293
13065007	253	0.1	-0.1	-2.39463
13065007	254	0.1	-0.1	0.177076
13065007	255	0.1	-0.1	-1.38528
13065007	256	0.1	-0.1	1.6889
13065007	257	0.1	-0.1	-5.3386
13065007	258	0.1	-0.1	-1.9443
13065007	259	0.1	-0.1	-0.42308
13065007	260	0.1	-0.1	-5.35698
13065007	261	0.1	-0.1	1.35409
13065007	262	0.1	-0.1	-5.52163
13065007	263	0.1	-0.1	-5.69224
13065007	264	0.1	-0.1	5.99067
13065007	265	0.1	-0.1	-5.43025
13065007	266	0.1	-0.1	-1.8237
13065007	267	0.1	-0.1	-1.38757
13065007	268	0.1	-0.1	-0.153036
13065007	269	0.1	-0.1	-5.68362
13065007	270	0.1	-0.1	0.668851
13065007	271	0.1	-0.1	2.81658
13065007	272	0.1	-0.1	2.56893
13065007	273	0.1	-0.1	1.5629
13065007	274	0.1	-0.1	-0.764758
13065007	275	0.1	-0.1	-4.92751
13065007	276	0.1	-0.1	-5.34404
13065007	277	0.1	-0.1	-0.0356828
13065007	278	0.1	-0.1	3.01174
13065007	279	0.1	-0.1	0.465737
13065007	280	0.1	-0.1	-0.519334
13065007	281	0.1	-0.1	-0.150403
13065007	282	0.1	-0.1	-5.74645
13065007	283	0.1	-0.1	2.44978
13065007	284	0.1	-0.1	-0.102648
13065007	285	0.1	-0.1	5.82368
13065007	286	0.1	-0.1	-0.475998
13065007	287	0.1	-0.1	1.51095
13065007	288	0.1	-0.1	-2.11992
13065007	289	0.1	-0.1	-1.86132
13065007	290	0.1	-0.1	0.780804
13065007	291	0.1	-0.1	0.892894
13065007	292	0.1	-0.1	-1.38853
13065007	293	0.1	-0.1	-3.05106
13065007	294	0.1	-0.1	-2.32346
13065007	295	0.1	-0.1	-1.04786
13065007	296	0.1	-0.1	-0.272686
13065007	297	0.1	-0.1	3.60007
13065007	298	0.1	-0.1	-4.03695
13065007	299	0.1	-0.1	4.23367
13065007	300	0.1	-0.1	-3.81793
13065007	301	0.1	-0.1	2.97957
13065007	302	0.1	-0.1	-5.8413
13065007	303	0.1	-0.1	5.41123
13065007	304	0.1	-0.1	4.6199
13065007	305	0.1	-0.1	2.21371
13065007	306	0.1	-0.1	-3.47948
13065007	307	0.1	-0.1	-3.30506
13065007	308	0.1	-0.1	-0.340501
13065007	309	0.1	-0.1	-1.8213
13065007	310	0.1	-0.1	-1.90496
13065007	311	0.1	-0.1	-0.00972343
13065007	312	0.1	-0.1	2.41151
13065007	313	0.1	-0.1	-2.34154
13065007	314	0.1	-0.1	5.51426
13065007	315	0.1	-0.1	4.99763
13065007	316	0.1	-0.1	5.69649
13065007	317	0.1	-0.1	-5.4104
13065007	318	0.1	-0.1	-5.89486
13065007	319	0.1	-0.1	-5.17798
13065007	320	0.1	-0.1	-3.35079
13065007	321	0.1	-0.1	5.94864
13065007	322	0.1	-0.1	3.61967
13065007	323	0.1	-0.1	0.180669
13065007	324	0.1	-0.1	2.81366
13065007	325	0.1	-0.1	5.03277
13065007	326	0.1	-0.1	2.36355
13065007	327	0.1	-0.1	-1.51449
13065007	328	0.1	-0.1	-2.58572
13065007	329	0.1	-0.1	5.93843
13065007	330	0.1	-0.1	-0.669885
13065007	331	0.1	-0.1	3.13147
13065007	332	0.1	-0.1	1.10031
13065007	333	0.1	-0.1	2.52512
13065007	334	0.1	-0.1	2.55297
13065007	335	0.1	-0.1	5.222
13065007	336	0.1	-0.1	-2.90745
13065007	337	0.1	-0.1	1.97407
13065007	338	0.1	-0.1	-0.782286
13065007	339	0.1	-0.1	1.68766
13065007	340	0.1	-0.1	4.41259
13065007	341	0.1	-0.1	-5.9254
13065007	342	0.1	-0.1	-1.47562
13065007	343	0.1	-0.1	-3.26035
13065007	344	0.1	-0.1	-5.53787
13065007	345	0.1	-0.1	-5.15187
13065007	346	0.1	-0.1	-1.19406
13065007	347	0.1	-0.1	-1.26563
13065007	348	0.1	-0.1	1.32193
13065007	349	0.1	-0.1	-1.24944
13065007	350	0.1	-0.1	3.62452
13065007	351	0.1	-0.1	-2.80129
13065007	352	0.1	-0.1	-3.36256
13065007	353	0.1	-0.1	-1.17872
13065007	354	0.1	-0.1	3.95675
13065007	355	0.1	-0.1	5.52966
13065007	356	0.1	-0.1	-2.11613
13065007	357	0.1	-0.1	-3.72591
13065007	358	0.1	-0.1	4.8305
13065007	359	0.1	-0.1	4.24257
13065007	360	0.1	-0.1	1.98761
13065007	361	0.1	-0.1	-2.88968
13065007	362	0.1	-0.1	-4.60631
13065007	363	0.1	-0.1	4.51565
13065007	364	0.1	-0.1	-5.60589
13065007	365	0.1	-0.1	5.72315
13065007	366	0.1	-0.1	2.06342
13065007	367	0.1	-0.1	-4.22238
13065007	368	0.1	-0.1	-4.89796
13065007	369	0.1	-0.1	5.46934
13065007	370	0.1	-0.1	-4.29798
13065007	371	0.1	-0.1	-1.66601
13065007	372	0.1	-0.1	4.27848
13065007	373	0.1	-0.1	0.191666
13065007	374	0.1	-0.1	-4.31934
13065007	375	0.1	-0.1	0.255576
13065007	376	0.1	-0.1	2.07974
13065007	377	0.1	-0.1	-3.37063
13065007	378	0.1	-0.1	1.25519
13065007	379	0.1	-0.1	-0.854466
13065007	380	0.1	-0.1	-0.624382
13065007	381	0.1	-0.1	2.26492
13065007	382	0.1	-0.1	-5.29236
13065007	383	0.1	-0.1	1.77873
13065007	384	0.1	-0.1	-2.63529
13065007	385	0.1	-0.1	5.29633
13065007	386	0.1	-0.1	0.735234
13065007	387	0.1	-0.1	-2.94783
13065007	388	0.1	-0.1	4.39754
13065007	389	0.1	-0.1	5.92248
13065007	390	0.1	-0.1	-3.33232
13065007	391	0.1	-0.1	4.23362
13065007	392	0.1	-0.1	-1.01477
13065007	393	0.1	-0.1	-5.09942
13065007	394	0.1	-0.1	4.23708
13065007	395	0.1	-0.1	5.46558
13065007	396	0.1	-0.1	1.69669
13065007	397	0.1	-0.1	1.03475
13065007	398	0.1	-0.1	3.51194
13065007	399	0.1	-0.1	-2.8798
13065007	400	0.1	-0.1	-0.900874
13065007	401	0.1	-0.1	-1.83442
13065007	402	0.1	-0.1	-1.32456
13065007	403	0.1	-0.1	-0.171736
13065007	404	0.1	-0.1	-3.45356
13065007	405	0.1	-0.1	1.29059
13065007	406	0.1	-0.1	1.09652
13065007	407	0.1	-0.1	4.80804
13065007	408	0.1	-0.1	2.63439
13065007	409	0.1	-0.1	1.62064
13065007	410	0.1	-0.1	4.04141
13065007	411	0.1	-0.1	0.812938
13065007	412	0.1	-0.1	5.07272
13065007	413	0.1	-0.1	5.59512
13065007	414	0.1	-0.1	-1.84658
13065007	415	0.1	-0.1	-0.61203
13065007	416	0.1	-0.1	-4.04744
13065007	417	0.1	-0.1	1.31378
13065007	418	0.1	-0.1	-5.02566
13065007	419	0.1	-0.1	5.47592
13065007	420	0.1	-0.1	-0.596126
13065007	421	0.1	-0.1	3.35193
13065007	422	0.1	-0.1	-4.62591
13065007	423	0.1	-0.1	1.92893
13065007	424	0.1	-0.1	-3.61065
13065007	425	0.1	-0.1	-3.07956
13065007	426	0.1	-0.1	-1.5556
13065007	427	0.1	-0.1	1.75076
13065007	428	0.1	-0.1	4.08203
13065007	429	0.1	-0.1	1.97668
13065007	430	0.1	-0.1	4.37632
13065007	431	0.1	-0.1	1.27929
13065007	432	0.1	-0.1	5.88071
13065007	433	0.1	-0.1	3.20875
13065007	434	0.1	-0.1	-4.03025
13065007	435	0.1	-0.1	3.05133
13065007	436	0.1	-0.1	-1.54503
13065007	437	0.1	-0.1	-2.55387
13065007	438	0.1	-0.1	1.29943
13065007	439	0.1	-0.1	-1.86872
13065007	440	0.1	-0.1	0.240496
13065007	441	0.1	-0.1	-0.181838
13065007	442	0.1	-0.1	2.34668
13065007	443	0.1	-0.1	-3.21468
13065007	444	0.1	-0.1	-4.16291
13065007	445	0.1	-0.1	0.560319
13065007	446	0.1	-0.1	5.43337
13065007	447	0.1	-0.1	5.0136
13065007	448	0.1	-0.1	-5.34018
13065007	449	0.1	-0.1	1.84227
13065007	450	0.1	-0.1	-0.35407
13065007	451	0.1	-0.1	2.06193
13065007	452	0.1	-0.1	-3.02201
13065007	453	0.1	-0.1	5.95483
13065007	454	0.1	-0.1	-3.61433
13065007	455	0.1	-0.1	-1.78544
13065007	456	0.1	-0.1	5.23748
13065007	457	0.1	-0.1	-0.850448
13065007	458	0.1	-0.1	-4.40278
13065007	459	0.1	-0.1	-2.08793
13065007	460	0.1	-0.1	-3.87631
13065007	461	0.1	-0.1	2.99803
13065007	462	0.1	-0.1	-1.26561
13065007	463	0.1	-0.1	4.29644
13065007	464	0.1	-0.1	5.3784
13065007	465	0.1	-0.1	-5.54982
13065007	466	0.1	-0.1	5.83228
13065007	467	0.1	-0.1	1.29528
13065007	468	0.1	-0.1	2.33696
13065007	469	0.1	-0.1	0.453556
13065007	470	0.1	-0.1	5.25696
13065007	471	0.1	-0.1	-4.78814
13065007	472	0.1	-0.1	3.65159
13065007	473	0.1	-0.1	-2.90341
13065007	474	0.1	-0.1	1.37151
13065007	475	0.1	-0.1	-2.57046
13065007	476	0.1	-0.1	-5.54536
13065007	477	0.1	-0.1	1.56434
13065007	478	0.1	-0.1	-1.49273
13065007	479	0.1	-0.1	3.53198
13065007	480	0.1	-0.1	-3.0779
13065007	481	0.1	-0.1	-1.68902
13065007	482	0.1	-0.1	-3.12839
13065007	483	0.1	-0.1	2.52408
13065007	484	0.1	-0.1	2.81695
13065007	485	0.1	-0.1	2.58029
13065007	486	0.1	-0.1	1.70723
13065007	487	0.1	-0.1	-4.17996
13065007	488	0.1	-0.1	0.486253
13065007	489	0.1	-0.1	-0.731691
13065007	490	0.1	-0.1	-3.23087
13065007	491	0.1	-0.1	-1.64313
13065007	492	0.1	-0.1	0.490989
13065007	493	0.1	-0.1	-2.38966
13065007	494	0.1	-0.1	-1.57141
13065007	495	0.1	-0.1	-2.23562
13065007	496	0.1	-0.1	-0.306184
13065007	497	0.1	-0.1	3.42732
13065007	498	0.1	-0.1	2.24027
13065007	499	0.1	-0.1	4.48109
13065007	500	0.1	-0.1	3.08972
13065007	501	0.1	-0.1	1.83658
13065007	502	0.1	-0.1	-3.61575
13065007	503	0.1	-0.1	0.232292
13065007	504	0.1	-0.1	-2.79475
13065007	505	0.1	-0.1	-2.46413
13065007	506	0.1	-0.1	2.81152
13065007	507	0.1	-0.1	-3.27502
13065007	508	0.1	-0.1	1.52303
13065007	509	0.1	-0.1	-5.02673
13065007	510	0.1	-0.1	-1.23913
13065007	511	0.1	-0.1	3.87424
13065007	512	0.1	-0.1	0.490271
13065007	513	0.1	-0.1	-2.45773
13065007	514	0.1	-0.1	2.15438
13065007	515	0.1	-0.1	2.34409
13065007	516	0.1	-0.1	2.40597
13065007	517	0.1	-0.1	4.56472
13065007	518	0.1	-0.1	-3.316
13065007	519	0.1	-0.1	3.30025
13065007	520	0.1	-0.1	-0.95111
13065007	521	0.1	-0.1	-3.54875
13065007	522	0.1	-0.1	-2.75473
13065007	523	0.1	-0.1	-0.569803
13065007	524	0.1	-0.1	-0.580243
13065007	525	0.1	-0.1	4.45033
13065007	526	0.1	-0.1	0.124031
13065007	527	0.1	-0.1	2.96033
13065007	528	0.1	-0.1	-4.84937
13065007	529	0.1	-0.1	-5.64058
13065007	530	0.1	-0.1	1.12403
13065007	531	0.1	-0.1	0.433864
13065007	532	0.1	-0.1	4.56454
13065007	533	0.1	-0.1	-3.13037
13065007	534	0.1	-0.1	-5.50713
13065007	535	0.1	-0.1	-2.35435
13065007	536	0.1	-0.1	1.07071
13065007	537	0.1	-0.1	5.96406
13065007	538	0.1	-0.1	0.0545512
13065007	539	0.1	-0.1	-4.7179
13065007	540	0.1	-0.1	3.03882
13065007	541	0.1	-0.1	-2.2615
13065007	542	0.1	-0.1	5.42944
13065007	543	0.1	-0.1	-2.05937
13065007	544	0.1	-0.1	1.45694
13065007	545	0.1	-0.1	-2.7914
13065007	546	0.1	-0.1	-2.67109
13065007	547	0.1	-0.1	-5.66221
13065007	548	0.1	-0.1	-0.731439
13065007	549	0.1	-0.1	5.50864
13065007	550	0.1	-0.1	-2.42558
13065007	551	0.1	-0.1	-1.1389
13065007	552	0.1	-0.1	-2.54534
13065007	553	0.1	-0.1	1.15595
13065007	554	0.1	-0.1	-1.20436
13065007	555	0.1	-0.1	5.43687
13065007	556	0.1	-0.1	3.73832
13065007	557	0.1	-0.1	0.86589
13065007	558	0.1	-0.1	-4.73648
13065007	559	0.1	-0.1	-5.62269
13065007	560	0.1	-0.1	-2.10319
13065007	561	0.1	-0.1	-0.503653
13065007	562	0.1	-0.1	5.45603
13065007	563	0.1	-0.1	5.96512
13065007	564	0.1	-0.1	-5.23797
13065007	565	0.1	-0.1	-5.25782
13065007	566	0.1	-0.1	-1.78379
13065007	567	0.1	-0.1	-5.74385
13065007	568	0.1	-0.1	-0.629926
13065007	569	0.1	-0.1	2.06567
13065007	570	0.1	-0.1	5.24143
13065007	571	0.1	-0.1	-2.28349
13065007	572	0.1	-0.1	5.65302
13065007	573	0.1	-0.1	-3.69553
13065007	574	0.1	-0.1	-2.71114
13065007	575	0.1	-0.1	-0.642183
13065007	576	0.1	-0.1	-2.41155
13065007	577	0.1	-0.1	0.421959
13065007	578	0.1	-0.1	4.62406
13065007	579	0.1	-0.1	-2.37798
13065007	580	0.1	-0.1	-2.03852
13065007	581	0.1	-0.1	-1.64954
13065007	582	0.1	-0.1	0.617432
13065007	583	0.1	-0.1	-5.57273
13065007	584	0.1	-0.1	-2.77839
13065007	585	0.1	-0.1	3.40562
13065007	586	0.1	-0.1	-2.46401
13065007	587	0.1	-0.1	4.27613
13065007	588	0.1	-0.1	1.80941
13065007	589	0.1	-0.1	5.72809
13065007	590	0.1	-0.1	1.18508
13065007	591	0.1	-0.1	-3.201
13065007	592	0.1	-0.1	5.31495
13065007	593	0.1	-0.1	-2.80731
13065007	594	0.1	-0.1	-5.07138
13065007	595	0.1	-0.1	2.03885
13065007	596	0.1	-0.1	2.70041
13065007	597	0.1	-0.1	2.85599
13065007	598	0.1	-0.1	-1.9207
13065007	599	0.1	-0.1	1.47949
13065007	600	0.1	-0.1	3.06294
13065007	601	0.1	-0.1	0.324265
13065007	602	0.1	-0.1	-4.18296
13065007	603	0.1	-0.1	-1.95462
13065007	604	0.1	-0.1	-0.804933
13065007	605	0.1	-0.1	-4.89043
13065007	606	0.1	-0.1	0.688603
13065007	607	0.1	-0.1	-1.10433
13065007	608	0.1	-0.1	-1.87059
13065007	609	0.1	-0.1	3.86647
13065007	610	0.1	-0.1	-2.78065
13065007	611	0.1	-0.1	-2.609
13065007	612	0.1	-0.1	-1.59536
13065007	613	0.1	-0.1	-0.924079
13065007	614	0.1	-0.1	5.90021
13065007	615	0.1	-0.1	-2.8653
13065007	616	0.1	-0.1	-0.544007
13065007	617	0.1	-0.1	1.09241
13065007	618	0.1	-0.1	5.45735
13065007	619	0.1	-0.1	3.41924
13065007	620	0.1	-0.1	5.8911
13065007	621	0.1	-0.1	-3.57116
13065007	622	0.1	-0.1	-3.4482
13065007	623	0.1	-0.1	-3.55609
13065007	624	0.1	-0.1	3.4886
13065007	625	0.1	-0.1	-3.83054
13065007	626	0.1	-0.1	4.79252
13065007	627	0.1	-0.1	1.31284
13065007	628	0.1	-0.1	0.774131
13065007	629	0.1	-0.1	-5.21059
13065007	630	0.1	-0.1	0.99415
13065007	631	0.1	-0.1	3.68072
13065007	632	0.1	-0.1	-4.60796
13065007	633	0.1	-0.1	1.82863
13065007	634	0.1	-0.1	-2.29795
13065007	635	0.1	-0.1	1.59016
13065007	636	0.1	-0.1	0.489137
13065007	637	0.1	-0.1	5.81
13065007	638	0.1	-0.1	-3.07564
13065007	639	0.1	-0.1	5.98185
13065007	640	0.1	-0.1	2.13677
13065007	641	0.1	-0.1	-4.19992
13065007	642	0.1	-0.1	2.37661
13065007	643	0.1	-0.1	2.90273
13065007	644	0.1	-0.1	-1.64849
13065007	645	0.1	-0.1	-5.61957
13065007	646	0.1	-0.1	0.0958494
13065007	647	0.1	-0.1	-2.2102
13065007	648	0.1	-0.1	4.93719
13065007	649	0.1	-0.1	2.92429
13065007	650	0.1	-0.1	4.90891
13065007	651	0.1	-0.1	-5.54205
13065007	652	0.1	-0.1	4.61116
13065007	653	0.1	-0.1	2.38044
13065007	654	0.1	-0.1	0.183208
13065007	655	0.1	-0.1	-1.10249
13065007	656	0.1	-0.1	2.31602
13065007	657	0.1	-0.1	4.03378
13065007	658	0.1	-0.1	4.2641
13065007	659	0.1	-0.1	4.31158
13065007	660	0.1	-0.1	-1.1102
13065007	661	0.1	-0.1	-1.22601
13065007	662	0.1	-0.1	-5.05255
13065007	663	0.1	-0.1	-1.19955
13065007	664	0.1	-0.1	-1.60547
13065007	665	0.1	-0.1	1.29399
13065007	666	0.1	-0.1	3.74418
13065007	667	0.1	-0.1	-1.15147
13065007	668	0.1	-0.1	5.32252
13065007	669	0.1	-0.1	5.49851
13065007	670	0.1	-0.1	4.71853
13065007	671	0.1	-0.1	-1.82803
13065007	672	0.1	-0.1	-4.0902
13065007	673	0.1	-0.1	-0.391089
13065007	674	0.1	-0.1	-5.6972
13065007	675	0.1	-0.1	5.96061
13065007	676	0.1	-0.1	0.363759
13065007	677	0.1	-0.1	-4.40826
13065007	678	0.1	-0.1	2.74911
13065007	679	0.1	-0.1	-5.93392
13065007	680	0.1	-0.1	-3.62079
13065007	681	0.1	-0.1	-3.49481
13065007	682	0.1	-0.1	4.63295
13065007	683	0.1	-0.1	4.67977
13065007	684	0.1	-0.1	-2.37838
13065007	685	0.1	-0.1	1.00966
13065007	686	0.1	-0.1	5.29458
13065007	687	0.1	-0.1	-2.09226
13065007	688	0.1	-0.1	0.793346
13065007	689	0.1	-0.1	-0.627803
13065007	690	0.1	-0.1	2.52963
13065007	691	0.1	-0.1	3.63169
13065007	692	0.1	-0.1	5.06286
13065007	693	0.1	-0.1	5.6968
13065007	694	0.1	-0.1	-4.42546
13065007	695	0.1	-0.1	0.5112
13065007	696	0.1	-0.1	-5.40744
13065007	697	0.1	-0.1	4.10643
13065007	698	0.1	-0.1	-1.70922
13065007	699	0.1	-0.1	1.3416
13065007	700	0.1	-0.1	4.35976
13065007	701	0.1	-0.1	-5.46814
13065007	702	0.1	-0.1	-4.55131
13065007	703	0.1	-0.1	-0.786239
13065007	704	0.1	-0.1	3.04543
13065007	705	0.1	-0.1	2.70689
13065007	706	0.1	-0.1	-5.88621
13065007	707	0.1	-0.1	2.39505
13065007	708	0.1	-0.1	-1.48379
13065007	709	0.1	-0.1	-3.42188
13065007	710	0.1	-0.1	3.46593
13065007	711	0.1	-0.1	-5.22373
13065007	712	0.1	-0.1	4.93982
13065007	713	0.1	-0.1	2.34933
13065007	714	0.1	-0.1	3.16474
13065007	715	0.1	-0.1	-0.216297
13065007	716	0.1	-0.1	-1.98855
13065007	717	0.1	-0.1	4.66175
13065007	718	0.1	-0.1	-3.90234
13065007	719	0.1	-0.1	-2.9855
13065007	720	0.1	-0.1	3.36049
13065007	721	0.1	-0.1	-4.49895
13065007	722	0.1	-0.1	4.57686
13065007	723	0.1	-0.1	4.88071
13065007	724	0.1	-0.1	-0.897133
13065007	725	0.1	-0.1	-4.46118
13065007	726	0.1	-0.1	-3.44937
13065007	727	0.1	-0.1	-0.385273
13065007	728	0.1	-0.1	3.26463
13065007	729	0.1	-0.1	1.0007
13065007	730	0.1	-0.1	5.9885
13065007	731	0.1	-0.1	5.69394
13065007	732	0.1	-0.1	1.17256
13065007	733	0.1	-0.1	-4.47509
13065007	734	0.1	-0.1	-5.45136
13065007	735	0.1	-0.1	2.85684
13065007	736	0.1	-0.1	-2.0744
13065007	737	0.1	-0.1	-3.59935
13065007	738	0.1	-0.1	-1.30539
13065007	739	0.1	-0.1	-2.46504
13065007	740	0.1	-0.1	-0.0822049
13065007	741	0.1	-0.1	-5.33902
13065007	742	0.1	-0.1	-5.74977
13065007	743	0.1	-0.1	5.59448
13065007	744	0.1	-0.1	0.520472
13065007	745	0.1	-0.1	5.96659
13065007	746	0.1	-0.1	3.08226
13065007	747	0.1	-0.1	-5.47416
13065007	748	0.1	-0.1	5.74783
13065007	749	0.1	-0.1	-4.70493
13065007	750	0.1	-0.1	-4.13691
13065007	751	0.1	-0.1	1.31535
13065007	752	0.1	-0.1	5.70091
13065007	753	0.1	-0.1	-3.48175
13065007	754	0.1	-0.1	1.48102
13065007	755	0.1	-0.1	2.81721
13065007	756	0.1	-0.1	-4.64065
13065007	757	0.1	-0.1	-4.93045
13065007	758	0.1	-0.1	3.11329
13065007	759	0.1	-0.1	1.90963
13065007	760	0.1	-0.1	-2.1431
13065007	761	0.1	-0.1	-2.49566
13065007	762	0.1	-0.1	-5.72692
13065007	763	0.1	-0.1	-1.96467
13065007	764	0.1	-0.1	-0.736275
13065007	765	0.1	-0.1	-0.459818
13065007	766	0.1	-0.1	-3.24185
13065007	767	0.1	-0.1	-3.60671
13065007	768	0.1	-0.1	-0.372537
13065007	769	0.1	-0.1	5.5547
13065007	770	0.1	-0.1	2.28362
13065007	771	0.1	-0.1	-2.33666
13065007	772	0.1	-0.1	5.7836
13065007	773	0.1	-0.1	-5.60156
13065007	774	0.1	-0.1	-3.50808
13065007	775	0.1	-0.1	-1.98064
13065007	776	0.1	-0.1	-0.294795
13065007	777	0.1	-0.1	-4.68527
13065007	778	0.1	-0.1	2.48526
13065007	779	0.1	-0.1	-5.5246
13065007	780	0.1	-0.1	1.37556
13065007	781	0.1	-0.1	-2.19769
13065007	782	0.1	-0.1	-2.45357
13065007	783	0.1	-0.1	0.711042
13065007	784	0.1	-0.1	-5.4083
13065007	785	0.1	-0.1	0.347099
13065007	786	0.1	-0.1	-1.28207
13065007	787	0.1	-0.1	-2.48427
13065007	788	0.1	-0.1	-5.3482
13065007	789	0.1	-0.1	-0.00793726
13065007	790	0.1	-0.1	-3.04926
13065007	791	0.1	-0.1	5.26974
13065007	792	0.1	-0.1	5.08998
13065007	793	0.1	-0.1	-2.91499
13065007	794	0.1	-0.1	1.82892
13065007	795	0.1	-0.1	-4.6726
13065007	796	0.1	-0.1	-4.89288
13065007	797	0.1	-0.1	0.886113
13065007	798	0.1	-0.1	4.0126
13065007	799	0.1	-0.1	4.78759
13065007	800	0.1	-0.1	-0.151949
13065007	801	0.1	-0.1	3.60383
13065007	802	0.1	-0.1	-5.86575
13065007	803	0.1	-0.1	0.975417
13065007	804	0.1	-0.1	4.05414
13065007	805	0.1	-0.1	-3.92908
13065007	806	0.1	-0.1	1.04804
13065007	807	0.1	-0.1	-4.03019
13065007	808	0.1	-0.1	-5.93744
13065007	809	0.1	-0.1	-2.36488
13065007	810	0.1	-0.1	2.28642
13065007	811	0.1	-0.1	3.12895
13065007	812	0.1	-0.1	4.84514
13065007	813	0.1	-0.1	4.27526
13065007	814	0.1	-0.1	-1.26672
13065007	815	0.1	-0.1	-4.73391
13065007	816	0.1	-0.1	-5.56883
13065007	817	0.1	-0.1	-5.39695
13065007	818	0.1	-0.1	4.62436
13065007	819	0.1	-0.1	1.40525
13065007	820	0.1	-0.1	0.222023
13065007	821	0.1	-0.1	-1.33864
13065007	822	0.1	-0.1	2.2487
13065007	823	0.1	-0.1	-2.85643
13065007	824	0.1	-0.1	1.74441
13065007	825	0.1	-0.1	-4.01731
13065007	826	0.1	-0.1	2.2429
13065007	827	0.1	-0.1	-0.447505
13065007	828	0.1	-0.1	-3.73203
13065007	829	0.1	-0.1	-1.52733
13065007	830	0.1	-0.1	-0.297097
13065007	831	0.1	-0.1	3.04003
13065007	832	0.1	-0.1	-2.1653
13065007	833	0.1	-0.1	3.39806
13065007	834	0.1	-0.1	-0.0993438
13065007	835	0.1	-0.1	5.18023
13065007	836	0.1	-0.1	5.11497
13065007	837	0.1	-0.1	3.19152
13065007	838	0.1	-0.1	-3.15617
13065007	839	0.1	-0.1	3.88063
13065007	840	0.1	-0.1	5.07514
13065007	841	0.1	-0.1	-1.51385
13065007	842	0.1	-0.1	2.41436
13065007	843	0.1	-0.1	-4.19782
13065007	844	0.1	-0.1	-3.29593
13065007	845	0.1	-0.1	5.91121
13065007	846	0.1	-0.1	4.20556
13065007	847	0.1	-0.1	0.393157
13065007	848	0.1	-0.1	-3.48613
13065007	849	0.1	-0.1	4.74036
13065007	850	0.1	-0.1	-2.20051
13065007	851	0.1	-0.1	2.57722
13065007	852	0.1	-0.1	-3.68818
13065007	853	0.1	-0.1	-5.49029
13065007	854	0.1	-0.1	5.54137
13065007	855	0.1	-0.1	-5.49715
13065007	856	0.1	-0.1	2.00133
13065007	857	0.1	-0.1	-2.52521
13065007	858	0.1	-0.1	-5.99836
13065007	859	0.1	-0.1	-4.73275
13065007	860	0.1	-0.1	0.483359
13065007	861	0.1	-0.1	-4.91744
13065007	862	0.1	-0.1	-2.71026
13065007	863	0.1	-0.1	0.551456
13065007	864	0.1	-0.1	-3.47868
13065007	865	0.1	-0.1	-2.33671
13065007	866	0.1	-0.1	-3.52679
13065007	867	0.1	-0.1	0.277271
13065007	868	0.1	-0.1	-0.432265
13065007	869	0.1	-0.1	2.18499
13065007	870	0.1	-0.1	-5.69013
13065007	871	0.1	-0.1	0.987837
13065007	872	0.1	-0.1	-2.77082
13065007	873	0.1	-0.1	-3.5698
13065007	874	0.1	-0.1	4.74953
13065007	875	0.1	-0.1	0.243268
13065007	876	0.1	-0.1	-2.64539
13065007	877	0.1	-0.1	-4.54077
13065007	878	0.1	-0.1	5.97574
13065007	879	0.1	-0.1	1.55776
13065007	880	0.1	-0.1	1.33019
13065007	881	0.1	-0.1	2.39099
13065007	882	0.1	-0.1	-2.2371
13065007	883	0.1	-0.1	-5.35479
13065007	884	0.1	-0.1	0.04831
13065007	885	0.1	-0.1	4.63891
13065007	886	0.1	-0.1	5.92298
13065007	887	0.1	-0.1	4.98551
13065007	888	0.1	-0.1	2.48505
13065007	889	0.1	-0.1	-5.85085
13065007	890	0.1	-0.1	0.866294
13065007	891	0.1	-0.1	4.83921
13065007	892	0.1	-0.1	2.60977
13065007	893	0.1	-0.1	3.81551
13065007	894	0.1	-0.1	5.38265
13065007	895	0.1	-0.1	-5.28677
13065007	896	0.1	-0.1	-1.34164
13065007	897	0.1	-0.1	2.99153
13065007	898	0.1	-0.1	-1.47127
13065007	899	0.1	-0.1	-1.15289
13065007	900	0.1	-0.1	-2.41559
13065007	901	0.1	-0.1	3.14812
13065007	902	0.1	-0.1	1.99168
13065007	903	0.1	-0.1	1.37809
13065007	904	0.1	-0.1	5.14595
13065007	905	0.1	-0.1	-4.47736
13065007	906	0.1	-0.1	0.288901
13065007	907	0.1	-0.1	-5.26373
13065007	908	0.1	-0.1	-5.21709
13065007	909	0.1	-0.1	-0.55254
13065007	910	0.1	-0.1	0.996702
13065007	911	0.1	-0.1	-2.6267
13065007	912	0.1	-0.1	-1.76217
13065007	913	0.1	-0.1	-0.899147
13065007	914	0.1	-0.1	2.03421
13065007	915	0.1	-0.1	-4.99657
13065007	916	0.1	-0.1	3.17918
13065007	917	0.1	-0.1	-4.83784
13065007	918	0.1	-0.1	-1.53704
13065007	919	0.1	-0.1	3.19155
13065007	920	0.1	-0.1	-4.76308
13065007	921	0.1	-0.1	-3.54758
13065007	922	0.1	-0.1	-1.53026
13065007	923	0.1	-0.1	-5.0594
13065007	924	0.1	-0.1	0.555575
13065007	925	0.1	-0.1	-2.83914
13065007	926	0.1	-0.1	-1.41429
13065007	927	0.1	-0.1	-0.31073
13065007	928	0.1	-0.1	5.26072
13065007	929	0.1	-0.1	-4.30698
13065007	930	0.1	-0.1	-2.11494
13065007	931	0.1	-0.1	2.40046
13065007	932	0.1	-0.1	-0.899019
13065007	933	0.1	-0.1	2.10027
13065007	934	0.1	-0.1	0.470821
13065007	935	0.1	-0.1	-2.68204
13065007	936	0.1	-0.1	-3.082
13065007	937	0.1	-0.1	5.95615
13065007	938	0.1	-0.1	-1.00036
13065007	939	0.1	-0.1	4.25105
13065007	940	0.1	-0.1	-5.36157
13065007	941	0.1	-0.1	4.22746
13065007	942	0.1	-0.1	-3.98153
13065007	943	0.1	-0.1	0.666195
13065007	944	0.1	-0.1	3.59245
13065007	945	0.1	-0.1	3.3154
13065007	946	0.1	-0.1	-0.832376
13065007	947	0.1	-0.1	-5.83705
13065007	948	0.1	-0.1	-0.266285
13065007	949	0.1	-0.1	0.49323
13065007	950	0.1	-0.1	-3.64331
13065007	951	0.1	-0.1	-1.72062
13065007	952	0.1	-0.1	-0.389807
13065007	953	0.1	-0.1	3.6309
13065007	954	0.1	-0.1	-0.944234
13065007	955	0.1	-0.1	0.131695
13065007	956	0.1	-0.1	2.71867
13065007	957	0.1	-0.1	0.723668
13065007	958	0.1	-0.1	0.116305
13065007	959	0.1	-0.1	1.06612
13065007	960	0.1	-0.1	1.98268
13065007	961	0.1	-0.1	1.93455
13065007	962	0.1	-0.1	-1.40913
13065007	963	0.1	-0.1	-0.562835
13065007	964	0.1	-0.1	5.25171
13065007	965	0.1	-0.1	-0.936028
13065007	966	0.1	-0.1	0.731641
13065007	967	0.1	-0.1	4.55966
13065007	968	0.1	-0.1	-1.33928
13065007	969	0.1	-0.1	-4.39337
13065007	970	0.1	-0.1	-2.27296
13065007	971	0.1	-0.1	2.12366
13065007	972	0.1	-0.1	-3.24264
13065007	973	0.1	-0.1	-2.78057
13065007	974	0.1	-0.1	4.94355
13065007	975	0.1	-0.1	-2.0854
13065007	976	0.1	-0.1	-2.30026
13065007	977	0.1	-0.1	3.01554
13065007	978	0.1	-0.1	-1.6704
13065007	979	0.1	-0.1	-0.756079
13065007	980	0.1	-0.1	-2.67282
13065007	981	0.1	-0.1	-4.27136
13065007	982	0.1	-0.1	-2.71397
13065007	983	0.1	-0.1	-4.65688
13065007	984	0.1	-0.1	0.756488
13065007	985	0.1	-0.1	-2.06842
13065007	986	0.1	-0.1	-1.42275
13065007	987	0.1	-0.1	-4.08269
13065007	988	0.1	-0.1	2.95932
13065007	989	0.1	-0.1	5.28799
13065007	990	0.1	-0.1	5.32984
13065007	991	0.1	-0.1	-1.36026
13065007	992	0.1	-0.1	-5.16089
13065007	993	0.1	-0.1	-5.78962
13065007	994	0.1	-0.1	-2.09049
13065007	995	0.1	-0.1	-5.97459
13065007	996	0.1	-0.1	-4.93401
13065007	997	0.1	-0.1	5.90367
13065007	998	0.1	-0.1	0.681107
13065007	999	0.1	-0.1	5.12452
13065007	1000	0.1	-0.1	5.84426
