13061026	1	0.1	-0.1	1.70532
13061026	2	0.1	-0.1	-4.78192
13061026	3	0.1	-0.1	2.5615
13061026	4	0.1	-0.1	0.0858675
13061026	5	0.1	-0.1	-0.0284812
13061026	6	0.1	-0.1	1.03654
13061026	7	0.1	-0.1	-3.67201
13061026	8	0.1	-0.1	3.74595
13061026	9	0.1	-0.1	-4.00671
13061026	10	0.1	-0.1	-1.59052
13061026	11	0.1	-0.1	-3.6746
13061026	12	0.1	-0.1	-2.52359
13061026	13	0.1	-0.1	-0.836569
13061026	14	0.1	-0.1	1.50544
13061026	15	0.1	-0.1	-4.72822
13061026	16	0.1	-0.1	-1.70688
13061026	17	0.1	-0.1	-0.781443
13061026	18	0.1	-0.1	-2.06641
13061026	19	0.1	-0.1	0.447391
13061026	20	0.1	-0.1	-3.66135
13061026	21	0.1	-0.1	-3.76241
13061026	22	0.1	-0.1	-1.01216
13061026	23	0.1	-0.1	5.08079
13061026	24	0.1	-0.1	-2.89213
13061026	25	0.1	-0.1	0.728933
13061026	26	0.1	-0.1	-5.24854
13061026	27	0.1	-0.1	-5.24358
13061026	28	0.1	-0.1	-2.41829
13061026	29	0.1	-0.1	-4.49552
13061026	30	0.1	-0.1	5.75939
13061026	31	0.1	-0.1	0.507601
13061026	32	0.1	-0.1	-2.59251
13061026	33	0.1	-0.1	0.819403
13061026	34	0.1	-0.1	5.49504
13061026	35	0.1	-0.1	4.53932
13061026	36	0.1	-0.1	1.71266
13061026	37	0.1	-0.1	-4.0369
13061026	38	0.1	-0.1	-3.05004
13061026	39	0.1	-0.1	-2.008
13061026	40	0.1	-0.1	-5.10615
13061026	41	0.1	-0.1	-1.62704
13061026	42	0.1	-0.1	-2.67066
13061026	43	0.1	-0.1	-3.07208
13061026	44	0.1	-0.1	1.64013
13061026	45	0.1	-0.1	-1.24341
13061026	46	0.1	-0.1	-4.84596
13061026	47	0.1	-0.1	-0.268323
13061026	48	0.1	-0.1	0.477846
13061026	49	0.1	-0.1	-5.09354
13061026	50	0.1	-0.1	5.17049
13061026	51	0.1	-0.1	4.33482
13061026	52	0.1	-0.1	-1.57979
13061026	53	0.1	-0.1	1.99796
13061026	54	0.1	-0.1	2.67974
13061026	55	0.1	-0.1	-4.35095
13061026	56	0.1	-0.1	0.163232
13061026	57	0.1	-0.1	5.69483
13061026	58	0.1	-0.1	4.62167
13061026	59	0.1	-0.1	-4.05641
13061026	60	0.1	-0.1	4.28441
13061026	61	0.1	-0.1	-3.82527
13061026	62	0.1	-0.1	2.88387
13061026	63	0.1	-0.1	-1.26021
13061026	64	0.1	-0.1	2.33711
13061026	65	0.1	-0.1	1.06571
13061026	66	0.1	-0.1	3.44073
13061026	67	0.1	-0.1	-4.04573
13061026	68	0.1	-0.1	5.83168
13061026	69	0.1	-0.1	-4.10752
13061026	70	0.1	-0.1	-4.78804
13061026	71	0.1	-0.1	0.315825
13061026	72	0.1	-0.1	-0.0731133
13061026	73	0.1	-0.1	-4.3898
13061026	74	0.1	-0.1	-4.89871
13061026	75	0.1	-0.1	-1.86163
13061026	76	0.1	-0.1	4.99845
13061026	77	0.1	-0.1	3.00029
13061026	78	0.1	-0.1	3.27989
13061026	79	0.1	-0.1	3.37978
13061026	80	0.1	-0.1	0.377302
13061026	81	0.1	-0.1	0.144361
13061026	82	0.1	-0.1	3.43419
13061026	83	0.1	-0.1	-4.15355
13061026	84	0.1	-0.1	-2.80172
13061026	85	0.1	-0.1	0.0420503
13061026	86	0.1	-0.1	-0.673249
13061026	87	0.1	-0.1	0.129609
13061026	88	0.1	-0.1	-1.28128
13061026	89	0.1	-0.1	-3.44175
13061026	90	0.1	-0.1	-4.00687
13061026	91	0.1	-0.1	3.0917
13061026	92	0.1	-0.1	1.0377
13061026	93	0.1	-0.1	2.50917
13061026	94	0.1	-0.1	5.65785
13061026	95	0.1	-0.1	3.05594
13061026	96	0.1	-0.1	2.06806
13061026	97	0.1	-0.1	5.8754
13061026	98	0.1	-0.1	-2.34304
13061026	99	0.1	-0.1	-0.437662
13061026	100	0.1	-0.1	-3.56578
13061026	101	0.1	-0.1	1.3684
13061026	102	0.1	-0.1	-4.78453
13061026	103	0.1	-0.1	-2.82187
13061026	104	0.1	-0.1	2.10575
13061026	105	0.1	-0.1	0.0243667
13061026	106	0.1	-0.1	-4.16285
13061026	107	0.1	-0.1	-0.593367
13061026	108	0.1	-0.1	-3.12283
13061026	109	0.1	-0.1	-0.746434
13061026	110	0.1	-0.1	2.5427
13061026	111	0.1	-0.1	2.23728
13061026	112	0.1	-0.1	-1.89084
13061026	113	0.1	-0.1	-4.65434
13061026	114	0.1	-0.1	1.44143
13061026	115	0.1	-0.1	1.93405
13061026	116	0.1	-0.1	-5.65205
13061026	117	0.1	-0.1	-2.2584
13061026	118	0.1	-0.1	-5.86385
13061026	119	0.1	-0.1	4.16183
13061026	120	0.1	-0.1	0.283476
13061026	121	0.1	-0.1	5.95353
13061026	122	0.1	-0.1	-2.14776
13061026	123	0.1	-0.1	5.57117
13061026	124	0.1	-0.1	4.11411
13061026	125	0.1	-0.1	5.96426
13061026	126	0.1	-0.1	-3.75199
13061026	127	0.1	-0.1	0.653164
13061026	128	0.1	-0.1	-1.5016
13061026	129	0.1	-0.1	-4.54666
13061026	130	0.1	-0.1	-0.899107
13061026	131	0.1	-0.1	-0.248003
13061026	132	0.1	-0.1	0.453621
13061026	133	0.1	-0.1	1.21917
13061026	134	0.1	-0.1	-5.70409
13061026	135	0.1	-0.1	-0.377221
13061026	136	0.1	-0.1	-4.87049
13061026	137	0.1	-0.1	-0.500826
13061026	138	0.1	-0.1	-0.452121
13061026	139	0.1	-0.1	1.66642
13061026	140	0.1	-0.1	-2.41304
13061026	141	0.1	-0.1	3.47253
13061026	142	0.1	-0.1	-5.78263
13061026	143	0.1	-0.1	-5.55999
13061026	144	0.1	-0.1	1.66557
13061026	145	0.1	-0.1	1.64178
13061026	146	0.1	-0.1	4.50714
13061026	147	0.1	-0.1	-4.81656
13061026	148	0.1	-0.1	2.45451
13061026	149	0.1	-0.1	0.749433
13061026	150	0.1	-0.1	-4.28168
13061026	151	0.1	-0.1	4.95758
13061026	152	0.1	-0.1	4.54925
13061026	153	0.1	-0.1	0.510183
13061026	154	0.1	-0.1	5.06999
13061026	155	0.1	-0.1	1.46045
13061026	156	0.1	-0.1	2.37161
13061026	157	0.1	-0.1	-2.82823
13061026	158	0.1	-0.1	0.929365
13061026	159	0.1	-0.1	3.39322
13061026	160	0.1	-0.1	-2.74566
13061026	161	0.1	-0.1	-2.40285
13061026	162	0.1	-0.1	4.34348
13061026	163	0.1	-0.1	-3.39911
13061026	164	0.1	-0.1	-0.452646
13061026	165	0.1	-0.1	-4.62311
13061026	166	0.1	-0.1	3.28937
13061026	167	0.1	-0.1	-2.41289
13061026	168	0.1	-0.1	-2.38253
13061026	169	0.1	-0.1	-2.83553
13061026	170	0.1	-0.1	-4.70908
13061026	171	0.1	-0.1	-3.37543
13061026	172	0.1	-0.1	-5.54681
13061026	173	0.1	-0.1	5.82369
13061026	174	0.1	-0.1	2.3297
13061026	175	0.1	-0.1	4.20319
13061026	176	0.1	-0.1	5.34474
13061026	177	0.1	-0.1	-3.21632
13061026	178	0.1	-0.1	-2.482
13061026	179	0.1	-0.1	4.91723
13061026	180	0.1	-0.1	-0.39248
13061026	181	0.1	-0.1	3.3783
13061026	182	0.1	-0.1	0.722506
13061026	183	0.1	-0.1	0.0577775
13061026	184	0.1	-0.1	-5.50984
13061026	185	0.1	-0.1	1.28991
13061026	186	0.1	-0.1	5.82449
13061026	187	0.1	-0.1	-1.88321
13061026	188	0.1	-0.1	-3.52422
13061026	189	0.1	-0.1	3.04299
13061026	190	0.1	-0.1	5.16993
13061026	191	0.1	-0.1	-5.33942
13061026	192	0.1	-0.1	0.0838236
13061026	193	0.1	-0.1	-4.92532
13061026	194	0.1	-0.1	-5.49546
13061026	195	0.1	-0.1	-4.62197
13061026	196	0.1	-0.1	-3.79369
13061026	197	0.1	-0.1	4.47424
13061026	198	0.1	-0.1	-2.12503
13061026	199	0.1	-0.1	5.26174
13061026	200	0.1	-0.1	5.37375
13061026	201	0.1	-0.1	3.95616
13061026	202	0.1	-0.1	0.170126
13061026	203	0.1	-0.1	-4.37499
13061026	204	0.1	-0.1	-3.72483
13061026	205	0.1	-0.1	5.58212
13061026	206	0.1	-0.1	-5.08234
13061026	207	0.1	-0.1	2.3921
13061026	208	0.1	-0.1	-3.91525
13061026	209	0.1	-0.1	-0.171197
13061026	210	0.1	-0.1	1.85483
13061026	211	0.1	-0.1	-4.52009
13061026	212	0.1	-0.1	3.23376
13061026	213	0.1	-0.1	3.68437
13061026	214	0.1	-0.1	-4.87557
13061026	215	0.1	-0.1	-0.528372
13061026	216	0.1	-0.1	3.55574
13061026	217	0.1	-0.1	0.900282
13061026	218	0.1	-0.1	1.80127
13061026	219	0.1	-0.1	5.45921
13061026	220	0.1	-0.1	5.47484
13061026	221	0.1	-0.1	-0.836725
13061026	222	0.1	-0.1	5.76534
13061026	223	0.1	-0.1	-0.382945
13061026	224	0.1	-0.1	-2.61434
13061026	225	0.1	-0.1	5.39885
13061026	226	0.1	-0.1	3.79324
13061026	227	0.1	-0.1	-5.39401
13061026	228	0.1	-0.1	5.75519
13061026	229	0.1	-0.1	0.324961
13061026	230	0.1	-0.1	1.45313
13061026	231	0.1	-0.1	1.66425
13061026	232	0.1	-0.1	4.08566
13061026	233	0.1	-0.1	4.57363
13061026	234	0.1	-0.1	-5.1226
13061026	235	0.1	-0.1	-2.13114
13061026	236	0.1	-0.1	5.48713
13061026	237	0.1	-0.1	3.92456
13061026	238	0.1	-0.1	-0.179286
13061026	239	0.1	-0.1	1.06497
13061026	240	0.1	-0.1	-0.335178
13061026	241	0.1	-0.1	-2.26236
13061026	242	0.1	-0.1	-4.87858
13061026	243	0.1	-0.1	0.1812
13061026	244	0.1	-0.1	0.515644
13061026	245	0.1	-0.1	4.83707
13061026	246	0.1	-0.1	5.6353
13061026	247	0.1	-0.1	-2.38934
13061026	248	0.1	-0.1	0.388453
13061026	249	0.1	-0.1	-5.95507
13061026	250	0.1	-0.1	-3.80332
13061026	251	0.1	-0.1	4.3107
13061026	252	0.1	-0.1	-2.27591
13061026	253	0.1	-0.1	5.61261
13061026	254	0.1	-0.1	2.91844
13061026	255	0.1	-0.1	4.90913
13061026	256	0.1	-0.1	2.03156
13061026	257	0.1	-0.1	4.22529
13061026	258	0.1	-0.1	2.4407
13061026	259	0.1	-0.1	5.29287
13061026	260	0.1	-0.1	2.48325
13061026	261	0.1	-0.1	-0.526842
13061026	262	0.1	-0.1	5.50072
13061026	263	0.1	-0.1	-4.89763
13061026	264	0.1	-0.1	5.46818
13061026	265	0.1	-0.1	-4.98196
13061026	266	0.1	-0.1	2.81384
13061026	267	0.1	-0.1	1.81765
13061026	268	0.1	-0.1	-2.06401
13061026	269	0.1	-0.1	-2.49296
13061026	270	0.1	-0.1	4.26194
13061026	271	0.1	-0.1	4.9081
13061026	272	0.1	-0.1	-0.0583081
13061026	273	0.1	-0.1	-3.45818
13061026	274	0.1	-0.1	-2.12743
13061026	275	0.1	-0.1	0.990765
13061026	276	0.1	-0.1	3.95003
13061026	277	0.1	-0.1	-2.57464
13061026	278	0.1	-0.1	-4.33371
13061026	279	0.1	-0.1	-0.733448
13061026	280	0.1	-0.1	2.00738
13061026	281	0.1	-0.1	-2.91219
13061026	282	0.1	-0.1	0.00144484
13061026	283	0.1	-0.1	1.3016
13061026	284	0.1	-0.1	1.78444
13061026	285	0.1	-0.1	-2.26057
13061026	286	0.1	-0.1	4.67667
13061026	287	0.1	-0.1	-3.88853
13061026	288	0.1	-0.1	5.95367
13061026	289	0.1	-0.1	3.43439
13061026	290	0.1	-0.1	-2.10443
13061026	291	0.1	-0.1	-3.03787
13061026	292	0.1	-0.1	1.32568
13061026	293	0.1	-0.1	1.59027
13061026	294	0.1	-0.1	-0.00238137
13061026	295	0.1	-0.1	-5.38827
13061026	296	0.1	-0.1	1.36385
13061026	297	0.1	-0.1	-3.23659
13061026	298	0.1	-0.1	5.45543
13061026	299	0.1	-0.1	0.165268
13061026	300	0.1	-0.1	0.407224
13061026	301	0.1	-0.1	1.33848
13061026	302	0.1	-0.1	1.60912
13061026	303	0.1	-0.1	2.42766
13061026	304	0.1	-0.1	0.820375
13061026	305	0.1	-0.1	4.70915
13061026	306	0.1	-0.1	3.54605
13061026	307	0.1	-0.1	-5.00116
13061026	308	0.1	-0.1	-4.10906
13061026	309	0.1	-0.1	2.10358
13061026	310	0.1	-0.1	5.58611
13061026	311	0.1	-0.1	-4.96143
13061026	312	0.1	-0.1	1.76425
13061026	313	0.1	-0.1	4.90357
13061026	314	0.1	-0.1	1.96521
13061026	315	0.1	-0.1	3.97397
13061026	316	0.1	-0.1	-0.500218
13061026	317	0.1	-0.1	-2.47649
13061026	318	0.1	-0.1	-1.84904
13061026	319	0.1	-0.1	4.20139
13061026	320	0.1	-0.1	1.1447
13061026	321	0.1	-0.1	1.90185
13061026	322	0.1	-0.1	-2.33953
13061026	323	0.1	-0.1	2.58336
13061026	324	0.1	-0.1	1.20233
13061026	325	0.1	-0.1	-1.2625
13061026	326	0.1	-0.1	0.662074
13061026	327	0.1	-0.1	-2.28245
13061026	328	0.1	-0.1	1.3339
13061026	329	0.1	-0.1	-1.40463
13061026	330	0.1	-0.1	1.65778
13061026	331	0.1	-0.1	-1.19099
13061026	332	0.1	-0.1	-3.52006
13061026	333	0.1	-0.1	3.9574
13061026	334	0.1	-0.1	4.95074
13061026	335	0.1	-0.1	-3.61074
13061026	336	0.1	-0.1	3.92942
13061026	337	0.1	-0.1	0.430389
13061026	338	0.1	-0.1	-4.71831
13061026	339	0.1	-0.1	-0.231598
13061026	340	0.1	-0.1	4.54001
13061026	341	0.1	-0.1	-3.23854
13061026	342	0.1	-0.1	4.94018
13061026	343	0.1	-0.1	-5.32464
13061026	344	0.1	-0.1	1.52636
13061026	345	0.1	-0.1	1.6328
13061026	346	0.1	-0.1	-0.316289
13061026	347	0.1	-0.1	5.77033
13061026	348	0.1	-0.1	4.14977
13061026	349	0.1	-0.1	-0.935195
13061026	350	0.1	-0.1	-4.67116
13061026	351	0.1	-0.1	4.97884
13061026	352	0.1	-0.1	-5.54107
13061026	353	0.1	-0.1	-0.805513
13061026	354	0.1	-0.1	-1.99648
13061026	355	0.1	-0.1	-4.28023
13061026	356	0.1	-0.1	0.398737
13061026	357	0.1	-0.1	-4.68839
13061026	358	0.1	-0.1	-2.27433
13061026	359	0.1	-0.1	-5.35999
13061026	360	0.1	-0.1	-2.10059
13061026	361	0.1	-0.1	-1.00131
13061026	362	0.1	-0.1	-0.888734
13061026	363	0.1	-0.1	4.35119
13061026	364	0.1	-0.1	4.24254
13061026	365	0.1	-0.1	-2.6392
13061026	366	0.1	-0.1	2.68327
13061026	367	0.1	-0.1	2.03808
13061026	368	0.1	-0.1	5.04739
13061026	369	0.1	-0.1	3.53564
13061026	370	0.1	-0.1	-5.77068
13061026	371	0.1	-0.1	-4.19457
13061026	372	0.1	-0.1	4.07794
13061026	373	0.1	-0.1	-1.52895
13061026	374	0.1	-0.1	-2.59802
13061026	375	0.1	-0.1	-3.09797
13061026	376	0.1	-0.1	-1.39665
13061026	377	0.1	-0.1	-3.55075
13061026	378	0.1	-0.1	2.25525
13061026	379	0.1	-0.1	3.24797
13061026	380	0.1	-0.1	2.92512
13061026	381	0.1	-0.1	0.364512
13061026	382	0.1	-0.1	-2.88359
13061026	383	0.1	-0.1	-3.86118
13061026	384	0.1	-0.1	-5.56309
13061026	385	0.1	-0.1	3.36743
13061026	386	0.1	-0.1	-5.56598
13061026	387	0.1	-0.1	2.58441
13061026	388	0.1	-0.1	-1.86491
13061026	389	0.1	-0.1	0.379092
13061026	390	0.1	-0.1	-5.61924
13061026	391	0.1	-0.1	-1.9287
13061026	392	0.1	-0.1	-4.13533
13061026	393	0.1	-0.1	-1.15974
13061026	394	0.1	-0.1	0.930512
13061026	395	0.1	-0.1	5.60962
13061026	396	0.1	-0.1	-2.38606
13061026	397	0.1	-0.1	0.616944
13061026	398	0.1	-0.1	-0.875903
13061026	399	0.1	-0.1	-2.54071
13061026	400	0.1	-0.1	1.51411
13061026	401	0.1	-0.1	2.97014
13061026	402	0.1	-0.1	5.17642
13061026	403	0.1	-0.1	4.10982
13061026	404	0.1	-0.1	-2.71278
13061026	405	0.1	-0.1	-2.11144
13061026	406	0.1	-0.1	3.04334
13061026	407	0.1	-0.1	-1.83488
13061026	408	0.1	-0.1	0.436422
13061026	409	0.1	-0.1	4.20863
13061026	410	0.1	-0.1	-4.3243
13061026	411	0.1	-0.1	-2.51013
13061026	412	0.1	-0.1	3.64156
13061026	413	0.1	-0.1	-4.12278
13061026	414	0.1	-0.1	0.889805
13061026	415	0.1	-0.1	5.19402
13061026	416	0.1	-0.1	4.82802
13061026	417	0.1	-0.1	1.81824
13061026	418	0.1	-0.1	4.19041
13061026	419	0.1	-0.1	1.85277
13061026	420	0.1	-0.1	-3.34348
13061026	421	0.1	-0.1	-2.46046
13061026	422	0.1	-0.1	3.54826
13061026	423	0.1	-0.1	5.87907
13061026	424	0.1	-0.1	5.00231
13061026	425	0.1	-0.1	-2.04806
13061026	426	0.1	-0.1	-1.53334
13061026	427	0.1	-0.1	4.86308
13061026	428	0.1	-0.1	-2.24306
13061026	429	0.1	-0.1	4.57141
13061026	430	0.1	-0.1	-1.89649
13061026	431	0.1	-0.1	2.45591
13061026	432	0.1	-0.1	-2.89531
13061026	433	0.1	-0.1	1.43092
13061026	434	0.1	-0.1	1.28315
13061026	435	0.1	-0.1	0.194686
13061026	436	0.1	-0.1	-4.41772
13061026	437	0.1	-0.1	-0.560264
13061026	438	0.1	-0.1	-1.45278
13061026	439	0.1	-0.1	2.30372
13061026	440	0.1	-0.1	2.36025
13061026	441	0.1	-0.1	1.16427
13061026	442	0.1	-0.1	3.52505
13061026	443	0.1	-0.1	-4.94536
13061026	444	0.1	-0.1	4.14062
13061026	445	0.1	-0.1	-1.17027
13061026	446	0.1	-0.1	3.65263
13061026	447	0.1	-0.1	0.766641
13061026	448	0.1	-0.1	-1.42483
13061026	449	0.1	-0.1	5.36954
13061026	450	0.1	-0.1	-5.41564
13061026	451	0.1	-0.1	3.1255
13061026	452	0.1	-0.1	-5.04383
13061026	453	0.1	-0.1	-3.18738
13061026	454	0.1	-0.1	3.83397
13061026	455	0.1	-0.1	2.99156
13061026	456	0.1	-0.1	-5.919
13061026	457	0.1	-0.1	0.851729
13061026	458	0.1	-0.1	-2.13867
13061026	459	0.1	-0.1	-4.00532
13061026	460	0.1	-0.1	0.385655
13061026	461	0.1	-0.1	-1.58022
13061026	462	0.1	-0.1	-3.70247
13061026	463	0.1	-0.1	1.30955
13061026	464	0.1	-0.1	-4.23395
13061026	465	0.1	-0.1	3.86943
13061026	466	0.1	-0.1	-0.842012
13061026	467	0.1	-0.1	1.46913
13061026	468	0.1	-0.1	2.87661
13061026	469	0.1	-0.1	2.16092
13061026	470	0.1	-0.1	1.17646
13061026	471	0.1	-0.1	-5.72192
13061026	472	0.1	-0.1	2.20847
13061026	473	0.1	-0.1	3.61097
13061026	474	0.1	-0.1	-4.97248
13061026	475	0.1	-0.1	2.4118
13061026	476	0.1	-0.1	-1.36208
13061026	477	0.1	-0.1	-3.35053
13061026	478	0.1	-0.1	-0.39466
13061026	479	0.1	-0.1	2.8101
13061026	480	0.1	-0.1	0.62504
13061026	481	0.1	-0.1	5.19743
13061026	482	0.1	-0.1	-5.71155
13061026	483	0.1	-0.1	-1.45596
13061026	484	0.1	-0.1	2.01347
13061026	485	0.1	-0.1	-5.86587
13061026	486	0.1	-0.1	-3.20946
13061026	487	0.1	-0.1	-3.16809
13061026	488	0.1	-0.1	5.2328
13061026	489	0.1	-0.1	0.134653
13061026	490	0.1	-0.1	-2.61681
13061026	491	0.1	-0.1	-2.8797
13061026	492	0.1	-0.1	-4.49752
13061026	493	0.1	-0.1	1.23934
13061026	494	0.1	-0.1	-0.279712
13061026	495	0.1	-0.1	-2.9227
13061026	496	0.1	-0.1	-0.652326
13061026	497	0.1	-0.1	-5.03787
13061026	498	0.1	-0.1	-0.481848
13061026	499	0.1	-0.1	4.3063
13061026	500	0.1	-0.1	1.13152
13061026	501	0.1	-0.1	-4.90134
13061026	502	0.1	-0.1	-2.37613
13061026	503	0.1	-0.1	-1.79183
13061026	504	0.1	-0.1	2.86035
13061026	505	0.1	-0.1	0.32926
13061026	506	0.1	-0.1	-0.754404
13061026	507	0.1	-0.1	1.82036
13061026	508	0.1	-0.1	-5.12209
13061026	509	0.1	-0.1	-1.18582
13061026	510	0.1	-0.1	4.23335
13061026	511	0.1	-0.1	-3.6161
13061026	512	0.1	-0.1	-0.765489
13061026	513	0.1	-0.1	3.05278
13061026	514	0.1	-0.1	1.02637
13061026	515	0.1	-0.1	1.59344
13061026	516	0.1	-0.1	-2.48721
13061026	517	0.1	-0.1	-0.715227
13061026	518	0.1	-0.1	1.89075
13061026	519	0.1	-0.1	2.15768
13061026	520	0.1	-0.1	-3.33832
13061026	521	0.1	-0.1	0.0487366
13061026	522	0.1	-0.1	-2.26663
13061026	523	0.1	-0.1	-3.31961
13061026	524	0.1	-0.1	1.5787
13061026	525	0.1	-0.1	0.538797
13061026	526	0.1	-0.1	5.9785
13061026	527	0.1	-0.1	0.216401
13061026	528	0.1	-0.1	-1.10988
13061026	529	0.1	-0.1	-0.882952
13061026	530	0.1	-0.1	3.82329
13061026	531	0.1	-0.1	-3.67639
13061026	532	0.1	-0.1	4.04023
13061026	533	0.1	-0.1	2.08713
13061026	534	0.1	-0.1	-3.49967
13061026	535	0.1	-0.1	1.45202
13061026	536	0.1	-0.1	3.6299
13061026	537	0.1	-0.1	4.89021
13061026	538	0.1	-0.1	1.4385
13061026	539	0.1	-0.1	4.48108
13061026	540	0.1	-0.1	-0.357612
13061026	541	0.1	-0.1	-1.09087
13061026	542	0.1	-0.1	3.64238
13061026	543	0.1	-0.1	5.8767
13061026	544	0.1	-0.1	4.72382
13061026	545	0.1	-0.1	-2.37732
13061026	546	0.1	-0.1	-2.6245
13061026	547	0.1	-0.1	-3.89649
13061026	548	0.1	-0.1	4.44403
13061026	549	0.1	-0.1	-2.95873
13061026	550	0.1	-0.1	0.933232
13061026	551	0.1	-0.1	1.27118
13061026	552	0.1	-0.1	4.0176
13061026	553	0.1	-0.1	5.70333
13061026	554	0.1	-0.1	3.38006
13061026	555	0.1	-0.1	0.325943
13061026	556	0.1	-0.1	5.69756
13061026	557	0.1	-0.1	-0.305161
13061026	558	0.1	-0.1	2.20898
13061026	559	0.1	-0.1	3.03221
13061026	560	0.1	-0.1	2.25252
13061026	561	0.1	-0.1	-1.56335
13061026	562	0.1	-0.1	-2.38081
13061026	563	0.1	-0.1	0.801365
13061026	564	0.1	-0.1	3.03411
13061026	565	0.1	-0.1	0.901751
13061026	566	0.1	-0.1	1.00378
13061026	567	0.1	-0.1	-1.31173
13061026	568	0.1	-0.1	-1.90909
13061026	569	0.1	-0.1	-4.0806
13061026	570	0.1	-0.1	-0.525239
13061026	571	0.1	-0.1	2.53319
13061026	572	0.1	-0.1	5.9585
13061026	573	0.1	-0.1	-0.698486
13061026	574	0.1	-0.1	1.09495
13061026	575	0.1	-0.1	-3.3438
13061026	576	0.1	-0.1	-0.0934089
13061026	577	0.1	-0.1	-1.64148
13061026	578	0.1	-0.1	-0.208743
13061026	579	0.1	-0.1	-1.44886
13061026	580	0.1	-0.1	-4.79018
13061026	581	0.1	-0.1	-2.44139
13061026	582	0.1	-0.1	-4.60607
13061026	583	0.1	-0.1	4.70522
13061026	584	0.1	-0.1	4.56939
13061026	585	0.1	-0.1	1.03258
13061026	586	0.1	-0.1	3.28014
13061026	587	0.1	-0.1	-4.20979
13061026	588	0.1	-0.1	4.23644
13061026	589	0.1	-0.1	5.98666
13061026	590	0.1	-0.1	1.50635
13061026	591	0.1	-0.1	0.16975
13061026	592	0.1	-0.1	-3.23387
13061026	593	0.1	-0.1	3.48421
13061026	594	0.1	-0.1	-1.72852
13061026	595	0.1	-0.1	1.27071
13061026	596	0.1	-0.1	4.47472
13061026	597	0.1	-0.1	3.19955
13061026	598	0.1	-0.1	2.72746
13061026	599	0.1	-0.1	5.00241
13061026	600	0.1	-0.1	2.03872
13061026	601	0.1	-0.1	5.21113
13061026	602	0.1	-0.1	-3.81661
13061026	603	0.1	-0.1	-5.47573
13061026	604	0.1	-0.1	5.04967
13061026	605	0.1	-0.1	-3.64799
13061026	606	0.1	-0.1	-2.41769
13061026	607	0.1	-0.1	-5.88687
13061026	608	0.1	-0.1	4.06663
13061026	609	0.1	-0.1	-4.08715
13061026	610	0.1	-0.1	-2.93557
13061026	611	0.1	-0.1	2.72598
13061026	612	0.1	-0.1	-3.77918
13061026	613	0.1	-0.1	1.71333
13061026	614	0.1	-0.1	-3.58503
13061026	615	0.1	-0.1	-1.27533
13061026	616	0.1	-0.1	5.85574
13061026	617	0.1	-0.1	-1.59483
13061026	618	0.1	-0.1	1.10483
13061026	619	0.1	-0.1	-0.886338
13061026	620	0.1	-0.1	-2.492
13061026	621	0.1	-0.1	1.79689
13061026	622	0.1	-0.1	-0.289364
13061026	623	0.1	-0.1	5.44433
13061026	624	0.1	-0.1	5.90204
13061026	625	0.1	-0.1	-3.04014
13061026	626	0.1	-0.1	2.2687
13061026	627	0.1	-0.1	5.81286
13061026	628	0.1	-0.1	2.71172
13061026	629	0.1	-0.1	3.40351
13061026	630	0.1	-0.1	3.39905
13061026	631	0.1	-0.1	4.56097
13061026	632	0.1	-0.1	-2.8348
13061026	633	0.1	-0.1	-0.435346
13061026	634	0.1	-0.1	4.94596
13061026	635	0.1	-0.1	-5.79698
13061026	636	0.1	-0.1	-0.984968
13061026	637	0.1	-0.1	-5.92197
13061026	638	0.1	-0.1	0.261023
13061026	639	0.1	-0.1	2.97352
13061026	640	0.1	-0.1	5.64181
13061026	641	0.1	-0.1	-0.891571
13061026	642	0.1	-0.1	1.11411
13061026	643	0.1	-0.1	-1.26282
13061026	644	0.1	-0.1	-1.49156
13061026	645	0.1	-0.1	4.02135
13061026	646	0.1	-0.1	5.2991
13061026	647	0.1	-0.1	-2.04544
13061026	648	0.1	-0.1	1.24776
13061026	649	0.1	-0.1	-0.177812
13061026	650	0.1	-0.1	-1.04057
13061026	651	0.1	-0.1	3.76091
13061026	652	0.1	-0.1	2.53706
13061026	653	0.1	-0.1	-5.20917
13061026	654	0.1	-0.1	-2.82504
13061026	655	0.1	-0.1	3.16389
13061026	656	0.1	-0.1	-4.23645
13061026	657	0.1	-0.1	-5.53235
13061026	658	0.1	-0.1	5.01503
13061026	659	0.1	-0.1	3.74173
13061026	660	0.1	-0.1	-5.46971
13061026	661	0.1	-0.1	0.690271
13061026	662	0.1	-0.1	0.0244493
13061026	663	0.1	-0.1	4.80853
13061026	664	0.1	-0.1	3.89523
13061026	665	0.1	-0.1	-4.44507
13061026	666	0.1	-0.1	-2.31554
13061026	667	0.1	-0.1	0.475489
13061026	668	0.1	-0.1	2.19146
13061026	669	0.1	-0.1	5.82438
13061026	670	0.1	-0.1	-3.25161
13061026	671	0.1	-0.1	-5.43894
13061026	672	0.1	-0.1	-1.14362
13061026	673	0.1	-0.1	-5.05001
13061026	674	0.1	-0.1	-3.45592
13061026	675	0.1	-0.1	-4.23179
13061026	676	0.1	-0.1	2.29278
13061026	677	0.1	-0.1	-0.0737266
13061026	678	0.1	-0.1	5.99071
13061026	679	0.1	-0.1	1.51101
13061026	680	0.1	-0.1	-0.795428
13061026	681	0.1	-0.1	1.22778
13061026	682	0.1	-0.1	4.79812
13061026	683	0.1	-0.1	2.90098
13061026	684	0.1	-0.1	-0.806911
13061026	685	0.1	-0.1	-1.04071
13061026	686	0.1	-0.1	-2.1485
13061026	687	0.1	-0.1	-5.51076
13061026	688	0.1	-0.1	1.85195
13061026	689	0.1	-0.1	4.85505
13061026	690	0.1	-0.1	0.725402
13061026	691	0.1	-0.1	1.25074
13061026	692	0.1	-0.1	1.02963
13061026	693	0.1	-0.1	0.928511
13061026	694	0.1	-0.1	4.85503
13061026	695	0.1	-0.1	2.17552
13061026	696	0.1	-0.1	-2.24612
13061026	697	0.1	-0.1	2.54117
13061026	698	0.1	-0.1	5.98136
13061026	699	0.1	-0.1	-2.18232
13061026	700	0.1	-0.1	4.31254
13061026	701	0.1	-0.1	3.99897
13061026	702	0.1	-0.1	5.00551
13061026	703	0.1	-0.1	-5.10397
13061026	704	0.1	-0.1	-0.568893
13061026	705	0.1	-0.1	-5.76649
13061026	706	0.1	-0.1	-5.02056
13061026	707	0.1	-0.1	-1.36891
13061026	708	0.1	-0.1	1.03233
13061026	709	0.1	-0.1	1.1938
13061026	710	0.1	-0.1	3.93522
13061026	711	0.1	-0.1	0.214157
13061026	712	0.1	-0.1	3.27679
13061026	713	0.1	-0.1	-1.00384
13061026	714	0.1	-0.1	2.89105
13061026	715	0.1	-0.1	-0.81919
13061026	716	0.1	-0.1	5.94135
13061026	717	0.1	-0.1	1.05949
13061026	718	0.1	-0.1	-0.316193
13061026	719	0.1	-0.1	-1.27723
13061026	720	0.1	-0.1	-3.19921
13061026	721	0.1	-0.1	3.57644
13061026	722	0.1	-0.1	5.39233
13061026	723	0.1	-0.1	5.23549
13061026	724	0.1	-0.1	3.08047
13061026	725	0.1	-0.1	-1.8117
13061026	726	0.1	-0.1	-0.345563
13061026	727	0.1	-0.1	-5.28944
13061026	728	0.1	-0.1	3.37376
13061026	729	0.1	-0.1	2.90962
13061026	730	0.1	-0.1	-5.89173
13061026	731	0.1	-0.1	-0.111174
13061026	732	0.1	-0.1	-4.36548
13061026	733	0.1	-0.1	-5.36692
13061026	734	0.1	-0.1	-3.24006
13061026	735	0.1	-0.1	-4.9739
13061026	736	0.1	-0.1	-0.306736
13061026	737	0.1	-0.1	-4.68496
13061026	738	0.1	-0.1	-4.08086
13061026	739	0.1	-0.1	2.74472
13061026	740	0.1	-0.1	0.180646
13061026	741	0.1	-0.1	1.79019
13061026	742	0.1	-0.1	-1.45162
13061026	743	0.1	-0.1	0.139099
13061026	744	0.1	-0.1	-3.7671
13061026	745	0.1	-0.1	5.03197
13061026	746	0.1	-0.1	-2.67127
13061026	747	0.1	-0.1	-2.07355
13061026	748	0.1	-0.1	0.777691
13061026	749	0.1	-0.1	4.59682
13061026	750	0.1	-0.1	-3.27359
13061026	751	0.1	-0.1	1.44109
13061026	752	0.1	-0.1	0.423267
13061026	753	0.1	-0.1	1.72104
13061026	754	0.1	-0.1	1.72579
13061026	755	0.1	-0.1	0.0988692
13061026	756	0.1	-0.1	-4.29486
13061026	757	0.1	-0.1	1.8321
13061026	758	0.1	-0.1	0.93365
13061026	759	0.1	-0.1	-2.45675
13061026	760	0.1	-0.1	5.08478
13061026	761	0.1	-0.1	-1.28811
13061026	762	0.1	-0.1	5.53021
13061026	763	0.1	-0.1	1.22693
13061026	764	0.1	-0.1	-1.28803
13061026	765	0.1	-0.1	-3.2105
13061026	766	0.1	-0.1	0.946957
13061026	767	0.1	-0.1	-5.51181
13061026	768	0.1	-0.1	-4.34291
13061026	769	0.1	-0.1	2.72942
13061026	770	0.1	-0.1	-2.2068
13061026	771	0.1	-0.1	1.87895
13061026	772	0.1	-0.1	4.79246
13061026	773	0.1	-0.1	0.0293096
13061026	774	0.1	-0.1	-4.60131
13061026	775	0.1	-0.1	-3.97998
13061026	776	0.1	-0.1	-3.92118
13061026	777	0.1	-0.1	5.5682
13061026	778	0.1	-0.1	-0.802328
13061026	779	0.1	-0.1	0.231323
13061026	780	0.1	-0.1	-1.24599
13061026	781	0.1	-0.1	3.8568
13061026	782	0.1	-0.1	-0.791405
13061026	783	0.1	-0.1	3.83021
13061026	784	0.1	-0.1	-3.44385
13061026	785	0.1	-0.1	-3.74026
13061026	786	0.1	-0.1	-0.746784
13061026	787	0.1	-0.1	1.04655
13061026	788	0.1	-0.1	2.63419
13061026	789	0.1	-0.1	4.15218
13061026	790	0.1	-0.1	1.30718
13061026	791	0.1	-0.1	-1.10388
13061026	792	0.1	-0.1	-0.580197
13061026	793	0.1	-0.1	-3.66357
13061026	794	0.1	-0.1	-4.19074
13061026	795	0.1	-0.1	0.039514
13061026	796	0.1	-0.1	0.121388
13061026	797	0.1	-0.1	-5.31399
13061026	798	0.1	-0.1	4.12127
13061026	799	0.1	-0.1	2.67399
13061026	800	0.1	-0.1	5.31318
13061026	801	0.1	-0.1	3.9916
13061026	802	0.1	-0.1	-5.33111
13061026	803	0.1	-0.1	-4.63125
13061026	804	0.1	-0.1	4.05215
13061026	805	0.1	-0.1	-2.71284
13061026	806	0.1	-0.1	-5.6449
13061026	807	0.1	-0.1	3.82349
13061026	808	0.1	-0.1	-1.48649
13061026	809	0.1	-0.1	-1.70206
13061026	810	0.1	-0.1	4.03314
13061026	811	0.1	-0.1	-2.45424
13061026	812	0.1	-0.1	3.28394
13061026	813	0.1	-0.1	-1.71829
13061026	814	0.1	-0.1	0.540055
13061026	815	0.1	-0.1	-4.87027
13061026	816	0.1	-0.1	-5.83825
13061026	817	0.1	-0.1	-5.33206
13061026	818	0.1	-0.1	-3.05658
13061026	819	0.1	-0.1	-1.11256
13061026	820	0.1	-0.1	3.28742
13061026	821	0.1	-0.1	0.176611
13061026	822	0.1	-0.1	-5.90989
13061026	823	0.1	-0.1	-5.07047
13061026	824	0.1	-0.1	3.56824
13061026	825	0.1	-0.1	5.22752
13061026	826	0.1	-0.1	-0.699919
13061026	827	0.1	-0.1	-2.78421
13061026	828	0.1	-0.1	-3.18801
13061026	829	0.1	-0.1	-0.240607
13061026	830	0.1	-0.1	0.335582
13061026	831	0.1	-0.1	-3.66627
13061026	832	0.1	-0.1	-3.5174
13061026	833	0.1	-0.1	-1.91612
13061026	834	0.1	-0.1	1.36832
13061026	835	0.1	-0.1	-2.15825
13061026	836	0.1	-0.1	1.70153
13061026	837	0.1	-0.1	-5.80294
13061026	838	0.1	-0.1	-0.181688
13061026	839	0.1	-0.1	-4.86198
13061026	840	0.1	-0.1	5.22151
13061026	841	0.1	-0.1	-3.24384
13061026	842	0.1	-0.1	-2.53163
13061026	843	0.1	-0.1	5.71906
13061026	844	0.1	-0.1	1.44578
13061026	845	0.1	-0.1	-5.0786
13061026	846	0.1	-0.1	2.70363
13061026	847	0.1	-0.1	-3.03983
13061026	848	0.1	-0.1	-1.69828
13061026	849	0.1	-0.1	1.48054
13061026	850	0.1	-0.1	1.95796
13061026	851	0.1	-0.1	3.40081
13061026	852	0.1	-0.1	3.46674
13061026	853	0.1	-0.1	2.48668
13061026	854	0.1	-0.1	1.79186
13061026	855	0.1	-0.1	-0.107311
13061026	856	0.1	-0.1	-3.97155
13061026	857	0.1	-0.1	4.91901
13061026	858	0.1	-0.1	0.219511
13061026	859	0.1	-0.1	2.286
13061026	860	0.1	-0.1	-1.49382
13061026	861	0.1	-0.1	-4.83732
13061026	862	0.1	-0.1	-5.5778
13061026	863	0.1	-0.1	-2.25269
13061026	864	0.1	-0.1	-5.08664
13061026	865	0.1	-0.1	-3.38902
13061026	866	0.1	-0.1	5.61523
13061026	867	0.1	-0.1	3.49964
13061026	868	0.1	-0.1	-0.534432
13061026	869	0.1	-0.1	0.814168
13061026	870	0.1	-0.1	0.604129
13061026	871	0.1	-0.1	5.55894
13061026	872	0.1	-0.1	-2.21516
13061026	873	0.1	-0.1	0.621675
13061026	874	0.1	-0.1	-0.993045
13061026	875	0.1	-0.1	-1.68979
13061026	876	0.1	-0.1	-0.407586
13061026	877	0.1	-0.1	-0.921856
13061026	878	0.1	-0.1	-0.281524
13061026	879	0.1	-0.1	1.56008
13061026	880	0.1	-0.1	3.2763
13061026	881	0.1	-0.1	-2.05506
13061026	882	0.1	-0.1	5.82488
13061026	883	0.1	-0.1	5.52275
13061026	884	0.1	-0.1	-0.661529
13061026	885	0.1	-0.1	-3.59721
13061026	886	0.1	-0.1	-2.54161
13061026	887	0.1	-0.1	5.42118
13061026	888	0.1	-0.1	1.91828
13061026	889	0.1	-0.1	0.558038
13061026	890	0.1	-0.1	-0.0617119
13061026	891	0.1	-0.1	-1.49362
13061026	892	0.1	-0.1	-3.27777
13061026	893	0.1	-0.1	-2.19255
13061026	894	0.1	-0.1	-2.85969
13061026	895	0.1	-0.1	-1.29009
13061026	896	0.1	-0.1	3.21511
13061026	897	0.1	-0.1	-0.287434
13061026	898	0.1	-0.1	-5.43329
13061026	899	0.1	-0.1	-4.77433
13061026	900	0.1	-0.1	2.08587
13061026	901	0.1	-0.1	4.54084
13061026	902	0.1	-0.1	-2.52484
13061026	903	0.1	-0.1	1.60069
13061026	904	0.1	-0.1	2.48801
13061026	905	0.1	-0.1	-1.97141
13061026	906	0.1	-0.1	-0.909095
13061026	907	0.1	-0.1	-3.25637
13061026	908	0.1	-0.1	2.21234
13061026	909	0.1	-0.1	2.30816
13061026	910	0.1	-0.1	-1.53145
13061026	911	0.1	-0.1	4.63753
13061026	912	0.1	-0.1	3.0063
13061026	913	0.1	-0.1	-4.14135
13061026	914	0.1	-0.1	1.30066
13061026	915	0.1	-0.1	5.98174
13061026	916	0.1	-0.1	0.629659
13061026	917	0.1	-0.1	-5.15011
13061026	918	0.1	-0.1	-4.99211
13061026	919	0.1	-0.1	3.69319
13061026	920	0.1	-0.1	-0.586982
13061026	921	0.1	-0.1	1.43028
13061026	922	0.1	-0.1	4.8248
13061026	923	0.1	-0.1	-1.74372
13061026	924	0.1	-0.1	-0.120487
13061026	925	0.1	-0.1	2.56704
13061026	926	0.1	-0.1	-3.59125
13061026	927	0.1	-0.1	4.66706
13061026	928	0.1	-0.1	-5.86527
13061026	929	0.1	-0.1	5.52952
13061026	930	0.1	-0.1	-5.50721
13061026	931	0.1	-0.1	-0.0379837
13061026	932	0.1	-0.1	4.16551
13061026	933	0.1	-0.1	4.49461
13061026	934	0.1	-0.1	-1.36055
13061026	935	0.1	-0.1	4.43077
13061026	936	0.1	-0.1	1.68055
13061026	937	0.1	-0.1	4.28795
13061026	938	0.1	-0.1	5.71045
13061026	939	0.1	-0.1	0.4226
13061026	940	0.1	-0.1	-3.92635
13061026	941	0.1	-0.1	-1.69334
13061026	942	0.1	-0.1	-2.09936
13061026	943	0.1	-0.1	2.61271
13061026	944	0.1	-0.1	-5.38231
13061026	945	0.1	-0.1	5.15163
13061026	946	0.1	-0.1	-0.306524
13061026	947	0.1	-0.1	5.81482
13061026	948	0.1	-0.1	-4.74521
13061026	949	0.1	-0.1	-1.07629
13061026	950	0.1	-0.1	4.33624
13061026	951	0.1	-0.1	-1.22309
13061026	952	0.1	-0.1	-4.94472
13061026	953	0.1	-0.1	-3.95039
13061026	954	0.1	-0.1	1.82671
13061026	955	0.1	-0.1	1.99823
13061026	956	0.1	-0.1	-1.46634
13061026	957	0.1	-0.1	-2.31447
13061026	958	0.1	-0.1	0.493807
13061026	959	0.1	-0.1	4.976
13061026	960	0.1	-0.1	-0.224385
13061026	961	0.1	-0.1	1.88024
13061026	962	0.1	-0.1	1.16236
13061026	963	0.1	-0.1	-4.93604
13061026	964	0.1	-0.1	-2.17749
13061026	965	0.1	-0.1	-2.6435
13061026	966	0.1	-0.1	0.349762
13061026	967	0.1	-0.1	5.9948
13061026	968	0.1	-0.1	1.35895
13061026	969	0.1	-0.1	5.9549
13061026	970	0.1	-0.1	5.77887
13061026	971	0.1	-0.1	-0.318336
13061026	972	0.1	-0.1	-2.16582
13061026	973	0.1	-0.1	-5.68663
13061026	974	0.1	-0.1	3.68975
13061026	975	0.1	-0.1	3.30423
13061026	976	0.1	-0.1	-4.33585
13061026	977	0.1	-0.1	3.1391
13061026	978	0.1	-0.1	-4.69786
13061026	979	0.1	-0.1	0.535284
13061026	980	0.1	-0.1	5.61833
13061026	981	0.1	-0.1	-0.978443
13061026	982	0.1	-0.1	5.49921
13061026	983	0.1	-0.1	4.4037
13061026	984	0.1	-0.1	0.665706
13061026	985	0.1	-0.1	-0.53214
13061026	986	0.1	-0.1	5.27984
13061026	987	0.1	-0.1	-4.44157
13061026	988	0.1	-0.1	5.79133
13061026	989	0.1	-0.1	2.64923
13061026	990	0.1	-0.1	-5.90891
13061026	991	0.1	-0.1	-4.61634
13061026	992	0.1	-0.1	-1.51091
13061026	993	0.1	-0.1	-3.78589
13061026	994	0.1	-0.1	2.52154
13061026	995	0.1	-0.1	-5.94248
13061026	996	0.1	-0.1	-1.79834
13061026	997	0.1	-0.1	0.397547
13061026	998	0.1	-0.1	-4.2643
13061026	999	0.1	-0.1	-2.20293
13061026	1000	0.1	-0.1	-3.18496
