13065021	1	0.1	-0.1	-0.850265
13065021	2	0.1	-0.1	-5.74654
13065021	3	0.1	-0.1	1.71393
13065021	4	0.1	-0.1	-3.91723
13065021	5	0.1	-0.1	-1.36041
13065021	6	0.1	-0.1	-0.61879
13065021	7	0.1	-0.1	5.21224
13065021	8	0.1	-0.1	-1.63066
13065021	9	0.1	-0.1	3.02119
13065021	10	0.1	-0.1	-4.85012
13065021	11	0.1	-0.1	-4.89704
13065021	12	0.1	-0.1	-1.5915
13065021	13	0.1	-0.1	1.09091
13065021	14	0.1	-0.1	-3.07694
13065021	15	0.1	-0.1	-4.71671
13065021	16	0.1	-0.1	-0.415881
13065021	17	0.1	-0.1	3.06202
13065021	18	0.1	-0.1	1.94196
13065021	19	0.1	-0.1	-0.465092
13065021	20	0.1	-0.1	-0.817652
13065021	21	0.1	-0.1	-1.66733
13065021	22	0.1	-0.1	-2.38947
13065021	23	0.1	-0.1	-0.008557
13065021	24	0.1	-0.1	-1.6321
13065021	25	0.1	-0.1	-4.21178
13065021	26	0.1	-0.1	3.18405
13065021	27	0.1	-0.1	5.30647
13065021	28	0.1	-0.1	-4.88292
13065021	29	0.1	-0.1	0.419728
13065021	30	0.1	-0.1	-2.59582
13065021	31	0.1	-0.1	4.8243
13065021	32	0.1	-0.1	3.40655
13065021	33	0.1	-0.1	0.303831
13065021	34	0.1	-0.1	3.8102
13065021	35	0.1	-0.1	-1.10598
13065021	36	0.1	-0.1	5.06756
13065021	37	0.1	-0.1	0.131676
13065021	38	0.1	-0.1	-1.57432
13065021	39	0.1	-0.1	-3.68407
13065021	40	0.1	-0.1	-0.547237
13065021	41	0.1	-0.1	4.48183
13065021	42	0.1	-0.1	-0.348533
13065021	43	0.1	-0.1	-3.77075
13065021	44	0.1	-0.1	-2.69199
13065021	45	0.1	-0.1	-3.63256
13065021	46	0.1	-0.1	-3.32354
13065021	47	0.1	-0.1	-1.69056
13065021	48	0.1	-0.1	-4.03249
13065021	49	0.1	-0.1	4.87658
13065021	50	0.1	-0.1	5.76625
13065021	51	0.1	-0.1	-5.86863
13065021	52	0.1	-0.1	1.75261
13065021	53	0.1	-0.1	-3.02339
13065021	54	0.1	-0.1	-0.424859
13065021	55	0.1	-0.1	2.25839
13065021	56	0.1	-0.1	2.05008
13065021	57	0.1	-0.1	-2.51465
13065021	58	0.1	-0.1	0.626139
13065021	59	0.1	-0.1	-1.87102
13065021	60	0.1	-0.1	-5.58148
13065021	61	0.1	-0.1	-3.98724
13065021	62	0.1	-0.1	4.3532
13065021	63	0.1	-0.1	-4.92928
13065021	64	0.1	-0.1	-2.625
13065021	65	0.1	-0.1	3.61302
13065021	66	0.1	-0.1	0.984266
13065021	67	0.1	-0.1	2.01678
13065021	68	0.1	-0.1	-4.20302
13065021	69	0.1	-0.1	-0.142393
13065021	70	0.1	-0.1	4.40808
13065021	71	0.1	-0.1	4.40958
13065021	72	0.1	-0.1	5.58309
13065021	73	0.1	-0.1	0.67933
13065021	74	0.1	-0.1	4.84615
13065021	75	0.1	-0.1	-5.75476
13065021	76	0.1	-0.1	-0.674277
13065021	77	0.1	-0.1	4.90432
13065021	78	0.1	-0.1	-0.939529
13065021	79	0.1	-0.1	-2.69241
13065021	80	0.1	-0.1	2.88814
13065021	81	0.1	-0.1	-0.796993
13065021	82	0.1	-0.1	-5.74232
13065021	83	0.1	-0.1	-1.24505
13065021	84	0.1	-0.1	3.1417
13065021	85	0.1	-0.1	3.73412
13065021	86	0.1	-0.1	-0.880886
13065021	87	0.1	-0.1	-1.76268
13065021	88	0.1	-0.1	-1.13744
13065021	89	0.1	-0.1	4.20494
13065021	90	0.1	-0.1	2.30097
13065021	91	0.1	-0.1	4.24101
13065021	92	0.1	-0.1	5.46134
13065021	93	0.1	-0.1	-0.485575
13065021	94	0.1	-0.1	-1.27047
13065021	95	0.1	-0.1	1.7209
13065021	96	0.1	-0.1	3.63214
13065021	97	0.1	-0.1	0.0704021
13065021	98	0.1	-0.1	2.53459
13065021	99	0.1	-0.1	1.45533
13065021	100	0.1	-0.1	0.137558
13065021	101	0.1	-0.1	-0.129958
13065021	102	0.1	-0.1	4.32755
13065021	103	0.1	-0.1	-3.49962
13065021	104	0.1	-0.1	0.476377
13065021	105	0.1	-0.1	-3.27729
13065021	106	0.1	-0.1	2.42989
13065021	107	0.1	-0.1	-1.40331
13065021	108	0.1	-0.1	-1.22705
13065021	109	0.1	-0.1	-4.2441
13065021	110	0.1	-0.1	-4.88164
13065021	111	0.1	-0.1	1.12572
13065021	112	0.1	-0.1	-4.4815
13065021	113	0.1	-0.1	-1.52286
13065021	114	0.1	-0.1	4.34375
13065021	115	0.1	-0.1	-4.3631
13065021	116	0.1	-0.1	5.28442
13065021	117	0.1	-0.1	5.64263
13065021	118	0.1	-0.1	-0.681961
13065021	119	0.1	-0.1	-4.79584
13065021	120	0.1	-0.1	1.66198
13065021	121	0.1	-0.1	2.82792
13065021	122	0.1	-0.1	1.05161
13065021	123	0.1	-0.1	0.0842943
13065021	124	0.1	-0.1	4.70557
13065021	125	0.1	-0.1	-4.73538
13065021	126	0.1	-0.1	-1.31394
13065021	127	0.1	-0.1	4.45814
13065021	128	0.1	-0.1	4.13439
13065021	129	0.1	-0.1	-3.23327
13065021	130	0.1	-0.1	0.482727
13065021	131	0.1	-0.1	3.26527
13065021	132	0.1	-0.1	-5.01773
13065021	133	0.1	-0.1	-1.4717
13065021	134	0.1	-0.1	4.5178
13065021	135	0.1	-0.1	-0.607594
13065021	136	0.1	-0.1	-3.8689
13065021	137	0.1	-0.1	-2.81102
13065021	138	0.1	-0.1	5.21504
13065021	139	0.1	-0.1	3.35677
13065021	140	0.1	-0.1	-2.43182
13065021	141	0.1	-0.1	-1.56219
13065021	142	0.1	-0.1	3.4154
13065021	143	0.1	-0.1	5.72194
13065021	144	0.1	-0.1	-0.653766
13065021	145	0.1	-0.1	2.03256
13065021	146	0.1	-0.1	4.80131
13065021	147	0.1	-0.1	-0.0974739
13065021	148	0.1	-0.1	-3.62046
13065021	149	0.1	-0.1	-5.19504
13065021	150	0.1	-0.1	1.42458
13065021	151	0.1	-0.1	-1.24727
13065021	152	0.1	-0.1	-0.069124
13065021	153	0.1	-0.1	3.94077
13065021	154	0.1	-0.1	5.77363
13065021	155	0.1	-0.1	-4.91836
13065021	156	0.1	-0.1	3.99741
13065021	157	0.1	-0.1	4.05165
13065021	158	0.1	-0.1	0.75883
13065021	159	0.1	-0.1	-3.63822
13065021	160	0.1	-0.1	1.91415
13065021	161	0.1	-0.1	0.156503
13065021	162	0.1	-0.1	5.98049
13065021	163	0.1	-0.1	-1.24592
13065021	164	0.1	-0.1	5.28969
13065021	165	0.1	-0.1	-3.15739
13065021	166	0.1	-0.1	-4.05513
13065021	167	0.1	-0.1	-1.89819
13065021	168	0.1	-0.1	-3.95422
13065021	169	0.1	-0.1	-4.08667
13065021	170	0.1	-0.1	-2.16828
13065021	171	0.1	-0.1	3.81805
13065021	172	0.1	-0.1	0.224125
13065021	173	0.1	-0.1	-2.59799
13065021	174	0.1	-0.1	4.18901
13065021	175	0.1	-0.1	3.58161
13065021	176	0.1	-0.1	-2.02217
13065021	177	0.1	-0.1	-4.83942
13065021	178	0.1	-0.1	3.59764
13065021	179	0.1	-0.1	-1.7906
13065021	180	0.1	-0.1	-4.0105
13065021	181	0.1	-0.1	-5.41026
13065021	182	0.1	-0.1	1.29179
13065021	183	0.1	-0.1	-3.31256
13065021	184	0.1	-0.1	2.20624
13065021	185	0.1	-0.1	-1.80988
13065021	186	0.1	-0.1	1.39439
13065021	187	0.1	-0.1	1.32415
13065021	188	0.1	-0.1	2.76751
13065021	189	0.1	-0.1	-5.25582
13065021	190	0.1	-0.1	-4.04151
13065021	191	0.1	-0.1	-1.46923
13065021	192	0.1	-0.1	-1.14223
13065021	193	0.1	-0.1	-0.871725
13065021	194	0.1	-0.1	1.91573
13065021	195	0.1	-0.1	1.34679
13065021	196	0.1	-0.1	3.11477
13065021	197	0.1	-0.1	3.26375
13065021	198	0.1	-0.1	-4.54137
13065021	199	0.1	-0.1	-4.44369
13065021	200	0.1	-0.1	5.46769
13065021	201	0.1	-0.1	5.98132
13065021	202	0.1	-0.1	4.83219
13065021	203	0.1	-0.1	1.67779
13065021	204	0.1	-0.1	0.310408
13065021	205	0.1	-0.1	-0.48482
13065021	206	0.1	-0.1	0.53097
13065021	207	0.1	-0.1	-1.38028
13065021	208	0.1	-0.1	3.11033
13065021	209	0.1	-0.1	3.99731
13065021	210	0.1	-0.1	-1.24163
13065021	211	0.1	-0.1	3.85641
13065021	212	0.1	-0.1	-5.39118
13065021	213	0.1	-0.1	-2.39002
13065021	214	0.1	-0.1	0.0914024
13065021	215	0.1	-0.1	-3.62775
13065021	216	0.1	-0.1	-3.60781
13065021	217	0.1	-0.1	5.7095
13065021	218	0.1	-0.1	-2.48175
13065021	219	0.1	-0.1	5.80063
13065021	220	0.1	-0.1	-4.28822
13065021	221	0.1	-0.1	-5.26986
13065021	222	0.1	-0.1	-5.01767
13065021	223	0.1	-0.1	3.8825
13065021	224	0.1	-0.1	-0.490097
13065021	225	0.1	-0.1	-1.03915
13065021	226	0.1	-0.1	0.3152
13065021	227	0.1	-0.1	-5.78034
13065021	228	0.1	-0.1	2.19009
13065021	229	0.1	-0.1	-5.25376
13065021	230	0.1	-0.1	4.10739
13065021	231	0.1	-0.1	3.56645
13065021	232	0.1	-0.1	-1.35198
13065021	233	0.1	-0.1	-2.22405
13065021	234	0.1	-0.1	0.330212
13065021	235	0.1	-0.1	0.759857
13065021	236	0.1	-0.1	-1.93475
13065021	237	0.1	-0.1	4.17496
13065021	238	0.1	-0.1	0.428207
13065021	239	0.1	-0.1	2.69775
13065021	240	0.1	-0.1	5.47059
13065021	241	0.1	-0.1	-0.743915
13065021	242	0.1	-0.1	0.864943
13065021	243	0.1	-0.1	-2.77411
13065021	244	0.1	-0.1	1.02478
13065021	245	0.1	-0.1	2.05977
13065021	246	0.1	-0.1	4.26274
13065021	247	0.1	-0.1	0.320354
13065021	248	0.1	-0.1	-1.68282
13065021	249	0.1	-0.1	0.49407
13065021	250	0.1	-0.1	2.9673
13065021	251	0.1	-0.1	-4.25279
13065021	252	0.1	-0.1	0.755385
13065021	253	0.1	-0.1	-0.737963
13065021	254	0.1	-0.1	-4.85807
13065021	255	0.1	-0.1	-1.31589
13065021	256	0.1	-0.1	-5.9497
13065021	257	0.1	-0.1	-1.16607
13065021	258	0.1	-0.1	0.261297
13065021	259	0.1	-0.1	-1.64145
13065021	260	0.1	-0.1	-1.62209
13065021	261	0.1	-0.1	2.41153
13065021	262	0.1	-0.1	-1.01572
13065021	263	0.1	-0.1	1.2135
13065021	264	0.1	-0.1	2.51666
13065021	265	0.1	-0.1	4.44103
13065021	266	0.1	-0.1	3.2812
13065021	267	0.1	-0.1	2.0623
13065021	268	0.1	-0.1	1.4113
13065021	269	0.1	-0.1	4.57901
13065021	270	0.1	-0.1	1.85033
13065021	271	0.1	-0.1	1.42805
13065021	272	0.1	-0.1	-2.1877
13065021	273	0.1	-0.1	3.22769
13065021	274	0.1	-0.1	5.11457
13065021	275	0.1	-0.1	-1.28484
13065021	276	0.1	-0.1	5.9357
13065021	277	0.1	-0.1	5.86078
13065021	278	0.1	-0.1	2.88907
13065021	279	0.1	-0.1	2.54679
13065021	280	0.1	-0.1	4.73128
13065021	281	0.1	-0.1	3.33181
13065021	282	0.1	-0.1	-5.81909
13065021	283	0.1	-0.1	3.21716
13065021	284	0.1	-0.1	3.06946
13065021	285	0.1	-0.1	0.473741
13065021	286	0.1	-0.1	-4.49709
13065021	287	0.1	-0.1	5.54449
13065021	288	0.1	-0.1	-1.59539
13065021	289	0.1	-0.1	-3.17014
13065021	290	0.1	-0.1	-3.96119
13065021	291	0.1	-0.1	0.0510467
13065021	292	0.1	-0.1	5.60989
13065021	293	0.1	-0.1	1.75577
13065021	294	0.1	-0.1	1.16131
13065021	295	0.1	-0.1	-5.97478
13065021	296	0.1	-0.1	5.39504
13065021	297	0.1	-0.1	3.77042
13065021	298	0.1	-0.1	4.52305
13065021	299	0.1	-0.1	4.44449
13065021	300	0.1	-0.1	-0.545295
13065021	301	0.1	-0.1	4.67603
13065021	302	0.1	-0.1	-0.182811
13065021	303	0.1	-0.1	4.92767
13065021	304	0.1	-0.1	3.12091
13065021	305	0.1	-0.1	-1.90345
13065021	306	0.1	-0.1	-5.59377
13065021	307	0.1	-0.1	1.75994
13065021	308	0.1	-0.1	-1.06402
13065021	309	0.1	-0.1	1.96474
13065021	310	0.1	-0.1	3.9136
13065021	311	0.1	-0.1	-3.18524
13065021	312	0.1	-0.1	-1.36251
13065021	313	0.1	-0.1	3.14229
13065021	314	0.1	-0.1	2.77937
13065021	315	0.1	-0.1	3.01443
13065021	316	0.1	-0.1	-1.10526
13065021	317	0.1	-0.1	5.51031
13065021	318	0.1	-0.1	-3.61205
13065021	319	0.1	-0.1	-0.188253
13065021	320	0.1	-0.1	-1.63804
13065021	321	0.1	-0.1	0.791244
13065021	322	0.1	-0.1	-0.76582
13065021	323	0.1	-0.1	0.771166
13065021	324	0.1	-0.1	-3.66098
13065021	325	0.1	-0.1	3.50449
13065021	326	0.1	-0.1	4.15517
13065021	327	0.1	-0.1	-0.13918
13065021	328	0.1	-0.1	4.23759
13065021	329	0.1	-0.1	1.00217
13065021	330	0.1	-0.1	-1.86632
13065021	331	0.1	-0.1	5.64774
13065021	332	0.1	-0.1	1.20729
13065021	333	0.1	-0.1	0.792875
13065021	334	0.1	-0.1	-3.17117
13065021	335	0.1	-0.1	5.70104
13065021	336	0.1	-0.1	4.57105
13065021	337	0.1	-0.1	-3.88058
13065021	338	0.1	-0.1	3.10943
13065021	339	0.1	-0.1	2.53873
13065021	340	0.1	-0.1	-5.93942
13065021	341	0.1	-0.1	-5.90899
13065021	342	0.1	-0.1	-3.99631
13065021	343	0.1	-0.1	1.53543
13065021	344	0.1	-0.1	2.1334
13065021	345	0.1	-0.1	5.94747
13065021	346	0.1	-0.1	2.91791
13065021	347	0.1	-0.1	-0.536648
13065021	348	0.1	-0.1	-2.43448
13065021	349	0.1	-0.1	0.793259
13065021	350	0.1	-0.1	-2.3902
13065021	351	0.1	-0.1	1.59697
13065021	352	0.1	-0.1	1.60168
13065021	353	0.1	-0.1	-5.52891
13065021	354	0.1	-0.1	-1.86436
13065021	355	0.1	-0.1	-4.03205
13065021	356	0.1	-0.1	0.972132
13065021	357	0.1	-0.1	-2.80437
13065021	358	0.1	-0.1	0.601056
13065021	359	0.1	-0.1	4.68964
13065021	360	0.1	-0.1	3.88943
13065021	361	0.1	-0.1	-4.34109
13065021	362	0.1	-0.1	3.42579
13065021	363	0.1	-0.1	5.04008
13065021	364	0.1	-0.1	-1.53124
13065021	365	0.1	-0.1	1.26032
13065021	366	0.1	-0.1	-4.0434
13065021	367	0.1	-0.1	-5.09956
13065021	368	0.1	-0.1	3.19044
13065021	369	0.1	-0.1	5.83744
13065021	370	0.1	-0.1	2.85652
13065021	371	0.1	-0.1	5.76664
13065021	372	0.1	-0.1	0.708192
13065021	373	0.1	-0.1	0.422296
13065021	374	0.1	-0.1	-1.24224
13065021	375	0.1	-0.1	1.0648
13065021	376	0.1	-0.1	-5.23864
13065021	377	0.1	-0.1	-4.92859
13065021	378	0.1	-0.1	2.88088
13065021	379	0.1	-0.1	4.75025
13065021	380	0.1	-0.1	-2.7421
13065021	381	0.1	-0.1	4.51617
13065021	382	0.1	-0.1	2.78811
13065021	383	0.1	-0.1	-5.065
13065021	384	0.1	-0.1	-0.909558
13065021	385	0.1	-0.1	2.43196
13065021	386	0.1	-0.1	5.42676
13065021	387	0.1	-0.1	3.89008
13065021	388	0.1	-0.1	-4.15541
13065021	389	0.1	-0.1	5.14968
13065021	390	0.1	-0.1	1.03773
13065021	391	0.1	-0.1	-4.66038
13065021	392	0.1	-0.1	-5.66579
13065021	393	0.1	-0.1	4.1619
13065021	394	0.1	-0.1	-5.21449
13065021	395	0.1	-0.1	-2.9833
13065021	396	0.1	-0.1	-0.615367
13065021	397	0.1	-0.1	-3.27131
13065021	398	0.1	-0.1	-2.60459
13065021	399	0.1	-0.1	-3.51164
13065021	400	0.1	-0.1	-1.30194
13065021	401	0.1	-0.1	-3.54679
13065021	402	0.1	-0.1	-0.197937
13065021	403	0.1	-0.1	0.671793
13065021	404	0.1	-0.1	-1.16341
13065021	405	0.1	-0.1	3.84161
13065021	406	0.1	-0.1	3.87855
13065021	407	0.1	-0.1	4.29669
13065021	408	0.1	-0.1	-3.52981
13065021	409	0.1	-0.1	2.29589
13065021	410	0.1	-0.1	4.09321
13065021	411	0.1	-0.1	3.84263
13065021	412	0.1	-0.1	2.32138
13065021	413	0.1	-0.1	-5.29461
13065021	414	0.1	-0.1	-0.0122688
13065021	415	0.1	-0.1	-2.93791
13065021	416	0.1	-0.1	5.49068
13065021	417	0.1	-0.1	-0.306166
13065021	418	0.1	-0.1	-3.85189
13065021	419	0.1	-0.1	3.13391
13065021	420	0.1	-0.1	4.08942
13065021	421	0.1	-0.1	-0.527143
13065021	422	0.1	-0.1	2.47589
13065021	423	0.1	-0.1	-1.60309
13065021	424	0.1	-0.1	4.7337
13065021	425	0.1	-0.1	-5.08968
13065021	426	0.1	-0.1	-5.715
13065021	427	0.1	-0.1	1.20395
13065021	428	0.1	-0.1	-4.21467
13065021	429	0.1	-0.1	-1.46984
13065021	430	0.1	-0.1	0.791439
13065021	431	0.1	-0.1	-3.43972
13065021	432	0.1	-0.1	-1.57019
13065021	433	0.1	-0.1	-2.50462
13065021	434	0.1	-0.1	-2.31945
13065021	435	0.1	-0.1	5.01267
13065021	436	0.1	-0.1	2.09315
13065021	437	0.1	-0.1	0.402722
13065021	438	0.1	-0.1	-2.70557
13065021	439	0.1	-0.1	-4.81179
13065021	440	0.1	-0.1	0.331875
13065021	441	0.1	-0.1	-4.74308
13065021	442	0.1	-0.1	-3.80423
13065021	443	0.1	-0.1	-0.607265
13065021	444	0.1	-0.1	-2.14649
13065021	445	0.1	-0.1	2.99404
13065021	446	0.1	-0.1	0.727234
13065021	447	0.1	-0.1	-5.34175
13065021	448	0.1	-0.1	4.15415
13065021	449	0.1	-0.1	2.66675
13065021	450	0.1	-0.1	4.69097
13065021	451	0.1	-0.1	5.68824
13065021	452	0.1	-0.1	-0.253802
13065021	453	0.1	-0.1	3.90721
13065021	454	0.1	-0.1	-2.57991
13065021	455	0.1	-0.1	2.42938
13065021	456	0.1	-0.1	-4.10709
13065021	457	0.1	-0.1	-5.66815
13065021	458	0.1	-0.1	-3.5623
13065021	459	0.1	-0.1	-3.46882
13065021	460	0.1	-0.1	-0.357859
13065021	461	0.1	-0.1	1.21199
13065021	462	0.1	-0.1	-1.53619
13065021	463	0.1	-0.1	3.07558
13065021	464	0.1	-0.1	0.924278
13065021	465	0.1	-0.1	4.58289
13065021	466	0.1	-0.1	-2.55849
13065021	467	0.1	-0.1	2.63504
13065021	468	0.1	-0.1	-2.03733
13065021	469	0.1	-0.1	0.0211863
13065021	470	0.1	-0.1	-3.22684
13065021	471	0.1	-0.1	-5.47233
13065021	472	0.1	-0.1	-4.09942
13065021	473	0.1	-0.1	-3.14123
13065021	474	0.1	-0.1	5.46269
13065021	475	0.1	-0.1	0.0930522
13065021	476	0.1	-0.1	1.31157
13065021	477	0.1	-0.1	-0.3503
13065021	478	0.1	-0.1	-1.26266
13065021	479	0.1	-0.1	-2.47224
13065021	480	0.1	-0.1	-1.34971
13065021	481	0.1	-0.1	1.80252
13065021	482	0.1	-0.1	-1.64948
13065021	483	0.1	-0.1	1.941
13065021	484	0.1	-0.1	-1.22911
13065021	485	0.1	-0.1	-5.9887
13065021	486	0.1	-0.1	-3.06311
13065021	487	0.1	-0.1	5.53712
13065021	488	0.1	-0.1	-5.25019
13065021	489	0.1	-0.1	-2.12246
13065021	490	0.1	-0.1	-5.67035
13065021	491	0.1	-0.1	5.5094
13065021	492	0.1	-0.1	2.79307
13065021	493	0.1	-0.1	4.92417
13065021	494	0.1	-0.1	5.33266
13065021	495	0.1	-0.1	-4.36828
13065021	496	0.1	-0.1	-0.810056
13065021	497	0.1	-0.1	0.389322
13065021	498	0.1	-0.1	0.719429
13065021	499	0.1	-0.1	-4.55368
13065021	500	0.1	-0.1	1.18766
13065021	501	0.1	-0.1	-1.56129
13065021	502	0.1	-0.1	-1.79292
13065021	503	0.1	-0.1	-5.58997
13065021	504	0.1	-0.1	4.3628
13065021	505	0.1	-0.1	-2.32678
13065021	506	0.1	-0.1	-0.571073
13065021	507	0.1	-0.1	-1.59755
13065021	508	0.1	-0.1	3.20983
13065021	509	0.1	-0.1	1.74347
13065021	510	0.1	-0.1	-3.87357
13065021	511	0.1	-0.1	-0.217374
13065021	512	0.1	-0.1	-0.947156
13065021	513	0.1	-0.1	1.76878
13065021	514	0.1	-0.1	-4.31112
13065021	515	0.1	-0.1	4.15379
13065021	516	0.1	-0.1	-1.32174
13065021	517	0.1	-0.1	-4.80416
13065021	518	0.1	-0.1	2.32584
13065021	519	0.1	-0.1	3.9937
13065021	520	0.1	-0.1	3.5277
13065021	521	0.1	-0.1	-3.00013
13065021	522	0.1	-0.1	-1.49009
13065021	523	0.1	-0.1	0.291035
13065021	524	0.1	-0.1	-2.36613
13065021	525	0.1	-0.1	-0.53637
13065021	526	0.1	-0.1	-3.36246
13065021	527	0.1	-0.1	0.0692732
13065021	528	0.1	-0.1	-0.971845
13065021	529	0.1	-0.1	4.75336
13065021	530	0.1	-0.1	0.521244
13065021	531	0.1	-0.1	0.930985
13065021	532	0.1	-0.1	-5.17643
13065021	533	0.1	-0.1	5.22938
13065021	534	0.1	-0.1	-0.0558036
13065021	535	0.1	-0.1	-5.06129
13065021	536	0.1	-0.1	-1.80923
13065021	537	0.1	-0.1	2.8084
13065021	538	0.1	-0.1	-0.608126
13065021	539	0.1	-0.1	-3.87977
13065021	540	0.1	-0.1	-2.35392
13065021	541	0.1	-0.1	5.10234
13065021	542	0.1	-0.1	3.76949
13065021	543	0.1	-0.1	-2.31261
13065021	544	0.1	-0.1	-2.91029
13065021	545	0.1	-0.1	5.21434
13065021	546	0.1	-0.1	-3.94834
13065021	547	0.1	-0.1	2.80178
13065021	548	0.1	-0.1	4.92488
13065021	549	0.1	-0.1	-1.35507
13065021	550	0.1	-0.1	5.11156
13065021	551	0.1	-0.1	-4.85237
13065021	552	0.1	-0.1	4.55074
13065021	553	0.1	-0.1	4.2691
13065021	554	0.1	-0.1	1.62813
13065021	555	0.1	-0.1	5.00972
13065021	556	0.1	-0.1	-3.71613
13065021	557	0.1	-0.1	-0.207608
13065021	558	0.1	-0.1	-3.71246
13065021	559	0.1	-0.1	-5.93853
13065021	560	0.1	-0.1	-0.743628
13065021	561	0.1	-0.1	-5.02255
13065021	562	0.1	-0.1	-3.68862
13065021	563	0.1	-0.1	-1.26848
13065021	564	0.1	-0.1	2.59515
13065021	565	0.1	-0.1	-3.6767
13065021	566	0.1	-0.1	-4.04361
13065021	567	0.1	-0.1	0.714178
13065021	568	0.1	-0.1	-5.20276
13065021	569	0.1	-0.1	-1.31627
13065021	570	0.1	-0.1	1.58385
13065021	571	0.1	-0.1	1.00877
13065021	572	0.1	-0.1	5.8242
13065021	573	0.1	-0.1	1.73726
13065021	574	0.1	-0.1	-0.607506
13065021	575	0.1	-0.1	0.174987
13065021	576	0.1	-0.1	-3.23948
13065021	577	0.1	-0.1	0.144952
13065021	578	0.1	-0.1	-2.69956
13065021	579	0.1	-0.1	3.28798
13065021	580	0.1	-0.1	2.47458
13065021	581	0.1	-0.1	-2.34736
13065021	582	0.1	-0.1	4.75185
13065021	583	0.1	-0.1	5.53962
13065021	584	0.1	-0.1	4.79635
13065021	585	0.1	-0.1	4.61521
13065021	586	0.1	-0.1	0.820429
13065021	587	0.1	-0.1	3.62318
13065021	588	0.1	-0.1	1.24809
13065021	589	0.1	-0.1	-2.18148
13065021	590	0.1	-0.1	1.78706
13065021	591	0.1	-0.1	-1.09251
13065021	592	0.1	-0.1	-5.08419
13065021	593	0.1	-0.1	-0.310337
13065021	594	0.1	-0.1	5.97047
13065021	595	0.1	-0.1	2.13378
13065021	596	0.1	-0.1	-4.13554
13065021	597	0.1	-0.1	-1.37249
13065021	598	0.1	-0.1	2.83526
13065021	599	0.1	-0.1	1.06461
13065021	600	0.1	-0.1	-2.27297
13065021	601	0.1	-0.1	2.44643
13065021	602	0.1	-0.1	0.919259
13065021	603	0.1	-0.1	-5.62123
13065021	604	0.1	-0.1	-2.68064
13065021	605	0.1	-0.1	2.13638
13065021	606	0.1	-0.1	2.70536
13065021	607	0.1	-0.1	-1.5313
13065021	608	0.1	-0.1	-5.2481
13065021	609	0.1	-0.1	4.41196
13065021	610	0.1	-0.1	0.967194
13065021	611	0.1	-0.1	-1.21105
13065021	612	0.1	-0.1	4.85371
13065021	613	0.1	-0.1	-4.56465
13065021	614	0.1	-0.1	-0.476576
13065021	615	0.1	-0.1	1.72903
13065021	616	0.1	-0.1	4.33922
13065021	617	0.1	-0.1	-0.467309
13065021	618	0.1	-0.1	0.0847925
13065021	619	0.1	-0.1	5.07761
13065021	620	0.1	-0.1	2.02798
13065021	621	0.1	-0.1	-3.25598
13065021	622	0.1	-0.1	1.61272
13065021	623	0.1	-0.1	0.797181
13065021	624	0.1	-0.1	-2.28754
13065021	625	0.1	-0.1	5.85298
13065021	626	0.1	-0.1	3.05836
13065021	627	0.1	-0.1	1.28834
13065021	628	0.1	-0.1	0.156264
13065021	629	0.1	-0.1	1.22685
13065021	630	0.1	-0.1	4.27514
13065021	631	0.1	-0.1	-2.73257
13065021	632	0.1	-0.1	0.755493
13065021	633	0.1	-0.1	5.13996
13065021	634	0.1	-0.1	5.59727
13065021	635	0.1	-0.1	3.60509
13065021	636	0.1	-0.1	-0.78455
13065021	637	0.1	-0.1	-0.408811
13065021	638	0.1	-0.1	2.63704
13065021	639	0.1	-0.1	-0.833147
13065021	640	0.1	-0.1	2.74907
13065021	641	0.1	-0.1	4.42609
13065021	642	0.1	-0.1	-1.08253
13065021	643	0.1	-0.1	-5.59805
13065021	644	0.1	-0.1	4.22049
13065021	645	0.1	-0.1	-4.15567
13065021	646	0.1	-0.1	0.668088
13065021	647	0.1	-0.1	-0.0461698
13065021	648	0.1	-0.1	2.86745
13065021	649	0.1	-0.1	2.74856
13065021	650	0.1	-0.1	-3.56355
13065021	651	0.1	-0.1	-1.36659
13065021	652	0.1	-0.1	1.12898
13065021	653	0.1	-0.1	2.57022
13065021	654	0.1	-0.1	5.12816
13065021	655	0.1	-0.1	3.12158
13065021	656	0.1	-0.1	-1.85277
13065021	657	0.1	-0.1	4.94655
13065021	658	0.1	-0.1	-3.48769
13065021	659	0.1	-0.1	-1.10187
13065021	660	0.1	-0.1	-3.72434
13065021	661	0.1	-0.1	1.05529
13065021	662	0.1	-0.1	-5.84369
13065021	663	0.1	-0.1	-2.23538
13065021	664	0.1	-0.1	5.14408
13065021	665	0.1	-0.1	0.956515
13065021	666	0.1	-0.1	-4.35186
13065021	667	0.1	-0.1	-5.70709
13065021	668	0.1	-0.1	-2.26505
13065021	669	0.1	-0.1	-3.5148
13065021	670	0.1	-0.1	3.04534
13065021	671	0.1	-0.1	2.9224
13065021	672	0.1	-0.1	-4.62019
13065021	673	0.1	-0.1	0.726654
13065021	674	0.1	-0.1	-3.27884
13065021	675	0.1	-0.1	5.88155
13065021	676	0.1	-0.1	5.21613
13065021	677	0.1	-0.1	0.159964
13065021	678	0.1	-0.1	-2.24304
13065021	679	0.1	-0.1	1.33128
13065021	680	0.1	-0.1	-1.50301
13065021	681	0.1	-0.1	-4.65273
13065021	682	0.1	-0.1	0.124576
13065021	683	0.1	-0.1	-3.54125
13065021	684	0.1	-0.1	-4.02978
13065021	685	0.1	-0.1	-5.74035
13065021	686	0.1	-0.1	-1.69286
13065021	687	0.1	-0.1	1.93321
13065021	688	0.1	-0.1	-1.11319
13065021	689	0.1	-0.1	2.83138
13065021	690	0.1	-0.1	-1.68268
13065021	691	0.1	-0.1	-4.03034
13065021	692	0.1	-0.1	-0.44773
13065021	693	0.1	-0.1	-2.27822
13065021	694	0.1	-0.1	0.635375
13065021	695	0.1	-0.1	5.16257
13065021	696	0.1	-0.1	-4.0288
13065021	697	0.1	-0.1	-2.07245
13065021	698	0.1	-0.1	1.48387
13065021	699	0.1	-0.1	-1.80417
13065021	700	0.1	-0.1	-0.116837
13065021	701	0.1	-0.1	-5.84255
13065021	702	0.1	-0.1	4.91244
13065021	703	0.1	-0.1	-3.68955
13065021	704	0.1	-0.1	5.44191
13065021	705	0.1	-0.1	-0.970155
13065021	706	0.1	-0.1	-3.50008
13065021	707	0.1	-0.1	0.188543
13065021	708	0.1	-0.1	-0.614709
13065021	709	0.1	-0.1	-0.587357
13065021	710	0.1	-0.1	3.04565
13065021	711	0.1	-0.1	-5.1244
13065021	712	0.1	-0.1	-5.31817
13065021	713	0.1	-0.1	1.15488
13065021	714	0.1	-0.1	1.54032
13065021	715	0.1	-0.1	3.54603
13065021	716	0.1	-0.1	4.99385
13065021	717	0.1	-0.1	2.21695
13065021	718	0.1	-0.1	1.98827
13065021	719	0.1	-0.1	4.85816
13065021	720	0.1	-0.1	-1.60274
13065021	721	0.1	-0.1	-1.06451
13065021	722	0.1	-0.1	-5.42172
13065021	723	0.1	-0.1	3.4644
13065021	724	0.1	-0.1	-0.224106
13065021	725	0.1	-0.1	-2.20185
13065021	726	0.1	-0.1	-4.96182
13065021	727	0.1	-0.1	-5.24345
13065021	728	0.1	-0.1	0.848345
13065021	729	0.1	-0.1	-5.22467
13065021	730	0.1	-0.1	-2.92621
13065021	731	0.1	-0.1	3.60317
13065021	732	0.1	-0.1	1.68077
13065021	733	0.1	-0.1	3.27312
13065021	734	0.1	-0.1	0.314445
13065021	735	0.1	-0.1	0.343376
13065021	736	0.1	-0.1	-3.07741
13065021	737	0.1	-0.1	-0.677267
13065021	738	0.1	-0.1	3.46827
13065021	739	0.1	-0.1	-5.71148
13065021	740	0.1	-0.1	3.04913
13065021	741	0.1	-0.1	-3.31841
13065021	742	0.1	-0.1	5.20374
13065021	743	0.1	-0.1	-1.62109
13065021	744	0.1	-0.1	0.505166
13065021	745	0.1	-0.1	-1.19053
13065021	746	0.1	-0.1	-3.98957
13065021	747	0.1	-0.1	0.616599
13065021	748	0.1	-0.1	1.31636
13065021	749	0.1	-0.1	-4.97387
13065021	750	0.1	-0.1	5.79023
13065021	751	0.1	-0.1	-0.155098
13065021	752	0.1	-0.1	2.81562
13065021	753	0.1	-0.1	-3.11484
13065021	754	0.1	-0.1	0.432089
13065021	755	0.1	-0.1	-3.7187
13065021	756	0.1	-0.1	2.94536
13065021	757	0.1	-0.1	-4.87779
13065021	758	0.1	-0.1	3.18133
13065021	759	0.1	-0.1	5.91418
13065021	760	0.1	-0.1	-2.8486
13065021	761	0.1	-0.1	5.12124
13065021	762	0.1	-0.1	5.52988
13065021	763	0.1	-0.1	0.985545
13065021	764	0.1	-0.1	2.19082
13065021	765	0.1	-0.1	2.20065
13065021	766	0.1	-0.1	4.39294
13065021	767	0.1	-0.1	-1.09634
13065021	768	0.1	-0.1	0.771341
13065021	769	0.1	-0.1	5.93483
13065021	770	0.1	-0.1	0.670206
13065021	771	0.1	-0.1	-1.50057
13065021	772	0.1	-0.1	0.0431009
13065021	773	0.1	-0.1	-1.43144
13065021	774	0.1	-0.1	5.87201
13065021	775	0.1	-0.1	5.40411
13065021	776	0.1	-0.1	2.18568
13065021	777	0.1	-0.1	2.98184
13065021	778	0.1	-0.1	-5.22746
13065021	779	0.1	-0.1	-0.0851615
13065021	780	0.1	-0.1	-4.18281
13065021	781	0.1	-0.1	3.7079
13065021	782	0.1	-0.1	-4.02857
13065021	783	0.1	-0.1	4.67013
13065021	784	0.1	-0.1	-4.41646
13065021	785	0.1	-0.1	-5.79243
13065021	786	0.1	-0.1	-1.528
13065021	787	0.1	-0.1	-1.46148
13065021	788	0.1	-0.1	1.04288
13065021	789	0.1	-0.1	1.41249
13065021	790	0.1	-0.1	1.38205
13065021	791	0.1	-0.1	-0.751881
13065021	792	0.1	-0.1	-3.7663
13065021	793	0.1	-0.1	0.492976
13065021	794	0.1	-0.1	-3.24058
13065021	795	0.1	-0.1	4.41175
13065021	796	0.1	-0.1	2.80232
13065021	797	0.1	-0.1	-3.95566
13065021	798	0.1	-0.1	-5.74156
13065021	799	0.1	-0.1	4.1062
13065021	800	0.1	-0.1	-2.13211
13065021	801	0.1	-0.1	3.8182
13065021	802	0.1	-0.1	5.84354
13065021	803	0.1	-0.1	-3.00463
13065021	804	0.1	-0.1	0.19002
13065021	805	0.1	-0.1	2.32824
13065021	806	0.1	-0.1	3.99737
13065021	807	0.1	-0.1	3.36252
13065021	808	0.1	-0.1	4.17187
13065021	809	0.1	-0.1	0.749302
13065021	810	0.1	-0.1	0.0811528
13065021	811	0.1	-0.1	5.60337
13065021	812	0.1	-0.1	-1.26003
13065021	813	0.1	-0.1	0.0833888
13065021	814	0.1	-0.1	-1.48931
13065021	815	0.1	-0.1	5.25559
13065021	816	0.1	-0.1	-2.11279
13065021	817	0.1	-0.1	-4.31954
13065021	818	0.1	-0.1	-4.75779
13065021	819	0.1	-0.1	-2.89661
13065021	820	0.1	-0.1	1.24158
13065021	821	0.1	-0.1	4.11225
13065021	822	0.1	-0.1	2.64242
13065021	823	0.1	-0.1	-1.483
13065021	824	0.1	-0.1	-4.00008
13065021	825	0.1	-0.1	-3.96459
13065021	826	0.1	-0.1	-2.96716
13065021	827	0.1	-0.1	-4.45371
13065021	828	0.1	-0.1	-2.07405
13065021	829	0.1	-0.1	-2.3592
13065021	830	0.1	-0.1	1.15662
13065021	831	0.1	-0.1	3.49431
13065021	832	0.1	-0.1	-4.04711
13065021	833	0.1	-0.1	2.80629
13065021	834	0.1	-0.1	-3.3628
13065021	835	0.1	-0.1	-5.84069
13065021	836	0.1	-0.1	-4.88116
13065021	837	0.1	-0.1	-3.70371
13065021	838	0.1	-0.1	-1.37366
13065021	839	0.1	-0.1	4.79678
13065021	840	0.1	-0.1	-0.375449
13065021	841	0.1	-0.1	3.84254
13065021	842	0.1	-0.1	3.44181
13065021	843	0.1	-0.1	2.37285
13065021	844	0.1	-0.1	4.53087
13065021	845	0.1	-0.1	1.99734
13065021	846	0.1	-0.1	-1.14148
13065021	847	0.1	-0.1	-0.271046
13065021	848	0.1	-0.1	-0.180712
13065021	849	0.1	-0.1	1.93873
13065021	850	0.1	-0.1	-0.219424
13065021	851	0.1	-0.1	0.546779
13065021	852	0.1	-0.1	-4.72972
13065021	853	0.1	-0.1	-2.72927
13065021	854	0.1	-0.1	4.72641
13065021	855	0.1	-0.1	0.971386
13065021	856	0.1	-0.1	-1.73782
13065021	857	0.1	-0.1	3.44713
13065021	858	0.1	-0.1	-2.49639
13065021	859	0.1	-0.1	-5.77775
13065021	860	0.1	-0.1	-3.81726
13065021	861	0.1	-0.1	-0.041572
13065021	862	0.1	-0.1	1.30787
13065021	863	0.1	-0.1	1.5495
13065021	864	0.1	-0.1	-0.258805
13065021	865	0.1	-0.1	-4.8305
13065021	866	0.1	-0.1	2.9638
13065021	867	0.1	-0.1	0.15156
13065021	868	0.1	-0.1	3.86452
13065021	869	0.1	-0.1	-1.21306
13065021	870	0.1	-0.1	3.09749
13065021	871	0.1	-0.1	-3.47515
13065021	872	0.1	-0.1	2.10686
13065021	873	0.1	-0.1	5.29419
13065021	874	0.1	-0.1	0.184982
13065021	875	0.1	-0.1	1.06191
13065021	876	0.1	-0.1	2.68813
13065021	877	0.1	-0.1	3.99255
13065021	878	0.1	-0.1	4.77627
13065021	879	0.1	-0.1	-3.64663
13065021	880	0.1	-0.1	-2.03759
13065021	881	0.1	-0.1	-0.314537
13065021	882	0.1	-0.1	2.81727
13065021	883	0.1	-0.1	-4.0873
13065021	884	0.1	-0.1	-1.52447
13065021	885	0.1	-0.1	-5.88606
13065021	886	0.1	-0.1	5.18578
13065021	887	0.1	-0.1	2.82424
13065021	888	0.1	-0.1	0.37424
13065021	889	0.1	-0.1	4.57177
13065021	890	0.1	-0.1	-0.694184
13065021	891	0.1	-0.1	-3.35203
13065021	892	0.1	-0.1	5.95925
13065021	893	0.1	-0.1	-2.6849
13065021	894	0.1	-0.1	1.27635
13065021	895	0.1	-0.1	-5.88004
13065021	896	0.1	-0.1	1.88586
13065021	897	0.1	-0.1	2.63831
13065021	898	0.1	-0.1	4.99638
13065021	899	0.1	-0.1	4.726
13065021	900	0.1	-0.1	1.55513
13065021	901	0.1	-0.1	-2.14499
13065021	902	0.1	-0.1	2.39547
13065021	903	0.1	-0.1	-0.801671
13065021	904	0.1	-0.1	-2.99663
13065021	905	0.1	-0.1	0.085673
13065021	906	0.1	-0.1	5.68656
13065021	907	0.1	-0.1	-4.21754
13065021	908	0.1	-0.1	-4.70455
13065021	909	0.1	-0.1	-1.78982
13065021	910	0.1	-0.1	-0.168004
13065021	911	0.1	-0.1	5.94622
13065021	912	0.1	-0.1	-5.05747
13065021	913	0.1	-0.1	2.24059
13065021	914	0.1	-0.1	1.12414
13065021	915	0.1	-0.1	5.1959
13065021	916	0.1	-0.1	3.94346
13065021	917	0.1	-0.1	1.18704
13065021	918	0.1	-0.1	-1.68269
13065021	919	0.1	-0.1	0.0507696
13065021	920	0.1	-0.1	0.164477
13065021	921	0.1	-0.1	4.84306
13065021	922	0.1	-0.1	1.85594
13065021	923	0.1	-0.1	4.61517
13065021	924	0.1	-0.1	3.90477
13065021	925	0.1	-0.1	2.39091
13065021	926	0.1	-0.1	2.53978
13065021	927	0.1	-0.1	5.29536
13065021	928	0.1	-0.1	-4.1855
13065021	929	0.1	-0.1	3.05407
13065021	930	0.1	-0.1	-1.65582
13065021	931	0.1	-0.1	-3.71541
13065021	932	0.1	-0.1	2.42288
13065021	933	0.1	-0.1	5.19252
13065021	934	0.1	-0.1	0.357981
13065021	935	0.1	-0.1	0.30021
13065021	936	0.1	-0.1	-3.516
13065021	937	0.1	-0.1	-3.12758
13065021	938	0.1	-0.1	1.25619
13065021	939	0.1	-0.1	4.31418
13065021	940	0.1	-0.1	3.09461
13065021	941	0.1	-0.1	3.32004
13065021	942	0.1	-0.1	0.193731
13065021	943	0.1	-0.1	2.57269
13065021	944	0.1	-0.1	4.39818
13065021	945	0.1	-0.1	-0.891698
13065021	946	0.1	-0.1	1.88083
13065021	947	0.1	-0.1	-5.60142
13065021	948	0.1	-0.1	2.08523
13065021	949	0.1	-0.1	-2.65812
13065021	950	0.1	-0.1	3.45791
13065021	951	0.1	-0.1	-1.58884
13065021	952	0.1	-0.1	3.65412
13065021	953	0.1	-0.1	-2.84517
13065021	954	0.1	-0.1	-1.10651
13065021	955	0.1	-0.1	-4.0689
13065021	956	0.1	-0.1	0.885845
13065021	957	0.1	-0.1	3.20326
13065021	958	0.1	-0.1	-5.64333
13065021	959	0.1	-0.1	-4.91893
13065021	960	0.1	-0.1	-0.193815
13065021	961	0.1	-0.1	-4.49173
13065021	962	0.1	-0.1	2.91053
13065021	963	0.1	-0.1	-4.88763
13065021	964	0.1	-0.1	0.130244
13065021	965	0.1	-0.1	-2.87502
13065021	966	0.1	-0.1	0.211066
13065021	967	0.1	-0.1	-4.72873
13065021	968	0.1	-0.1	-2.69592
13065021	969	0.1	-0.1	-1.54663
13065021	970	0.1	-0.1	0.413078
13065021	971	0.1	-0.1	-2.66984
13065021	972	0.1	-0.1	5.64452
13065021	973	0.1	-0.1	1.58365
13065021	974	0.1	-0.1	-0.00559923
13065021	975	0.1	-0.1	2.15569
13065021	976	0.1	-0.1	2.91863
13065021	977	0.1	-0.1	1.8397
13065021	978	0.1	-0.1	4.07994
13065021	979	0.1	-0.1	-3.73615
13065021	980	0.1	-0.1	3.87521
13065021	981	0.1	-0.1	4.80052
13065021	982	0.1	-0.1	-1.12833
13065021	983	0.1	-0.1	-5.54294
13065021	984	0.1	-0.1	-1.83838
13065021	985	0.1	-0.1	-3.34453
13065021	986	0.1	-0.1	-2.50442
13065021	987	0.1	-0.1	4.82088
13065021	988	0.1	-0.1	-5.33501
13065021	989	0.1	-0.1	-1.81767
13065021	990	0.1	-0.1	-2.64951
13065021	991	0.1	-0.1	1.7939
13065021	992	0.1	-0.1	-2.10868
13065021	993	0.1	-0.1	2.7196
13065021	994	0.1	-0.1	-0.783469
13065021	995	0.1	-0.1	-4.60877
13065021	996	0.1	-0.1	-3.40638
13065021	997	0.1	-0.1	0.654617
13065021	998	0.1	-0.1	4.73953
13065021	999	0.1	-0.1	0.674248
13065021	1000	0.1	-0.1	-0.606197
