13065051	1	0.1	-0.1	4.84442
13065051	2	0.1	-0.1	-0.035744
13065051	3	0.1	-0.1	-0.886782
13065051	4	0.1	-0.1	-4.41654
13065051	5	0.1	-0.1	1.96532
13065051	6	0.1	-0.1	4.08251
13065051	7	0.1	-0.1	-1.35988
13065051	8	0.1	-0.1	5.94043
13065051	9	0.1	-0.1	5.41062
13065051	10	0.1	-0.1	4.29526
13065051	11	0.1	-0.1	1.4536
13065051	12	0.1	-0.1	-2.55965
13065051	13	0.1	-0.1	-3.83646
13065051	14	0.1	-0.1	1.78895
13065051	15	0.1	-0.1	-4.06511
13065051	16	0.1	-0.1	1.71265
13065051	17	0.1	-0.1	0.775082
13065051	18	0.1	-0.1	-0.649609
13065051	19	0.1	-0.1	3.11616
13065051	20	0.1	-0.1	-4.60392
13065051	21	0.1	-0.1	2.64985
13065051	22	0.1	-0.1	0.27618
13065051	23	0.1	-0.1	0.0138308
13065051	24	0.1	-0.1	5.7369
13065051	25	0.1	-0.1	5.34844
13065051	26	0.1	-0.1	-5.17019
13065051	27	0.1	-0.1	-4.34196
13065051	28	0.1	-0.1	5.34109
13065051	29	0.1	-0.1	2.06828
13065051	30	0.1	-0.1	-0.511823
13065051	31	0.1	-0.1	-1.33218
13065051	32	0.1	-0.1	-2.05223
13065051	33	0.1	-0.1	-3.21982
13065051	34	0.1	-0.1	-3.05151
13065051	35	0.1	-0.1	-0.226624
13065051	36	0.1	-0.1	2.12825
13065051	37	0.1	-0.1	0.584894
13065051	38	0.1	-0.1	3.20391
13065051	39	0.1	-0.1	-1.91242
13065051	40	0.1	-0.1	1.12341
13065051	41	0.1	-0.1	0.597497
13065051	42	0.1	-0.1	-1.17111
13065051	43	0.1	-0.1	-0.617489
13065051	44	0.1	-0.1	-0.69883
13065051	45	0.1	-0.1	-0.0941196
13065051	46	0.1	-0.1	-4.97025
13065051	47	0.1	-0.1	-3.66998
13065051	48	0.1	-0.1	4.58455
13065051	49	0.1	-0.1	-1.99735
13065051	50	0.1	-0.1	-3.80269
13065051	51	0.1	-0.1	2.6664
13065051	52	0.1	-0.1	-1.04125
13065051	53	0.1	-0.1	-3.19765
13065051	54	0.1	-0.1	3.53557
13065051	55	0.1	-0.1	-2.18411
13065051	56	0.1	-0.1	-1.21473
13065051	57	0.1	-0.1	-4.22159
13065051	58	0.1	-0.1	2.43715
13065051	59	0.1	-0.1	-1.30547
13065051	60	0.1	-0.1	0.655264
13065051	61	0.1	-0.1	0.577456
13065051	62	0.1	-0.1	3.55479
13065051	63	0.1	-0.1	5.16741
13065051	64	0.1	-0.1	2.80244
13065051	65	0.1	-0.1	-1.11404
13065051	66	0.1	-0.1	-5.16978
13065051	67	0.1	-0.1	0.872758
13065051	68	0.1	-0.1	5.40272
13065051	69	0.1	-0.1	-1.56535
13065051	70	0.1	-0.1	-2.23241
13065051	71	0.1	-0.1	1.0436
13065051	72	0.1	-0.1	-0.177239
13065051	73	0.1	-0.1	0.901046
13065051	74	0.1	-0.1	2.31314
13065051	75	0.1	-0.1	-1.18042
13065051	76	0.1	-0.1	-0.927281
13065051	77	0.1	-0.1	-1.78935
13065051	78	0.1	-0.1	-1.36967
13065051	79	0.1	-0.1	-5.24686
13065051	80	0.1	-0.1	1.01272
13065051	81	0.1	-0.1	-5.65647
13065051	82	0.1	-0.1	-3.36623
13065051	83	0.1	-0.1	-4.41497
13065051	84	0.1	-0.1	5.34501
13065051	85	0.1	-0.1	-1.37968
13065051	86	0.1	-0.1	4.33081
13065051	87	0.1	-0.1	5.90517
13065051	88	0.1	-0.1	-1.36568
13065051	89	0.1	-0.1	-1.9644
13065051	90	0.1	-0.1	2.38832
13065051	91	0.1	-0.1	-3.09827
13065051	92	0.1	-0.1	-5.95044
13065051	93	0.1	-0.1	-4.85704
13065051	94	0.1	-0.1	4.6877
13065051	95	0.1	-0.1	5.70525
13065051	96	0.1	-0.1	-3.89159
13065051	97	0.1	-0.1	4.56395
13065051	98	0.1	-0.1	-5.95782
13065051	99	0.1	-0.1	3.48818
13065051	100	0.1	-0.1	-1.75983
13065051	101	0.1	-0.1	5.73
13065051	102	0.1	-0.1	4.20832
13065051	103	0.1	-0.1	1.44786
13065051	104	0.1	-0.1	-0.245022
13065051	105	0.1	-0.1	-2.49905
13065051	106	0.1	-0.1	2.63125
13065051	107	0.1	-0.1	-4.59498
13065051	108	0.1	-0.1	-4.09597
13065051	109	0.1	-0.1	2.35027
13065051	110	0.1	-0.1	-0.937197
13065051	111	0.1	-0.1	-4.24532
13065051	112	0.1	-0.1	3.47106
13065051	113	0.1	-0.1	4.32967
13065051	114	0.1	-0.1	5.88463
13065051	115	0.1	-0.1	4.87177
13065051	116	0.1	-0.1	-1.65434
13065051	117	0.1	-0.1	5.92315
13065051	118	0.1	-0.1	3.65331
13065051	119	0.1	-0.1	4.58789
13065051	120	0.1	-0.1	1.75669
13065051	121	0.1	-0.1	-3.88514
13065051	122	0.1	-0.1	4.14156
13065051	123	0.1	-0.1	0.153636
13065051	124	0.1	-0.1	5.83365
13065051	125	0.1	-0.1	-4.04926
13065051	126	0.1	-0.1	-3.12997
13065051	127	0.1	-0.1	4.9846
13065051	128	0.1	-0.1	-3.50592
13065051	129	0.1	-0.1	2.1588
13065051	130	0.1	-0.1	-1.54462
13065051	131	0.1	-0.1	-0.993598
13065051	132	0.1	-0.1	5.06846
13065051	133	0.1	-0.1	5.52738
13065051	134	0.1	-0.1	5.70852
13065051	135	0.1	-0.1	4.94531
13065051	136	0.1	-0.1	-1.69418
13065051	137	0.1	-0.1	4.32279
13065051	138	0.1	-0.1	5.52955
13065051	139	0.1	-0.1	-1.27997
13065051	140	0.1	-0.1	4.43571
13065051	141	0.1	-0.1	4.52537
13065051	142	0.1	-0.1	2.19527
13065051	143	0.1	-0.1	-2.40619
13065051	144	0.1	-0.1	-1.64816
13065051	145	0.1	-0.1	-0.0226835
13065051	146	0.1	-0.1	3.23822
13065051	147	0.1	-0.1	4.1459
13065051	148	0.1	-0.1	1.85661
13065051	149	0.1	-0.1	-4.42025
13065051	150	0.1	-0.1	-4.88155
13065051	151	0.1	-0.1	-4.49117
13065051	152	0.1	-0.1	0.155227
13065051	153	0.1	-0.1	-4.00969
13065051	154	0.1	-0.1	1.67724
13065051	155	0.1	-0.1	3.48994
13065051	156	0.1	-0.1	4.10764
13065051	157	0.1	-0.1	-5.97266
13065051	158	0.1	-0.1	3.13677
13065051	159	0.1	-0.1	-4.8415
13065051	160	0.1	-0.1	-5.31951
13065051	161	0.1	-0.1	-3.97643
13065051	162	0.1	-0.1	-3.60798
13065051	163	0.1	-0.1	-2.26886
13065051	164	0.1	-0.1	-1.26486
13065051	165	0.1	-0.1	-5.43591
13065051	166	0.1	-0.1	0.234613
13065051	167	0.1	-0.1	1.40466
13065051	168	0.1	-0.1	-5.60564
13065051	169	0.1	-0.1	3.23934
13065051	170	0.1	-0.1	2.80734
13065051	171	0.1	-0.1	4.92461
13065051	172	0.1	-0.1	-3.52744
13065051	173	0.1	-0.1	4.97384
13065051	174	0.1	-0.1	-0.86822
13065051	175	0.1	-0.1	-0.544605
13065051	176	0.1	-0.1	-5.87256
13065051	177	0.1	-0.1	-0.0284755
13065051	178	0.1	-0.1	-4.65655
13065051	179	0.1	-0.1	-5.64078
13065051	180	0.1	-0.1	-0.712418
13065051	181	0.1	-0.1	-3.38497
13065051	182	0.1	-0.1	-2.89602
13065051	183	0.1	-0.1	4.01127
13065051	184	0.1	-0.1	-2.64245
13065051	185	0.1	-0.1	-4.92482
13065051	186	0.1	-0.1	0.554049
13065051	187	0.1	-0.1	3.51549
13065051	188	0.1	-0.1	-5.70649
13065051	189	0.1	-0.1	-5.18809
13065051	190	0.1	-0.1	-5.1517
13065051	191	0.1	-0.1	-1.51129
13065051	192	0.1	-0.1	-4.06251
13065051	193	0.1	-0.1	4.68377
13065051	194	0.1	-0.1	-5.09087
13065051	195	0.1	-0.1	5.59683
13065051	196	0.1	-0.1	3.67935
13065051	197	0.1	-0.1	-2.52911
13065051	198	0.1	-0.1	4.83291
13065051	199	0.1	-0.1	-3.12722
13065051	200	0.1	-0.1	0.416551
13065051	201	0.1	-0.1	5.1751
13065051	202	0.1	-0.1	-4.77653
13065051	203	0.1	-0.1	-1.3265
13065051	204	0.1	-0.1	-2.57564
13065051	205	0.1	-0.1	-2.89113
13065051	206	0.1	-0.1	1.24004
13065051	207	0.1	-0.1	-0.42422
13065051	208	0.1	-0.1	-2.86908
13065051	209	0.1	-0.1	3.87987
13065051	210	0.1	-0.1	5.42366
13065051	211	0.1	-0.1	2.24802
13065051	212	0.1	-0.1	-4.17722
13065051	213	0.1	-0.1	-5.96225
13065051	214	0.1	-0.1	5.59573
13065051	215	0.1	-0.1	-1.78764
13065051	216	0.1	-0.1	3.26417
13065051	217	0.1	-0.1	-4.67412
13065051	218	0.1	-0.1	3.92751
13065051	219	0.1	-0.1	5.60311
13065051	220	0.1	-0.1	0.0583035
13065051	221	0.1	-0.1	0.0569942
13065051	222	0.1	-0.1	-2.20204
13065051	223	0.1	-0.1	5.20412
13065051	224	0.1	-0.1	-1.16925
13065051	225	0.1	-0.1	-5.03294
13065051	226	0.1	-0.1	-2.17893
13065051	227	0.1	-0.1	2.70556
13065051	228	0.1	-0.1	-3.85948
13065051	229	0.1	-0.1	-3.46505
13065051	230	0.1	-0.1	-3.59125
13065051	231	0.1	-0.1	4.18108
13065051	232	0.1	-0.1	-3.55205
13065051	233	0.1	-0.1	1.45639
13065051	234	0.1	-0.1	-4.89549
13065051	235	0.1	-0.1	4.94639
13065051	236	0.1	-0.1	-1.71455
13065051	237	0.1	-0.1	-2.46029
13065051	238	0.1	-0.1	-2.04194
13065051	239	0.1	-0.1	-4.45615
13065051	240	0.1	-0.1	5.26618
13065051	241	0.1	-0.1	-1.79465
13065051	242	0.1	-0.1	3.83532
13065051	243	0.1	-0.1	2.24727
13065051	244	0.1	-0.1	2.40697
13065051	245	0.1	-0.1	3.83346
13065051	246	0.1	-0.1	-1.615
13065051	247	0.1	-0.1	-1.47613
13065051	248	0.1	-0.1	2.83877
13065051	249	0.1	-0.1	-0.520873
13065051	250	0.1	-0.1	-1.08418
13065051	251	0.1	-0.1	0.828497
13065051	252	0.1	-0.1	0.580613
13065051	253	0.1	-0.1	-0.0869657
13065051	254	0.1	-0.1	-4.20253
13065051	255	0.1	-0.1	-1.99672
13065051	256	0.1	-0.1	5.66302
13065051	257	0.1	-0.1	-5.91939
13065051	258	0.1	-0.1	5.19059
13065051	259	0.1	-0.1	4.89851
13065051	260	0.1	-0.1	5.10557
13065051	261	0.1	-0.1	-5.07186
13065051	262	0.1	-0.1	-4.49475
13065051	263	0.1	-0.1	3.43642
13065051	264	0.1	-0.1	-3.79942
13065051	265	0.1	-0.1	-0.987793
13065051	266	0.1	-0.1	-1.37623
13065051	267	0.1	-0.1	-0.730646
13065051	268	0.1	-0.1	1.12107
13065051	269	0.1	-0.1	-2.25963
13065051	270	0.1	-0.1	4.31576
13065051	271	0.1	-0.1	-1.89246
13065051	272	0.1	-0.1	1.61893
13065051	273	0.1	-0.1	3.7921
13065051	274	0.1	-0.1	-5.39017
13065051	275	0.1	-0.1	1.68178
13065051	276	0.1	-0.1	-3.71031
13065051	277	0.1	-0.1	3.61154
13065051	278	0.1	-0.1	-5.65475
13065051	279	0.1	-0.1	-0.437729
13065051	280	0.1	-0.1	0.161705
13065051	281	0.1	-0.1	0.402548
13065051	282	0.1	-0.1	3.05647
13065051	283	0.1	-0.1	-2.88411
13065051	284	0.1	-0.1	1.5686
13065051	285	0.1	-0.1	-5.1186
13065051	286	0.1	-0.1	4.45738
13065051	287	0.1	-0.1	-1.99209
13065051	288	0.1	-0.1	-2.88627
13065051	289	0.1	-0.1	-0.340702
13065051	290	0.1	-0.1	1.49966
13065051	291	0.1	-0.1	-0.506569
13065051	292	0.1	-0.1	1.9978
13065051	293	0.1	-0.1	3.71897
13065051	294	0.1	-0.1	5.66655
13065051	295	0.1	-0.1	1.24769
13065051	296	0.1	-0.1	1.4007
13065051	297	0.1	-0.1	-0.795659
13065051	298	0.1	-0.1	-4.443
13065051	299	0.1	-0.1	-4.31574
13065051	300	0.1	-0.1	0.925215
13065051	301	0.1	-0.1	0.279894
13065051	302	0.1	-0.1	-1.94094
13065051	303	0.1	-0.1	2.1738
13065051	304	0.1	-0.1	-0.372767
13065051	305	0.1	-0.1	1.08888
13065051	306	0.1	-0.1	-5.61333
13065051	307	0.1	-0.1	2.64329
13065051	308	0.1	-0.1	1.29533
13065051	309	0.1	-0.1	-4.12952
13065051	310	0.1	-0.1	5.12473
13065051	311	0.1	-0.1	-3.14638
13065051	312	0.1	-0.1	3.30779
13065051	313	0.1	-0.1	5.27078
13065051	314	0.1	-0.1	-1.36961
13065051	315	0.1	-0.1	3.38933
13065051	316	0.1	-0.1	-4.38187
13065051	317	0.1	-0.1	-1.43069
13065051	318	0.1	-0.1	1.54212
13065051	319	0.1	-0.1	5.29699
13065051	320	0.1	-0.1	3.42377
13065051	321	0.1	-0.1	-0.709699
13065051	322	0.1	-0.1	-0.463233
13065051	323	0.1	-0.1	1.12376
13065051	324	0.1	-0.1	-4.21951
13065051	325	0.1	-0.1	-0.357105
13065051	326	0.1	-0.1	1.42653
13065051	327	0.1	-0.1	-3.39784
13065051	328	0.1	-0.1	3.32011
13065051	329	0.1	-0.1	1.22768
13065051	330	0.1	-0.1	-2.1023
13065051	331	0.1	-0.1	-1.82659
13065051	332	0.1	-0.1	-5.60184
13065051	333	0.1	-0.1	3.82205
13065051	334	0.1	-0.1	-2.44189
13065051	335	0.1	-0.1	-2.09555
13065051	336	0.1	-0.1	-4.65212
13065051	337	0.1	-0.1	-5.94021
13065051	338	0.1	-0.1	2.79997
13065051	339	0.1	-0.1	-1.26322
13065051	340	0.1	-0.1	3.3204
13065051	341	0.1	-0.1	-1.20094
13065051	342	0.1	-0.1	-2.17016
13065051	343	0.1	-0.1	-0.293129
13065051	344	0.1	-0.1	2.18652
13065051	345	0.1	-0.1	1.45024
13065051	346	0.1	-0.1	-2.49413
13065051	347	0.1	-0.1	-0.43188
13065051	348	0.1	-0.1	0.792024
13065051	349	0.1	-0.1	1.01339
13065051	350	0.1	-0.1	-2.78994
13065051	351	0.1	-0.1	-0.997463
13065051	352	0.1	-0.1	3.31805
13065051	353	0.1	-0.1	-4.2346
13065051	354	0.1	-0.1	2.80729
13065051	355	0.1	-0.1	-1.15595
13065051	356	0.1	-0.1	3.25473
13065051	357	0.1	-0.1	0.113952
13065051	358	0.1	-0.1	3.24087
13065051	359	0.1	-0.1	1.53546
13065051	360	0.1	-0.1	-4.96961
13065051	361	0.1	-0.1	0.579289
13065051	362	0.1	-0.1	1.0609
13065051	363	0.1	-0.1	-0.0809453
13065051	364	0.1	-0.1	4.87576
13065051	365	0.1	-0.1	-3.91173
13065051	366	0.1	-0.1	0.1182
13065051	367	0.1	-0.1	-2.98449
13065051	368	0.1	-0.1	-1.23735
13065051	369	0.1	-0.1	4.16045
13065051	370	0.1	-0.1	5.33355
13065051	371	0.1	-0.1	0.427222
13065051	372	0.1	-0.1	3.91223
13065051	373	0.1	-0.1	1.48494
13065051	374	0.1	-0.1	-0.31928
13065051	375	0.1	-0.1	4.84533
13065051	376	0.1	-0.1	0.782403
13065051	377	0.1	-0.1	-0.475326
13065051	378	0.1	-0.1	-4.66227
13065051	379	0.1	-0.1	3.17713
13065051	380	0.1	-0.1	-0.776841
13065051	381	0.1	-0.1	-0.0989546
13065051	382	0.1	-0.1	-5.03985
13065051	383	0.1	-0.1	-3.80533
13065051	384	0.1	-0.1	-2.75604
13065051	385	0.1	-0.1	0.606692
13065051	386	0.1	-0.1	0.629779
13065051	387	0.1	-0.1	1.40213
13065051	388	0.1	-0.1	5.46091
13065051	389	0.1	-0.1	-4.5229
13065051	390	0.1	-0.1	2.93633
13065051	391	0.1	-0.1	-2.04507
13065051	392	0.1	-0.1	-1.66022
13065051	393	0.1	-0.1	1.04317
13065051	394	0.1	-0.1	4.67903
13065051	395	0.1	-0.1	-3.99397
13065051	396	0.1	-0.1	-4.6519
13065051	397	0.1	-0.1	-3.80969
13065051	398	0.1	-0.1	-4.51765
13065051	399	0.1	-0.1	1.94054
13065051	400	0.1	-0.1	1.72301
13065051	401	0.1	-0.1	5.92874
13065051	402	0.1	-0.1	4.93305
13065051	403	0.1	-0.1	2.79193
13065051	404	0.1	-0.1	2.20943
13065051	405	0.1	-0.1	-1.07624
13065051	406	0.1	-0.1	-0.999613
13065051	407	0.1	-0.1	2.77382
13065051	408	0.1	-0.1	4.79346
13065051	409	0.1	-0.1	1.20265
13065051	410	0.1	-0.1	-3.686
13065051	411	0.1	-0.1	1.59256
13065051	412	0.1	-0.1	-5.16945
13065051	413	0.1	-0.1	3.18928
13065051	414	0.1	-0.1	0.254542
13065051	415	0.1	-0.1	-1.32805
13065051	416	0.1	-0.1	-0.184765
13065051	417	0.1	-0.1	4.56295
13065051	418	0.1	-0.1	0.987681
13065051	419	0.1	-0.1	5.62421
13065051	420	0.1	-0.1	-1.35138
13065051	421	0.1	-0.1	-3.1943
13065051	422	0.1	-0.1	0.733215
13065051	423	0.1	-0.1	-5.58919
13065051	424	0.1	-0.1	-3.75777
13065051	425	0.1	-0.1	5.94774
13065051	426	0.1	-0.1	-1.7177
13065051	427	0.1	-0.1	-1.11479
13065051	428	0.1	-0.1	3.80932
13065051	429	0.1	-0.1	4.80644
13065051	430	0.1	-0.1	4.45111
13065051	431	0.1	-0.1	-1.82511
13065051	432	0.1	-0.1	3.17297
13065051	433	0.1	-0.1	-0.704661
13065051	434	0.1	-0.1	-5.21883
13065051	435	0.1	-0.1	-1.17717
13065051	436	0.1	-0.1	-2.35001
13065051	437	0.1	-0.1	5.75629
13065051	438	0.1	-0.1	-3.65799
13065051	439	0.1	-0.1	-1.96827
13065051	440	0.1	-0.1	-4.53507
13065051	441	0.1	-0.1	-4.54564
13065051	442	0.1	-0.1	-3.63683
13065051	443	0.1	-0.1	2.51762
13065051	444	0.1	-0.1	-1.45461
13065051	445	0.1	-0.1	-5.10591
13065051	446	0.1	-0.1	5.61035
13065051	447	0.1	-0.1	-5.50176
13065051	448	0.1	-0.1	2.79567
13065051	449	0.1	-0.1	3.95624
13065051	450	0.1	-0.1	-0.914189
13065051	451	0.1	-0.1	-2.67245
13065051	452	0.1	-0.1	3.56111
13065051	453	0.1	-0.1	-0.02475
13065051	454	0.1	-0.1	-0.609593
13065051	455	0.1	-0.1	-4.15279
13065051	456	0.1	-0.1	5.3814
13065051	457	0.1	-0.1	2.62642
13065051	458	0.1	-0.1	1.30953
13065051	459	0.1	-0.1	1.84528
13065051	460	0.1	-0.1	3.27755
13065051	461	0.1	-0.1	-0.149987
13065051	462	0.1	-0.1	-5.55235
13065051	463	0.1	-0.1	-5.91726
13065051	464	0.1	-0.1	2.86306
13065051	465	0.1	-0.1	0.857268
13065051	466	0.1	-0.1	3.2354
13065051	467	0.1	-0.1	3.22267
13065051	468	0.1	-0.1	3.25183
13065051	469	0.1	-0.1	0.911503
13065051	470	0.1	-0.1	-3.8388
13065051	471	0.1	-0.1	3.95923
13065051	472	0.1	-0.1	-5.1278
13065051	473	0.1	-0.1	-4.01348
13065051	474	0.1	-0.1	-3.15052
13065051	475	0.1	-0.1	5.88175
13065051	476	0.1	-0.1	0.731665
13065051	477	0.1	-0.1	-0.886769
13065051	478	0.1	-0.1	1.06436
13065051	479	0.1	-0.1	4.33076
13065051	480	0.1	-0.1	0.810572
13065051	481	0.1	-0.1	-2.22413
13065051	482	0.1	-0.1	0.65936
13065051	483	0.1	-0.1	0.112851
13065051	484	0.1	-0.1	-4.5687
13065051	485	0.1	-0.1	1.79519
13065051	486	0.1	-0.1	-3.17237
13065051	487	0.1	-0.1	-5.14433
13065051	488	0.1	-0.1	5.8249
13065051	489	0.1	-0.1	1.16768
13065051	490	0.1	-0.1	-3.13436
13065051	491	0.1	-0.1	2.08976
13065051	492	0.1	-0.1	0.699314
13065051	493	0.1	-0.1	1.33394
13065051	494	0.1	-0.1	-5.04009
13065051	495	0.1	-0.1	-2.85108
13065051	496	0.1	-0.1	4.86861
13065051	497	0.1	-0.1	-3.41741
13065051	498	0.1	-0.1	-1.71743
13065051	499	0.1	-0.1	-1.82957
13065051	500	0.1	-0.1	-1.55832
13065051	501	0.1	-0.1	-5.59101
13065051	502	0.1	-0.1	0.185951
13065051	503	0.1	-0.1	-4.82403
13065051	504	0.1	-0.1	-2.72945
13065051	505	0.1	-0.1	-4.98372
13065051	506	0.1	-0.1	-4.44243
13065051	507	0.1	-0.1	2.70965
13065051	508	0.1	-0.1	2.87734
13065051	509	0.1	-0.1	-4.20597
13065051	510	0.1	-0.1	-0.0943307
13065051	511	0.1	-0.1	-0.0953262
13065051	512	0.1	-0.1	-3.9584
13065051	513	0.1	-0.1	-3.81979
13065051	514	0.1	-0.1	5.45455
13065051	515	0.1	-0.1	5.86766
13065051	516	0.1	-0.1	2.87584
13065051	517	0.1	-0.1	-5.019
13065051	518	0.1	-0.1	-1.15811
13065051	519	0.1	-0.1	-5.70572
13065051	520	0.1	-0.1	-4.32221
13065051	521	0.1	-0.1	-5.09741
13065051	522	0.1	-0.1	4.87748
13065051	523	0.1	-0.1	0.940425
13065051	524	0.1	-0.1	-5.13142
13065051	525	0.1	-0.1	-1.09258
13065051	526	0.1	-0.1	-4.13247
13065051	527	0.1	-0.1	0.691877
13065051	528	0.1	-0.1	0.0928268
13065051	529	0.1	-0.1	2.16049
13065051	530	0.1	-0.1	4.79186
13065051	531	0.1	-0.1	0.752385
13065051	532	0.1	-0.1	-0.91733
13065051	533	0.1	-0.1	-0.685128
13065051	534	0.1	-0.1	5.32057
13065051	535	0.1	-0.1	2.80536
13065051	536	0.1	-0.1	5.53532
13065051	537	0.1	-0.1	4.40696
13065051	538	0.1	-0.1	1.23991
13065051	539	0.1	-0.1	2.88699
13065051	540	0.1	-0.1	-2.19673
13065051	541	0.1	-0.1	0.307037
13065051	542	0.1	-0.1	-2.57609
13065051	543	0.1	-0.1	1.19939
13065051	544	0.1	-0.1	2.44122
13065051	545	0.1	-0.1	-5.06357
13065051	546	0.1	-0.1	1.05467
13065051	547	0.1	-0.1	3.01396
13065051	548	0.1	-0.1	2.06196
13065051	549	0.1	-0.1	-0.268831
13065051	550	0.1	-0.1	4.43668
13065051	551	0.1	-0.1	4.77881
13065051	552	0.1	-0.1	2.71995
13065051	553	0.1	-0.1	-0.23223
13065051	554	0.1	-0.1	1.01802
13065051	555	0.1	-0.1	-0.99477
13065051	556	0.1	-0.1	-5.66762
13065051	557	0.1	-0.1	3.64448
13065051	558	0.1	-0.1	2.90376
13065051	559	0.1	-0.1	4.92746
13065051	560	0.1	-0.1	0.868881
13065051	561	0.1	-0.1	-4.92541
13065051	562	0.1	-0.1	-4.50823
13065051	563	0.1	-0.1	2.99277
13065051	564	0.1	-0.1	3.69898
13065051	565	0.1	-0.1	-3.7654
13065051	566	0.1	-0.1	-2.24964
13065051	567	0.1	-0.1	-0.652358
13065051	568	0.1	-0.1	-2.93994
13065051	569	0.1	-0.1	3.13008
13065051	570	0.1	-0.1	-4.66775
13065051	571	0.1	-0.1	-0.865039
13065051	572	0.1	-0.1	-3.96176
13065051	573	0.1	-0.1	4.44038
13065051	574	0.1	-0.1	5.06769
13065051	575	0.1	-0.1	-5.2869
13065051	576	0.1	-0.1	-4.37323
13065051	577	0.1	-0.1	3.7687
13065051	578	0.1	-0.1	-0.427
13065051	579	0.1	-0.1	-5.29401
13065051	580	0.1	-0.1	-0.782533
13065051	581	0.1	-0.1	1.67516
13065051	582	0.1	-0.1	1.58195
13065051	583	0.1	-0.1	4.59571
13065051	584	0.1	-0.1	5.66537
13065051	585	0.1	-0.1	2.96665
13065051	586	0.1	-0.1	-2.38936
13065051	587	0.1	-0.1	1.96824
13065051	588	0.1	-0.1	0.233652
13065051	589	0.1	-0.1	4.40856
13065051	590	0.1	-0.1	-0.624696
13065051	591	0.1	-0.1	-3.45021
13065051	592	0.1	-0.1	1.52749
13065051	593	0.1	-0.1	-4.95261
13065051	594	0.1	-0.1	2.73806
13065051	595	0.1	-0.1	-5.5509
13065051	596	0.1	-0.1	4.53776
13065051	597	0.1	-0.1	5.77032
13065051	598	0.1	-0.1	0.770956
13065051	599	0.1	-0.1	-3.77854
13065051	600	0.1	-0.1	-1.0827
13065051	601	0.1	-0.1	2.07513
13065051	602	0.1	-0.1	-4.8954
13065051	603	0.1	-0.1	-3.62715
13065051	604	0.1	-0.1	3.65385
13065051	605	0.1	-0.1	3.05553
13065051	606	0.1	-0.1	-2.64151
13065051	607	0.1	-0.1	-4.13905
13065051	608	0.1	-0.1	-0.921457
13065051	609	0.1	-0.1	-4.06854
13065051	610	0.1	-0.1	-1.58923
13065051	611	0.1	-0.1	-1.69235
13065051	612	0.1	-0.1	0.531782
13065051	613	0.1	-0.1	-5.54403
13065051	614	0.1	-0.1	-5.73843
13065051	615	0.1	-0.1	-1.60841
13065051	616	0.1	-0.1	2.37782
13065051	617	0.1	-0.1	4.19457
13065051	618	0.1	-0.1	0.266421
13065051	619	0.1	-0.1	0.699018
13065051	620	0.1	-0.1	3.0045
13065051	621	0.1	-0.1	0.620007
13065051	622	0.1	-0.1	2.9618
13065051	623	0.1	-0.1	4.82927
13065051	624	0.1	-0.1	0.251322
13065051	625	0.1	-0.1	2.99239
13065051	626	0.1	-0.1	5.51712
13065051	627	0.1	-0.1	-4.71032
13065051	628	0.1	-0.1	2.44844
13065051	629	0.1	-0.1	-1.53445
13065051	630	0.1	-0.1	3.67653
13065051	631	0.1	-0.1	-1.46897
13065051	632	0.1	-0.1	2.36338
13065051	633	0.1	-0.1	-3.23622
13065051	634	0.1	-0.1	5.54479
13065051	635	0.1	-0.1	0.894887
13065051	636	0.1	-0.1	-2.78807
13065051	637	0.1	-0.1	4.04504
13065051	638	0.1	-0.1	-5.86589
13065051	639	0.1	-0.1	-3.15691
13065051	640	0.1	-0.1	5.63209
13065051	641	0.1	-0.1	0.308692
13065051	642	0.1	-0.1	5.06734
13065051	643	0.1	-0.1	2.99538
13065051	644	0.1	-0.1	1.14019
13065051	645	0.1	-0.1	-0.578346
13065051	646	0.1	-0.1	0.730876
13065051	647	0.1	-0.1	5.66899
13065051	648	0.1	-0.1	-1.89294
13065051	649	0.1	-0.1	1.28689
13065051	650	0.1	-0.1	-3.25406
13065051	651	0.1	-0.1	2.32157
13065051	652	0.1	-0.1	2.80477
13065051	653	0.1	-0.1	3.25591
13065051	654	0.1	-0.1	-3.52208
13065051	655	0.1	-0.1	-5.55804
13065051	656	0.1	-0.1	5.65687
13065051	657	0.1	-0.1	-2.52637
13065051	658	0.1	-0.1	3.58045
13065051	659	0.1	-0.1	-1.30464
13065051	660	0.1	-0.1	0.0409088
13065051	661	0.1	-0.1	-4.74123
13065051	662	0.1	-0.1	-3.28133
13065051	663	0.1	-0.1	3.9167
13065051	664	0.1	-0.1	-0.12402
13065051	665	0.1	-0.1	-3.46731
13065051	666	0.1	-0.1	4.49307
13065051	667	0.1	-0.1	-0.327945
13065051	668	0.1	-0.1	-0.955539
13065051	669	0.1	-0.1	0.910147
13065051	670	0.1	-0.1	0.215855
13065051	671	0.1	-0.1	-1.08362
13065051	672	0.1	-0.1	-3.26913
13065051	673	0.1	-0.1	-0.653629
13065051	674	0.1	-0.1	-2.98806
13065051	675	0.1	-0.1	-4.0462
13065051	676	0.1	-0.1	-5.67881
13065051	677	0.1	-0.1	3.1826
13065051	678	0.1	-0.1	-4.2655
13065051	679	0.1	-0.1	-5.63273
13065051	680	0.1	-0.1	-2.04693
13065051	681	0.1	-0.1	-3.27292
13065051	682	0.1	-0.1	3.47106
13065051	683	0.1	-0.1	-1.00344
13065051	684	0.1	-0.1	-0.10261
13065051	685	0.1	-0.1	-0.489531
13065051	686	0.1	-0.1	-2.54034
13065051	687	0.1	-0.1	2.0932
13065051	688	0.1	-0.1	5.53881
13065051	689	0.1	-0.1	4.00128
13065051	690	0.1	-0.1	-4.77853
13065051	691	0.1	-0.1	5.20257
13065051	692	0.1	-0.1	-3.79359
13065051	693	0.1	-0.1	-4.6964
13065051	694	0.1	-0.1	4.56938
13065051	695	0.1	-0.1	1.53533
13065051	696	0.1	-0.1	4.40753
13065051	697	0.1	-0.1	4.25556
13065051	698	0.1	-0.1	0.125975
13065051	699	0.1	-0.1	-5.80792
13065051	700	0.1	-0.1	2.70229
13065051	701	0.1	-0.1	2.78381
13065051	702	0.1	-0.1	-0.385426
13065051	703	0.1	-0.1	4.97705
13065051	704	0.1	-0.1	-4.30176
13065051	705	0.1	-0.1	-1.51434
13065051	706	0.1	-0.1	-0.124082
13065051	707	0.1	-0.1	-1.731
13065051	708	0.1	-0.1	2.80699
13065051	709	0.1	-0.1	-2.638
13065051	710	0.1	-0.1	-5.34373
13065051	711	0.1	-0.1	3.66921
13065051	712	0.1	-0.1	-1.24914
13065051	713	0.1	-0.1	4.00433
13065051	714	0.1	-0.1	-4.16184
13065051	715	0.1	-0.1	1.70086
13065051	716	0.1	-0.1	5.12664
13065051	717	0.1	-0.1	1.56569
13065051	718	0.1	-0.1	-5.31375
13065051	719	0.1	-0.1	2.42024
13065051	720	0.1	-0.1	-5.46488
13065051	721	0.1	-0.1	-3.22639
13065051	722	0.1	-0.1	0.138097
13065051	723	0.1	-0.1	-2.84841
13065051	724	0.1	-0.1	2.59087
13065051	725	0.1	-0.1	1.48678
13065051	726	0.1	-0.1	1.66467
13065051	727	0.1	-0.1	-1.19398
13065051	728	0.1	-0.1	-0.204546
13065051	729	0.1	-0.1	1.79773
13065051	730	0.1	-0.1	-2.64948
13065051	731	0.1	-0.1	1.93648
13065051	732	0.1	-0.1	5.69828
13065051	733	0.1	-0.1	5.99675
13065051	734	0.1	-0.1	2.71328
13065051	735	0.1	-0.1	-0.668574
13065051	736	0.1	-0.1	5.68039
13065051	737	0.1	-0.1	0.542836
13065051	738	0.1	-0.1	0.571449
13065051	739	0.1	-0.1	0.69496
13065051	740	0.1	-0.1	3.58939
13065051	741	0.1	-0.1	3.94992
13065051	742	0.1	-0.1	-4.10787
13065051	743	0.1	-0.1	2.60966
13065051	744	0.1	-0.1	2.45071
13065051	745	0.1	-0.1	-1.77456
13065051	746	0.1	-0.1	-0.0217336
13065051	747	0.1	-0.1	-1.56673
13065051	748	0.1	-0.1	4.54427
13065051	749	0.1	-0.1	4.89562
13065051	750	0.1	-0.1	5.8507
13065051	751	0.1	-0.1	-5.99747
13065051	752	0.1	-0.1	-3.87078
13065051	753	0.1	-0.1	-5.33455
13065051	754	0.1	-0.1	-3.36313
13065051	755	0.1	-0.1	4.43442
13065051	756	0.1	-0.1	1.41988
13065051	757	0.1	-0.1	5.57661
13065051	758	0.1	-0.1	0.953204
13065051	759	0.1	-0.1	-1.81989
13065051	760	0.1	-0.1	1.81357
13065051	761	0.1	-0.1	4.2738
13065051	762	0.1	-0.1	-2.80928
13065051	763	0.1	-0.1	-5.49083
13065051	764	0.1	-0.1	-0.587018
13065051	765	0.1	-0.1	2.45421
13065051	766	0.1	-0.1	-2.33653
13065051	767	0.1	-0.1	5.75052
13065051	768	0.1	-0.1	-0.191114
13065051	769	0.1	-0.1	-0.126848
13065051	770	0.1	-0.1	-0.00461341
13065051	771	0.1	-0.1	4.67985
13065051	772	0.1	-0.1	5.78138
13065051	773	0.1	-0.1	-4.30387
13065051	774	0.1	-0.1	-1.0027
13065051	775	0.1	-0.1	3.33897
13065051	776	0.1	-0.1	-1.62241
13065051	777	0.1	-0.1	-4.23143
13065051	778	0.1	-0.1	1.02354
13065051	779	0.1	-0.1	0.769692
13065051	780	0.1	-0.1	-1.63193
13065051	781	0.1	-0.1	3.0458
13065051	782	0.1	-0.1	-4.6307
13065051	783	0.1	-0.1	5.59206
13065051	784	0.1	-0.1	-4.8216
13065051	785	0.1	-0.1	-2.33361
13065051	786	0.1	-0.1	3.61882
13065051	787	0.1	-0.1	1.22923
13065051	788	0.1	-0.1	3.40942
13065051	789	0.1	-0.1	1.40022
13065051	790	0.1	-0.1	-0.958001
13065051	791	0.1	-0.1	0.163342
13065051	792	0.1	-0.1	-2.4856
13065051	793	0.1	-0.1	-5.04122
13065051	794	0.1	-0.1	-5.47906
13065051	795	0.1	-0.1	5.34568
13065051	796	0.1	-0.1	3.62015
13065051	797	0.1	-0.1	-3.26955
13065051	798	0.1	-0.1	2.68462
13065051	799	0.1	-0.1	-0.601702
13065051	800	0.1	-0.1	-1.31784
13065051	801	0.1	-0.1	2.56703
13065051	802	0.1	-0.1	5.01341
13065051	803	0.1	-0.1	5.56194
13065051	804	0.1	-0.1	0.95222
13065051	805	0.1	-0.1	4.93904
13065051	806	0.1	-0.1	5.58893
13065051	807	0.1	-0.1	4.54198
13065051	808	0.1	-0.1	1.06286
13065051	809	0.1	-0.1	-3.79079
13065051	810	0.1	-0.1	1.76264
13065051	811	0.1	-0.1	1.37389
13065051	812	0.1	-0.1	2.4406
13065051	813	0.1	-0.1	-3.64603
13065051	814	0.1	-0.1	1.49689
13065051	815	0.1	-0.1	1.81959
13065051	816	0.1	-0.1	-1.83093
13065051	817	0.1	-0.1	3.5326
13065051	818	0.1	-0.1	1.81672
13065051	819	0.1	-0.1	-0.318344
13065051	820	0.1	-0.1	-5.74383
13065051	821	0.1	-0.1	5.76096
13065051	822	0.1	-0.1	1.13821
13065051	823	0.1	-0.1	-3.02847
13065051	824	0.1	-0.1	3.84098
13065051	825	0.1	-0.1	-5.04279
13065051	826	0.1	-0.1	-3.82221
13065051	827	0.1	-0.1	4.38658
13065051	828	0.1	-0.1	2.05864
13065051	829	0.1	-0.1	1.30952
13065051	830	0.1	-0.1	0.200193
13065051	831	0.1	-0.1	-2.63496
13065051	832	0.1	-0.1	5.20565
13065051	833	0.1	-0.1	2.98488
13065051	834	0.1	-0.1	-2.13341
13065051	835	0.1	-0.1	-3.12132
13065051	836	0.1	-0.1	-3.53927
13065051	837	0.1	-0.1	0.981224
13065051	838	0.1	-0.1	5.86692
13065051	839	0.1	-0.1	-5.12228
13065051	840	0.1	-0.1	3.01523
13065051	841	0.1	-0.1	-5.10956
13065051	842	0.1	-0.1	5.27462
13065051	843	0.1	-0.1	3.80292
13065051	844	0.1	-0.1	-2.97092
13065051	845	0.1	-0.1	-3.8545
13065051	846	0.1	-0.1	4.412
13065051	847	0.1	-0.1	-0.44573
13065051	848	0.1	-0.1	0.232195
13065051	849	0.1	-0.1	3.75199
13065051	850	0.1	-0.1	-5.20763
13065051	851	0.1	-0.1	1.6122
13065051	852	0.1	-0.1	-2.16005
13065051	853	0.1	-0.1	-4.46972
13065051	854	0.1	-0.1	-5.92836
13065051	855	0.1	-0.1	0.780345
13065051	856	0.1	-0.1	3.94733
13065051	857	0.1	-0.1	4.54557
13065051	858	0.1	-0.1	-2.56482
13065051	859	0.1	-0.1	3.91536
13065051	860	0.1	-0.1	2.06264
13065051	861	0.1	-0.1	3.2012
13065051	862	0.1	-0.1	-4.09338
13065051	863	0.1	-0.1	2.13435
13065051	864	0.1	-0.1	5.26249
13065051	865	0.1	-0.1	-3.11169
13065051	866	0.1	-0.1	-1.84546
13065051	867	0.1	-0.1	-5.33753
13065051	868	0.1	-0.1	-2.06031
13065051	869	0.1	-0.1	-2.4687
13065051	870	0.1	-0.1	-4.75334
13065051	871	0.1	-0.1	-0.242603
13065051	872	0.1	-0.1	4.10382
13065051	873	0.1	-0.1	-2.2174
13065051	874	0.1	-0.1	5.87166
13065051	875	0.1	-0.1	4.23511
13065051	876	0.1	-0.1	-0.644054
13065051	877	0.1	-0.1	0.140494
13065051	878	0.1	-0.1	-2.4909
13065051	879	0.1	-0.1	1.8368
13065051	880	0.1	-0.1	-5.54469
13065051	881	0.1	-0.1	1.61687
13065051	882	0.1	-0.1	-0.607242
13065051	883	0.1	-0.1	-0.369512
13065051	884	0.1	-0.1	-5.9744
13065051	885	0.1	-0.1	-2.01691
13065051	886	0.1	-0.1	-4.20133
13065051	887	0.1	-0.1	-3.04354
13065051	888	0.1	-0.1	-1.37143
13065051	889	0.1	-0.1	-5.2037
13065051	890	0.1	-0.1	-5.71464
13065051	891	0.1	-0.1	0.375099
13065051	892	0.1	-0.1	2.26868
13065051	893	0.1	-0.1	2.1544
13065051	894	0.1	-0.1	-0.596841
13065051	895	0.1	-0.1	0.493451
13065051	896	0.1	-0.1	-0.367073
13065051	897	0.1	-0.1	-3.90442
13065051	898	0.1	-0.1	1.91621
13065051	899	0.1	-0.1	-5.35771
13065051	900	0.1	-0.1	4.0767
13065051	901	0.1	-0.1	-5.39021
13065051	902	0.1	-0.1	-5.6579
13065051	903	0.1	-0.1	-4.70001
13065051	904	0.1	-0.1	1.81602
13065051	905	0.1	-0.1	-2.65995
13065051	906	0.1	-0.1	2.25184
13065051	907	0.1	-0.1	-4.98487
13065051	908	0.1	-0.1	3.73102
13065051	909	0.1	-0.1	-2.49831
13065051	910	0.1	-0.1	3.76183
13065051	911	0.1	-0.1	5.92657
13065051	912	0.1	-0.1	-2.09452
13065051	913	0.1	-0.1	-4.47158
13065051	914	0.1	-0.1	-3.04315
13065051	915	0.1	-0.1	-0.69113
13065051	916	0.1	-0.1	3.78623
13065051	917	0.1	-0.1	1.35698
13065051	918	0.1	-0.1	1.94125
13065051	919	0.1	-0.1	5.25671
13065051	920	0.1	-0.1	-2.5321
13065051	921	0.1	-0.1	2.57876
13065051	922	0.1	-0.1	5.82721
13065051	923	0.1	-0.1	-1.23542
13065051	924	0.1	-0.1	3.82507
13065051	925	0.1	-0.1	-4.53067
13065051	926	0.1	-0.1	-3.72245
13065051	927	0.1	-0.1	-4.55383
13065051	928	0.1	-0.1	0.00595092
13065051	929	0.1	-0.1	1.01277
13065051	930	0.1	-0.1	3.20846
13065051	931	0.1	-0.1	0.0753164
13065051	932	0.1	-0.1	-0.530551
13065051	933	0.1	-0.1	-2.17582
13065051	934	0.1	-0.1	-1.23929
13065051	935	0.1	-0.1	3.66545
13065051	936	0.1	-0.1	-1.99057
13065051	937	0.1	-0.1	-4.53472
13065051	938	0.1	-0.1	0.951627
13065051	939	0.1	-0.1	4.84763
13065051	940	0.1	-0.1	2.0019
13065051	941	0.1	-0.1	-0.0812203
13065051	942	0.1	-0.1	3.49558
13065051	943	0.1	-0.1	-1.44284
13065051	944	0.1	-0.1	-0.259897
13065051	945	0.1	-0.1	-2.49662
13065051	946	0.1	-0.1	4.62297
13065051	947	0.1	-0.1	-2.37642
13065051	948	0.1	-0.1	-2.26669
13065051	949	0.1	-0.1	5.686
13065051	950	0.1	-0.1	-5.72538
13065051	951	0.1	-0.1	5.34411
13065051	952	0.1	-0.1	-4.84338
13065051	953	0.1	-0.1	-0.0105575
13065051	954	0.1	-0.1	3.84784
13065051	955	0.1	-0.1	5.13451
13065051	956	0.1	-0.1	-4.86603
13065051	957	0.1	-0.1	-1.53813
13065051	958	0.1	-0.1	2.6761
13065051	959	0.1	-0.1	-3.98593
13065051	960	0.1	-0.1	-4.89528
13065051	961	0.1	-0.1	-3.68602
13065051	962	0.1	-0.1	-0.698099
13065051	963	0.1	-0.1	0.822898
13065051	964	0.1	-0.1	-3.47058
13065051	965	0.1	-0.1	3.31506
13065051	966	0.1	-0.1	0.041318
13065051	967	0.1	-0.1	-0.916306
13065051	968	0.1	-0.1	-5.32693
13065051	969	0.1	-0.1	-3.11559
13065051	970	0.1	-0.1	3.10164
13065051	971	0.1	-0.1	-1.1894
13065051	972	0.1	-0.1	-0.201166
13065051	973	0.1	-0.1	0.2578
13065051	974	0.1	-0.1	2.92721
13065051	975	0.1	-0.1	-4.89705
13065051	976	0.1	-0.1	-2.96935
13065051	977	0.1	-0.1	4.28732
13065051	978	0.1	-0.1	2.61314
13065051	979	0.1	-0.1	0.205585
13065051	980	0.1	-0.1	-5.63669
13065051	981	0.1	-0.1	-5.62018
13065051	982	0.1	-0.1	-2.09975
13065051	983	0.1	-0.1	4.62745
13065051	984	0.1	-0.1	-0.473727
13065051	985	0.1	-0.1	-0.865381
13065051	986	0.1	-0.1	-4.76816
13065051	987	0.1	-0.1	3.15165
13065051	988	0.1	-0.1	-1.13393
13065051	989	0.1	-0.1	-0.135674
13065051	990	0.1	-0.1	-1.08258
13065051	991	0.1	-0.1	-3.06924
13065051	992	0.1	-0.1	3.04508
13065051	993	0.1	-0.1	2.42859
13065051	994	0.1	-0.1	-0.636617
13065051	995	0.1	-0.1	-1.87822
13065051	996	0.1	-0.1	3.7969
13065051	997	0.1	-0.1	-5.51753
13065051	998	0.1	-0.1	-0.654841
13065051	999	0.1	-0.1	-4.68793
13065051	1000	0.1	-0.1	-4.27674
