13067001	1	0.1	-0.1	-3.81363
13067001	2	0.1	-0.1	-1.50236
13067001	3	0.1	-0.1	-2.35082
13067001	4	0.1	-0.1	2.23
13067001	5	0.1	-0.1	-2.00988
13067001	6	0.1	-0.1	5.71751
13067001	7	0.1	-0.1	-1.10287
13067001	8	0.1	-0.1	4.74373
13067001	9	0.1	-0.1	-5.83505
13067001	10	0.1	-0.1	-3.5773
13067001	11	0.1	-0.1	1.94628
13067001	12	0.1	-0.1	-5.17029
13067001	13	0.1	-0.1	2.39224
13067001	14	0.1	-0.1	1.98788
13067001	15	0.1	-0.1	4.8696
13067001	16	0.1	-0.1	3.70294
13067001	17	0.1	-0.1	5.75427
13067001	18	0.1	-0.1	-0.981269
13067001	19	0.1	-0.1	4.33863
13067001	20	0.1	-0.1	4.85883
13067001	21	0.1	-0.1	-0.921226
13067001	22	0.1	-0.1	-1.12494
13067001	23	0.1	-0.1	-0.728265
13067001	24	0.1	-0.1	5.58421
13067001	25	0.1	-0.1	-0.0568422
13067001	26	0.1	-0.1	0.541066
13067001	27	0.1	-0.1	-5.83273
13067001	28	0.1	-0.1	2.45859
13067001	29	0.1	-0.1	1.80394
13067001	30	0.1	-0.1	2.54553
13067001	31	0.1	-0.1	-3.65355
13067001	32	0.1	-0.1	-1.68527
13067001	33	0.1	-0.1	-1.7506
13067001	34	0.1	-0.1	3.34506
13067001	35	0.1	-0.1	2.71867
13067001	36	0.1	-0.1	3.90241
13067001	37	0.1	-0.1	4.25742
13067001	38	0.1	-0.1	-1.09953
13067001	39	0.1	-0.1	-5.60197
13067001	40	0.1	-0.1	-5.90384
13067001	41	0.1	-0.1	-0.162954
13067001	42	0.1	-0.1	-5.69105
13067001	43	0.1	-0.1	5.89357
13067001	44	0.1	-0.1	0.45153
13067001	45	0.1	-0.1	-1.05668
13067001	46	0.1	-0.1	-1.14496
13067001	47	0.1	-0.1	-5.57312
13067001	48	0.1	-0.1	-3.44511
13067001	49	0.1	-0.1	-4.09467
13067001	50	0.1	-0.1	2.44559
13067001	51	0.1	-0.1	-0.201406
13067001	52	0.1	-0.1	-2.11863
13067001	53	0.1	-0.1	-2.22504
13067001	54	0.1	-0.1	0.0353137
13067001	55	0.1	-0.1	-2.20213
13067001	56	0.1	-0.1	-5.61446
13067001	57	0.1	-0.1	-3.18577
13067001	58	0.1	-0.1	0.772934
13067001	59	0.1	-0.1	-2.04045
13067001	60	0.1	-0.1	-5.13812
13067001	61	0.1	-0.1	-0.79729
13067001	62	0.1	-0.1	-4.08209
13067001	63	0.1	-0.1	-4.47038
13067001	64	0.1	-0.1	5.41761
13067001	65	0.1	-0.1	0.743654
13067001	66	0.1	-0.1	-2.35343
13067001	67	0.1	-0.1	0.751656
13067001	68	0.1	-0.1	-0.727998
13067001	69	0.1	-0.1	-3.25157
13067001	70	0.1	-0.1	-2.95123
13067001	71	0.1	-0.1	3.94167
13067001	72	0.1	-0.1	-5.66806
13067001	73	0.1	-0.1	1.67844
13067001	74	0.1	-0.1	-5.2382
13067001	75	0.1	-0.1	1.89272
13067001	76	0.1	-0.1	0.534318
13067001	77	0.1	-0.1	-4.58837
13067001	78	0.1	-0.1	-1.45816
13067001	79	0.1	-0.1	-1.5089
13067001	80	0.1	-0.1	-0.342795
13067001	81	0.1	-0.1	2.19552
13067001	82	0.1	-0.1	-0.677275
13067001	83	0.1	-0.1	3.34291
13067001	84	0.1	-0.1	4.09731
13067001	85	0.1	-0.1	-4.79052
13067001	86	0.1	-0.1	-2.15477
13067001	87	0.1	-0.1	0.565952
13067001	88	0.1	-0.1	-5.26457
13067001	89	0.1	-0.1	-3.75955
13067001	90	0.1	-0.1	-0.971268
13067001	91	0.1	-0.1	3.52746
13067001	92	0.1	-0.1	5.01849
13067001	93	0.1	-0.1	-5.5155
13067001	94	0.1	-0.1	1.13597
13067001	95	0.1	-0.1	-3.13264
13067001	96	0.1	-0.1	2.94859
13067001	97	0.1	-0.1	2.69928
13067001	98	0.1	-0.1	-5.27168
13067001	99	0.1	-0.1	0.321119
13067001	100	0.1	-0.1	-5.95641
13067001	101	0.1	-0.1	0.0163432
13067001	102	0.1	-0.1	-4.04937
13067001	103	0.1	-0.1	2.9694
13067001	104	0.1	-0.1	3.49548
13067001	105	0.1	-0.1	-0.0386264
13067001	106	0.1	-0.1	2.47568
13067001	107	0.1	-0.1	5.82546
13067001	108	0.1	-0.1	4.51553
13067001	109	0.1	-0.1	-5.56067
13067001	110	0.1	-0.1	-2.17268
13067001	111	0.1	-0.1	2.0081
13067001	112	0.1	-0.1	1.39903
13067001	113	0.1	-0.1	3.82814
13067001	114	0.1	-0.1	-2.26903
13067001	115	0.1	-0.1	1.68315
13067001	116	0.1	-0.1	2.6777
13067001	117	0.1	-0.1	-0.711631
13067001	118	0.1	-0.1	-2.16132
13067001	119	0.1	-0.1	-5.08971
13067001	120	0.1	-0.1	-1.16001
13067001	121	0.1	-0.1	1.42917
13067001	122	0.1	-0.1	-3.18273
13067001	123	0.1	-0.1	-0.754607
13067001	124	0.1	-0.1	0.797201
13067001	125	0.1	-0.1	4.16832
13067001	126	0.1	-0.1	1.87885
13067001	127	0.1	-0.1	5.45275
13067001	128	0.1	-0.1	3.10858
13067001	129	0.1	-0.1	-0.262334
13067001	130	0.1	-0.1	4.48646
13067001	131	0.1	-0.1	-4.87451
13067001	132	0.1	-0.1	5.15531
13067001	133	0.1	-0.1	-4.95517
13067001	134	0.1	-0.1	-3.90865
13067001	135	0.1	-0.1	4.54288
13067001	136	0.1	-0.1	-5.28705
13067001	137	0.1	-0.1	2.15585
13067001	138	0.1	-0.1	2.05596
13067001	139	0.1	-0.1	-4.13129
13067001	140	0.1	-0.1	-0.955615
13067001	141	0.1	-0.1	-4.21077
13067001	142	0.1	-0.1	-3.11079
13067001	143	0.1	-0.1	-1.8506
13067001	144	0.1	-0.1	-3.89092
13067001	145	0.1	-0.1	-3.38067
13067001	146	0.1	-0.1	5.2528
13067001	147	0.1	-0.1	5.75421
13067001	148	0.1	-0.1	-1.0116
13067001	149	0.1	-0.1	5.06423
13067001	150	0.1	-0.1	2.49087
13067001	151	0.1	-0.1	-5.66645
13067001	152	0.1	-0.1	5.35584
13067001	153	0.1	-0.1	1.17464
13067001	154	0.1	-0.1	3.85712
13067001	155	0.1	-0.1	-4.69808
13067001	156	0.1	-0.1	3.65248
13067001	157	0.1	-0.1	-3.86967
13067001	158	0.1	-0.1	-0.270095
13067001	159	0.1	-0.1	-3.86217
13067001	160	0.1	-0.1	0.597294
13067001	161	0.1	-0.1	4.67322
13067001	162	0.1	-0.1	-3.90312
13067001	163	0.1	-0.1	-5.62412
13067001	164	0.1	-0.1	2.20979
13067001	165	0.1	-0.1	-5.40287
13067001	166	0.1	-0.1	2.92414
13067001	167	0.1	-0.1	0.954682
13067001	168	0.1	-0.1	2.55449
13067001	169	0.1	-0.1	-0.32959
13067001	170	0.1	-0.1	-3.82936
13067001	171	0.1	-0.1	-2.10887
13067001	172	0.1	-0.1	-0.945295
13067001	173	0.1	-0.1	0.421622
13067001	174	0.1	-0.1	4.84994
13067001	175	0.1	-0.1	1.56411
13067001	176	0.1	-0.1	5.79053
13067001	177	0.1	-0.1	3.35105
13067001	178	0.1	-0.1	-1.20248
13067001	179	0.1	-0.1	-5.1084
13067001	180	0.1	-0.1	-0.0903059
13067001	181	0.1	-0.1	-4.37455
13067001	182	0.1	-0.1	-5.99569
13067001	183	0.1	-0.1	4.15651
13067001	184	0.1	-0.1	-3.42568
13067001	185	0.1	-0.1	2.02074
13067001	186	0.1	-0.1	-4.13768
13067001	187	0.1	-0.1	-3.8053
13067001	188	0.1	-0.1	4.81492
13067001	189	0.1	-0.1	2.46988
13067001	190	0.1	-0.1	-1.95079
13067001	191	0.1	-0.1	5.24809
13067001	192	0.1	-0.1	-4.72638
13067001	193	0.1	-0.1	-0.0693112
13067001	194	0.1	-0.1	-1.61121
13067001	195	0.1	-0.1	2.91892
13067001	196	0.1	-0.1	-4.06351
13067001	197	0.1	-0.1	2.92067
13067001	198	0.1	-0.1	-0.72384
13067001	199	0.1	-0.1	-1.87165
13067001	200	0.1	-0.1	4.40516
13067001	201	0.1	-0.1	-3.66893
13067001	202	0.1	-0.1	-2.49855
13067001	203	0.1	-0.1	3.12911
13067001	204	0.1	-0.1	0.643068
13067001	205	0.1	-0.1	-5.94709
13067001	206	0.1	-0.1	-2.86717
13067001	207	0.1	-0.1	5.28383
13067001	208	0.1	-0.1	-1.94297
13067001	209	0.1	-0.1	4.56157
13067001	210	0.1	-0.1	0.243764
13067001	211	0.1	-0.1	-0.20065
13067001	212	0.1	-0.1	-2.66895
13067001	213	0.1	-0.1	-3.85943
13067001	214	0.1	-0.1	1.24651
13067001	215	0.1	-0.1	-5.15731
13067001	216	0.1	-0.1	1.38575
13067001	217	0.1	-0.1	4.40627
13067001	218	0.1	-0.1	-1.41859
13067001	219	0.1	-0.1	2.6081
13067001	220	0.1	-0.1	-1.844
13067001	221	0.1	-0.1	1.62965
13067001	222	0.1	-0.1	1.60561
13067001	223	0.1	-0.1	0.403239
13067001	224	0.1	-0.1	5.93412
13067001	225	0.1	-0.1	-4.03979
13067001	226	0.1	-0.1	-0.962584
13067001	227	0.1	-0.1	1.17825
13067001	228	0.1	-0.1	-3.37338
13067001	229	0.1	-0.1	-3.409
13067001	230	0.1	-0.1	-0.461844
13067001	231	0.1	-0.1	0.461722
13067001	232	0.1	-0.1	4.07877
13067001	233	0.1	-0.1	-1.40421
13067001	234	0.1	-0.1	5.30072
13067001	235	0.1	-0.1	5.53101
13067001	236	0.1	-0.1	-5.94649
13067001	237	0.1	-0.1	-0.8487
13067001	238	0.1	-0.1	3.18724
13067001	239	0.1	-0.1	-2.33284
13067001	240	0.1	-0.1	3.41749
13067001	241	0.1	-0.1	5.42418
13067001	242	0.1	-0.1	-2.33992
13067001	243	0.1	-0.1	5.93907
13067001	244	0.1	-0.1	1.12888
13067001	245	0.1	-0.1	-4.51996
13067001	246	0.1	-0.1	2.8553
13067001	247	0.1	-0.1	-3.54725
13067001	248	0.1	-0.1	0.133344
13067001	249	0.1	-0.1	-5.21438
13067001	250	0.1	-0.1	2.8884
13067001	251	0.1	-0.1	4.53961
13067001	252	0.1	-0.1	-3.84951
13067001	253	0.1	-0.1	-3.9159
13067001	254	0.1	-0.1	-2.05691
13067001	255	0.1	-0.1	-4.97862
13067001	256	0.1	-0.1	-0.489576
13067001	257	0.1	-0.1	-5.36096
13067001	258	0.1	-0.1	-0.210706
13067001	259	0.1	-0.1	1.16
13067001	260	0.1	-0.1	2.29533
13067001	261	0.1	-0.1	-1.3967
13067001	262	0.1	-0.1	-4.17949
13067001	263	0.1	-0.1	-2.81982
13067001	264	0.1	-0.1	-0.261679
13067001	265	0.1	-0.1	2.50833
13067001	266	0.1	-0.1	-4.91364
13067001	267	0.1	-0.1	3.61765
13067001	268	0.1	-0.1	5.57033
13067001	269	0.1	-0.1	-2.58765
13067001	270	0.1	-0.1	-3.34476
13067001	271	0.1	-0.1	-5.82157
13067001	272	0.1	-0.1	-5.77414
13067001	273	0.1	-0.1	-2.22298
13067001	274	0.1	-0.1	5.05443
13067001	275	0.1	-0.1	-1.89891
13067001	276	0.1	-0.1	4.34697
13067001	277	0.1	-0.1	0.390934
13067001	278	0.1	-0.1	5.83067
13067001	279	0.1	-0.1	-0.151497
13067001	280	0.1	-0.1	-0.464763
13067001	281	0.1	-0.1	0.563234
13067001	282	0.1	-0.1	4.29445
13067001	283	0.1	-0.1	-1.27552
13067001	284	0.1	-0.1	-3.95507
13067001	285	0.1	-0.1	-2.98244
13067001	286	0.1	-0.1	1.22577
13067001	287	0.1	-0.1	-1.50092
13067001	288	0.1	-0.1	4.54035
13067001	289	0.1	-0.1	-2.82292
13067001	290	0.1	-0.1	0.375803
13067001	291	0.1	-0.1	-0.105268
13067001	292	0.1	-0.1	-5.13382
13067001	293	0.1	-0.1	-0.119804
13067001	294	0.1	-0.1	2.07096
13067001	295	0.1	-0.1	5.73453
13067001	296	0.1	-0.1	-4.90056
13067001	297	0.1	-0.1	3.32574
13067001	298	0.1	-0.1	1.28768
13067001	299	0.1	-0.1	5.57358
13067001	300	0.1	-0.1	2.75571
13067001	301	0.1	-0.1	5.31172
13067001	302	0.1	-0.1	3.53032
13067001	303	0.1	-0.1	0.751369
13067001	304	0.1	-0.1	-3.91195
13067001	305	0.1	-0.1	-0.580499
13067001	306	0.1	-0.1	5.88261
13067001	307	0.1	-0.1	0.403907
13067001	308	0.1	-0.1	-2.65121
13067001	309	0.1	-0.1	3.05243
13067001	310	0.1	-0.1	0.836464
13067001	311	0.1	-0.1	-3.13671
13067001	312	0.1	-0.1	4.71647
13067001	313	0.1	-0.1	-4.90431
13067001	314	0.1	-0.1	-4.0634
13067001	315	0.1	-0.1	0.19888
13067001	316	0.1	-0.1	-0.915045
13067001	317	0.1	-0.1	3.81724
13067001	318	0.1	-0.1	-3.44358
13067001	319	0.1	-0.1	0.962752
13067001	320	0.1	-0.1	4.53947
13067001	321	0.1	-0.1	-4.39782
13067001	322	0.1	-0.1	-4.311
13067001	323	0.1	-0.1	5.41815
13067001	324	0.1	-0.1	-0.752414
13067001	325	0.1	-0.1	-2.86444
13067001	326	0.1	-0.1	-5.62624
13067001	327	0.1	-0.1	4.37008
13067001	328	0.1	-0.1	2.22218
13067001	329	0.1	-0.1	-4.77862
13067001	330	0.1	-0.1	4.50585
13067001	331	0.1	-0.1	-2.47693
13067001	332	0.1	-0.1	-2.43061
13067001	333	0.1	-0.1	-1.06034
13067001	334	0.1	-0.1	-1.6197
13067001	335	0.1	-0.1	-0.083612
13067001	336	0.1	-0.1	-3.28287
13067001	337	0.1	-0.1	2.15172
13067001	338	0.1	-0.1	5.95623
13067001	339	0.1	-0.1	2.97302
13067001	340	0.1	-0.1	3.9075
13067001	341	0.1	-0.1	3.63118
13067001	342	0.1	-0.1	5.29241
13067001	343	0.1	-0.1	-3.90838
13067001	344	0.1	-0.1	5.04708
13067001	345	0.1	-0.1	-0.771061
13067001	346	0.1	-0.1	-3.38234
13067001	347	0.1	-0.1	-1.63008
13067001	348	0.1	-0.1	3.08056
13067001	349	0.1	-0.1	1.91985
13067001	350	0.1	-0.1	3.96693
13067001	351	0.1	-0.1	4.64732
13067001	352	0.1	-0.1	-1.54738
13067001	353	0.1	-0.1	-0.436411
13067001	354	0.1	-0.1	1.45373
13067001	355	0.1	-0.1	5.1554
13067001	356	0.1	-0.1	-0.335312
13067001	357	0.1	-0.1	-5.91556
13067001	358	0.1	-0.1	-2.98023
13067001	359	0.1	-0.1	-4.61921
13067001	360	0.1	-0.1	0.878859
13067001	361	0.1	-0.1	5.03648
13067001	362	0.1	-0.1	-4.1536
13067001	363	0.1	-0.1	-1.49735
13067001	364	0.1	-0.1	-1.44374
13067001	365	0.1	-0.1	-4.8082
13067001	366	0.1	-0.1	-2.23376
13067001	367	0.1	-0.1	-5.38143
13067001	368	0.1	-0.1	2.80116
13067001	369	0.1	-0.1	-4.67028
13067001	370	0.1	-0.1	-2.88129
13067001	371	0.1	-0.1	5.54684
13067001	372	0.1	-0.1	5.06159
13067001	373	0.1	-0.1	1.93774
13067001	374	0.1	-0.1	-5.24708
13067001	375	0.1	-0.1	5.32311
13067001	376	0.1	-0.1	-1.37852
13067001	377	0.1	-0.1	2.64113
13067001	378	0.1	-0.1	-0.00303308
13067001	379	0.1	-0.1	-3.77399
13067001	380	0.1	-0.1	0.350006
13067001	381	0.1	-0.1	-1.79151
13067001	382	0.1	-0.1	-1.37026
13067001	383	0.1	-0.1	2.15119
13067001	384	0.1	-0.1	-5.82383
13067001	385	0.1	-0.1	4.02582
13067001	386	0.1	-0.1	-1.94001
13067001	387	0.1	-0.1	0.562894
13067001	388	0.1	-0.1	-1.06403
13067001	389	0.1	-0.1	2.59601
13067001	390	0.1	-0.1	4.37174
13067001	391	0.1	-0.1	2.79911
13067001	392	0.1	-0.1	0.384457
13067001	393	0.1	-0.1	-5.68455
13067001	394	0.1	-0.1	-1.26485
13067001	395	0.1	-0.1	-3.25536
13067001	396	0.1	-0.1	0.644527
13067001	397	0.1	-0.1	-0.607225
13067001	398	0.1	-0.1	-5.82536
13067001	399	0.1	-0.1	3.58399
13067001	400	0.1	-0.1	0.939976
13067001	401	0.1	-0.1	0.616208
13067001	402	0.1	-0.1	0.254725
13067001	403	0.1	-0.1	-0.369028
13067001	404	0.1	-0.1	5.75501
13067001	405	0.1	-0.1	5.01072
13067001	406	0.1	-0.1	-5.0949
13067001	407	0.1	-0.1	-4.71636
13067001	408	0.1	-0.1	-0.806426
13067001	409	0.1	-0.1	2.9599
13067001	410	0.1	-0.1	4.12333
13067001	411	0.1	-0.1	2.1195
13067001	412	0.1	-0.1	2.65615
13067001	413	0.1	-0.1	-0.461776
13067001	414	0.1	-0.1	-0.0648847
13067001	415	0.1	-0.1	4.9189
13067001	416	0.1	-0.1	0.182683
13067001	417	0.1	-0.1	-1.66445
13067001	418	0.1	-0.1	1.39661
13067001	419	0.1	-0.1	-4.92345
13067001	420	0.1	-0.1	-4.19003
13067001	421	0.1	-0.1	-1.08173
13067001	422	0.1	-0.1	-2.15279
13067001	423	0.1	-0.1	-2.8371
13067001	424	0.1	-0.1	3.99124
13067001	425	0.1	-0.1	-1.31488
13067001	426	0.1	-0.1	0.222496
13067001	427	0.1	-0.1	3.73549
13067001	428	0.1	-0.1	1.74803
13067001	429	0.1	-0.1	4.27582
13067001	430	0.1	-0.1	5.58557
13067001	431	0.1	-0.1	3.05036
13067001	432	0.1	-0.1	2.72181
13067001	433	0.1	-0.1	-1.90878
13067001	434	0.1	-0.1	1.06606
13067001	435	0.1	-0.1	-0.342564
13067001	436	0.1	-0.1	0.803258
13067001	437	0.1	-0.1	-1.84296
13067001	438	0.1	-0.1	2.84725
13067001	439	0.1	-0.1	2.60696
13067001	440	0.1	-0.1	-4.7825
13067001	441	0.1	-0.1	4.56432
13067001	442	0.1	-0.1	-3.15564
13067001	443	0.1	-0.1	-0.0718683
13067001	444	0.1	-0.1	-1.123
13067001	445	0.1	-0.1	0.143026
13067001	446	0.1	-0.1	1.80565
13067001	447	0.1	-0.1	-4.23976
13067001	448	0.1	-0.1	-2.37021
13067001	449	0.1	-0.1	4.90068
13067001	450	0.1	-0.1	1.36416
13067001	451	0.1	-0.1	-5.74009
13067001	452	0.1	-0.1	-2.24439
13067001	453	0.1	-0.1	-1.45633
13067001	454	0.1	-0.1	-1.79256
13067001	455	0.1	-0.1	0.896546
13067001	456	0.1	-0.1	-3.45661
13067001	457	0.1	-0.1	-4.21153
13067001	458	0.1	-0.1	0.15253
13067001	459	0.1	-0.1	1.8332
13067001	460	0.1	-0.1	-1.16277
13067001	461	0.1	-0.1	-3.9869
13067001	462	0.1	-0.1	4.31347
13067001	463	0.1	-0.1	-5.50674
13067001	464	0.1	-0.1	4.13767
13067001	465	0.1	-0.1	-0.57767
13067001	466	0.1	-0.1	-3.49238
13067001	467	0.1	-0.1	-5.88799
13067001	468	0.1	-0.1	-0.04207
13067001	469	0.1	-0.1	-4.06084
13067001	470	0.1	-0.1	5.50675
13067001	471	0.1	-0.1	0.597564
13067001	472	0.1	-0.1	-1.07537
13067001	473	0.1	-0.1	-3.47568
13067001	474	0.1	-0.1	-4.78855
13067001	475	0.1	-0.1	1.94997
13067001	476	0.1	-0.1	-0.729341
13067001	477	0.1	-0.1	-5.75651
13067001	478	0.1	-0.1	4.88072
13067001	479	0.1	-0.1	0.770001
13067001	480	0.1	-0.1	2.26119
13067001	481	0.1	-0.1	-1.19642
13067001	482	0.1	-0.1	1.40826
13067001	483	0.1	-0.1	-3.97116
13067001	484	0.1	-0.1	-5.64617
13067001	485	0.1	-0.1	5.57684
13067001	486	0.1	-0.1	0.252605
13067001	487	0.1	-0.1	4.86012
13067001	488	0.1	-0.1	4.43774
13067001	489	0.1	-0.1	-5.32138
13067001	490	0.1	-0.1	5.57673
13067001	491	0.1	-0.1	-4.98876
13067001	492	0.1	-0.1	-2.43669
13067001	493	0.1	-0.1	1.99968
13067001	494	0.1	-0.1	-4.03453
13067001	495	0.1	-0.1	5.29801
13067001	496	0.1	-0.1	5.23511
13067001	497	0.1	-0.1	0.677696
13067001	498	0.1	-0.1	1.14939
13067001	499	0.1	-0.1	-0.956651
13067001	500	0.1	-0.1	-2.34757
13067001	501	0.1	-0.1	-0.0469888
13067001	502	0.1	-0.1	-2.19657
13067001	503	0.1	-0.1	1.02468
13067001	504	0.1	-0.1	-3.61558
13067001	505	0.1	-0.1	-5.49645
13067001	506	0.1	-0.1	-1.12434
13067001	507	0.1	-0.1	-5.6969
13067001	508	0.1	-0.1	-5.51108
13067001	509	0.1	-0.1	0.730471
13067001	510	0.1	-0.1	-4.882
13067001	511	0.1	-0.1	-4.81665
13067001	512	0.1	-0.1	2.45733
13067001	513	0.1	-0.1	5.30287
13067001	514	0.1	-0.1	4.79891
13067001	515	0.1	-0.1	-3.74482
13067001	516	0.1	-0.1	-4.19594
13067001	517	0.1	-0.1	-3.4491
13067001	518	0.1	-0.1	-3.39031
13067001	519	0.1	-0.1	5.23365
13067001	520	0.1	-0.1	-3.13952
13067001	521	0.1	-0.1	3.37206
13067001	522	0.1	-0.1	-2.0633
13067001	523	0.1	-0.1	-3.28893
13067001	524	0.1	-0.1	-4.9504
13067001	525	0.1	-0.1	3.53384
13067001	526	0.1	-0.1	-5.5169
13067001	527	0.1	-0.1	-0.616922
13067001	528	0.1	-0.1	-1.3923
13067001	529	0.1	-0.1	1.53107
13067001	530	0.1	-0.1	5.16845
13067001	531	0.1	-0.1	4.18957
13067001	532	0.1	-0.1	4.17664
13067001	533	0.1	-0.1	-4.72922
13067001	534	0.1	-0.1	3.68571
13067001	535	0.1	-0.1	-0.045563
13067001	536	0.1	-0.1	-2.79614
13067001	537	0.1	-0.1	-1.94805
13067001	538	0.1	-0.1	-0.629785
13067001	539	0.1	-0.1	-0.339338
13067001	540	0.1	-0.1	3.45843
13067001	541	0.1	-0.1	2.05568
13067001	542	0.1	-0.1	2.23464
13067001	543	0.1	-0.1	4.14351
13067001	544	0.1	-0.1	-4.94235
13067001	545	0.1	-0.1	-3.52531
13067001	546	0.1	-0.1	1.92935
13067001	547	0.1	-0.1	1.57189
13067001	548	0.1	-0.1	-4.66238
13067001	549	0.1	-0.1	5.33377
13067001	550	0.1	-0.1	-0.396981
13067001	551	0.1	-0.1	2.72857
13067001	552	0.1	-0.1	-4.97115
13067001	553	0.1	-0.1	4.72033
13067001	554	0.1	-0.1	-4.21175
13067001	555	0.1	-0.1	-0.0848514
13067001	556	0.1	-0.1	-4.94614
13067001	557	0.1	-0.1	-2.35788
13067001	558	0.1	-0.1	-5.442
13067001	559	0.1	-0.1	-3.28514
13067001	560	0.1	-0.1	4.20045
13067001	561	0.1	-0.1	0.677607
13067001	562	0.1	-0.1	-2.7836
13067001	563	0.1	-0.1	-4.45793
13067001	564	0.1	-0.1	0.688003
13067001	565	0.1	-0.1	3.16542
13067001	566	0.1	-0.1	0.798739
13067001	567	0.1	-0.1	5.81349
13067001	568	0.1	-0.1	-5.22816
13067001	569	0.1	-0.1	-1.2585
13067001	570	0.1	-0.1	3.5308
13067001	571	0.1	-0.1	3.53533
13067001	572	0.1	-0.1	4.53261
13067001	573	0.1	-0.1	4.31497
13067001	574	0.1	-0.1	-3.24226
13067001	575	0.1	-0.1	-0.23165
13067001	576	0.1	-0.1	-2.65777
13067001	577	0.1	-0.1	5.69854
13067001	578	0.1	-0.1	-2.34083
13067001	579	0.1	-0.1	-2.33242
13067001	580	0.1	-0.1	3.49848
13067001	581	0.1	-0.1	2.48306
13067001	582	0.1	-0.1	2.55134
13067001	583	0.1	-0.1	-1.79928
13067001	584	0.1	-0.1	4.58808
13067001	585	0.1	-0.1	0.194887
13067001	586	0.1	-0.1	-5.13139
13067001	587	0.1	-0.1	-4.82439
13067001	588	0.1	-0.1	0.0771827
13067001	589	0.1	-0.1	-1.06842
13067001	590	0.1	-0.1	-2.74139
13067001	591	0.1	-0.1	-2.64455
13067001	592	0.1	-0.1	-2.84615
13067001	593	0.1	-0.1	-0.365283
13067001	594	0.1	-0.1	-1.96559
13067001	595	0.1	-0.1	1.33816
13067001	596	0.1	-0.1	0.5869
13067001	597	0.1	-0.1	-5.00203
13067001	598	0.1	-0.1	-3.51736
13067001	599	0.1	-0.1	4.82279
13067001	600	0.1	-0.1	3.35189
13067001	601	0.1	-0.1	-0.341073
13067001	602	0.1	-0.1	-5.80802
13067001	603	0.1	-0.1	0.332128
13067001	604	0.1	-0.1	4.85763
13067001	605	0.1	-0.1	-3.1421
13067001	606	0.1	-0.1	2.6707
13067001	607	0.1	-0.1	0.22657
13067001	608	0.1	-0.1	5.81471
13067001	609	0.1	-0.1	-0.392746
13067001	610	0.1	-0.1	-0.55925
13067001	611	0.1	-0.1	-3.28978
13067001	612	0.1	-0.1	0.851378
13067001	613	0.1	-0.1	-0.331775
13067001	614	0.1	-0.1	1.34749
13067001	615	0.1	-0.1	3.75049
13067001	616	0.1	-0.1	-1.38814
13067001	617	0.1	-0.1	1.2386
13067001	618	0.1	-0.1	-0.402732
13067001	619	0.1	-0.1	5.5358
13067001	620	0.1	-0.1	1.08697
13067001	621	0.1	-0.1	-1.41436
13067001	622	0.1	-0.1	-3.10208
13067001	623	0.1	-0.1	-1.17616
13067001	624	0.1	-0.1	-2.06056
13067001	625	0.1	-0.1	4.86114
13067001	626	0.1	-0.1	-2.54156
13067001	627	0.1	-0.1	3.51075
13067001	628	0.1	-0.1	-5.62268
13067001	629	0.1	-0.1	2.41637
13067001	630	0.1	-0.1	-0.990375
13067001	631	0.1	-0.1	-5.7103
13067001	632	0.1	-0.1	-4.78188
13067001	633	0.1	-0.1	-1.89823
13067001	634	0.1	-0.1	-5.92495
13067001	635	0.1	-0.1	3.87089
13067001	636	0.1	-0.1	-0.765461
13067001	637	0.1	-0.1	-2.41508
13067001	638	0.1	-0.1	-1.51523
13067001	639	0.1	-0.1	-2.00514
13067001	640	0.1	-0.1	-2.21898
13067001	641	0.1	-0.1	-3.63507
13067001	642	0.1	-0.1	-5.16499
13067001	643	0.1	-0.1	0.500253
13067001	644	0.1	-0.1	-1.399
13067001	645	0.1	-0.1	4.72858
13067001	646	0.1	-0.1	2.36391
13067001	647	0.1	-0.1	-4.67572
13067001	648	0.1	-0.1	2.18628
13067001	649	0.1	-0.1	0.0188139
13067001	650	0.1	-0.1	3.41152
13067001	651	0.1	-0.1	1.87613
13067001	652	0.1	-0.1	1.46291
13067001	653	0.1	-0.1	3.72298
13067001	654	0.1	-0.1	3.31461
13067001	655	0.1	-0.1	4.18003
13067001	656	0.1	-0.1	4.64477
13067001	657	0.1	-0.1	-5.487
13067001	658	0.1	-0.1	5.49568
13067001	659	0.1	-0.1	3.2053
13067001	660	0.1	-0.1	-5.38608
13067001	661	0.1	-0.1	-1.08452
13067001	662	0.1	-0.1	5.71818
13067001	663	0.1	-0.1	-0.350905
13067001	664	0.1	-0.1	-4.56187
13067001	665	0.1	-0.1	-4.98546
13067001	666	0.1	-0.1	0.932031
13067001	667	0.1	-0.1	0.483744
13067001	668	0.1	-0.1	-0.780352
13067001	669	0.1	-0.1	5.38293
13067001	670	0.1	-0.1	-0.672984
13067001	671	0.1	-0.1	-2.66234
13067001	672	0.1	-0.1	0.530962
13067001	673	0.1	-0.1	0.96034
13067001	674	0.1	-0.1	-2.25788
13067001	675	0.1	-0.1	0.89731
13067001	676	0.1	-0.1	0.190947
13067001	677	0.1	-0.1	-2.24993
13067001	678	0.1	-0.1	1.22181
13067001	679	0.1	-0.1	2.47443
13067001	680	0.1	-0.1	0.406577
13067001	681	0.1	-0.1	5.27707
13067001	682	0.1	-0.1	0.526085
13067001	683	0.1	-0.1	3.01339
13067001	684	0.1	-0.1	-2.65346
13067001	685	0.1	-0.1	-4.79421
13067001	686	0.1	-0.1	1.55355
13067001	687	0.1	-0.1	-3.1274
13067001	688	0.1	-0.1	-1.18776
13067001	689	0.1	-0.1	-3.07894
13067001	690	0.1	-0.1	4.37509
13067001	691	0.1	-0.1	-2.09079
13067001	692	0.1	-0.1	3.8125
13067001	693	0.1	-0.1	5.30137
13067001	694	0.1	-0.1	1.50245
13067001	695	0.1	-0.1	-4.67896
13067001	696	0.1	-0.1	-5.22584
13067001	697	0.1	-0.1	2.67206
13067001	698	0.1	-0.1	0.473277
13067001	699	0.1	-0.1	4.02154
13067001	700	0.1	-0.1	-3.78988
13067001	701	0.1	-0.1	-5.05629
13067001	702	0.1	-0.1	2.0954
13067001	703	0.1	-0.1	-1.98028
13067001	704	0.1	-0.1	0.642329
13067001	705	0.1	-0.1	4.67468
13067001	706	0.1	-0.1	1.47714
13067001	707	0.1	-0.1	4.12571
13067001	708	0.1	-0.1	1.12318
13067001	709	0.1	-0.1	5.56612
13067001	710	0.1	-0.1	-1.96865
13067001	711	0.1	-0.1	5.54848
13067001	712	0.1	-0.1	4.19832
13067001	713	0.1	-0.1	5.03527
13067001	714	0.1	-0.1	-5.71844
13067001	715	0.1	-0.1	-0.908343
13067001	716	0.1	-0.1	-4.01809
13067001	717	0.1	-0.1	-1.76041
13067001	718	0.1	-0.1	4.14348
13067001	719	0.1	-0.1	5.99519
13067001	720	0.1	-0.1	-4.59469
13067001	721	0.1	-0.1	-5.80927
13067001	722	0.1	-0.1	-2.87417
13067001	723	0.1	-0.1	2.46866
13067001	724	0.1	-0.1	0.77914
13067001	725	0.1	-0.1	-3.63797
13067001	726	0.1	-0.1	3.6305
13067001	727	0.1	-0.1	-2.76506
13067001	728	0.1	-0.1	-3.60704
13067001	729	0.1	-0.1	-2.62398
13067001	730	0.1	-0.1	-3.31815
13067001	731	0.1	-0.1	-2.46318
13067001	732	0.1	-0.1	4.09461
13067001	733	0.1	-0.1	3.49213
13067001	734	0.1	-0.1	-5.46265
13067001	735	0.1	-0.1	-0.926397
13067001	736	0.1	-0.1	-3.05438
13067001	737	0.1	-0.1	-0.388276
13067001	738	0.1	-0.1	1.34174
13067001	739	0.1	-0.1	2.9035
13067001	740	0.1	-0.1	-4.04378
13067001	741	0.1	-0.1	-3.42605
13067001	742	0.1	-0.1	-0.931645
13067001	743	0.1	-0.1	2.95809
13067001	744	0.1	-0.1	-0.675955
13067001	745	0.1	-0.1	0.259228
13067001	746	0.1	-0.1	5.22294
13067001	747	0.1	-0.1	-1.61158
13067001	748	0.1	-0.1	5.88968
13067001	749	0.1	-0.1	5.83188
13067001	750	0.1	-0.1	2.37695
13067001	751	0.1	-0.1	2.15589
13067001	752	0.1	-0.1	4.29211
13067001	753	0.1	-0.1	5.02102
13067001	754	0.1	-0.1	2.9146
13067001	755	0.1	-0.1	-0.0172599
13067001	756	0.1	-0.1	4.62289
13067001	757	0.1	-0.1	-1.12164
13067001	758	0.1	-0.1	4.82566
13067001	759	0.1	-0.1	-0.65163
13067001	760	0.1	-0.1	-5.98017
13067001	761	0.1	-0.1	-2.9927
13067001	762	0.1	-0.1	3.23787
13067001	763	0.1	-0.1	5.91346
13067001	764	0.1	-0.1	-4.84337
13067001	765	0.1	-0.1	0.494881
13067001	766	0.1	-0.1	1.94452
13067001	767	0.1	-0.1	-1.90237
13067001	768	0.1	-0.1	1.0355
13067001	769	0.1	-0.1	-5.0771
13067001	770	0.1	-0.1	-0.620297
13067001	771	0.1	-0.1	-1.59139
13067001	772	0.1	-0.1	5.40114
13067001	773	0.1	-0.1	4.7265
13067001	774	0.1	-0.1	-0.643178
13067001	775	0.1	-0.1	4.68952
13067001	776	0.1	-0.1	2.84066
13067001	777	0.1	-0.1	-3.20786
13067001	778	0.1	-0.1	-2.34232
13067001	779	0.1	-0.1	-1.32817
13067001	780	0.1	-0.1	-5.17928
13067001	781	0.1	-0.1	0.834921
13067001	782	0.1	-0.1	-5.14538
13067001	783	0.1	-0.1	-4.01248
13067001	784	0.1	-0.1	4.39262
13067001	785	0.1	-0.1	-3.93837
13067001	786	0.1	-0.1	-4.0892
13067001	787	0.1	-0.1	-0.913375
13067001	788	0.1	-0.1	3.98477
13067001	789	0.1	-0.1	5.22491
13067001	790	0.1	-0.1	5.97082
13067001	791	0.1	-0.1	-2.74986
13067001	792	0.1	-0.1	-1.75934
13067001	793	0.1	-0.1	-5.39182
13067001	794	0.1	-0.1	-0.1843
13067001	795	0.1	-0.1	-3.49963
13067001	796	0.1	-0.1	0.254966
13067001	797	0.1	-0.1	-1.13493
13067001	798	0.1	-0.1	1.44142
13067001	799	0.1	-0.1	-0.275139
13067001	800	0.1	-0.1	-4.80649
13067001	801	0.1	-0.1	2.17867
13067001	802	0.1	-0.1	1.12512
13067001	803	0.1	-0.1	-5.85598
13067001	804	0.1	-0.1	-1.96623
13067001	805	0.1	-0.1	2.21793
13067001	806	0.1	-0.1	2.11647
13067001	807	0.1	-0.1	4.83097
13067001	808	0.1	-0.1	1.33748
13067001	809	0.1	-0.1	0.479485
13067001	810	0.1	-0.1	-1.54829
13067001	811	0.1	-0.1	-2.98685
13067001	812	0.1	-0.1	-3.21039
13067001	813	0.1	-0.1	-5.50827
13067001	814	0.1	-0.1	0.881446
13067001	815	0.1	-0.1	-4.21038
13067001	816	0.1	-0.1	-0.00154496
13067001	817	0.1	-0.1	1.83658
13067001	818	0.1	-0.1	-0.526833
13067001	819	0.1	-0.1	3.05602
13067001	820	0.1	-0.1	2.12951
13067001	821	0.1	-0.1	3.09971
13067001	822	0.1	-0.1	-3.30294
13067001	823	0.1	-0.1	-3.23852
13067001	824	0.1	-0.1	-4.28457
13067001	825	0.1	-0.1	4.85094
13067001	826	0.1	-0.1	3.59422
13067001	827	0.1	-0.1	-4.81698
13067001	828	0.1	-0.1	3.61474
13067001	829	0.1	-0.1	2.68704
13067001	830	0.1	-0.1	1.14511
13067001	831	0.1	-0.1	-1.94304
13067001	832	0.1	-0.1	-4.65117
13067001	833	0.1	-0.1	-0.63287
13067001	834	0.1	-0.1	-3.5186
13067001	835	0.1	-0.1	-2.21532
13067001	836	0.1	-0.1	-3.43285
13067001	837	0.1	-0.1	1.94957
13067001	838	0.1	-0.1	4.64499
13067001	839	0.1	-0.1	1.4047
13067001	840	0.1	-0.1	-0.915934
13067001	841	0.1	-0.1	1.95245
13067001	842	0.1	-0.1	0.843345
13067001	843	0.1	-0.1	1.41475
13067001	844	0.1	-0.1	0.599083
13067001	845	0.1	-0.1	1.52323
13067001	846	0.1	-0.1	5.24467
13067001	847	0.1	-0.1	4.34595
13067001	848	0.1	-0.1	3.71983
13067001	849	0.1	-0.1	-5.06633
13067001	850	0.1	-0.1	3.47243
13067001	851	0.1	-0.1	-1.69622
13067001	852	0.1	-0.1	-3.45064
13067001	853	0.1	-0.1	2.93764
13067001	854	0.1	-0.1	-0.152082
13067001	855	0.1	-0.1	-5.6009
13067001	856	0.1	-0.1	-5.0697
13067001	857	0.1	-0.1	-5.80567
13067001	858	0.1	-0.1	-0.59742
13067001	859	0.1	-0.1	-5.59094
13067001	860	0.1	-0.1	5.21581
13067001	861	0.1	-0.1	2.07624
13067001	862	0.1	-0.1	0.643291
13067001	863	0.1	-0.1	0.928634
13067001	864	0.1	-0.1	-2.68139
13067001	865	0.1	-0.1	0.721116
13067001	866	0.1	-0.1	4.81145
13067001	867	0.1	-0.1	-1.3188
13067001	868	0.1	-0.1	-5.62195
13067001	869	0.1	-0.1	-2.4989
13067001	870	0.1	-0.1	0.494243
13067001	871	0.1	-0.1	-4.72104
13067001	872	0.1	-0.1	-5.00677
13067001	873	0.1	-0.1	2.61668
13067001	874	0.1	-0.1	0.92444
13067001	875	0.1	-0.1	-2.30689
13067001	876	0.1	-0.1	-1.41055
13067001	877	0.1	-0.1	-0.596903
13067001	878	0.1	-0.1	-1.48329
13067001	879	0.1	-0.1	5.47683
13067001	880	0.1	-0.1	-3.19431
13067001	881	0.1	-0.1	-2.14127
13067001	882	0.1	-0.1	2.53582
13067001	883	0.1	-0.1	-5.59621
13067001	884	0.1	-0.1	2.35789
13067001	885	0.1	-0.1	-1.14485
13067001	886	0.1	-0.1	5.06685
13067001	887	0.1	-0.1	2.74796
13067001	888	0.1	-0.1	-5.29777
13067001	889	0.1	-0.1	-2.95206
13067001	890	0.1	-0.1	3.13049
13067001	891	0.1	-0.1	-3.37929
13067001	892	0.1	-0.1	4.00146
13067001	893	0.1	-0.1	-4.36469
13067001	894	0.1	-0.1	-4.39479
13067001	895	0.1	-0.1	0.428638
13067001	896	0.1	-0.1	-4.09365
13067001	897	0.1	-0.1	5.15188
13067001	898	0.1	-0.1	-4.25572
13067001	899	0.1	-0.1	-2.70985
13067001	900	0.1	-0.1	0.838453
13067001	901	0.1	-0.1	0.891179
13067001	902	0.1	-0.1	3.42043
13067001	903	0.1	-0.1	-1.56064
13067001	904	0.1	-0.1	-2.3704
13067001	905	0.1	-0.1	4.95815
13067001	906	0.1	-0.1	0.784856
13067001	907	0.1	-0.1	4.14861
13067001	908	0.1	-0.1	5.48721
13067001	909	0.1	-0.1	0.696201
13067001	910	0.1	-0.1	1.42495
13067001	911	0.1	-0.1	-5.50626
13067001	912	0.1	-0.1	1.66455
13067001	913	0.1	-0.1	-3.82847
13067001	914	0.1	-0.1	-0.481618
13067001	915	0.1	-0.1	-3.43232
13067001	916	0.1	-0.1	4.47715
13067001	917	0.1	-0.1	-5.98858
13067001	918	0.1	-0.1	1.95122
13067001	919	0.1	-0.1	3.7823
13067001	920	0.1	-0.1	0.43877
13067001	921	0.1	-0.1	-4.89867
13067001	922	0.1	-0.1	-2.83002
13067001	923	0.1	-0.1	5.44168
13067001	924	0.1	-0.1	-0.374033
13067001	925	0.1	-0.1	3.18621
13067001	926	0.1	-0.1	2.65092
13067001	927	0.1	-0.1	-5.4028
13067001	928	0.1	-0.1	-5.94379
13067001	929	0.1	-0.1	1.40075
13067001	930	0.1	-0.1	-1.95073
13067001	931	0.1	-0.1	1.60009
13067001	932	0.1	-0.1	-3.97499
13067001	933	0.1	-0.1	-4.54896
13067001	934	0.1	-0.1	-4.09036
13067001	935	0.1	-0.1	-0.773139
13067001	936	0.1	-0.1	-0.624258
13067001	937	0.1	-0.1	-5.13032
13067001	938	0.1	-0.1	-5.42306
13067001	939	0.1	-0.1	1.37375
13067001	940	0.1	-0.1	2.53685
13067001	941	0.1	-0.1	-2.53067
13067001	942	0.1	-0.1	2.86513
13067001	943	0.1	-0.1	4.5093
13067001	944	0.1	-0.1	5.0757
13067001	945	0.1	-0.1	4.66253
13067001	946	0.1	-0.1	-4.92672
13067001	947	0.1	-0.1	-0.382736
13067001	948	0.1	-0.1	-2.47579
13067001	949	0.1	-0.1	3.74161
13067001	950	0.1	-0.1	-1.66129
13067001	951	0.1	-0.1	1.10066
13067001	952	0.1	-0.1	2.86695
13067001	953	0.1	-0.1	5.57941
13067001	954	0.1	-0.1	3.19274
13067001	955	0.1	-0.1	4.54645
13067001	956	0.1	-0.1	-5.53703
13067001	957	0.1	-0.1	-2.9625
13067001	958	0.1	-0.1	-1.99245
13067001	959	0.1	-0.1	3.14045
13067001	960	0.1	-0.1	-5.6625
13067001	961	0.1	-0.1	-2.28771
13067001	962	0.1	-0.1	4.74727
13067001	963	0.1	-0.1	-3.50383
13067001	964	0.1	-0.1	-3.92998
13067001	965	0.1	-0.1	-1.25602
13067001	966	0.1	-0.1	2.75062
13067001	967	0.1	-0.1	0.571449
13067001	968	0.1	-0.1	3.17903
13067001	969	0.1	-0.1	0.0558976
13067001	970	0.1	-0.1	-1.72021
13067001	971	0.1	-0.1	-5.54526
13067001	972	0.1	-0.1	0.470292
13067001	973	0.1	-0.1	4.62465
13067001	974	0.1	-0.1	-5.88364
13067001	975	0.1	-0.1	-5.58468
13067001	976	0.1	-0.1	1.6913
13067001	977	0.1	-0.1	5.6798
13067001	978	0.1	-0.1	-4.80075
13067001	979	0.1	-0.1	0.218368
13067001	980	0.1	-0.1	-2.28695
13067001	981	0.1	-0.1	-5.60725
13067001	982	0.1	-0.1	-2.38888
13067001	983	0.1	-0.1	-5.44463
13067001	984	0.1	-0.1	0.641881
13067001	985	0.1	-0.1	5.71423
13067001	986	0.1	-0.1	1.02011
13067001	987	0.1	-0.1	-4.89887
13067001	988	0.1	-0.1	-1.07734
13067001	989	0.1	-0.1	0.303975
13067001	990	0.1	-0.1	0.326206
13067001	991	0.1	-0.1	0.642488
13067001	992	0.1	-0.1	-5.23176
13067001	993	0.1	-0.1	1.09691
13067001	994	0.1	-0.1	3.20972
13067001	995	0.1	-0.1	5.87927
13067001	996	0.1	-0.1	2.77909
13067001	997	0.1	-0.1	3.94938
13067001	998	0.1	-0.1	-1.18235
13067001	999	0.1	-0.1	-0.703122
13067001	1000	0.1	-0.1	-2.10038
