13066110	1	0.1	-0.1	-1.7832
13066110	2	0.1	-0.1	0.500977
13066110	3	0.1	-0.1	-3.87032
13066110	4	0.1	-0.1	-3.27835
13066110	5	0.1	-0.1	4.27077
13066110	6	0.1	-0.1	-2.94089
13066110	7	0.1	-0.1	-5.9821
13066110	8	0.1	-0.1	0.48579
13066110	9	0.1	-0.1	-5.0775
13066110	10	0.1	-0.1	0.894725
13066110	11	0.1	-0.1	-5.38029
13066110	12	0.1	-0.1	-0.989082
13066110	13	0.1	-0.1	4.33349
13066110	14	0.1	-0.1	-2.59364
13066110	15	0.1	-0.1	5.81512
13066110	16	0.1	-0.1	-0.125324
13066110	17	0.1	-0.1	4.6231
13066110	18	0.1	-0.1	1.49795
13066110	19	0.1	-0.1	-1.43034
13066110	20	0.1	-0.1	-5.7083
13066110	21	0.1	-0.1	5.87243
13066110	22	0.1	-0.1	-1.38746
13066110	23	0.1	-0.1	-3.02837
13066110	24	0.1	-0.1	4.76116
13066110	25	0.1	-0.1	-3.30841
13066110	26	0.1	-0.1	-4.6142
13066110	27	0.1	-0.1	-5.38901
13066110	28	0.1	-0.1	-2.45504
13066110	29	0.1	-0.1	3.54798
13066110	30	0.1	-0.1	-5.03773
13066110	31	0.1	-0.1	2.72095
13066110	32	0.1	-0.1	-3.3481
13066110	33	0.1	-0.1	-3.16254
13066110	34	0.1	-0.1	4.61496
13066110	35	0.1	-0.1	-1.19693
13066110	36	0.1	-0.1	3.4043
13066110	37	0.1	-0.1	0.67127
13066110	38	0.1	-0.1	2.69592
13066110	39	0.1	-0.1	-3.94664
13066110	40	0.1	-0.1	-5.94869
13066110	41	0.1	-0.1	-5.79385
13066110	42	0.1	-0.1	-4.27061
13066110	43	0.1	-0.1	1.19426
13066110	44	0.1	-0.1	-5.63355
13066110	45	0.1	-0.1	-0.253591
13066110	46	0.1	-0.1	5.40225
13066110	47	0.1	-0.1	-2.60909
13066110	48	0.1	-0.1	-2.72624
13066110	49	0.1	-0.1	4.98452
13066110	50	0.1	-0.1	3.29134
13066110	51	0.1	-0.1	-4.87991
13066110	52	0.1	-0.1	2.91753
13066110	53	0.1	-0.1	2.61101
13066110	54	0.1	-0.1	3.13905
13066110	55	0.1	-0.1	-2.99102
13066110	56	0.1	-0.1	-4.78266
13066110	57	0.1	-0.1	-5.04474
13066110	58	0.1	-0.1	0.594003
13066110	59	0.1	-0.1	3.25248
13066110	60	0.1	-0.1	2.82517
13066110	61	0.1	-0.1	2.1161
13066110	62	0.1	-0.1	-3.68947
13066110	63	0.1	-0.1	4.77459
13066110	64	0.1	-0.1	-4.16755
13066110	65	0.1	-0.1	-5.78135
13066110	66	0.1	-0.1	5.70076
13066110	67	0.1	-0.1	-0.914622
13066110	68	0.1	-0.1	3.24708
13066110	69	0.1	-0.1	1.02527
13066110	70	0.1	-0.1	1.93719
13066110	71	0.1	-0.1	-4.81968
13066110	72	0.1	-0.1	5.13382
13066110	73	0.1	-0.1	-4.17911
13066110	74	0.1	-0.1	0.457489
13066110	75	0.1	-0.1	-1.13924
13066110	76	0.1	-0.1	1.95446
13066110	77	0.1	-0.1	-2.79693
13066110	78	0.1	-0.1	-2.95627
13066110	79	0.1	-0.1	-5.42253
13066110	80	0.1	-0.1	-3.49454
13066110	81	0.1	-0.1	-0.517666
13066110	82	0.1	-0.1	5.32224
13066110	83	0.1	-0.1	-4.97545
13066110	84	0.1	-0.1	0.783436
13066110	85	0.1	-0.1	2.21893
13066110	86	0.1	-0.1	-4.39462
13066110	87	0.1	-0.1	0.122433
13066110	88	0.1	-0.1	-3.15282
13066110	89	0.1	-0.1	-0.175195
13066110	90	0.1	-0.1	-0.942837
13066110	91	0.1	-0.1	-2.85201
13066110	92	0.1	-0.1	5.315
13066110	93	0.1	-0.1	-1.03964
13066110	94	0.1	-0.1	3.44246
13066110	95	0.1	-0.1	-2.34938
13066110	96	0.1	-0.1	-1.54915
13066110	97	0.1	-0.1	-3.94218
13066110	98	0.1	-0.1	-1.81594
13066110	99	0.1	-0.1	2.07793
13066110	100	0.1	-0.1	5.23399
13066110	101	0.1	-0.1	2.66027
13066110	102	0.1	-0.1	5.73262
13066110	103	0.1	-0.1	-3.12298
13066110	104	0.1	-0.1	5.34492
13066110	105	0.1	-0.1	5.59305
13066110	106	0.1	-0.1	5.17673
13066110	107	0.1	-0.1	2.47836
13066110	108	0.1	-0.1	-0.652264
13066110	109	0.1	-0.1	-5.49193
13066110	110	0.1	-0.1	4.80385
13066110	111	0.1	-0.1	0.70672
13066110	112	0.1	-0.1	1.20357
13066110	113	0.1	-0.1	1.13576
13066110	114	0.1	-0.1	4.87594
13066110	115	0.1	-0.1	5.21646
13066110	116	0.1	-0.1	-5.27309
13066110	117	0.1	-0.1	1.47665
13066110	118	0.1	-0.1	1.74485
13066110	119	0.1	-0.1	5.28062
13066110	120	0.1	-0.1	0.41796
13066110	121	0.1	-0.1	-2.06945
13066110	122	0.1	-0.1	-0.646595
13066110	123	0.1	-0.1	-5.55598
13066110	124	0.1	-0.1	-4.14662
13066110	125	0.1	-0.1	-0.748031
13066110	126	0.1	-0.1	3.43263
13066110	127	0.1	-0.1	-5.26832
13066110	128	0.1	-0.1	3.43683
13066110	129	0.1	-0.1	-5.03278
13066110	130	0.1	-0.1	0.304475
13066110	131	0.1	-0.1	-4.05253
13066110	132	0.1	-0.1	-4.32156
13066110	133	0.1	-0.1	3.37708
13066110	134	0.1	-0.1	0.892247
13066110	135	0.1	-0.1	-4.21887
13066110	136	0.1	-0.1	1.66255
13066110	137	0.1	-0.1	5.45937
13066110	138	0.1	-0.1	-3.49121
13066110	139	0.1	-0.1	-0.0061736
13066110	140	0.1	-0.1	1.49193
13066110	141	0.1	-0.1	-2.89702
13066110	142	0.1	-0.1	-3.44106
13066110	143	0.1	-0.1	1.91625
13066110	144	0.1	-0.1	2.9224
13066110	145	0.1	-0.1	-0.241751
13066110	146	0.1	-0.1	2.52482
13066110	147	0.1	-0.1	2.71684
13066110	148	0.1	-0.1	-0.162305
13066110	149	0.1	-0.1	1.23139
13066110	150	0.1	-0.1	4.58074
13066110	151	0.1	-0.1	5.14121
13066110	152	0.1	-0.1	5.73246
13066110	153	0.1	-0.1	3.14946
13066110	154	0.1	-0.1	-5.13406
13066110	155	0.1	-0.1	-1.43475
13066110	156	0.1	-0.1	1.85531
13066110	157	0.1	-0.1	-4.55892
13066110	158	0.1	-0.1	-3.9612
13066110	159	0.1	-0.1	0.189102
13066110	160	0.1	-0.1	-0.702144
13066110	161	0.1	-0.1	1.75313
13066110	162	0.1	-0.1	-4.97862
13066110	163	0.1	-0.1	4.55958
13066110	164	0.1	-0.1	4.20148
13066110	165	0.1	-0.1	1.34007
13066110	166	0.1	-0.1	1.75668
13066110	167	0.1	-0.1	0.355762
13066110	168	0.1	-0.1	3.4632
13066110	169	0.1	-0.1	1.18582
13066110	170	0.1	-0.1	0.483199
13066110	171	0.1	-0.1	4.91679
13066110	172	0.1	-0.1	2.08244
13066110	173	0.1	-0.1	-1.99546
13066110	174	0.1	-0.1	5.12048
13066110	175	0.1	-0.1	-5.50761
13066110	176	0.1	-0.1	5.73805
13066110	177	0.1	-0.1	2.8749
13066110	178	0.1	-0.1	4.1907
13066110	179	0.1	-0.1	3.17022
13066110	180	0.1	-0.1	-1.70377
13066110	181	0.1	-0.1	-4.41321
13066110	182	0.1	-0.1	3.43147
13066110	183	0.1	-0.1	0.365506
13066110	184	0.1	-0.1	4.18613
13066110	185	0.1	-0.1	-4.72003
13066110	186	0.1	-0.1	2.66698
13066110	187	0.1	-0.1	-2.89293
13066110	188	0.1	-0.1	-4.03052
13066110	189	0.1	-0.1	-4.93722
13066110	190	0.1	-0.1	3.14028
13066110	191	0.1	-0.1	-4.30287
13066110	192	0.1	-0.1	2.56307
13066110	193	0.1	-0.1	-3.26981
13066110	194	0.1	-0.1	-3.28835
13066110	195	0.1	-0.1	-2.01104
13066110	196	0.1	-0.1	-1.8006
13066110	197	0.1	-0.1	3.54192
13066110	198	0.1	-0.1	-1.47884
13066110	199	0.1	-0.1	5.27276
13066110	200	0.1	-0.1	1.09023
13066110	201	0.1	-0.1	1.3816
13066110	202	0.1	-0.1	3.77644
13066110	203	0.1	-0.1	4.43654
13066110	204	0.1	-0.1	3.96285
13066110	205	0.1	-0.1	-5.71195
13066110	206	0.1	-0.1	4.19971
13066110	207	0.1	-0.1	-4.99005
13066110	208	0.1	-0.1	3.0351
13066110	209	0.1	-0.1	-3.7059
13066110	210	0.1	-0.1	-1.77163
13066110	211	0.1	-0.1	-5.94875
13066110	212	0.1	-0.1	0.862061
13066110	213	0.1	-0.1	-2.83097
13066110	214	0.1	-0.1	-1.04935
13066110	215	0.1	-0.1	0.124975
13066110	216	0.1	-0.1	-2.70423
13066110	217	0.1	-0.1	-3.98147
13066110	218	0.1	-0.1	-1.2067
13066110	219	0.1	-0.1	-1.07348
13066110	220	0.1	-0.1	-5.90592
13066110	221	0.1	-0.1	0.783736
13066110	222	0.1	-0.1	-0.633402
13066110	223	0.1	-0.1	-2.70322
13066110	224	0.1	-0.1	-0.849217
13066110	225	0.1	-0.1	-1.13977
13066110	226	0.1	-0.1	-0.561825
13066110	227	0.1	-0.1	4.36189
13066110	228	0.1	-0.1	-1.67994
13066110	229	0.1	-0.1	-2.68176
13066110	230	0.1	-0.1	1.006
13066110	231	0.1	-0.1	-1.97283
13066110	232	0.1	-0.1	-5.12146
13066110	233	0.1	-0.1	-3.62046
13066110	234	0.1	-0.1	-5.54645
13066110	235	0.1	-0.1	3.17701
13066110	236	0.1	-0.1	3.05976
13066110	237	0.1	-0.1	-2.52398
13066110	238	0.1	-0.1	3.78053
13066110	239	0.1	-0.1	1.83421
13066110	240	0.1	-0.1	-3.4947
13066110	241	0.1	-0.1	-3.78108
13066110	242	0.1	-0.1	4.35872
13066110	243	0.1	-0.1	4.35708
13066110	244	0.1	-0.1	-0.832728
13066110	245	0.1	-0.1	-4.1703
13066110	246	0.1	-0.1	1.02952
13066110	247	0.1	-0.1	4.88055
13066110	248	0.1	-0.1	-3.53842
13066110	249	0.1	-0.1	-1.28659
13066110	250	0.1	-0.1	0.291929
13066110	251	0.1	-0.1	-2.21677
13066110	252	0.1	-0.1	-5.05167
13066110	253	0.1	-0.1	-4.64032
13066110	254	0.1	-0.1	-1.82439
13066110	255	0.1	-0.1	-5.15704
13066110	256	0.1	-0.1	-2.2361
13066110	257	0.1	-0.1	-5.03898
13066110	258	0.1	-0.1	4.63177
13066110	259	0.1	-0.1	4.362
13066110	260	0.1	-0.1	5.26629
13066110	261	0.1	-0.1	-1.43845
13066110	262	0.1	-0.1	1.55237
13066110	263	0.1	-0.1	-1.85697
13066110	264	0.1	-0.1	2.25116
13066110	265	0.1	-0.1	5.21456
13066110	266	0.1	-0.1	-3.35988
13066110	267	0.1	-0.1	-0.430665
13066110	268	0.1	-0.1	-2.9199
13066110	269	0.1	-0.1	2.60442
13066110	270	0.1	-0.1	-4.98319
13066110	271	0.1	-0.1	-1.51903
13066110	272	0.1	-0.1	-4.35637
13066110	273	0.1	-0.1	-0.449584
13066110	274	0.1	-0.1	-1.88638
13066110	275	0.1	-0.1	3.68033
13066110	276	0.1	-0.1	-5.49622
13066110	277	0.1	-0.1	-3.07817
13066110	278	0.1	-0.1	-1.76646
13066110	279	0.1	-0.1	4.22673
13066110	280	0.1	-0.1	3.02498
13066110	281	0.1	-0.1	4.59458
13066110	282	0.1	-0.1	4.11352
13066110	283	0.1	-0.1	-0.764418
13066110	284	0.1	-0.1	3.2855
13066110	285	0.1	-0.1	2.70635
13066110	286	0.1	-0.1	1.49801
13066110	287	0.1	-0.1	-0.773557
13066110	288	0.1	-0.1	-2.59517
13066110	289	0.1	-0.1	-3.91813
13066110	290	0.1	-0.1	5.08739
13066110	291	0.1	-0.1	-1.79529
13066110	292	0.1	-0.1	-3.28151
13066110	293	0.1	-0.1	3.37018
13066110	294	0.1	-0.1	5.27815
13066110	295	0.1	-0.1	-2.79234
13066110	296	0.1	-0.1	5.34985
13066110	297	0.1	-0.1	0.711523
13066110	298	0.1	-0.1	-4.57862
13066110	299	0.1	-0.1	5.78589
13066110	300	0.1	-0.1	-4.86666
13066110	301	0.1	-0.1	-5.16652
13066110	302	0.1	-0.1	-0.274196
13066110	303	0.1	-0.1	-0.456609
13066110	304	0.1	-0.1	5.49014
13066110	305	0.1	-0.1	-4.75658
13066110	306	0.1	-0.1	0.0922762
13066110	307	0.1	-0.1	4.41277
13066110	308	0.1	-0.1	-2.11377
13066110	309	0.1	-0.1	-1.27773
13066110	310	0.1	-0.1	2.92553
13066110	311	0.1	-0.1	3.07413
13066110	312	0.1	-0.1	-3.00883
13066110	313	0.1	-0.1	-2.16721
13066110	314	0.1	-0.1	2.16559
13066110	315	0.1	-0.1	1.7539
13066110	316	0.1	-0.1	3.95925
13066110	317	0.1	-0.1	-4.8109
13066110	318	0.1	-0.1	-1.10041
13066110	319	0.1	-0.1	3.55212
13066110	320	0.1	-0.1	-2.70014
13066110	321	0.1	-0.1	-3.42001
13066110	322	0.1	-0.1	-4.09799
13066110	323	0.1	-0.1	-5.4394
13066110	324	0.1	-0.1	-4.76652
13066110	325	0.1	-0.1	3.92184
13066110	326	0.1	-0.1	5.5222
13066110	327	0.1	-0.1	-0.0983486
13066110	328	0.1	-0.1	-5.34705
13066110	329	0.1	-0.1	2.49953
13066110	330	0.1	-0.1	0.745491
13066110	331	0.1	-0.1	-3.92037
13066110	332	0.1	-0.1	-0.350391
13066110	333	0.1	-0.1	2.81824
13066110	334	0.1	-0.1	2.10514
13066110	335	0.1	-0.1	3.39391
13066110	336	0.1	-0.1	-0.751476
13066110	337	0.1	-0.1	-1.30879
13066110	338	0.1	-0.1	-5.60865
13066110	339	0.1	-0.1	-0.78112
13066110	340	0.1	-0.1	0.0636606
13066110	341	0.1	-0.1	-5.26494
13066110	342	0.1	-0.1	3.2794
13066110	343	0.1	-0.1	-5.77703
13066110	344	0.1	-0.1	0.474247
13066110	345	0.1	-0.1	1.99812
13066110	346	0.1	-0.1	-2.89906
13066110	347	0.1	-0.1	-3.40376
13066110	348	0.1	-0.1	1.62411
13066110	349	0.1	-0.1	-4.27119
13066110	350	0.1	-0.1	-1.7124
13066110	351	0.1	-0.1	-0.151865
13066110	352	0.1	-0.1	-1.26349
13066110	353	0.1	-0.1	-2.61261
13066110	354	0.1	-0.1	-2.9375
13066110	355	0.1	-0.1	1.82945
13066110	356	0.1	-0.1	1.35863
13066110	357	0.1	-0.1	3.55737
13066110	358	0.1	-0.1	-5.42963
13066110	359	0.1	-0.1	5.26948
13066110	360	0.1	-0.1	-5.7692
13066110	361	0.1	-0.1	-2.9331
13066110	362	0.1	-0.1	-4.05659
13066110	363	0.1	-0.1	1.34911
13066110	364	0.1	-0.1	-1.62663
13066110	365	0.1	-0.1	-1.9055
13066110	366	0.1	-0.1	3.75727
13066110	367	0.1	-0.1	4.74219
13066110	368	0.1	-0.1	0.89381
13066110	369	0.1	-0.1	-1.05984
13066110	370	0.1	-0.1	4.27763
13066110	371	0.1	-0.1	3.92803
13066110	372	0.1	-0.1	5.37457
13066110	373	0.1	-0.1	-0.25323
13066110	374	0.1	-0.1	-2.94236
13066110	375	0.1	-0.1	-2.48417
13066110	376	0.1	-0.1	-3.82427
13066110	377	0.1	-0.1	-5.7822
13066110	378	0.1	-0.1	5.04622
13066110	379	0.1	-0.1	-1.45409
13066110	380	0.1	-0.1	-0.17679
13066110	381	0.1	-0.1	4.60213
13066110	382	0.1	-0.1	-2.1969
13066110	383	0.1	-0.1	-0.541669
13066110	384	0.1	-0.1	4.84152
13066110	385	0.1	-0.1	5.18644
13066110	386	0.1	-0.1	-0.188773
13066110	387	0.1	-0.1	-5.27852
13066110	388	0.1	-0.1	-0.384134
13066110	389	0.1	-0.1	2.39434
13066110	390	0.1	-0.1	4.19923
13066110	391	0.1	-0.1	5.63728
13066110	392	0.1	-0.1	4.52398
13066110	393	0.1	-0.1	5.58389
13066110	394	0.1	-0.1	2.6856
13066110	395	0.1	-0.1	-3.34859
13066110	396	0.1	-0.1	-1.89757
13066110	397	0.1	-0.1	0.717064
13066110	398	0.1	-0.1	0.0293829
13066110	399	0.1	-0.1	1.14699
13066110	400	0.1	-0.1	-3.76569
13066110	401	0.1	-0.1	-5.32034
13066110	402	0.1	-0.1	3.539
13066110	403	0.1	-0.1	2.99457
13066110	404	0.1	-0.1	3.06667
13066110	405	0.1	-0.1	-1.59977
13066110	406	0.1	-0.1	1.21316
13066110	407	0.1	-0.1	1.66265
13066110	408	0.1	-0.1	-0.176906
13066110	409	0.1	-0.1	-5.68759
13066110	410	0.1	-0.1	-1.08466
13066110	411	0.1	-0.1	1.31294
13066110	412	0.1	-0.1	-0.440027
13066110	413	0.1	-0.1	-5.17402
13066110	414	0.1	-0.1	2.08055
13066110	415	0.1	-0.1	-4.24304
13066110	416	0.1	-0.1	4.20913
13066110	417	0.1	-0.1	-5.28927
13066110	418	0.1	-0.1	1.07572
13066110	419	0.1	-0.1	-1.84197
13066110	420	0.1	-0.1	-5.31063
13066110	421	0.1	-0.1	4.93746
13066110	422	0.1	-0.1	-5.2994
13066110	423	0.1	-0.1	-5.31901
13066110	424	0.1	-0.1	0.975921
13066110	425	0.1	-0.1	-5.09443
13066110	426	0.1	-0.1	-4.39164
13066110	427	0.1	-0.1	2.66903
13066110	428	0.1	-0.1	-3.36054
13066110	429	0.1	-0.1	-5.67655
13066110	430	0.1	-0.1	-1.37013
13066110	431	0.1	-0.1	1.19748
13066110	432	0.1	-0.1	0.00924653
13066110	433	0.1	-0.1	0.742381
13066110	434	0.1	-0.1	2.80178
13066110	435	0.1	-0.1	0.395921
13066110	436	0.1	-0.1	-4.4565
13066110	437	0.1	-0.1	-1.68673
13066110	438	0.1	-0.1	3.2719
13066110	439	0.1	-0.1	-2.65057
13066110	440	0.1	-0.1	1.22271
13066110	441	0.1	-0.1	4.82261
13066110	442	0.1	-0.1	5.80258
13066110	443	0.1	-0.1	-3.86201
13066110	444	0.1	-0.1	-1.79275
13066110	445	0.1	-0.1	5.16762
13066110	446	0.1	-0.1	4.23345
13066110	447	0.1	-0.1	-3.52357
13066110	448	0.1	-0.1	-3.70569
13066110	449	0.1	-0.1	3.53359
13066110	450	0.1	-0.1	1.31016
13066110	451	0.1	-0.1	5.39935
13066110	452	0.1	-0.1	4.06645
13066110	453	0.1	-0.1	-5.37621
13066110	454	0.1	-0.1	-2.17676
13066110	455	0.1	-0.1	5.37469
13066110	456	0.1	-0.1	-3.26926
13066110	457	0.1	-0.1	4.49382
13066110	458	0.1	-0.1	-2.09649
13066110	459	0.1	-0.1	-4.92412
13066110	460	0.1	-0.1	-4.62923
13066110	461	0.1	-0.1	2.81205
13066110	462	0.1	-0.1	0.116402
13066110	463	0.1	-0.1	4.92981
13066110	464	0.1	-0.1	0.939569
13066110	465	0.1	-0.1	-2.33545
13066110	466	0.1	-0.1	-0.350741
13066110	467	0.1	-0.1	1.59993
13066110	468	0.1	-0.1	5.33597
13066110	469	0.1	-0.1	-3.4143
13066110	470	0.1	-0.1	-2.21612
13066110	471	0.1	-0.1	1.61008
13066110	472	0.1	-0.1	-2.8726
13066110	473	0.1	-0.1	-0.399564
13066110	474	0.1	-0.1	-4.96678
13066110	475	0.1	-0.1	3.80306
13066110	476	0.1	-0.1	4.6972
13066110	477	0.1	-0.1	5.08124
13066110	478	0.1	-0.1	-2.322
13066110	479	0.1	-0.1	-5.52913
13066110	480	0.1	-0.1	-0.9285
13066110	481	0.1	-0.1	5.85617
13066110	482	0.1	-0.1	-2.46918
13066110	483	0.1	-0.1	-5.75359
13066110	484	0.1	-0.1	0.565461
13066110	485	0.1	-0.1	3.7042
13066110	486	0.1	-0.1	0.301933
13066110	487	0.1	-0.1	1.58833
13066110	488	0.1	-0.1	1.94273
13066110	489	0.1	-0.1	-4.40954
13066110	490	0.1	-0.1	-2.8227
13066110	491	0.1	-0.1	5.28816
13066110	492	0.1	-0.1	1.94755
13066110	493	0.1	-0.1	-3.51774
13066110	494	0.1	-0.1	4.99781
13066110	495	0.1	-0.1	3.10901
13066110	496	0.1	-0.1	2.84716
13066110	497	0.1	-0.1	1.28166
13066110	498	0.1	-0.1	0.501128
13066110	499	0.1	-0.1	1.75123
13066110	500	0.1	-0.1	0.0399982
13066110	501	0.1	-0.1	3.47627
13066110	502	0.1	-0.1	-5.24112
13066110	503	0.1	-0.1	1.65541
13066110	504	0.1	-0.1	0.132788
13066110	505	0.1	-0.1	2.221
13066110	506	0.1	-0.1	4.45204
13066110	507	0.1	-0.1	-4.51423
13066110	508	0.1	-0.1	-4.53048
13066110	509	0.1	-0.1	-1.58566
13066110	510	0.1	-0.1	5.8434
13066110	511	0.1	-0.1	-5.14891
13066110	512	0.1	-0.1	-2.10598
13066110	513	0.1	-0.1	-5.28585
13066110	514	0.1	-0.1	0.450721
13066110	515	0.1	-0.1	-5.99859
13066110	516	0.1	-0.1	-5.09177
13066110	517	0.1	-0.1	-2.10078
13066110	518	0.1	-0.1	3.20526
13066110	519	0.1	-0.1	1.66977
13066110	520	0.1	-0.1	-0.826279
13066110	521	0.1	-0.1	-0.482176
13066110	522	0.1	-0.1	-1.05219
13066110	523	0.1	-0.1	3.05382
13066110	524	0.1	-0.1	-4.84575
13066110	525	0.1	-0.1	5.89343
13066110	526	0.1	-0.1	2.30579
13066110	527	0.1	-0.1	-4.08891
13066110	528	0.1	-0.1	4.60148
13066110	529	0.1	-0.1	1.07694
13066110	530	0.1	-0.1	-2.26238
13066110	531	0.1	-0.1	-3.38567
13066110	532	0.1	-0.1	-3.04154
13066110	533	0.1	-0.1	-2.00927
13066110	534	0.1	-0.1	-4.38733
13066110	535	0.1	-0.1	-1.9333
13066110	536	0.1	-0.1	0.140767
13066110	537	0.1	-0.1	-2.7671
13066110	538	0.1	-0.1	2.23333
13066110	539	0.1	-0.1	-3.57096
13066110	540	0.1	-0.1	-1.85635
13066110	541	0.1	-0.1	3.05623
13066110	542	0.1	-0.1	-1.76879
13066110	543	0.1	-0.1	3.6166
13066110	544	0.1	-0.1	2.34595
13066110	545	0.1	-0.1	-2.91966
13066110	546	0.1	-0.1	-2.99673
13066110	547	0.1	-0.1	-4.16291
13066110	548	0.1	-0.1	-3.35341
13066110	549	0.1	-0.1	-0.0595087
13066110	550	0.1	-0.1	-0.585236
13066110	551	0.1	-0.1	3.449
13066110	552	0.1	-0.1	3.8432
13066110	553	0.1	-0.1	-1.97974
13066110	554	0.1	-0.1	-3.54341
13066110	555	0.1	-0.1	-4.54296
13066110	556	0.1	-0.1	-2.7936
13066110	557	0.1	-0.1	5.56809
13066110	558	0.1	-0.1	-4.61914
13066110	559	0.1	-0.1	3.32723
13066110	560	0.1	-0.1	-4.19695
13066110	561	0.1	-0.1	2.40137
13066110	562	0.1	-0.1	-4.94642
13066110	563	0.1	-0.1	0.942102
13066110	564	0.1	-0.1	-2.14845
13066110	565	0.1	-0.1	-1.79304
13066110	566	0.1	-0.1	4.93566
13066110	567	0.1	-0.1	4.38186
13066110	568	0.1	-0.1	-4.0996
13066110	569	0.1	-0.1	3.19126
13066110	570	0.1	-0.1	0.042116
13066110	571	0.1	-0.1	1.45015
13066110	572	0.1	-0.1	2.11777
13066110	573	0.1	-0.1	-5.71452
13066110	574	0.1	-0.1	-4.76958
13066110	575	0.1	-0.1	-2.86834
13066110	576	0.1	-0.1	3.53245
13066110	577	0.1	-0.1	4.6423
13066110	578	0.1	-0.1	1.97208
13066110	579	0.1	-0.1	0.884135
13066110	580	0.1	-0.1	4.8558
13066110	581	0.1	-0.1	1.25005
13066110	582	0.1	-0.1	0.134061
13066110	583	0.1	-0.1	1.32354
13066110	584	0.1	-0.1	3.77312
13066110	585	0.1	-0.1	-4.96251
13066110	586	0.1	-0.1	3.04048
13066110	587	0.1	-0.1	-4.33846
13066110	588	0.1	-0.1	-0.00155181
13066110	589	0.1	-0.1	-1.56659
13066110	590	0.1	-0.1	3.09873
13066110	591	0.1	-0.1	-4.32249
13066110	592	0.1	-0.1	-3.86634
13066110	593	0.1	-0.1	-2.18936
13066110	594	0.1	-0.1	4.70522
13066110	595	0.1	-0.1	-1.57429
13066110	596	0.1	-0.1	4.33345
13066110	597	0.1	-0.1	-0.234116
13066110	598	0.1	-0.1	-2.38347
13066110	599	0.1	-0.1	-3.88412
13066110	600	0.1	-0.1	-4.33757
13066110	601	0.1	-0.1	-0.279414
13066110	602	0.1	-0.1	1.3226
13066110	603	0.1	-0.1	2.05467
13066110	604	0.1	-0.1	4.09912
13066110	605	0.1	-0.1	-5.01178
13066110	606	0.1	-0.1	-0.622972
13066110	607	0.1	-0.1	2.77979
13066110	608	0.1	-0.1	2.91779
13066110	609	0.1	-0.1	1.34448
13066110	610	0.1	-0.1	-3.43679
13066110	611	0.1	-0.1	2.54597
13066110	612	0.1	-0.1	5.42921
13066110	613	0.1	-0.1	-1.05424
13066110	614	0.1	-0.1	-3.77126
13066110	615	0.1	-0.1	-5.15928
13066110	616	0.1	-0.1	5.88597
13066110	617	0.1	-0.1	-1.32881
13066110	618	0.1	-0.1	5.9694
13066110	619	0.1	-0.1	-1.05302
13066110	620	0.1	-0.1	-4.12786
13066110	621	0.1	-0.1	-3.78256
13066110	622	0.1	-0.1	-2.15288
13066110	623	0.1	-0.1	-4.38652
13066110	624	0.1	-0.1	5.20498
13066110	625	0.1	-0.1	5.55241
13066110	626	0.1	-0.1	-1.59395
13066110	627	0.1	-0.1	3.31411
13066110	628	0.1	-0.1	-2.57591
13066110	629	0.1	-0.1	0.164453
13066110	630	0.1	-0.1	2.20268
13066110	631	0.1	-0.1	5.48454
13066110	632	0.1	-0.1	2.64457
13066110	633	0.1	-0.1	1.30413
13066110	634	0.1	-0.1	5.79793
13066110	635	0.1	-0.1	5.18257
13066110	636	0.1	-0.1	5.75883
13066110	637	0.1	-0.1	3.67708
13066110	638	0.1	-0.1	1.02265
13066110	639	0.1	-0.1	0.994741
13066110	640	0.1	-0.1	3.94867
13066110	641	0.1	-0.1	-1.56893
13066110	642	0.1	-0.1	-3.92383
13066110	643	0.1	-0.1	3.264
13066110	644	0.1	-0.1	-2.54042
13066110	645	0.1	-0.1	2.92687
13066110	646	0.1	-0.1	4.80599
13066110	647	0.1	-0.1	-3.06539
13066110	648	0.1	-0.1	5.36461
13066110	649	0.1	-0.1	-2.45275
13066110	650	0.1	-0.1	-2.16396
13066110	651	0.1	-0.1	4.71229
13066110	652	0.1	-0.1	3.97165
13066110	653	0.1	-0.1	-0.222691
13066110	654	0.1	-0.1	-2.13131
13066110	655	0.1	-0.1	-1.98616
13066110	656	0.1	-0.1	-3.01168
13066110	657	0.1	-0.1	2.96535
13066110	658	0.1	-0.1	1.68361
13066110	659	0.1	-0.1	2.95758
13066110	660	0.1	-0.1	0.65813
13066110	661	0.1	-0.1	5.46064
13066110	662	0.1	-0.1	-4.31694
13066110	663	0.1	-0.1	3.44362
13066110	664	0.1	-0.1	-3.12716
13066110	665	0.1	-0.1	5.60016
13066110	666	0.1	-0.1	-2.87405
13066110	667	0.1	-0.1	-3.35964
13066110	668	0.1	-0.1	-1.57407
13066110	669	0.1	-0.1	3.18406
13066110	670	0.1	-0.1	1.06944
13066110	671	0.1	-0.1	3.24927
13066110	672	0.1	-0.1	3.34836
13066110	673	0.1	-0.1	-1.37295
13066110	674	0.1	-0.1	-4.28922
13066110	675	0.1	-0.1	-3.14115
13066110	676	0.1	-0.1	3.44053
13066110	677	0.1	-0.1	5.76346
13066110	678	0.1	-0.1	-4.76145
13066110	679	0.1	-0.1	1.84043
13066110	680	0.1	-0.1	-5.16619
13066110	681	0.1	-0.1	-0.765647
13066110	682	0.1	-0.1	1.53566
13066110	683	0.1	-0.1	5.93488
13066110	684	0.1	-0.1	1.62389
13066110	685	0.1	-0.1	5.91952
13066110	686	0.1	-0.1	4.37545
13066110	687	0.1	-0.1	-4.84728
13066110	688	0.1	-0.1	-0.197185
13066110	689	0.1	-0.1	1.06405
13066110	690	0.1	-0.1	-3.75569
13066110	691	0.1	-0.1	-3.0987
13066110	692	0.1	-0.1	2.86973
13066110	693	0.1	-0.1	-2.48285
13066110	694	0.1	-0.1	5.52907
13066110	695	0.1	-0.1	1.58444
13066110	696	0.1	-0.1	-4.49887
13066110	697	0.1	-0.1	5.10632
13066110	698	0.1	-0.1	-5.20164
13066110	699	0.1	-0.1	-4.96122
13066110	700	0.1	-0.1	5.37077
13066110	701	0.1	-0.1	-5.21104
13066110	702	0.1	-0.1	-5.50607
13066110	703	0.1	-0.1	-5.94942
13066110	704	0.1	-0.1	-5.30959
13066110	705	0.1	-0.1	2.90151
13066110	706	0.1	-0.1	-1.79652
13066110	707	0.1	-0.1	0.168677
13066110	708	0.1	-0.1	4.06149
13066110	709	0.1	-0.1	-3.91445
13066110	710	0.1	-0.1	-0.548642
13066110	711	0.1	-0.1	2.07677
13066110	712	0.1	-0.1	3.71569
13066110	713	0.1	-0.1	-0.591699
13066110	714	0.1	-0.1	-5.83119
13066110	715	0.1	-0.1	1.67053
13066110	716	0.1	-0.1	2.81449
13066110	717	0.1	-0.1	-4.62851
13066110	718	0.1	-0.1	-5.39458
13066110	719	0.1	-0.1	-3.57805
13066110	720	0.1	-0.1	5.13469
13066110	721	0.1	-0.1	4.32262
13066110	722	0.1	-0.1	-4.09319
13066110	723	0.1	-0.1	0.136183
13066110	724	0.1	-0.1	-5.74119
13066110	725	0.1	-0.1	-2.18897
13066110	726	0.1	-0.1	2.25141
13066110	727	0.1	-0.1	-3.3656
13066110	728	0.1	-0.1	0.657738
13066110	729	0.1	-0.1	-2.56409
13066110	730	0.1	-0.1	1.43417
13066110	731	0.1	-0.1	-3.01797
13066110	732	0.1	-0.1	3.92151
13066110	733	0.1	-0.1	-3.72865
13066110	734	0.1	-0.1	-0.721472
13066110	735	0.1	-0.1	0.815473
13066110	736	0.1	-0.1	-4.16314
13066110	737	0.1	-0.1	0.126724
13066110	738	0.1	-0.1	-1.31481
13066110	739	0.1	-0.1	3.17107
13066110	740	0.1	-0.1	-2.24657
13066110	741	0.1	-0.1	-3.01707
13066110	742	0.1	-0.1	-2.59123
13066110	743	0.1	-0.1	4.06025
13066110	744	0.1	-0.1	1.36534
13066110	745	0.1	-0.1	-1.37826
13066110	746	0.1	-0.1	-3.02813
13066110	747	0.1	-0.1	-1.0456
13066110	748	0.1	-0.1	-2.44423
13066110	749	0.1	-0.1	-0.799894
13066110	750	0.1	-0.1	-2.88829
13066110	751	0.1	-0.1	4.54661
13066110	752	0.1	-0.1	-0.0337278
13066110	753	0.1	-0.1	0.890646
13066110	754	0.1	-0.1	-1.7283
13066110	755	0.1	-0.1	-4.49354
13066110	756	0.1	-0.1	-2.13895
13066110	757	0.1	-0.1	-5.56876
13066110	758	0.1	-0.1	4.32108
13066110	759	0.1	-0.1	-3.25895
13066110	760	0.1	-0.1	5.79878
13066110	761	0.1	-0.1	1.2772
13066110	762	0.1	-0.1	-5.77005
13066110	763	0.1	-0.1	1.0711
13066110	764	0.1	-0.1	0.7004
13066110	765	0.1	-0.1	3.20215
13066110	766	0.1	-0.1	4.19954
13066110	767	0.1	-0.1	1.00081
13066110	768	0.1	-0.1	-2.59136
13066110	769	0.1	-0.1	-4.14805
13066110	770	0.1	-0.1	-1.45334
13066110	771	0.1	-0.1	1.30872
13066110	772	0.1	-0.1	1.62876
13066110	773	0.1	-0.1	-5.42478
13066110	774	0.1	-0.1	3.29234
13066110	775	0.1	-0.1	5.4287
13066110	776	0.1	-0.1	-1.21556
13066110	777	0.1	-0.1	-3.80009
13066110	778	0.1	-0.1	-3.74208
13066110	779	0.1	-0.1	-4.23215
13066110	780	0.1	-0.1	5.67457
13066110	781	0.1	-0.1	-3.21083
13066110	782	0.1	-0.1	-4.64509
13066110	783	0.1	-0.1	-3.05557
13066110	784	0.1	-0.1	2.41123
13066110	785	0.1	-0.1	2.05967
13066110	786	0.1	-0.1	-4.09734
13066110	787	0.1	-0.1	2.43378
13066110	788	0.1	-0.1	4.50247
13066110	789	0.1	-0.1	5.04589
13066110	790	0.1	-0.1	-4.23878
13066110	791	0.1	-0.1	1.93851
13066110	792	0.1	-0.1	5.5716
13066110	793	0.1	-0.1	1.57583
13066110	794	0.1	-0.1	3.58762
13066110	795	0.1	-0.1	5.41715
13066110	796	0.1	-0.1	-2.21182
13066110	797	0.1	-0.1	-5.83884
13066110	798	0.1	-0.1	-0.452154
13066110	799	0.1	-0.1	-2.45657
13066110	800	0.1	-0.1	2.55911
13066110	801	0.1	-0.1	3.43721
13066110	802	0.1	-0.1	0.0714532
13066110	803	0.1	-0.1	0.465731
13066110	804	0.1	-0.1	-3.44351
13066110	805	0.1	-0.1	2.1424
13066110	806	0.1	-0.1	-3.06345
13066110	807	0.1	-0.1	5.56641
13066110	808	0.1	-0.1	-1.28218
13066110	809	0.1	-0.1	-3.13581
13066110	810	0.1	-0.1	0.795585
13066110	811	0.1	-0.1	2.84354
13066110	812	0.1	-0.1	4.20109
13066110	813	0.1	-0.1	1.59002
13066110	814	0.1	-0.1	-5.14376
13066110	815	0.1	-0.1	3.83335
13066110	816	0.1	-0.1	-0.263823
13066110	817	0.1	-0.1	-3.32129
13066110	818	0.1	-0.1	-1.58699
13066110	819	0.1	-0.1	3.01613
13066110	820	0.1	-0.1	-3.36478
13066110	821	0.1	-0.1	2.15266
13066110	822	0.1	-0.1	5.30462
13066110	823	0.1	-0.1	-5.90699
13066110	824	0.1	-0.1	1.31058
13066110	825	0.1	-0.1	0.246896
13066110	826	0.1	-0.1	-4.43968
13066110	827	0.1	-0.1	1.02814
13066110	828	0.1	-0.1	3.71446
13066110	829	0.1	-0.1	-3.05411
13066110	830	0.1	-0.1	-3.41504
13066110	831	0.1	-0.1	1.51243
13066110	832	0.1	-0.1	5.60602
13066110	833	0.1	-0.1	2.5842
13066110	834	0.1	-0.1	-1.08672
13066110	835	0.1	-0.1	-4.1096
13066110	836	0.1	-0.1	-4.47737
13066110	837	0.1	-0.1	0.997586
13066110	838	0.1	-0.1	3.30547
13066110	839	0.1	-0.1	1.42754
13066110	840	0.1	-0.1	-2.47241
13066110	841	0.1	-0.1	3.57582
13066110	842	0.1	-0.1	-0.582932
13066110	843	0.1	-0.1	3.09277
13066110	844	0.1	-0.1	2.16932
13066110	845	0.1	-0.1	-0.988503
13066110	846	0.1	-0.1	2.58247
13066110	847	0.1	-0.1	-3.29824
13066110	848	0.1	-0.1	5.28778
13066110	849	0.1	-0.1	3.23089
13066110	850	0.1	-0.1	-4.13103
13066110	851	0.1	-0.1	-2.69797
13066110	852	0.1	-0.1	-1.61445
13066110	853	0.1	-0.1	2.12844
13066110	854	0.1	-0.1	-4.16938
13066110	855	0.1	-0.1	4.26529
13066110	856	0.1	-0.1	4.54106
13066110	857	0.1	-0.1	5.46798
13066110	858	0.1	-0.1	0.0890043
13066110	859	0.1	-0.1	-0.579696
13066110	860	0.1	-0.1	5.06179
13066110	861	0.1	-0.1	-1.14262
13066110	862	0.1	-0.1	-4.34855
13066110	863	0.1	-0.1	1.19425
13066110	864	0.1	-0.1	4.21331
13066110	865	0.1	-0.1	-1.2439
13066110	866	0.1	-0.1	-3.11714
13066110	867	0.1	-0.1	-5.1062
13066110	868	0.1	-0.1	4.27806
13066110	869	0.1	-0.1	1.03556
13066110	870	0.1	-0.1	1.65909
13066110	871	0.1	-0.1	-1.15935
13066110	872	0.1	-0.1	3.75843
13066110	873	0.1	-0.1	-1.73374
13066110	874	0.1	-0.1	0.938578
13066110	875	0.1	-0.1	-0.959961
13066110	876	0.1	-0.1	-4.94075
13066110	877	0.1	-0.1	-4.9429
13066110	878	0.1	-0.1	-2.57853
13066110	879	0.1	-0.1	-1.08199
13066110	880	0.1	-0.1	2.44279
13066110	881	0.1	-0.1	4.30796
13066110	882	0.1	-0.1	-0.795537
13066110	883	0.1	-0.1	3.02303
13066110	884	0.1	-0.1	-1.43259
13066110	885	0.1	-0.1	-5.99285
13066110	886	0.1	-0.1	1.11225
13066110	887	0.1	-0.1	1.88665
13066110	888	0.1	-0.1	4.50057
13066110	889	0.1	-0.1	5.99696
13066110	890	0.1	-0.1	4.65155
13066110	891	0.1	-0.1	3.82654
13066110	892	0.1	-0.1	0.547922
13066110	893	0.1	-0.1	-5.4604
13066110	894	0.1	-0.1	-0.212178
13066110	895	0.1	-0.1	5.62393
13066110	896	0.1	-0.1	-4.76101
13066110	897	0.1	-0.1	-4.11798
13066110	898	0.1	-0.1	1.00679
13066110	899	0.1	-0.1	-2.88061
13066110	900	0.1	-0.1	4.83489
13066110	901	0.1	-0.1	2.32811
13066110	902	0.1	-0.1	-4.59844
13066110	903	0.1	-0.1	-4.55308
13066110	904	0.1	-0.1	-2.52229
13066110	905	0.1	-0.1	-0.0667411
13066110	906	0.1	-0.1	-2.36324
13066110	907	0.1	-0.1	2.12751
13066110	908	0.1	-0.1	-4.44714
13066110	909	0.1	-0.1	-5.392
13066110	910	0.1	-0.1	-1.18824
13066110	911	0.1	-0.1	1.90359
13066110	912	0.1	-0.1	-1.94719
13066110	913	0.1	-0.1	-1.24682
13066110	914	0.1	-0.1	-2.92813
13066110	915	0.1	-0.1	-0.572481
13066110	916	0.1	-0.1	-0.760185
13066110	917	0.1	-0.1	3.96114
13066110	918	0.1	-0.1	-2.99783
13066110	919	0.1	-0.1	4.69963
13066110	920	0.1	-0.1	1.44097
13066110	921	0.1	-0.1	-4.06652
13066110	922	0.1	-0.1	0.47697
13066110	923	0.1	-0.1	5.56392
13066110	924	0.1	-0.1	1.6998
13066110	925	0.1	-0.1	3.07766
13066110	926	0.1	-0.1	-1.50508
13066110	927	0.1	-0.1	0.562326
13066110	928	0.1	-0.1	-4.82214
13066110	929	0.1	-0.1	-3.86224
13066110	930	0.1	-0.1	4.53296
13066110	931	0.1	-0.1	1.69837
13066110	932	0.1	-0.1	-3.98163
13066110	933	0.1	-0.1	-5.94368
13066110	934	0.1	-0.1	-0.684925
13066110	935	0.1	-0.1	-3.33773
13066110	936	0.1	-0.1	5.6641
13066110	937	0.1	-0.1	1.21926
13066110	938	0.1	-0.1	-4.71588
13066110	939	0.1	-0.1	-0.46812
13066110	940	0.1	-0.1	3.97586
13066110	941	0.1	-0.1	-5.42439
13066110	942	0.1	-0.1	-2.93162
13066110	943	0.1	-0.1	-3.70939
13066110	944	0.1	-0.1	5.65279
13066110	945	0.1	-0.1	-3.36922
13066110	946	0.1	-0.1	5.95044
13066110	947	0.1	-0.1	-4.37485
13066110	948	0.1	-0.1	1.52315
13066110	949	0.1	-0.1	-0.122484
13066110	950	0.1	-0.1	-0.606927
13066110	951	0.1	-0.1	-2.04004
13066110	952	0.1	-0.1	-4.36124
13066110	953	0.1	-0.1	2.45784
13066110	954	0.1	-0.1	5.98868
13066110	955	0.1	-0.1	0.0374246
13066110	956	0.1	-0.1	2.81395
13066110	957	0.1	-0.1	0.175804
13066110	958	0.1	-0.1	-1.71141
13066110	959	0.1	-0.1	-4.6308
13066110	960	0.1	-0.1	-3.35746
13066110	961	0.1	-0.1	1.37231
13066110	962	0.1	-0.1	1.39312
13066110	963	0.1	-0.1	2.91307
13066110	964	0.1	-0.1	-0.756889
13066110	965	0.1	-0.1	1.85602
13066110	966	0.1	-0.1	-2.06586
13066110	967	0.1	-0.1	-3.5807
13066110	968	0.1	-0.1	5.21253
13066110	969	0.1	-0.1	-4.81336
13066110	970	0.1	-0.1	4.81902
13066110	971	0.1	-0.1	-2.91232
13066110	972	0.1	-0.1	-4.99827
13066110	973	0.1	-0.1	2.08257
13066110	974	0.1	-0.1	5.37342
13066110	975	0.1	-0.1	4.39213
13066110	976	0.1	-0.1	1.85807
13066110	977	0.1	-0.1	-5.38193
13066110	978	0.1	-0.1	-4.44239
13066110	979	0.1	-0.1	-2.90984
13066110	980	0.1	-0.1	-1.13573
13066110	981	0.1	-0.1	0.554324
13066110	982	0.1	-0.1	-3.49215
13066110	983	0.1	-0.1	3.38057
13066110	984	0.1	-0.1	-1.78064
13066110	985	0.1	-0.1	5.17767
13066110	986	0.1	-0.1	-0.416617
13066110	987	0.1	-0.1	1.70861
13066110	988	0.1	-0.1	1.93619
13066110	989	0.1	-0.1	0.597628
13066110	990	0.1	-0.1	-1.70662
13066110	991	0.1	-0.1	2.64886
13066110	992	0.1	-0.1	-4.05077
13066110	993	0.1	-0.1	-1.64666
13066110	994	0.1	-0.1	2.61326
13066110	995	0.1	-0.1	0.45133
13066110	996	0.1	-0.1	2.68332
13066110	997	0.1	-0.1	-5.65903
13066110	998	0.1	-0.1	3.51832
13066110	999	0.1	-0.1	0.967124
13066110	1000	0.1	-0.1	0.0269853
