13060002	1	0.1	-0.1	-2.56983
13060002	2	0.1	-0.1	0.786519
13060002	3	0.1	-0.1	1.7785
13060002	4	0.1	-0.1	-3.3623
13060002	5	0.1	-0.1	-3.89902
13060002	6	0.1	-0.1	3.4588
13060002	7	0.1	-0.1	-3.53016
13060002	8	0.1	-0.1	0.0360999
13060002	9	0.1	-0.1	-2.131
13060002	10	0.1	-0.1	-0.0868318
13060002	11	0.1	-0.1	-4.98551
13060002	12	0.1	-0.1	-5.32347
13060002	13	0.1	-0.1	3.44595
13060002	14	0.1	-0.1	-2.83365
13060002	15	0.1	-0.1	-1.43617
13060002	16	0.1	-0.1	3.37312
13060002	17	0.1	-0.1	-3.8662
13060002	18	0.1	-0.1	-0.693683
13060002	19	0.1	-0.1	4.94811
13060002	20	0.1	-0.1	-1.03187
13060002	21	0.1	-0.1	-1.27095
13060002	22	0.1	-0.1	3.63115
13060002	23	0.1	-0.1	-4.30918
13060002	24	0.1	-0.1	-4.0644
13060002	25	0.1	-0.1	2.65687
13060002	26	0.1	-0.1	-1.81876
13060002	27	0.1	-0.1	-1.11879
13060002	28	0.1	-0.1	-1.52377
13060002	29	0.1	-0.1	-0.350702
13060002	30	0.1	-0.1	-5.7608
13060002	31	0.1	-0.1	1.29617
13060002	32	0.1	-0.1	-1.64388
13060002	33	0.1	-0.1	1.65982
13060002	34	0.1	-0.1	-3.95401
13060002	35	0.1	-0.1	-0.849576
13060002	36	0.1	-0.1	3.70397
13060002	37	0.1	-0.1	-4.08866
13060002	38	0.1	-0.1	-4.59698
13060002	39	0.1	-0.1	-1.46309
13060002	40	0.1	-0.1	0.470866
13060002	41	0.1	-0.1	2.6454
13060002	42	0.1	-0.1	-0.95192
13060002	43	0.1	-0.1	-0.117237
13060002	44	0.1	-0.1	5.20579
13060002	45	0.1	-0.1	0.602166
13060002	46	0.1	-0.1	-3.72874
13060002	47	0.1	-0.1	-4.42839
13060002	48	0.1	-0.1	3.72428
13060002	49	0.1	-0.1	-2.74869
13060002	50	0.1	-0.1	-5.94008
13060002	51	0.1	-0.1	-0.583906
13060002	52	0.1	-0.1	-5.7873
13060002	53	0.1	-0.1	-1.9247
13060002	54	0.1	-0.1	0.0344107
13060002	55	0.1	-0.1	-5.49702
13060002	56	0.1	-0.1	3.78826
13060002	57	0.1	-0.1	1.88613
13060002	58	0.1	-0.1	-3.87557
13060002	59	0.1	-0.1	0.169426
13060002	60	0.1	-0.1	-4.61222
13060002	61	0.1	-0.1	0.488736
13060002	62	0.1	-0.1	-5.71894
13060002	63	0.1	-0.1	5.27769
13060002	64	0.1	-0.1	-3.59395
13060002	65	0.1	-0.1	-3.85581
13060002	66	0.1	-0.1	0.389813
13060002	67	0.1	-0.1	-4.08161
13060002	68	0.1	-0.1	1.53961
13060002	69	0.1	-0.1	-1.34218
13060002	70	0.1	-0.1	1.65784
13060002	71	0.1	-0.1	3.7845
13060002	72	0.1	-0.1	-2.11228
13060002	73	0.1	-0.1	-0.442064
13060002	74	0.1	-0.1	-2.68001
13060002	75	0.1	-0.1	-4.22548
13060002	76	0.1	-0.1	-3.42795
13060002	77	0.1	-0.1	-1.2413
13060002	78	0.1	-0.1	-4.31051
13060002	79	0.1	-0.1	-1.17733
13060002	80	0.1	-0.1	-4.96054
13060002	81	0.1	-0.1	-3.60299
13060002	82	0.1	-0.1	4.44938
13060002	83	0.1	-0.1	-3.95053
13060002	84	0.1	-0.1	-5.28484
13060002	85	0.1	-0.1	-4.21361
13060002	86	0.1	-0.1	-0.398572
13060002	87	0.1	-0.1	-1.56252
13060002	88	0.1	-0.1	-2.26227
13060002	89	0.1	-0.1	3.92224
13060002	90	0.1	-0.1	2.6829
13060002	91	0.1	-0.1	0.4147
13060002	92	0.1	-0.1	-0.673887
13060002	93	0.1	-0.1	-5.40938
13060002	94	0.1	-0.1	3.95167
13060002	95	0.1	-0.1	-5.2718
13060002	96	0.1	-0.1	2.82003
13060002	97	0.1	-0.1	-5.77064
13060002	98	0.1	-0.1	-3.36602
13060002	99	0.1	-0.1	1.68908
13060002	100	0.1	-0.1	-5.48881
13060002	101	0.1	-0.1	0.516594
13060002	102	0.1	-0.1	-1.83439
13060002	103	0.1	-0.1	3.42556
13060002	104	0.1	-0.1	4.5358
13060002	105	0.1	-0.1	0.207395
13060002	106	0.1	-0.1	2.65145
13060002	107	0.1	-0.1	-5.82914
13060002	108	0.1	-0.1	-1.85897
13060002	109	0.1	-0.1	-4.48278
13060002	110	0.1	-0.1	0.756235
13060002	111	0.1	-0.1	-4.32503
13060002	112	0.1	-0.1	-0.545683
13060002	113	0.1	-0.1	4.06999
13060002	114	0.1	-0.1	4.03005
13060002	115	0.1	-0.1	0.0438636
13060002	116	0.1	-0.1	2.35149
13060002	117	0.1	-0.1	-0.783856
13060002	118	0.1	-0.1	0.918661
13060002	119	0.1	-0.1	-3.53958
13060002	120	0.1	-0.1	4.75993
13060002	121	0.1	-0.1	-0.75994
13060002	122	0.1	-0.1	2.62211
13060002	123	0.1	-0.1	-3.73286
13060002	124	0.1	-0.1	-2.67272
13060002	125	0.1	-0.1	-5.72587
13060002	126	0.1	-0.1	-5.99136
13060002	127	0.1	-0.1	-3.82746
13060002	128	0.1	-0.1	2.18376
13060002	129	0.1	-0.1	-2.31423
13060002	130	0.1	-0.1	-3.43461
13060002	131	0.1	-0.1	-0.596801
13060002	132	0.1	-0.1	4.4277
13060002	133	0.1	-0.1	1.9346
13060002	134	0.1	-0.1	-2.42287
13060002	135	0.1	-0.1	3.18052
13060002	136	0.1	-0.1	1.92884
13060002	137	0.1	-0.1	-0.807836
13060002	138	0.1	-0.1	1.70588
13060002	139	0.1	-0.1	2.97144
13060002	140	0.1	-0.1	-0.276636
13060002	141	0.1	-0.1	0.646337
13060002	142	0.1	-0.1	2.07807
13060002	143	0.1	-0.1	2.43979
13060002	144	0.1	-0.1	-2.20999
13060002	145	0.1	-0.1	0.507115
13060002	146	0.1	-0.1	-5.42344
13060002	147	0.1	-0.1	3.68285
13060002	148	0.1	-0.1	1.7491
13060002	149	0.1	-0.1	3.11481
13060002	150	0.1	-0.1	-3.89793
13060002	151	0.1	-0.1	-5.28976
13060002	152	0.1	-0.1	5.36175
13060002	153	0.1	-0.1	-4.21894
13060002	154	0.1	-0.1	-5.93879
13060002	155	0.1	-0.1	4.04263
13060002	156	0.1	-0.1	4.11204
13060002	157	0.1	-0.1	4.29039
13060002	158	0.1	-0.1	4.73126
13060002	159	0.1	-0.1	-1.73047
13060002	160	0.1	-0.1	-1.94882
13060002	161	0.1	-0.1	4.93949
13060002	162	0.1	-0.1	3.40195
13060002	163	0.1	-0.1	2.07037
13060002	164	0.1	-0.1	-4.29964
13060002	165	0.1	-0.1	3.09405
13060002	166	0.1	-0.1	-5.51419
13060002	167	0.1	-0.1	-3.02537
13060002	168	0.1	-0.1	2.35279
13060002	169	0.1	-0.1	-1.44946
13060002	170	0.1	-0.1	-0.839374
13060002	171	0.1	-0.1	-2.80795
13060002	172	0.1	-0.1	-5.97091
13060002	173	0.1	-0.1	4.43076
13060002	174	0.1	-0.1	-1.5747
13060002	175	0.1	-0.1	2.9454
13060002	176	0.1	-0.1	-0.0389068
13060002	177	0.1	-0.1	1.76112
13060002	178	0.1	-0.1	5.36807
13060002	179	0.1	-0.1	2.9349
13060002	180	0.1	-0.1	5.106
13060002	181	0.1	-0.1	-5.17468
13060002	182	0.1	-0.1	-5.94713
13060002	183	0.1	-0.1	4.21279
13060002	184	0.1	-0.1	-4.70455
13060002	185	0.1	-0.1	-2.77325
13060002	186	0.1	-0.1	-0.177433
13060002	187	0.1	-0.1	1.30676
13060002	188	0.1	-0.1	0.56469
13060002	189	0.1	-0.1	-1.80926
13060002	190	0.1	-0.1	5.80701
13060002	191	0.1	-0.1	1.02813
13060002	192	0.1	-0.1	-2.59478
13060002	193	0.1	-0.1	-5.27717
13060002	194	0.1	-0.1	5.30619
13060002	195	0.1	-0.1	-5.89973
13060002	196	0.1	-0.1	-3.30391
13060002	197	0.1	-0.1	5.66025
13060002	198	0.1	-0.1	-4.10079
13060002	199	0.1	-0.1	0.987426
13060002	200	0.1	-0.1	-2.02145
13060002	201	0.1	-0.1	1.68434
13060002	202	0.1	-0.1	5.81916
13060002	203	0.1	-0.1	2.63895
13060002	204	0.1	-0.1	-2.53108
13060002	205	0.1	-0.1	-4.84529
13060002	206	0.1	-0.1	5.97219
13060002	207	0.1	-0.1	-3.06768
13060002	208	0.1	-0.1	-3.3337
13060002	209	0.1	-0.1	-1.60742
13060002	210	0.1	-0.1	3.70063
13060002	211	0.1	-0.1	4.53709
13060002	212	0.1	-0.1	-1.82934
13060002	213	0.1	-0.1	0.794689
13060002	214	0.1	-0.1	-4.61303
13060002	215	0.1	-0.1	1.35519
13060002	216	0.1	-0.1	4.59925
13060002	217	0.1	-0.1	-5.54271
13060002	218	0.1	-0.1	4.99189
13060002	219	0.1	-0.1	-3.69533
13060002	220	0.1	-0.1	-5.87198
13060002	221	0.1	-0.1	-3.0074
13060002	222	0.1	-0.1	-3.83806
13060002	223	0.1	-0.1	-2.74443
13060002	224	0.1	-0.1	-4.32153
13060002	225	0.1	-0.1	2.44583
13060002	226	0.1	-0.1	0.689144
13060002	227	0.1	-0.1	1.34022
13060002	228	0.1	-0.1	3.5846
13060002	229	0.1	-0.1	2.37362
13060002	230	0.1	-0.1	-5.18207
13060002	231	0.1	-0.1	-5.10822
13060002	232	0.1	-0.1	5.60776
13060002	233	0.1	-0.1	-3.81602
13060002	234	0.1	-0.1	-3.91806
13060002	235	0.1	-0.1	5.02862
13060002	236	0.1	-0.1	-0.760536
13060002	237	0.1	-0.1	-2.31402
13060002	238	0.1	-0.1	2.13831
13060002	239	0.1	-0.1	4.82352
13060002	240	0.1	-0.1	-2.59233
13060002	241	0.1	-0.1	4.96301
13060002	242	0.1	-0.1	4.39356
13060002	243	0.1	-0.1	4.19888
13060002	244	0.1	-0.1	3.60078
13060002	245	0.1	-0.1	-0.585018
13060002	246	0.1	-0.1	-0.956146
13060002	247	0.1	-0.1	2.83899
13060002	248	0.1	-0.1	4.53947
13060002	249	0.1	-0.1	2.00009
13060002	250	0.1	-0.1	4.04226
13060002	251	0.1	-0.1	-3.65792
13060002	252	0.1	-0.1	-1.60427
13060002	253	0.1	-0.1	-5.97695
13060002	254	0.1	-0.1	5.76581
13060002	255	0.1	-0.1	1.05293
13060002	256	0.1	-0.1	-5.67988
13060002	257	0.1	-0.1	-4.13424
13060002	258	0.1	-0.1	0.00294388
13060002	259	0.1	-0.1	-3.08105
13060002	260	0.1	-0.1	0.661243
13060002	261	0.1	-0.1	3.03764
13060002	262	0.1	-0.1	-4.12215
13060002	263	0.1	-0.1	-3.98434
13060002	264	0.1	-0.1	-5.48594
13060002	265	0.1	-0.1	-1.18903
13060002	266	0.1	-0.1	-2.00949
13060002	267	0.1	-0.1	1.17377
13060002	268	0.1	-0.1	-2.14093
13060002	269	0.1	-0.1	-2.3424
13060002	270	0.1	-0.1	-3.31678
13060002	271	0.1	-0.1	0.534722
13060002	272	0.1	-0.1	-3.26457
13060002	273	0.1	-0.1	1.70753
13060002	274	0.1	-0.1	1.15031
13060002	275	0.1	-0.1	-1.78302
13060002	276	0.1	-0.1	-3.10303
13060002	277	0.1	-0.1	-0.0844292
13060002	278	0.1	-0.1	-4.06535
13060002	279	0.1	-0.1	5.70327
13060002	280	0.1	-0.1	-4.19122
13060002	281	0.1	-0.1	3.92683
13060002	282	0.1	-0.1	4.75449
13060002	283	0.1	-0.1	-4.52819
13060002	284	0.1	-0.1	-1.09714
13060002	285	0.1	-0.1	-0.547076
13060002	286	0.1	-0.1	-4.21464
13060002	287	0.1	-0.1	3.04647
13060002	288	0.1	-0.1	2.61637
13060002	289	0.1	-0.1	0.0523559
13060002	290	0.1	-0.1	-2.46382
13060002	291	0.1	-0.1	5.9128
13060002	292	0.1	-0.1	-2.23873
13060002	293	0.1	-0.1	-0.93821
13060002	294	0.1	-0.1	0.93048
13060002	295	0.1	-0.1	2.9415
13060002	296	0.1	-0.1	4.86111
13060002	297	0.1	-0.1	3.57656
13060002	298	0.1	-0.1	-2.39327
13060002	299	0.1	-0.1	0.264377
13060002	300	0.1	-0.1	-4.04729
13060002	301	0.1	-0.1	-0.167983
13060002	302	0.1	-0.1	-2.65051
13060002	303	0.1	-0.1	-5.1169
13060002	304	0.1	-0.1	2.36863
13060002	305	0.1	-0.1	0.320271
13060002	306	0.1	-0.1	0.359477
13060002	307	0.1	-0.1	-1.56096
13060002	308	0.1	-0.1	-1.94965
13060002	309	0.1	-0.1	-0.251475
13060002	310	0.1	-0.1	-3.62478
13060002	311	0.1	-0.1	-0.753686
13060002	312	0.1	-0.1	-4.22405
13060002	313	0.1	-0.1	-3.00249
13060002	314	0.1	-0.1	4.09041
13060002	315	0.1	-0.1	0.110248
13060002	316	0.1	-0.1	-2.53506
13060002	317	0.1	-0.1	-2.83276
13060002	318	0.1	-0.1	5.43565
13060002	319	0.1	-0.1	4.46464
13060002	320	0.1	-0.1	4.55047
13060002	321	0.1	-0.1	1.34714
13060002	322	0.1	-0.1	0.67678
13060002	323	0.1	-0.1	2.45242
13060002	324	0.1	-0.1	0.65899
13060002	325	0.1	-0.1	0.958772
13060002	326	0.1	-0.1	-3.33063
13060002	327	0.1	-0.1	-2.12155
13060002	328	0.1	-0.1	1.27317
13060002	329	0.1	-0.1	-0.300438
13060002	330	0.1	-0.1	-3.69021
13060002	331	0.1	-0.1	0.513333
13060002	332	0.1	-0.1	-1.38297
13060002	333	0.1	-0.1	3.10099
13060002	334	0.1	-0.1	1.81061
13060002	335	0.1	-0.1	4.24391
13060002	336	0.1	-0.1	-4.61395
13060002	337	0.1	-0.1	4.93385
13060002	338	0.1	-0.1	-2.52951
13060002	339	0.1	-0.1	-4.2274
13060002	340	0.1	-0.1	-5.33937
13060002	341	0.1	-0.1	1.46082
13060002	342	0.1	-0.1	1.77322
13060002	343	0.1	-0.1	-1.42645
13060002	344	0.1	-0.1	1.3773
13060002	345	0.1	-0.1	-4.441
13060002	346	0.1	-0.1	4.27877
13060002	347	0.1	-0.1	3.74792
13060002	348	0.1	-0.1	-0.0596296
13060002	349	0.1	-0.1	-0.300442
13060002	350	0.1	-0.1	1.04735
13060002	351	0.1	-0.1	1.57058
13060002	352	0.1	-0.1	5.38872
13060002	353	0.1	-0.1	3.85483
13060002	354	0.1	-0.1	1.48752
13060002	355	0.1	-0.1	1.75522
13060002	356	0.1	-0.1	1.56044
13060002	357	0.1	-0.1	1.1483
13060002	358	0.1	-0.1	5.33276
13060002	359	0.1	-0.1	-5.63425
13060002	360	0.1	-0.1	-5.03434
13060002	361	0.1	-0.1	-0.520693
13060002	362	0.1	-0.1	3.79193
13060002	363	0.1	-0.1	-1.14941
13060002	364	0.1	-0.1	-0.206994
13060002	365	0.1	-0.1	-1.89574
13060002	366	0.1	-0.1	4.23112
13060002	367	0.1	-0.1	0.595663
13060002	368	0.1	-0.1	4.23964
13060002	369	0.1	-0.1	0.155045
13060002	370	0.1	-0.1	3.06255
13060002	371	0.1	-0.1	1.1951
13060002	372	0.1	-0.1	-4.11018
13060002	373	0.1	-0.1	-0.502829
13060002	374	0.1	-0.1	-4.91756
13060002	375	0.1	-0.1	-0.960422
13060002	376	0.1	-0.1	-3.53114
13060002	377	0.1	-0.1	2.26105
13060002	378	0.1	-0.1	2.02505
13060002	379	0.1	-0.1	1.68929
13060002	380	0.1	-0.1	4.09075
13060002	381	0.1	-0.1	-2.9404
13060002	382	0.1	-0.1	4.25502
13060002	383	0.1	-0.1	5.23838
13060002	384	0.1	-0.1	4.75161
13060002	385	0.1	-0.1	-2.9622
13060002	386	0.1	-0.1	-0.729977
13060002	387	0.1	-0.1	3.88766
13060002	388	0.1	-0.1	-0.45262
13060002	389	0.1	-0.1	-2.39928
13060002	390	0.1	-0.1	1.07269
13060002	391	0.1	-0.1	-5.49957
13060002	392	0.1	-0.1	-5.51748
13060002	393	0.1	-0.1	-5.35631
13060002	394	0.1	-0.1	5.66292
13060002	395	0.1	-0.1	-5.04161
13060002	396	0.1	-0.1	3.48593
13060002	397	0.1	-0.1	2.10713
13060002	398	0.1	-0.1	4.44192
13060002	399	0.1	-0.1	0.726035
13060002	400	0.1	-0.1	0.662077
13060002	401	0.1	-0.1	-5.10058
13060002	402	0.1	-0.1	-3.22694
13060002	403	0.1	-0.1	0.834825
13060002	404	0.1	-0.1	1.50648
13060002	405	0.1	-0.1	-0.196047
13060002	406	0.1	-0.1	3.95381
13060002	407	0.1	-0.1	2.16322
13060002	408	0.1	-0.1	-5.28036
13060002	409	0.1	-0.1	5.82813
13060002	410	0.1	-0.1	-5.19198
13060002	411	0.1	-0.1	-1.25767
13060002	412	0.1	-0.1	5.87676
13060002	413	0.1	-0.1	0.753075
13060002	414	0.1	-0.1	-0.65332
13060002	415	0.1	-0.1	2.59249
13060002	416	0.1	-0.1	-2.30826
13060002	417	0.1	-0.1	-1.42993
13060002	418	0.1	-0.1	-4.76619
13060002	419	0.1	-0.1	0.492878
13060002	420	0.1	-0.1	-1.6259
13060002	421	0.1	-0.1	-1.3896
13060002	422	0.1	-0.1	1.22808
13060002	423	0.1	-0.1	1.25657
13060002	424	0.1	-0.1	1.57401
13060002	425	0.1	-0.1	4.90232
13060002	426	0.1	-0.1	-2.65686
13060002	427	0.1	-0.1	3.07522
13060002	428	0.1	-0.1	-3.2366
13060002	429	0.1	-0.1	0.143011
13060002	430	0.1	-0.1	1.4372
13060002	431	0.1	-0.1	-1.7393
13060002	432	0.1	-0.1	-0.788752
13060002	433	0.1	-0.1	-1.36504
13060002	434	0.1	-0.1	2.03994
13060002	435	0.1	-0.1	0.845001
13060002	436	0.1	-0.1	0.81239
13060002	437	0.1	-0.1	-1.95605
13060002	438	0.1	-0.1	0.790655
13060002	439	0.1	-0.1	0.0300749
13060002	440	0.1	-0.1	5.82341
13060002	441	0.1	-0.1	-4.75619
13060002	442	0.1	-0.1	3.12859
13060002	443	0.1	-0.1	-3.02499
13060002	444	0.1	-0.1	2.39571
13060002	445	0.1	-0.1	3.40609
13060002	446	0.1	-0.1	-1.04135
13060002	447	0.1	-0.1	4.76098
13060002	448	0.1	-0.1	-5.82
13060002	449	0.1	-0.1	2.53483
13060002	450	0.1	-0.1	2.45051
13060002	451	0.1	-0.1	-0.579723
13060002	452	0.1	-0.1	1.91685
13060002	453	0.1	-0.1	-0.177279
13060002	454	0.1	-0.1	-0.0666337
13060002	455	0.1	-0.1	3.74276
13060002	456	0.1	-0.1	-4.30401
13060002	457	0.1	-0.1	-5.96796
13060002	458	0.1	-0.1	-0.558082
13060002	459	0.1	-0.1	-5.26475
13060002	460	0.1	-0.1	-2.9613
13060002	461	0.1	-0.1	2.74452
13060002	462	0.1	-0.1	-3.15506
13060002	463	0.1	-0.1	4.58894
13060002	464	0.1	-0.1	-5.54386
13060002	465	0.1	-0.1	-0.743498
13060002	466	0.1	-0.1	-4.38083
13060002	467	0.1	-0.1	3.6851
13060002	468	0.1	-0.1	4.33843
13060002	469	0.1	-0.1	3.56002
13060002	470	0.1	-0.1	5.15574
13060002	471	0.1	-0.1	-0.538873
13060002	472	0.1	-0.1	-3.41234
13060002	473	0.1	-0.1	5.89832
13060002	474	0.1	-0.1	-2.43153
13060002	475	0.1	-0.1	5.51956
13060002	476	0.1	-0.1	1.01577
13060002	477	0.1	-0.1	-1.57882
13060002	478	0.1	-0.1	-2.91744
13060002	479	0.1	-0.1	5.3542
13060002	480	0.1	-0.1	3.31253
13060002	481	0.1	-0.1	-2.13891
13060002	482	0.1	-0.1	3.13641
13060002	483	0.1	-0.1	2.13505
13060002	484	0.1	-0.1	1.6212
13060002	485	0.1	-0.1	-4.30198
13060002	486	0.1	-0.1	5.58969
13060002	487	0.1	-0.1	-2.37674
13060002	488	0.1	-0.1	-3.7857
13060002	489	0.1	-0.1	-5.67868
13060002	490	0.1	-0.1	-2.13707
13060002	491	0.1	-0.1	0.11206
13060002	492	0.1	-0.1	0.356897
13060002	493	0.1	-0.1	4.10962
13060002	494	0.1	-0.1	1.91829
13060002	495	0.1	-0.1	-0.355555
13060002	496	0.1	-0.1	-0.084441
13060002	497	0.1	-0.1	-2.4558
13060002	498	0.1	-0.1	-2.1193
13060002	499	0.1	-0.1	-4.14086
13060002	500	0.1	-0.1	3.22412
13060002	501	0.1	-0.1	1.50232
13060002	502	0.1	-0.1	1.09317
13060002	503	0.1	-0.1	2.11893
13060002	504	0.1	-0.1	3.46853
13060002	505	0.1	-0.1	3.49652
13060002	506	0.1	-0.1	0.884989
13060002	507	0.1	-0.1	5.8296
13060002	508	0.1	-0.1	-4.58697
13060002	509	0.1	-0.1	-4.86526
13060002	510	0.1	-0.1	1.76942
13060002	511	0.1	-0.1	-3.73104
13060002	512	0.1	-0.1	0.17854
13060002	513	0.1	-0.1	-0.680625
13060002	514	0.1	-0.1	-5.37745
13060002	515	0.1	-0.1	2.86877
13060002	516	0.1	-0.1	1.79781
13060002	517	0.1	-0.1	-4.11007
13060002	518	0.1	-0.1	5.95772
13060002	519	0.1	-0.1	3.33928
13060002	520	0.1	-0.1	-4.50746
13060002	521	0.1	-0.1	0.855364
13060002	522	0.1	-0.1	5.66559
13060002	523	0.1	-0.1	-1.24078
13060002	524	0.1	-0.1	-1.38248
13060002	525	0.1	-0.1	1.55905
13060002	526	0.1	-0.1	1.32084
13060002	527	0.1	-0.1	-0.300794
13060002	528	0.1	-0.1	-5.0005
13060002	529	0.1	-0.1	-3.45184
13060002	530	0.1	-0.1	-5.12734
13060002	531	0.1	-0.1	4.38355
13060002	532	0.1	-0.1	4.43526
13060002	533	0.1	-0.1	-4.94076
13060002	534	0.1	-0.1	-1.2518
13060002	535	0.1	-0.1	0.347561
13060002	536	0.1	-0.1	-0.0202114
13060002	537	0.1	-0.1	3.33227
13060002	538	0.1	-0.1	-0.214405
13060002	539	0.1	-0.1	1.56528
13060002	540	0.1	-0.1	-1.70696
13060002	541	0.1	-0.1	-1.2317
13060002	542	0.1	-0.1	-2.77423
13060002	543	0.1	-0.1	3.59313
13060002	544	0.1	-0.1	4.04047
13060002	545	0.1	-0.1	-4.63731
13060002	546	0.1	-0.1	-1.66019
13060002	547	0.1	-0.1	1.25535
13060002	548	0.1	-0.1	2.54589
13060002	549	0.1	-0.1	-5.08056
13060002	550	0.1	-0.1	-3.4612
13060002	551	0.1	-0.1	-1.76863
13060002	552	0.1	-0.1	2.71411
13060002	553	0.1	-0.1	2.47675
13060002	554	0.1	-0.1	3.10262
13060002	555	0.1	-0.1	-0.903968
13060002	556	0.1	-0.1	2.74555
13060002	557	0.1	-0.1	1.34206
13060002	558	0.1	-0.1	2.73858
13060002	559	0.1	-0.1	1.14343
13060002	560	0.1	-0.1	-3.98129
13060002	561	0.1	-0.1	2.76488
13060002	562	0.1	-0.1	1.3375
13060002	563	0.1	-0.1	-3.87633
13060002	564	0.1	-0.1	-2.03369
13060002	565	0.1	-0.1	-5.95994
13060002	566	0.1	-0.1	5.70042
13060002	567	0.1	-0.1	3.92702
13060002	568	0.1	-0.1	1.91621
13060002	569	0.1	-0.1	1.66481
13060002	570	0.1	-0.1	-2.61925
13060002	571	0.1	-0.1	4.51685
13060002	572	0.1	-0.1	-3.85335
13060002	573	0.1	-0.1	-1.64913
13060002	574	0.1	-0.1	-5.35448
13060002	575	0.1	-0.1	-1.06929
13060002	576	0.1	-0.1	0.0584305
13060002	577	0.1	-0.1	5.83012
13060002	578	0.1	-0.1	-0.933055
13060002	579	0.1	-0.1	-2.48104
13060002	580	0.1	-0.1	4.78603
13060002	581	0.1	-0.1	5.30937
13060002	582	0.1	-0.1	-2.14362
13060002	583	0.1	-0.1	-3.20322
13060002	584	0.1	-0.1	-4.43413
13060002	585	0.1	-0.1	1.58503
13060002	586	0.1	-0.1	-5.44456
13060002	587	0.1	-0.1	-5.96667
13060002	588	0.1	-0.1	5.44145
13060002	589	0.1	-0.1	1.29365
13060002	590	0.1	-0.1	-0.504211
13060002	591	0.1	-0.1	2.87105
13060002	592	0.1	-0.1	-5.51974
13060002	593	0.1	-0.1	2.23564
13060002	594	0.1	-0.1	-5.20232
13060002	595	0.1	-0.1	-1.11765
13060002	596	0.1	-0.1	4.05648
13060002	597	0.1	-0.1	2.78309
13060002	598	0.1	-0.1	-3.98688
13060002	599	0.1	-0.1	3.92302
13060002	600	0.1	-0.1	-1.97993
13060002	601	0.1	-0.1	-0.357941
13060002	602	0.1	-0.1	-0.628438
13060002	603	0.1	-0.1	-4.01892
13060002	604	0.1	-0.1	5.65243
13060002	605	0.1	-0.1	-2.00999
13060002	606	0.1	-0.1	-4.76739
13060002	607	0.1	-0.1	-3.25247
13060002	608	0.1	-0.1	-2.15429
13060002	609	0.1	-0.1	4.44653
13060002	610	0.1	-0.1	3.66398
13060002	611	0.1	-0.1	-5.12306
13060002	612	0.1	-0.1	-0.643761
13060002	613	0.1	-0.1	-2.82676
13060002	614	0.1	-0.1	-4.80867
13060002	615	0.1	-0.1	2.31131
13060002	616	0.1	-0.1	0.496194
13060002	617	0.1	-0.1	-1.80057
13060002	618	0.1	-0.1	2.68029
13060002	619	0.1	-0.1	-0.197709
13060002	620	0.1	-0.1	4.21233
13060002	621	0.1	-0.1	-3.14029
13060002	622	0.1	-0.1	4.4407
13060002	623	0.1	-0.1	5.5898
13060002	624	0.1	-0.1	-4.72795
13060002	625	0.1	-0.1	-3.43312
13060002	626	0.1	-0.1	-2.40209
13060002	627	0.1	-0.1	-2.73069
13060002	628	0.1	-0.1	-5.56335
13060002	629	0.1	-0.1	-5.63978
13060002	630	0.1	-0.1	-2.163
13060002	631	0.1	-0.1	-1.52974
13060002	632	0.1	-0.1	3.07774
13060002	633	0.1	-0.1	2.84057
13060002	634	0.1	-0.1	5.33185
13060002	635	0.1	-0.1	-0.426959
13060002	636	0.1	-0.1	-0.904524
13060002	637	0.1	-0.1	2.28932
13060002	638	0.1	-0.1	2.6496
13060002	639	0.1	-0.1	3.7806
13060002	640	0.1	-0.1	-5.49875
13060002	641	0.1	-0.1	5.42281
13060002	642	0.1	-0.1	-3.54754
13060002	643	0.1	-0.1	-1.61143
13060002	644	0.1	-0.1	-5.29095
13060002	645	0.1	-0.1	-0.0497009
13060002	646	0.1	-0.1	-2.50967
13060002	647	0.1	-0.1	0.532476
13060002	648	0.1	-0.1	-0.319079
13060002	649	0.1	-0.1	-0.628644
13060002	650	0.1	-0.1	-2.18982
13060002	651	0.1	-0.1	-0.501178
13060002	652	0.1	-0.1	5.59033
13060002	653	0.1	-0.1	-3.6103
13060002	654	0.1	-0.1	5.71432
13060002	655	0.1	-0.1	5.7087
13060002	656	0.1	-0.1	2.65157
13060002	657	0.1	-0.1	4.09276
13060002	658	0.1	-0.1	-3.67261
13060002	659	0.1	-0.1	-1.35244
13060002	660	0.1	-0.1	2.57642
13060002	661	0.1	-0.1	4.91691
13060002	662	0.1	-0.1	-4.21065
13060002	663	0.1	-0.1	5.43201
13060002	664	0.1	-0.1	-4.66929
13060002	665	0.1	-0.1	0.516145
13060002	666	0.1	-0.1	-2.16674
13060002	667	0.1	-0.1	-3.90252
13060002	668	0.1	-0.1	-3.35993
13060002	669	0.1	-0.1	-0.930629
13060002	670	0.1	-0.1	-3.64086
13060002	671	0.1	-0.1	5.10805
13060002	672	0.1	-0.1	-1.92934
13060002	673	0.1	-0.1	4.56497
13060002	674	0.1	-0.1	-0.781859
13060002	675	0.1	-0.1	-2.34471
13060002	676	0.1	-0.1	3.04564
13060002	677	0.1	-0.1	3.77721
13060002	678	0.1	-0.1	4.34881
13060002	679	0.1	-0.1	-4.48699
13060002	680	0.1	-0.1	-0.91725
13060002	681	0.1	-0.1	-0.275807
13060002	682	0.1	-0.1	-3.78652
13060002	683	0.1	-0.1	0.0289648
13060002	684	0.1	-0.1	-4.51094
13060002	685	0.1	-0.1	4.75384
13060002	686	0.1	-0.1	-2.43737
13060002	687	0.1	-0.1	2.27577
13060002	688	0.1	-0.1	-5.40845
13060002	689	0.1	-0.1	5.94019
13060002	690	0.1	-0.1	5.73091
13060002	691	0.1	-0.1	-2.57344
13060002	692	0.1	-0.1	4.14329
13060002	693	0.1	-0.1	0.792452
13060002	694	0.1	-0.1	0.0520638
13060002	695	0.1	-0.1	0.545986
13060002	696	0.1	-0.1	2.89887
13060002	697	0.1	-0.1	5.89586
13060002	698	0.1	-0.1	-2.84321
13060002	699	0.1	-0.1	-1.20505
13060002	700	0.1	-0.1	5.4488
13060002	701	0.1	-0.1	2.08659
13060002	702	0.1	-0.1	4.93845
13060002	703	0.1	-0.1	-4.08738
13060002	704	0.1	-0.1	3.00127
13060002	705	0.1	-0.1	4.79919
13060002	706	0.1	-0.1	-1.1731
13060002	707	0.1	-0.1	3.23676
13060002	708	0.1	-0.1	-0.167936
13060002	709	0.1	-0.1	3.92596
13060002	710	0.1	-0.1	-2.89922
13060002	711	0.1	-0.1	3.46401
13060002	712	0.1	-0.1	-4.8772
13060002	713	0.1	-0.1	3.09592
13060002	714	0.1	-0.1	-4.18845
13060002	715	0.1	-0.1	2.21388
13060002	716	0.1	-0.1	1.82232
13060002	717	0.1	-0.1	1.21379
13060002	718	0.1	-0.1	4.64123
13060002	719	0.1	-0.1	-0.0248372
13060002	720	0.1	-0.1	5.1128
13060002	721	0.1	-0.1	0.674597
13060002	722	0.1	-0.1	3.61049
13060002	723	0.1	-0.1	-0.593168
13060002	724	0.1	-0.1	1.12464
13060002	725	0.1	-0.1	-1.20126
13060002	726	0.1	-0.1	5.39247
13060002	727	0.1	-0.1	-4.0662
13060002	728	0.1	-0.1	-4.65673
13060002	729	0.1	-0.1	3.49168
13060002	730	0.1	-0.1	4.8752
13060002	731	0.1	-0.1	0.532891
13060002	732	0.1	-0.1	-1.79514
13060002	733	0.1	-0.1	5.51036
13060002	734	0.1	-0.1	-4.43545
13060002	735	0.1	-0.1	0.00515158
13060002	736	0.1	-0.1	-1.28213
13060002	737	0.1	-0.1	-1.52731
13060002	738	0.1	-0.1	0.871431
13060002	739	0.1	-0.1	-3.87516
13060002	740	0.1	-0.1	4.77146
13060002	741	0.1	-0.1	3.32107
13060002	742	0.1	-0.1	-5.51244
13060002	743	0.1	-0.1	-5.00564
13060002	744	0.1	-0.1	-4.97107
13060002	745	0.1	-0.1	-0.0497986
13060002	746	0.1	-0.1	5.1033
13060002	747	0.1	-0.1	-5.71754
13060002	748	0.1	-0.1	-4.73642
13060002	749	0.1	-0.1	5.2654
13060002	750	0.1	-0.1	4.84337
13060002	751	0.1	-0.1	-5.57729
13060002	752	0.1	-0.1	2.21568
13060002	753	0.1	-0.1	-2.83811
13060002	754	0.1	-0.1	-0.0979845
13060002	755	0.1	-0.1	0.856088
13060002	756	0.1	-0.1	-1.64748
13060002	757	0.1	-0.1	-3.28423
13060002	758	0.1	-0.1	2.52821
13060002	759	0.1	-0.1	-2.4756
13060002	760	0.1	-0.1	2.90349
13060002	761	0.1	-0.1	5.8307
13060002	762	0.1	-0.1	2.64126
13060002	763	0.1	-0.1	0.932011
13060002	764	0.1	-0.1	4.40918
13060002	765	0.1	-0.1	-0.059322
13060002	766	0.1	-0.1	-5.10592
13060002	767	0.1	-0.1	-2.18544
13060002	768	0.1	-0.1	0.194539
13060002	769	0.1	-0.1	5.57724
13060002	770	0.1	-0.1	-4.71804
13060002	771	0.1	-0.1	-1.41795
13060002	772	0.1	-0.1	5.78835
13060002	773	0.1	-0.1	1.88488
13060002	774	0.1	-0.1	-0.813546
13060002	775	0.1	-0.1	5.37974
13060002	776	0.1	-0.1	1.5093
13060002	777	0.1	-0.1	-4.3509
13060002	778	0.1	-0.1	1.88732
13060002	779	0.1	-0.1	1.60902
13060002	780	0.1	-0.1	3.69231
13060002	781	0.1	-0.1	3.29989
13060002	782	0.1	-0.1	3.62196
13060002	783	0.1	-0.1	-5.34466
13060002	784	0.1	-0.1	-1.25568
13060002	785	0.1	-0.1	-0.139336
13060002	786	0.1	-0.1	-3.83933
13060002	787	0.1	-0.1	-4.83662
13060002	788	0.1	-0.1	0.609037
13060002	789	0.1	-0.1	2.28668
13060002	790	0.1	-0.1	-0.217672
13060002	791	0.1	-0.1	-4.85316
13060002	792	0.1	-0.1	-5.41943
13060002	793	0.1	-0.1	-4.07257
13060002	794	0.1	-0.1	-4.90314
13060002	795	0.1	-0.1	0.830128
13060002	796	0.1	-0.1	5.25278
13060002	797	0.1	-0.1	-5.51458
13060002	798	0.1	-0.1	0.260952
13060002	799	0.1	-0.1	-1.22823
13060002	800	0.1	-0.1	-1.7004
13060002	801	0.1	-0.1	4.44716
13060002	802	0.1	-0.1	4.57134
13060002	803	0.1	-0.1	0.165566
13060002	804	0.1	-0.1	5.25214
13060002	805	0.1	-0.1	-4.65995
13060002	806	0.1	-0.1	3.28839
13060002	807	0.1	-0.1	-1.63256
13060002	808	0.1	-0.1	-0.612423
13060002	809	0.1	-0.1	-5.49467
13060002	810	0.1	-0.1	2.66949
13060002	811	0.1	-0.1	-5.65562
13060002	812	0.1	-0.1	1.12279
13060002	813	0.1	-0.1	5.47307
13060002	814	0.1	-0.1	-0.196817
13060002	815	0.1	-0.1	1.36308
13060002	816	0.1	-0.1	3.0256
13060002	817	0.1	-0.1	-1.30327
13060002	818	0.1	-0.1	-0.213374
13060002	819	0.1	-0.1	2.09595
13060002	820	0.1	-0.1	5.60587
13060002	821	0.1	-0.1	-2.3134
13060002	822	0.1	-0.1	-2.01093
13060002	823	0.1	-0.1	-5.43545
13060002	824	0.1	-0.1	-3.52191
13060002	825	0.1	-0.1	0.502488
13060002	826	0.1	-0.1	0.392259
13060002	827	0.1	-0.1	0.465429
13060002	828	0.1	-0.1	-3.80401
13060002	829	0.1	-0.1	-3.92018
13060002	830	0.1	-0.1	-4.53339
13060002	831	0.1	-0.1	3.13869
13060002	832	0.1	-0.1	3.59052
13060002	833	0.1	-0.1	5.7215
13060002	834	0.1	-0.1	-3.92741
13060002	835	0.1	-0.1	3.78972
13060002	836	0.1	-0.1	-5.76408
13060002	837	0.1	-0.1	-4.83602
13060002	838	0.1	-0.1	3.35054
13060002	839	0.1	-0.1	3.92435
13060002	840	0.1	-0.1	-1.02763
13060002	841	0.1	-0.1	-5.95951
13060002	842	0.1	-0.1	4.45174
13060002	843	0.1	-0.1	0.512867
13060002	844	0.1	-0.1	4.9734
13060002	845	0.1	-0.1	3.40723
13060002	846	0.1	-0.1	-4.40758
13060002	847	0.1	-0.1	-0.401853
13060002	848	0.1	-0.1	4.46614
13060002	849	0.1	-0.1	2.72108
13060002	850	0.1	-0.1	-5.61976
13060002	851	0.1	-0.1	0.829749
13060002	852	0.1	-0.1	-4.94056
13060002	853	0.1	-0.1	0.693952
13060002	854	0.1	-0.1	5.94061
13060002	855	0.1	-0.1	-0.206294
13060002	856	0.1	-0.1	0.214311
13060002	857	0.1	-0.1	4.92056
13060002	858	0.1	-0.1	4.13261
13060002	859	0.1	-0.1	-1.45356
13060002	860	0.1	-0.1	-3.58583
13060002	861	0.1	-0.1	5.89658
13060002	862	0.1	-0.1	4.04706
13060002	863	0.1	-0.1	1.6568
13060002	864	0.1	-0.1	5.28445
13060002	865	0.1	-0.1	0.349678
13060002	866	0.1	-0.1	-2.67124
13060002	867	0.1	-0.1	5.96364
13060002	868	0.1	-0.1	-2.7389
13060002	869	0.1	-0.1	4.78524
13060002	870	0.1	-0.1	-2.93871
13060002	871	0.1	-0.1	-3.16952
13060002	872	0.1	-0.1	-2.1711
13060002	873	0.1	-0.1	5.00819
13060002	874	0.1	-0.1	-3.91322
13060002	875	0.1	-0.1	-4.97356
13060002	876	0.1	-0.1	0.324736
13060002	877	0.1	-0.1	-2.09414
13060002	878	0.1	-0.1	5.85658
13060002	879	0.1	-0.1	3.39237
13060002	880	0.1	-0.1	-3.19726
13060002	881	0.1	-0.1	-3.42109
13060002	882	0.1	-0.1	-2.4691
13060002	883	0.1	-0.1	5.6036
13060002	884	0.1	-0.1	1.32152
13060002	885	0.1	-0.1	5.27169
13060002	886	0.1	-0.1	-0.518049
13060002	887	0.1	-0.1	0.582362
13060002	888	0.1	-0.1	-3.37717
13060002	889	0.1	-0.1	-1.82838
13060002	890	0.1	-0.1	1.82559
13060002	891	0.1	-0.1	-1.50608
13060002	892	0.1	-0.1	1.90546
13060002	893	0.1	-0.1	4.32064
13060002	894	0.1	-0.1	3.3748
13060002	895	0.1	-0.1	4.50921
13060002	896	0.1	-0.1	-4.59275
13060002	897	0.1	-0.1	-0.68066
13060002	898	0.1	-0.1	0.118629
13060002	899	0.1	-0.1	5.13096
13060002	900	0.1	-0.1	4.52334
13060002	901	0.1	-0.1	-5.58879
13060002	902	0.1	-0.1	-0.801938
13060002	903	0.1	-0.1	-5.67922
13060002	904	0.1	-0.1	-0.2255
13060002	905	0.1	-0.1	3.20395
13060002	906	0.1	-0.1	5.01638
13060002	907	0.1	-0.1	5.6604
13060002	908	0.1	-0.1	-1.39236
13060002	909	0.1	-0.1	-1.26397
13060002	910	0.1	-0.1	-2.5965
13060002	911	0.1	-0.1	-1.37568
13060002	912	0.1	-0.1	-1.58563
13060002	913	0.1	-0.1	-2.57312
13060002	914	0.1	-0.1	-5.69819
13060002	915	0.1	-0.1	-1.56955
13060002	916	0.1	-0.1	-0.869729
13060002	917	0.1	-0.1	-4.47407
13060002	918	0.1	-0.1	3.91291
13060002	919	0.1	-0.1	-3.98266
13060002	920	0.1	-0.1	5.92329
13060002	921	0.1	-0.1	-5.50279
13060002	922	0.1	-0.1	-3.34673
13060002	923	0.1	-0.1	5.43928
13060002	924	0.1	-0.1	1.31716
13060002	925	0.1	-0.1	-4.89883
13060002	926	0.1	-0.1	4.91447
13060002	927	0.1	-0.1	3.09159
13060002	928	0.1	-0.1	5.4789
13060002	929	0.1	-0.1	2.63558
13060002	930	0.1	-0.1	4.14731
13060002	931	0.1	-0.1	-2.07878
13060002	932	0.1	-0.1	1.96785
13060002	933	0.1	-0.1	-4.71464
13060002	934	0.1	-0.1	4.08207
13060002	935	0.1	-0.1	-1.37697
13060002	936	0.1	-0.1	2.59902
13060002	937	0.1	-0.1	-1.32379
13060002	938	0.1	-0.1	0.891556
13060002	939	0.1	-0.1	-2.3369
13060002	940	0.1	-0.1	0.187344
13060002	941	0.1	-0.1	1.08502
13060002	942	0.1	-0.1	4.86899
13060002	943	0.1	-0.1	-5.30261
13060002	944	0.1	-0.1	0.0375884
13060002	945	0.1	-0.1	5.01562
13060002	946	0.1	-0.1	-1.36209
13060002	947	0.1	-0.1	0.3048
13060002	948	0.1	-0.1	2.62278
13060002	949	0.1	-0.1	0.569568
13060002	950	0.1	-0.1	1.39487
13060002	951	0.1	-0.1	-0.441938
13060002	952	0.1	-0.1	-3.59703
13060002	953	0.1	-0.1	1.69452
13060002	954	0.1	-0.1	1.88695
13060002	955	0.1	-0.1	0.303393
13060002	956	0.1	-0.1	-2.97186
13060002	957	0.1	-0.1	3.81617
13060002	958	0.1	-0.1	-0.0899223
13060002	959	0.1	-0.1	-2.69993
13060002	960	0.1	-0.1	5.82972
13060002	961	0.1	-0.1	-3.84154
13060002	962	0.1	-0.1	-3.39805
13060002	963	0.1	-0.1	2.96908
13060002	964	0.1	-0.1	-5.67567
13060002	965	0.1	-0.1	3.25107
13060002	966	0.1	-0.1	-0.0336188
13060002	967	0.1	-0.1	-2.49874
13060002	968	0.1	-0.1	-5.95399
13060002	969	0.1	-0.1	-1.68746
13060002	970	0.1	-0.1	-5.13519
13060002	971	0.1	-0.1	3.69865
13060002	972	0.1	-0.1	-0.95016
13060002	973	0.1	-0.1	0.341766
13060002	974	0.1	-0.1	-1.77822
13060002	975	0.1	-0.1	-1.54233
13060002	976	0.1	-0.1	2.66161
13060002	977	0.1	-0.1	2.00246
13060002	978	0.1	-0.1	-4.21626
13060002	979	0.1	-0.1	-4.33518
13060002	980	0.1	-0.1	-2.22984
13060002	981	0.1	-0.1	4.50125
13060002	982	0.1	-0.1	4.4695
13060002	983	0.1	-0.1	-3.93408
13060002	984	0.1	-0.1	0.808792
13060002	985	0.1	-0.1	-5.75842
13060002	986	0.1	-0.1	2.24253
13060002	987	0.1	-0.1	1.93917
13060002	988	0.1	-0.1	5.10223
13060002	989	0.1	-0.1	4.12766
13060002	990	0.1	-0.1	2.53294
13060002	991	0.1	-0.1	2.56838
13060002	992	0.1	-0.1	-4.23866
13060002	993	0.1	-0.1	2.0063
13060002	994	0.1	-0.1	0.658589
13060002	995	0.1	-0.1	0.484865
13060002	996	0.1	-0.1	5.17649
13060002	997	0.1	-0.1	-2.65597
13060002	998	0.1	-0.1	-0.384682
13060002	999	0.1	-0.1	0.288647
13060002	1000	0.1	-0.1	4.9788
