13064070	1	0.1	-0.1	1.39041
13064070	2	0.1	-0.1	-0.810737
13064070	3	0.1	-0.1	3.09779
13064070	4	0.1	-0.1	0.676387
13064070	5	0.1	-0.1	-4.85864
13064070	6	0.1	-0.1	-1.03351
13064070	7	0.1	-0.1	3.20336
13064070	8	0.1	-0.1	1.45218
13064070	9	0.1	-0.1	2.86559
13064070	10	0.1	-0.1	-4.96193
13064070	11	0.1	-0.1	-0.396866
13064070	12	0.1	-0.1	-4.27876
13064070	13	0.1	-0.1	-2.66727
13064070	14	0.1	-0.1	4.32619
13064070	15	0.1	-0.1	1.12581
13064070	16	0.1	-0.1	-4.66849
13064070	17	0.1	-0.1	-1.29909
13064070	18	0.1	-0.1	3.31827
13064070	19	0.1	-0.1	-5.40803
13064070	20	0.1	-0.1	0.502159
13064070	21	0.1	-0.1	-1.17424
13064070	22	0.1	-0.1	2.74388
13064070	23	0.1	-0.1	-3.28652
13064070	24	0.1	-0.1	-0.511149
13064070	25	0.1	-0.1	-0.208223
13064070	26	0.1	-0.1	3.20323
13064070	27	0.1	-0.1	2.23538
13064070	28	0.1	-0.1	2.19512
13064070	29	0.1	-0.1	-5.28747
13064070	30	0.1	-0.1	-3.14297
13064070	31	0.1	-0.1	-2.62674
13064070	32	0.1	-0.1	0.234752
13064070	33	0.1	-0.1	-4.74367
13064070	34	0.1	-0.1	-5.76685
13064070	35	0.1	-0.1	0.862221
13064070	36	0.1	-0.1	0.192454
13064070	37	0.1	-0.1	3.60877
13064070	38	0.1	-0.1	1.81161
13064070	39	0.1	-0.1	0.706737
13064070	40	0.1	-0.1	0.0943963
13064070	41	0.1	-0.1	2.69915
13064070	42	0.1	-0.1	2.51474
13064070	43	0.1	-0.1	0.0617662
13064070	44	0.1	-0.1	5.29084
13064070	45	0.1	-0.1	-3.5399
13064070	46	0.1	-0.1	-4.3119
13064070	47	0.1	-0.1	4.37014
13064070	48	0.1	-0.1	1.8198
13064070	49	0.1	-0.1	-1.38285
13064070	50	0.1	-0.1	1.52277
13064070	51	0.1	-0.1	0.572728
13064070	52	0.1	-0.1	-4.11898
13064070	53	0.1	-0.1	-0.876719
13064070	54	0.1	-0.1	5.96988
13064070	55	0.1	-0.1	3.56451
13064070	56	0.1	-0.1	-4.56639
13064070	57	0.1	-0.1	-3.42036
13064070	58	0.1	-0.1	-3.32487
13064070	59	0.1	-0.1	2.28608
13064070	60	0.1	-0.1	-4.08059
13064070	61	0.1	-0.1	-0.859032
13064070	62	0.1	-0.1	3.73683
13064070	63	0.1	-0.1	-3.67183
13064070	64	0.1	-0.1	-0.504101
13064070	65	0.1	-0.1	-2.53204
13064070	66	0.1	-0.1	-0.529112
13064070	67	0.1	-0.1	5.00766
13064070	68	0.1	-0.1	5.84157
13064070	69	0.1	-0.1	-0.912937
13064070	70	0.1	-0.1	-5.67458
13064070	71	0.1	-0.1	5.06102
13064070	72	0.1	-0.1	-0.381952
13064070	73	0.1	-0.1	-1.73462
13064070	74	0.1	-0.1	-3.48915
13064070	75	0.1	-0.1	3.84622
13064070	76	0.1	-0.1	0.114377
13064070	77	0.1	-0.1	-4.54278
13064070	78	0.1	-0.1	-4.62273
13064070	79	0.1	-0.1	-2.66921
13064070	80	0.1	-0.1	-5.77387
13064070	81	0.1	-0.1	3.37882
13064070	82	0.1	-0.1	-2.05321
13064070	83	0.1	-0.1	-0.418849
13064070	84	0.1	-0.1	-0.652543
13064070	85	0.1	-0.1	-5.79691
13064070	86	0.1	-0.1	5.18562
13064070	87	0.1	-0.1	-0.456107
13064070	88	0.1	-0.1	4.34358
13064070	89	0.1	-0.1	0.897974
13064070	90	0.1	-0.1	-1.0636
13064070	91	0.1	-0.1	-2.65531
13064070	92	0.1	-0.1	-2.83771
13064070	93	0.1	-0.1	-0.78038
13064070	94	0.1	-0.1	2.57619
13064070	95	0.1	-0.1	3.03991
13064070	96	0.1	-0.1	3.60876
13064070	97	0.1	-0.1	0.852609
13064070	98	0.1	-0.1	-2.23896
13064070	99	0.1	-0.1	-0.790256
13064070	100	0.1	-0.1	0.872257
13064070	101	0.1	-0.1	-5.33997
13064070	102	0.1	-0.1	-0.526707
13064070	103	0.1	-0.1	3.33525
13064070	104	0.1	-0.1	0.00993366
13064070	105	0.1	-0.1	0.65797
13064070	106	0.1	-0.1	4.12093
13064070	107	0.1	-0.1	0.596335
13064070	108	0.1	-0.1	4.72907
13064070	109	0.1	-0.1	4.83429
13064070	110	0.1	-0.1	3.06918
13064070	111	0.1	-0.1	-5.20725
13064070	112	0.1	-0.1	4.92626
13064070	113	0.1	-0.1	1.62064
13064070	114	0.1	-0.1	2.90902
13064070	115	0.1	-0.1	-2.02257
13064070	116	0.1	-0.1	0.222806
13064070	117	0.1	-0.1	-4.36995
13064070	118	0.1	-0.1	1.19729
13064070	119	0.1	-0.1	2.25906
13064070	120	0.1	-0.1	-3.09742
13064070	121	0.1	-0.1	-5.24852
13064070	122	0.1	-0.1	-2.46232
13064070	123	0.1	-0.1	5.34336
13064070	124	0.1	-0.1	3.86515
13064070	125	0.1	-0.1	2.23194
13064070	126	0.1	-0.1	-5.59334
13064070	127	0.1	-0.1	2.34243
13064070	128	0.1	-0.1	4.40736
13064070	129	0.1	-0.1	4.68676
13064070	130	0.1	-0.1	0.810957
13064070	131	0.1	-0.1	-2.11366
13064070	132	0.1	-0.1	1.61865
13064070	133	0.1	-0.1	-0.986206
13064070	134	0.1	-0.1	2.7542
13064070	135	0.1	-0.1	-5.81167
13064070	136	0.1	-0.1	5.06283
13064070	137	0.1	-0.1	-2.68464
13064070	138	0.1	-0.1	1.53262
13064070	139	0.1	-0.1	0.409038
13064070	140	0.1	-0.1	5.35623
13064070	141	0.1	-0.1	-5.00399
13064070	142	0.1	-0.1	-4.14279
13064070	143	0.1	-0.1	0.622655
13064070	144	0.1	-0.1	-5.05176
13064070	145	0.1	-0.1	-4.08592
13064070	146	0.1	-0.1	1.67579
13064070	147	0.1	-0.1	-5.46458
13064070	148	0.1	-0.1	5.82785
13064070	149	0.1	-0.1	2.00786
13064070	150	0.1	-0.1	-3.73108
13064070	151	0.1	-0.1	-3.23489
13064070	152	0.1	-0.1	3.95595
13064070	153	0.1	-0.1	0.0566979
13064070	154	0.1	-0.1	4.83173
13064070	155	0.1	-0.1	-4.31469
13064070	156	0.1	-0.1	4.95672
13064070	157	0.1	-0.1	5.49663
13064070	158	0.1	-0.1	1.78121
13064070	159	0.1	-0.1	-0.540807
13064070	160	0.1	-0.1	5.31052
13064070	161	0.1	-0.1	-1.20321
13064070	162	0.1	-0.1	-4.22994
13064070	163	0.1	-0.1	0.602172
13064070	164	0.1	-0.1	-4.77111
13064070	165	0.1	-0.1	-4.58833
13064070	166	0.1	-0.1	-0.647651
13064070	167	0.1	-0.1	3.80345
13064070	168	0.1	-0.1	2.04722
13064070	169	0.1	-0.1	-3.57051
13064070	170	0.1	-0.1	-3.09249
13064070	171	0.1	-0.1	5.37467
13064070	172	0.1	-0.1	0.696652
13064070	173	0.1	-0.1	0.719334
13064070	174	0.1	-0.1	-2.61591
13064070	175	0.1	-0.1	-1.61642
13064070	176	0.1	-0.1	-1.99966
13064070	177	0.1	-0.1	-1.21847
13064070	178	0.1	-0.1	2.36176
13064070	179	0.1	-0.1	1.57443
13064070	180	0.1	-0.1	3.56641
13064070	181	0.1	-0.1	-0.522803
13064070	182	0.1	-0.1	3.82362
13064070	183	0.1	-0.1	-5.87558
13064070	184	0.1	-0.1	-4.63378
13064070	185	0.1	-0.1	3.91843
13064070	186	0.1	-0.1	4.58934
13064070	187	0.1	-0.1	1.75905
13064070	188	0.1	-0.1	3.4752
13064070	189	0.1	-0.1	-4.89759
13064070	190	0.1	-0.1	-4.152
13064070	191	0.1	-0.1	-5.06812
13064070	192	0.1	-0.1	0.993061
13064070	193	0.1	-0.1	0.88882
13064070	194	0.1	-0.1	-2.83402
13064070	195	0.1	-0.1	2.91151
13064070	196	0.1	-0.1	-5.51697
13064070	197	0.1	-0.1	-3.13118
13064070	198	0.1	-0.1	2.53735
13064070	199	0.1	-0.1	4.73261
13064070	200	0.1	-0.1	4.84227
13064070	201	0.1	-0.1	5.27563
13064070	202	0.1	-0.1	1.68369
13064070	203	0.1	-0.1	-1.71935
13064070	204	0.1	-0.1	5.92185
13064070	205	0.1	-0.1	-2.41226
13064070	206	0.1	-0.1	0.0631051
13064070	207	0.1	-0.1	4.17495
13064070	208	0.1	-0.1	-0.753795
13064070	209	0.1	-0.1	5.83006
13064070	210	0.1	-0.1	-0.0118375
13064070	211	0.1	-0.1	5.25761
13064070	212	0.1	-0.1	-4.16339
13064070	213	0.1	-0.1	2.49313
13064070	214	0.1	-0.1	-4.16056
13064070	215	0.1	-0.1	5.43158
13064070	216	0.1	-0.1	4.24252
13064070	217	0.1	-0.1	5.63827
13064070	218	0.1	-0.1	3.3597
13064070	219	0.1	-0.1	3.4129
13064070	220	0.1	-0.1	-4.55487
13064070	221	0.1	-0.1	0.858932
13064070	222	0.1	-0.1	0.763158
13064070	223	0.1	-0.1	-3.95792
13064070	224	0.1	-0.1	1.02411
13064070	225	0.1	-0.1	5.63363
13064070	226	0.1	-0.1	-3.85428
13064070	227	0.1	-0.1	-4.51873
13064070	228	0.1	-0.1	4.55735
13064070	229	0.1	-0.1	1.64514
13064070	230	0.1	-0.1	1.61715
13064070	231	0.1	-0.1	2.97729
13064070	232	0.1	-0.1	5.30306
13064070	233	0.1	-0.1	-1.22972
13064070	234	0.1	-0.1	5.97796
13064070	235	0.1	-0.1	-2.90754
13064070	236	0.1	-0.1	-1.34015
13064070	237	0.1	-0.1	4.23085
13064070	238	0.1	-0.1	-0.510312
13064070	239	0.1	-0.1	-2.61454
13064070	240	0.1	-0.1	2.97749
13064070	241	0.1	-0.1	4.93216
13064070	242	0.1	-0.1	0.206923
13064070	243	0.1	-0.1	-0.572025
13064070	244	0.1	-0.1	-1.61348
13064070	245	0.1	-0.1	-3.36726
13064070	246	0.1	-0.1	2.82057
13064070	247	0.1	-0.1	0.727642
13064070	248	0.1	-0.1	4.63295
13064070	249	0.1	-0.1	-1.62234
13064070	250	0.1	-0.1	-4.0478
13064070	251	0.1	-0.1	5.33708
13064070	252	0.1	-0.1	0.910193
13064070	253	0.1	-0.1	-5.9359
13064070	254	0.1	-0.1	3.8513
13064070	255	0.1	-0.1	4.3144
13064070	256	0.1	-0.1	3.36076
13064070	257	0.1	-0.1	-3.80633
13064070	258	0.1	-0.1	-4.32464
13064070	259	0.1	-0.1	2.68472
13064070	260	0.1	-0.1	-4.64042
13064070	261	0.1	-0.1	-0.759528
13064070	262	0.1	-0.1	5.22296
13064070	263	0.1	-0.1	2.12231
13064070	264	0.1	-0.1	3.39379
13064070	265	0.1	-0.1	-0.118221
13064070	266	0.1	-0.1	-4.56343
13064070	267	0.1	-0.1	-1.25119
13064070	268	0.1	-0.1	5.63531
13064070	269	0.1	-0.1	-4.40225
13064070	270	0.1	-0.1	2.89558
13064070	271	0.1	-0.1	0.606344
13064070	272	0.1	-0.1	-0.311654
13064070	273	0.1	-0.1	-3.42397
13064070	274	0.1	-0.1	-5.39921
13064070	275	0.1	-0.1	3.91665
13064070	276	0.1	-0.1	-2.87635
13064070	277	0.1	-0.1	3.99122
13064070	278	0.1	-0.1	5.53619
13064070	279	0.1	-0.1	-0.136576
13064070	280	0.1	-0.1	3.34564
13064070	281	0.1	-0.1	4.39249
13064070	282	0.1	-0.1	-3.32399
13064070	283	0.1	-0.1	3.13681
13064070	284	0.1	-0.1	-2.87227
13064070	285	0.1	-0.1	4.96044
13064070	286	0.1	-0.1	1.12353
13064070	287	0.1	-0.1	2.52769
13064070	288	0.1	-0.1	5.33902
13064070	289	0.1	-0.1	2.8655
13064070	290	0.1	-0.1	3.15272
13064070	291	0.1	-0.1	-5.56844
13064070	292	0.1	-0.1	-2.06275
13064070	293	0.1	-0.1	3.29203
13064070	294	0.1	-0.1	5.64718
13064070	295	0.1	-0.1	-4.77972
13064070	296	0.1	-0.1	-5.35772
13064070	297	0.1	-0.1	-4.16416
13064070	298	0.1	-0.1	3.90259
13064070	299	0.1	-0.1	2.72701
13064070	300	0.1	-0.1	-2.90971
13064070	301	0.1	-0.1	5.02008
13064070	302	0.1	-0.1	-2.50883
13064070	303	0.1	-0.1	4.16888
13064070	304	0.1	-0.1	0.359104
13064070	305	0.1	-0.1	-0.323334
13064070	306	0.1	-0.1	-5.0314
13064070	307	0.1	-0.1	0.483732
13064070	308	0.1	-0.1	5.46637
13064070	309	0.1	-0.1	-4.64058
13064070	310	0.1	-0.1	-3.24887
13064070	311	0.1	-0.1	-1.88892
13064070	312	0.1	-0.1	1.08264
13064070	313	0.1	-0.1	-0.326409
13064070	314	0.1	-0.1	-0.610289
13064070	315	0.1	-0.1	-3.92845
13064070	316	0.1	-0.1	4.30194
13064070	317	0.1	-0.1	5.62228
13064070	318	0.1	-0.1	5.4297
13064070	319	0.1	-0.1	1.05501
13064070	320	0.1	-0.1	-0.0635049
13064070	321	0.1	-0.1	4.63375
13064070	322	0.1	-0.1	3.13606
13064070	323	0.1	-0.1	4.74572
13064070	324	0.1	-0.1	1.07491
13064070	325	0.1	-0.1	1.21479
13064070	326	0.1	-0.1	1.28374
13064070	327	0.1	-0.1	-5.35781
13064070	328	0.1	-0.1	-2.54994
13064070	329	0.1	-0.1	0.30748
13064070	330	0.1	-0.1	3.83361
13064070	331	0.1	-0.1	-3.9806
13064070	332	0.1	-0.1	-3.65322
13064070	333	0.1	-0.1	-5.81811
13064070	334	0.1	-0.1	-4.13182
13064070	335	0.1	-0.1	5.2164
13064070	336	0.1	-0.1	5.97503
13064070	337	0.1	-0.1	-3.97226
13064070	338	0.1	-0.1	2.94258
13064070	339	0.1	-0.1	-1.61214
13064070	340	0.1	-0.1	-2.93837
13064070	341	0.1	-0.1	4.82046
13064070	342	0.1	-0.1	1.55438
13064070	343	0.1	-0.1	2.32827
13064070	344	0.1	-0.1	4.90127
13064070	345	0.1	-0.1	2.93833
13064070	346	0.1	-0.1	-3.57477
13064070	347	0.1	-0.1	-4.60797
13064070	348	0.1	-0.1	-0.0378918
13064070	349	0.1	-0.1	-4.66824
13064070	350	0.1	-0.1	-2.53249
13064070	351	0.1	-0.1	1.63406
13064070	352	0.1	-0.1	-4.41804
13064070	353	0.1	-0.1	-2.44002
13064070	354	0.1	-0.1	4.80864
13064070	355	0.1	-0.1	-0.489074
13064070	356	0.1	-0.1	-4.62305
13064070	357	0.1	-0.1	2.32904
13064070	358	0.1	-0.1	1.13926
13064070	359	0.1	-0.1	-1.80668
13064070	360	0.1	-0.1	-2.25719
13064070	361	0.1	-0.1	3.41222
13064070	362	0.1	-0.1	4.11111
13064070	363	0.1	-0.1	2.94017
13064070	364	0.1	-0.1	5.30187
13064070	365	0.1	-0.1	2.9925
13064070	366	0.1	-0.1	-4.76535
13064070	367	0.1	-0.1	4.69666
13064070	368	0.1	-0.1	5.33402
13064070	369	0.1	-0.1	-0.0267423
13064070	370	0.1	-0.1	-1.43623
13064070	371	0.1	-0.1	-2.99281
13064070	372	0.1	-0.1	5.23576
13064070	373	0.1	-0.1	5.74074
13064070	374	0.1	-0.1	4.11902
13064070	375	0.1	-0.1	-4.88935
13064070	376	0.1	-0.1	2.57523
13064070	377	0.1	-0.1	3.25331
13064070	378	0.1	-0.1	1.99059
13064070	379	0.1	-0.1	4.97972
13064070	380	0.1	-0.1	-3.7168
13064070	381	0.1	-0.1	2.34552
13064070	382	0.1	-0.1	3.14327
13064070	383	0.1	-0.1	3.23526
13064070	384	0.1	-0.1	-1.89516
13064070	385	0.1	-0.1	-0.893873
13064070	386	0.1	-0.1	5.97229
13064070	387	0.1	-0.1	-2.62309
13064070	388	0.1	-0.1	0.948261
13064070	389	0.1	-0.1	-3.25889
13064070	390	0.1	-0.1	-1.48428
13064070	391	0.1	-0.1	2.62831
13064070	392	0.1	-0.1	-3.49708
13064070	393	0.1	-0.1	-3.0487
13064070	394	0.1	-0.1	2.09914
13064070	395	0.1	-0.1	5.30083
13064070	396	0.1	-0.1	5.50457
13064070	397	0.1	-0.1	5.17142
13064070	398	0.1	-0.1	0.838616
13064070	399	0.1	-0.1	-2.31656
13064070	400	0.1	-0.1	-0.298977
13064070	401	0.1	-0.1	-0.129462
13064070	402	0.1	-0.1	3.29144
13064070	403	0.1	-0.1	-3.95149
13064070	404	0.1	-0.1	-2.79493
13064070	405	0.1	-0.1	-3.82707
13064070	406	0.1	-0.1	3.64466
13064070	407	0.1	-0.1	0.803439
13064070	408	0.1	-0.1	5.18827
13064070	409	0.1	-0.1	-2.53497
13064070	410	0.1	-0.1	-4.27298
13064070	411	0.1	-0.1	-4.74586
13064070	412	0.1	-0.1	5.57957
13064070	413	0.1	-0.1	0.24547
13064070	414	0.1	-0.1	-3.05682
13064070	415	0.1	-0.1	-2.63066
13064070	416	0.1	-0.1	-0.624312
13064070	417	0.1	-0.1	4.45574
13064070	418	0.1	-0.1	-4.57553
13064070	419	0.1	-0.1	-4.88608
13064070	420	0.1	-0.1	-0.237376
13064070	421	0.1	-0.1	4.25934
13064070	422	0.1	-0.1	0.57882
13064070	423	0.1	-0.1	-5.58576
13064070	424	0.1	-0.1	-0.118886
13064070	425	0.1	-0.1	3.84576
13064070	426	0.1	-0.1	-3.65193
13064070	427	0.1	-0.1	4.19182
13064070	428	0.1	-0.1	3.67561
13064070	429	0.1	-0.1	3.69237
13064070	430	0.1	-0.1	-5.25864
13064070	431	0.1	-0.1	2.94854
13064070	432	0.1	-0.1	2.39192
13064070	433	0.1	-0.1	1.48504
13064070	434	0.1	-0.1	-5.89757
13064070	435	0.1	-0.1	0.919183
13064070	436	0.1	-0.1	2.40386
13064070	437	0.1	-0.1	4.74449
13064070	438	0.1	-0.1	1.58721
13064070	439	0.1	-0.1	-5.15828
13064070	440	0.1	-0.1	5.51443
13064070	441	0.1	-0.1	-3.58608
13064070	442	0.1	-0.1	5.30284
13064070	443	0.1	-0.1	5.79824
13064070	444	0.1	-0.1	5.07274
13064070	445	0.1	-0.1	-0.413596
13064070	446	0.1	-0.1	1.01001
13064070	447	0.1	-0.1	5.73448
13064070	448	0.1	-0.1	-1.43046
13064070	449	0.1	-0.1	2.02271
13064070	450	0.1	-0.1	2.03132
13064070	451	0.1	-0.1	4.45944
13064070	452	0.1	-0.1	2.38884
13064070	453	0.1	-0.1	-4.37525
13064070	454	0.1	-0.1	-2.0874
13064070	455	0.1	-0.1	-1.27877
13064070	456	0.1	-0.1	1.10319
13064070	457	0.1	-0.1	-2.58174
13064070	458	0.1	-0.1	5.6656
13064070	459	0.1	-0.1	-3.49177
13064070	460	0.1	-0.1	-5.07264
13064070	461	0.1	-0.1	-1.72511
13064070	462	0.1	-0.1	-5.94353
13064070	463	0.1	-0.1	-4.81176
13064070	464	0.1	-0.1	-5.53607
13064070	465	0.1	-0.1	-4.69191
13064070	466	0.1	-0.1	-4.89069
13064070	467	0.1	-0.1	5.18478
13064070	468	0.1	-0.1	2.98823
13064070	469	0.1	-0.1	1.95708
13064070	470	0.1	-0.1	-5.56799
13064070	471	0.1	-0.1	5.49277
13064070	472	0.1	-0.1	-5.4242
13064070	473	0.1	-0.1	3.64732
13064070	474	0.1	-0.1	2.06738
13064070	475	0.1	-0.1	3.47668
13064070	476	0.1	-0.1	-5.93643
13064070	477	0.1	-0.1	-2.3391
13064070	478	0.1	-0.1	-0.860563
13064070	479	0.1	-0.1	0.987965
13064070	480	0.1	-0.1	-1.82296
13064070	481	0.1	-0.1	-3.52138
13064070	482	0.1	-0.1	2.68514
13064070	483	0.1	-0.1	-5.37289
13064070	484	0.1	-0.1	-4.17397
13064070	485	0.1	-0.1	-0.4076
13064070	486	0.1	-0.1	-3.17704
13064070	487	0.1	-0.1	5.94881
13064070	488	0.1	-0.1	-2.75196
13064070	489	0.1	-0.1	3.88964
13064070	490	0.1	-0.1	-5.79312
13064070	491	0.1	-0.1	-5.60057
13064070	492	0.1	-0.1	-4.76935
13064070	493	0.1	-0.1	-3.68398
13064070	494	0.1	-0.1	-0.978995
13064070	495	0.1	-0.1	3.60715
13064070	496	0.1	-0.1	1.82695
13064070	497	0.1	-0.1	-5.41675
13064070	498	0.1	-0.1	-2.50898
13064070	499	0.1	-0.1	-4.5803
13064070	500	0.1	-0.1	1.08351
13064070	501	0.1	-0.1	4.08187
13064070	502	0.1	-0.1	-2.52527
13064070	503	0.1	-0.1	-0.793208
13064070	504	0.1	-0.1	5.65209
13064070	505	0.1	-0.1	-5.86171
13064070	506	0.1	-0.1	-4.01525
13064070	507	0.1	-0.1	-4.37513
13064070	508	0.1	-0.1	-5.64872
13064070	509	0.1	-0.1	3.03327
13064070	510	0.1	-0.1	1.46184
13064070	511	0.1	-0.1	1.40649
13064070	512	0.1	-0.1	-2.72823
13064070	513	0.1	-0.1	0.352761
13064070	514	0.1	-0.1	2.92861
13064070	515	0.1	-0.1	-5.07892
13064070	516	0.1	-0.1	2.34482
13064070	517	0.1	-0.1	2.66745
13064070	518	0.1	-0.1	5.77213
13064070	519	0.1	-0.1	-3.0946
13064070	520	0.1	-0.1	4.65526
13064070	521	0.1	-0.1	-5.03718
13064070	522	0.1	-0.1	-1.43796
13064070	523	0.1	-0.1	1.00771
13064070	524	0.1	-0.1	2.77275
13064070	525	0.1	-0.1	-2.78061
13064070	526	0.1	-0.1	4.56385
13064070	527	0.1	-0.1	-2.83917
13064070	528	0.1	-0.1	-5.70697
13064070	529	0.1	-0.1	4.31824
13064070	530	0.1	-0.1	2.10975
13064070	531	0.1	-0.1	-1.05882
13064070	532	0.1	-0.1	-4.4329
13064070	533	0.1	-0.1	2.43721
13064070	534	0.1	-0.1	4.80558
13064070	535	0.1	-0.1	-4.6877
13064070	536	0.1	-0.1	0.798989
13064070	537	0.1	-0.1	1.69475
13064070	538	0.1	-0.1	-3.00276
13064070	539	0.1	-0.1	3.9016
13064070	540	0.1	-0.1	-1.7512
13064070	541	0.1	-0.1	4.60556
13064070	542	0.1	-0.1	-0.453872
13064070	543	0.1	-0.1	-1.52788
13064070	544	0.1	-0.1	3.88049
13064070	545	0.1	-0.1	2.56204
13064070	546	0.1	-0.1	4.45553
13064070	547	0.1	-0.1	-0.232421
13064070	548	0.1	-0.1	1.61081
13064070	549	0.1	-0.1	-3.89394
13064070	550	0.1	-0.1	4.49945
13064070	551	0.1	-0.1	-4.68988
13064070	552	0.1	-0.1	0.206567
13064070	553	0.1	-0.1	-5.95076
13064070	554	0.1	-0.1	1.26322
13064070	555	0.1	-0.1	1.10043
13064070	556	0.1	-0.1	0.95401
13064070	557	0.1	-0.1	-3.28681
13064070	558	0.1	-0.1	-2.38397
13064070	559	0.1	-0.1	0.0919672
13064070	560	0.1	-0.1	-3.33982
13064070	561	0.1	-0.1	0.465337
13064070	562	0.1	-0.1	-0.999037
13064070	563	0.1	-0.1	2.81368
13064070	564	0.1	-0.1	5.44954
13064070	565	0.1	-0.1	4.60562
13064070	566	0.1	-0.1	-2.33172
13064070	567	0.1	-0.1	-3.86974
13064070	568	0.1	-0.1	3.22848
13064070	569	0.1	-0.1	-4.28993
13064070	570	0.1	-0.1	-3.3554
13064070	571	0.1	-0.1	5.24942
13064070	572	0.1	-0.1	0.542093
13064070	573	0.1	-0.1	5.16246
13064070	574	0.1	-0.1	1.68235
13064070	575	0.1	-0.1	5.5599
13064070	576	0.1	-0.1	5.24483
13064070	577	0.1	-0.1	5.8564
13064070	578	0.1	-0.1	-4.72062
13064070	579	0.1	-0.1	-4.09564
13064070	580	0.1	-0.1	-0.118619
13064070	581	0.1	-0.1	1.89722
13064070	582	0.1	-0.1	0.628131
13064070	583	0.1	-0.1	-4.2078
13064070	584	0.1	-0.1	0.342682
13064070	585	0.1	-0.1	-3.99358
13064070	586	0.1	-0.1	-5.79518
13064070	587	0.1	-0.1	3.47265
13064070	588	0.1	-0.1	2.53868
13064070	589	0.1	-0.1	2.46382
13064070	590	0.1	-0.1	5.95807
13064070	591	0.1	-0.1	-5.67185
13064070	592	0.1	-0.1	3.30543
13064070	593	0.1	-0.1	-3.51496
13064070	594	0.1	-0.1	-4.70898
13064070	595	0.1	-0.1	-0.620175
13064070	596	0.1	-0.1	-5.89308
13064070	597	0.1	-0.1	-2.53036
13064070	598	0.1	-0.1	5.97757
13064070	599	0.1	-0.1	-2.36289
13064070	600	0.1	-0.1	3.32407
13064070	601	0.1	-0.1	0.258773
13064070	602	0.1	-0.1	1.82792
13064070	603	0.1	-0.1	-3.50203
13064070	604	0.1	-0.1	-2.45744
13064070	605	0.1	-0.1	5.31867
13064070	606	0.1	-0.1	-0.835969
13064070	607	0.1	-0.1	3.03894
13064070	608	0.1	-0.1	0.397004
13064070	609	0.1	-0.1	1.8178
13064070	610	0.1	-0.1	4.9304
13064070	611	0.1	-0.1	5.35704
13064070	612	0.1	-0.1	-4.75707
13064070	613	0.1	-0.1	-0.720352
13064070	614	0.1	-0.1	5.40094
13064070	615	0.1	-0.1	3.30349
13064070	616	0.1	-0.1	4.50357
13064070	617	0.1	-0.1	2.88042
13064070	618	0.1	-0.1	-0.0821813
13064070	619	0.1	-0.1	2.38691
13064070	620	0.1	-0.1	-2.07912
13064070	621	0.1	-0.1	3.88321
13064070	622	0.1	-0.1	-5.72044
13064070	623	0.1	-0.1	3.25822
13064070	624	0.1	-0.1	-3.22726
13064070	625	0.1	-0.1	0.335127
13064070	626	0.1	-0.1	5.20322
13064070	627	0.1	-0.1	3.38032
13064070	628	0.1	-0.1	-0.0166751
13064070	629	0.1	-0.1	-4.49316
13064070	630	0.1	-0.1	-4.58444
13064070	631	0.1	-0.1	-4.20038
13064070	632	0.1	-0.1	1.47668
13064070	633	0.1	-0.1	-5.67514
13064070	634	0.1	-0.1	3.26312
13064070	635	0.1	-0.1	3.18559
13064070	636	0.1	-0.1	-2.06398
13064070	637	0.1	-0.1	-0.429662
13064070	638	0.1	-0.1	-4.19904
13064070	639	0.1	-0.1	1.21243
13064070	640	0.1	-0.1	-2.35364
13064070	641	0.1	-0.1	4.88303
13064070	642	0.1	-0.1	4.79839
13064070	643	0.1	-0.1	4.44939
13064070	644	0.1	-0.1	1.76235
13064070	645	0.1	-0.1	-5.09014
13064070	646	0.1	-0.1	-5.39962
13064070	647	0.1	-0.1	-2.26645
13064070	648	0.1	-0.1	2.07409
13064070	649	0.1	-0.1	-4.56756
13064070	650	0.1	-0.1	1.40606
13064070	651	0.1	-0.1	5.47836
13064070	652	0.1	-0.1	5.42609
13064070	653	0.1	-0.1	4.93097
13064070	654	0.1	-0.1	4.24978
13064070	655	0.1	-0.1	-2.88287
13064070	656	0.1	-0.1	-5.88586
13064070	657	0.1	-0.1	5.96277
13064070	658	0.1	-0.1	-2.8485
13064070	659	0.1	-0.1	-4.32466
13064070	660	0.1	-0.1	2.94235
13064070	661	0.1	-0.1	0.975615
13064070	662	0.1	-0.1	-4.63998
13064070	663	0.1	-0.1	-4.38665
13064070	664	0.1	-0.1	4.79037
13064070	665	0.1	-0.1	-3.15709
13064070	666	0.1	-0.1	-5.73655
13064070	667	0.1	-0.1	-2.33357
13064070	668	0.1	-0.1	-2.09522
13064070	669	0.1	-0.1	-5.70703
13064070	670	0.1	-0.1	0.149393
13064070	671	0.1	-0.1	-1.06308
13064070	672	0.1	-0.1	5.80237
13064070	673	0.1	-0.1	4.47097
13064070	674	0.1	-0.1	1.57711
13064070	675	0.1	-0.1	-1.20602
13064070	676	0.1	-0.1	5.30715
13064070	677	0.1	-0.1	0.280261
13064070	678	0.1	-0.1	-0.566539
13064070	679	0.1	-0.1	-0.27337
13064070	680	0.1	-0.1	2.26309
13064070	681	0.1	-0.1	2.59937
13064070	682	0.1	-0.1	-2.41004
13064070	683	0.1	-0.1	-2.19057
13064070	684	0.1	-0.1	-0.517696
13064070	685	0.1	-0.1	-0.879096
13064070	686	0.1	-0.1	-2.99253
13064070	687	0.1	-0.1	-1.59301
13064070	688	0.1	-0.1	-5.92518
13064070	689	0.1	-0.1	3.71553
13064070	690	0.1	-0.1	-2.8366
13064070	691	0.1	-0.1	-2.27863
13064070	692	0.1	-0.1	-4.4885
13064070	693	0.1	-0.1	-0.990689
13064070	694	0.1	-0.1	-3.19441
13064070	695	0.1	-0.1	-5.99999
13064070	696	0.1	-0.1	1.80883
13064070	697	0.1	-0.1	-4.39182
13064070	698	0.1	-0.1	-3.53159
13064070	699	0.1	-0.1	-1.93682
13064070	700	0.1	-0.1	3.85063
13064070	701	0.1	-0.1	-0.73041
13064070	702	0.1	-0.1	2.88495
13064070	703	0.1	-0.1	-5.44565
13064070	704	0.1	-0.1	-4.85422
13064070	705	0.1	-0.1	-4.23473
13064070	706	0.1	-0.1	2.21601
13064070	707	0.1	-0.1	-5.11783
13064070	708	0.1	-0.1	4.88483
13064070	709	0.1	-0.1	-5.92826
13064070	710	0.1	-0.1	-1.86488
13064070	711	0.1	-0.1	-3.30696
13064070	712	0.1	-0.1	0.407324
13064070	713	0.1	-0.1	-1.20542
13064070	714	0.1	-0.1	4.24719
13064070	715	0.1	-0.1	2.22821
13064070	716	0.1	-0.1	5.55436
13064070	717	0.1	-0.1	-4.92704
13064070	718	0.1	-0.1	4.30752
13064070	719	0.1	-0.1	-3.93932
13064070	720	0.1	-0.1	3.58656
13064070	721	0.1	-0.1	-4.28508
13064070	722	0.1	-0.1	2.41871
13064070	723	0.1	-0.1	2.74454
13064070	724	0.1	-0.1	-0.727603
13064070	725	0.1	-0.1	0.882831
13064070	726	0.1	-0.1	2.62632
13064070	727	0.1	-0.1	3.36902
13064070	728	0.1	-0.1	-5.9701
13064070	729	0.1	-0.1	4.38741
13064070	730	0.1	-0.1	5.14047
13064070	731	0.1	-0.1	-0.986277
13064070	732	0.1	-0.1	1.04621
13064070	733	0.1	-0.1	-3.48325
13064070	734	0.1	-0.1	-2.28943
13064070	735	0.1	-0.1	3.34148
13064070	736	0.1	-0.1	3.35859
13064070	737	0.1	-0.1	5.11211
13064070	738	0.1	-0.1	1.77987
13064070	739	0.1	-0.1	-2.88126
13064070	740	0.1	-0.1	4.93175
13064070	741	0.1	-0.1	4.73016
13064070	742	0.1	-0.1	3.19583
13064070	743	0.1	-0.1	-5.28196
13064070	744	0.1	-0.1	2.47137
13064070	745	0.1	-0.1	0.314128
13064070	746	0.1	-0.1	-4.21254
13064070	747	0.1	-0.1	-2.70327
13064070	748	0.1	-0.1	-1.62562
13064070	749	0.1	-0.1	4.91768
13064070	750	0.1	-0.1	-5.90465
13064070	751	0.1	-0.1	-1.42627
13064070	752	0.1	-0.1	-1.82626
13064070	753	0.1	-0.1	5.48736
13064070	754	0.1	-0.1	-1.81854
13064070	755	0.1	-0.1	2.75954
13064070	756	0.1	-0.1	5.94769
13064070	757	0.1	-0.1	0.361288
13064070	758	0.1	-0.1	4.15279
13064070	759	0.1	-0.1	3.38062
13064070	760	0.1	-0.1	-2.10526
13064070	761	0.1	-0.1	5.46686
13064070	762	0.1	-0.1	4.44035
13064070	763	0.1	-0.1	-0.261522
13064070	764	0.1	-0.1	5.99174
13064070	765	0.1	-0.1	0.231245
13064070	766	0.1	-0.1	4.90628
13064070	767	0.1	-0.1	4.82201
13064070	768	0.1	-0.1	2.77294
13064070	769	0.1	-0.1	-3.12767
13064070	770	0.1	-0.1	-2.55755
13064070	771	0.1	-0.1	5.96453
13064070	772	0.1	-0.1	-0.976431
13064070	773	0.1	-0.1	1.38065
13064070	774	0.1	-0.1	-4.35531
13064070	775	0.1	-0.1	-4.14172
13064070	776	0.1	-0.1	-0.429833
13064070	777	0.1	-0.1	-1.73813
13064070	778	0.1	-0.1	-5.83781
13064070	779	0.1	-0.1	0.873397
13064070	780	0.1	-0.1	1.36025
13064070	781	0.1	-0.1	2.09664
13064070	782	0.1	-0.1	1.35471
13064070	783	0.1	-0.1	4.31638
13064070	784	0.1	-0.1	0.945643
13064070	785	0.1	-0.1	-3.2627
13064070	786	0.1	-0.1	-4.4312
13064070	787	0.1	-0.1	2.70925
13064070	788	0.1	-0.1	2.10221
13064070	789	0.1	-0.1	-4.55493
13064070	790	0.1	-0.1	5.63889
13064070	791	0.1	-0.1	-1.53568
13064070	792	0.1	-0.1	-2.66122
13064070	793	0.1	-0.1	-5.54773
13064070	794	0.1	-0.1	4.53141
13064070	795	0.1	-0.1	1.33771
13064070	796	0.1	-0.1	-2.3361
13064070	797	0.1	-0.1	-4.32219
13064070	798	0.1	-0.1	5.08366
13064070	799	0.1	-0.1	-5.79075
13064070	800	0.1	-0.1	5.22854
13064070	801	0.1	-0.1	-3.42492
13064070	802	0.1	-0.1	4.36796
13064070	803	0.1	-0.1	3.6466
13064070	804	0.1	-0.1	0.769272
13064070	805	0.1	-0.1	2.99755
13064070	806	0.1	-0.1	4.19511
13064070	807	0.1	-0.1	3.17577
13064070	808	0.1	-0.1	5.68578
13064070	809	0.1	-0.1	-5.26183
13064070	810	0.1	-0.1	4.51588
13064070	811	0.1	-0.1	-0.0883593
13064070	812	0.1	-0.1	4.84712
13064070	813	0.1	-0.1	-0.377622
13064070	814	0.1	-0.1	-2.71482
13064070	815	0.1	-0.1	-4.64066
13064070	816	0.1	-0.1	3.21359
13064070	817	0.1	-0.1	-1.80057
13064070	818	0.1	-0.1	-2.33856
13064070	819	0.1	-0.1	-5.51982
13064070	820	0.1	-0.1	2.43997
13064070	821	0.1	-0.1	-2.22885
13064070	822	0.1	-0.1	-5.66197
13064070	823	0.1	-0.1	-3.39381
13064070	824	0.1	-0.1	3.71922
13064070	825	0.1	-0.1	-1.67051
13064070	826	0.1	-0.1	5.87603
13064070	827	0.1	-0.1	1.79019
13064070	828	0.1	-0.1	0.368517
13064070	829	0.1	-0.1	-4.99733
13064070	830	0.1	-0.1	3.75779
13064070	831	0.1	-0.1	-3.04731
13064070	832	0.1	-0.1	1.41217
13064070	833	0.1	-0.1	-3.17494
13064070	834	0.1	-0.1	1.62145
13064070	835	0.1	-0.1	-2.85
13064070	836	0.1	-0.1	-4.0624
13064070	837	0.1	-0.1	-4.95307
13064070	838	0.1	-0.1	2.89407
13064070	839	0.1	-0.1	5.74601
13064070	840	0.1	-0.1	-3.70468
13064070	841	0.1	-0.1	3.28672
13064070	842	0.1	-0.1	-1.31202
13064070	843	0.1	-0.1	-5.63183
13064070	844	0.1	-0.1	-1.25919
13064070	845	0.1	-0.1	3.11859
13064070	846	0.1	-0.1	2.65213
13064070	847	0.1	-0.1	0.901921
13064070	848	0.1	-0.1	0.0917718
13064070	849	0.1	-0.1	1.22774
13064070	850	0.1	-0.1	2.38716
13064070	851	0.1	-0.1	0.532072
13064070	852	0.1	-0.1	-3.30173
13064070	853	0.1	-0.1	0.807427
13064070	854	0.1	-0.1	-1.41519
13064070	855	0.1	-0.1	0.570771
13064070	856	0.1	-0.1	-2.83889
13064070	857	0.1	-0.1	-3.7813
13064070	858	0.1	-0.1	-4.64941
13064070	859	0.1	-0.1	-1.74184
13064070	860	0.1	-0.1	-1.21066
13064070	861	0.1	-0.1	-0.772005
13064070	862	0.1	-0.1	0.868894
13064070	863	0.1	-0.1	-4.23967
13064070	864	0.1	-0.1	4.30623
13064070	865	0.1	-0.1	1.41363
13064070	866	0.1	-0.1	-1.19155
13064070	867	0.1	-0.1	5.67552
13064070	868	0.1	-0.1	-3.87863
13064070	869	0.1	-0.1	-4.10547
13064070	870	0.1	-0.1	-1.07836
13064070	871	0.1	-0.1	-4.16296
13064070	872	0.1	-0.1	0.95629
13064070	873	0.1	-0.1	4.00472
13064070	874	0.1	-0.1	-0.766673
13064070	875	0.1	-0.1	5.95755
13064070	876	0.1	-0.1	-2.70691
13064070	877	0.1	-0.1	4.85529
13064070	878	0.1	-0.1	5.20235
13064070	879	0.1	-0.1	0.188441
13064070	880	0.1	-0.1	2.13056
13064070	881	0.1	-0.1	5.16886
13064070	882	0.1	-0.1	1.49217
13064070	883	0.1	-0.1	-1.48332
13064070	884	0.1	-0.1	-2.27648
13064070	885	0.1	-0.1	0.126384
13064070	886	0.1	-0.1	-1.35978
13064070	887	0.1	-0.1	-4.55514
13064070	888	0.1	-0.1	4.22532
13064070	889	0.1	-0.1	-5.75255
13064070	890	0.1	-0.1	1.29381
13064070	891	0.1	-0.1	4.45153
13064070	892	0.1	-0.1	-5.17921
13064070	893	0.1	-0.1	2.19852
13064070	894	0.1	-0.1	5.14534
13064070	895	0.1	-0.1	-5.69727
13064070	896	0.1	-0.1	3.36733
13064070	897	0.1	-0.1	4.56541
13064070	898	0.1	-0.1	5.58589
13064070	899	0.1	-0.1	-4.12018
13064070	900	0.1	-0.1	0.655095
13064070	901	0.1	-0.1	2.79372
13064070	902	0.1	-0.1	-5.66537
13064070	903	0.1	-0.1	-2.9256
13064070	904	0.1	-0.1	1.3639
13064070	905	0.1	-0.1	-1.6434
13064070	906	0.1	-0.1	5.11677
13064070	907	0.1	-0.1	-4.13883
13064070	908	0.1	-0.1	-4.60273
13064070	909	0.1	-0.1	1.57496
13064070	910	0.1	-0.1	3.04245
13064070	911	0.1	-0.1	2.88442
13064070	912	0.1	-0.1	2.33208
13064070	913	0.1	-0.1	5.89038
13064070	914	0.1	-0.1	-3.96703
13064070	915	0.1	-0.1	-3.03983
13064070	916	0.1	-0.1	-3.60785
13064070	917	0.1	-0.1	-5.29365
13064070	918	0.1	-0.1	4.96408
13064070	919	0.1	-0.1	0.201864
13064070	920	0.1	-0.1	1.859
13064070	921	0.1	-0.1	0.248438
13064070	922	0.1	-0.1	-5.58946
13064070	923	0.1	-0.1	-1.71621
13064070	924	0.1	-0.1	-2.47535
13064070	925	0.1	-0.1	2.88888
13064070	926	0.1	-0.1	0.859637
13064070	927	0.1	-0.1	-4.02374
13064070	928	0.1	-0.1	-5.27101
13064070	929	0.1	-0.1	-3.12069
13064070	930	0.1	-0.1	0.764859
13064070	931	0.1	-0.1	-5.9102
13064070	932	0.1	-0.1	2.87544
13064070	933	0.1	-0.1	-4.14913
13064070	934	0.1	-0.1	-0.253387
13064070	935	0.1	-0.1	-0.593369
13064070	936	0.1	-0.1	4.24111
13064070	937	0.1	-0.1	-0.350529
13064070	938	0.1	-0.1	-0.744126
13064070	939	0.1	-0.1	2.18201
13064070	940	0.1	-0.1	0.546636
13064070	941	0.1	-0.1	5.95858
13064070	942	0.1	-0.1	0.989145
13064070	943	0.1	-0.1	2.66808
13064070	944	0.1	-0.1	-3.08387
13064070	945	0.1	-0.1	1.73014
13064070	946	0.1	-0.1	-2.54783
13064070	947	0.1	-0.1	4.14065
13064070	948	0.1	-0.1	-5.82664
13064070	949	0.1	-0.1	-3.69183
13064070	950	0.1	-0.1	-1.20285
13064070	951	0.1	-0.1	-4.8293
13064070	952	0.1	-0.1	-0.0733039
13064070	953	0.1	-0.1	3.28835
13064070	954	0.1	-0.1	-1.55501
13064070	955	0.1	-0.1	-0.196218
13064070	956	0.1	-0.1	-0.103392
13064070	957	0.1	-0.1	2.1432
13064070	958	0.1	-0.1	-3.78524
13064070	959	0.1	-0.1	-1.93823
13064070	960	0.1	-0.1	4.19478
13064070	961	0.1	-0.1	-3.17681
13064070	962	0.1	-0.1	2.20903
13064070	963	0.1	-0.1	2.99113
13064070	964	0.1	-0.1	4.91669
13064070	965	0.1	-0.1	2.44869
13064070	966	0.1	-0.1	-2.23311
13064070	967	0.1	-0.1	-0.0828238
13064070	968	0.1	-0.1	-2.62168
13064070	969	0.1	-0.1	3.17688
13064070	970	0.1	-0.1	3.06505
13064070	971	0.1	-0.1	-1.73359
13064070	972	0.1	-0.1	1.3353
13064070	973	0.1	-0.1	5.9339
13064070	974	0.1	-0.1	0.87308
13064070	975	0.1	-0.1	-3.0586
13064070	976	0.1	-0.1	-2.30892
13064070	977	0.1	-0.1	4.61085
13064070	978	0.1	-0.1	-3.8728
13064070	979	0.1	-0.1	-3.19298
13064070	980	0.1	-0.1	-4.38819
13064070	981	0.1	-0.1	4.95326
13064070	982	0.1	-0.1	5.48973
13064070	983	0.1	-0.1	-4.98567
13064070	984	0.1	-0.1	-5.17541
13064070	985	0.1	-0.1	-5.89626
13064070	986	0.1	-0.1	-0.0628086
13064070	987	0.1	-0.1	-2.01258
13064070	988	0.1	-0.1	-5.76433
13064070	989	0.1	-0.1	-4.12312
13064070	990	0.1	-0.1	-3.22808
13064070	991	0.1	-0.1	-5.53866
13064070	992	0.1	-0.1	-0.120988
13064070	993	0.1	-0.1	3.4961
13064070	994	0.1	-0.1	2.14963
13064070	995	0.1	-0.1	-4.03981
13064070	996	0.1	-0.1	1.22751
13064070	997	0.1	-0.1	-5.54843
13064070	998	0.1	-0.1	-2.0832
13064070	999	0.1	-0.1	2.4112
13064070	1000	0.1	-0.1	-5.15243
