13063033	1	0.1	-0.1	4.96511
13063033	2	0.1	-0.1	5.43851
13063033	3	0.1	-0.1	-5.51039
13063033	4	0.1	-0.1	-1.27966
13063033	5	0.1	-0.1	5.00956
13063033	6	0.1	-0.1	-5.954
13063033	7	0.1	-0.1	4.33227
13063033	8	0.1	-0.1	-4.25969
13063033	9	0.1	-0.1	-0.0962592
13063033	10	0.1	-0.1	5.4774
13063033	11	0.1	-0.1	-2.28388
13063033	12	0.1	-0.1	4.97694
13063033	13	0.1	-0.1	-3.84943
13063033	14	0.1	-0.1	-5.24372
13063033	15	0.1	-0.1	-5.77171
13063033	16	0.1	-0.1	-0.135948
13063033	17	0.1	-0.1	-5.7857
13063033	18	0.1	-0.1	3.4555
13063033	19	0.1	-0.1	-5.15115
13063033	20	0.1	-0.1	-5.10793
13063033	21	0.1	-0.1	-2.99496
13063033	22	0.1	-0.1	-5.12856
13063033	23	0.1	-0.1	5.35457
13063033	24	0.1	-0.1	-0.49726
13063033	25	0.1	-0.1	5.64467
13063033	26	0.1	-0.1	-1.14227
13063033	27	0.1	-0.1	3.81459
13063033	28	0.1	-0.1	3.33655
13063033	29	0.1	-0.1	2.43055
13063033	30	0.1	-0.1	-3.44206
13063033	31	0.1	-0.1	3.17527
13063033	32	0.1	-0.1	-0.0446347
13063033	33	0.1	-0.1	2.07753
13063033	34	0.1	-0.1	-5.18958
13063033	35	0.1	-0.1	5.152
13063033	36	0.1	-0.1	-2.69291
13063033	37	0.1	-0.1	-2.61897
13063033	38	0.1	-0.1	-4.90435
13063033	39	0.1	-0.1	-3.6079
13063033	40	0.1	-0.1	-4.28213
13063033	41	0.1	-0.1	-5.19852
13063033	42	0.1	-0.1	5.23308
13063033	43	0.1	-0.1	-3.30294
13063033	44	0.1	-0.1	-4.44039
13063033	45	0.1	-0.1	5.83149
13063033	46	0.1	-0.1	5.40171
13063033	47	0.1	-0.1	-1.1644
13063033	48	0.1	-0.1	-3.55399
13063033	49	0.1	-0.1	-0.204819
13063033	50	0.1	-0.1	1.46963
13063033	51	0.1	-0.1	-2.09722
13063033	52	0.1	-0.1	5.42648
13063033	53	0.1	-0.1	1.36597
13063033	54	0.1	-0.1	4.23236
13063033	55	0.1	-0.1	5.3705
13063033	56	0.1	-0.1	-2.63329
13063033	57	0.1	-0.1	2.89505
13063033	58	0.1	-0.1	-5.31802
13063033	59	0.1	-0.1	1.8033
13063033	60	0.1	-0.1	5.26446
13063033	61	0.1	-0.1	2.23897
13063033	62	0.1	-0.1	-1.06906
13063033	63	0.1	-0.1	5.85982
13063033	64	0.1	-0.1	0.632274
13063033	65	0.1	-0.1	-1.4313
13063033	66	0.1	-0.1	-4.55183
13063033	67	0.1	-0.1	1.33099
13063033	68	0.1	-0.1	-2.23749
13063033	69	0.1	-0.1	-4.43033
13063033	70	0.1	-0.1	2.52968
13063033	71	0.1	-0.1	-0.0510216
13063033	72	0.1	-0.1	3.42453
13063033	73	0.1	-0.1	-5.90025
13063033	74	0.1	-0.1	-5.84188
13063033	75	0.1	-0.1	2.84467
13063033	76	0.1	-0.1	2.48391
13063033	77	0.1	-0.1	-2.73955
13063033	78	0.1	-0.1	0.508342
13063033	79	0.1	-0.1	-3.82313
13063033	80	0.1	-0.1	-1.73791
13063033	81	0.1	-0.1	3.91368
13063033	82	0.1	-0.1	3.89447
13063033	83	0.1	-0.1	-0.964018
13063033	84	0.1	-0.1	3.69849
13063033	85	0.1	-0.1	4.32579
13063033	86	0.1	-0.1	5.93014
13063033	87	0.1	-0.1	-2.44187
13063033	88	0.1	-0.1	2.69449
13063033	89	0.1	-0.1	5.38694
13063033	90	0.1	-0.1	0.425116
13063033	91	0.1	-0.1	2.74279
13063033	92	0.1	-0.1	0.63269
13063033	93	0.1	-0.1	-5.12981
13063033	94	0.1	-0.1	-2.50494
13063033	95	0.1	-0.1	-0.460464
13063033	96	0.1	-0.1	3.19366
13063033	97	0.1	-0.1	1.50327
13063033	98	0.1	-0.1	-5.371
13063033	99	0.1	-0.1	-4.53046
13063033	100	0.1	-0.1	0.751367
13063033	101	0.1	-0.1	-1.27899
13063033	102	0.1	-0.1	0.0846955
13063033	103	0.1	-0.1	2.56547
13063033	104	0.1	-0.1	-2.73762
13063033	105	0.1	-0.1	-4.97324
13063033	106	0.1	-0.1	2.98343
13063033	107	0.1	-0.1	-2.93786
13063033	108	0.1	-0.1	0.239654
13063033	109	0.1	-0.1	-5.57748
13063033	110	0.1	-0.1	-0.134983
13063033	111	0.1	-0.1	-0.671106
13063033	112	0.1	-0.1	-5.72367
13063033	113	0.1	-0.1	-5.74447
13063033	114	0.1	-0.1	-3.11856
13063033	115	0.1	-0.1	0.698475
13063033	116	0.1	-0.1	-4.65568
13063033	117	0.1	-0.1	-5.6381
13063033	118	0.1	-0.1	-2.62015
13063033	119	0.1	-0.1	5.35507
13063033	120	0.1	-0.1	-2.77065
13063033	121	0.1	-0.1	-4.84389
13063033	122	0.1	-0.1	-0.0345031
13063033	123	0.1	-0.1	2.82851
13063033	124	0.1	-0.1	-3.35397
13063033	125	0.1	-0.1	-2.04664
13063033	126	0.1	-0.1	5.36825
13063033	127	0.1	-0.1	2.00139
13063033	128	0.1	-0.1	-1.04024
13063033	129	0.1	-0.1	-4.24325
13063033	130	0.1	-0.1	1.91285
13063033	131	0.1	-0.1	-2.76744
13063033	132	0.1	-0.1	-1.72827
13063033	133	0.1	-0.1	-3.07154
13063033	134	0.1	-0.1	0.466932
13063033	135	0.1	-0.1	0.0701271
13063033	136	0.1	-0.1	-4.1418
13063033	137	0.1	-0.1	-5.71556
13063033	138	0.1	-0.1	0.859514
13063033	139	0.1	-0.1	-4.37103
13063033	140	0.1	-0.1	-5.34368
13063033	141	0.1	-0.1	3.60492
13063033	142	0.1	-0.1	-0.700001
13063033	143	0.1	-0.1	4.15354
13063033	144	0.1	-0.1	-0.142649
13063033	145	0.1	-0.1	-0.714861
13063033	146	0.1	-0.1	3.52138
13063033	147	0.1	-0.1	5.17132
13063033	148	0.1	-0.1	5.04316
13063033	149	0.1	-0.1	1.02223
13063033	150	0.1	-0.1	4.50933
13063033	151	0.1	-0.1	-2.25261
13063033	152	0.1	-0.1	3.76859
13063033	153	0.1	-0.1	-1.57884
13063033	154	0.1	-0.1	-1.82678
13063033	155	0.1	-0.1	2.37748
13063033	156	0.1	-0.1	4.803
13063033	157	0.1	-0.1	1.75889
13063033	158	0.1	-0.1	-1.92904
13063033	159	0.1	-0.1	4.28184
13063033	160	0.1	-0.1	-3.85907
13063033	161	0.1	-0.1	-0.159944
13063033	162	0.1	-0.1	-2.99123
13063033	163	0.1	-0.1	1.77526
13063033	164	0.1	-0.1	2.86636
13063033	165	0.1	-0.1	-0.536289
13063033	166	0.1	-0.1	2.50884
13063033	167	0.1	-0.1	0.0136878
13063033	168	0.1	-0.1	2.88599
13063033	169	0.1	-0.1	1.94975
13063033	170	0.1	-0.1	-2.11932
13063033	171	0.1	-0.1	-2.61627
13063033	172	0.1	-0.1	-5.24652
13063033	173	0.1	-0.1	-3.10552
13063033	174	0.1	-0.1	-2.05358
13063033	175	0.1	-0.1	1.17774
13063033	176	0.1	-0.1	-4.51632
13063033	177	0.1	-0.1	-0.593913
13063033	178	0.1	-0.1	2.55396
13063033	179	0.1	-0.1	0.165822
13063033	180	0.1	-0.1	-1.13355
13063033	181	0.1	-0.1	-0.862853
13063033	182	0.1	-0.1	-5.48987
13063033	183	0.1	-0.1	-0.713987
13063033	184	0.1	-0.1	1.44322
13063033	185	0.1	-0.1	-2.02361
13063033	186	0.1	-0.1	4.29108
13063033	187	0.1	-0.1	5.45238
13063033	188	0.1	-0.1	-5.88053
13063033	189	0.1	-0.1	2.5009
13063033	190	0.1	-0.1	5.72377
13063033	191	0.1	-0.1	3.9215
13063033	192	0.1	-0.1	-2.83807
13063033	193	0.1	-0.1	-1.75345
13063033	194	0.1	-0.1	4.80659
13063033	195	0.1	-0.1	-3.36119
13063033	196	0.1	-0.1	2.07931
13063033	197	0.1	-0.1	-3.42914
13063033	198	0.1	-0.1	5.67051
13063033	199	0.1	-0.1	-5.41011
13063033	200	0.1	-0.1	-4.22423
13063033	201	0.1	-0.1	3.47757
13063033	202	0.1	-0.1	-5.80699
13063033	203	0.1	-0.1	-5.00561
13063033	204	0.1	-0.1	4.633
13063033	205	0.1	-0.1	2.45823
13063033	206	0.1	-0.1	-3.02401
13063033	207	0.1	-0.1	-2.07442
13063033	208	0.1	-0.1	2.53145
13063033	209	0.1	-0.1	5.43578
13063033	210	0.1	-0.1	5.71635
13063033	211	0.1	-0.1	1.39772
13063033	212	0.1	-0.1	-3.06572
13063033	213	0.1	-0.1	-2.8085
13063033	214	0.1	-0.1	0.269773
13063033	215	0.1	-0.1	2.40118
13063033	216	0.1	-0.1	3.10383
13063033	217	0.1	-0.1	1.44967
13063033	218	0.1	-0.1	-3.10592
13063033	219	0.1	-0.1	1.26997
13063033	220	0.1	-0.1	-2.02582
13063033	221	0.1	-0.1	-1.8357
13063033	222	0.1	-0.1	3.1983
13063033	223	0.1	-0.1	0.954455
13063033	224	0.1	-0.1	-2.74966
13063033	225	0.1	-0.1	-0.864913
13063033	226	0.1	-0.1	-0.146322
13063033	227	0.1	-0.1	4.96248
13063033	228	0.1	-0.1	3.26855
13063033	229	0.1	-0.1	-4.67592
13063033	230	0.1	-0.1	1.93487
13063033	231	0.1	-0.1	0.395361
13063033	232	0.1	-0.1	3.48499
13063033	233	0.1	-0.1	-4.56593
13063033	234	0.1	-0.1	-1.93991
13063033	235	0.1	-0.1	0.465214
13063033	236	0.1	-0.1	-4.60361
13063033	237	0.1	-0.1	-2.87777
13063033	238	0.1	-0.1	3.9694
13063033	239	0.1	-0.1	-1.13536
13063033	240	0.1	-0.1	-3.15701
13063033	241	0.1	-0.1	1.93681
13063033	242	0.1	-0.1	-0.634384
13063033	243	0.1	-0.1	3.30892
13063033	244	0.1	-0.1	-3.3557
13063033	245	0.1	-0.1	-2.10228
13063033	246	0.1	-0.1	-2.71859
13063033	247	0.1	-0.1	-0.929466
13063033	248	0.1	-0.1	3.14082
13063033	249	0.1	-0.1	1.97942
13063033	250	0.1	-0.1	0.700718
13063033	251	0.1	-0.1	-4.79734
13063033	252	0.1	-0.1	3.05368
13063033	253	0.1	-0.1	-3.57432
13063033	254	0.1	-0.1	3.57857
13063033	255	0.1	-0.1	0.875619
13063033	256	0.1	-0.1	2.4176
13063033	257	0.1	-0.1	-1.54459
13063033	258	0.1	-0.1	-2.86641
13063033	259	0.1	-0.1	-0.249892
13063033	260	0.1	-0.1	2.71807
13063033	261	0.1	-0.1	5.11339
13063033	262	0.1	-0.1	-5.05497
13063033	263	0.1	-0.1	3.18988
13063033	264	0.1	-0.1	-1.47005
13063033	265	0.1	-0.1	2.86256
13063033	266	0.1	-0.1	-1.47345
13063033	267	0.1	-0.1	-4.55273
13063033	268	0.1	-0.1	4.18808
13063033	269	0.1	-0.1	-2.32418
13063033	270	0.1	-0.1	1.36444
13063033	271	0.1	-0.1	-3.94431
13063033	272	0.1	-0.1	-5.70581
13063033	273	0.1	-0.1	-5.57064
13063033	274	0.1	-0.1	3.47983
13063033	275	0.1	-0.1	-3.83296
13063033	276	0.1	-0.1	-5.13076
13063033	277	0.1	-0.1	3.0071
13063033	278	0.1	-0.1	1.11454
13063033	279	0.1	-0.1	3.77632
13063033	280	0.1	-0.1	-1.83167
13063033	281	0.1	-0.1	-2.08278
13063033	282	0.1	-0.1	-4.07262
13063033	283	0.1	-0.1	3.16482
13063033	284	0.1	-0.1	-3.31983
13063033	285	0.1	-0.1	1.19019
13063033	286	0.1	-0.1	-3.82765
13063033	287	0.1	-0.1	2.52086
13063033	288	0.1	-0.1	-4.72178
13063033	289	0.1	-0.1	-0.0296702
13063033	290	0.1	-0.1	-5.28619
13063033	291	0.1	-0.1	4.95421
13063033	292	0.1	-0.1	3.3746
13063033	293	0.1	-0.1	-3.93293
13063033	294	0.1	-0.1	-4.51623
13063033	295	0.1	-0.1	-0.86352
13063033	296	0.1	-0.1	-2.22567
13063033	297	0.1	-0.1	-1.73621
13063033	298	0.1	-0.1	-2.94568
13063033	299	0.1	-0.1	2.49674
13063033	300	0.1	-0.1	5.44435
13063033	301	0.1	-0.1	-4.34839
13063033	302	0.1	-0.1	-5.46632
13063033	303	0.1	-0.1	5.99995
13063033	304	0.1	-0.1	2.18754
13063033	305	0.1	-0.1	-1.40083
13063033	306	0.1	-0.1	-2.93831
13063033	307	0.1	-0.1	-4.08673
13063033	308	0.1	-0.1	-5.44507
13063033	309	0.1	-0.1	0.433058
13063033	310	0.1	-0.1	4.86833
13063033	311	0.1	-0.1	-3.57399
13063033	312	0.1	-0.1	1.84956
13063033	313	0.1	-0.1	-0.93502
13063033	314	0.1	-0.1	3.66761
13063033	315	0.1	-0.1	4.88475
13063033	316	0.1	-0.1	3.35364
13063033	317	0.1	-0.1	1.00416
13063033	318	0.1	-0.1	2.27279
13063033	319	0.1	-0.1	5.95431
13063033	320	0.1	-0.1	4.23385
13063033	321	0.1	-0.1	5.99137
13063033	322	0.1	-0.1	-3.02526
13063033	323	0.1	-0.1	-0.385314
13063033	324	0.1	-0.1	0.27235
13063033	325	0.1	-0.1	5.73088
13063033	326	0.1	-0.1	5.87878
13063033	327	0.1	-0.1	-1.62353
13063033	328	0.1	-0.1	-1.15751
13063033	329	0.1	-0.1	0.306711
13063033	330	0.1	-0.1	2.69051
13063033	331	0.1	-0.1	-4.6926
13063033	332	0.1	-0.1	-2.96887
13063033	333	0.1	-0.1	-4.79482
13063033	334	0.1	-0.1	-5.50847
13063033	335	0.1	-0.1	2.15042
13063033	336	0.1	-0.1	3.24726
13063033	337	0.1	-0.1	-0.341515
13063033	338	0.1	-0.1	5.85896
13063033	339	0.1	-0.1	4.98693
13063033	340	0.1	-0.1	2.27899
13063033	341	0.1	-0.1	4.38837
13063033	342	0.1	-0.1	-1.54957
13063033	343	0.1	-0.1	-3.64971
13063033	344	0.1	-0.1	4.63009
13063033	345	0.1	-0.1	-1.75511
13063033	346	0.1	-0.1	1.81057
13063033	347	0.1	-0.1	-5.99917
13063033	348	0.1	-0.1	-2.57035
13063033	349	0.1	-0.1	-0.58095
13063033	350	0.1	-0.1	-1.4721
13063033	351	0.1	-0.1	-1.45181
13063033	352	0.1	-0.1	0.754216
13063033	353	0.1	-0.1	2.54515
13063033	354	0.1	-0.1	4.78588
13063033	355	0.1	-0.1	3.91446
13063033	356	0.1	-0.1	2.02083
13063033	357	0.1	-0.1	3.23816
13063033	358	0.1	-0.1	5.63806
13063033	359	0.1	-0.1	1.19291
13063033	360	0.1	-0.1	-3.06679
13063033	361	0.1	-0.1	-1.58027
13063033	362	0.1	-0.1	-1.41513
13063033	363	0.1	-0.1	-3.74017
13063033	364	0.1	-0.1	-3.24068
13063033	365	0.1	-0.1	1.39249
13063033	366	0.1	-0.1	4.46352
13063033	367	0.1	-0.1	-0.308477
13063033	368	0.1	-0.1	3.77835
13063033	369	0.1	-0.1	-4.44682
13063033	370	0.1	-0.1	-4.4002
13063033	371	0.1	-0.1	2.50403
13063033	372	0.1	-0.1	2.02899
13063033	373	0.1	-0.1	-3.31
13063033	374	0.1	-0.1	1.53848
13063033	375	0.1	-0.1	4.03059
13063033	376	0.1	-0.1	5.55393
13063033	377	0.1	-0.1	2.95047
13063033	378	0.1	-0.1	1.75986
13063033	379	0.1	-0.1	-4.49344
13063033	380	0.1	-0.1	-1.38097
13063033	381	0.1	-0.1	3.31637
13063033	382	0.1	-0.1	3.35152
13063033	383	0.1	-0.1	2.24337
13063033	384	0.1	-0.1	3.96448
13063033	385	0.1	-0.1	5.34774
13063033	386	0.1	-0.1	2.30791
13063033	387	0.1	-0.1	-0.183813
13063033	388	0.1	-0.1	-0.947079
13063033	389	0.1	-0.1	4.25358
13063033	390	0.1	-0.1	3.71314
13063033	391	0.1	-0.1	-4.48014
13063033	392	0.1	-0.1	1.13759
13063033	393	0.1	-0.1	-3.26873
13063033	394	0.1	-0.1	-2.31685
13063033	395	0.1	-0.1	-1.9079
13063033	396	0.1	-0.1	-1.70306
13063033	397	0.1	-0.1	0.6609
13063033	398	0.1	-0.1	1.27915
13063033	399	0.1	-0.1	3.41482
13063033	400	0.1	-0.1	-2.64123
13063033	401	0.1	-0.1	-4.80344
13063033	402	0.1	-0.1	5.77635
13063033	403	0.1	-0.1	-5.73471
13063033	404	0.1	-0.1	-0.898684
13063033	405	0.1	-0.1	4.37926
13063033	406	0.1	-0.1	0.763032
13063033	407	0.1	-0.1	3.60598
13063033	408	0.1	-0.1	5.07424
13063033	409	0.1	-0.1	3.59949
13063033	410	0.1	-0.1	3.07763
13063033	411	0.1	-0.1	-3.66924
13063033	412	0.1	-0.1	4.57362
13063033	413	0.1	-0.1	3.04745
13063033	414	0.1	-0.1	-4.87922
13063033	415	0.1	-0.1	3.53084
13063033	416	0.1	-0.1	-3.67529
13063033	417	0.1	-0.1	-2.9089
13063033	418	0.1	-0.1	4.4429
13063033	419	0.1	-0.1	-4.1587
13063033	420	0.1	-0.1	3.54526
13063033	421	0.1	-0.1	5.13882
13063033	422	0.1	-0.1	-2.36703
13063033	423	0.1	-0.1	4.95184
13063033	424	0.1	-0.1	-1.47252
13063033	425	0.1	-0.1	3.84785
13063033	426	0.1	-0.1	3.02535
13063033	427	0.1	-0.1	0.675991
13063033	428	0.1	-0.1	5.27668
13063033	429	0.1	-0.1	3.04733
13063033	430	0.1	-0.1	-0.030562
13063033	431	0.1	-0.1	5.37087
13063033	432	0.1	-0.1	0.643184
13063033	433	0.1	-0.1	-1.56305
13063033	434	0.1	-0.1	-0.650676
13063033	435	0.1	-0.1	0.474927
13063033	436	0.1	-0.1	1.5854
13063033	437	0.1	-0.1	4.84329
13063033	438	0.1	-0.1	0.565459
13063033	439	0.1	-0.1	-2.41578
13063033	440	0.1	-0.1	4.58624
13063033	441	0.1	-0.1	4.59263
13063033	442	0.1	-0.1	-0.0182693
13063033	443	0.1	-0.1	-4.20545
13063033	444	0.1	-0.1	1.10465
13063033	445	0.1	-0.1	0.914572
13063033	446	0.1	-0.1	0.359736
13063033	447	0.1	-0.1	-0.150501
13063033	448	0.1	-0.1	1.83627
13063033	449	0.1	-0.1	-0.032453
13063033	450	0.1	-0.1	-0.425487
13063033	451	0.1	-0.1	-2.72242
13063033	452	0.1	-0.1	-3.62518
13063033	453	0.1	-0.1	-4.79149
13063033	454	0.1	-0.1	-4.85578
13063033	455	0.1	-0.1	0.561853
13063033	456	0.1	-0.1	2.84641
13063033	457	0.1	-0.1	1.48068
13063033	458	0.1	-0.1	5.77222
13063033	459	0.1	-0.1	1.87053
13063033	460	0.1	-0.1	-2.36678
13063033	461	0.1	-0.1	-2.37007
13063033	462	0.1	-0.1	4.52652
13063033	463	0.1	-0.1	-1.92292
13063033	464	0.1	-0.1	1.45358
13063033	465	0.1	-0.1	-1.85872
13063033	466	0.1	-0.1	-2.97002
13063033	467	0.1	-0.1	-0.044002
13063033	468	0.1	-0.1	5.27171
13063033	469	0.1	-0.1	-4.49783
13063033	470	0.1	-0.1	-4.2474
13063033	471	0.1	-0.1	4.2817
13063033	472	0.1	-0.1	5.44585
13063033	473	0.1	-0.1	-5.40775
13063033	474	0.1	-0.1	2.23433
13063033	475	0.1	-0.1	0.3955
13063033	476	0.1	-0.1	-3.14288
13063033	477	0.1	-0.1	3.6391
13063033	478	0.1	-0.1	2.72794
13063033	479	0.1	-0.1	1.20418
13063033	480	0.1	-0.1	2.35002
13063033	481	0.1	-0.1	2.96739
13063033	482	0.1	-0.1	0.229915
13063033	483	0.1	-0.1	3.46024
13063033	484	0.1	-0.1	0.512602
13063033	485	0.1	-0.1	-5.45386
13063033	486	0.1	-0.1	-2.43669
13063033	487	0.1	-0.1	-1.57277
13063033	488	0.1	-0.1	-2.70914
13063033	489	0.1	-0.1	-1.13176
13063033	490	0.1	-0.1	5.25896
13063033	491	0.1	-0.1	1.41141
13063033	492	0.1	-0.1	-5.87309
13063033	493	0.1	-0.1	3.10215
13063033	494	0.1	-0.1	4.28173
13063033	495	0.1	-0.1	-2.94196
13063033	496	0.1	-0.1	-1.14199
13063033	497	0.1	-0.1	3.55759
13063033	498	0.1	-0.1	2.35407
13063033	499	0.1	-0.1	-5.01181
13063033	500	0.1	-0.1	-1.06477
13063033	501	0.1	-0.1	-4.87405
13063033	502	0.1	-0.1	0.745547
13063033	503	0.1	-0.1	1.74918
13063033	504	0.1	-0.1	2.89474
13063033	505	0.1	-0.1	-0.470707
13063033	506	0.1	-0.1	3.10707
13063033	507	0.1	-0.1	-1.15436
13063033	508	0.1	-0.1	-3.74639
13063033	509	0.1	-0.1	0.591797
13063033	510	0.1	-0.1	-3.44864
13063033	511	0.1	-0.1	5.25857
13063033	512	0.1	-0.1	-5.88833
13063033	513	0.1	-0.1	5.96431
13063033	514	0.1	-0.1	5.83709
13063033	515	0.1	-0.1	4.40031
13063033	516	0.1	-0.1	-2.53881
13063033	517	0.1	-0.1	0.155855
13063033	518	0.1	-0.1	-0.487105
13063033	519	0.1	-0.1	2.63055
13063033	520	0.1	-0.1	2.68501
13063033	521	0.1	-0.1	-4.99396
13063033	522	0.1	-0.1	1.87227
13063033	523	0.1	-0.1	5.18525
13063033	524	0.1	-0.1	3.35396
13063033	525	0.1	-0.1	-4.23984
13063033	526	0.1	-0.1	3.04698
13063033	527	0.1	-0.1	3.64861
13063033	528	0.1	-0.1	-3.57472
13063033	529	0.1	-0.1	0.724754
13063033	530	0.1	-0.1	2.42027
13063033	531	0.1	-0.1	3.45983
13063033	532	0.1	-0.1	-0.819411
13063033	533	0.1	-0.1	0.856716
13063033	534	0.1	-0.1	-2.4104
13063033	535	0.1	-0.1	0.897174
13063033	536	0.1	-0.1	-2.50499
13063033	537	0.1	-0.1	1.99067
13063033	538	0.1	-0.1	-2.23956
13063033	539	0.1	-0.1	0.222537
13063033	540	0.1	-0.1	-5.72374
13063033	541	0.1	-0.1	5.4968
13063033	542	0.1	-0.1	1.10055
13063033	543	0.1	-0.1	-4.72655
13063033	544	0.1	-0.1	-2.91505
13063033	545	0.1	-0.1	1.08559
13063033	546	0.1	-0.1	-0.524945
13063033	547	0.1	-0.1	2.9798
13063033	548	0.1	-0.1	1.94012
13063033	549	0.1	-0.1	-2.13234
13063033	550	0.1	-0.1	-1.92939
13063033	551	0.1	-0.1	-4.79904
13063033	552	0.1	-0.1	1.54044
13063033	553	0.1	-0.1	-0.9338
13063033	554	0.1	-0.1	-4.55202
13063033	555	0.1	-0.1	5.7037
13063033	556	0.1	-0.1	-2.31333
13063033	557	0.1	-0.1	-0.661424
13063033	558	0.1	-0.1	-0.0213595
13063033	559	0.1	-0.1	-5.19908
13063033	560	0.1	-0.1	1.65256
13063033	561	0.1	-0.1	3.41821
13063033	562	0.1	-0.1	-1.07167
13063033	563	0.1	-0.1	-5.84958
13063033	564	0.1	-0.1	5.74105
13063033	565	0.1	-0.1	-5.19045
13063033	566	0.1	-0.1	2.96058
13063033	567	0.1	-0.1	-3.25276
13063033	568	0.1	-0.1	-0.486395
13063033	569	0.1	-0.1	-0.779044
13063033	570	0.1	-0.1	-2.84384
13063033	571	0.1	-0.1	4.22456
13063033	572	0.1	-0.1	-1.0897
13063033	573	0.1	-0.1	-2.65584
13063033	574	0.1	-0.1	-3.76499
13063033	575	0.1	-0.1	3.3437
13063033	576	0.1	-0.1	-2.94966
13063033	577	0.1	-0.1	-3.91339
13063033	578	0.1	-0.1	0.100527
13063033	579	0.1	-0.1	0.0390499
13063033	580	0.1	-0.1	-1.43833
13063033	581	0.1	-0.1	-2.58441
13063033	582	0.1	-0.1	-0.0309069
13063033	583	0.1	-0.1	-3.87173
13063033	584	0.1	-0.1	-2.39742
13063033	585	0.1	-0.1	3.4517
13063033	586	0.1	-0.1	-0.994207
13063033	587	0.1	-0.1	-1.54588
13063033	588	0.1	-0.1	2.25074
13063033	589	0.1	-0.1	-1.78674
13063033	590	0.1	-0.1	-1.92277
13063033	591	0.1	-0.1	-0.799561
13063033	592	0.1	-0.1	-5.69642
13063033	593	0.1	-0.1	-4.89265
13063033	594	0.1	-0.1	-1.76919
13063033	595	0.1	-0.1	4.65778
13063033	596	0.1	-0.1	1.48172
13063033	597	0.1	-0.1	0.111119
13063033	598	0.1	-0.1	3.92291
13063033	599	0.1	-0.1	1.11272
13063033	600	0.1	-0.1	-4.0949
13063033	601	0.1	-0.1	-1.05388
13063033	602	0.1	-0.1	-5.45771
13063033	603	0.1	-0.1	3.56419
13063033	604	0.1	-0.1	-5.45832
13063033	605	0.1	-0.1	-0.406061
13063033	606	0.1	-0.1	1.32088
13063033	607	0.1	-0.1	-3.35749
13063033	608	0.1	-0.1	-1.60786
13063033	609	0.1	-0.1	-2.93505
13063033	610	0.1	-0.1	-3.57685
13063033	611	0.1	-0.1	-0.839524
13063033	612	0.1	-0.1	5.9446
13063033	613	0.1	-0.1	1.53
13063033	614	0.1	-0.1	0.0294235
13063033	615	0.1	-0.1	-4.31591
13063033	616	0.1	-0.1	-0.766241
13063033	617	0.1	-0.1	0.680158
13063033	618	0.1	-0.1	-1.31035
13063033	619	0.1	-0.1	5.78711
13063033	620	0.1	-0.1	4.47642
13063033	621	0.1	-0.1	-4.27011
13063033	622	0.1	-0.1	0.188642
13063033	623	0.1	-0.1	-2.45739
13063033	624	0.1	-0.1	-4.15488
13063033	625	0.1	-0.1	2.18329
13063033	626	0.1	-0.1	-5.73711
13063033	627	0.1	-0.1	-5.06202
13063033	628	0.1	-0.1	2.56769
13063033	629	0.1	-0.1	-4.0573
13063033	630	0.1	-0.1	-0.87119
13063033	631	0.1	-0.1	-5.12911
13063033	632	0.1	-0.1	2.40193
13063033	633	0.1	-0.1	-3.72247
13063033	634	0.1	-0.1	-3.19811
13063033	635	0.1	-0.1	1.04065
13063033	636	0.1	-0.1	-4.963
13063033	637	0.1	-0.1	2.04914
13063033	638	0.1	-0.1	-2.11657
13063033	639	0.1	-0.1	2.15354
13063033	640	0.1	-0.1	-0.8909
13063033	641	0.1	-0.1	-3.90342
13063033	642	0.1	-0.1	4.28236
13063033	643	0.1	-0.1	5.7929
13063033	644	0.1	-0.1	-5.30172
13063033	645	0.1	-0.1	-1.04968
13063033	646	0.1	-0.1	2.54253
13063033	647	0.1	-0.1	1.08243
13063033	648	0.1	-0.1	5.34635
13063033	649	0.1	-0.1	-5.04028
13063033	650	0.1	-0.1	3.10471
13063033	651	0.1	-0.1	2.92014
13063033	652	0.1	-0.1	-5.48585
13063033	653	0.1	-0.1	-3.24024
13063033	654	0.1	-0.1	-3.05539
13063033	655	0.1	-0.1	3.27906
13063033	656	0.1	-0.1	4.67562
13063033	657	0.1	-0.1	1.09792
13063033	658	0.1	-0.1	-0.983427
13063033	659	0.1	-0.1	-1.39316
13063033	660	0.1	-0.1	-1.14295
13063033	661	0.1	-0.1	1.09753
13063033	662	0.1	-0.1	2.71652
13063033	663	0.1	-0.1	1.92281
13063033	664	0.1	-0.1	-4.89037
13063033	665	0.1	-0.1	2.12291
13063033	666	0.1	-0.1	1.27622
13063033	667	0.1	-0.1	5.55989
13063033	668	0.1	-0.1	2.46877
13063033	669	0.1	-0.1	0.25457
13063033	670	0.1	-0.1	-0.714003
13063033	671	0.1	-0.1	4.6802
13063033	672	0.1	-0.1	5.43941
13063033	673	0.1	-0.1	-0.779602
13063033	674	0.1	-0.1	1.5378
13063033	675	0.1	-0.1	-4.09252
13063033	676	0.1	-0.1	-5.60978
13063033	677	0.1	-0.1	4.69887
13063033	678	0.1	-0.1	-0.0998945
13063033	679	0.1	-0.1	-2.11784
13063033	680	0.1	-0.1	4.26946
13063033	681	0.1	-0.1	4.71503
13063033	682	0.1	-0.1	-4.38985
13063033	683	0.1	-0.1	-3.83786
13063033	684	0.1	-0.1	-0.0925203
13063033	685	0.1	-0.1	0.873346
13063033	686	0.1	-0.1	-3.93917
13063033	687	0.1	-0.1	0.426737
13063033	688	0.1	-0.1	-2.71293
13063033	689	0.1	-0.1	4.71287
13063033	690	0.1	-0.1	2.53581
13063033	691	0.1	-0.1	2.97643
13063033	692	0.1	-0.1	-3.95367
13063033	693	0.1	-0.1	4.87994
13063033	694	0.1	-0.1	4.30969
13063033	695	0.1	-0.1	-0.434493
13063033	696	0.1	-0.1	-1.48379
13063033	697	0.1	-0.1	5.66121
13063033	698	0.1	-0.1	0.702054
13063033	699	0.1	-0.1	-5.53312
13063033	700	0.1	-0.1	-2.8348
13063033	701	0.1	-0.1	-4.9453
13063033	702	0.1	-0.1	5.79719
13063033	703	0.1	-0.1	3.9631
13063033	704	0.1	-0.1	-3.48465
13063033	705	0.1	-0.1	0.543023
13063033	706	0.1	-0.1	0.515357
13063033	707	0.1	-0.1	5.28663
13063033	708	0.1	-0.1	-3.98147
13063033	709	0.1	-0.1	-2.04586
13063033	710	0.1	-0.1	-3.84536
13063033	711	0.1	-0.1	1.10462
13063033	712	0.1	-0.1	-2.56217
13063033	713	0.1	-0.1	-4.5758
13063033	714	0.1	-0.1	-2.57125
13063033	715	0.1	-0.1	5.87888
13063033	716	0.1	-0.1	2.44823
13063033	717	0.1	-0.1	1.43522
13063033	718	0.1	-0.1	4.75281
13063033	719	0.1	-0.1	0.0761019
13063033	720	0.1	-0.1	-3.67531
13063033	721	0.1	-0.1	-0.014705
13063033	722	0.1	-0.1	-5.03173
13063033	723	0.1	-0.1	-2.16442
13063033	724	0.1	-0.1	-1.13983
13063033	725	0.1	-0.1	3.30833
13063033	726	0.1	-0.1	3.42848
13063033	727	0.1	-0.1	1.99695
13063033	728	0.1	-0.1	-0.116551
13063033	729	0.1	-0.1	-4.42771
13063033	730	0.1	-0.1	5.2959
13063033	731	0.1	-0.1	-0.000393726
13063033	732	0.1	-0.1	-5.57568
13063033	733	0.1	-0.1	0.0740293
13063033	734	0.1	-0.1	5.78186
13063033	735	0.1	-0.1	4.00988
13063033	736	0.1	-0.1	1.05872
13063033	737	0.1	-0.1	0.75298
13063033	738	0.1	-0.1	-5.35713
13063033	739	0.1	-0.1	-3.46482
13063033	740	0.1	-0.1	-5.0705
13063033	741	0.1	-0.1	-0.784393
13063033	742	0.1	-0.1	4.04309
13063033	743	0.1	-0.1	-5.45459
13063033	744	0.1	-0.1	0.660604
13063033	745	0.1	-0.1	5.96316
13063033	746	0.1	-0.1	5.07924
13063033	747	0.1	-0.1	-5.39822
13063033	748	0.1	-0.1	-5.18172
13063033	749	0.1	-0.1	3.11937
13063033	750	0.1	-0.1	-0.747927
13063033	751	0.1	-0.1	2.55675
13063033	752	0.1	-0.1	3.95967
13063033	753	0.1	-0.1	-0.708668
13063033	754	0.1	-0.1	-2.84577
13063033	755	0.1	-0.1	0.58925
13063033	756	0.1	-0.1	-5.97937
13063033	757	0.1	-0.1	3.25364
13063033	758	0.1	-0.1	1.20158
13063033	759	0.1	-0.1	4.82638
13063033	760	0.1	-0.1	-4.99796
13063033	761	0.1	-0.1	-4.03063
13063033	762	0.1	-0.1	0.0425597
13063033	763	0.1	-0.1	4.87468
13063033	764	0.1	-0.1	-0.221616
13063033	765	0.1	-0.1	-4.80902
13063033	766	0.1	-0.1	3.0582
13063033	767	0.1	-0.1	-1.43426
13063033	768	0.1	-0.1	1.94884
13063033	769	0.1	-0.1	4.32911
13063033	770	0.1	-0.1	5.43431
13063033	771	0.1	-0.1	-0.685822
13063033	772	0.1	-0.1	4.64899
13063033	773	0.1	-0.1	-1.08132
13063033	774	0.1	-0.1	-0.407762
13063033	775	0.1	-0.1	0.870445
13063033	776	0.1	-0.1	4.66465
13063033	777	0.1	-0.1	4.99627
13063033	778	0.1	-0.1	-4.62538
13063033	779	0.1	-0.1	2.00945
13063033	780	0.1	-0.1	-5.76066
13063033	781	0.1	-0.1	-2.33379
13063033	782	0.1	-0.1	-3.26827
13063033	783	0.1	-0.1	-0.83215
13063033	784	0.1	-0.1	-3.35197
13063033	785	0.1	-0.1	-4.34143
13063033	786	0.1	-0.1	3.39544
13063033	787	0.1	-0.1	-1.77569
13063033	788	0.1	-0.1	2.87024
13063033	789	0.1	-0.1	4.39709
13063033	790	0.1	-0.1	2.02056
13063033	791	0.1	-0.1	-5.93233
13063033	792	0.1	-0.1	-0.331523
13063033	793	0.1	-0.1	5.0399
13063033	794	0.1	-0.1	2.35037
13063033	795	0.1	-0.1	-5.55014
13063033	796	0.1	-0.1	5.79862
13063033	797	0.1	-0.1	3.94332
13063033	798	0.1	-0.1	-5.54411
13063033	799	0.1	-0.1	3.8419
13063033	800	0.1	-0.1	5.46727
13063033	801	0.1	-0.1	1.76335
13063033	802	0.1	-0.1	1.43114
13063033	803	0.1	-0.1	3.58762
13063033	804	0.1	-0.1	-2.46628
13063033	805	0.1	-0.1	-2.36114
13063033	806	0.1	-0.1	1.61309
13063033	807	0.1	-0.1	5.83396
13063033	808	0.1	-0.1	-2.29552
13063033	809	0.1	-0.1	-3.24677
13063033	810	0.1	-0.1	-5.60693
13063033	811	0.1	-0.1	3.67171
13063033	812	0.1	-0.1	5.08396
13063033	813	0.1	-0.1	-3.6479
13063033	814	0.1	-0.1	5.2256
13063033	815	0.1	-0.1	5.53583
13063033	816	0.1	-0.1	0.532023
13063033	817	0.1	-0.1	-1.12369
13063033	818	0.1	-0.1	-3.31568
13063033	819	0.1	-0.1	-5.77438
13063033	820	0.1	-0.1	2.15055
13063033	821	0.1	-0.1	3.90488
13063033	822	0.1	-0.1	0.636588
13063033	823	0.1	-0.1	2.22654
13063033	824	0.1	-0.1	1.53177
13063033	825	0.1	-0.1	-2.99662
13063033	826	0.1	-0.1	1.00603
13063033	827	0.1	-0.1	-2.64497
13063033	828	0.1	-0.1	-0.728704
13063033	829	0.1	-0.1	2.34011
13063033	830	0.1	-0.1	-0.194843
13063033	831	0.1	-0.1	-5.76537
13063033	832	0.1	-0.1	-0.0447985
13063033	833	0.1	-0.1	-1.96603
13063033	834	0.1	-0.1	-0.947018
13063033	835	0.1	-0.1	4.20802
13063033	836	0.1	-0.1	4.39099
13063033	837	0.1	-0.1	-0.136746
13063033	838	0.1	-0.1	4.12218
13063033	839	0.1	-0.1	4.54067
13063033	840	0.1	-0.1	-3.76532
13063033	841	0.1	-0.1	3.85773
13063033	842	0.1	-0.1	-5.3708
13063033	843	0.1	-0.1	5.22154
13063033	844	0.1	-0.1	-5.20805
13063033	845	0.1	-0.1	-2.16853
13063033	846	0.1	-0.1	2.08449
13063033	847	0.1	-0.1	-0.240748
13063033	848	0.1	-0.1	0.479107
13063033	849	0.1	-0.1	4.5725
13063033	850	0.1	-0.1	3.98024
13063033	851	0.1	-0.1	5.64182
13063033	852	0.1	-0.1	1.01788
13063033	853	0.1	-0.1	-2.73232
13063033	854	0.1	-0.1	3.51217
13063033	855	0.1	-0.1	-0.201777
13063033	856	0.1	-0.1	-5.85759
13063033	857	0.1	-0.1	-2.42322
13063033	858	0.1	-0.1	-4.85188
13063033	859	0.1	-0.1	-5.25397
13063033	860	0.1	-0.1	-2.1847
13063033	861	0.1	-0.1	-3.62516
13063033	862	0.1	-0.1	5.78647
13063033	863	0.1	-0.1	5.46596
13063033	864	0.1	-0.1	-4.96662
13063033	865	0.1	-0.1	1.74079
13063033	866	0.1	-0.1	1.64736
13063033	867	0.1	-0.1	2.07904
13063033	868	0.1	-0.1	-5.53339
13063033	869	0.1	-0.1	3.79446
13063033	870	0.1	-0.1	2.82027
13063033	871	0.1	-0.1	1.99597
13063033	872	0.1	-0.1	-4.20145
13063033	873	0.1	-0.1	-2.50202
13063033	874	0.1	-0.1	0.62604
13063033	875	0.1	-0.1	-3.53761
13063033	876	0.1	-0.1	2.95985
13063033	877	0.1	-0.1	5.87873
13063033	878	0.1	-0.1	3.24829
13063033	879	0.1	-0.1	-3.2078
13063033	880	0.1	-0.1	-5.86206
13063033	881	0.1	-0.1	-4.97119
13063033	882	0.1	-0.1	-1.23026
13063033	883	0.1	-0.1	-2.18586
13063033	884	0.1	-0.1	-3.60307
13063033	885	0.1	-0.1	-5.24124
13063033	886	0.1	-0.1	4.6429
13063033	887	0.1	-0.1	-4.66194
13063033	888	0.1	-0.1	-5.2201
13063033	889	0.1	-0.1	-3.33746
13063033	890	0.1	-0.1	1.39651
13063033	891	0.1	-0.1	-3.04116
13063033	892	0.1	-0.1	0.894116
13063033	893	0.1	-0.1	0.573489
13063033	894	0.1	-0.1	-2.64726
13063033	895	0.1	-0.1	5.32712
13063033	896	0.1	-0.1	2.20118
13063033	897	0.1	-0.1	1.10903
13063033	898	0.1	-0.1	-5.17373
13063033	899	0.1	-0.1	1.14683
13063033	900	0.1	-0.1	-0.653888
13063033	901	0.1	-0.1	-4.55177
13063033	902	0.1	-0.1	1.69553
13063033	903	0.1	-0.1	5.36087
13063033	904	0.1	-0.1	1.33118
13063033	905	0.1	-0.1	-2.11209
13063033	906	0.1	-0.1	3.19419
13063033	907	0.1	-0.1	-3.54443
13063033	908	0.1	-0.1	-5.93608
13063033	909	0.1	-0.1	-5.76745
13063033	910	0.1	-0.1	4.80207
13063033	911	0.1	-0.1	3.80552
13063033	912	0.1	-0.1	4.28249
13063033	913	0.1	-0.1	0.39369
13063033	914	0.1	-0.1	2.38602
13063033	915	0.1	-0.1	1.17238
13063033	916	0.1	-0.1	-1.70607
13063033	917	0.1	-0.1	-5.45441
13063033	918	0.1	-0.1	-4.43963
13063033	919	0.1	-0.1	-5.11963
13063033	920	0.1	-0.1	1.84976
13063033	921	0.1	-0.1	1.76173
13063033	922	0.1	-0.1	-0.818302
13063033	923	0.1	-0.1	-4.67924
13063033	924	0.1	-0.1	-1.264
13063033	925	0.1	-0.1	2.56132
13063033	926	0.1	-0.1	-5.97118
13063033	927	0.1	-0.1	3.84766
13063033	928	0.1	-0.1	-4.34666
13063033	929	0.1	-0.1	4.38566
13063033	930	0.1	-0.1	-4.14771
13063033	931	0.1	-0.1	-0.731721
13063033	932	0.1	-0.1	-2.13269
13063033	933	0.1	-0.1	2.09551
13063033	934	0.1	-0.1	-4.48452
13063033	935	0.1	-0.1	1.78325
13063033	936	0.1	-0.1	-2.11033
13063033	937	0.1	-0.1	-5.51364
13063033	938	0.1	-0.1	-3.88776
13063033	939	0.1	-0.1	0.0820771
13063033	940	0.1	-0.1	-0.217177
13063033	941	0.1	-0.1	-4.00407
13063033	942	0.1	-0.1	0.671022
13063033	943	0.1	-0.1	0.139073
13063033	944	0.1	-0.1	1.00621
13063033	945	0.1	-0.1	-1.31744
13063033	946	0.1	-0.1	4.12065
13063033	947	0.1	-0.1	-5.9714
13063033	948	0.1	-0.1	5.02513
13063033	949	0.1	-0.1	-3.72845
13063033	950	0.1	-0.1	-0.306713
13063033	951	0.1	-0.1	4.41423
13063033	952	0.1	-0.1	-1.41018
13063033	953	0.1	-0.1	1.72516
13063033	954	0.1	-0.1	3.78644
13063033	955	0.1	-0.1	2.98202
13063033	956	0.1	-0.1	-1.80499
13063033	957	0.1	-0.1	-3.19416
13063033	958	0.1	-0.1	2.90898
13063033	959	0.1	-0.1	4.78775
13063033	960	0.1	-0.1	0.291956
13063033	961	0.1	-0.1	-3.88126
13063033	962	0.1	-0.1	-0.189632
13063033	963	0.1	-0.1	-1.5515
13063033	964	0.1	-0.1	-3.31688
13063033	965	0.1	-0.1	4.23297
13063033	966	0.1	-0.1	1.53013
13063033	967	0.1	-0.1	1.46817
13063033	968	0.1	-0.1	-1.59405
13063033	969	0.1	-0.1	0.818246
13063033	970	0.1	-0.1	-5.53879
13063033	971	0.1	-0.1	-2.39773
13063033	972	0.1	-0.1	4.67975
13063033	973	0.1	-0.1	3.86395
13063033	974	0.1	-0.1	3.29732
13063033	975	0.1	-0.1	-0.769364
13063033	976	0.1	-0.1	-2.64486
13063033	977	0.1	-0.1	-1.48159
13063033	978	0.1	-0.1	-4.31704
13063033	979	0.1	-0.1	0.32172
13063033	980	0.1	-0.1	-3.81478
13063033	981	0.1	-0.1	2.99978
13063033	982	0.1	-0.1	-3.36921
13063033	983	0.1	-0.1	-1.94126
13063033	984	0.1	-0.1	0.961141
13063033	985	0.1	-0.1	5.80717
13063033	986	0.1	-0.1	-1.71488
13063033	987	0.1	-0.1	-2.11648
13063033	988	0.1	-0.1	5.04383
13063033	989	0.1	-0.1	0.752445
13063033	990	0.1	-0.1	4.98053
13063033	991	0.1	-0.1	-2.85381
13063033	992	0.1	-0.1	-4.01403
13063033	993	0.1	-0.1	-2.22686
13063033	994	0.1	-0.1	-2.4619
13063033	995	0.1	-0.1	-4.37758
13063033	996	0.1	-0.1	3.04168
13063033	997	0.1	-0.1	-2.50242
13063033	998	0.1	-0.1	5.90278
13063033	999	0.1	-0.1	2.82653
13063033	1000	0.1	-0.1	-0.0668178
