13069009	1	0.1	-0.1	2.68741
13069009	2	0.1	-0.1	-1.07106
13069009	3	0.1	-0.1	-2.84236
13069009	4	0.1	-0.1	-3.36883
13069009	5	0.1	-0.1	5.44893
13069009	6	0.1	-0.1	-1.45924
13069009	7	0.1	-0.1	5.66152
13069009	8	0.1	-0.1	-5.34083
13069009	9	0.1	-0.1	2.47871
13069009	10	0.1	-0.1	4.02969
13069009	11	0.1	-0.1	-5.40492
13069009	12	0.1	-0.1	-4.07103
13069009	13	0.1	-0.1	-1.53966
13069009	14	0.1	-0.1	-2.01545
13069009	15	0.1	-0.1	3.65018
13069009	16	0.1	-0.1	-3.12737
13069009	17	0.1	-0.1	-2.64393
13069009	18	0.1	-0.1	3.70631
13069009	19	0.1	-0.1	0.683483
13069009	20	0.1	-0.1	5.76353
13069009	21	0.1	-0.1	0.953288
13069009	22	0.1	-0.1	-5.98966
13069009	23	0.1	-0.1	-3.86583
13069009	24	0.1	-0.1	5.05175
13069009	25	0.1	-0.1	2.30802
13069009	26	0.1	-0.1	2.00109
13069009	27	0.1	-0.1	2.20991
13069009	28	0.1	-0.1	-1.8494
13069009	29	0.1	-0.1	-4.30401
13069009	30	0.1	-0.1	2.99281
13069009	31	0.1	-0.1	3.13542
13069009	32	0.1	-0.1	4.59329
13069009	33	0.1	-0.1	4.88081
13069009	34	0.1	-0.1	1.52375
13069009	35	0.1	-0.1	2.76074
13069009	36	0.1	-0.1	3.06951
13069009	37	0.1	-0.1	-1.76145
13069009	38	0.1	-0.1	0.350578
13069009	39	0.1	-0.1	1.11461
13069009	40	0.1	-0.1	-5.83474
13069009	41	0.1	-0.1	0.684558
13069009	42	0.1	-0.1	1.89255
13069009	43	0.1	-0.1	-0.895533
13069009	44	0.1	-0.1	-5.53481
13069009	45	0.1	-0.1	-0.412748
13069009	46	0.1	-0.1	-1.0805
13069009	47	0.1	-0.1	-3.52754
13069009	48	0.1	-0.1	0.0739209
13069009	49	0.1	-0.1	3.48265
13069009	50	0.1	-0.1	3.46985
13069009	51	0.1	-0.1	3.47235
13069009	52	0.1	-0.1	3.02849
13069009	53	0.1	-0.1	-5.49066
13069009	54	0.1	-0.1	0.298707
13069009	55	0.1	-0.1	-5.62352
13069009	56	0.1	-0.1	-1.51434
13069009	57	0.1	-0.1	0.514947
13069009	58	0.1	-0.1	-4.00508
13069009	59	0.1	-0.1	-2.25832
13069009	60	0.1	-0.1	-5.24643
13069009	61	0.1	-0.1	3.63483
13069009	62	0.1	-0.1	0.445818
13069009	63	0.1	-0.1	-0.287024
13069009	64	0.1	-0.1	-2.95234
13069009	65	0.1	-0.1	3.92684
13069009	66	0.1	-0.1	-3.89667
13069009	67	0.1	-0.1	-3.01972
13069009	68	0.1	-0.1	-3.39014
13069009	69	0.1	-0.1	3.12652
13069009	70	0.1	-0.1	1.05253
13069009	71	0.1	-0.1	-4.91583
13069009	72	0.1	-0.1	4.89339
13069009	73	0.1	-0.1	-0.763159
13069009	74	0.1	-0.1	2.3007
13069009	75	0.1	-0.1	-5.40029
13069009	76	0.1	-0.1	-5.9276
13069009	77	0.1	-0.1	-2.78511
13069009	78	0.1	-0.1	2.27821
13069009	79	0.1	-0.1	-0.107399
13069009	80	0.1	-0.1	-2.81548
13069009	81	0.1	-0.1	0.776906
13069009	82	0.1	-0.1	-3.13396
13069009	83	0.1	-0.1	1.34097
13069009	84	0.1	-0.1	-1.86165
13069009	85	0.1	-0.1	4.14961
13069009	86	0.1	-0.1	-0.548249
13069009	87	0.1	-0.1	2.91304
13069009	88	0.1	-0.1	2.70745
13069009	89	0.1	-0.1	1.13885
13069009	90	0.1	-0.1	-3.60949
13069009	91	0.1	-0.1	5.1183
13069009	92	0.1	-0.1	-2.72084
13069009	93	0.1	-0.1	-4.47913
13069009	94	0.1	-0.1	5.6517
13069009	95	0.1	-0.1	4.35125
13069009	96	0.1	-0.1	2.69325
13069009	97	0.1	-0.1	-5.38403
13069009	98	0.1	-0.1	-3.94524
13069009	99	0.1	-0.1	-4.38463
13069009	100	0.1	-0.1	-3.62845
13069009	101	0.1	-0.1	-3.49437
13069009	102	0.1	-0.1	4.77032
13069009	103	0.1	-0.1	-4.48772
13069009	104	0.1	-0.1	-5.3529
13069009	105	0.1	-0.1	2.77066
13069009	106	0.1	-0.1	-4.29456
13069009	107	0.1	-0.1	0.00592087
13069009	108	0.1	-0.1	5.78408
13069009	109	0.1	-0.1	-4.30491
13069009	110	0.1	-0.1	5.85912
13069009	111	0.1	-0.1	-2.99093
13069009	112	0.1	-0.1	-4.23354
13069009	113	0.1	-0.1	1.65894
13069009	114	0.1	-0.1	3.71105
13069009	115	0.1	-0.1	4.82077
13069009	116	0.1	-0.1	5.69177
13069009	117	0.1	-0.1	1.77419
13069009	118	0.1	-0.1	-3.10396
13069009	119	0.1	-0.1	-2.74201
13069009	120	0.1	-0.1	-2.97867
13069009	121	0.1	-0.1	-5.08576
13069009	122	0.1	-0.1	5.255
13069009	123	0.1	-0.1	5.46925
13069009	124	0.1	-0.1	1.44376
13069009	125	0.1	-0.1	-3.23026
13069009	126	0.1	-0.1	3.23777
13069009	127	0.1	-0.1	4.14894
13069009	128	0.1	-0.1	-4.35859
13069009	129	0.1	-0.1	5.17899
13069009	130	0.1	-0.1	5.62935
13069009	131	0.1	-0.1	4.44331
13069009	132	0.1	-0.1	3.41147
13069009	133	0.1	-0.1	3.7023
13069009	134	0.1	-0.1	0.92306
13069009	135	0.1	-0.1	-0.0254055
13069009	136	0.1	-0.1	1.70242
13069009	137	0.1	-0.1	1.64768
13069009	138	0.1	-0.1	5.58654
13069009	139	0.1	-0.1	-5.45194
13069009	140	0.1	-0.1	-4.7561
13069009	141	0.1	-0.1	2.67736
13069009	142	0.1	-0.1	-1.09584
13069009	143	0.1	-0.1	5.8375
13069009	144	0.1	-0.1	0.110262
13069009	145	0.1	-0.1	-0.149888
13069009	146	0.1	-0.1	-1.43611
13069009	147	0.1	-0.1	-4.24331
13069009	148	0.1	-0.1	-4.50282
13069009	149	0.1	-0.1	3.15784
13069009	150	0.1	-0.1	-2.17176
13069009	151	0.1	-0.1	-1.8834
13069009	152	0.1	-0.1	0.840338
13069009	153	0.1	-0.1	-1.10692
13069009	154	0.1	-0.1	-4.57053
13069009	155	0.1	-0.1	4.06992
13069009	156	0.1	-0.1	-2.90452
13069009	157	0.1	-0.1	3.10744
13069009	158	0.1	-0.1	-4.78609
13069009	159	0.1	-0.1	1.98897
13069009	160	0.1	-0.1	-1.609
13069009	161	0.1	-0.1	-2.57454
13069009	162	0.1	-0.1	-3.05906
13069009	163	0.1	-0.1	-4.3928
13069009	164	0.1	-0.1	-5.92253
13069009	165	0.1	-0.1	1.59711
13069009	166	0.1	-0.1	-5.37724
13069009	167	0.1	-0.1	-1.43252
13069009	168	0.1	-0.1	2.16853
13069009	169	0.1	-0.1	5.6264
13069009	170	0.1	-0.1	5.729
13069009	171	0.1	-0.1	2.95775
13069009	172	0.1	-0.1	-3.7307
13069009	173	0.1	-0.1	-2.05345
13069009	174	0.1	-0.1	1.14008
13069009	175	0.1	-0.1	1.25287
13069009	176	0.1	-0.1	-5.20779
13069009	177	0.1	-0.1	0.0361634
13069009	178	0.1	-0.1	-3.51452
13069009	179	0.1	-0.1	4.48097
13069009	180	0.1	-0.1	1.59811
13069009	181	0.1	-0.1	-3.72683
13069009	182	0.1	-0.1	-4.23102
13069009	183	0.1	-0.1	-4.26355
13069009	184	0.1	-0.1	-3.53615
13069009	185	0.1	-0.1	-5.29193
13069009	186	0.1	-0.1	-0.568154
13069009	187	0.1	-0.1	4.76523
13069009	188	0.1	-0.1	-1.31789
13069009	189	0.1	-0.1	3.60389
13069009	190	0.1	-0.1	-1.36189
13069009	191	0.1	-0.1	2.00999
13069009	192	0.1	-0.1	-5.37521
13069009	193	0.1	-0.1	-4.28336
13069009	194	0.1	-0.1	-1.83439
13069009	195	0.1	-0.1	-5.56308
13069009	196	0.1	-0.1	-5.90607
13069009	197	0.1	-0.1	-5.46671
13069009	198	0.1	-0.1	3.13867
13069009	199	0.1	-0.1	1.02774
13069009	200	0.1	-0.1	2.52826
13069009	201	0.1	-0.1	1.72531
13069009	202	0.1	-0.1	-4.85046
13069009	203	0.1	-0.1	1.94317
13069009	204	0.1	-0.1	-1.21984
13069009	205	0.1	-0.1	-0.711899
13069009	206	0.1	-0.1	4.72217
13069009	207	0.1	-0.1	4.77712
13069009	208	0.1	-0.1	2.91007
13069009	209	0.1	-0.1	0.512632
13069009	210	0.1	-0.1	-5.67098
13069009	211	0.1	-0.1	3.54376
13069009	212	0.1	-0.1	3.09292
13069009	213	0.1	-0.1	-1.87959
13069009	214	0.1	-0.1	-0.834058
13069009	215	0.1	-0.1	5.91001
13069009	216	0.1	-0.1	-5.68437
13069009	217	0.1	-0.1	-1.61605
13069009	218	0.1	-0.1	-5.434
13069009	219	0.1	-0.1	-5.9764
13069009	220	0.1	-0.1	5.60814
13069009	221	0.1	-0.1	-1.77981
13069009	222	0.1	-0.1	3.95401
13069009	223	0.1	-0.1	0.0679317
13069009	224	0.1	-0.1	5.97189
13069009	225	0.1	-0.1	-0.735158
13069009	226	0.1	-0.1	3.98901
13069009	227	0.1	-0.1	0.0803026
13069009	228	0.1	-0.1	-2.83643
13069009	229	0.1	-0.1	1.87484
13069009	230	0.1	-0.1	0.1842
13069009	231	0.1	-0.1	-5.45864
13069009	232	0.1	-0.1	-3.55164
13069009	233	0.1	-0.1	4.46952
13069009	234	0.1	-0.1	-5.4997
13069009	235	0.1	-0.1	1.30187
13069009	236	0.1	-0.1	3.29471
13069009	237	0.1	-0.1	-5.11522
13069009	238	0.1	-0.1	5.17553
13069009	239	0.1	-0.1	-5.84246
13069009	240	0.1	-0.1	4.07743
13069009	241	0.1	-0.1	-4.7488
13069009	242	0.1	-0.1	3.05014
13069009	243	0.1	-0.1	-3.82807
13069009	244	0.1	-0.1	0.97224
13069009	245	0.1	-0.1	-5.86076
13069009	246	0.1	-0.1	-0.866836
13069009	247	0.1	-0.1	3.82447
13069009	248	0.1	-0.1	2.53352
13069009	249	0.1	-0.1	-0.308135
13069009	250	0.1	-0.1	-4.81772
13069009	251	0.1	-0.1	-2.2925
13069009	252	0.1	-0.1	-1.79224
13069009	253	0.1	-0.1	5.70605
13069009	254	0.1	-0.1	5.04843
13069009	255	0.1	-0.1	2.44789
13069009	256	0.1	-0.1	-1.69997
13069009	257	0.1	-0.1	-5.01463
13069009	258	0.1	-0.1	1.08317
13069009	259	0.1	-0.1	-3.68314
13069009	260	0.1	-0.1	-4.16697
13069009	261	0.1	-0.1	1.98109
13069009	262	0.1	-0.1	-0.690239
13069009	263	0.1	-0.1	-3.05214
13069009	264	0.1	-0.1	-4.9329
13069009	265	0.1	-0.1	3.52384
13069009	266	0.1	-0.1	4.33515
13069009	267	0.1	-0.1	1.40152
13069009	268	0.1	-0.1	-2.63811
13069009	269	0.1	-0.1	-0.726842
13069009	270	0.1	-0.1	-1.67705
13069009	271	0.1	-0.1	-1.48743
13069009	272	0.1	-0.1	-2.01842
13069009	273	0.1	-0.1	3.35014
13069009	274	0.1	-0.1	1.1225
13069009	275	0.1	-0.1	-3.56136
13069009	276	0.1	-0.1	-2.27483
13069009	277	0.1	-0.1	-5.72342
13069009	278	0.1	-0.1	-3.8497
13069009	279	0.1	-0.1	5.32944
13069009	280	0.1	-0.1	2.62586
13069009	281	0.1	-0.1	4.75367
13069009	282	0.1	-0.1	3.41442
13069009	283	0.1	-0.1	0.44032
13069009	284	0.1	-0.1	-1.7211
13069009	285	0.1	-0.1	-0.923209
13069009	286	0.1	-0.1	2.99384
13069009	287	0.1	-0.1	-0.764234
13069009	288	0.1	-0.1	-4.47889
13069009	289	0.1	-0.1	-0.0327743
13069009	290	0.1	-0.1	-5.42068
13069009	291	0.1	-0.1	0.424047
13069009	292	0.1	-0.1	-1.35614
13069009	293	0.1	-0.1	0.292859
13069009	294	0.1	-0.1	-1.51573
13069009	295	0.1	-0.1	1.77281
13069009	296	0.1	-0.1	0.942674
13069009	297	0.1	-0.1	-2.34882
13069009	298	0.1	-0.1	1.26956
13069009	299	0.1	-0.1	2.23851
13069009	300	0.1	-0.1	-5.72541
13069009	301	0.1	-0.1	3.6871
13069009	302	0.1	-0.1	-0.310638
13069009	303	0.1	-0.1	-3.68205
13069009	304	0.1	-0.1	4.93559
13069009	305	0.1	-0.1	-5.84418
13069009	306	0.1	-0.1	3.12715
13069009	307	0.1	-0.1	4.28836
13069009	308	0.1	-0.1	-0.827437
13069009	309	0.1	-0.1	0.326566
13069009	310	0.1	-0.1	1.23681
13069009	311	0.1	-0.1	-2.09469
13069009	312	0.1	-0.1	2.6934
13069009	313	0.1	-0.1	-2.975
13069009	314	0.1	-0.1	-3.21072
13069009	315	0.1	-0.1	-1.76259
13069009	316	0.1	-0.1	0.754384
13069009	317	0.1	-0.1	-0.417694
13069009	318	0.1	-0.1	-2.32252
13069009	319	0.1	-0.1	5.55544
13069009	320	0.1	-0.1	-2.51099
13069009	321	0.1	-0.1	4.85253
13069009	322	0.1	-0.1	3.24339
13069009	323	0.1	-0.1	1.26777
13069009	324	0.1	-0.1	-5.41226
13069009	325	0.1	-0.1	0.862288
13069009	326	0.1	-0.1	-2.93322
13069009	327	0.1	-0.1	1.59475
13069009	328	0.1	-0.1	1.89099
13069009	329	0.1	-0.1	5.48342
13069009	330	0.1	-0.1	-4.89757
13069009	331	0.1	-0.1	-4.8148
13069009	332	0.1	-0.1	-2.01853
13069009	333	0.1	-0.1	5.86959
13069009	334	0.1	-0.1	-1.8709
13069009	335	0.1	-0.1	-4.04277
13069009	336	0.1	-0.1	4.64225
13069009	337	0.1	-0.1	4.27121
13069009	338	0.1	-0.1	3.40957
13069009	339	0.1	-0.1	-5.29257
13069009	340	0.1	-0.1	-0.991642
13069009	341	0.1	-0.1	1.42477
13069009	342	0.1	-0.1	5.20006
13069009	343	0.1	-0.1	-1.84083
13069009	344	0.1	-0.1	-2.34692
13069009	345	0.1	-0.1	2.48361
13069009	346	0.1	-0.1	1.48558
13069009	347	0.1	-0.1	-1.83198
13069009	348	0.1	-0.1	3.05055
13069009	349	0.1	-0.1	1.118
13069009	350	0.1	-0.1	5.67355
13069009	351	0.1	-0.1	-0.723738
13069009	352	0.1	-0.1	5.87539
13069009	353	0.1	-0.1	1.27127
13069009	354	0.1	-0.1	-3.71457
13069009	355	0.1	-0.1	4.16078
13069009	356	0.1	-0.1	-3.3626
13069009	357	0.1	-0.1	4.90775
13069009	358	0.1	-0.1	1.81644
13069009	359	0.1	-0.1	-1.76341
13069009	360	0.1	-0.1	0.949809
13069009	361	0.1	-0.1	3.04175
13069009	362	0.1	-0.1	2.36548
13069009	363	0.1	-0.1	-2.0499
13069009	364	0.1	-0.1	-5.87542
13069009	365	0.1	-0.1	3.02046
13069009	366	0.1	-0.1	-3.38119
13069009	367	0.1	-0.1	1.78069
13069009	368	0.1	-0.1	-3.63304
13069009	369	0.1	-0.1	5.95489
13069009	370	0.1	-0.1	5.45553
13069009	371	0.1	-0.1	-2.84532
13069009	372	0.1	-0.1	2.87208
13069009	373	0.1	-0.1	2.48038
13069009	374	0.1	-0.1	2.258
13069009	375	0.1	-0.1	0.900541
13069009	376	0.1	-0.1	5.57466
13069009	377	0.1	-0.1	-4.93252
13069009	378	0.1	-0.1	1.45182
13069009	379	0.1	-0.1	-0.677232
13069009	380	0.1	-0.1	-1.88499
13069009	381	0.1	-0.1	-2.02566
13069009	382	0.1	-0.1	3.22859
13069009	383	0.1	-0.1	-5.0752
13069009	384	0.1	-0.1	-1.87695
13069009	385	0.1	-0.1	2.73529
13069009	386	0.1	-0.1	-4.60629
13069009	387	0.1	-0.1	-4.83531
13069009	388	0.1	-0.1	-3.27312
13069009	389	0.1	-0.1	1.73756
13069009	390	0.1	-0.1	-4.90448
13069009	391	0.1	-0.1	-4.13172
13069009	392	0.1	-0.1	0.735152
13069009	393	0.1	-0.1	-2.31632
13069009	394	0.1	-0.1	4.06826
13069009	395	0.1	-0.1	-0.564893
13069009	396	0.1	-0.1	-2.66267
13069009	397	0.1	-0.1	-0.901848
13069009	398	0.1	-0.1	3.91217
13069009	399	0.1	-0.1	-2.13024
13069009	400	0.1	-0.1	3.55742
13069009	401	0.1	-0.1	5.95813
13069009	402	0.1	-0.1	1.3072
13069009	403	0.1	-0.1	-3.98854
13069009	404	0.1	-0.1	-5.30701
13069009	405	0.1	-0.1	3.276
13069009	406	0.1	-0.1	-1.82916
13069009	407	0.1	-0.1	-3.64245
13069009	408	0.1	-0.1	-5.83841
13069009	409	0.1	-0.1	-5.4866
13069009	410	0.1	-0.1	-2.00529
13069009	411	0.1	-0.1	0.167403
13069009	412	0.1	-0.1	5.12513
13069009	413	0.1	-0.1	-1.0147
13069009	414	0.1	-0.1	-5.49886
13069009	415	0.1	-0.1	3.01509
13069009	416	0.1	-0.1	-5.2564
13069009	417	0.1	-0.1	-4.85841
13069009	418	0.1	-0.1	3.3697
13069009	419	0.1	-0.1	1.40815
13069009	420	0.1	-0.1	-1.98357
13069009	421	0.1	-0.1	-5.00176
13069009	422	0.1	-0.1	5.81211
13069009	423	0.1	-0.1	3.00421
13069009	424	0.1	-0.1	1.89594
13069009	425	0.1	-0.1	-5.10052
13069009	426	0.1	-0.1	-3.83531
13069009	427	0.1	-0.1	0.4142
13069009	428	0.1	-0.1	-3.2642
13069009	429	0.1	-0.1	-0.793454
13069009	430	0.1	-0.1	-1.64906
13069009	431	0.1	-0.1	5.05047
13069009	432	0.1	-0.1	-3.32745
13069009	433	0.1	-0.1	-0.826557
13069009	434	0.1	-0.1	-1.98028
13069009	435	0.1	-0.1	2.36753
13069009	436	0.1	-0.1	-0.296085
13069009	437	0.1	-0.1	1.88157
13069009	438	0.1	-0.1	-2.34291
13069009	439	0.1	-0.1	1.64408
13069009	440	0.1	-0.1	-0.0382675
13069009	441	0.1	-0.1	1.39492
13069009	442	0.1	-0.1	1.02686
13069009	443	0.1	-0.1	-4.02653
13069009	444	0.1	-0.1	4.9063
13069009	445	0.1	-0.1	3.36639
13069009	446	0.1	-0.1	3.82738
13069009	447	0.1	-0.1	-0.564111
13069009	448	0.1	-0.1	4.11098
13069009	449	0.1	-0.1	-2.34932
13069009	450	0.1	-0.1	-4.50074
13069009	451	0.1	-0.1	0.570401
13069009	452	0.1	-0.1	-0.219958
13069009	453	0.1	-0.1	-2.68227
13069009	454	0.1	-0.1	0.937592
13069009	455	0.1	-0.1	4.13599
13069009	456	0.1	-0.1	-0.174357
13069009	457	0.1	-0.1	-3.88167
13069009	458	0.1	-0.1	-2.11396
13069009	459	0.1	-0.1	5.14007
13069009	460	0.1	-0.1	-0.563315
13069009	461	0.1	-0.1	-2.05459
13069009	462	0.1	-0.1	3.06721
13069009	463	0.1	-0.1	2.727
13069009	464	0.1	-0.1	5.84105
13069009	465	0.1	-0.1	-0.0795482
13069009	466	0.1	-0.1	-0.0902761
13069009	467	0.1	-0.1	4.52267
13069009	468	0.1	-0.1	3.45146
13069009	469	0.1	-0.1	-2.34545
13069009	470	0.1	-0.1	3.17445
13069009	471	0.1	-0.1	3.42795
13069009	472	0.1	-0.1	-3.71184
13069009	473	0.1	-0.1	1.28189
13069009	474	0.1	-0.1	4.62033
13069009	475	0.1	-0.1	-4.73718
13069009	476	0.1	-0.1	1.61597
13069009	477	0.1	-0.1	-3.00612
13069009	478	0.1	-0.1	-2.88861
13069009	479	0.1	-0.1	-5.17727
13069009	480	0.1	-0.1	4.39746
13069009	481	0.1	-0.1	4.11582
13069009	482	0.1	-0.1	2.28873
13069009	483	0.1	-0.1	-3.95962
13069009	484	0.1	-0.1	-5.61876
13069009	485	0.1	-0.1	5.19377
13069009	486	0.1	-0.1	-0.891103
13069009	487	0.1	-0.1	-2.02798
13069009	488	0.1	-0.1	-2.57822
13069009	489	0.1	-0.1	-1.66385
13069009	490	0.1	-0.1	1.92398
13069009	491	0.1	-0.1	0.759466
13069009	492	0.1	-0.1	-2.1615
13069009	493	0.1	-0.1	1.79924
13069009	494	0.1	-0.1	-3.3492
13069009	495	0.1	-0.1	4.80244
13069009	496	0.1	-0.1	1.23843
13069009	497	0.1	-0.1	5.97426
13069009	498	0.1	-0.1	5.76001
13069009	499	0.1	-0.1	-5.73497
13069009	500	0.1	-0.1	-4.38553
13069009	501	0.1	-0.1	-4.76397
13069009	502	0.1	-0.1	2.04293
13069009	503	0.1	-0.1	2.16762
13069009	504	0.1	-0.1	4.42516
13069009	505	0.1	-0.1	2.45289
13069009	506	0.1	-0.1	-4.28381
13069009	507	0.1	-0.1	0.550434
13069009	508	0.1	-0.1	5.81579
13069009	509	0.1	-0.1	1.65315
13069009	510	0.1	-0.1	-2.82995
13069009	511	0.1	-0.1	5.88979
13069009	512	0.1	-0.1	-3.80043
13069009	513	0.1	-0.1	2.99443
13069009	514	0.1	-0.1	3.71923
13069009	515	0.1	-0.1	2.89756
13069009	516	0.1	-0.1	-1.67279
13069009	517	0.1	-0.1	2.22156
13069009	518	0.1	-0.1	4.53139
13069009	519	0.1	-0.1	-2.30505
13069009	520	0.1	-0.1	5.3635
13069009	521	0.1	-0.1	0.695539
13069009	522	0.1	-0.1	-1.97417
13069009	523	0.1	-0.1	5.59343
13069009	524	0.1	-0.1	-5.29062
13069009	525	0.1	-0.1	5.66065
13069009	526	0.1	-0.1	-4.77778
13069009	527	0.1	-0.1	1.7871
13069009	528	0.1	-0.1	-4.38287
13069009	529	0.1	-0.1	1.46798
13069009	530	0.1	-0.1	-1.12652
13069009	531	0.1	-0.1	-1.41527
13069009	532	0.1	-0.1	-5.37047
13069009	533	0.1	-0.1	-3.45782
13069009	534	0.1	-0.1	5.99792
13069009	535	0.1	-0.1	-4.29975
13069009	536	0.1	-0.1	-4.73907
13069009	537	0.1	-0.1	-3.53787
13069009	538	0.1	-0.1	-4.05103
13069009	539	0.1	-0.1	3.2913
13069009	540	0.1	-0.1	2.2321
13069009	541	0.1	-0.1	-3.74799
13069009	542	0.1	-0.1	4.88568
13069009	543	0.1	-0.1	3.16969
13069009	544	0.1	-0.1	4.59977
13069009	545	0.1	-0.1	0.721782
13069009	546	0.1	-0.1	-0.0791739
13069009	547	0.1	-0.1	5.54792
13069009	548	0.1	-0.1	-3.11785
13069009	549	0.1	-0.1	0.959273
13069009	550	0.1	-0.1	-2.49203
13069009	551	0.1	-0.1	-2.724
13069009	552	0.1	-0.1	3.2022
13069009	553	0.1	-0.1	-0.315432
13069009	554	0.1	-0.1	-3.36713
13069009	555	0.1	-0.1	-1.48276
13069009	556	0.1	-0.1	0.842341
13069009	557	0.1	-0.1	3.56389
13069009	558	0.1	-0.1	-0.525117
13069009	559	0.1	-0.1	-3.46786
13069009	560	0.1	-0.1	-1.32843
13069009	561	0.1	-0.1	1.01813
13069009	562	0.1	-0.1	4.2356
13069009	563	0.1	-0.1	-1.60473
13069009	564	0.1	-0.1	1.13531
13069009	565	0.1	-0.1	5.36265
13069009	566	0.1	-0.1	1.96555
13069009	567	0.1	-0.1	0.362828
13069009	568	0.1	-0.1	-3.7303
13069009	569	0.1	-0.1	-4.19784
13069009	570	0.1	-0.1	-3.55061
13069009	571	0.1	-0.1	4.43528
13069009	572	0.1	-0.1	0.49901
13069009	573	0.1	-0.1	0.408815
13069009	574	0.1	-0.1	-2.22445
13069009	575	0.1	-0.1	-3.93284
13069009	576	0.1	-0.1	-3.59675
13069009	577	0.1	-0.1	-4.41825
13069009	578	0.1	-0.1	2.16192
13069009	579	0.1	-0.1	2.52051
13069009	580	0.1	-0.1	-2.73492
13069009	581	0.1	-0.1	-2.12489
13069009	582	0.1	-0.1	2.63932
13069009	583	0.1	-0.1	2.82002
13069009	584	0.1	-0.1	-1.52679
13069009	585	0.1	-0.1	-4.98966
13069009	586	0.1	-0.1	-3.64276
13069009	587	0.1	-0.1	0.296439
13069009	588	0.1	-0.1	-0.653086
13069009	589	0.1	-0.1	-1.64604
13069009	590	0.1	-0.1	2.90284
13069009	591	0.1	-0.1	2.18329
13069009	592	0.1	-0.1	-4.37655
13069009	593	0.1	-0.1	2.16477
13069009	594	0.1	-0.1	-5.1097
13069009	595	0.1	-0.1	-3.39307
13069009	596	0.1	-0.1	4.9175
13069009	597	0.1	-0.1	-0.482533
13069009	598	0.1	-0.1	5.4953
13069009	599	0.1	-0.1	0.651519
13069009	600	0.1	-0.1	-3.89146
13069009	601	0.1	-0.1	-5.5413
13069009	602	0.1	-0.1	0.799655
13069009	603	0.1	-0.1	3.78271
13069009	604	0.1	-0.1	4.49562
13069009	605	0.1	-0.1	-1.42969
13069009	606	0.1	-0.1	0.84603
13069009	607	0.1	-0.1	-4.90095
13069009	608	0.1	-0.1	-3.96242
13069009	609	0.1	-0.1	-2.18075
13069009	610	0.1	-0.1	-2.44713
13069009	611	0.1	-0.1	0.383286
13069009	612	0.1	-0.1	-0.433876
13069009	613	0.1	-0.1	-4.21961
13069009	614	0.1	-0.1	-3.03048
13069009	615	0.1	-0.1	-2.64372
13069009	616	0.1	-0.1	-3.85392
13069009	617	0.1	-0.1	5.76986
13069009	618	0.1	-0.1	1.36907
13069009	619	0.1	-0.1	-5.30231
13069009	620	0.1	-0.1	-5.0283
13069009	621	0.1	-0.1	2.78444
13069009	622	0.1	-0.1	-2.23008
13069009	623	0.1	-0.1	-4.76315
13069009	624	0.1	-0.1	-0.188703
13069009	625	0.1	-0.1	3.42564
13069009	626	0.1	-0.1	0.647373
13069009	627	0.1	-0.1	-3.81303
13069009	628	0.1	-0.1	4.93371
13069009	629	0.1	-0.1	4.14296
13069009	630	0.1	-0.1	2.10191
13069009	631	0.1	-0.1	-4.01605
13069009	632	0.1	-0.1	2.71969
13069009	633	0.1	-0.1	4.74984
13069009	634	0.1	-0.1	5.5365
13069009	635	0.1	-0.1	2.86656
13069009	636	0.1	-0.1	-1.04162
13069009	637	0.1	-0.1	-0.135204
13069009	638	0.1	-0.1	4.22053
13069009	639	0.1	-0.1	2.28006
13069009	640	0.1	-0.1	0.141267
13069009	641	0.1	-0.1	-5.3114
13069009	642	0.1	-0.1	-5.96327
13069009	643	0.1	-0.1	3.95448
13069009	644	0.1	-0.1	-2.29225
13069009	645	0.1	-0.1	1.99282
13069009	646	0.1	-0.1	0.813886
13069009	647	0.1	-0.1	-3.98335
13069009	648	0.1	-0.1	1.34745
13069009	649	0.1	-0.1	4.23437
13069009	650	0.1	-0.1	-1.75702
13069009	651	0.1	-0.1	-4.39353
13069009	652	0.1	-0.1	0.504162
13069009	653	0.1	-0.1	0.943829
13069009	654	0.1	-0.1	4.91406
13069009	655	0.1	-0.1	4.01177
13069009	656	0.1	-0.1	-5.63701
13069009	657	0.1	-0.1	-0.486991
13069009	658	0.1	-0.1	-3.72311
13069009	659	0.1	-0.1	-2.57752
13069009	660	0.1	-0.1	-2.92082
13069009	661	0.1	-0.1	-0.604675
13069009	662	0.1	-0.1	0.00816222
13069009	663	0.1	-0.1	-5.9838
13069009	664	0.1	-0.1	3.85957
13069009	665	0.1	-0.1	-1.71261
13069009	666	0.1	-0.1	-3.81857
13069009	667	0.1	-0.1	4.30097
13069009	668	0.1	-0.1	-0.714582
13069009	669	0.1	-0.1	-5.72838
13069009	670	0.1	-0.1	-0.240482
13069009	671	0.1	-0.1	0.287444
13069009	672	0.1	-0.1	-0.784574
13069009	673	0.1	-0.1	-1.88556
13069009	674	0.1	-0.1	1.36283
13069009	675	0.1	-0.1	2.7629
13069009	676	0.1	-0.1	0.337816
13069009	677	0.1	-0.1	-5.94261
13069009	678	0.1	-0.1	1.16685
13069009	679	0.1	-0.1	-3.18783
13069009	680	0.1	-0.1	4.62514
13069009	681	0.1	-0.1	4.77055
13069009	682	0.1	-0.1	5.35794
13069009	683	0.1	-0.1	-4.21235
13069009	684	0.1	-0.1	1.45757
13069009	685	0.1	-0.1	4.18745
13069009	686	0.1	-0.1	-0.502292
13069009	687	0.1	-0.1	3.72301
13069009	688	0.1	-0.1	-1.54299
13069009	689	0.1	-0.1	1.57248
13069009	690	0.1	-0.1	-1.36615
13069009	691	0.1	-0.1	2.17426
13069009	692	0.1	-0.1	4.73625
13069009	693	0.1	-0.1	0.796702
13069009	694	0.1	-0.1	-4.28184
13069009	695	0.1	-0.1	-2.65553
13069009	696	0.1	-0.1	3.01628
13069009	697	0.1	-0.1	5.66257
13069009	698	0.1	-0.1	-2.60833
13069009	699	0.1	-0.1	-1.93862
13069009	700	0.1	-0.1	-1.3155
13069009	701	0.1	-0.1	-0.930512
13069009	702	0.1	-0.1	-3.25662
13069009	703	0.1	-0.1	-4.18884
13069009	704	0.1	-0.1	1.65945
13069009	705	0.1	-0.1	4.34955
13069009	706	0.1	-0.1	3.42473
13069009	707	0.1	-0.1	3.38823
13069009	708	0.1	-0.1	0.881658
13069009	709	0.1	-0.1	5.79771
13069009	710	0.1	-0.1	-1.12331
13069009	711	0.1	-0.1	5.96749
13069009	712	0.1	-0.1	2.75311
13069009	713	0.1	-0.1	4.09104
13069009	714	0.1	-0.1	-0.678337
13069009	715	0.1	-0.1	4.10191
13069009	716	0.1	-0.1	-4.39489
13069009	717	0.1	-0.1	1.90162
13069009	718	0.1	-0.1	5.74196
13069009	719	0.1	-0.1	0.325136
13069009	720	0.1	-0.1	-1.58303
13069009	721	0.1	-0.1	1.37611
13069009	722	0.1	-0.1	1.77152
13069009	723	0.1	-0.1	-3.52186
13069009	724	0.1	-0.1	-0.151729
13069009	725	0.1	-0.1	-3.30997
13069009	726	0.1	-0.1	1.82612
13069009	727	0.1	-0.1	-5.37023
13069009	728	0.1	-0.1	4.99502
13069009	729	0.1	-0.1	4.93421
13069009	730	0.1	-0.1	-5.42095
13069009	731	0.1	-0.1	3.42276
13069009	732	0.1	-0.1	-2.83887
13069009	733	0.1	-0.1	-2.48577
13069009	734	0.1	-0.1	5.80953
13069009	735	0.1	-0.1	4.60755
13069009	736	0.1	-0.1	5.71077
13069009	737	0.1	-0.1	-5.40229
13069009	738	0.1	-0.1	2.19199
13069009	739	0.1	-0.1	-2.09366
13069009	740	0.1	-0.1	0.170635
13069009	741	0.1	-0.1	-3.0158
13069009	742	0.1	-0.1	3.21227
13069009	743	0.1	-0.1	-3.49485
13069009	744	0.1	-0.1	-3.30719
13069009	745	0.1	-0.1	2.39548
13069009	746	0.1	-0.1	-4.46214
13069009	747	0.1	-0.1	1.70356
13069009	748	0.1	-0.1	-5.89926
13069009	749	0.1	-0.1	-5.59181
13069009	750	0.1	-0.1	1.39726
13069009	751	0.1	-0.1	-5.32697
13069009	752	0.1	-0.1	-5.80277
13069009	753	0.1	-0.1	3.29259
13069009	754	0.1	-0.1	3.19214
13069009	755	0.1	-0.1	-2.62605
13069009	756	0.1	-0.1	5.51707
13069009	757	0.1	-0.1	-4.32173
13069009	758	0.1	-0.1	0.40531
13069009	759	0.1	-0.1	0.986187
13069009	760	0.1	-0.1	-1.95105
13069009	761	0.1	-0.1	5.2555
13069009	762	0.1	-0.1	-5.66365
13069009	763	0.1	-0.1	-2.13824
13069009	764	0.1	-0.1	-0.304507
13069009	765	0.1	-0.1	-3.81123
13069009	766	0.1	-0.1	-1.19234
13069009	767	0.1	-0.1	-1.2664
13069009	768	0.1	-0.1	4.58263
13069009	769	0.1	-0.1	1.95894
13069009	770	0.1	-0.1	-5.86547
13069009	771	0.1	-0.1	4.60403
13069009	772	0.1	-0.1	1.07688
13069009	773	0.1	-0.1	2.2076
13069009	774	0.1	-0.1	-4.70002
13069009	775	0.1	-0.1	-0.791306
13069009	776	0.1	-0.1	-2.19317
13069009	777	0.1	-0.1	-3.29925
13069009	778	0.1	-0.1	2.64182
13069009	779	0.1	-0.1	4.20634
13069009	780	0.1	-0.1	-3.30764
13069009	781	0.1	-0.1	0.944616
13069009	782	0.1	-0.1	-4.70281
13069009	783	0.1	-0.1	-4.47573
13069009	784	0.1	-0.1	4.31547
13069009	785	0.1	-0.1	-1.2147
13069009	786	0.1	-0.1	3.69465
13069009	787	0.1	-0.1	4.46424
13069009	788	0.1	-0.1	2.0777
13069009	789	0.1	-0.1	-2.87261
13069009	790	0.1	-0.1	3.00588
13069009	791	0.1	-0.1	-5.25553
13069009	792	0.1	-0.1	-3.93107
13069009	793	0.1	-0.1	-3.22703
13069009	794	0.1	-0.1	5.87592
13069009	795	0.1	-0.1	1.90626
13069009	796	0.1	-0.1	-0.0202499
13069009	797	0.1	-0.1	-2.17297
13069009	798	0.1	-0.1	2.96151
13069009	799	0.1	-0.1	4.73574
13069009	800	0.1	-0.1	-5.02012
13069009	801	0.1	-0.1	-5.68112
13069009	802	0.1	-0.1	4.8078
13069009	803	0.1	-0.1	0.905431
13069009	804	0.1	-0.1	3.83182
13069009	805	0.1	-0.1	-0.206236
13069009	806	0.1	-0.1	3.32961
13069009	807	0.1	-0.1	-3.78238
13069009	808	0.1	-0.1	-3.15512
13069009	809	0.1	-0.1	-3.96454
13069009	810	0.1	-0.1	4.12534
13069009	811	0.1	-0.1	-5.02422
13069009	812	0.1	-0.1	-0.654424
13069009	813	0.1	-0.1	2.75592
13069009	814	0.1	-0.1	5.19612
13069009	815	0.1	-0.1	4.24754
13069009	816	0.1	-0.1	-0.0901705
13069009	817	0.1	-0.1	3.90236
13069009	818	0.1	-0.1	-4.337
13069009	819	0.1	-0.1	3.77045
13069009	820	0.1	-0.1	-5.63565
13069009	821	0.1	-0.1	-4.40328
13069009	822	0.1	-0.1	-4.79847
13069009	823	0.1	-0.1	4.95424
13069009	824	0.1	-0.1	-5.29883
13069009	825	0.1	-0.1	-0.658155
13069009	826	0.1	-0.1	-5.11275
13069009	827	0.1	-0.1	-1.73147
13069009	828	0.1	-0.1	-5.95203
13069009	829	0.1	-0.1	5.85465
13069009	830	0.1	-0.1	-5.37352
13069009	831	0.1	-0.1	4.46297
13069009	832	0.1	-0.1	-0.511277
13069009	833	0.1	-0.1	2.53782
13069009	834	0.1	-0.1	1.96778
13069009	835	0.1	-0.1	-5.76298
13069009	836	0.1	-0.1	3.54706
13069009	837	0.1	-0.1	2.02928
13069009	838	0.1	-0.1	5.33195
13069009	839	0.1	-0.1	-0.568868
13069009	840	0.1	-0.1	-0.431547
13069009	841	0.1	-0.1	0.236021
13069009	842	0.1	-0.1	-4.73593
13069009	843	0.1	-0.1	-1.99765
13069009	844	0.1	-0.1	-0.448042
13069009	845	0.1	-0.1	5.77797
13069009	846	0.1	-0.1	-0.848609
13069009	847	0.1	-0.1	-3.47372
13069009	848	0.1	-0.1	-4.96302
13069009	849	0.1	-0.1	0.387562
13069009	850	0.1	-0.1	3.0352
13069009	851	0.1	-0.1	2.95525
13069009	852	0.1	-0.1	-2.52189
13069009	853	0.1	-0.1	-5.19665
13069009	854	0.1	-0.1	2.49455
13069009	855	0.1	-0.1	4.13872
13069009	856	0.1	-0.1	2.2745
13069009	857	0.1	-0.1	4.23979
13069009	858	0.1	-0.1	-1.19077
13069009	859	0.1	-0.1	2.12434
13069009	860	0.1	-0.1	1.39959
13069009	861	0.1	-0.1	1.0742
13069009	862	0.1	-0.1	-4.55838
13069009	863	0.1	-0.1	-4.8135
13069009	864	0.1	-0.1	5.71593
13069009	865	0.1	-0.1	0.563327
13069009	866	0.1	-0.1	-2.92534
13069009	867	0.1	-0.1	0.253867
13069009	868	0.1	-0.1	0.301423
13069009	869	0.1	-0.1	1.31097
13069009	870	0.1	-0.1	2.57013
13069009	871	0.1	-0.1	-3.39736
13069009	872	0.1	-0.1	5.57357
13069009	873	0.1	-0.1	2.98055
13069009	874	0.1	-0.1	-1.91522
13069009	875	0.1	-0.1	2.34514
13069009	876	0.1	-0.1	0.167865
13069009	877	0.1	-0.1	-5.89542
13069009	878	0.1	-0.1	-2.32134
13069009	879	0.1	-0.1	-5.32336
13069009	880	0.1	-0.1	1.10691
13069009	881	0.1	-0.1	1.50167
13069009	882	0.1	-0.1	3.5963
13069009	883	0.1	-0.1	-0.373181
13069009	884	0.1	-0.1	-4.93776
13069009	885	0.1	-0.1	2.78324
13069009	886	0.1	-0.1	-0.608989
13069009	887	0.1	-0.1	-2.07839
13069009	888	0.1	-0.1	-2.38742
13069009	889	0.1	-0.1	-0.778768
13069009	890	0.1	-0.1	-2.80914
13069009	891	0.1	-0.1	-5.97865
13069009	892	0.1	-0.1	-5.99282
13069009	893	0.1	-0.1	-0.850844
13069009	894	0.1	-0.1	-0.363844
13069009	895	0.1	-0.1	5.22399
13069009	896	0.1	-0.1	5.78437
13069009	897	0.1	-0.1	-5.63217
13069009	898	0.1	-0.1	4.91486
13069009	899	0.1	-0.1	0.595104
13069009	900	0.1	-0.1	-0.513134
13069009	901	0.1	-0.1	0.767403
13069009	902	0.1	-0.1	-2.64839
13069009	903	0.1	-0.1	3.4795
13069009	904	0.1	-0.1	3.88121
13069009	905	0.1	-0.1	5.19172
13069009	906	0.1	-0.1	-1.43418
13069009	907	0.1	-0.1	-4.84739
13069009	908	0.1	-0.1	-0.733184
13069009	909	0.1	-0.1	2.2118
13069009	910	0.1	-0.1	0.35586
13069009	911	0.1	-0.1	-1.0368
13069009	912	0.1	-0.1	5.39633
13069009	913	0.1	-0.1	3.64348
13069009	914	0.1	-0.1	-5.47808
13069009	915	0.1	-0.1	5.97482
13069009	916	0.1	-0.1	-4.56177
13069009	917	0.1	-0.1	4.22455
13069009	918	0.1	-0.1	-4.4737
13069009	919	0.1	-0.1	-3.69869
13069009	920	0.1	-0.1	-4.79553
13069009	921	0.1	-0.1	-1.85529
13069009	922	0.1	-0.1	3.34175
13069009	923	0.1	-0.1	5.33016
13069009	924	0.1	-0.1	2.07363
13069009	925	0.1	-0.1	-4.01536
13069009	926	0.1	-0.1	-3.15852
13069009	927	0.1	-0.1	-1.73715
13069009	928	0.1	-0.1	-0.473718
13069009	929	0.1	-0.1	-4.37156
13069009	930	0.1	-0.1	1.85205
13069009	931	0.1	-0.1	-3.15097
13069009	932	0.1	-0.1	-5.44164
13069009	933	0.1	-0.1	4.67296
13069009	934	0.1	-0.1	-2.44609
13069009	935	0.1	-0.1	-3.32583
13069009	936	0.1	-0.1	1.477
13069009	937	0.1	-0.1	3.61236
13069009	938	0.1	-0.1	2.87658
13069009	939	0.1	-0.1	5.66216
13069009	940	0.1	-0.1	-5.72313
13069009	941	0.1	-0.1	-3.31388
13069009	942	0.1	-0.1	-2.09196
13069009	943	0.1	-0.1	1.89748
13069009	944	0.1	-0.1	-5.39497
13069009	945	0.1	-0.1	-2.42104
13069009	946	0.1	-0.1	0.105283
13069009	947	0.1	-0.1	-5.18257
13069009	948	0.1	-0.1	4.95923
13069009	949	0.1	-0.1	-0.326503
13069009	950	0.1	-0.1	-2.81449
13069009	951	0.1	-0.1	-2.06167
13069009	952	0.1	-0.1	-5.99619
13069009	953	0.1	-0.1	4.17796
13069009	954	0.1	-0.1	2.36928
13069009	955	0.1	-0.1	-1.83027
13069009	956	0.1	-0.1	-0.342725
13069009	957	0.1	-0.1	0.359638
13069009	958	0.1	-0.1	-1.86661
13069009	959	0.1	-0.1	2.24058
13069009	960	0.1	-0.1	-0.594033
13069009	961	0.1	-0.1	0.507311
13069009	962	0.1	-0.1	-2.59892
13069009	963	0.1	-0.1	-0.878075
13069009	964	0.1	-0.1	3.78404
13069009	965	0.1	-0.1	-2.73632
13069009	966	0.1	-0.1	-0.141424
13069009	967	0.1	-0.1	4.60001
13069009	968	0.1	-0.1	-1.97303
13069009	969	0.1	-0.1	1.21387
13069009	970	0.1	-0.1	5.23906
13069009	971	0.1	-0.1	0.307879
13069009	972	0.1	-0.1	-1.41881
13069009	973	0.1	-0.1	-0.419121
13069009	974	0.1	-0.1	-4.78077
13069009	975	0.1	-0.1	-5.42909
13069009	976	0.1	-0.1	2.317
13069009	977	0.1	-0.1	5.246
13069009	978	0.1	-0.1	-1.01559
13069009	979	0.1	-0.1	-3.64833
13069009	980	0.1	-0.1	0.573378
13069009	981	0.1	-0.1	-3.66162
13069009	982	0.1	-0.1	5.98382
13069009	983	0.1	-0.1	2.09687
13069009	984	0.1	-0.1	0.820673
13069009	985	0.1	-0.1	1.63223
13069009	986	0.1	-0.1	1.80098
13069009	987	0.1	-0.1	-5.36588
13069009	988	0.1	-0.1	-1.19263
13069009	989	0.1	-0.1	4.70005
13069009	990	0.1	-0.1	-1.28021
13069009	991	0.1	-0.1	-0.771209
13069009	992	0.1	-0.1	-1.16416
13069009	993	0.1	-0.1	-2.30006
13069009	994	0.1	-0.1	3.30262
13069009	995	0.1	-0.1	3.0946
13069009	996	0.1	-0.1	4.04574
13069009	997	0.1	-0.1	1.97151
13069009	998	0.1	-0.1	0.571195
13069009	999	0.1	-0.1	-0.585827
13069009	1000	0.1	-0.1	-4.74494
