13068086	1	0.1	-0.1	-5.22187
13068086	2	0.1	-0.1	1.7803
13068086	3	0.1	-0.1	2.78886
13068086	4	0.1	-0.1	2.09601
13068086	5	0.1	-0.1	3.99218
13068086	6	0.1	-0.1	-4.03871
13068086	7	0.1	-0.1	-1.13073
13068086	8	0.1	-0.1	-0.423709
13068086	9	0.1	-0.1	-1.19331
13068086	10	0.1	-0.1	0.24673
13068086	11	0.1	-0.1	4.10378
13068086	12	0.1	-0.1	2.58309
13068086	13	0.1	-0.1	5.27128
13068086	14	0.1	-0.1	2.46798
13068086	15	0.1	-0.1	5.17423
13068086	16	0.1	-0.1	-1.94429
13068086	17	0.1	-0.1	-2.58161
13068086	18	0.1	-0.1	2.44083
13068086	19	0.1	-0.1	-4.39569
13068086	20	0.1	-0.1	-2.90591
13068086	21	0.1	-0.1	-2.39335
13068086	22	0.1	-0.1	0.0413391
13068086	23	0.1	-0.1	2.21751
13068086	24	0.1	-0.1	-5.44928
13068086	25	0.1	-0.1	-1.17642
13068086	26	0.1	-0.1	-4.62776
13068086	27	0.1	-0.1	-5.91323
13068086	28	0.1	-0.1	4.55743
13068086	29	0.1	-0.1	0.688661
13068086	30	0.1	-0.1	-3.34114
13068086	31	0.1	-0.1	0.289221
13068086	32	0.1	-0.1	-1.88852
13068086	33	0.1	-0.1	5.03727
13068086	34	0.1	-0.1	3.59811
13068086	35	0.1	-0.1	3.2759
13068086	36	0.1	-0.1	4.43027
13068086	37	0.1	-0.1	5.49478
13068086	38	0.1	-0.1	0.0998536
13068086	39	0.1	-0.1	5.90512
13068086	40	0.1	-0.1	1.06226
13068086	41	0.1	-0.1	-3.71669
13068086	42	0.1	-0.1	5.24328
13068086	43	0.1	-0.1	-4.68866
13068086	44	0.1	-0.1	3.33108
13068086	45	0.1	-0.1	-2.18443
13068086	46	0.1	-0.1	-2.07263
13068086	47	0.1	-0.1	-3.7959
13068086	48	0.1	-0.1	-4.21264
13068086	49	0.1	-0.1	3.91859
13068086	50	0.1	-0.1	5.45389
13068086	51	0.1	-0.1	3.90303
13068086	52	0.1	-0.1	4.73673
13068086	53	0.1	-0.1	3.76878
13068086	54	0.1	-0.1	0.602291
13068086	55	0.1	-0.1	-1.57858
13068086	56	0.1	-0.1	4.7664
13068086	57	0.1	-0.1	1.90137
13068086	58	0.1	-0.1	1.01016
13068086	59	0.1	-0.1	-0.169521
13068086	60	0.1	-0.1	2.49698
13068086	61	0.1	-0.1	-1.84617
13068086	62	0.1	-0.1	5.23377
13068086	63	0.1	-0.1	-4.81538
13068086	64	0.1	-0.1	4.51379
13068086	65	0.1	-0.1	-1.03073
13068086	66	0.1	-0.1	-2.79597
13068086	67	0.1	-0.1	-3.49824
13068086	68	0.1	-0.1	-1.13648
13068086	69	0.1	-0.1	-5.55046
13068086	70	0.1	-0.1	-5.4537
13068086	71	0.1	-0.1	3.84533
13068086	72	0.1	-0.1	2.11003
13068086	73	0.1	-0.1	-2.82287
13068086	74	0.1	-0.1	3.96802
13068086	75	0.1	-0.1	1.74332
13068086	76	0.1	-0.1	0.929529
13068086	77	0.1	-0.1	1.47027
13068086	78	0.1	-0.1	3.89823
13068086	79	0.1	-0.1	2.6436
13068086	80	0.1	-0.1	0.0593286
13068086	81	0.1	-0.1	5.74953
13068086	82	0.1	-0.1	-3.84645
13068086	83	0.1	-0.1	4.42253
13068086	84	0.1	-0.1	-3.92068
13068086	85	0.1	-0.1	0.63991
13068086	86	0.1	-0.1	4.20602
13068086	87	0.1	-0.1	-4.00307
13068086	88	0.1	-0.1	-1.62268
13068086	89	0.1	-0.1	4.83624
13068086	90	0.1	-0.1	-2.57718
13068086	91	0.1	-0.1	-3.4313
13068086	92	0.1	-0.1	-3.21681
13068086	93	0.1	-0.1	4.90806
13068086	94	0.1	-0.1	-5.21377
13068086	95	0.1	-0.1	-5.96884
13068086	96	0.1	-0.1	1.06928
13068086	97	0.1	-0.1	1.34093
13068086	98	0.1	-0.1	4.55961
13068086	99	0.1	-0.1	5.5221
13068086	100	0.1	-0.1	-1.24772
13068086	101	0.1	-0.1	3.14665
13068086	102	0.1	-0.1	-3.54832
13068086	103	0.1	-0.1	-2.08296
13068086	104	0.1	-0.1	-1.78317
13068086	105	0.1	-0.1	-2.26047
13068086	106	0.1	-0.1	0.676031
13068086	107	0.1	-0.1	5.01813
13068086	108	0.1	-0.1	3.51488
13068086	109	0.1	-0.1	0.377786
13068086	110	0.1	-0.1	-3.46664
13068086	111	0.1	-0.1	2.54161
13068086	112	0.1	-0.1	1.78217
13068086	113	0.1	-0.1	-4.01865
13068086	114	0.1	-0.1	-2.01466
13068086	115	0.1	-0.1	-2.01258
13068086	116	0.1	-0.1	1.69411
13068086	117	0.1	-0.1	-2.65832
13068086	118	0.1	-0.1	2.92725
13068086	119	0.1	-0.1	-0.705338
13068086	120	0.1	-0.1	1.10949
13068086	121	0.1	-0.1	-4.98598
13068086	122	0.1	-0.1	-5.63484
13068086	123	0.1	-0.1	3.36741
13068086	124	0.1	-0.1	4.39299
13068086	125	0.1	-0.1	4.12567
13068086	126	0.1	-0.1	3.20254
13068086	127	0.1	-0.1	-0.659038
13068086	128	0.1	-0.1	-1.96624
13068086	129	0.1	-0.1	2.21541
13068086	130	0.1	-0.1	-3.30007
13068086	131	0.1	-0.1	-1.94561
13068086	132	0.1	-0.1	-4.93235
13068086	133	0.1	-0.1	-1.11691
13068086	134	0.1	-0.1	0.621421
13068086	135	0.1	-0.1	-4.51979
13068086	136	0.1	-0.1	-4.24133
13068086	137	0.1	-0.1	-2.57333
13068086	138	0.1	-0.1	-2.98885
13068086	139	0.1	-0.1	2.92933
13068086	140	0.1	-0.1	5.40355
13068086	141	0.1	-0.1	-0.360481
13068086	142	0.1	-0.1	1.76954
13068086	143	0.1	-0.1	3.48173
13068086	144	0.1	-0.1	-4.21172
13068086	145	0.1	-0.1	-1.34976
13068086	146	0.1	-0.1	-0.437782
13068086	147	0.1	-0.1	-1.5022
13068086	148	0.1	-0.1	-4.93781
13068086	149	0.1	-0.1	-3.28816
13068086	150	0.1	-0.1	0.290747
13068086	151	0.1	-0.1	1.73191
13068086	152	0.1	-0.1	-1.95186
13068086	153	0.1	-0.1	5.21384
13068086	154	0.1	-0.1	-5.47141
13068086	155	0.1	-0.1	-5.31829
13068086	156	0.1	-0.1	3.62214
13068086	157	0.1	-0.1	-1.06784
13068086	158	0.1	-0.1	4.83682
13068086	159	0.1	-0.1	-5.63791
13068086	160	0.1	-0.1	3.78539
13068086	161	0.1	-0.1	2.6067
13068086	162	0.1	-0.1	-5.27939
13068086	163	0.1	-0.1	0.976195
13068086	164	0.1	-0.1	-3.70717
13068086	165	0.1	-0.1	1.37088
13068086	166	0.1	-0.1	-0.551189
13068086	167	0.1	-0.1	1.37605
13068086	168	0.1	-0.1	0.360066
13068086	169	0.1	-0.1	1.05944
13068086	170	0.1	-0.1	2.81512
13068086	171	0.1	-0.1	2.99377
13068086	172	0.1	-0.1	4.98507
13068086	173	0.1	-0.1	3.06526
13068086	174	0.1	-0.1	-4.57058
13068086	175	0.1	-0.1	4.71393
13068086	176	0.1	-0.1	-0.585409
13068086	177	0.1	-0.1	-3.82724
13068086	178	0.1	-0.1	-1.49395
13068086	179	0.1	-0.1	2.60907
13068086	180	0.1	-0.1	0.449616
13068086	181	0.1	-0.1	-4.72003
13068086	182	0.1	-0.1	3.61775
13068086	183	0.1	-0.1	-0.991232
13068086	184	0.1	-0.1	-4.81148
13068086	185	0.1	-0.1	5.92135
13068086	186	0.1	-0.1	-2.67486
13068086	187	0.1	-0.1	5.99913
13068086	188	0.1	-0.1	0.151421
13068086	189	0.1	-0.1	1.12431
13068086	190	0.1	-0.1	-1.03424
13068086	191	0.1	-0.1	-1.10683
13068086	192	0.1	-0.1	-4.81493
13068086	193	0.1	-0.1	1.77093
13068086	194	0.1	-0.1	-2.35694
13068086	195	0.1	-0.1	3.70065
13068086	196	0.1	-0.1	-4.53412
13068086	197	0.1	-0.1	-4.95504
13068086	198	0.1	-0.1	-5.86407
13068086	199	0.1	-0.1	3.1231
13068086	200	0.1	-0.1	1.12211
13068086	201	0.1	-0.1	3.39705
13068086	202	0.1	-0.1	2.46911
13068086	203	0.1	-0.1	-3.41817
13068086	204	0.1	-0.1	-2.08223
13068086	205	0.1	-0.1	5.96153
13068086	206	0.1	-0.1	4.5114
13068086	207	0.1	-0.1	4.41051
13068086	208	0.1	-0.1	-4.13926
13068086	209	0.1	-0.1	4.30446
13068086	210	0.1	-0.1	5.44474
13068086	211	0.1	-0.1	5.3765
13068086	212	0.1	-0.1	-2.72384
13068086	213	0.1	-0.1	4.95138
13068086	214	0.1	-0.1	-1.90452
13068086	215	0.1	-0.1	4.99701
13068086	216	0.1	-0.1	1.34723
13068086	217	0.1	-0.1	-0.172588
13068086	218	0.1	-0.1	2.1443
13068086	219	0.1	-0.1	-1.70757
13068086	220	0.1	-0.1	4.85005
13068086	221	0.1	-0.1	5.31263
13068086	222	0.1	-0.1	3.25321
13068086	223	0.1	-0.1	-1.59402
13068086	224	0.1	-0.1	5.80654
13068086	225	0.1	-0.1	-1.38845
13068086	226	0.1	-0.1	-4.3047
13068086	227	0.1	-0.1	4.01346
13068086	228	0.1	-0.1	-5.7943
13068086	229	0.1	-0.1	2.16622
13068086	230	0.1	-0.1	-2.7845
13068086	231	0.1	-0.1	-4.44203
13068086	232	0.1	-0.1	-3.93554
13068086	233	0.1	-0.1	5.22785
13068086	234	0.1	-0.1	-4.72513
13068086	235	0.1	-0.1	-1.09998
13068086	236	0.1	-0.1	1.84728
13068086	237	0.1	-0.1	5.55936
13068086	238	0.1	-0.1	2.92503
13068086	239	0.1	-0.1	0.756308
13068086	240	0.1	-0.1	-4.40747
13068086	241	0.1	-0.1	-4.7438
13068086	242	0.1	-0.1	5.69822
13068086	243	0.1	-0.1	5.42047
13068086	244	0.1	-0.1	3.79321
13068086	245	0.1	-0.1	2.78654
13068086	246	0.1	-0.1	-5.27751
13068086	247	0.1	-0.1	-2.58895
13068086	248	0.1	-0.1	-2.83615
13068086	249	0.1	-0.1	4.40762
13068086	250	0.1	-0.1	-1.60161
13068086	251	0.1	-0.1	-4.63391
13068086	252	0.1	-0.1	5.14634
13068086	253	0.1	-0.1	-1.46026
13068086	254	0.1	-0.1	-0.149513
13068086	255	0.1	-0.1	5.54578
13068086	256	0.1	-0.1	4.77036
13068086	257	0.1	-0.1	-5.33367
13068086	258	0.1	-0.1	2.47347
13068086	259	0.1	-0.1	0.241091
13068086	260	0.1	-0.1	3.87515
13068086	261	0.1	-0.1	2.61309
13068086	262	0.1	-0.1	4.57861
13068086	263	0.1	-0.1	2.74672
13068086	264	0.1	-0.1	-1.15965
13068086	265	0.1	-0.1	-5.97086
13068086	266	0.1	-0.1	3.55208
13068086	267	0.1	-0.1	-1.92872
13068086	268	0.1	-0.1	0.149901
13068086	269	0.1	-0.1	-1.99184
13068086	270	0.1	-0.1	-1.58477
13068086	271	0.1	-0.1	5.69039
13068086	272	0.1	-0.1	-5.52246
13068086	273	0.1	-0.1	5.05112
13068086	274	0.1	-0.1	-0.735182
13068086	275	0.1	-0.1	3.28142
13068086	276	0.1	-0.1	5.69947
13068086	277	0.1	-0.1	-3.60264
13068086	278	0.1	-0.1	-1.18609
13068086	279	0.1	-0.1	5.65093
13068086	280	0.1	-0.1	1.73365
13068086	281	0.1	-0.1	-2.87457
13068086	282	0.1	-0.1	-2.50947
13068086	283	0.1	-0.1	0.140928
13068086	284	0.1	-0.1	-3.2049
13068086	285	0.1	-0.1	4.39218
13068086	286	0.1	-0.1	5.95236
13068086	287	0.1	-0.1	5.03897
13068086	288	0.1	-0.1	3.28751
13068086	289	0.1	-0.1	-2.43011
13068086	290	0.1	-0.1	2.20738
13068086	291	0.1	-0.1	2.20347
13068086	292	0.1	-0.1	3.53311
13068086	293	0.1	-0.1	2.18547
13068086	294	0.1	-0.1	0.848249
13068086	295	0.1	-0.1	2.52879
13068086	296	0.1	-0.1	0.313869
13068086	297	0.1	-0.1	-2.21302
13068086	298	0.1	-0.1	-5.38806
13068086	299	0.1	-0.1	4.71868
13068086	300	0.1	-0.1	-2.47967
13068086	301	0.1	-0.1	0.132826
13068086	302	0.1	-0.1	-4.31779
13068086	303	0.1	-0.1	-3.57705
13068086	304	0.1	-0.1	3.99382
13068086	305	0.1	-0.1	4.07397
13068086	306	0.1	-0.1	0.345385
13068086	307	0.1	-0.1	-3.99357
13068086	308	0.1	-0.1	3.01473
13068086	309	0.1	-0.1	3.0881
13068086	310	0.1	-0.1	1.9908
13068086	311	0.1	-0.1	5.00007
13068086	312	0.1	-0.1	-2.62375
13068086	313	0.1	-0.1	1.4003
13068086	314	0.1	-0.1	3.5153
13068086	315	0.1	-0.1	3.88001
13068086	316	0.1	-0.1	5.08993
13068086	317	0.1	-0.1	-2.87668
13068086	318	0.1	-0.1	0.890107
13068086	319	0.1	-0.1	-4.44397
13068086	320	0.1	-0.1	2.63745
13068086	321	0.1	-0.1	-1.48853
13068086	322	0.1	-0.1	3.78362
13068086	323	0.1	-0.1	0.0413655
13068086	324	0.1	-0.1	-1.6235
13068086	325	0.1	-0.1	5.69101
13068086	326	0.1	-0.1	-5.06593
13068086	327	0.1	-0.1	-5.06951
13068086	328	0.1	-0.1	-5.39941
13068086	329	0.1	-0.1	-1.57713
13068086	330	0.1	-0.1	-5.38466
13068086	331	0.1	-0.1	-2.22897
13068086	332	0.1	-0.1	5.69721
13068086	333	0.1	-0.1	2.22691
13068086	334	0.1	-0.1	1.95087
13068086	335	0.1	-0.1	-1.98333
13068086	336	0.1	-0.1	-5.14033
13068086	337	0.1	-0.1	-3.27634
13068086	338	0.1	-0.1	3.19385
13068086	339	0.1	-0.1	-4.10607
13068086	340	0.1	-0.1	-1.96829
13068086	341	0.1	-0.1	4.41662
13068086	342	0.1	-0.1	1.41517
13068086	343	0.1	-0.1	-1.77821
13068086	344	0.1	-0.1	-3.48416
13068086	345	0.1	-0.1	-1.57414
13068086	346	0.1	-0.1	4.81306
13068086	347	0.1	-0.1	-4.48436
13068086	348	0.1	-0.1	-1.13728
13068086	349	0.1	-0.1	-4.59912
13068086	350	0.1	-0.1	-4.6423
13068086	351	0.1	-0.1	-2.95367
13068086	352	0.1	-0.1	-3.10095
13068086	353	0.1	-0.1	2.98555
13068086	354	0.1	-0.1	-3.05529
13068086	355	0.1	-0.1	-3.32002
13068086	356	0.1	-0.1	-3.86092
13068086	357	0.1	-0.1	-4.7073
13068086	358	0.1	-0.1	2.79288
13068086	359	0.1	-0.1	-1.21045
13068086	360	0.1	-0.1	2.55186
13068086	361	0.1	-0.1	1.83967
13068086	362	0.1	-0.1	-3.0786
13068086	363	0.1	-0.1	-4.13991
13068086	364	0.1	-0.1	5.81862
13068086	365	0.1	-0.1	-5.25124
13068086	366	0.1	-0.1	-0.724275
13068086	367	0.1	-0.1	5.61359
13068086	368	0.1	-0.1	3.24675
13068086	369	0.1	-0.1	3.00315
13068086	370	0.1	-0.1	-4.36098
13068086	371	0.1	-0.1	0.786948
13068086	372	0.1	-0.1	2.17565
13068086	373	0.1	-0.1	3.07597
13068086	374	0.1	-0.1	-0.5716
13068086	375	0.1	-0.1	0.66447
13068086	376	0.1	-0.1	-0.832627
13068086	377	0.1	-0.1	-1.48556
13068086	378	0.1	-0.1	3.53053
13068086	379	0.1	-0.1	0.928168
13068086	380	0.1	-0.1	-4.4447
13068086	381	0.1	-0.1	-5.78326
13068086	382	0.1	-0.1	5.74966
13068086	383	0.1	-0.1	-0.964944
13068086	384	0.1	-0.1	1.19654
13068086	385	0.1	-0.1	3.67907
13068086	386	0.1	-0.1	0.815029
13068086	387	0.1	-0.1	-0.638001
13068086	388	0.1	-0.1	-1.48804
13068086	389	0.1	-0.1	0.899949
13068086	390	0.1	-0.1	1.61376
13068086	391	0.1	-0.1	0.0110593
13068086	392	0.1	-0.1	5.75003
13068086	393	0.1	-0.1	-3.96166
13068086	394	0.1	-0.1	5.29669
13068086	395	0.1	-0.1	-0.116449
13068086	396	0.1	-0.1	-4.61111
13068086	397	0.1	-0.1	2.19907
13068086	398	0.1	-0.1	-4.34762
13068086	399	0.1	-0.1	1.58772
13068086	400	0.1	-0.1	4.56881
13068086	401	0.1	-0.1	5.74545
13068086	402	0.1	-0.1	2.70844
13068086	403	0.1	-0.1	-0.129918
13068086	404	0.1	-0.1	-3.61457
13068086	405	0.1	-0.1	-2.67617
13068086	406	0.1	-0.1	3.6898
13068086	407	0.1	-0.1	5.01627
13068086	408	0.1	-0.1	2.40268
13068086	409	0.1	-0.1	-1.27825
13068086	410	0.1	-0.1	-0.609892
13068086	411	0.1	-0.1	-3.00038
13068086	412	0.1	-0.1	1.02192
13068086	413	0.1	-0.1	5.48112
13068086	414	0.1	-0.1	-1.79861
13068086	415	0.1	-0.1	-5.16545
13068086	416	0.1	-0.1	1.9378
13068086	417	0.1	-0.1	4.38342
13068086	418	0.1	-0.1	-3.09041
13068086	419	0.1	-0.1	4.41964
13068086	420	0.1	-0.1	-2.70511
13068086	421	0.1	-0.1	-5.83308
13068086	422	0.1	-0.1	2.16888
13068086	423	0.1	-0.1	4.67623
13068086	424	0.1	-0.1	5.29288
13068086	425	0.1	-0.1	-2.32189
13068086	426	0.1	-0.1	-3.76606
13068086	427	0.1	-0.1	0.192065
13068086	428	0.1	-0.1	-4.67447
13068086	429	0.1	-0.1	2.34957
13068086	430	0.1	-0.1	-4.0288
13068086	431	0.1	-0.1	1.61653
13068086	432	0.1	-0.1	2.74425
13068086	433	0.1	-0.1	-0.341878
13068086	434	0.1	-0.1	-3.64171
13068086	435	0.1	-0.1	4.02838
13068086	436	0.1	-0.1	-1.23588
13068086	437	0.1	-0.1	1.02841
13068086	438	0.1	-0.1	-5.50569
13068086	439	0.1	-0.1	3.72888
13068086	440	0.1	-0.1	3.94901
13068086	441	0.1	-0.1	-0.928336
13068086	442	0.1	-0.1	4.45866
13068086	443	0.1	-0.1	2.00164
13068086	444	0.1	-0.1	5.44193
13068086	445	0.1	-0.1	-2.40691
13068086	446	0.1	-0.1	4.03513
13068086	447	0.1	-0.1	1.98703
13068086	448	0.1	-0.1	0.763906
13068086	449	0.1	-0.1	-5.69604
13068086	450	0.1	-0.1	-3.12425
13068086	451	0.1	-0.1	-2.78258
13068086	452	0.1	-0.1	-5.44447
13068086	453	0.1	-0.1	-1.99847
13068086	454	0.1	-0.1	-2.23717
13068086	455	0.1	-0.1	1.47794
13068086	456	0.1	-0.1	-0.840929
13068086	457	0.1	-0.1	-3.25972
13068086	458	0.1	-0.1	3.17021
13068086	459	0.1	-0.1	-2.1649
13068086	460	0.1	-0.1	-0.121764
13068086	461	0.1	-0.1	5.13999
13068086	462	0.1	-0.1	-5.91696
13068086	463	0.1	-0.1	3.21689
13068086	464	0.1	-0.1	0.780748
13068086	465	0.1	-0.1	4.91621
13068086	466	0.1	-0.1	0.80807
13068086	467	0.1	-0.1	-3.78838
13068086	468	0.1	-0.1	2.64067
13068086	469	0.1	-0.1	-3.71089
13068086	470	0.1	-0.1	5.09238
13068086	471	0.1	-0.1	-5.03973
13068086	472	0.1	-0.1	-5.39718
13068086	473	0.1	-0.1	3.79594
13068086	474	0.1	-0.1	-5.81126
13068086	475	0.1	-0.1	-0.0167082
13068086	476	0.1	-0.1	3.84986
13068086	477	0.1	-0.1	5.607
13068086	478	0.1	-0.1	4.96678
13068086	479	0.1	-0.1	4.52372
13068086	480	0.1	-0.1	-0.106495
13068086	481	0.1	-0.1	2.40665
13068086	482	0.1	-0.1	5.63817
13068086	483	0.1	-0.1	4.8713
13068086	484	0.1	-0.1	4.53274
13068086	485	0.1	-0.1	-4.52324
13068086	486	0.1	-0.1	-3.49536
13068086	487	0.1	-0.1	-0.957244
13068086	488	0.1	-0.1	-5.05102
13068086	489	0.1	-0.1	3.53718
13068086	490	0.1	-0.1	4.1915
13068086	491	0.1	-0.1	3.68631
13068086	492	0.1	-0.1	1.22007
13068086	493	0.1	-0.1	3.22981
13068086	494	0.1	-0.1	2.37962
13068086	495	0.1	-0.1	-5.42566
13068086	496	0.1	-0.1	-5.56634
13068086	497	0.1	-0.1	-0.539301
13068086	498	0.1	-0.1	2.3045
13068086	499	0.1	-0.1	-2.61806
13068086	500	0.1	-0.1	-3.23181
13068086	501	0.1	-0.1	5.82132
13068086	502	0.1	-0.1	0.555119
13068086	503	0.1	-0.1	-4.52402
13068086	504	0.1	-0.1	-1.13429
13068086	505	0.1	-0.1	1.18375
13068086	506	0.1	-0.1	-4.71201
13068086	507	0.1	-0.1	4.714
13068086	508	0.1	-0.1	-3.40103
13068086	509	0.1	-0.1	-0.500461
13068086	510	0.1	-0.1	3.29424
13068086	511	0.1	-0.1	1.18777
13068086	512	0.1	-0.1	1.3636
13068086	513	0.1	-0.1	-4.26637
13068086	514	0.1	-0.1	-0.0774436
13068086	515	0.1	-0.1	2.55186
13068086	516	0.1	-0.1	1.40374
13068086	517	0.1	-0.1	-3.0831
13068086	518	0.1	-0.1	-2.54801
13068086	519	0.1	-0.1	-1.03224
13068086	520	0.1	-0.1	-0.57071
13068086	521	0.1	-0.1	3.92511
13068086	522	0.1	-0.1	4.96848
13068086	523	0.1	-0.1	0.747466
13068086	524	0.1	-0.1	-1.59618
13068086	525	0.1	-0.1	0.969828
13068086	526	0.1	-0.1	3.91186
13068086	527	0.1	-0.1	-3.59107
13068086	528	0.1	-0.1	-5.25605
13068086	529	0.1	-0.1	-3.10387
13068086	530	0.1	-0.1	2.30192
13068086	531	0.1	-0.1	2.11613
13068086	532	0.1	-0.1	-5.22384
13068086	533	0.1	-0.1	3.47491
13068086	534	0.1	-0.1	3.05393
13068086	535	0.1	-0.1	-0.705834
13068086	536	0.1	-0.1	-3.4735
13068086	537	0.1	-0.1	-4.82666
13068086	538	0.1	-0.1	1.09797
13068086	539	0.1	-0.1	-4.96956
13068086	540	0.1	-0.1	-4.44931
13068086	541	0.1	-0.1	4.6952
13068086	542	0.1	-0.1	-3.33571
13068086	543	0.1	-0.1	4.92878
13068086	544	0.1	-0.1	-4.68898
13068086	545	0.1	-0.1	-5.70757
13068086	546	0.1	-0.1	5.49788
13068086	547	0.1	-0.1	-3.76131
13068086	548	0.1	-0.1	2.74417
13068086	549	0.1	-0.1	5.51581
13068086	550	0.1	-0.1	-4.36716
13068086	551	0.1	-0.1	-5.85653
13068086	552	0.1	-0.1	-4.30289
13068086	553	0.1	-0.1	1.00265
13068086	554	0.1	-0.1	-5.67032
13068086	555	0.1	-0.1	-3.98402
13068086	556	0.1	-0.1	0.975872
13068086	557	0.1	-0.1	3.56917
13068086	558	0.1	-0.1	2.81094
13068086	559	0.1	-0.1	1.6558
13068086	560	0.1	-0.1	-0.807302
13068086	561	0.1	-0.1	3.25788
13068086	562	0.1	-0.1	5.05072
13068086	563	0.1	-0.1	3.99481
13068086	564	0.1	-0.1	-1.68709
13068086	565	0.1	-0.1	0.436966
13068086	566	0.1	-0.1	1.85338
13068086	567	0.1	-0.1	-2.60643
13068086	568	0.1	-0.1	-4.67953
13068086	569	0.1	-0.1	-5.52624
13068086	570	0.1	-0.1	-4.92675
13068086	571	0.1	-0.1	5.11982
13068086	572	0.1	-0.1	-0.464063
13068086	573	0.1	-0.1	3.56103
13068086	574	0.1	-0.1	-1.18409
13068086	575	0.1	-0.1	-3.17699
13068086	576	0.1	-0.1	-3.00073
13068086	577	0.1	-0.1	-4.20805
13068086	578	0.1	-0.1	-1.37727
13068086	579	0.1	-0.1	1.53719
13068086	580	0.1	-0.1	-3.55458
13068086	581	0.1	-0.1	3.59968
13068086	582	0.1	-0.1	-0.17618
13068086	583	0.1	-0.1	0.801474
13068086	584	0.1	-0.1	-3.0671
13068086	585	0.1	-0.1	1.12752
13068086	586	0.1	-0.1	2.81065
13068086	587	0.1	-0.1	-2.9653
13068086	588	0.1	-0.1	2.88761
13068086	589	0.1	-0.1	-4.41367
13068086	590	0.1	-0.1	3.87997
13068086	591	0.1	-0.1	-2.49098
13068086	592	0.1	-0.1	-2.42799
13068086	593	0.1	-0.1	-3.11923
13068086	594	0.1	-0.1	-4.17084
13068086	595	0.1	-0.1	4.43104
13068086	596	0.1	-0.1	3.20391
13068086	597	0.1	-0.1	2.07269
13068086	598	0.1	-0.1	4.22649
13068086	599	0.1	-0.1	-4.87157
13068086	600	0.1	-0.1	5.88471
13068086	601	0.1	-0.1	2.24108
13068086	602	0.1	-0.1	-2.00113
13068086	603	0.1	-0.1	-0.617467
13068086	604	0.1	-0.1	-2.20683
13068086	605	0.1	-0.1	-1.65401
13068086	606	0.1	-0.1	-1.86181
13068086	607	0.1	-0.1	-2.92271
13068086	608	0.1	-0.1	-0.628264
13068086	609	0.1	-0.1	-3.53543
13068086	610	0.1	-0.1	4.23548
13068086	611	0.1	-0.1	-2.92712
13068086	612	0.1	-0.1	-5.00559
13068086	613	0.1	-0.1	1.82854
13068086	614	0.1	-0.1	1.72881
13068086	615	0.1	-0.1	3.91788
13068086	616	0.1	-0.1	3.06905
13068086	617	0.1	-0.1	0.653559
13068086	618	0.1	-0.1	0.226703
13068086	619	0.1	-0.1	5.65848
13068086	620	0.1	-0.1	3.4531
13068086	621	0.1	-0.1	4.08991
13068086	622	0.1	-0.1	-4.7521
13068086	623	0.1	-0.1	3.93728
13068086	624	0.1	-0.1	-0.964673
13068086	625	0.1	-0.1	3.1509
13068086	626	0.1	-0.1	3.52802
13068086	627	0.1	-0.1	-4.06656
13068086	628	0.1	-0.1	3.72758
13068086	629	0.1	-0.1	4.29242
13068086	630	0.1	-0.1	2.37458
13068086	631	0.1	-0.1	2.26002
13068086	632	0.1	-0.1	2.2757
13068086	633	0.1	-0.1	-3.97737
13068086	634	0.1	-0.1	5.87301
13068086	635	0.1	-0.1	1.78277
13068086	636	0.1	-0.1	1.12511
13068086	637	0.1	-0.1	-5.77864
13068086	638	0.1	-0.1	0.618513
13068086	639	0.1	-0.1	-3.15603
13068086	640	0.1	-0.1	1.40301
13068086	641	0.1	-0.1	-0.512268
13068086	642	0.1	-0.1	-4.03177
13068086	643	0.1	-0.1	-2.53351
13068086	644	0.1	-0.1	-2.73163
13068086	645	0.1	-0.1	2.87161
13068086	646	0.1	-0.1	3.39411
13068086	647	0.1	-0.1	1.77312
13068086	648	0.1	-0.1	-4.23821
13068086	649	0.1	-0.1	3.44551
13068086	650	0.1	-0.1	-0.245327
13068086	651	0.1	-0.1	1.51273
13068086	652	0.1	-0.1	-1.84565
13068086	653	0.1	-0.1	-2.32474
13068086	654	0.1	-0.1	-5.50029
13068086	655	0.1	-0.1	-1.182
13068086	656	0.1	-0.1	5.72986
13068086	657	0.1	-0.1	-1.91022
13068086	658	0.1	-0.1	0.693529
13068086	659	0.1	-0.1	-2.6146
13068086	660	0.1	-0.1	-2.71021
13068086	661	0.1	-0.1	1.0852
13068086	662	0.1	-0.1	-5.64543
13068086	663	0.1	-0.1	-3.83306
13068086	664	0.1	-0.1	0.86951
13068086	665	0.1	-0.1	-5.20076
13068086	666	0.1	-0.1	-1.97264
13068086	667	0.1	-0.1	2.17573
13068086	668	0.1	-0.1	1.52378
13068086	669	0.1	-0.1	-4.67348
13068086	670	0.1	-0.1	2.72022
13068086	671	0.1	-0.1	-2.44569
13068086	672	0.1	-0.1	1.97158
13068086	673	0.1	-0.1	-4.03758
13068086	674	0.1	-0.1	0.276809
13068086	675	0.1	-0.1	-1.2471
13068086	676	0.1	-0.1	-3.91254
13068086	677	0.1	-0.1	5.0146
13068086	678	0.1	-0.1	2.22605
13068086	679	0.1	-0.1	4.11362
13068086	680	0.1	-0.1	-4.3181
13068086	681	0.1	-0.1	-2.57394
13068086	682	0.1	-0.1	4.47679
13068086	683	0.1	-0.1	-4.65007
13068086	684	0.1	-0.1	-4.24038
13068086	685	0.1	-0.1	-5.22806
13068086	686	0.1	-0.1	-1.5357
13068086	687	0.1	-0.1	-1.87152
13068086	688	0.1	-0.1	3.59378
13068086	689	0.1	-0.1	1.65442
13068086	690	0.1	-0.1	1.10793
13068086	691	0.1	-0.1	1.27517
13068086	692	0.1	-0.1	-2.08066
13068086	693	0.1	-0.1	3.35494
13068086	694	0.1	-0.1	0.86667
13068086	695	0.1	-0.1	-2.7404
13068086	696	0.1	-0.1	-3.6611
13068086	697	0.1	-0.1	-4.15502
13068086	698	0.1	-0.1	2.88325
13068086	699	0.1	-0.1	-0.832858
13068086	700	0.1	-0.1	0.627881
13068086	701	0.1	-0.1	3.31078
13068086	702	0.1	-0.1	-4.19609
13068086	703	0.1	-0.1	4.08212
13068086	704	0.1	-0.1	4.52379
13068086	705	0.1	-0.1	1.0521
13068086	706	0.1	-0.1	4.76216
13068086	707	0.1	-0.1	4.12862
13068086	708	0.1	-0.1	-3.42433
13068086	709	0.1	-0.1	-0.509265
13068086	710	0.1	-0.1	1.08014
13068086	711	0.1	-0.1	-3.10694
13068086	712	0.1	-0.1	-0.422845
13068086	713	0.1	-0.1	-3.82141
13068086	714	0.1	-0.1	5.81743
13068086	715	0.1	-0.1	1.15518
13068086	716	0.1	-0.1	-0.342346
13068086	717	0.1	-0.1	-1.67725
13068086	718	0.1	-0.1	4.84945
13068086	719	0.1	-0.1	-5.26814
13068086	720	0.1	-0.1	-3.46033
13068086	721	0.1	-0.1	2.43958
13068086	722	0.1	-0.1	5.91205
13068086	723	0.1	-0.1	-5.36005
13068086	724	0.1	-0.1	-0.123573
13068086	725	0.1	-0.1	-4.35661
13068086	726	0.1	-0.1	-3.23027
13068086	727	0.1	-0.1	-2.43163
13068086	728	0.1	-0.1	-2.80677
13068086	729	0.1	-0.1	-3.02961
13068086	730	0.1	-0.1	0.460409
13068086	731	0.1	-0.1	4.63649
13068086	732	0.1	-0.1	2.88411
13068086	733	0.1	-0.1	5.12774
13068086	734	0.1	-0.1	-3.81926
13068086	735	0.1	-0.1	-3.361
13068086	736	0.1	-0.1	5.51333
13068086	737	0.1	-0.1	-5.5497
13068086	738	0.1	-0.1	5.72318
13068086	739	0.1	-0.1	-4.94265
13068086	740	0.1	-0.1	5.46488
13068086	741	0.1	-0.1	-3.54147
13068086	742	0.1	-0.1	0.154526
13068086	743	0.1	-0.1	2.18712
13068086	744	0.1	-0.1	1.86747
13068086	745	0.1	-0.1	-1.29849
13068086	746	0.1	-0.1	3.98827
13068086	747	0.1	-0.1	-0.608073
13068086	748	0.1	-0.1	5.04
13068086	749	0.1	-0.1	-3.13773
13068086	750	0.1	-0.1	5.88847
13068086	751	0.1	-0.1	4.04912
13068086	752	0.1	-0.1	-2.98304
13068086	753	0.1	-0.1	4.11406
13068086	754	0.1	-0.1	5.28966
13068086	755	0.1	-0.1	-0.848609
13068086	756	0.1	-0.1	-0.142834
13068086	757	0.1	-0.1	5.44406
13068086	758	0.1	-0.1	4.25995
13068086	759	0.1	-0.1	-2.14297
13068086	760	0.1	-0.1	4.88572
13068086	761	0.1	-0.1	2.72292
13068086	762	0.1	-0.1	-3.23197
13068086	763	0.1	-0.1	2.61202
13068086	764	0.1	-0.1	2.77294
13068086	765	0.1	-0.1	0.419009
13068086	766	0.1	-0.1	2.4472
13068086	767	0.1	-0.1	3.07535
13068086	768	0.1	-0.1	1.84108
13068086	769	0.1	-0.1	2.52929
13068086	770	0.1	-0.1	-2.17846
13068086	771	0.1	-0.1	-3.64079
13068086	772	0.1	-0.1	2.11732
13068086	773	0.1	-0.1	-1.55521
13068086	774	0.1	-0.1	-4.21743
13068086	775	0.1	-0.1	-2.18879
13068086	776	0.1	-0.1	-0.186396
13068086	777	0.1	-0.1	-0.360398
13068086	778	0.1	-0.1	-5.78611
13068086	779	0.1	-0.1	-5.61438
13068086	780	0.1	-0.1	-0.0216415
13068086	781	0.1	-0.1	-1.15957
13068086	782	0.1	-0.1	3.15614
13068086	783	0.1	-0.1	-4.5155
13068086	784	0.1	-0.1	3.02269
13068086	785	0.1	-0.1	3.63932
13068086	786	0.1	-0.1	-0.984664
13068086	787	0.1	-0.1	2.92573
13068086	788	0.1	-0.1	1.53962
13068086	789	0.1	-0.1	-1.01134
13068086	790	0.1	-0.1	3.23663
13068086	791	0.1	-0.1	3.7739
13068086	792	0.1	-0.1	3.70276
13068086	793	0.1	-0.1	2.94606
13068086	794	0.1	-0.1	-5.34817
13068086	795	0.1	-0.1	-2.55884
13068086	796	0.1	-0.1	-0.75507
13068086	797	0.1	-0.1	2.59505
13068086	798	0.1	-0.1	4.78811
13068086	799	0.1	-0.1	-0.892596
13068086	800	0.1	-0.1	-0.105451
13068086	801	0.1	-0.1	5.0097
13068086	802	0.1	-0.1	0.0446182
13068086	803	0.1	-0.1	1.53443
13068086	804	0.1	-0.1	-2.70592
13068086	805	0.1	-0.1	-1.37837
13068086	806	0.1	-0.1	2.11435
13068086	807	0.1	-0.1	2.01078
13068086	808	0.1	-0.1	1.9632
13068086	809	0.1	-0.1	-2.42382
13068086	810	0.1	-0.1	-5.04039
13068086	811	0.1	-0.1	-4.79926
13068086	812	0.1	-0.1	-3.14943
13068086	813	0.1	-0.1	5.72351
13068086	814	0.1	-0.1	4.92702
13068086	815	0.1	-0.1	-5.04887
13068086	816	0.1	-0.1	2.87625
13068086	817	0.1	-0.1	-4.15511
13068086	818	0.1	-0.1	2.09052
13068086	819	0.1	-0.1	-3.75833
13068086	820	0.1	-0.1	-0.819817
13068086	821	0.1	-0.1	-5.10088
13068086	822	0.1	-0.1	3.45835
13068086	823	0.1	-0.1	-5.88015
13068086	824	0.1	-0.1	-0.443774
13068086	825	0.1	-0.1	4.17887
13068086	826	0.1	-0.1	4.21559
13068086	827	0.1	-0.1	-2.3228
13068086	828	0.1	-0.1	1.83506
13068086	829	0.1	-0.1	0.995727
13068086	830	0.1	-0.1	1.42078
13068086	831	0.1	-0.1	2.53916
13068086	832	0.1	-0.1	-0.591651
13068086	833	0.1	-0.1	-0.693525
13068086	834	0.1	-0.1	-3.80862
13068086	835	0.1	-0.1	0.335613
13068086	836	0.1	-0.1	-5.91818
13068086	837	0.1	-0.1	-3.31529
13068086	838	0.1	-0.1	4.67371
13068086	839	0.1	-0.1	2.3862
13068086	840	0.1	-0.1	3.37414
13068086	841	0.1	-0.1	5.30263
13068086	842	0.1	-0.1	-5.72631
13068086	843	0.1	-0.1	1.79222
13068086	844	0.1	-0.1	4.2618
13068086	845	0.1	-0.1	5.48745
13068086	846	0.1	-0.1	-5.30995
13068086	847	0.1	-0.1	-5.13483
13068086	848	0.1	-0.1	1.24607
13068086	849	0.1	-0.1	-4.20005
13068086	850	0.1	-0.1	4.98947
13068086	851	0.1	-0.1	1.43779
13068086	852	0.1	-0.1	-4.55436
13068086	853	0.1	-0.1	5.55731
13068086	854	0.1	-0.1	-2.42531
13068086	855	0.1	-0.1	1.63516
13068086	856	0.1	-0.1	4.6787
13068086	857	0.1	-0.1	-1.89272
13068086	858	0.1	-0.1	1.5923
13068086	859	0.1	-0.1	1.34304
13068086	860	0.1	-0.1	1.65966
13068086	861	0.1	-0.1	-4.32586
13068086	862	0.1	-0.1	-4.21674
13068086	863	0.1	-0.1	4.23993
13068086	864	0.1	-0.1	4.04297
13068086	865	0.1	-0.1	-5.4812
13068086	866	0.1	-0.1	3.12428
13068086	867	0.1	-0.1	-5.11972
13068086	868	0.1	-0.1	-0.84653
13068086	869	0.1	-0.1	0.553376
13068086	870	0.1	-0.1	1.93366
13068086	871	0.1	-0.1	1.54696
13068086	872	0.1	-0.1	-1.27695
13068086	873	0.1	-0.1	5.59836
13068086	874	0.1	-0.1	0.495135
13068086	875	0.1	-0.1	0.262937
13068086	876	0.1	-0.1	4.60896
13068086	877	0.1	-0.1	2.19494
13068086	878	0.1	-0.1	2.53708
13068086	879	0.1	-0.1	-4.96119
13068086	880	0.1	-0.1	-4.77045
13068086	881	0.1	-0.1	0.391045
13068086	882	0.1	-0.1	-4.65542
13068086	883	0.1	-0.1	0.821134
13068086	884	0.1	-0.1	1.02947
13068086	885	0.1	-0.1	2.88605
13068086	886	0.1	-0.1	-4.88301
13068086	887	0.1	-0.1	-2.69089
13068086	888	0.1	-0.1	2.77019
13068086	889	0.1	-0.1	0.356983
13068086	890	0.1	-0.1	2.03429
13068086	891	0.1	-0.1	-0.513408
13068086	892	0.1	-0.1	-0.0760646
13068086	893	0.1	-0.1	0.102294
13068086	894	0.1	-0.1	1.27945
13068086	895	0.1	-0.1	4.95479
13068086	896	0.1	-0.1	-5.71002
13068086	897	0.1	-0.1	-0.0276191
13068086	898	0.1	-0.1	-4.88814
13068086	899	0.1	-0.1	5.19084
13068086	900	0.1	-0.1	-5.35495
13068086	901	0.1	-0.1	0.431018
13068086	902	0.1	-0.1	-5.56918
13068086	903	0.1	-0.1	4.05133
13068086	904	0.1	-0.1	4.0846
13068086	905	0.1	-0.1	1.13102
13068086	906	0.1	-0.1	3.12592
13068086	907	0.1	-0.1	-2.62494
13068086	908	0.1	-0.1	2.69064
13068086	909	0.1	-0.1	3.06313
13068086	910	0.1	-0.1	-0.019237
13068086	911	0.1	-0.1	-2.53558
13068086	912	0.1	-0.1	3.08519
13068086	913	0.1	-0.1	-4.44145
13068086	914	0.1	-0.1	-1.73624
13068086	915	0.1	-0.1	5.85813
13068086	916	0.1	-0.1	-2.01189
13068086	917	0.1	-0.1	-5.76861
13068086	918	0.1	-0.1	3.70575
13068086	919	0.1	-0.1	-5.49493
13068086	920	0.1	-0.1	1.80552
13068086	921	0.1	-0.1	4.55605
13068086	922	0.1	-0.1	5.88669
13068086	923	0.1	-0.1	0.664592
13068086	924	0.1	-0.1	-4.89197
13068086	925	0.1	-0.1	2.72102
13068086	926	0.1	-0.1	-2.67099
13068086	927	0.1	-0.1	3.70079
13068086	928	0.1	-0.1	-4.20808
13068086	929	0.1	-0.1	-2.6219
13068086	930	0.1	-0.1	4.58074
13068086	931	0.1	-0.1	2.41819
13068086	932	0.1	-0.1	-2.31844
13068086	933	0.1	-0.1	4.45409
13068086	934	0.1	-0.1	4.26993
13068086	935	0.1	-0.1	4.87602
13068086	936	0.1	-0.1	-1.34802
13068086	937	0.1	-0.1	4.62669
13068086	938	0.1	-0.1	3.95924
13068086	939	0.1	-0.1	4.82933
13068086	940	0.1	-0.1	3.182
13068086	941	0.1	-0.1	-5.27331
13068086	942	0.1	-0.1	-4.95464
13068086	943	0.1	-0.1	2.16773
13068086	944	0.1	-0.1	0.132561
13068086	945	0.1	-0.1	-2.86843
13068086	946	0.1	-0.1	2.24403
13068086	947	0.1	-0.1	-3.62855
13068086	948	0.1	-0.1	-2.11596
13068086	949	0.1	-0.1	-5.31694
13068086	950	0.1	-0.1	-1.12815
13068086	951	0.1	-0.1	-4.98307
13068086	952	0.1	-0.1	-2.42378
13068086	953	0.1	-0.1	-1.06719
13068086	954	0.1	-0.1	-2.61992
13068086	955	0.1	-0.1	2.01158
13068086	956	0.1	-0.1	1.21599
13068086	957	0.1	-0.1	-2.06198
13068086	958	0.1	-0.1	-3.80134
13068086	959	0.1	-0.1	-1.78103
13068086	960	0.1	-0.1	-3.25156
13068086	961	0.1	-0.1	3.25948
13068086	962	0.1	-0.1	2.46276
13068086	963	0.1	-0.1	-1.16782
13068086	964	0.1	-0.1	-4.99315
13068086	965	0.1	-0.1	4.20896
13068086	966	0.1	-0.1	3.49205
13068086	967	0.1	-0.1	-4.62328
13068086	968	0.1	-0.1	5.62009
13068086	969	0.1	-0.1	0.651298
13068086	970	0.1	-0.1	5.39826
13068086	971	0.1	-0.1	2.61299
13068086	972	0.1	-0.1	5.62846
13068086	973	0.1	-0.1	0.0517367
13068086	974	0.1	-0.1	-5.37127
13068086	975	0.1	-0.1	-1.85538
13068086	976	0.1	-0.1	5.87163
13068086	977	0.1	-0.1	-4.14086
13068086	978	0.1	-0.1	4.98785
13068086	979	0.1	-0.1	0.878203
13068086	980	0.1	-0.1	-2.90669
13068086	981	0.1	-0.1	-4.57028
13068086	982	0.1	-0.1	5.66466
13068086	983	0.1	-0.1	3.41363
13068086	984	0.1	-0.1	2.62799
13068086	985	0.1	-0.1	-3.04809
13068086	986	0.1	-0.1	-1.68659
13068086	987	0.1	-0.1	4.51928
13068086	988	0.1	-0.1	2.41744
13068086	989	0.1	-0.1	1.91397
13068086	990	0.1	-0.1	-0.442522
13068086	991	0.1	-0.1	-3.63968
13068086	992	0.1	-0.1	-0.398561
13068086	993	0.1	-0.1	-2.79007
13068086	994	0.1	-0.1	-1.19292
13068086	995	0.1	-0.1	-2.88382
13068086	996	0.1	-0.1	-3.45285
13068086	997	0.1	-0.1	-1.42353
13068086	998	0.1	-0.1	-2.35018
13068086	999	0.1	-0.1	5.0371
13068086	1000	0.1	-0.1	0.786047
