13064055	1	0.1	-0.1	2.49041
13064055	2	0.1	-0.1	4.95134
13064055	3	0.1	-0.1	-3.60758
13064055	4	0.1	-0.1	2.40892
13064055	5	0.1	-0.1	-0.995025
13064055	6	0.1	-0.1	2.2198
13064055	7	0.1	-0.1	-0.838072
13064055	8	0.1	-0.1	1.94197
13064055	9	0.1	-0.1	1.96962
13064055	10	0.1	-0.1	5.3037
13064055	11	0.1	-0.1	2.14831
13064055	12	0.1	-0.1	-5.97236
13064055	13	0.1	-0.1	-5.73963
13064055	14	0.1	-0.1	3.31332
13064055	15	0.1	-0.1	2.04921
13064055	16	0.1	-0.1	-0.508739
13064055	17	0.1	-0.1	4.94171
13064055	18	0.1	-0.1	-2.78127
13064055	19	0.1	-0.1	-2.53133
13064055	20	0.1	-0.1	-5.96353
13064055	21	0.1	-0.1	-3.60796
13064055	22	0.1	-0.1	3.79788
13064055	23	0.1	-0.1	2.65136
13064055	24	0.1	-0.1	1.57319
13064055	25	0.1	-0.1	-5.67945
13064055	26	0.1	-0.1	3.29455
13064055	27	0.1	-0.1	0.352075
13064055	28	0.1	-0.1	-3.64181
13064055	29	0.1	-0.1	-5.85056
13064055	30	0.1	-0.1	5.10169
13064055	31	0.1	-0.1	-2.9624
13064055	32	0.1	-0.1	0.23103
13064055	33	0.1	-0.1	3.6677
13064055	34	0.1	-0.1	5.7303
13064055	35	0.1	-0.1	-4.25449
13064055	36	0.1	-0.1	1.34029
13064055	37	0.1	-0.1	-5.05113
13064055	38	0.1	-0.1	3.44137
13064055	39	0.1	-0.1	5.7524
13064055	40	0.1	-0.1	-4.76931
13064055	41	0.1	-0.1	-4.13299
13064055	42	0.1	-0.1	-1.40106
13064055	43	0.1	-0.1	-3.95048
13064055	44	0.1	-0.1	-5.21905
13064055	45	0.1	-0.1	-4.04871
13064055	46	0.1	-0.1	-5.88562
13064055	47	0.1	-0.1	-5.52153
13064055	48	0.1	-0.1	1.47908
13064055	49	0.1	-0.1	0.418582
13064055	50	0.1	-0.1	2.73274
13064055	51	0.1	-0.1	4.62034
13064055	52	0.1	-0.1	2.42836
13064055	53	0.1	-0.1	-1.38239
13064055	54	0.1	-0.1	1.53428
13064055	55	0.1	-0.1	5.32013
13064055	56	0.1	-0.1	-0.69702
13064055	57	0.1	-0.1	-4.99994
13064055	58	0.1	-0.1	1.16468
13064055	59	0.1	-0.1	2.77746
13064055	60	0.1	-0.1	-0.635151
13064055	61	0.1	-0.1	3.17173
13064055	62	0.1	-0.1	-4.4336
13064055	63	0.1	-0.1	-4.38985
13064055	64	0.1	-0.1	-3.70324
13064055	65	0.1	-0.1	-0.294706
13064055	66	0.1	-0.1	-1.30519
13064055	67	0.1	-0.1	3.80887
13064055	68	0.1	-0.1	4.83389
13064055	69	0.1	-0.1	-2.13833
13064055	70	0.1	-0.1	3.32194
13064055	71	0.1	-0.1	-5.75124
13064055	72	0.1	-0.1	-3.97033
13064055	73	0.1	-0.1	-4.19812
13064055	74	0.1	-0.1	4.39454
13064055	75	0.1	-0.1	-1.82238
13064055	76	0.1	-0.1	0.732897
13064055	77	0.1	-0.1	-3.61255
13064055	78	0.1	-0.1	0.546318
13064055	79	0.1	-0.1	5.71823
13064055	80	0.1	-0.1	-0.526893
13064055	81	0.1	-0.1	-0.742222
13064055	82	0.1	-0.1	2.05103
13064055	83	0.1	-0.1	3.18453
13064055	84	0.1	-0.1	3.04291
13064055	85	0.1	-0.1	-5.89277
13064055	86	0.1	-0.1	-3.05339
13064055	87	0.1	-0.1	-1.55872
13064055	88	0.1	-0.1	4.4382
13064055	89	0.1	-0.1	-5.90998
13064055	90	0.1	-0.1	-5.59202
13064055	91	0.1	-0.1	1.7712
13064055	92	0.1	-0.1	-5.02488
13064055	93	0.1	-0.1	0.0351333
13064055	94	0.1	-0.1	-4.42912
13064055	95	0.1	-0.1	4.3815
13064055	96	0.1	-0.1	5.17456
13064055	97	0.1	-0.1	-2.28737
13064055	98	0.1	-0.1	-3.53705
13064055	99	0.1	-0.1	-1.12808
13064055	100	0.1	-0.1	-1.57505
13064055	101	0.1	-0.1	-4.59936
13064055	102	0.1	-0.1	2.09409
13064055	103	0.1	-0.1	-1.49392
13064055	104	0.1	-0.1	0.724081
13064055	105	0.1	-0.1	4.76472
13064055	106	0.1	-0.1	4.91238
13064055	107	0.1	-0.1	-1.50617
13064055	108	0.1	-0.1	0.64979
13064055	109	0.1	-0.1	2.88553
13064055	110	0.1	-0.1	5.30994
13064055	111	0.1	-0.1	0.768847
13064055	112	0.1	-0.1	3.88939
13064055	113	0.1	-0.1	5.65599
13064055	114	0.1	-0.1	2.77709
13064055	115	0.1	-0.1	-5.11602
13064055	116	0.1	-0.1	1.40022
13064055	117	0.1	-0.1	-3.77171
13064055	118	0.1	-0.1	1.50652
13064055	119	0.1	-0.1	0.936136
13064055	120	0.1	-0.1	1.54107
13064055	121	0.1	-0.1	1.26113
13064055	122	0.1	-0.1	-5.66153
13064055	123	0.1	-0.1	-2.94743
13064055	124	0.1	-0.1	1.32112
13064055	125	0.1	-0.1	5.94774
13064055	126	0.1	-0.1	3.98134
13064055	127	0.1	-0.1	1.13401
13064055	128	0.1	-0.1	2.87197
13064055	129	0.1	-0.1	4.55621
13064055	130	0.1	-0.1	4.18898
13064055	131	0.1	-0.1	-0.123409
13064055	132	0.1	-0.1	-2.88149
13064055	133	0.1	-0.1	3.04503
13064055	134	0.1	-0.1	1.21205
13064055	135	0.1	-0.1	5.30339
13064055	136	0.1	-0.1	5.04508
13064055	137	0.1	-0.1	0.0750043
13064055	138	0.1	-0.1	0.444408
13064055	139	0.1	-0.1	-5.09813
13064055	140	0.1	-0.1	1.6391
13064055	141	0.1	-0.1	-0.209114
13064055	142	0.1	-0.1	0.8576
13064055	143	0.1	-0.1	5.80933
13064055	144	0.1	-0.1	-4.75392
13064055	145	0.1	-0.1	4.83146
13064055	146	0.1	-0.1	-4.33611
13064055	147	0.1	-0.1	4.21539
13064055	148	0.1	-0.1	-1.23634
13064055	149	0.1	-0.1	-3.98076
13064055	150	0.1	-0.1	-4.8952
13064055	151	0.1	-0.1	-0.289988
13064055	152	0.1	-0.1	1.14364
13064055	153	0.1	-0.1	-0.835127
13064055	154	0.1	-0.1	-1.66454
13064055	155	0.1	-0.1	4.93791
13064055	156	0.1	-0.1	2.18824
13064055	157	0.1	-0.1	-0.616092
13064055	158	0.1	-0.1	-3.78063
13064055	159	0.1	-0.1	-1.83952
13064055	160	0.1	-0.1	-5.77686
13064055	161	0.1	-0.1	-4.0083
13064055	162	0.1	-0.1	-5.34303
13064055	163	0.1	-0.1	-0.118584
13064055	164	0.1	-0.1	3.95501
13064055	165	0.1	-0.1	0.00609051
13064055	166	0.1	-0.1	1.38169
13064055	167	0.1	-0.1	2.45436
13064055	168	0.1	-0.1	-1.74299
13064055	169	0.1	-0.1	-5.75665
13064055	170	0.1	-0.1	2.63645
13064055	171	0.1	-0.1	0.365914
13064055	172	0.1	-0.1	5.45147
13064055	173	0.1	-0.1	-3.65769
13064055	174	0.1	-0.1	3.14114
13064055	175	0.1	-0.1	-4.52158
13064055	176	0.1	-0.1	-4.97689
13064055	177	0.1	-0.1	5.74183
13064055	178	0.1	-0.1	-4.19152
13064055	179	0.1	-0.1	0.0523806
13064055	180	0.1	-0.1	5.95372
13064055	181	0.1	-0.1	0.745383
13064055	182	0.1	-0.1	-1.55445
13064055	183	0.1	-0.1	2.00769
13064055	184	0.1	-0.1	-2.61705
13064055	185	0.1	-0.1	-5.5624
13064055	186	0.1	-0.1	-3.24824
13064055	187	0.1	-0.1	-4.05845
13064055	188	0.1	-0.1	-2.63025
13064055	189	0.1	-0.1	0.422528
13064055	190	0.1	-0.1	-3.32183
13064055	191	0.1	-0.1	-3.51534
13064055	192	0.1	-0.1	-4.2846
13064055	193	0.1	-0.1	0.348876
13064055	194	0.1	-0.1	-5.91464
13064055	195	0.1	-0.1	-1.09229
13064055	196	0.1	-0.1	3.96127
13064055	197	0.1	-0.1	0.0841509
13064055	198	0.1	-0.1	3.59236
13064055	199	0.1	-0.1	-3.65428
13064055	200	0.1	-0.1	3.98759
13064055	201	0.1	-0.1	-5.31197
13064055	202	0.1	-0.1	-2.85688
13064055	203	0.1	-0.1	0.209704
13064055	204	0.1	-0.1	0.198882
13064055	205	0.1	-0.1	5.66024
13064055	206	0.1	-0.1	-2.46497
13064055	207	0.1	-0.1	2.97101
13064055	208	0.1	-0.1	-5.93761
13064055	209	0.1	-0.1	4.60268
13064055	210	0.1	-0.1	-3.50336
13064055	211	0.1	-0.1	2.7056
13064055	212	0.1	-0.1	2.87349
13064055	213	0.1	-0.1	-0.478371
13064055	214	0.1	-0.1	-1.70547
13064055	215	0.1	-0.1	2.62196
13064055	216	0.1	-0.1	2.95568
13064055	217	0.1	-0.1	3.51718
13064055	218	0.1	-0.1	-0.13546
13064055	219	0.1	-0.1	4.23906
13064055	220	0.1	-0.1	-1.88754
13064055	221	0.1	-0.1	-0.453836
13064055	222	0.1	-0.1	3.01174
13064055	223	0.1	-0.1	-1.83171
13064055	224	0.1	-0.1	-0.331465
13064055	225	0.1	-0.1	2.65838
13064055	226	0.1	-0.1	4.89071
13064055	227	0.1	-0.1	-1.37444
13064055	228	0.1	-0.1	-5.5142
13064055	229	0.1	-0.1	-0.35256
13064055	230	0.1	-0.1	-0.553331
13064055	231	0.1	-0.1	2.4231
13064055	232	0.1	-0.1	-1.58824
13064055	233	0.1	-0.1	-4.09713
13064055	234	0.1	-0.1	1.22437
13064055	235	0.1	-0.1	-0.29662
13064055	236	0.1	-0.1	-2.08359
13064055	237	0.1	-0.1	-4.96887
13064055	238	0.1	-0.1	3.43673
13064055	239	0.1	-0.1	5.80226
13064055	240	0.1	-0.1	-4.47839
13064055	241	0.1	-0.1	-5.50539
13064055	242	0.1	-0.1	4.39928
13064055	243	0.1	-0.1	-0.257043
13064055	244	0.1	-0.1	0.639998
13064055	245	0.1	-0.1	-2.53226
13064055	246	0.1	-0.1	3.5007
13064055	247	0.1	-0.1	5.70694
13064055	248	0.1	-0.1	-2.17444
13064055	249	0.1	-0.1	3.04174
13064055	250	0.1	-0.1	-3.34206
13064055	251	0.1	-0.1	2.01285
13064055	252	0.1	-0.1	-4.54753
13064055	253	0.1	-0.1	4.62066
13064055	254	0.1	-0.1	4.35748
13064055	255	0.1	-0.1	0.0804148
13064055	256	0.1	-0.1	-5.80605
13064055	257	0.1	-0.1	3.89053
13064055	258	0.1	-0.1	-2.17168
13064055	259	0.1	-0.1	-0.430541
13064055	260	0.1	-0.1	0.672782
13064055	261	0.1	-0.1	-4.84867
13064055	262	0.1	-0.1	-5.8843
13064055	263	0.1	-0.1	-2.46092
13064055	264	0.1	-0.1	-4.88816
13064055	265	0.1	-0.1	-5.26379
13064055	266	0.1	-0.1	-4.94312
13064055	267	0.1	-0.1	3.66996
13064055	268	0.1	-0.1	-3.30359
13064055	269	0.1	-0.1	-0.480888
13064055	270	0.1	-0.1	-4.54792
13064055	271	0.1	-0.1	-3.48197
13064055	272	0.1	-0.1	1.82266
13064055	273	0.1	-0.1	0.17234
13064055	274	0.1	-0.1	-5.33069
13064055	275	0.1	-0.1	1.72107
13064055	276	0.1	-0.1	-3.25341
13064055	277	0.1	-0.1	-1.7313
13064055	278	0.1	-0.1	-4.64837
13064055	279	0.1	-0.1	-5.86959
13064055	280	0.1	-0.1	3.51612
13064055	281	0.1	-0.1	0.914313
13064055	282	0.1	-0.1	-0.298446
13064055	283	0.1	-0.1	-2.01475
13064055	284	0.1	-0.1	5.84558
13064055	285	0.1	-0.1	1.10422
13064055	286	0.1	-0.1	2.88387
13064055	287	0.1	-0.1	-2.33073
13064055	288	0.1	-0.1	1.48757
13064055	289	0.1	-0.1	-0.611851
13064055	290	0.1	-0.1	-2.45387
13064055	291	0.1	-0.1	-5.47989
13064055	292	0.1	-0.1	0.350842
13064055	293	0.1	-0.1	5.26395
13064055	294	0.1	-0.1	-5.61469
13064055	295	0.1	-0.1	-0.133976
13064055	296	0.1	-0.1	-2.46947
13064055	297	0.1	-0.1	-2.23934
13064055	298	0.1	-0.1	-1.53084
13064055	299	0.1	-0.1	-3.10172
13064055	300	0.1	-0.1	2.39662
13064055	301	0.1	-0.1	1.4086
13064055	302	0.1	-0.1	-4.75358
13064055	303	0.1	-0.1	-2.0493
13064055	304	0.1	-0.1	-0.809164
13064055	305	0.1	-0.1	1.8894
13064055	306	0.1	-0.1	-3.08779
13064055	307	0.1	-0.1	-3.92213
13064055	308	0.1	-0.1	5.80268
13064055	309	0.1	-0.1	-2.85187
13064055	310	0.1	-0.1	-5.09652
13064055	311	0.1	-0.1	-1.78358
13064055	312	0.1	-0.1	-4.85711
13064055	313	0.1	-0.1	0.231688
13064055	314	0.1	-0.1	-3.15084
13064055	315	0.1	-0.1	-1.42968
13064055	316	0.1	-0.1	1.10737
13064055	317	0.1	-0.1	2.03371
13064055	318	0.1	-0.1	0.501101
13064055	319	0.1	-0.1	-1.05948
13064055	320	0.1	-0.1	-4.8904
13064055	321	0.1	-0.1	-5.44836
13064055	322	0.1	-0.1	5.61027
13064055	323	0.1	-0.1	0.0457074
13064055	324	0.1	-0.1	-0.920957
13064055	325	0.1	-0.1	-2.52943
13064055	326	0.1	-0.1	-3.97597
13064055	327	0.1	-0.1	-0.384078
13064055	328	0.1	-0.1	2.68541
13064055	329	0.1	-0.1	-0.951897
13064055	330	0.1	-0.1	1.44099
13064055	331	0.1	-0.1	0.179948
13064055	332	0.1	-0.1	-2.51266
13064055	333	0.1	-0.1	-2.64858
13064055	334	0.1	-0.1	-0.551676
13064055	335	0.1	-0.1	-4.95499
13064055	336	0.1	-0.1	5.1676
13064055	337	0.1	-0.1	-4.5037
13064055	338	0.1	-0.1	-2.56439
13064055	339	0.1	-0.1	0.985468
13064055	340	0.1	-0.1	4.40304
13064055	341	0.1	-0.1	-0.993689
13064055	342	0.1	-0.1	-1.79703
13064055	343	0.1	-0.1	3.30324
13064055	344	0.1	-0.1	4.41741
13064055	345	0.1	-0.1	-3.25652
13064055	346	0.1	-0.1	-3.71103
13064055	347	0.1	-0.1	-0.0868922
13064055	348	0.1	-0.1	-2.48712
13064055	349	0.1	-0.1	-3.66106
13064055	350	0.1	-0.1	-4.11853
13064055	351	0.1	-0.1	3.34026
13064055	352	0.1	-0.1	2.98344
13064055	353	0.1	-0.1	-5.01382
13064055	354	0.1	-0.1	-1.43014
13064055	355	0.1	-0.1	-2.31602
13064055	356	0.1	-0.1	4.32695
13064055	357	0.1	-0.1	2.10944
13064055	358	0.1	-0.1	-1.78476
13064055	359	0.1	-0.1	-3.30245
13064055	360	0.1	-0.1	5.56402
13064055	361	0.1	-0.1	2.0121
13064055	362	0.1	-0.1	1.34612
13064055	363	0.1	-0.1	2.75481
13064055	364	0.1	-0.1	-3.05155
13064055	365	0.1	-0.1	3.94418
13064055	366	0.1	-0.1	-1.54929
13064055	367	0.1	-0.1	2.97159
13064055	368	0.1	-0.1	3.71343
13064055	369	0.1	-0.1	-0.644627
13064055	370	0.1	-0.1	0.748784
13064055	371	0.1	-0.1	5.97957
13064055	372	0.1	-0.1	-1.87266
13064055	373	0.1	-0.1	3.38659
13064055	374	0.1	-0.1	-3.96465
13064055	375	0.1	-0.1	4.29244
13064055	376	0.1	-0.1	-4.56506
13064055	377	0.1	-0.1	-1.75667
13064055	378	0.1	-0.1	3.52007
13064055	379	0.1	-0.1	-0.677118
13064055	380	0.1	-0.1	-1.6309
13064055	381	0.1	-0.1	-3.44815
13064055	382	0.1	-0.1	-3.7884
13064055	383	0.1	-0.1	-3.65639
13064055	384	0.1	-0.1	3.06084
13064055	385	0.1	-0.1	-5.81627
13064055	386	0.1	-0.1	-0.704716
13064055	387	0.1	-0.1	-4.91449
13064055	388	0.1	-0.1	1.06738
13064055	389	0.1	-0.1	2.519
13064055	390	0.1	-0.1	3.00658
13064055	391	0.1	-0.1	-4.60756
13064055	392	0.1	-0.1	-0.841911
13064055	393	0.1	-0.1	-4.51259
13064055	394	0.1	-0.1	-4.40363
13064055	395	0.1	-0.1	-0.946107
13064055	396	0.1	-0.1	5.33679
13064055	397	0.1	-0.1	-0.137928
13064055	398	0.1	-0.1	-4.14229
13064055	399	0.1	-0.1	-0.346335
13064055	400	0.1	-0.1	1.00432
13064055	401	0.1	-0.1	-1.38035
13064055	402	0.1	-0.1	-4.88757
13064055	403	0.1	-0.1	5.99988
13064055	404	0.1	-0.1	4.00751
13064055	405	0.1	-0.1	0.319664
13064055	406	0.1	-0.1	4.45756
13064055	407	0.1	-0.1	2.63865
13064055	408	0.1	-0.1	0.718885
13064055	409	0.1	-0.1	-0.573332
13064055	410	0.1	-0.1	4.12851
13064055	411	0.1	-0.1	1.95684
13064055	412	0.1	-0.1	0.976782
13064055	413	0.1	-0.1	4.13394
13064055	414	0.1	-0.1	1.62383
13064055	415	0.1	-0.1	2.12404
13064055	416	0.1	-0.1	-4.6705
13064055	417	0.1	-0.1	4.16485
13064055	418	0.1	-0.1	-5.60742
13064055	419	0.1	-0.1	1.32465
13064055	420	0.1	-0.1	0.648657
13064055	421	0.1	-0.1	3.3637
13064055	422	0.1	-0.1	-2.88667
13064055	423	0.1	-0.1	3.74718
13064055	424	0.1	-0.1	-3.81638
13064055	425	0.1	-0.1	1.81746
13064055	426	0.1	-0.1	-3.7706
13064055	427	0.1	-0.1	5.391
13064055	428	0.1	-0.1	-2.34582
13064055	429	0.1	-0.1	0.68015
13064055	430	0.1	-0.1	5.85024
13064055	431	0.1	-0.1	-2.60148
13064055	432	0.1	-0.1	-3.90541
13064055	433	0.1	-0.1	-0.338474
13064055	434	0.1	-0.1	-0.216967
13064055	435	0.1	-0.1	5.1117
13064055	436	0.1	-0.1	-1.43718
13064055	437	0.1	-0.1	-2.073
13064055	438	0.1	-0.1	2.36011
13064055	439	0.1	-0.1	0.194715
13064055	440	0.1	-0.1	-2.72221
13064055	441	0.1	-0.1	3.83732
13064055	442	0.1	-0.1	1.01963
13064055	443	0.1	-0.1	1.7174
13064055	444	0.1	-0.1	-0.959407
13064055	445	0.1	-0.1	3.17442
13064055	446	0.1	-0.1	2.08048
13064055	447	0.1	-0.1	4.72198
13064055	448	0.1	-0.1	-4.97287
13064055	449	0.1	-0.1	-3.81869
13064055	450	0.1	-0.1	0.0428003
13064055	451	0.1	-0.1	5.52598
13064055	452	0.1	-0.1	-4.76393
13064055	453	0.1	-0.1	3.65262
13064055	454	0.1	-0.1	5.87085
13064055	455	0.1	-0.1	5.11663
13064055	456	0.1	-0.1	1.5074
13064055	457	0.1	-0.1	2.61125
13064055	458	0.1	-0.1	-5.28918
13064055	459	0.1	-0.1	-5.37131
13064055	460	0.1	-0.1	-2.82492
13064055	461	0.1	-0.1	-4.55833
13064055	462	0.1	-0.1	2.54241
13064055	463	0.1	-0.1	-4.37776
13064055	464	0.1	-0.1	4.53817
13064055	465	0.1	-0.1	0.325791
13064055	466	0.1	-0.1	-4.94178
13064055	467	0.1	-0.1	4.4008
13064055	468	0.1	-0.1	-0.658386
13064055	469	0.1	-0.1	3.21707
13064055	470	0.1	-0.1	5.97332
13064055	471	0.1	-0.1	4.26338
13064055	472	0.1	-0.1	-2.16107
13064055	473	0.1	-0.1	-2.39316
13064055	474	0.1	-0.1	-3.26032
13064055	475	0.1	-0.1	0.462499
13064055	476	0.1	-0.1	-0.53303
13064055	477	0.1	-0.1	-2.26339
13064055	478	0.1	-0.1	3.95023
13064055	479	0.1	-0.1	-3.01126
13064055	480	0.1	-0.1	-5.49558
13064055	481	0.1	-0.1	-0.121959
13064055	482	0.1	-0.1	-4.71702
13064055	483	0.1	-0.1	-0.234863
13064055	484	0.1	-0.1	-0.558008
13064055	485	0.1	-0.1	1.2259
13064055	486	0.1	-0.1	5.00755
13064055	487	0.1	-0.1	2.90349
13064055	488	0.1	-0.1	3.42079
13064055	489	0.1	-0.1	-5.69689
13064055	490	0.1	-0.1	-3.90595
13064055	491	0.1	-0.1	-0.468043
13064055	492	0.1	-0.1	-1.76335
13064055	493	0.1	-0.1	-2.70861
13064055	494	0.1	-0.1	1.77385
13064055	495	0.1	-0.1	1.57401
13064055	496	0.1	-0.1	-0.305763
13064055	497	0.1	-0.1	-0.189677
13064055	498	0.1	-0.1	5.44529
13064055	499	0.1	-0.1	-5.5903
13064055	500	0.1	-0.1	-4.56209
13064055	501	0.1	-0.1	-0.253453
13064055	502	0.1	-0.1	0.144358
13064055	503	0.1	-0.1	5.63079
13064055	504	0.1	-0.1	1.39983
13064055	505	0.1	-0.1	4.70519
13064055	506	0.1	-0.1	-2.85168
13064055	507	0.1	-0.1	-3.953
13064055	508	0.1	-0.1	2.26606
13064055	509	0.1	-0.1	-1.07261
13064055	510	0.1	-0.1	2.87186
13064055	511	0.1	-0.1	-5.99161
13064055	512	0.1	-0.1	-3.18931
13064055	513	0.1	-0.1	-1.35778
13064055	514	0.1	-0.1	5.12211
13064055	515	0.1	-0.1	-3.22311
13064055	516	0.1	-0.1	-1.6484
13064055	517	0.1	-0.1	-5.7742
13064055	518	0.1	-0.1	-1.27044
13064055	519	0.1	-0.1	-2.51098
13064055	520	0.1	-0.1	-2.28805
13064055	521	0.1	-0.1	-3.29861
13064055	522	0.1	-0.1	-2.3036
13064055	523	0.1	-0.1	-0.0195019
13064055	524	0.1	-0.1	-1.81178
13064055	525	0.1	-0.1	2.26284
13064055	526	0.1	-0.1	-2.78901
13064055	527	0.1	-0.1	2.11455
13064055	528	0.1	-0.1	-1.41304
13064055	529	0.1	-0.1	4.15453
13064055	530	0.1	-0.1	-1.21425
13064055	531	0.1	-0.1	5.45897
13064055	532	0.1	-0.1	-1.95064
13064055	533	0.1	-0.1	0.971105
13064055	534	0.1	-0.1	-5.01754
13064055	535	0.1	-0.1	5.37329
13064055	536	0.1	-0.1	5.06405
13064055	537	0.1	-0.1	5.03485
13064055	538	0.1	-0.1	1.5441
13064055	539	0.1	-0.1	-0.521978
13064055	540	0.1	-0.1	2.34567
13064055	541	0.1	-0.1	-5.53072
13064055	542	0.1	-0.1	3.57947
13064055	543	0.1	-0.1	1.1294
13064055	544	0.1	-0.1	-4.48768
13064055	545	0.1	-0.1	2.51446
13064055	546	0.1	-0.1	-3.53342
13064055	547	0.1	-0.1	4.47551
13064055	548	0.1	-0.1	-4.36638
13064055	549	0.1	-0.1	-2.91393
13064055	550	0.1	-0.1	-3.44785
13064055	551	0.1	-0.1	0.819771
13064055	552	0.1	-0.1	-3.8549
13064055	553	0.1	-0.1	-5.78217
13064055	554	0.1	-0.1	-5.45078
13064055	555	0.1	-0.1	3.58281
13064055	556	0.1	-0.1	-4.13386
13064055	557	0.1	-0.1	-1.76159
13064055	558	0.1	-0.1	1.20562
13064055	559	0.1	-0.1	2.37944
13064055	560	0.1	-0.1	-3.56541
13064055	561	0.1	-0.1	4.95479
13064055	562	0.1	-0.1	3.44527
13064055	563	0.1	-0.1	-1.32132
13064055	564	0.1	-0.1	5.5683
13064055	565	0.1	-0.1	-0.503121
13064055	566	0.1	-0.1	5.66211
13064055	567	0.1	-0.1	-2.73101
13064055	568	0.1	-0.1	-2.42608
13064055	569	0.1	-0.1	-4.89949
13064055	570	0.1	-0.1	-3.68096
13064055	571	0.1	-0.1	0.323107
13064055	572	0.1	-0.1	-1.28958
13064055	573	0.1	-0.1	-3.69448
13064055	574	0.1	-0.1	0.1713
13064055	575	0.1	-0.1	4.23233
13064055	576	0.1	-0.1	2.41645
13064055	577	0.1	-0.1	-5.48694
13064055	578	0.1	-0.1	4.34614
13064055	579	0.1	-0.1	5.50447
13064055	580	0.1	-0.1	0.173273
13064055	581	0.1	-0.1	5.82666
13064055	582	0.1	-0.1	-2.31273
13064055	583	0.1	-0.1	-4.26756
13064055	584	0.1	-0.1	4.53781
13064055	585	0.1	-0.1	4.86851
13064055	586	0.1	-0.1	0.930121
13064055	587	0.1	-0.1	-2.88134
13064055	588	0.1	-0.1	-3.56277
13064055	589	0.1	-0.1	0.0296968
13064055	590	0.1	-0.1	3.67768
13064055	591	0.1	-0.1	3.29464
13064055	592	0.1	-0.1	-4.9799
13064055	593	0.1	-0.1	-4.24902
13064055	594	0.1	-0.1	-5.96344
13064055	595	0.1	-0.1	-3.71015
13064055	596	0.1	-0.1	2.26211
13064055	597	0.1	-0.1	-0.961272
13064055	598	0.1	-0.1	2.69082
13064055	599	0.1	-0.1	-1.68467
13064055	600	0.1	-0.1	1.11737
13064055	601	0.1	-0.1	-5.75796
13064055	602	0.1	-0.1	-0.376129
13064055	603	0.1	-0.1	-4.56329
13064055	604	0.1	-0.1	-0.504733
13064055	605	0.1	-0.1	2.013
13064055	606	0.1	-0.1	-1.15438
13064055	607	0.1	-0.1	-5.26305
13064055	608	0.1	-0.1	-1.98878
13064055	609	0.1	-0.1	-3.24541
13064055	610	0.1	-0.1	2.38251
13064055	611	0.1	-0.1	-1.70573
13064055	612	0.1	-0.1	5.60128
13064055	613	0.1	-0.1	-1.36432
13064055	614	0.1	-0.1	-5.43308
13064055	615	0.1	-0.1	1.55719
13064055	616	0.1	-0.1	-4.93132
13064055	617	0.1	-0.1	-0.972777
13064055	618	0.1	-0.1	-4.54646
13064055	619	0.1	-0.1	1.13327
13064055	620	0.1	-0.1	-3.08498
13064055	621	0.1	-0.1	-0.413895
13064055	622	0.1	-0.1	1.5739
13064055	623	0.1	-0.1	2.55528
13064055	624	0.1	-0.1	-5.84012
13064055	625	0.1	-0.1	2.11112
13064055	626	0.1	-0.1	-0.227519
13064055	627	0.1	-0.1	4.13801
13064055	628	0.1	-0.1	-0.570222
13064055	629	0.1	-0.1	-2.62941
13064055	630	0.1	-0.1	-3.20487
13064055	631	0.1	-0.1	-3.45348
13064055	632	0.1	-0.1	3.63211
13064055	633	0.1	-0.1	5.14445
13064055	634	0.1	-0.1	5.06585
13064055	635	0.1	-0.1	-0.0454685
13064055	636	0.1	-0.1	-2.72647
13064055	637	0.1	-0.1	3.65529
13064055	638	0.1	-0.1	-4.96184
13064055	639	0.1	-0.1	4.74047
13064055	640	0.1	-0.1	2.03894
13064055	641	0.1	-0.1	2.46044
13064055	642	0.1	-0.1	-3.37248
13064055	643	0.1	-0.1	-1.29994
13064055	644	0.1	-0.1	-4.29939
13064055	645	0.1	-0.1	-4.73862
13064055	646	0.1	-0.1	1.80456
13064055	647	0.1	-0.1	-3.47423
13064055	648	0.1	-0.1	-5.83647
13064055	649	0.1	-0.1	3.37534
13064055	650	0.1	-0.1	3.42166
13064055	651	0.1	-0.1	5.13548
13064055	652	0.1	-0.1	-5.43224
13064055	653	0.1	-0.1	-2.85086
13064055	654	0.1	-0.1	-2.147
13064055	655	0.1	-0.1	-2.96476
13064055	656	0.1	-0.1	-5.64274
13064055	657	0.1	-0.1	-5.89261
13064055	658	0.1	-0.1	-0.774813
13064055	659	0.1	-0.1	-4.04345
13064055	660	0.1	-0.1	-0.23787
13064055	661	0.1	-0.1	5.10385
13064055	662	0.1	-0.1	2.10869
13064055	663	0.1	-0.1	4.7659
13064055	664	0.1	-0.1	3.93759
13064055	665	0.1	-0.1	2.60973
13064055	666	0.1	-0.1	1.45832
13064055	667	0.1	-0.1	5.49431
13064055	668	0.1	-0.1	0.938363
13064055	669	0.1	-0.1	-5.27393
13064055	670	0.1	-0.1	-3.59999
13064055	671	0.1	-0.1	1.07179
13064055	672	0.1	-0.1	3.38667
13064055	673	0.1	-0.1	-3.90168
13064055	674	0.1	-0.1	4.53803
13064055	675	0.1	-0.1	2.23576
13064055	676	0.1	-0.1	1.79819
13064055	677	0.1	-0.1	-5.90981
13064055	678	0.1	-0.1	-2.19233
13064055	679	0.1	-0.1	-4.12938
13064055	680	0.1	-0.1	0.557058
13064055	681	0.1	-0.1	-0.500648
13064055	682	0.1	-0.1	2.07555
13064055	683	0.1	-0.1	2.26213
13064055	684	0.1	-0.1	-2.02703
13064055	685	0.1	-0.1	5.18129
13064055	686	0.1	-0.1	-1.90973
13064055	687	0.1	-0.1	5.2301
13064055	688	0.1	-0.1	5.697
13064055	689	0.1	-0.1	-3.76733
13064055	690	0.1	-0.1	-5.71268
13064055	691	0.1	-0.1	0.886188
13064055	692	0.1	-0.1	-0.129045
13064055	693	0.1	-0.1	5.14506
13064055	694	0.1	-0.1	-0.726751
13064055	695	0.1	-0.1	-3.42926
13064055	696	0.1	-0.1	-1.21658
13064055	697	0.1	-0.1	-4.33636
13064055	698	0.1	-0.1	-5.10155
13064055	699	0.1	-0.1	-1.9867
13064055	700	0.1	-0.1	3.38626
13064055	701	0.1	-0.1	-1.5434
13064055	702	0.1	-0.1	-5.19889
13064055	703	0.1	-0.1	-4.71335
13064055	704	0.1	-0.1	1.07669
13064055	705	0.1	-0.1	-5.3095
13064055	706	0.1	-0.1	4.83298
13064055	707	0.1	-0.1	-4.89073
13064055	708	0.1	-0.1	-5.30294
13064055	709	0.1	-0.1	-1.67379
13064055	710	0.1	-0.1	0.923112
13064055	711	0.1	-0.1	-0.501261
13064055	712	0.1	-0.1	-1.83996
13064055	713	0.1	-0.1	5.38968
13064055	714	0.1	-0.1	-4.47458
13064055	715	0.1	-0.1	1.20658
13064055	716	0.1	-0.1	1.62447
13064055	717	0.1	-0.1	5.31324
13064055	718	0.1	-0.1	2.84013
13064055	719	0.1	-0.1	-2.08276
13064055	720	0.1	-0.1	4.92803
13064055	721	0.1	-0.1	-1.46196
13064055	722	0.1	-0.1	-0.0529279
13064055	723	0.1	-0.1	-5.56978
13064055	724	0.1	-0.1	-5.32178
13064055	725	0.1	-0.1	1.92159
13064055	726	0.1	-0.1	2.14802
13064055	727	0.1	-0.1	5.3834
13064055	728	0.1	-0.1	-1.78408
13064055	729	0.1	-0.1	5.14689
13064055	730	0.1	-0.1	5.89882
13064055	731	0.1	-0.1	-5.68593
13064055	732	0.1	-0.1	1.8911
13064055	733	0.1	-0.1	5.04349
13064055	734	0.1	-0.1	-4.87438
13064055	735	0.1	-0.1	0.113013
13064055	736	0.1	-0.1	2.7558
13064055	737	0.1	-0.1	3.88779
13064055	738	0.1	-0.1	0.292903
13064055	739	0.1	-0.1	0.951321
13064055	740	0.1	-0.1	4.96163
13064055	741	0.1	-0.1	-3.75651
13064055	742	0.1	-0.1	2.89745
13064055	743	0.1	-0.1	-1.31802
13064055	744	0.1	-0.1	-5.80595
13064055	745	0.1	-0.1	-5.24067
13064055	746	0.1	-0.1	-4.50444
13064055	747	0.1	-0.1	-3.5994
13064055	748	0.1	-0.1	-3.17926
13064055	749	0.1	-0.1	2.53289
13064055	750	0.1	-0.1	-3.38163
13064055	751	0.1	-0.1	1.45762
13064055	752	0.1	-0.1	-2.33857
13064055	753	0.1	-0.1	0.402501
13064055	754	0.1	-0.1	0.893609
13064055	755	0.1	-0.1	-5.10162
13064055	756	0.1	-0.1	-1.45904
13064055	757	0.1	-0.1	-1.38353
13064055	758	0.1	-0.1	4.85879
13064055	759	0.1	-0.1	-3.33679
13064055	760	0.1	-0.1	1.49466
13064055	761	0.1	-0.1	1.83431
13064055	762	0.1	-0.1	1.46698
13064055	763	0.1	-0.1	-0.4375
13064055	764	0.1	-0.1	1.67714
13064055	765	0.1	-0.1	-3.19634
13064055	766	0.1	-0.1	-2.04204
13064055	767	0.1	-0.1	-3.2245
13064055	768	0.1	-0.1	3.95227
13064055	769	0.1	-0.1	-2.50257
13064055	770	0.1	-0.1	-4.19041
13064055	771	0.1	-0.1	1.70906
13064055	772	0.1	-0.1	5.26377
13064055	773	0.1	-0.1	-1.15447
13064055	774	0.1	-0.1	-1.83378
13064055	775	0.1	-0.1	5.28065
13064055	776	0.1	-0.1	2.91056
13064055	777	0.1	-0.1	-2.18636
13064055	778	0.1	-0.1	-5.00839
13064055	779	0.1	-0.1	-1.18528
13064055	780	0.1	-0.1	-1.58947
13064055	781	0.1	-0.1	-3.42192
13064055	782	0.1	-0.1	-0.945094
13064055	783	0.1	-0.1	-2.79317
13064055	784	0.1	-0.1	3.42176
13064055	785	0.1	-0.1	-1.92919
13064055	786	0.1	-0.1	4.94972
13064055	787	0.1	-0.1	-2.66328
13064055	788	0.1	-0.1	0.923429
13064055	789	0.1	-0.1	2.9626
13064055	790	0.1	-0.1	-4.48272
13064055	791	0.1	-0.1	-4.7612
13064055	792	0.1	-0.1	2.09322
13064055	793	0.1	-0.1	2.92124
13064055	794	0.1	-0.1	5.99989
13064055	795	0.1	-0.1	4.60335
13064055	796	0.1	-0.1	-4.52174
13064055	797	0.1	-0.1	4.44358
13064055	798	0.1	-0.1	-5.4792
13064055	799	0.1	-0.1	-1.98007
13064055	800	0.1	-0.1	2.05838
13064055	801	0.1	-0.1	-3.90715
13064055	802	0.1	-0.1	-5.45879
13064055	803	0.1	-0.1	0.755905
13064055	804	0.1	-0.1	-4.41812
13064055	805	0.1	-0.1	2.13418
13064055	806	0.1	-0.1	-2.80668
13064055	807	0.1	-0.1	0.145506
13064055	808	0.1	-0.1	-0.479249
13064055	809	0.1	-0.1	2.58629
13064055	810	0.1	-0.1	-4.0322
13064055	811	0.1	-0.1	3.28106
13064055	812	0.1	-0.1	-5.38559
13064055	813	0.1	-0.1	-1.86474
13064055	814	0.1	-0.1	-4.56568
13064055	815	0.1	-0.1	4.85463
13064055	816	0.1	-0.1	3.23945
13064055	817	0.1	-0.1	1.13694
13064055	818	0.1	-0.1	1.21492
13064055	819	0.1	-0.1	-4.97964
13064055	820	0.1	-0.1	2.94834
13064055	821	0.1	-0.1	-3.52414
13064055	822	0.1	-0.1	5.07162
13064055	823	0.1	-0.1	-3.52853
13064055	824	0.1	-0.1	3.26627
13064055	825	0.1	-0.1	3.22038
13064055	826	0.1	-0.1	-3.82843
13064055	827	0.1	-0.1	-0.916426
13064055	828	0.1	-0.1	-5.37915
13064055	829	0.1	-0.1	5.20274
13064055	830	0.1	-0.1	-1.74533
13064055	831	0.1	-0.1	-2.98502
13064055	832	0.1	-0.1	3.05352
13064055	833	0.1	-0.1	1.35811
13064055	834	0.1	-0.1	-4.45855
13064055	835	0.1	-0.1	-3.01815
13064055	836	0.1	-0.1	-5.49883
13064055	837	0.1	-0.1	1.49722
13064055	838	0.1	-0.1	3.83272
13064055	839	0.1	-0.1	4.92228
13064055	840	0.1	-0.1	4.95385
13064055	841	0.1	-0.1	-5.9863
13064055	842	0.1	-0.1	-4.15668
13064055	843	0.1	-0.1	-3.50313
13064055	844	0.1	-0.1	-5.56971
13064055	845	0.1	-0.1	1.83881
13064055	846	0.1	-0.1	-3.56717
13064055	847	0.1	-0.1	-5.46567
13064055	848	0.1	-0.1	-0.18996
13064055	849	0.1	-0.1	-3.20725
13064055	850	0.1	-0.1	-2.04341
13064055	851	0.1	-0.1	-5.23652
13064055	852	0.1	-0.1	-3.34486
13064055	853	0.1	-0.1	2.41068
13064055	854	0.1	-0.1	5.44673
13064055	855	0.1	-0.1	3.98672
13064055	856	0.1	-0.1	4.30935
13064055	857	0.1	-0.1	3.89248
13064055	858	0.1	-0.1	-4.38582
13064055	859	0.1	-0.1	-5.42016
13064055	860	0.1	-0.1	2.34029
13064055	861	0.1	-0.1	1.85049
13064055	862	0.1	-0.1	-4.16339
13064055	863	0.1	-0.1	5.26585
13064055	864	0.1	-0.1	5.00319
13064055	865	0.1	-0.1	-2.06741
13064055	866	0.1	-0.1	-0.253483
13064055	867	0.1	-0.1	-5.78592
13064055	868	0.1	-0.1	5.26725
13064055	869	0.1	-0.1	-0.0134343
13064055	870	0.1	-0.1	-3.76547
13064055	871	0.1	-0.1	0.080532
13064055	872	0.1	-0.1	2.80329
13064055	873	0.1	-0.1	1.42114
13064055	874	0.1	-0.1	-2.91906
13064055	875	0.1	-0.1	-0.952533
13064055	876	0.1	-0.1	1.178
13064055	877	0.1	-0.1	-1.70317
13064055	878	0.1	-0.1	4.74253
13064055	879	0.1	-0.1	-2.36982
13064055	880	0.1	-0.1	5.51512
13064055	881	0.1	-0.1	-5.55055
13064055	882	0.1	-0.1	1.56932
13064055	883	0.1	-0.1	-4.04172
13064055	884	0.1	-0.1	0.487207
13064055	885	0.1	-0.1	-3.87394
13064055	886	0.1	-0.1	1.40742
13064055	887	0.1	-0.1	0.156847
13064055	888	0.1	-0.1	3.70007
13064055	889	0.1	-0.1	-2.84095
13064055	890	0.1	-0.1	0.495279
13064055	891	0.1	-0.1	4.35991
13064055	892	0.1	-0.1	-2.13062
13064055	893	0.1	-0.1	3.16649
13064055	894	0.1	-0.1	4.34752
13064055	895	0.1	-0.1	2.89451
13064055	896	0.1	-0.1	-2.29662
13064055	897	0.1	-0.1	2.83564
13064055	898	0.1	-0.1	2.82908
13064055	899	0.1	-0.1	2.11358
13064055	900	0.1	-0.1	-5.67658
13064055	901	0.1	-0.1	-3.95189
13064055	902	0.1	-0.1	3.64056
13064055	903	0.1	-0.1	-2.09216
13064055	904	0.1	-0.1	-5.4362
13064055	905	0.1	-0.1	4.67933
13064055	906	0.1	-0.1	2.59079
13064055	907	0.1	-0.1	4.21093
13064055	908	0.1	-0.1	5.44346
13064055	909	0.1	-0.1	0.736263
13064055	910	0.1	-0.1	-3.88728
13064055	911	0.1	-0.1	4.30941
13064055	912	0.1	-0.1	2.52434
13064055	913	0.1	-0.1	-1.76304
13064055	914	0.1	-0.1	-0.686006
13064055	915	0.1	-0.1	-1.18111
13064055	916	0.1	-0.1	3.50946
13064055	917	0.1	-0.1	-0.207681
13064055	918	0.1	-0.1	4.54796
13064055	919	0.1	-0.1	-5.75005
13064055	920	0.1	-0.1	-3.5255
13064055	921	0.1	-0.1	-5.83271
13064055	922	0.1	-0.1	1.01724
13064055	923	0.1	-0.1	-0.961635
13064055	924	0.1	-0.1	5.03393
13064055	925	0.1	-0.1	-1.01243
13064055	926	0.1	-0.1	-2.67432
13064055	927	0.1	-0.1	0.2828
13064055	928	0.1	-0.1	-5.21327
13064055	929	0.1	-0.1	4.58434
13064055	930	0.1	-0.1	-4.55456
13064055	931	0.1	-0.1	-2.01832
13064055	932	0.1	-0.1	3.69238
13064055	933	0.1	-0.1	3.91257
13064055	934	0.1	-0.1	-5.67055
13064055	935	0.1	-0.1	0.00522531
13064055	936	0.1	-0.1	-3.6642
13064055	937	0.1	-0.1	4.97252
13064055	938	0.1	-0.1	-5.69249
13064055	939	0.1	-0.1	0.948126
13064055	940	0.1	-0.1	-1.97025
13064055	941	0.1	-0.1	4.1495
13064055	942	0.1	-0.1	-5.4664
13064055	943	0.1	-0.1	4.4772
13064055	944	0.1	-0.1	-3.42732
13064055	945	0.1	-0.1	4.64188
13064055	946	0.1	-0.1	-2.69966
13064055	947	0.1	-0.1	-1.31062
13064055	948	0.1	-0.1	4.72691
13064055	949	0.1	-0.1	-4.83491
13064055	950	0.1	-0.1	-0.144995
13064055	951	0.1	-0.1	-5.17049
13064055	952	0.1	-0.1	0.445087
13064055	953	0.1	-0.1	-1.17683
13064055	954	0.1	-0.1	5.41139
13064055	955	0.1	-0.1	-4.6122
13064055	956	0.1	-0.1	4.24993
13064055	957	0.1	-0.1	-2.61276
13064055	958	0.1	-0.1	2.85909
13064055	959	0.1	-0.1	2.18893
13064055	960	0.1	-0.1	0.935959
13064055	961	0.1	-0.1	4.22268
13064055	962	0.1	-0.1	3.69136
13064055	963	0.1	-0.1	5.64087
13064055	964	0.1	-0.1	-5.14694
13064055	965	0.1	-0.1	-3.22398
13064055	966	0.1	-0.1	3.88889
13064055	967	0.1	-0.1	1.91565
13064055	968	0.1	-0.1	-5.86831
13064055	969	0.1	-0.1	4.9785
13064055	970	0.1	-0.1	0.468095
13064055	971	0.1	-0.1	3.03699
13064055	972	0.1	-0.1	-0.184034
13064055	973	0.1	-0.1	2.75894
13064055	974	0.1	-0.1	3.01634
13064055	975	0.1	-0.1	1.89649
13064055	976	0.1	-0.1	-0.526776
13064055	977	0.1	-0.1	-1.70022
13064055	978	0.1	-0.1	-4.96858
13064055	979	0.1	-0.1	0.792732
13064055	980	0.1	-0.1	1.44719
13064055	981	0.1	-0.1	-4.71114
13064055	982	0.1	-0.1	-3.10307
13064055	983	0.1	-0.1	-4.62382
13064055	984	0.1	-0.1	1.30494
13064055	985	0.1	-0.1	-1.32769
13064055	986	0.1	-0.1	3.08436
13064055	987	0.1	-0.1	-5.18484
13064055	988	0.1	-0.1	-2.37561
13064055	989	0.1	-0.1	2.44634
13064055	990	0.1	-0.1	4.96259
13064055	991	0.1	-0.1	5.66614
13064055	992	0.1	-0.1	-2.47612
13064055	993	0.1	-0.1	-1.44013
13064055	994	0.1	-0.1	-4.96757
13064055	995	0.1	-0.1	1.95712
13064055	996	0.1	-0.1	4.25189
13064055	997	0.1	-0.1	-4.73612
13064055	998	0.1	-0.1	3.09464
13064055	999	0.1	-0.1	-0.935985
13064055	1000	0.1	-0.1	0.710568
