13070024	1	0.1	-0.1	-5.87463
13070024	2	0.1	-0.1	4.53617
13070024	3	0.1	-0.1	1.13523
13070024	4	0.1	-0.1	-1.57091
13070024	5	0.1	-0.1	4.35673
13070024	6	0.1	-0.1	-2.49601
13070024	7	0.1	-0.1	-3.81991
13070024	8	0.1	-0.1	4.79412
13070024	9	0.1	-0.1	5.43573
13070024	10	0.1	-0.1	-3.43651
13070024	11	0.1	-0.1	4.10268
13070024	12	0.1	-0.1	-1.73156
13070024	13	0.1	-0.1	-0.220922
13070024	14	0.1	-0.1	2.89033
13070024	15	0.1	-0.1	-1.5376
13070024	16	0.1	-0.1	3.70522
13070024	17	0.1	-0.1	4.92463
13070024	18	0.1	-0.1	4.62856
13070024	19	0.1	-0.1	-4.98676
13070024	20	0.1	-0.1	-5.8457
13070024	21	0.1	-0.1	-2.28513
13070024	22	0.1	-0.1	-4.01711
13070024	23	0.1	-0.1	-3.51762
13070024	24	0.1	-0.1	-2.67787
13070024	25	0.1	-0.1	-0.489981
13070024	26	0.1	-0.1	3.25982
13070024	27	0.1	-0.1	1.09635
13070024	28	0.1	-0.1	-1.04608
13070024	29	0.1	-0.1	-5.26705
13070024	30	0.1	-0.1	1.57896
13070024	31	0.1	-0.1	4.88763
13070024	32	0.1	-0.1	2.58481
13070024	33	0.1	-0.1	-0.52014
13070024	34	0.1	-0.1	1.62418
13070024	35	0.1	-0.1	-4.94132
13070024	36	0.1	-0.1	1.28972
13070024	37	0.1	-0.1	-2.28781
13070024	38	0.1	-0.1	-2.04855
13070024	39	0.1	-0.1	0.556785
13070024	40	0.1	-0.1	-3.02152
13070024	41	0.1	-0.1	3.01825
13070024	42	0.1	-0.1	-2.26484
13070024	43	0.1	-0.1	-1.87692
13070024	44	0.1	-0.1	2.08908
13070024	45	0.1	-0.1	-0.691309
13070024	46	0.1	-0.1	-4.74284
13070024	47	0.1	-0.1	2.10167
13070024	48	0.1	-0.1	-4.15526
13070024	49	0.1	-0.1	2.43949
13070024	50	0.1	-0.1	5.72057
13070024	51	0.1	-0.1	1.08998
13070024	52	0.1	-0.1	1.52606
13070024	53	0.1	-0.1	0.514618
13070024	54	0.1	-0.1	3.48496
13070024	55	0.1	-0.1	0.301235
13070024	56	0.1	-0.1	-4.48022
13070024	57	0.1	-0.1	-1.90684
13070024	58	0.1	-0.1	2.76609
13070024	59	0.1	-0.1	2.05779
13070024	60	0.1	-0.1	3.4208
13070024	61	0.1	-0.1	0.754656
13070024	62	0.1	-0.1	-3.9173
13070024	63	0.1	-0.1	-1.97868
13070024	64	0.1	-0.1	2.46533
13070024	65	0.1	-0.1	3.87838
13070024	66	0.1	-0.1	2.05024
13070024	67	0.1	-0.1	-2.86464
13070024	68	0.1	-0.1	2.82557
13070024	69	0.1	-0.1	3.08958
13070024	70	0.1	-0.1	-3.47537
13070024	71	0.1	-0.1	-5.65655
13070024	72	0.1	-0.1	0.129235
13070024	73	0.1	-0.1	-3.60704
13070024	74	0.1	-0.1	-3.30829
13070024	75	0.1	-0.1	1.30006
13070024	76	0.1	-0.1	1.95551
13070024	77	0.1	-0.1	-2.61457
13070024	78	0.1	-0.1	-3.76013
13070024	79	0.1	-0.1	-5.89756
13070024	80	0.1	-0.1	3.4317
13070024	81	0.1	-0.1	3.48637
13070024	82	0.1	-0.1	-5.21895
13070024	83	0.1	-0.1	-4.17606
13070024	84	0.1	-0.1	1.17348
13070024	85	0.1	-0.1	1.07436
13070024	86	0.1	-0.1	3.58432
13070024	87	0.1	-0.1	-2.92891
13070024	88	0.1	-0.1	-2.41643
13070024	89	0.1	-0.1	-2.20636
13070024	90	0.1	-0.1	-5.92009
13070024	91	0.1	-0.1	-3.35779
13070024	92	0.1	-0.1	1.36321
13070024	93	0.1	-0.1	-2.83588
13070024	94	0.1	-0.1	-2.21201
13070024	95	0.1	-0.1	-2.7944
13070024	96	0.1	-0.1	1.58731
13070024	97	0.1	-0.1	-4.10482
13070024	98	0.1	-0.1	-3.52961
13070024	99	0.1	-0.1	2.97021
13070024	100	0.1	-0.1	-3.1335
13070024	101	0.1	-0.1	-1.20184
13070024	102	0.1	-0.1	0.693253
13070024	103	0.1	-0.1	-1.69156
13070024	104	0.1	-0.1	4.46599
13070024	105	0.1	-0.1	3.60816
13070024	106	0.1	-0.1	-5.35073
13070024	107	0.1	-0.1	0.924559
13070024	108	0.1	-0.1	5.84653
13070024	109	0.1	-0.1	-1.15539
13070024	110	0.1	-0.1	2.05005
13070024	111	0.1	-0.1	5.05367
13070024	112	0.1	-0.1	4.24636
13070024	113	0.1	-0.1	-4.91534
13070024	114	0.1	-0.1	5.60813
13070024	115	0.1	-0.1	-5.84806
13070024	116	0.1	-0.1	-1.88133
13070024	117	0.1	-0.1	0.0394234
13070024	118	0.1	-0.1	2.44572
13070024	119	0.1	-0.1	3.99129
13070024	120	0.1	-0.1	-5.43459
13070024	121	0.1	-0.1	5.58649
13070024	122	0.1	-0.1	-4.83248
13070024	123	0.1	-0.1	3.63107
13070024	124	0.1	-0.1	-4.85104
13070024	125	0.1	-0.1	-5.07177
13070024	126	0.1	-0.1	-2.25391
13070024	127	0.1	-0.1	-4.57415
13070024	128	0.1	-0.1	5.07
13070024	129	0.1	-0.1	-4.07273
13070024	130	0.1	-0.1	2.04393
13070024	131	0.1	-0.1	-0.160559
13070024	132	0.1	-0.1	4.05969
13070024	133	0.1	-0.1	-0.855481
13070024	134	0.1	-0.1	2.84386
13070024	135	0.1	-0.1	0.49765
13070024	136	0.1	-0.1	1.63298
13070024	137	0.1	-0.1	-4.99879
13070024	138	0.1	-0.1	-4.04391
13070024	139	0.1	-0.1	-1.40669
13070024	140	0.1	-0.1	4.98912
13070024	141	0.1	-0.1	2.1265
13070024	142	0.1	-0.1	-1.34038
13070024	143	0.1	-0.1	-1.77217
13070024	144	0.1	-0.1	-2.17489
13070024	145	0.1	-0.1	-2.07956
13070024	146	0.1	-0.1	-1.36615
13070024	147	0.1	-0.1	5.61192
13070024	148	0.1	-0.1	2.62595
13070024	149	0.1	-0.1	0.553298
13070024	150	0.1	-0.1	1.73553
13070024	151	0.1	-0.1	-1.38367
13070024	152	0.1	-0.1	-0.144379
13070024	153	0.1	-0.1	1.01072
13070024	154	0.1	-0.1	-1.39091
13070024	155	0.1	-0.1	4.84102
13070024	156	0.1	-0.1	-2.69373
13070024	157	0.1	-0.1	5.94573
13070024	158	0.1	-0.1	1.12228
13070024	159	0.1	-0.1	5.40539
13070024	160	0.1	-0.1	3.68844
13070024	161	0.1	-0.1	-3.98506
13070024	162	0.1	-0.1	0.855491
13070024	163	0.1	-0.1	-5.7798
13070024	164	0.1	-0.1	1.67965
13070024	165	0.1	-0.1	1.9225
13070024	166	0.1	-0.1	0.733932
13070024	167	0.1	-0.1	-0.332731
13070024	168	0.1	-0.1	-2.11424
13070024	169	0.1	-0.1	3.59424
13070024	170	0.1	-0.1	-5.11164
13070024	171	0.1	-0.1	-0.189597
13070024	172	0.1	-0.1	0.561238
13070024	173	0.1	-0.1	-5.77069
13070024	174	0.1	-0.1	-5.38887
13070024	175	0.1	-0.1	0.935992
13070024	176	0.1	-0.1	-1.84589
13070024	177	0.1	-0.1	-2.32865
13070024	178	0.1	-0.1	-2.78714
13070024	179	0.1	-0.1	-4.59671
13070024	180	0.1	-0.1	-5.71581
13070024	181	0.1	-0.1	1.57979
13070024	182	0.1	-0.1	1.04118
13070024	183	0.1	-0.1	1.22705
13070024	184	0.1	-0.1	2.39111
13070024	185	0.1	-0.1	-3.92644
13070024	186	0.1	-0.1	5.3818
13070024	187	0.1	-0.1	-4.98248
13070024	188	0.1	-0.1	-1.56008
13070024	189	0.1	-0.1	-1.75167
13070024	190	0.1	-0.1	-4.9218
13070024	191	0.1	-0.1	-2.54155
13070024	192	0.1	-0.1	3.36274
13070024	193	0.1	-0.1	-4.51717
13070024	194	0.1	-0.1	-4.01704
13070024	195	0.1	-0.1	4.27742
13070024	196	0.1	-0.1	3.58862
13070024	197	0.1	-0.1	-1.23983
13070024	198	0.1	-0.1	-3.06171
13070024	199	0.1	-0.1	-3.92563
13070024	200	0.1	-0.1	-4.50132
13070024	201	0.1	-0.1	4.68176
13070024	202	0.1	-0.1	-3.45197
13070024	203	0.1	-0.1	-1.39476
13070024	204	0.1	-0.1	1.78085
13070024	205	0.1	-0.1	5.68362
13070024	206	0.1	-0.1	3.44514
13070024	207	0.1	-0.1	-3.39786
13070024	208	0.1	-0.1	-1.12287
13070024	209	0.1	-0.1	2.81853
13070024	210	0.1	-0.1	-4.54555
13070024	211	0.1	-0.1	-2.15749
13070024	212	0.1	-0.1	-1.03374
13070024	213	0.1	-0.1	-1.9646
13070024	214	0.1	-0.1	-4.65282
13070024	215	0.1	-0.1	-2.25636
13070024	216	0.1	-0.1	-4.57938
13070024	217	0.1	-0.1	1.75814
13070024	218	0.1	-0.1	-1.30605
13070024	219	0.1	-0.1	2.81655
13070024	220	0.1	-0.1	4.69878
13070024	221	0.1	-0.1	4.20814
13070024	222	0.1	-0.1	4.97162
13070024	223	0.1	-0.1	1.95926
13070024	224	0.1	-0.1	-4.66285
13070024	225	0.1	-0.1	1.44645
13070024	226	0.1	-0.1	3.08333
13070024	227	0.1	-0.1	1.86152
13070024	228	0.1	-0.1	-3.73604
13070024	229	0.1	-0.1	-2.81272
13070024	230	0.1	-0.1	-5.23534
13070024	231	0.1	-0.1	-0.10411
13070024	232	0.1	-0.1	2.96798
13070024	233	0.1	-0.1	3.19806
13070024	234	0.1	-0.1	-0.0249434
13070024	235	0.1	-0.1	0.628665
13070024	236	0.1	-0.1	-3.80764
13070024	237	0.1	-0.1	4.82042
13070024	238	0.1	-0.1	-5.60156
13070024	239	0.1	-0.1	-5.2568
13070024	240	0.1	-0.1	-2.46465
13070024	241	0.1	-0.1	-3.45313
13070024	242	0.1	-0.1	3.33001
13070024	243	0.1	-0.1	-5.77328
13070024	244	0.1	-0.1	4.58227
13070024	245	0.1	-0.1	-3.5184
13070024	246	0.1	-0.1	-3.90939
13070024	247	0.1	-0.1	1.73921
13070024	248	0.1	-0.1	2.03812
13070024	249	0.1	-0.1	-3.62443
13070024	250	0.1	-0.1	1.02458
13070024	251	0.1	-0.1	-4.64904
13070024	252	0.1	-0.1	-0.66937
13070024	253	0.1	-0.1	-3.65528
13070024	254	0.1	-0.1	5.91746
13070024	255	0.1	-0.1	-1.68579
13070024	256	0.1	-0.1	2.50999
13070024	257	0.1	-0.1	-1.83003
13070024	258	0.1	-0.1	-5.61955
13070024	259	0.1	-0.1	0.208929
13070024	260	0.1	-0.1	1.94842
13070024	261	0.1	-0.1	-1.0353
13070024	262	0.1	-0.1	-3.32355
13070024	263	0.1	-0.1	2.30957
13070024	264	0.1	-0.1	-0.436288
13070024	265	0.1	-0.1	-2.33929
13070024	266	0.1	-0.1	-0.877199
13070024	267	0.1	-0.1	4.60838
13070024	268	0.1	-0.1	2.72176
13070024	269	0.1	-0.1	-0.531825
13070024	270	0.1	-0.1	5.32067
13070024	271	0.1	-0.1	-0.776522
13070024	272	0.1	-0.1	-5.09669
13070024	273	0.1	-0.1	-2.64945
13070024	274	0.1	-0.1	0.0838747
13070024	275	0.1	-0.1	-2.81531
13070024	276	0.1	-0.1	3.49879
13070024	277	0.1	-0.1	-5.90915
13070024	278	0.1	-0.1	1.49085
13070024	279	0.1	-0.1	-4.21689
13070024	280	0.1	-0.1	1.77656
13070024	281	0.1	-0.1	0.0824911
13070024	282	0.1	-0.1	5.41959
13070024	283	0.1	-0.1	-2.02461
13070024	284	0.1	-0.1	2.68524
13070024	285	0.1	-0.1	-5.90486
13070024	286	0.1	-0.1	-4.96475
13070024	287	0.1	-0.1	-2.49089
13070024	288	0.1	-0.1	-3.41879
13070024	289	0.1	-0.1	-0.867111
13070024	290	0.1	-0.1	-4.03396
13070024	291	0.1	-0.1	0.208635
13070024	292	0.1	-0.1	3.11068
13070024	293	0.1	-0.1	3.40366
13070024	294	0.1	-0.1	-1.76161
13070024	295	0.1	-0.1	1.63711
13070024	296	0.1	-0.1	-0.697011
13070024	297	0.1	-0.1	4.87661
13070024	298	0.1	-0.1	-1.06862
13070024	299	0.1	-0.1	-3.33834
13070024	300	0.1	-0.1	-4.49621
13070024	301	0.1	-0.1	4.16626
13070024	302	0.1	-0.1	-0.301147
13070024	303	0.1	-0.1	-2.44197
13070024	304	0.1	-0.1	-1.53506
13070024	305	0.1	-0.1	0.787386
13070024	306	0.1	-0.1	5.85056
13070024	307	0.1	-0.1	-0.903978
13070024	308	0.1	-0.1	-2.08954
13070024	309	0.1	-0.1	-2.51018
13070024	310	0.1	-0.1	1.25135
13070024	311	0.1	-0.1	-4.73568
13070024	312	0.1	-0.1	3.70155
13070024	313	0.1	-0.1	-5.9231
13070024	314	0.1	-0.1	3.37516
13070024	315	0.1	-0.1	2.93558
13070024	316	0.1	-0.1	3.43796
13070024	317	0.1	-0.1	-5.35494
13070024	318	0.1	-0.1	-2.30219
13070024	319	0.1	-0.1	-4.34421
13070024	320	0.1	-0.1	0.724418
13070024	321	0.1	-0.1	3.34082
13070024	322	0.1	-0.1	-1.89893
13070024	323	0.1	-0.1	-3.7957
13070024	324	0.1	-0.1	3.88227
13070024	325	0.1	-0.1	4.95896
13070024	326	0.1	-0.1	-0.404524
13070024	327	0.1	-0.1	4.62927
13070024	328	0.1	-0.1	-4.52078
13070024	329	0.1	-0.1	3.9864
13070024	330	0.1	-0.1	3.82212
13070024	331	0.1	-0.1	3.95843
13070024	332	0.1	-0.1	-2.1813
13070024	333	0.1	-0.1	-2.8211
13070024	334	0.1	-0.1	3.03499
13070024	335	0.1	-0.1	4.08129
13070024	336	0.1	-0.1	3.40435
13070024	337	0.1	-0.1	-2.45291
13070024	338	0.1	-0.1	4.66645
13070024	339	0.1	-0.1	-4.60398
13070024	340	0.1	-0.1	5.42915
13070024	341	0.1	-0.1	2.78703
13070024	342	0.1	-0.1	2.94348
13070024	343	0.1	-0.1	0.535905
13070024	344	0.1	-0.1	1.82761
13070024	345	0.1	-0.1	-4.98915
13070024	346	0.1	-0.1	-4.39507
13070024	347	0.1	-0.1	2.83069
13070024	348	0.1	-0.1	-3.48606
13070024	349	0.1	-0.1	2.91639
13070024	350	0.1	-0.1	-2.03529
13070024	351	0.1	-0.1	4.98936
13070024	352	0.1	-0.1	-2.96247
13070024	353	0.1	-0.1	-3.25143
13070024	354	0.1	-0.1	-0.566711
13070024	355	0.1	-0.1	-3.9715
13070024	356	0.1	-0.1	-0.109244
13070024	357	0.1	-0.1	5.51619
13070024	358	0.1	-0.1	5.99148
13070024	359	0.1	-0.1	4.87926
13070024	360	0.1	-0.1	1.36191
13070024	361	0.1	-0.1	2.41104
13070024	362	0.1	-0.1	3.85986
13070024	363	0.1	-0.1	-2.14817
13070024	364	0.1	-0.1	2.65547
13070024	365	0.1	-0.1	-0.631966
13070024	366	0.1	-0.1	-5.351
13070024	367	0.1	-0.1	2.26963
13070024	368	0.1	-0.1	-4.69084
13070024	369	0.1	-0.1	5.19164
13070024	370	0.1	-0.1	-1.35298
13070024	371	0.1	-0.1	0.810368
13070024	372	0.1	-0.1	-4.03674
13070024	373	0.1	-0.1	-3.4816
13070024	374	0.1	-0.1	1.99813
13070024	375	0.1	-0.1	0.782044
13070024	376	0.1	-0.1	0.0715668
13070024	377	0.1	-0.1	-5.62886
13070024	378	0.1	-0.1	3.93253
13070024	379	0.1	-0.1	-5.46705
13070024	380	0.1	-0.1	-0.185604
13070024	381	0.1	-0.1	-5.72727
13070024	382	0.1	-0.1	1.26307
13070024	383	0.1	-0.1	-4.28493
13070024	384	0.1	-0.1	-1.3092
13070024	385	0.1	-0.1	0.0694749
13070024	386	0.1	-0.1	5.42075
13070024	387	0.1	-0.1	4.35309
13070024	388	0.1	-0.1	3.59797
13070024	389	0.1	-0.1	-5.57173
13070024	390	0.1	-0.1	2.93516
13070024	391	0.1	-0.1	1.80382
13070024	392	0.1	-0.1	2.28188
13070024	393	0.1	-0.1	0.552403
13070024	394	0.1	-0.1	-2.825
13070024	395	0.1	-0.1	1.86755
13070024	396	0.1	-0.1	-5.67626
13070024	397	0.1	-0.1	3.56883
13070024	398	0.1	-0.1	-1.07439
13070024	399	0.1	-0.1	3.63777
13070024	400	0.1	-0.1	1.34463
13070024	401	0.1	-0.1	-5.92055
13070024	402	0.1	-0.1	-1.91737
13070024	403	0.1	-0.1	4.75556
13070024	404	0.1	-0.1	-4.07217
13070024	405	0.1	-0.1	0.814403
13070024	406	0.1	-0.1	1.54688
13070024	407	0.1	-0.1	5.6168
13070024	408	0.1	-0.1	5.73609
13070024	409	0.1	-0.1	-5.18496
13070024	410	0.1	-0.1	2.73759
13070024	411	0.1	-0.1	-5.44954
13070024	412	0.1	-0.1	0.798289
13070024	413	0.1	-0.1	-5.34312
13070024	414	0.1	-0.1	-3.33951
13070024	415	0.1	-0.1	0.56349
13070024	416	0.1	-0.1	5.48377
13070024	417	0.1	-0.1	1.34811
13070024	418	0.1	-0.1	5.16488
13070024	419	0.1	-0.1	1.66987
13070024	420	0.1	-0.1	1.99914
13070024	421	0.1	-0.1	2.60449
13070024	422	0.1	-0.1	-3.72587
13070024	423	0.1	-0.1	-2.35338
13070024	424	0.1	-0.1	2.39512
13070024	425	0.1	-0.1	-0.12106
13070024	426	0.1	-0.1	-5.62197
13070024	427	0.1	-0.1	-4.82666
13070024	428	0.1	-0.1	-1.49858
13070024	429	0.1	-0.1	4.42751
13070024	430	0.1	-0.1	-0.995153
13070024	431	0.1	-0.1	1.68509
13070024	432	0.1	-0.1	2.03266
13070024	433	0.1	-0.1	2.03931
13070024	434	0.1	-0.1	4.79814
13070024	435	0.1	-0.1	0.211242
13070024	436	0.1	-0.1	-4.41162
13070024	437	0.1	-0.1	-2.92375
13070024	438	0.1	-0.1	3.83284
13070024	439	0.1	-0.1	-0.164247
13070024	440	0.1	-0.1	2.08448
13070024	441	0.1	-0.1	-2.33783
13070024	442	0.1	-0.1	2.01411
13070024	443	0.1	-0.1	0.528333
13070024	444	0.1	-0.1	5.98654
13070024	445	0.1	-0.1	-3.41592
13070024	446	0.1	-0.1	4.92338
13070024	447	0.1	-0.1	5.56519
13070024	448	0.1	-0.1	2.16594
13070024	449	0.1	-0.1	-1.57897
13070024	450	0.1	-0.1	3.31858
13070024	451	0.1	-0.1	4.07845
13070024	452	0.1	-0.1	5.20899
13070024	453	0.1	-0.1	1.44754
13070024	454	0.1	-0.1	-1.69455
13070024	455	0.1	-0.1	5.58397
13070024	456	0.1	-0.1	-2.55053
13070024	457	0.1	-0.1	4.38106
13070024	458	0.1	-0.1	4.03445
13070024	459	0.1	-0.1	4.16331
13070024	460	0.1	-0.1	1.4752
13070024	461	0.1	-0.1	-3.39046
13070024	462	0.1	-0.1	-2.31604
13070024	463	0.1	-0.1	3.88769
13070024	464	0.1	-0.1	1.33265
13070024	465	0.1	-0.1	-1.9683
13070024	466	0.1	-0.1	-2.4537
13070024	467	0.1	-0.1	2.50292
13070024	468	0.1	-0.1	0.16466
13070024	469	0.1	-0.1	3.72112
13070024	470	0.1	-0.1	2.31324
13070024	471	0.1	-0.1	-2.80612
13070024	472	0.1	-0.1	-2.57414
13070024	473	0.1	-0.1	1.77885
13070024	474	0.1	-0.1	0.819592
13070024	475	0.1	-0.1	-2.03078
13070024	476	0.1	-0.1	-5.94752
13070024	477	0.1	-0.1	-1.58216
13070024	478	0.1	-0.1	4.34428
13070024	479	0.1	-0.1	3.29822
13070024	480	0.1	-0.1	-4.58567
13070024	481	0.1	-0.1	1.545
13070024	482	0.1	-0.1	-4.99588
13070024	483	0.1	-0.1	-3.87334
13070024	484	0.1	-0.1	-0.569785
13070024	485	0.1	-0.1	-5.59401
13070024	486	0.1	-0.1	0.655715
13070024	487	0.1	-0.1	5.77824
13070024	488	0.1	-0.1	-3.88016
13070024	489	0.1	-0.1	-5.50228
13070024	490	0.1	-0.1	4.90135
13070024	491	0.1	-0.1	4.70624
13070024	492	0.1	-0.1	-1.38952
13070024	493	0.1	-0.1	-1.62479
13070024	494	0.1	-0.1	-4.45583
13070024	495	0.1	-0.1	5.47493
13070024	496	0.1	-0.1	4.44991
13070024	497	0.1	-0.1	2.45542
13070024	498	0.1	-0.1	-5.70835
13070024	499	0.1	-0.1	4.96096
13070024	500	0.1	-0.1	0.751156
13070024	501	0.1	-0.1	-4.16118
13070024	502	0.1	-0.1	1.14497
13070024	503	0.1	-0.1	-3.17142
13070024	504	0.1	-0.1	0.819394
13070024	505	0.1	-0.1	0.404282
13070024	506	0.1	-0.1	1.59559
13070024	507	0.1	-0.1	-2.55088
13070024	508	0.1	-0.1	5.79323
13070024	509	0.1	-0.1	-3.24338
13070024	510	0.1	-0.1	-1.79959
13070024	511	0.1	-0.1	0.879706
13070024	512	0.1	-0.1	-3.76349
13070024	513	0.1	-0.1	5.16292
13070024	514	0.1	-0.1	5.01388
13070024	515	0.1	-0.1	3.34779
13070024	516	0.1	-0.1	2.31861
13070024	517	0.1	-0.1	-3.36301
13070024	518	0.1	-0.1	4.80437
13070024	519	0.1	-0.1	1.61435
13070024	520	0.1	-0.1	-3.89498
13070024	521	0.1	-0.1	-4.79924
13070024	522	0.1	-0.1	-4.55511
13070024	523	0.1	-0.1	-1.30578
13070024	524	0.1	-0.1	1.11704
13070024	525	0.1	-0.1	-5.47429
13070024	526	0.1	-0.1	3.83154
13070024	527	0.1	-0.1	-1.27446
13070024	528	0.1	-0.1	5.92871
13070024	529	0.1	-0.1	0.676599
13070024	530	0.1	-0.1	-5.30697
13070024	531	0.1	-0.1	4.35864
13070024	532	0.1	-0.1	1.47895
13070024	533	0.1	-0.1	-1.46207
13070024	534	0.1	-0.1	-5.99516
13070024	535	0.1	-0.1	-3.04356
13070024	536	0.1	-0.1	-2.74441
13070024	537	0.1	-0.1	0.944919
13070024	538	0.1	-0.1	5.93292
13070024	539	0.1	-0.1	3.3116
13070024	540	0.1	-0.1	2.73929
13070024	541	0.1	-0.1	2.21261
13070024	542	0.1	-0.1	3.33441
13070024	543	0.1	-0.1	-3.47896
13070024	544	0.1	-0.1	5.78156
13070024	545	0.1	-0.1	5.32745
13070024	546	0.1	-0.1	1.9965
13070024	547	0.1	-0.1	0.6007
13070024	548	0.1	-0.1	3.77732
13070024	549	0.1	-0.1	-2.34269
13070024	550	0.1	-0.1	-1.80096
13070024	551	0.1	-0.1	5.22774
13070024	552	0.1	-0.1	5.64954
13070024	553	0.1	-0.1	-5.13716
13070024	554	0.1	-0.1	-2.81423
13070024	555	0.1	-0.1	-5.41836
13070024	556	0.1	-0.1	1.59008
13070024	557	0.1	-0.1	0.679269
13070024	558	0.1	-0.1	1.4348
13070024	559	0.1	-0.1	-1.51227
13070024	560	0.1	-0.1	3.90776
13070024	561	0.1	-0.1	-2.76487
13070024	562	0.1	-0.1	-2.1153
13070024	563	0.1	-0.1	1.58644
13070024	564	0.1	-0.1	5.42664
13070024	565	0.1	-0.1	5.03892
13070024	566	0.1	-0.1	-2.15663
13070024	567	0.1	-0.1	-5.0375
13070024	568	0.1	-0.1	-4.62986
13070024	569	0.1	-0.1	4.51262
13070024	570	0.1	-0.1	4.83135
13070024	571	0.1	-0.1	-3.24734
13070024	572	0.1	-0.1	-2.6306
13070024	573	0.1	-0.1	3.93525
13070024	574	0.1	-0.1	5.76192
13070024	575	0.1	-0.1	-0.818609
13070024	576	0.1	-0.1	3.87863
13070024	577	0.1	-0.1	-2.79605
13070024	578	0.1	-0.1	-4.54228
13070024	579	0.1	-0.1	3.72868
13070024	580	0.1	-0.1	4.78029
13070024	581	0.1	-0.1	-4.54677
13070024	582	0.1	-0.1	1.85092
13070024	583	0.1	-0.1	1.68186
13070024	584	0.1	-0.1	0.612109
13070024	585	0.1	-0.1	5.53329
13070024	586	0.1	-0.1	1.73169
13070024	587	0.1	-0.1	-4.00857
13070024	588	0.1	-0.1	-5.1874
13070024	589	0.1	-0.1	-2.56235
13070024	590	0.1	-0.1	2.82237
13070024	591	0.1	-0.1	5.23949
13070024	592	0.1	-0.1	3.07727
13070024	593	0.1	-0.1	-0.19167
13070024	594	0.1	-0.1	1.08475
13070024	595	0.1	-0.1	0.0653867
13070024	596	0.1	-0.1	-3.15361
13070024	597	0.1	-0.1	1.6463
13070024	598	0.1	-0.1	2.28346
13070024	599	0.1	-0.1	3.32899
13070024	600	0.1	-0.1	1.14509
13070024	601	0.1	-0.1	5.23115
13070024	602	0.1	-0.1	-1.35518
13070024	603	0.1	-0.1	4.19044
13070024	604	0.1	-0.1	-2.57814
13070024	605	0.1	-0.1	4.50979
13070024	606	0.1	-0.1	0.220133
13070024	607	0.1	-0.1	4.24491
13070024	608	0.1	-0.1	-2.95188
13070024	609	0.1	-0.1	-0.532104
13070024	610	0.1	-0.1	1.68382
13070024	611	0.1	-0.1	-5.36633
13070024	612	0.1	-0.1	5.76874
13070024	613	0.1	-0.1	-2.18748
13070024	614	0.1	-0.1	-2.89559
13070024	615	0.1	-0.1	0.927716
13070024	616	0.1	-0.1	-5.44115
13070024	617	0.1	-0.1	0.255614
13070024	618	0.1	-0.1	-5.60329
13070024	619	0.1	-0.1	-1.84659
13070024	620	0.1	-0.1	1.05338
13070024	621	0.1	-0.1	1.14929
13070024	622	0.1	-0.1	3.22383
13070024	623	0.1	-0.1	-5.74342
13070024	624	0.1	-0.1	-0.353629
13070024	625	0.1	-0.1	-5.17397
13070024	626	0.1	-0.1	3.0007
13070024	627	0.1	-0.1	5.49418
13070024	628	0.1	-0.1	-2.00044
13070024	629	0.1	-0.1	-0.90323
13070024	630	0.1	-0.1	0.76636
13070024	631	0.1	-0.1	-0.0409321
13070024	632	0.1	-0.1	5.02579
13070024	633	0.1	-0.1	5.70128
13070024	634	0.1	-0.1	0.0435963
13070024	635	0.1	-0.1	4.17993
13070024	636	0.1	-0.1	1.84647
13070024	637	0.1	-0.1	0.0785584
13070024	638	0.1	-0.1	-0.427112
13070024	639	0.1	-0.1	5.30276
13070024	640	0.1	-0.1	-2.69631
13070024	641	0.1	-0.1	5.09492
13070024	642	0.1	-0.1	2.6835
13070024	643	0.1	-0.1	-1.74177
13070024	644	0.1	-0.1	-5.89706
13070024	645	0.1	-0.1	4.97143
13070024	646	0.1	-0.1	-1.79255
13070024	647	0.1	-0.1	-2.01556
13070024	648	0.1	-0.1	-1.00155
13070024	649	0.1	-0.1	5.09434
13070024	650	0.1	-0.1	-5.96764
13070024	651	0.1	-0.1	0.870595
13070024	652	0.1	-0.1	-4.49859
13070024	653	0.1	-0.1	-4.63257
13070024	654	0.1	-0.1	-0.555777
13070024	655	0.1	-0.1	3.61695
13070024	656	0.1	-0.1	0.396673
13070024	657	0.1	-0.1	-2.1731
13070024	658	0.1	-0.1	5.60114
13070024	659	0.1	-0.1	2.86084
13070024	660	0.1	-0.1	5.19497
13070024	661	0.1	-0.1	-5.90867
13070024	662	0.1	-0.1	3.97347
13070024	663	0.1	-0.1	4.52957
13070024	664	0.1	-0.1	-1.55668
13070024	665	0.1	-0.1	0.915229
13070024	666	0.1	-0.1	-1.40278
13070024	667	0.1	-0.1	-1.85358
13070024	668	0.1	-0.1	2.86626
13070024	669	0.1	-0.1	0.908884
13070024	670	0.1	-0.1	0.065864
13070024	671	0.1	-0.1	0.860382
13070024	672	0.1	-0.1	1.33487
13070024	673	0.1	-0.1	3.14957
13070024	674	0.1	-0.1	1.91558
13070024	675	0.1	-0.1	-4.88277
13070024	676	0.1	-0.1	5.2123
13070024	677	0.1	-0.1	1.28923
13070024	678	0.1	-0.1	-4.10558
13070024	679	0.1	-0.1	-3.92449
13070024	680	0.1	-0.1	-1.50327
13070024	681	0.1	-0.1	5.16045
13070024	682	0.1	-0.1	5.48371
13070024	683	0.1	-0.1	-5.43797
13070024	684	0.1	-0.1	3.63691
13070024	685	0.1	-0.1	-5.12743
13070024	686	0.1	-0.1	4.39216
13070024	687	0.1	-0.1	2.83237
13070024	688	0.1	-0.1	-3.94404
13070024	689	0.1	-0.1	-0.81736
13070024	690	0.1	-0.1	-0.89302
13070024	691	0.1	-0.1	3.50734
13070024	692	0.1	-0.1	-4.71971
13070024	693	0.1	-0.1	-5.20782
13070024	694	0.1	-0.1	4.40393
13070024	695	0.1	-0.1	3.48011
13070024	696	0.1	-0.1	3.56849
13070024	697	0.1	-0.1	4.87285
13070024	698	0.1	-0.1	2.50618
13070024	699	0.1	-0.1	1.50203
13070024	700	0.1	-0.1	-0.981396
13070024	701	0.1	-0.1	0.40417
13070024	702	0.1	-0.1	1.02613
13070024	703	0.1	-0.1	3.51683
13070024	704	0.1	-0.1	-2.2259
13070024	705	0.1	-0.1	-2.47874
13070024	706	0.1	-0.1	-0.719792
13070024	707	0.1	-0.1	4.22238
13070024	708	0.1	-0.1	0.872609
13070024	709	0.1	-0.1	3.19858
13070024	710	0.1	-0.1	-3.39201
13070024	711	0.1	-0.1	-1.65673
13070024	712	0.1	-0.1	0.502603
13070024	713	0.1	-0.1	-1.06141
13070024	714	0.1	-0.1	1.39467
13070024	715	0.1	-0.1	4.59054
13070024	716	0.1	-0.1	-4.05925
13070024	717	0.1	-0.1	0.933075
13070024	718	0.1	-0.1	1.20798
13070024	719	0.1	-0.1	1.87448
13070024	720	0.1	-0.1	2.98702
13070024	721	0.1	-0.1	1.8391
13070024	722	0.1	-0.1	2.34774
13070024	723	0.1	-0.1	-1.02651
13070024	724	0.1	-0.1	3.32251
13070024	725	0.1	-0.1	-5.71614
13070024	726	0.1	-0.1	-4.0254
13070024	727	0.1	-0.1	3.56489
13070024	728	0.1	-0.1	5.66583
13070024	729	0.1	-0.1	3.19599
13070024	730	0.1	-0.1	-1.15104
13070024	731	0.1	-0.1	0.725528
13070024	732	0.1	-0.1	-0.675877
13070024	733	0.1	-0.1	0.61572
13070024	734	0.1	-0.1	2.35577
13070024	735	0.1	-0.1	-0.864541
13070024	736	0.1	-0.1	-5.99144
13070024	737	0.1	-0.1	-3.2791
13070024	738	0.1	-0.1	1.65875
13070024	739	0.1	-0.1	1.38836
13070024	740	0.1	-0.1	-1.69984
13070024	741	0.1	-0.1	-4.63644
13070024	742	0.1	-0.1	0.271725
13070024	743	0.1	-0.1	4.80712
13070024	744	0.1	-0.1	3.41961
13070024	745	0.1	-0.1	-4.23824
13070024	746	0.1	-0.1	4.35292
13070024	747	0.1	-0.1	4.60076
13070024	748	0.1	-0.1	-3.58401
13070024	749	0.1	-0.1	5.39131
13070024	750	0.1	-0.1	2.55003
13070024	751	0.1	-0.1	3.87352
13070024	752	0.1	-0.1	2.75811
13070024	753	0.1	-0.1	-3.95977
13070024	754	0.1	-0.1	-0.704056
13070024	755	0.1	-0.1	-0.74234
13070024	756	0.1	-0.1	4.14341
13070024	757	0.1	-0.1	5.47258
13070024	758	0.1	-0.1	0.14717
13070024	759	0.1	-0.1	4.49297
13070024	760	0.1	-0.1	3.40295
13070024	761	0.1	-0.1	-5.8305
13070024	762	0.1	-0.1	4.87309
13070024	763	0.1	-0.1	5.47675
13070024	764	0.1	-0.1	-0.575116
13070024	765	0.1	-0.1	1.20032
13070024	766	0.1	-0.1	-5.12175
13070024	767	0.1	-0.1	5.47504
13070024	768	0.1	-0.1	1.12281
13070024	769	0.1	-0.1	0.0846418
13070024	770	0.1	-0.1	4.94946
13070024	771	0.1	-0.1	4.55082
13070024	772	0.1	-0.1	4.61173
13070024	773	0.1	-0.1	3.03951
13070024	774	0.1	-0.1	-0.228319
13070024	775	0.1	-0.1	4.7896
13070024	776	0.1	-0.1	-2.24395
13070024	777	0.1	-0.1	-2.59214
13070024	778	0.1	-0.1	3.67913
13070024	779	0.1	-0.1	-0.85107
13070024	780	0.1	-0.1	-5.18772
13070024	781	0.1	-0.1	-3.89926
13070024	782	0.1	-0.1	5.50753
13070024	783	0.1	-0.1	0.41137
13070024	784	0.1	-0.1	-3.50008
13070024	785	0.1	-0.1	-5.86198
13070024	786	0.1	-0.1	-4.92482
13070024	787	0.1	-0.1	-2.30804
13070024	788	0.1	-0.1	-5.33926
13070024	789	0.1	-0.1	-0.1876
13070024	790	0.1	-0.1	2.14705
13070024	791	0.1	-0.1	1.74298
13070024	792	0.1	-0.1	-5.2511
13070024	793	0.1	-0.1	5.43527
13070024	794	0.1	-0.1	1.61819
13070024	795	0.1	-0.1	-3.06426
13070024	796	0.1	-0.1	-1.21199
13070024	797	0.1	-0.1	-0.551544
13070024	798	0.1	-0.1	4.46579
13070024	799	0.1	-0.1	-1.59813
13070024	800	0.1	-0.1	4.32768
13070024	801	0.1	-0.1	3.57015
13070024	802	0.1	-0.1	-2.25935
13070024	803	0.1	-0.1	-5.15868
13070024	804	0.1	-0.1	-0.407524
13070024	805	0.1	-0.1	-3.98075
13070024	806	0.1	-0.1	-5.98507
13070024	807	0.1	-0.1	4.33528
13070024	808	0.1	-0.1	4.61516
13070024	809	0.1	-0.1	0.681257
13070024	810	0.1	-0.1	-3.51779
13070024	811	0.1	-0.1	4.46956
13070024	812	0.1	-0.1	5.80264
13070024	813	0.1	-0.1	-4.20534
13070024	814	0.1	-0.1	-0.457338
13070024	815	0.1	-0.1	-0.828392
13070024	816	0.1	-0.1	3.68787
13070024	817	0.1	-0.1	-3.45976
13070024	818	0.1	-0.1	-0.278517
13070024	819	0.1	-0.1	0.058793
13070024	820	0.1	-0.1	2.53273
13070024	821	0.1	-0.1	-3.11206
13070024	822	0.1	-0.1	-4.99558
13070024	823	0.1	-0.1	-3.76231
13070024	824	0.1	-0.1	-2.66161
13070024	825	0.1	-0.1	-4.94043
13070024	826	0.1	-0.1	4.59802
13070024	827	0.1	-0.1	1.5499
13070024	828	0.1	-0.1	-3.26948
13070024	829	0.1	-0.1	-2.29404
13070024	830	0.1	-0.1	2.29771
13070024	831	0.1	-0.1	1.4879
13070024	832	0.1	-0.1	0.0028276
13070024	833	0.1	-0.1	-1.74542
13070024	834	0.1	-0.1	-2.57098
13070024	835	0.1	-0.1	5.39883
13070024	836	0.1	-0.1	5.84503
13070024	837	0.1	-0.1	-0.373749
13070024	838	0.1	-0.1	-3.06013
13070024	839	0.1	-0.1	1.99549
13070024	840	0.1	-0.1	3.25324
13070024	841	0.1	-0.1	-1.13148
13070024	842	0.1	-0.1	1.28901
13070024	843	0.1	-0.1	1.1189
13070024	844	0.1	-0.1	4.83764
13070024	845	0.1	-0.1	4.49272
13070024	846	0.1	-0.1	0.375221
13070024	847	0.1	-0.1	0.561506
13070024	848	0.1	-0.1	4.24657
13070024	849	0.1	-0.1	-3.46539
13070024	850	0.1	-0.1	4.25076
13070024	851	0.1	-0.1	-0.103425
13070024	852	0.1	-0.1	-5.1672
13070024	853	0.1	-0.1	4.04988
13070024	854	0.1	-0.1	-1.44974
13070024	855	0.1	-0.1	-0.172204
13070024	856	0.1	-0.1	4.44011
13070024	857	0.1	-0.1	3.00457
13070024	858	0.1	-0.1	3.32514
13070024	859	0.1	-0.1	-2.38579
13070024	860	0.1	-0.1	-1.27109
13070024	861	0.1	-0.1	3.81677
13070024	862	0.1	-0.1	1.58011
13070024	863	0.1	-0.1	-4.51129
13070024	864	0.1	-0.1	-2.76561
13070024	865	0.1	-0.1	2.98902
13070024	866	0.1	-0.1	5.71621
13070024	867	0.1	-0.1	4.14784
13070024	868	0.1	-0.1	2.65784
13070024	869	0.1	-0.1	2.5668
13070024	870	0.1	-0.1	2.8825
13070024	871	0.1	-0.1	3.45133
13070024	872	0.1	-0.1	1.32642
13070024	873	0.1	-0.1	-4.79541
13070024	874	0.1	-0.1	5.47724
13070024	875	0.1	-0.1	-3.0165
13070024	876	0.1	-0.1	3.64036
13070024	877	0.1	-0.1	-5.58775
13070024	878	0.1	-0.1	-1.38361
13070024	879	0.1	-0.1	-5.78842
13070024	880	0.1	-0.1	3.20775
13070024	881	0.1	-0.1	-3.39442
13070024	882	0.1	-0.1	-1.1812
13070024	883	0.1	-0.1	-3.95701
13070024	884	0.1	-0.1	0.692106
13070024	885	0.1	-0.1	4.38715
13070024	886	0.1	-0.1	3.86658
13070024	887	0.1	-0.1	2.95626
13070024	888	0.1	-0.1	-2.71049
13070024	889	0.1	-0.1	1.30961
13070024	890	0.1	-0.1	4.09758
13070024	891	0.1	-0.1	5.41499
13070024	892	0.1	-0.1	-4.79783
13070024	893	0.1	-0.1	-4.26828
13070024	894	0.1	-0.1	5.3893
13070024	895	0.1	-0.1	-1.70884
13070024	896	0.1	-0.1	-2.42746
13070024	897	0.1	-0.1	-5.72679
13070024	898	0.1	-0.1	-2.23786
13070024	899	0.1	-0.1	4.14667
13070024	900	0.1	-0.1	-2.85784
13070024	901	0.1	-0.1	5.95553
13070024	902	0.1	-0.1	-4.2313
13070024	903	0.1	-0.1	5.2318
13070024	904	0.1	-0.1	-5.21527
13070024	905	0.1	-0.1	-2.22386
13070024	906	0.1	-0.1	-0.28213
13070024	907	0.1	-0.1	5.89115
13070024	908	0.1	-0.1	-3.60122
13070024	909	0.1	-0.1	-2.04853
13070024	910	0.1	-0.1	5.99496
13070024	911	0.1	-0.1	4.42255
13070024	912	0.1	-0.1	-4.68511
13070024	913	0.1	-0.1	3.84791
13070024	914	0.1	-0.1	-3.25525
13070024	915	0.1	-0.1	1.62803
13070024	916	0.1	-0.1	-2.84456
13070024	917	0.1	-0.1	5.44373
13070024	918	0.1	-0.1	3.47156
13070024	919	0.1	-0.1	3.34008
13070024	920	0.1	-0.1	-3.89428
13070024	921	0.1	-0.1	1.21216
13070024	922	0.1	-0.1	-2.21054
13070024	923	0.1	-0.1	-0.10802
13070024	924	0.1	-0.1	-5.75844
13070024	925	0.1	-0.1	5.91536
13070024	926	0.1	-0.1	-5.89527
13070024	927	0.1	-0.1	0.596772
13070024	928	0.1	-0.1	1.81989
13070024	929	0.1	-0.1	2.76614
13070024	930	0.1	-0.1	-4.32732
13070024	931	0.1	-0.1	-0.179529
13070024	932	0.1	-0.1	-5.46229
13070024	933	0.1	-0.1	-5.13039
13070024	934	0.1	-0.1	-1.18281
13070024	935	0.1	-0.1	1.03845
13070024	936	0.1	-0.1	-0.323528
13070024	937	0.1	-0.1	-0.4082
13070024	938	0.1	-0.1	-1.83672
13070024	939	0.1	-0.1	1.21205
13070024	940	0.1	-0.1	0.470278
13070024	941	0.1	-0.1	-5.00192
13070024	942	0.1	-0.1	0.675633
13070024	943	0.1	-0.1	-0.565758
13070024	944	0.1	-0.1	-2.23825
13070024	945	0.1	-0.1	-0.801617
13070024	946	0.1	-0.1	3.23782
13070024	947	0.1	-0.1	-1.33173
13070024	948	0.1	-0.1	1.7532
13070024	949	0.1	-0.1	-3.93736
13070024	950	0.1	-0.1	3.20621
13070024	951	0.1	-0.1	0.0186218
13070024	952	0.1	-0.1	-2.81038
13070024	953	0.1	-0.1	2.90156
13070024	954	0.1	-0.1	-1.83463
13070024	955	0.1	-0.1	1.43493
13070024	956	0.1	-0.1	-2.99942
13070024	957	0.1	-0.1	-0.275081
13070024	958	0.1	-0.1	-5.69566
13070024	959	0.1	-0.1	-5.80436
13070024	960	0.1	-0.1	-0.974607
13070024	961	0.1	-0.1	2.73227
13070024	962	0.1	-0.1	-4.12685
13070024	963	0.1	-0.1	-5.61371
13070024	964	0.1	-0.1	-2.83474
13070024	965	0.1	-0.1	4.42962
13070024	966	0.1	-0.1	-3.50851
13070024	967	0.1	-0.1	-1.04858
13070024	968	0.1	-0.1	-3.79059
13070024	969	0.1	-0.1	-3.16559
13070024	970	0.1	-0.1	-5.3885
13070024	971	0.1	-0.1	3.05753
13070024	972	0.1	-0.1	1.37923
13070024	973	0.1	-0.1	4.61523
13070024	974	0.1	-0.1	-0.127745
13070024	975	0.1	-0.1	0.420381
13070024	976	0.1	-0.1	5.98691
13070024	977	0.1	-0.1	-4.80155
13070024	978	0.1	-0.1	3.85933
13070024	979	0.1	-0.1	1.34865
13070024	980	0.1	-0.1	-1.85273
13070024	981	0.1	-0.1	-4.32467
13070024	982	0.1	-0.1	2.47872
13070024	983	0.1	-0.1	1.89527
13070024	984	0.1	-0.1	3.27082
13070024	985	0.1	-0.1	-1.43686
13070024	986	0.1	-0.1	0.187111
13070024	987	0.1	-0.1	0.850661
13070024	988	0.1	-0.1	-4.14737
13070024	989	0.1	-0.1	-4.40643
13070024	990	0.1	-0.1	-1.06532
13070024	991	0.1	-0.1	-1.39769
13070024	992	0.1	-0.1	-4.62118
13070024	993	0.1	-0.1	5.18942
13070024	994	0.1	-0.1	-2.89007
13070024	995	0.1	-0.1	5.52069
13070024	996	0.1	-0.1	1.41846
13070024	997	0.1	-0.1	3.67829
13070024	998	0.1	-0.1	3.71061
13070024	999	0.1	-0.1	-2.69987
13070024	1000	0.1	-0.1	-1.38844
