13072006	1	0.1	-0.1	-4.70627
13072006	2	0.1	-0.1	-4.64881
13072006	3	0.1	-0.1	-0.12148
13072006	4	0.1	-0.1	-1.72619
13072006	5	0.1	-0.1	2.96287
13072006	6	0.1	-0.1	5.65034
13072006	7	0.1	-0.1	3.5236
13072006	8	0.1	-0.1	5.36109
13072006	9	0.1	-0.1	-4.57888
13072006	10	0.1	-0.1	4.62758
13072006	11	0.1	-0.1	-4.59241
13072006	12	0.1	-0.1	-1.87917
13072006	13	0.1	-0.1	-4.92921
13072006	14	0.1	-0.1	-3.9374
13072006	15	0.1	-0.1	-0.728317
13072006	16	0.1	-0.1	3.07012
13072006	17	0.1	-0.1	4.52669
13072006	18	0.1	-0.1	-2.85233
13072006	19	0.1	-0.1	2.23393
13072006	20	0.1	-0.1	-1.56488
13072006	21	0.1	-0.1	-2.2314
13072006	22	0.1	-0.1	-4.03742
13072006	23	0.1	-0.1	4.94379
13072006	24	0.1	-0.1	3.32384
13072006	25	0.1	-0.1	1.3361
13072006	26	0.1	-0.1	-0.97944
13072006	27	0.1	-0.1	-4.29896
13072006	28	0.1	-0.1	4.50211
13072006	29	0.1	-0.1	0.833057
13072006	30	0.1	-0.1	3.62181
13072006	31	0.1	-0.1	-5.3005
13072006	32	0.1	-0.1	-4.50055
13072006	33	0.1	-0.1	3.75665
13072006	34	0.1	-0.1	0.780768
13072006	35	0.1	-0.1	3.73615
13072006	36	0.1	-0.1	3.0384
13072006	37	0.1	-0.1	2.5771
13072006	38	0.1	-0.1	1.75613
13072006	39	0.1	-0.1	5.7414
13072006	40	0.1	-0.1	-0.39536
13072006	41	0.1	-0.1	3.98667
13072006	42	0.1	-0.1	-2.17012
13072006	43	0.1	-0.1	0.370806
13072006	44	0.1	-0.1	-5.09591
13072006	45	0.1	-0.1	2.02291
13072006	46	0.1	-0.1	3.79578
13072006	47	0.1	-0.1	-2.02419
13072006	48	0.1	-0.1	0.896039
13072006	49	0.1	-0.1	-0.408838
13072006	50	0.1	-0.1	-0.021913
13072006	51	0.1	-0.1	5.62707
13072006	52	0.1	-0.1	-2.75383
13072006	53	0.1	-0.1	-5.54414
13072006	54	0.1	-0.1	-0.281966
13072006	55	0.1	-0.1	-4.26518
13072006	56	0.1	-0.1	-5.92959
13072006	57	0.1	-0.1	0.770859
13072006	58	0.1	-0.1	5.24566
13072006	59	0.1	-0.1	-4.54501
13072006	60	0.1	-0.1	1.24677
13072006	61	0.1	-0.1	3.65865
13072006	62	0.1	-0.1	-4.88856
13072006	63	0.1	-0.1	3.73199
13072006	64	0.1	-0.1	1.52011
13072006	65	0.1	-0.1	-5.08569
13072006	66	0.1	-0.1	-4.51689
13072006	67	0.1	-0.1	-2.37766
13072006	68	0.1	-0.1	-3.94958
13072006	69	0.1	-0.1	5.65693
13072006	70	0.1	-0.1	5.56789
13072006	71	0.1	-0.1	1.70559
13072006	72	0.1	-0.1	4.36603
13072006	73	0.1	-0.1	-3.2207
13072006	74	0.1	-0.1	2.6325
13072006	75	0.1	-0.1	-2.05968
13072006	76	0.1	-0.1	-0.198767
13072006	77	0.1	-0.1	-4.93294
13072006	78	0.1	-0.1	-3.31198
13072006	79	0.1	-0.1	-3.69506
13072006	80	0.1	-0.1	-1.47448
13072006	81	0.1	-0.1	-1.70218
13072006	82	0.1	-0.1	1.91421
13072006	83	0.1	-0.1	-5.50605
13072006	84	0.1	-0.1	-1.54478
13072006	85	0.1	-0.1	-4.19719
13072006	86	0.1	-0.1	0.871501
13072006	87	0.1	-0.1	3.91539
13072006	88	0.1	-0.1	-2.84156
13072006	89	0.1	-0.1	1.69936
13072006	90	0.1	-0.1	-1.50866
13072006	91	0.1	-0.1	3.60003
13072006	92	0.1	-0.1	-2.22684
13072006	93	0.1	-0.1	2.0285
13072006	94	0.1	-0.1	1.57096
13072006	95	0.1	-0.1	-0.511728
13072006	96	0.1	-0.1	4.78892
13072006	97	0.1	-0.1	-4.50974
13072006	98	0.1	-0.1	-0.987166
13072006	99	0.1	-0.1	-1.13304
13072006	100	0.1	-0.1	0.916086
13072006	101	0.1	-0.1	-1.39071
13072006	102	0.1	-0.1	0.168661
13072006	103	0.1	-0.1	-3.47891
13072006	104	0.1	-0.1	-4.96878
13072006	105	0.1	-0.1	4.29254
13072006	106	0.1	-0.1	-3.84861
13072006	107	0.1	-0.1	2.90709
13072006	108	0.1	-0.1	-1.31406
13072006	109	0.1	-0.1	3.686
13072006	110	0.1	-0.1	-1.67279
13072006	111	0.1	-0.1	2.20938
13072006	112	0.1	-0.1	1.20135
13072006	113	0.1	-0.1	-5.71197
13072006	114	0.1	-0.1	5.21058
13072006	115	0.1	-0.1	-4.82619
13072006	116	0.1	-0.1	1.45794
13072006	117	0.1	-0.1	0.316952
13072006	118	0.1	-0.1	-1.53851
13072006	119	0.1	-0.1	1.41352
13072006	120	0.1	-0.1	4.88798
13072006	121	0.1	-0.1	0.71031
13072006	122	0.1	-0.1	-1.41204
13072006	123	0.1	-0.1	2.69427
13072006	124	0.1	-0.1	-1.47428
13072006	125	0.1	-0.1	-1.54626
13072006	126	0.1	-0.1	4.18383
13072006	127	0.1	-0.1	5.47729
13072006	128	0.1	-0.1	0.595947
13072006	129	0.1	-0.1	1.49454
13072006	130	0.1	-0.1	-3.88597
13072006	131	0.1	-0.1	3.67678
13072006	132	0.1	-0.1	-5.96531
13072006	133	0.1	-0.1	1.47405
13072006	134	0.1	-0.1	-3.73024
13072006	135	0.1	-0.1	-1.60457
13072006	136	0.1	-0.1	5.43902
13072006	137	0.1	-0.1	3.45915
13072006	138	0.1	-0.1	1.57536
13072006	139	0.1	-0.1	-5.15533
13072006	140	0.1	-0.1	-0.46618
13072006	141	0.1	-0.1	4.84999
13072006	142	0.1	-0.1	-2.42379
13072006	143	0.1	-0.1	-5.85817
13072006	144	0.1	-0.1	-5.02995
13072006	145	0.1	-0.1	4.32804
13072006	146	0.1	-0.1	2.51721
13072006	147	0.1	-0.1	0.267856
13072006	148	0.1	-0.1	-5.63024
13072006	149	0.1	-0.1	1.43367
13072006	150	0.1	-0.1	-0.0177099
13072006	151	0.1	-0.1	-4.09667
13072006	152	0.1	-0.1	-2.36075
13072006	153	0.1	-0.1	2.23229
13072006	154	0.1	-0.1	-5.08045
13072006	155	0.1	-0.1	-3.64413
13072006	156	0.1	-0.1	5.85652
13072006	157	0.1	-0.1	2.94654
13072006	158	0.1	-0.1	-1.85288
13072006	159	0.1	-0.1	-0.0968638
13072006	160	0.1	-0.1	-1.55604
13072006	161	0.1	-0.1	-0.86279
13072006	162	0.1	-0.1	2.1608
13072006	163	0.1	-0.1	-5.45378
13072006	164	0.1	-0.1	1.19176
13072006	165	0.1	-0.1	-2.61932
13072006	166	0.1	-0.1	-2.71098
13072006	167	0.1	-0.1	-2.2682
13072006	168	0.1	-0.1	-4.53259
13072006	169	0.1	-0.1	-1.88722
13072006	170	0.1	-0.1	-1.17286
13072006	171	0.1	-0.1	2.58474
13072006	172	0.1	-0.1	-0.883642
13072006	173	0.1	-0.1	-3.92655
13072006	174	0.1	-0.1	-5.32087
13072006	175	0.1	-0.1	2.76928
13072006	176	0.1	-0.1	0.611452
13072006	177	0.1	-0.1	5.80308
13072006	178	0.1	-0.1	-4.75763
13072006	179	0.1	-0.1	-4.79559
13072006	180	0.1	-0.1	-4.87029
13072006	181	0.1	-0.1	-2.54602
13072006	182	0.1	-0.1	3.91518
13072006	183	0.1	-0.1	1.03603
13072006	184	0.1	-0.1	2.41763
13072006	185	0.1	-0.1	4.27413
13072006	186	0.1	-0.1	-3.85717
13072006	187	0.1	-0.1	4.56062
13072006	188	0.1	-0.1	-4.2234
13072006	189	0.1	-0.1	0.207376
13072006	190	0.1	-0.1	-2.86302
13072006	191	0.1	-0.1	5.85932
13072006	192	0.1	-0.1	5.71717
13072006	193	0.1	-0.1	5.32728
13072006	194	0.1	-0.1	-2.91416
13072006	195	0.1	-0.1	-0.70605
13072006	196	0.1	-0.1	2.49023
13072006	197	0.1	-0.1	-5.82675
13072006	198	0.1	-0.1	-3.85188
13072006	199	0.1	-0.1	-4.75907
13072006	200	0.1	-0.1	-1.23578
13072006	201	0.1	-0.1	0.797826
13072006	202	0.1	-0.1	3.13442
13072006	203	0.1	-0.1	-1.10243
13072006	204	0.1	-0.1	-0.665761
13072006	205	0.1	-0.1	4.99517
13072006	206	0.1	-0.1	-4.26118
13072006	207	0.1	-0.1	-3.59951
13072006	208	0.1	-0.1	-4.05456
13072006	209	0.1	-0.1	0.910811
13072006	210	0.1	-0.1	0.484322
13072006	211	0.1	-0.1	-2.54781
13072006	212	0.1	-0.1	1.03513
13072006	213	0.1	-0.1	-3.14427
13072006	214	0.1	-0.1	-0.55525
13072006	215	0.1	-0.1	3.56943
13072006	216	0.1	-0.1	5.49275
13072006	217	0.1	-0.1	-5.27898
13072006	218	0.1	-0.1	-3.18331
13072006	219	0.1	-0.1	-5.72683
13072006	220	0.1	-0.1	-4.62604
13072006	221	0.1	-0.1	-0.065469
13072006	222	0.1	-0.1	4.43384
13072006	223	0.1	-0.1	0.839858
13072006	224	0.1	-0.1	3.51909
13072006	225	0.1	-0.1	-4.98945
13072006	226	0.1	-0.1	3.96088
13072006	227	0.1	-0.1	2.19158
13072006	228	0.1	-0.1	-2.6235
13072006	229	0.1	-0.1	5.91348
13072006	230	0.1	-0.1	1.0909
13072006	231	0.1	-0.1	-5.85379
13072006	232	0.1	-0.1	2.5954
13072006	233	0.1	-0.1	-0.449861
13072006	234	0.1	-0.1	3.84193
13072006	235	0.1	-0.1	3.41982
13072006	236	0.1	-0.1	3.54162
13072006	237	0.1	-0.1	2.4921
13072006	238	0.1	-0.1	4.6265
13072006	239	0.1	-0.1	2.66153
13072006	240	0.1	-0.1	-2.79726
13072006	241	0.1	-0.1	1.27694
13072006	242	0.1	-0.1	-4.87719
13072006	243	0.1	-0.1	4.17728
13072006	244	0.1	-0.1	0.384492
13072006	245	0.1	-0.1	5.95839
13072006	246	0.1	-0.1	-5.35085
13072006	247	0.1	-0.1	0.26676
13072006	248	0.1	-0.1	-5.13331
13072006	249	0.1	-0.1	4.58034
13072006	250	0.1	-0.1	2.6474
13072006	251	0.1	-0.1	4.58455
13072006	252	0.1	-0.1	-2.26603
13072006	253	0.1	-0.1	4.71941
13072006	254	0.1	-0.1	2.04847
13072006	255	0.1	-0.1	4.13201
13072006	256	0.1	-0.1	3.20341
13072006	257	0.1	-0.1	-5.4796
13072006	258	0.1	-0.1	4.09771
13072006	259	0.1	-0.1	5.11075
13072006	260	0.1	-0.1	0.532712
13072006	261	0.1	-0.1	-1.80788
13072006	262	0.1	-0.1	-0.486931
13072006	263	0.1	-0.1	-4.86476
13072006	264	0.1	-0.1	4.05962
13072006	265	0.1	-0.1	0.792341
13072006	266	0.1	-0.1	2.06811
13072006	267	0.1	-0.1	-3.93943
13072006	268	0.1	-0.1	5.07381
13072006	269	0.1	-0.1	-0.0798127
13072006	270	0.1	-0.1	-5.44206
13072006	271	0.1	-0.1	-4.16773
13072006	272	0.1	-0.1	-4.86574
13072006	273	0.1	-0.1	0.218731
13072006	274	0.1	-0.1	-4.03309
13072006	275	0.1	-0.1	3.42631
13072006	276	0.1	-0.1	-2.1706
13072006	277	0.1	-0.1	-5.43819
13072006	278	0.1	-0.1	3.73605
13072006	279	0.1	-0.1	1.85962
13072006	280	0.1	-0.1	-1.51953
13072006	281	0.1	-0.1	-5.14872
13072006	282	0.1	-0.1	-0.317693
13072006	283	0.1	-0.1	-3.99197
13072006	284	0.1	-0.1	-5.49868
13072006	285	0.1	-0.1	-0.701125
13072006	286	0.1	-0.1	-0.324904
13072006	287	0.1	-0.1	2.83299
13072006	288	0.1	-0.1	2.51169
13072006	289	0.1	-0.1	0.908889
13072006	290	0.1	-0.1	4.61045
13072006	291	0.1	-0.1	-1.95646
13072006	292	0.1	-0.1	-3.95262
13072006	293	0.1	-0.1	2.05467
13072006	294	0.1	-0.1	-5.38896
13072006	295	0.1	-0.1	0.11051
13072006	296	0.1	-0.1	-0.451597
13072006	297	0.1	-0.1	0.667225
13072006	298	0.1	-0.1	0.0216365
13072006	299	0.1	-0.1	5.34468
13072006	300	0.1	-0.1	1.29034
13072006	301	0.1	-0.1	0.78664
13072006	302	0.1	-0.1	-2.25276
13072006	303	0.1	-0.1	-2.35825
13072006	304	0.1	-0.1	-0.736982
13072006	305	0.1	-0.1	4.19293
13072006	306	0.1	-0.1	-0.901159
13072006	307	0.1	-0.1	3.12614
13072006	308	0.1	-0.1	1.13033
13072006	309	0.1	-0.1	4.4631
13072006	310	0.1	-0.1	-2.9751
13072006	311	0.1	-0.1	-1.40697
13072006	312	0.1	-0.1	-0.0113988
13072006	313	0.1	-0.1	5.38742
13072006	314	0.1	-0.1	-3.25297
13072006	315	0.1	-0.1	0.260055
13072006	316	0.1	-0.1	1.39222
13072006	317	0.1	-0.1	1.46424
13072006	318	0.1	-0.1	5.59147
13072006	319	0.1	-0.1	-4.10182
13072006	320	0.1	-0.1	5.05181
13072006	321	0.1	-0.1	-0.0857269
13072006	322	0.1	-0.1	3.96831
13072006	323	0.1	-0.1	3.05876
13072006	324	0.1	-0.1	-2.15731
13072006	325	0.1	-0.1	-2.10745
13072006	326	0.1	-0.1	0.806515
13072006	327	0.1	-0.1	0.470132
13072006	328	0.1	-0.1	-0.80017
13072006	329	0.1	-0.1	5.56455
13072006	330	0.1	-0.1	5.71695
13072006	331	0.1	-0.1	-0.78131
13072006	332	0.1	-0.1	-4.71001
13072006	333	0.1	-0.1	-2.02372
13072006	334	0.1	-0.1	3.63924
13072006	335	0.1	-0.1	3.99019
13072006	336	0.1	-0.1	2.57619
13072006	337	0.1	-0.1	3.02119
13072006	338	0.1	-0.1	1.83401
13072006	339	0.1	-0.1	5.11248
13072006	340	0.1	-0.1	-2.28503
13072006	341	0.1	-0.1	-0.883774
13072006	342	0.1	-0.1	1.68177
13072006	343	0.1	-0.1	0.880761
13072006	344	0.1	-0.1	0.805116
13072006	345	0.1	-0.1	4.51022
13072006	346	0.1	-0.1	5.65501
13072006	347	0.1	-0.1	1.06375
13072006	348	0.1	-0.1	1.66637
13072006	349	0.1	-0.1	5.70721
13072006	350	0.1	-0.1	-4.6306
13072006	351	0.1	-0.1	-4.49605
13072006	352	0.1	-0.1	-5.03069
13072006	353	0.1	-0.1	-0.469316
13072006	354	0.1	-0.1	-1.80327
13072006	355	0.1	-0.1	-0.900434
13072006	356	0.1	-0.1	-1.66654
13072006	357	0.1	-0.1	-4.40824
13072006	358	0.1	-0.1	-0.932785
13072006	359	0.1	-0.1	-2.15629
13072006	360	0.1	-0.1	-1.36348
13072006	361	0.1	-0.1	-4.80296
13072006	362	0.1	-0.1	-0.433841
13072006	363	0.1	-0.1	3.77459
13072006	364	0.1	-0.1	-0.733099
13072006	365	0.1	-0.1	0.516872
13072006	366	0.1	-0.1	3.81245
13072006	367	0.1	-0.1	4.97993
13072006	368	0.1	-0.1	-3.82995
13072006	369	0.1	-0.1	-4.90815
13072006	370	0.1	-0.1	2.89647
13072006	371	0.1	-0.1	4.51721
13072006	372	0.1	-0.1	-3.27514
13072006	373	0.1	-0.1	-0.0247184
13072006	374	0.1	-0.1	-4.33523
13072006	375	0.1	-0.1	-1.80315
13072006	376	0.1	-0.1	-1.29861
13072006	377	0.1	-0.1	-3.42034
13072006	378	0.1	-0.1	-2.90041
13072006	379	0.1	-0.1	-2.80476
13072006	380	0.1	-0.1	-1.88372
13072006	381	0.1	-0.1	0.293359
13072006	382	0.1	-0.1	3.27528
13072006	383	0.1	-0.1	-2.35963
13072006	384	0.1	-0.1	4.40342
13072006	385	0.1	-0.1	4.79857
13072006	386	0.1	-0.1	0.716605
13072006	387	0.1	-0.1	3.82368
13072006	388	0.1	-0.1	-0.981303
13072006	389	0.1	-0.1	1.35606
13072006	390	0.1	-0.1	-0.518625
13072006	391	0.1	-0.1	-4.62104
13072006	392	0.1	-0.1	0.588018
13072006	393	0.1	-0.1	-2.81447
13072006	394	0.1	-0.1	-0.649016
13072006	395	0.1	-0.1	-0.271729
13072006	396	0.1	-0.1	-5.23461
13072006	397	0.1	-0.1	3.60971
13072006	398	0.1	-0.1	5.17109
13072006	399	0.1	-0.1	1.18828
13072006	400	0.1	-0.1	-3.78354
13072006	401	0.1	-0.1	-1.56711
13072006	402	0.1	-0.1	-5.82188
13072006	403	0.1	-0.1	-0.850763
13072006	404	0.1	-0.1	-2.06236
13072006	405	0.1	-0.1	2.64167
13072006	406	0.1	-0.1	-4.48923
13072006	407	0.1	-0.1	1.73677
13072006	408	0.1	-0.1	-4.73093
13072006	409	0.1	-0.1	-3.9683
13072006	410	0.1	-0.1	-2.28187
13072006	411	0.1	-0.1	2.59697
13072006	412	0.1	-0.1	-0.343938
13072006	413	0.1	-0.1	-3.97918
13072006	414	0.1	-0.1	-1.51017
13072006	415	0.1	-0.1	0.340373
13072006	416	0.1	-0.1	-0.307998
13072006	417	0.1	-0.1	3.36034
13072006	418	0.1	-0.1	-3.82938
13072006	419	0.1	-0.1	-3.67176
13072006	420	0.1	-0.1	1.66511
13072006	421	0.1	-0.1	0.442538
13072006	422	0.1	-0.1	-3.86081
13072006	423	0.1	-0.1	-4.7655
13072006	424	0.1	-0.1	2.59139
13072006	425	0.1	-0.1	-2.64576
13072006	426	0.1	-0.1	-0.721975
13072006	427	0.1	-0.1	-1.80651
13072006	428	0.1	-0.1	2.84784
13072006	429	0.1	-0.1	-0.167426
13072006	430	0.1	-0.1	-5.67341
13072006	431	0.1	-0.1	-2.04124
13072006	432	0.1	-0.1	-4.70332
13072006	433	0.1	-0.1	-2.66186
13072006	434	0.1	-0.1	3.22533
13072006	435	0.1	-0.1	-1.59689
13072006	436	0.1	-0.1	-4.27322
13072006	437	0.1	-0.1	4.71805
13072006	438	0.1	-0.1	-0.686932
13072006	439	0.1	-0.1	-1.54129
13072006	440	0.1	-0.1	4.19906
13072006	441	0.1	-0.1	4.77859
13072006	442	0.1	-0.1	4.75502
13072006	443	0.1	-0.1	4.41621
13072006	444	0.1	-0.1	-3.89534
13072006	445	0.1	-0.1	4.13815
13072006	446	0.1	-0.1	-0.464772
13072006	447	0.1	-0.1	-1.68918
13072006	448	0.1	-0.1	4.78016
13072006	449	0.1	-0.1	-3.57639
13072006	450	0.1	-0.1	-0.257639
13072006	451	0.1	-0.1	5.60214
13072006	452	0.1	-0.1	1.12475
13072006	453	0.1	-0.1	-5.81692
13072006	454	0.1	-0.1	1.48644
13072006	455	0.1	-0.1	-3.79831
13072006	456	0.1	-0.1	0.49671
13072006	457	0.1	-0.1	2.97236
13072006	458	0.1	-0.1	0.531135
13072006	459	0.1	-0.1	-4.87601
13072006	460	0.1	-0.1	1.15953
13072006	461	0.1	-0.1	1.70063
13072006	462	0.1	-0.1	-0.549734
13072006	463	0.1	-0.1	3.25209
13072006	464	0.1	-0.1	-3.68911
13072006	465	0.1	-0.1	1.12268
13072006	466	0.1	-0.1	-1.52959
13072006	467	0.1	-0.1	1.53296
13072006	468	0.1	-0.1	-2.73323
13072006	469	0.1	-0.1	5.54033
13072006	470	0.1	-0.1	3.98455
13072006	471	0.1	-0.1	-4.67972
13072006	472	0.1	-0.1	5.07135
13072006	473	0.1	-0.1	-1.61434
13072006	474	0.1	-0.1	4.3711
13072006	475	0.1	-0.1	0.957097
13072006	476	0.1	-0.1	4.06857
13072006	477	0.1	-0.1	4.85728
13072006	478	0.1	-0.1	-5.95936
13072006	479	0.1	-0.1	-5.39663
13072006	480	0.1	-0.1	2.15653
13072006	481	0.1	-0.1	4.46877
13072006	482	0.1	-0.1	2.90799
13072006	483	0.1	-0.1	-4.2418
13072006	484	0.1	-0.1	0.525654
13072006	485	0.1	-0.1	-2.79623
13072006	486	0.1	-0.1	0.00734411
13072006	487	0.1	-0.1	4.33727
13072006	488	0.1	-0.1	-5.58453
13072006	489	0.1	-0.1	-5.19059
13072006	490	0.1	-0.1	-0.48508
13072006	491	0.1	-0.1	-5.21114
13072006	492	0.1	-0.1	5.87054
13072006	493	0.1	-0.1	-0.0855287
13072006	494	0.1	-0.1	-1.45444
13072006	495	0.1	-0.1	-3.56317
13072006	496	0.1	-0.1	4.33225
13072006	497	0.1	-0.1	1.44095
13072006	498	0.1	-0.1	-3.96022
13072006	499	0.1	-0.1	1.26065
13072006	500	0.1	-0.1	3.66812
13072006	501	0.1	-0.1	-1.3986
13072006	502	0.1	-0.1	-3.90236
13072006	503	0.1	-0.1	3.1182
13072006	504	0.1	-0.1	-3.70545
13072006	505	0.1	-0.1	0.284381
13072006	506	0.1	-0.1	-0.675394
13072006	507	0.1	-0.1	-0.0719045
13072006	508	0.1	-0.1	-1.34001
13072006	509	0.1	-0.1	1.11349
13072006	510	0.1	-0.1	4.29756
13072006	511	0.1	-0.1	0.090614
13072006	512	0.1	-0.1	-3.41361
13072006	513	0.1	-0.1	3.08649
13072006	514	0.1	-0.1	5.48609
13072006	515	0.1	-0.1	-2.52039
13072006	516	0.1	-0.1	-3.48733
13072006	517	0.1	-0.1	-0.179044
13072006	518	0.1	-0.1	-4.95513
13072006	519	0.1	-0.1	1.38039
13072006	520	0.1	-0.1	2.80998
13072006	521	0.1	-0.1	-2.39693
13072006	522	0.1	-0.1	4.15259
13072006	523	0.1	-0.1	1.37372
13072006	524	0.1	-0.1	5.68646
13072006	525	0.1	-0.1	-0.0955727
13072006	526	0.1	-0.1	5.24598
13072006	527	0.1	-0.1	3.22569
13072006	528	0.1	-0.1	2.99357
13072006	529	0.1	-0.1	5.91925
13072006	530	0.1	-0.1	-5.01157
13072006	531	0.1	-0.1	-3.20526
13072006	532	0.1	-0.1	2.89709
13072006	533	0.1	-0.1	5.69789
13072006	534	0.1	-0.1	2.6915
13072006	535	0.1	-0.1	2.93744
13072006	536	0.1	-0.1	-0.719372
13072006	537	0.1	-0.1	5.71687
13072006	538	0.1	-0.1	4.31682
13072006	539	0.1	-0.1	-5.74079
13072006	540	0.1	-0.1	-0.0925287
13072006	541	0.1	-0.1	4.77341
13072006	542	0.1	-0.1	2.39493
13072006	543	0.1	-0.1	-4.90293
13072006	544	0.1	-0.1	5.77499
13072006	545	0.1	-0.1	1.49672
13072006	546	0.1	-0.1	1.28303
13072006	547	0.1	-0.1	4.44148
13072006	548	0.1	-0.1	-4.51529
13072006	549	0.1	-0.1	1.90746
13072006	550	0.1	-0.1	-5.47493
13072006	551	0.1	-0.1	-1.88955
13072006	552	0.1	-0.1	-2.95871
13072006	553	0.1	-0.1	1.72118
13072006	554	0.1	-0.1	2.99011
13072006	555	0.1	-0.1	0.319863
13072006	556	0.1	-0.1	-4.10074
13072006	557	0.1	-0.1	4.56977
13072006	558	0.1	-0.1	-3.67266
13072006	559	0.1	-0.1	-4.14115
13072006	560	0.1	-0.1	4.38909
13072006	561	0.1	-0.1	2.2833
13072006	562	0.1	-0.1	-0.878491
13072006	563	0.1	-0.1	-4.35643
13072006	564	0.1	-0.1	3.91374
13072006	565	0.1	-0.1	5.39327
13072006	566	0.1	-0.1	-3.59577
13072006	567	0.1	-0.1	1.0039
13072006	568	0.1	-0.1	-3.18733
13072006	569	0.1	-0.1	-0.203892
13072006	570	0.1	-0.1	4.35476
13072006	571	0.1	-0.1	-4.77194
13072006	572	0.1	-0.1	-2.49232
13072006	573	0.1	-0.1	-3.76706
13072006	574	0.1	-0.1	-5.89353
13072006	575	0.1	-0.1	3.93637
13072006	576	0.1	-0.1	2.8303
13072006	577	0.1	-0.1	2.1545
13072006	578	0.1	-0.1	-3.90599
13072006	579	0.1	-0.1	1.60762
13072006	580	0.1	-0.1	-2.98249
13072006	581	0.1	-0.1	5.71147
13072006	582	0.1	-0.1	-1.1288
13072006	583	0.1	-0.1	0.356423
13072006	584	0.1	-0.1	-1.36447
13072006	585	0.1	-0.1	-5.2127
13072006	586	0.1	-0.1	-1.67785
13072006	587	0.1	-0.1	3.51032
13072006	588	0.1	-0.1	0.970077
13072006	589	0.1	-0.1	-5.61457
13072006	590	0.1	-0.1	1.20794
13072006	591	0.1	-0.1	2.09796
13072006	592	0.1	-0.1	2.88782
13072006	593	0.1	-0.1	5.24431
13072006	594	0.1	-0.1	-2.08733
13072006	595	0.1	-0.1	3.38391
13072006	596	0.1	-0.1	1.75128
13072006	597	0.1	-0.1	2.10751
13072006	598	0.1	-0.1	1.48592
13072006	599	0.1	-0.1	-4.06205
13072006	600	0.1	-0.1	-5.30535
13072006	601	0.1	-0.1	-0.464204
13072006	602	0.1	-0.1	1.47055
13072006	603	0.1	-0.1	1.55117
13072006	604	0.1	-0.1	-1.45621
13072006	605	0.1	-0.1	3.06909
13072006	606	0.1	-0.1	-3.02216
13072006	607	0.1	-0.1	0.783587
13072006	608	0.1	-0.1	3.35521
13072006	609	0.1	-0.1	-1.48073
13072006	610	0.1	-0.1	5.63049
13072006	611	0.1	-0.1	3.85415
13072006	612	0.1	-0.1	1.84576
13072006	613	0.1	-0.1	-0.450756
13072006	614	0.1	-0.1	2.11323
13072006	615	0.1	-0.1	-3.76802
13072006	616	0.1	-0.1	5.90911
13072006	617	0.1	-0.1	-2.65951
13072006	618	0.1	-0.1	-2.22529
13072006	619	0.1	-0.1	4.98268
13072006	620	0.1	-0.1	4.71237
13072006	621	0.1	-0.1	5.82827
13072006	622	0.1	-0.1	-5.88531
13072006	623	0.1	-0.1	-2.35826
13072006	624	0.1	-0.1	5.40966
13072006	625	0.1	-0.1	-3.12908
13072006	626	0.1	-0.1	3.83746
13072006	627	0.1	-0.1	1.28525
13072006	628	0.1	-0.1	-5.05464
13072006	629	0.1	-0.1	-2.43931
13072006	630	0.1	-0.1	3.95579
13072006	631	0.1	-0.1	-0.941617
13072006	632	0.1	-0.1	0.0830032
13072006	633	0.1	-0.1	-5.91025
13072006	634	0.1	-0.1	3.42452
13072006	635	0.1	-0.1	-0.307275
13072006	636	0.1	-0.1	-5.24765
13072006	637	0.1	-0.1	-0.56849
13072006	638	0.1	-0.1	2.13677
13072006	639	0.1	-0.1	-0.01197
13072006	640	0.1	-0.1	2.62753
13072006	641	0.1	-0.1	3.61772
13072006	642	0.1	-0.1	-5.67979
13072006	643	0.1	-0.1	0.168198
13072006	644	0.1	-0.1	3.35025
13072006	645	0.1	-0.1	0.807706
13072006	646	0.1	-0.1	3.7121
13072006	647	0.1	-0.1	3.77578
13072006	648	0.1	-0.1	-3.66
13072006	649	0.1	-0.1	-1.33914
13072006	650	0.1	-0.1	1.4139
13072006	651	0.1	-0.1	-2.74982
13072006	652	0.1	-0.1	-4.73227
13072006	653	0.1	-0.1	4.11599
13072006	654	0.1	-0.1	1.78515
13072006	655	0.1	-0.1	3.0086
13072006	656	0.1	-0.1	5.73247
13072006	657	0.1	-0.1	1.89102
13072006	658	0.1	-0.1	-2.50021
13072006	659	0.1	-0.1	-2.71843
13072006	660	0.1	-0.1	4.73609
13072006	661	0.1	-0.1	1.5814
13072006	662	0.1	-0.1	-4.79901
13072006	663	0.1	-0.1	4.35435
13072006	664	0.1	-0.1	5.33501
13072006	665	0.1	-0.1	-4.30761
13072006	666	0.1	-0.1	4.00313
13072006	667	0.1	-0.1	-0.476536
13072006	668	0.1	-0.1	-3.47287
13072006	669	0.1	-0.1	0.187758
13072006	670	0.1	-0.1	-2.78082
13072006	671	0.1	-0.1	-0.0559961
13072006	672	0.1	-0.1	-2.12026
13072006	673	0.1	-0.1	-0.645757
13072006	674	0.1	-0.1	-4.80615
13072006	675	0.1	-0.1	3.80769
13072006	676	0.1	-0.1	2.17564
13072006	677	0.1	-0.1	-5.57843
13072006	678	0.1	-0.1	-1.75296
13072006	679	0.1	-0.1	-2.55263
13072006	680	0.1	-0.1	-4.5874
13072006	681	0.1	-0.1	2.14168
13072006	682	0.1	-0.1	-1.99369
13072006	683	0.1	-0.1	-0.344516
13072006	684	0.1	-0.1	3.64217
13072006	685	0.1	-0.1	0.129174
13072006	686	0.1	-0.1	-3.40821
13072006	687	0.1	-0.1	3.61045
13072006	688	0.1	-0.1	0.701358
13072006	689	0.1	-0.1	-0.561537
13072006	690	0.1	-0.1	5.24052
13072006	691	0.1	-0.1	-2.78278
13072006	692	0.1	-0.1	5.47301
13072006	693	0.1	-0.1	1.30419
13072006	694	0.1	-0.1	-4.35743
13072006	695	0.1	-0.1	-3.11456
13072006	696	0.1	-0.1	0.327614
13072006	697	0.1	-0.1	-5.73171
13072006	698	0.1	-0.1	-4.28265
13072006	699	0.1	-0.1	4.75956
13072006	700	0.1	-0.1	4.22634
13072006	701	0.1	-0.1	-3.24732
13072006	702	0.1	-0.1	0.977248
13072006	703	0.1	-0.1	-0.248127
13072006	704	0.1	-0.1	-0.0982206
13072006	705	0.1	-0.1	0.814061
13072006	706	0.1	-0.1	5.7869
13072006	707	0.1	-0.1	-4.29301
13072006	708	0.1	-0.1	-2.836
13072006	709	0.1	-0.1	-3.31072
13072006	710	0.1	-0.1	-2.49871
13072006	711	0.1	-0.1	0.681526
13072006	712	0.1	-0.1	-4.36772
13072006	713	0.1	-0.1	4.08172
13072006	714	0.1	-0.1	5.73901
13072006	715	0.1	-0.1	-4.90697
13072006	716	0.1	-0.1	4.46618
13072006	717	0.1	-0.1	-0.977477
13072006	718	0.1	-0.1	-0.0634746
13072006	719	0.1	-0.1	-4.28971
13072006	720	0.1	-0.1	4.74638
13072006	721	0.1	-0.1	2.05496
13072006	722	0.1	-0.1	-3.91305
13072006	723	0.1	-0.1	0.700731
13072006	724	0.1	-0.1	3.51533
13072006	725	0.1	-0.1	4.87801
13072006	726	0.1	-0.1	-4.4394
13072006	727	0.1	-0.1	0.835261
13072006	728	0.1	-0.1	-4.25885
13072006	729	0.1	-0.1	-5.04509
13072006	730	0.1	-0.1	2.31008
13072006	731	0.1	-0.1	0.907541
13072006	732	0.1	-0.1	-2.26459
13072006	733	0.1	-0.1	0.586923
13072006	734	0.1	-0.1	-4.97302
13072006	735	0.1	-0.1	0.546546
13072006	736	0.1	-0.1	-1.44079
13072006	737	0.1	-0.1	0.719691
13072006	738	0.1	-0.1	2.11551
13072006	739	0.1	-0.1	-0.437712
13072006	740	0.1	-0.1	-4.93348
13072006	741	0.1	-0.1	0.384005
13072006	742	0.1	-0.1	5.43509
13072006	743	0.1	-0.1	2.78515
13072006	744	0.1	-0.1	-1.45821
13072006	745	0.1	-0.1	-0.243845
13072006	746	0.1	-0.1	4.77543
13072006	747	0.1	-0.1	0.889555
13072006	748	0.1	-0.1	-4.50763
13072006	749	0.1	-0.1	4.5954
13072006	750	0.1	-0.1	4.6299
13072006	751	0.1	-0.1	4.49625
13072006	752	0.1	-0.1	-3.61098
13072006	753	0.1	-0.1	5.594
13072006	754	0.1	-0.1	-3.09375
13072006	755	0.1	-0.1	0.906836
13072006	756	0.1	-0.1	5.07436
13072006	757	0.1	-0.1	0.61604
13072006	758	0.1	-0.1	-3.42414
13072006	759	0.1	-0.1	-4.31155
13072006	760	0.1	-0.1	-0.106464
13072006	761	0.1	-0.1	-4.75631
13072006	762	0.1	-0.1	0.479013
13072006	763	0.1	-0.1	2.08715
13072006	764	0.1	-0.1	4.61165
13072006	765	0.1	-0.1	0.0444215
13072006	766	0.1	-0.1	0.702938
13072006	767	0.1	-0.1	4.73683
13072006	768	0.1	-0.1	-4.72197
13072006	769	0.1	-0.1	5.54807
13072006	770	0.1	-0.1	3.70717
13072006	771	0.1	-0.1	2.89365
13072006	772	0.1	-0.1	5.62457
13072006	773	0.1	-0.1	-0.733943
13072006	774	0.1	-0.1	1.26301
13072006	775	0.1	-0.1	4.44076
13072006	776	0.1	-0.1	-4.36048
13072006	777	0.1	-0.1	1.28612
13072006	778	0.1	-0.1	4.3898
13072006	779	0.1	-0.1	-0.101539
13072006	780	0.1	-0.1	0.90767
13072006	781	0.1	-0.1	0.361212
13072006	782	0.1	-0.1	-5.3588
13072006	783	0.1	-0.1	0.943198
13072006	784	0.1	-0.1	3.35435
13072006	785	0.1	-0.1	-4.12304
13072006	786	0.1	-0.1	5.20101
13072006	787	0.1	-0.1	3.62791
13072006	788	0.1	-0.1	3.38074
13072006	789	0.1	-0.1	3.08978
13072006	790	0.1	-0.1	2.66016
13072006	791	0.1	-0.1	5.51
13072006	792	0.1	-0.1	-5.05017
13072006	793	0.1	-0.1	3.65222
13072006	794	0.1	-0.1	1.82426
13072006	795	0.1	-0.1	3.08849
13072006	796	0.1	-0.1	2.85702
13072006	797	0.1	-0.1	-2.02776
13072006	798	0.1	-0.1	2.92335
13072006	799	0.1	-0.1	-0.43021
13072006	800	0.1	-0.1	-2.50303
13072006	801	0.1	-0.1	-3.0272
13072006	802	0.1	-0.1	3.41319
13072006	803	0.1	-0.1	5.70178
13072006	804	0.1	-0.1	4.36422
13072006	805	0.1	-0.1	-4.4093
13072006	806	0.1	-0.1	0.385159
13072006	807	0.1	-0.1	2.44472
13072006	808	0.1	-0.1	4.91367
13072006	809	0.1	-0.1	-2.74807
13072006	810	0.1	-0.1	-2.2828
13072006	811	0.1	-0.1	0.577641
13072006	812	0.1	-0.1	1.72844
13072006	813	0.1	-0.1	5.7109
13072006	814	0.1	-0.1	-5.59897
13072006	815	0.1	-0.1	-4.13352
13072006	816	0.1	-0.1	-4.77071
13072006	817	0.1	-0.1	1.77377
13072006	818	0.1	-0.1	-5.43776
13072006	819	0.1	-0.1	-2.26065
13072006	820	0.1	-0.1	0.00569794
13072006	821	0.1	-0.1	1.19663
13072006	822	0.1	-0.1	-5.92717
13072006	823	0.1	-0.1	3.3027
13072006	824	0.1	-0.1	-1.97066
13072006	825	0.1	-0.1	-2.29444
13072006	826	0.1	-0.1	-5.16862
13072006	827	0.1	-0.1	5.21021
13072006	828	0.1	-0.1	0.617587
13072006	829	0.1	-0.1	4.01223
13072006	830	0.1	-0.1	0.470461
13072006	831	0.1	-0.1	5.56618
13072006	832	0.1	-0.1	-5.64701
13072006	833	0.1	-0.1	-0.179115
13072006	834	0.1	-0.1	3.10306
13072006	835	0.1	-0.1	-5.78389
13072006	836	0.1	-0.1	-0.793903
13072006	837	0.1	-0.1	-0.536745
13072006	838	0.1	-0.1	1.53251
13072006	839	0.1	-0.1	-0.729249
13072006	840	0.1	-0.1	4.49377
13072006	841	0.1	-0.1	4.6861
13072006	842	0.1	-0.1	-2.49315
13072006	843	0.1	-0.1	1.01267
13072006	844	0.1	-0.1	1.40741
13072006	845	0.1	-0.1	4.50417
13072006	846	0.1	-0.1	-2.97188
13072006	847	0.1	-0.1	4.41837
13072006	848	0.1	-0.1	2.56436
13072006	849	0.1	-0.1	0.63608
13072006	850	0.1	-0.1	3.21214
13072006	851	0.1	-0.1	1.25875
13072006	852	0.1	-0.1	-0.108236
13072006	853	0.1	-0.1	-0.820494
13072006	854	0.1	-0.1	-3.37335
13072006	855	0.1	-0.1	3.14555
13072006	856	0.1	-0.1	-0.446646
13072006	857	0.1	-0.1	-5.70364
13072006	858	0.1	-0.1	-4.32904
13072006	859	0.1	-0.1	-1.62123
13072006	860	0.1	-0.1	1.22198
13072006	861	0.1	-0.1	-1.78779
13072006	862	0.1	-0.1	-1.60638
13072006	863	0.1	-0.1	-4.02943
13072006	864	0.1	-0.1	-4.63919
13072006	865	0.1	-0.1	3.34241
13072006	866	0.1	-0.1	1.07625
13072006	867	0.1	-0.1	-4.23541
13072006	868	0.1	-0.1	-0.665234
13072006	869	0.1	-0.1	4.39744
13072006	870	0.1	-0.1	4.57748
13072006	871	0.1	-0.1	-0.291942
13072006	872	0.1	-0.1	0.986414
13072006	873	0.1	-0.1	1.51554
13072006	874	0.1	-0.1	-0.283321
13072006	875	0.1	-0.1	-2.23527
13072006	876	0.1	-0.1	-3.02342
13072006	877	0.1	-0.1	-5.37535
13072006	878	0.1	-0.1	-4.18812
13072006	879	0.1	-0.1	-4.5217
13072006	880	0.1	-0.1	1.95237
13072006	881	0.1	-0.1	4.97378
13072006	882	0.1	-0.1	3.27282
13072006	883	0.1	-0.1	5.29903
13072006	884	0.1	-0.1	-4.0226
13072006	885	0.1	-0.1	4.49978
13072006	886	0.1	-0.1	0.572559
13072006	887	0.1	-0.1	-5.73831
13072006	888	0.1	-0.1	0.474655
13072006	889	0.1	-0.1	-1.65653
13072006	890	0.1	-0.1	-0.508236
13072006	891	0.1	-0.1	-2.23791
13072006	892	0.1	-0.1	0.298956
13072006	893	0.1	-0.1	-5.78019
13072006	894	0.1	-0.1	2.23411
13072006	895	0.1	-0.1	-1.73616
13072006	896	0.1	-0.1	4.05388
13072006	897	0.1	-0.1	5.38021
13072006	898	0.1	-0.1	2.49798
13072006	899	0.1	-0.1	0.437472
13072006	900	0.1	-0.1	4.44199
13072006	901	0.1	-0.1	2.46597
13072006	902	0.1	-0.1	-2.44547
13072006	903	0.1	-0.1	-0.550288
13072006	904	0.1	-0.1	3.52887
13072006	905	0.1	-0.1	-5.91835
13072006	906	0.1	-0.1	-3.72312
13072006	907	0.1	-0.1	2.23822
13072006	908	0.1	-0.1	0.399191
13072006	909	0.1	-0.1	-2.68334
13072006	910	0.1	-0.1	-3.35931
13072006	911	0.1	-0.1	3.96096
13072006	912	0.1	-0.1	2.2359
13072006	913	0.1	-0.1	-1.90821
13072006	914	0.1	-0.1	-2.88455
13072006	915	0.1	-0.1	-0.756015
13072006	916	0.1	-0.1	5.98752
13072006	917	0.1	-0.1	-2.98668
13072006	918	0.1	-0.1	5.50778
13072006	919	0.1	-0.1	2.66423
13072006	920	0.1	-0.1	0.601672
13072006	921	0.1	-0.1	-5.28802
13072006	922	0.1	-0.1	5.91014
13072006	923	0.1	-0.1	-3.40255
13072006	924	0.1	-0.1	3.37484
13072006	925	0.1	-0.1	-3.8322
13072006	926	0.1	-0.1	-3.16964
13072006	927	0.1	-0.1	5.84011
13072006	928	0.1	-0.1	-0.405603
13072006	929	0.1	-0.1	-5.49464
13072006	930	0.1	-0.1	5.5824
13072006	931	0.1	-0.1	3.25726
13072006	932	0.1	-0.1	1.39821
13072006	933	0.1	-0.1	-3.83236
13072006	934	0.1	-0.1	1.7407
13072006	935	0.1	-0.1	0.609665
13072006	936	0.1	-0.1	-1.69788
13072006	937	0.1	-0.1	0.810189
13072006	938	0.1	-0.1	-2.45056
13072006	939	0.1	-0.1	0.520936
13072006	940	0.1	-0.1	-4.59001
13072006	941	0.1	-0.1	-5.62887
13072006	942	0.1	-0.1	3.67337
13072006	943	0.1	-0.1	-3.06837
13072006	944	0.1	-0.1	-3.78707
13072006	945	0.1	-0.1	-5.49472
13072006	946	0.1	-0.1	3.83242
13072006	947	0.1	-0.1	-5.76855
13072006	948	0.1	-0.1	2.38473
13072006	949	0.1	-0.1	-1.16092
13072006	950	0.1	-0.1	0.851461
13072006	951	0.1	-0.1	5.65023
13072006	952	0.1	-0.1	-0.0417694
13072006	953	0.1	-0.1	2.25485
13072006	954	0.1	-0.1	3.08109
13072006	955	0.1	-0.1	0.0884321
13072006	956	0.1	-0.1	1.9537
13072006	957	0.1	-0.1	-2.00249
13072006	958	0.1	-0.1	5.55058
13072006	959	0.1	-0.1	2.67866
13072006	960	0.1	-0.1	-5.7844
13072006	961	0.1	-0.1	3.50796
13072006	962	0.1	-0.1	-1.48433
13072006	963	0.1	-0.1	-4.26793
13072006	964	0.1	-0.1	-1.78241
13072006	965	0.1	-0.1	1.69272
13072006	966	0.1	-0.1	3.57949
13072006	967	0.1	-0.1	-4.93623
13072006	968	0.1	-0.1	-2.47811
13072006	969	0.1	-0.1	-3.04984
13072006	970	0.1	-0.1	2.28291
13072006	971	0.1	-0.1	0.133766
13072006	972	0.1	-0.1	3.68694
13072006	973	0.1	-0.1	0.207951
13072006	974	0.1	-0.1	-4.65675
13072006	975	0.1	-0.1	-1.24761
13072006	976	0.1	-0.1	-4.62931
13072006	977	0.1	-0.1	-3.48818
13072006	978	0.1	-0.1	5.84915
13072006	979	0.1	-0.1	0.44002
13072006	980	0.1	-0.1	-4.22991
13072006	981	0.1	-0.1	1.71132
13072006	982	0.1	-0.1	-0.0905783
13072006	983	0.1	-0.1	4.77683
13072006	984	0.1	-0.1	3.64653
13072006	985	0.1	-0.1	-3.30715
13072006	986	0.1	-0.1	-5.96594
13072006	987	0.1	-0.1	-1.19223
13072006	988	0.1	-0.1	3.00145
13072006	989	0.1	-0.1	0.520472
13072006	990	0.1	-0.1	-0.161447
13072006	991	0.1	-0.1	2.25968
13072006	992	0.1	-0.1	-3.95147
13072006	993	0.1	-0.1	1.04115
13072006	994	0.1	-0.1	1.8088
13072006	995	0.1	-0.1	5.94757
13072006	996	0.1	-0.1	2.956
13072006	997	0.1	-0.1	1.83449
13072006	998	0.1	-0.1	-3.1378
13072006	999	0.1	-0.1	-0.1849
13072006	1000	0.1	-0.1	5.66393
