13072009	1	0.1	-0.1	-2.58319
13072009	2	0.1	-0.1	-2.48897
13072009	3	0.1	-0.1	-2.9164
13072009	4	0.1	-0.1	3.22011
13072009	5	0.1	-0.1	3.28464
13072009	6	0.1	-0.1	-0.390154
13072009	7	0.1	-0.1	3.93191
13072009	8	0.1	-0.1	-4.98642
13072009	9	0.1	-0.1	0.0680154
13072009	10	0.1	-0.1	2.78081
13072009	11	0.1	-0.1	-2.75778
13072009	12	0.1	-0.1	0.960575
13072009	13	0.1	-0.1	-2.52128
13072009	14	0.1	-0.1	-3.07437
13072009	15	0.1	-0.1	-4.65744
13072009	16	0.1	-0.1	0.183375
13072009	17	0.1	-0.1	-0.0129041
13072009	18	0.1	-0.1	1.78942
13072009	19	0.1	-0.1	-3.87797
13072009	20	0.1	-0.1	-2.3392
13072009	21	0.1	-0.1	-0.133585
13072009	22	0.1	-0.1	-1.63728
13072009	23	0.1	-0.1	-2.22654
13072009	24	0.1	-0.1	2.18031
13072009	25	0.1	-0.1	-4.39892
13072009	26	0.1	-0.1	3.95719
13072009	27	0.1	-0.1	-3.55048
13072009	28	0.1	-0.1	-3.93937
13072009	29	0.1	-0.1	-5.29646
13072009	30	0.1	-0.1	-1.15093
13072009	31	0.1	-0.1	-0.0655833
13072009	32	0.1	-0.1	-0.418305
13072009	33	0.1	-0.1	-5.31722
13072009	34	0.1	-0.1	-3.43973
13072009	35	0.1	-0.1	-0.592329
13072009	36	0.1	-0.1	5.41816
13072009	37	0.1	-0.1	-1.12091
13072009	38	0.1	-0.1	-4.57847
13072009	39	0.1	-0.1	-0.581585
13072009	40	0.1	-0.1	3.04611
13072009	41	0.1	-0.1	-4.56853
13072009	42	0.1	-0.1	0.418367
13072009	43	0.1	-0.1	2.40423
13072009	44	0.1	-0.1	-2.41167
13072009	45	0.1	-0.1	-3.93294
13072009	46	0.1	-0.1	0.71888
13072009	47	0.1	-0.1	-2.72078
13072009	48	0.1	-0.1	-3.80778
13072009	49	0.1	-0.1	2.96322
13072009	50	0.1	-0.1	-4.17088
13072009	51	0.1	-0.1	-3.60208
13072009	52	0.1	-0.1	-0.828989
13072009	53	0.1	-0.1	-1.77032
13072009	54	0.1	-0.1	4.25695
13072009	55	0.1	-0.1	-5.7562
13072009	56	0.1	-0.1	-5.94618
13072009	57	0.1	-0.1	4.27043
13072009	58	0.1	-0.1	3.1459
13072009	59	0.1	-0.1	-4.77227
13072009	60	0.1	-0.1	-1.34234
13072009	61	0.1	-0.1	5.82554
13072009	62	0.1	-0.1	-1.19242
13072009	63	0.1	-0.1	-4.81911
13072009	64	0.1	-0.1	1.198
13072009	65	0.1	-0.1	0.576729
13072009	66	0.1	-0.1	0.517297
13072009	67	0.1	-0.1	2.91818
13072009	68	0.1	-0.1	3.46795
13072009	69	0.1	-0.1	2.81019
13072009	70	0.1	-0.1	-0.727466
13072009	71	0.1	-0.1	-3.93749
13072009	72	0.1	-0.1	-4.77954
13072009	73	0.1	-0.1	1.6909
13072009	74	0.1	-0.1	3.77519
13072009	75	0.1	-0.1	-5.53498
13072009	76	0.1	-0.1	-5.98543
13072009	77	0.1	-0.1	5.70209
13072009	78	0.1	-0.1	0.798613
13072009	79	0.1	-0.1	-3.07777
13072009	80	0.1	-0.1	-4.07537
13072009	81	0.1	-0.1	5.90039
13072009	82	0.1	-0.1	4.64017
13072009	83	0.1	-0.1	-4.37429
13072009	84	0.1	-0.1	-2.46445
13072009	85	0.1	-0.1	4.39743
13072009	86	0.1	-0.1	5.92748
13072009	87	0.1	-0.1	1.21138
13072009	88	0.1	-0.1	-0.649102
13072009	89	0.1	-0.1	-3.11448
13072009	90	0.1	-0.1	-0.107091
13072009	91	0.1	-0.1	0.419343
13072009	92	0.1	-0.1	0.069253
13072009	93	0.1	-0.1	-1.27634
13072009	94	0.1	-0.1	3.47072
13072009	95	0.1	-0.1	2.62679
13072009	96	0.1	-0.1	1.0271
13072009	97	0.1	-0.1	3.42557
13072009	98	0.1	-0.1	-1.91189
13072009	99	0.1	-0.1	-4.35486
13072009	100	0.1	-0.1	-5.0532
13072009	101	0.1	-0.1	-5.95399
13072009	102	0.1	-0.1	3.81521
13072009	103	0.1	-0.1	2.04085
13072009	104	0.1	-0.1	3.80617
13072009	105	0.1	-0.1	-2.09121
13072009	106	0.1	-0.1	0.562068
13072009	107	0.1	-0.1	-4.25536
13072009	108	0.1	-0.1	-3.67003
13072009	109	0.1	-0.1	-2.91867
13072009	110	0.1	-0.1	3.84313
13072009	111	0.1	-0.1	2.25932
13072009	112	0.1	-0.1	3.77614
13072009	113	0.1	-0.1	-4.89944
13072009	114	0.1	-0.1	5.45352
13072009	115	0.1	-0.1	-3.43794
13072009	116	0.1	-0.1	5.41435
13072009	117	0.1	-0.1	-0.199351
13072009	118	0.1	-0.1	1.20768
13072009	119	0.1	-0.1	-2.60287
13072009	120	0.1	-0.1	3.98261
13072009	121	0.1	-0.1	5.6326
13072009	122	0.1	-0.1	5.08465
13072009	123	0.1	-0.1	-5.29879
13072009	124	0.1	-0.1	4.6816
13072009	125	0.1	-0.1	-2.83893
13072009	126	0.1	-0.1	1.26722
13072009	127	0.1	-0.1	0.969351
13072009	128	0.1	-0.1	5.23849
13072009	129	0.1	-0.1	-0.707019
13072009	130	0.1	-0.1	-5.12217
13072009	131	0.1	-0.1	-4.60441
13072009	132	0.1	-0.1	-0.445343
13072009	133	0.1	-0.1	4.33622
13072009	134	0.1	-0.1	-5.83289
13072009	135	0.1	-0.1	-4.22867
13072009	136	0.1	-0.1	2.23069
13072009	137	0.1	-0.1	-0.398957
13072009	138	0.1	-0.1	4.98309
13072009	139	0.1	-0.1	3.77925
13072009	140	0.1	-0.1	0.280814
13072009	141	0.1	-0.1	2.55162
13072009	142	0.1	-0.1	-0.47588
13072009	143	0.1	-0.1	2.07539
13072009	144	0.1	-0.1	3.37293
13072009	145	0.1	-0.1	-0.6398
13072009	146	0.1	-0.1	-2.79031
13072009	147	0.1	-0.1	0.817302
13072009	148	0.1	-0.1	4.95822
13072009	149	0.1	-0.1	4.43077
13072009	150	0.1	-0.1	-5.99452
13072009	151	0.1	-0.1	-2.9485
13072009	152	0.1	-0.1	4.61716
13072009	153	0.1	-0.1	3.73352
13072009	154	0.1	-0.1	-1.77545
13072009	155	0.1	-0.1	3.50546
13072009	156	0.1	-0.1	0.673513
13072009	157	0.1	-0.1	-3.847
13072009	158	0.1	-0.1	-3.997
13072009	159	0.1	-0.1	-2.52728
13072009	160	0.1	-0.1	2.74143
13072009	161	0.1	-0.1	2.44284
13072009	162	0.1	-0.1	0.065758
13072009	163	0.1	-0.1	5.74113
13072009	164	0.1	-0.1	0.378129
13072009	165	0.1	-0.1	2.85135
13072009	166	0.1	-0.1	2.12577
13072009	167	0.1	-0.1	-1.37477
13072009	168	0.1	-0.1	-4.72865
13072009	169	0.1	-0.1	-4.85598
13072009	170	0.1	-0.1	-3.81859
13072009	171	0.1	-0.1	1.85812
13072009	172	0.1	-0.1	0.341335
13072009	173	0.1	-0.1	4.04166
13072009	174	0.1	-0.1	-0.0496186
13072009	175	0.1	-0.1	5.96934
13072009	176	0.1	-0.1	-5.5205
13072009	177	0.1	-0.1	0.899427
13072009	178	0.1	-0.1	0.899176
13072009	179	0.1	-0.1	1.46386
13072009	180	0.1	-0.1	0.710748
13072009	181	0.1	-0.1	-0.705623
13072009	182	0.1	-0.1	4.01051
13072009	183	0.1	-0.1	-3.05477
13072009	184	0.1	-0.1	0.19115
13072009	185	0.1	-0.1	2.64214
13072009	186	0.1	-0.1	2.43278
13072009	187	0.1	-0.1	4.37518
13072009	188	0.1	-0.1	3.53762
13072009	189	0.1	-0.1	-2.05614
13072009	190	0.1	-0.1	5.89234
13072009	191	0.1	-0.1	-1.69061
13072009	192	0.1	-0.1	0.577138
13072009	193	0.1	-0.1	1.73686
13072009	194	0.1	-0.1	-4.6696
13072009	195	0.1	-0.1	5.00245
13072009	196	0.1	-0.1	-0.110719
13072009	197	0.1	-0.1	-1.08739
13072009	198	0.1	-0.1	4.72082
13072009	199	0.1	-0.1	-0.469708
13072009	200	0.1	-0.1	4.63226
13072009	201	0.1	-0.1	-1.53637
13072009	202	0.1	-0.1	5.75854
13072009	203	0.1	-0.1	3.16917
13072009	204	0.1	-0.1	4.0931
13072009	205	0.1	-0.1	-4.19478
13072009	206	0.1	-0.1	1.20999
13072009	207	0.1	-0.1	-3.50099
13072009	208	0.1	-0.1	3.01625
13072009	209	0.1	-0.1	4.3301
13072009	210	0.1	-0.1	-3.05678
13072009	211	0.1	-0.1	-2.98144
13072009	212	0.1	-0.1	5.91945
13072009	213	0.1	-0.1	1.97641
13072009	214	0.1	-0.1	4.50473
13072009	215	0.1	-0.1	3.47114
13072009	216	0.1	-0.1	-2.4247
13072009	217	0.1	-0.1	0.732045
13072009	218	0.1	-0.1	-1.15263
13072009	219	0.1	-0.1	4.3971
13072009	220	0.1	-0.1	-3.96333
13072009	221	0.1	-0.1	5.59303
13072009	222	0.1	-0.1	-5.66309
13072009	223	0.1	-0.1	5.40711
13072009	224	0.1	-0.1	-1.20798
13072009	225	0.1	-0.1	2.54474
13072009	226	0.1	-0.1	-2.00223
13072009	227	0.1	-0.1	-3.27433
13072009	228	0.1	-0.1	-5.14605
13072009	229	0.1	-0.1	-1.69095
13072009	230	0.1	-0.1	0.543137
13072009	231	0.1	-0.1	-0.767629
13072009	232	0.1	-0.1	-1.35761
13072009	233	0.1	-0.1	-1.52676
13072009	234	0.1	-0.1	1.21022
13072009	235	0.1	-0.1	-1.91118
13072009	236	0.1	-0.1	2.72032
13072009	237	0.1	-0.1	4.00823
13072009	238	0.1	-0.1	5.10094
13072009	239	0.1	-0.1	-4.13621
13072009	240	0.1	-0.1	3.28607
13072009	241	0.1	-0.1	2.87837
13072009	242	0.1	-0.1	2.28605
13072009	243	0.1	-0.1	2.34297
13072009	244	0.1	-0.1	0.00343239
13072009	245	0.1	-0.1	-1.98154
13072009	246	0.1	-0.1	1.84755
13072009	247	0.1	-0.1	-2.47825
13072009	248	0.1	-0.1	1.92975
13072009	249	0.1	-0.1	5.20976
13072009	250	0.1	-0.1	1.42547
13072009	251	0.1	-0.1	2.36903
13072009	252	0.1	-0.1	4.74053
13072009	253	0.1	-0.1	-5.24934
13072009	254	0.1	-0.1	-4.43483
13072009	255	0.1	-0.1	3.90738
13072009	256	0.1	-0.1	3.23303
13072009	257	0.1	-0.1	0.984227
13072009	258	0.1	-0.1	5.62319
13072009	259	0.1	-0.1	-2.41756
13072009	260	0.1	-0.1	-2.91899
13072009	261	0.1	-0.1	-0.492751
13072009	262	0.1	-0.1	1.61483
13072009	263	0.1	-0.1	-1.21337
13072009	264	0.1	-0.1	3.24921
13072009	265	0.1	-0.1	0.615612
13072009	266	0.1	-0.1	-1.59583
13072009	267	0.1	-0.1	5.12339
13072009	268	0.1	-0.1	1.80478
13072009	269	0.1	-0.1	0.874653
13072009	270	0.1	-0.1	-0.186525
13072009	271	0.1	-0.1	2.04023
13072009	272	0.1	-0.1	5.21846
13072009	273	0.1	-0.1	2.08435
13072009	274	0.1	-0.1	1.45734
13072009	275	0.1	-0.1	0.797685
13072009	276	0.1	-0.1	-4.75491
13072009	277	0.1	-0.1	1.69413
13072009	278	0.1	-0.1	-1.84269
13072009	279	0.1	-0.1	-2.38527
13072009	280	0.1	-0.1	-5.99919
13072009	281	0.1	-0.1	-2.48052
13072009	282	0.1	-0.1	3.56567
13072009	283	0.1	-0.1	-0.9096
13072009	284	0.1	-0.1	-0.331537
13072009	285	0.1	-0.1	4.26554
13072009	286	0.1	-0.1	-0.107311
13072009	287	0.1	-0.1	-5.48327
13072009	288	0.1	-0.1	0.825185
13072009	289	0.1	-0.1	3.87876
13072009	290	0.1	-0.1	4.11562
13072009	291	0.1	-0.1	-3.01459
13072009	292	0.1	-0.1	2.17962
13072009	293	0.1	-0.1	1.26303
13072009	294	0.1	-0.1	-1.88785
13072009	295	0.1	-0.1	-4.17412
13072009	296	0.1	-0.1	2.10376
13072009	297	0.1	-0.1	3.46671
13072009	298	0.1	-0.1	5.54883
13072009	299	0.1	-0.1	5.51954
13072009	300	0.1	-0.1	-0.180185
13072009	301	0.1	-0.1	0.219601
13072009	302	0.1	-0.1	3.63916
13072009	303	0.1	-0.1	-0.719257
13072009	304	0.1	-0.1	2.04806
13072009	305	0.1	-0.1	-1.2559
13072009	306	0.1	-0.1	2.95936
13072009	307	0.1	-0.1	3.26359
13072009	308	0.1	-0.1	1.83159
13072009	309	0.1	-0.1	-1.92396
13072009	310	0.1	-0.1	5.70728
13072009	311	0.1	-0.1	5.29839
13072009	312	0.1	-0.1	0.0282959
13072009	313	0.1	-0.1	5.64033
13072009	314	0.1	-0.1	2.60499
13072009	315	0.1	-0.1	-2.40205
13072009	316	0.1	-0.1	4.05577
13072009	317	0.1	-0.1	-1.83901
13072009	318	0.1	-0.1	3.15392
13072009	319	0.1	-0.1	4.69591
13072009	320	0.1	-0.1	-1.35656
13072009	321	0.1	-0.1	3.71403
13072009	322	0.1	-0.1	-3.20315
13072009	323	0.1	-0.1	1.97583
13072009	324	0.1	-0.1	-4.21522
13072009	325	0.1	-0.1	-5.22653
13072009	326	0.1	-0.1	-4.73966
13072009	327	0.1	-0.1	-4.1169
13072009	328	0.1	-0.1	1.95582
13072009	329	0.1	-0.1	1.86868
13072009	330	0.1	-0.1	1.489
13072009	331	0.1	-0.1	5.81183
13072009	332	0.1	-0.1	2.48531
13072009	333	0.1	-0.1	4.2758
13072009	334	0.1	-0.1	-2.02673
13072009	335	0.1	-0.1	3.69798
13072009	336	0.1	-0.1	-2.73531
13072009	337	0.1	-0.1	4.76754
13072009	338	0.1	-0.1	-3.82149
13072009	339	0.1	-0.1	1.40932
13072009	340	0.1	-0.1	2.29888
13072009	341	0.1	-0.1	4.49181
13072009	342	0.1	-0.1	0.448482
13072009	343	0.1	-0.1	1.45107
13072009	344	0.1	-0.1	4.87445
13072009	345	0.1	-0.1	1.3241
13072009	346	0.1	-0.1	3.55862
13072009	347	0.1	-0.1	-3.76091
13072009	348	0.1	-0.1	-5.41201
13072009	349	0.1	-0.1	2.31464
13072009	350	0.1	-0.1	4.40694
13072009	351	0.1	-0.1	-4.99848
13072009	352	0.1	-0.1	-0.949551
13072009	353	0.1	-0.1	2.90274
13072009	354	0.1	-0.1	-4.4769
13072009	355	0.1	-0.1	-4.35258
13072009	356	0.1	-0.1	3.41695
13072009	357	0.1	-0.1	-3.79808
13072009	358	0.1	-0.1	-0.254667
13072009	359	0.1	-0.1	4.61921
13072009	360	0.1	-0.1	-3.02158
13072009	361	0.1	-0.1	-4.64251
13072009	362	0.1	-0.1	1.72362
13072009	363	0.1	-0.1	4.95642
13072009	364	0.1	-0.1	-2.91656
13072009	365	0.1	-0.1	-2.23251
13072009	366	0.1	-0.1	5.23979
13072009	367	0.1	-0.1	-3.05103
13072009	368	0.1	-0.1	4.84883
13072009	369	0.1	-0.1	-0.833452
13072009	370	0.1	-0.1	-2.62437
13072009	371	0.1	-0.1	5.13907
13072009	372	0.1	-0.1	-3.25811
13072009	373	0.1	-0.1	-2.97859
13072009	374	0.1	-0.1	1.63411
13072009	375	0.1	-0.1	0.0712345
13072009	376	0.1	-0.1	-3.05479
13072009	377	0.1	-0.1	4.21205
13072009	378	0.1	-0.1	5.68033
13072009	379	0.1	-0.1	-4.69177
13072009	380	0.1	-0.1	4.02731
13072009	381	0.1	-0.1	2.99462
13072009	382	0.1	-0.1	3.22274
13072009	383	0.1	-0.1	5.21488
13072009	384	0.1	-0.1	5.89722
13072009	385	0.1	-0.1	-0.399662
13072009	386	0.1	-0.1	-4.255
13072009	387	0.1	-0.1	2.69334
13072009	388	0.1	-0.1	-1.15691
13072009	389	0.1	-0.1	-1.20172
13072009	390	0.1	-0.1	0.199033
13072009	391	0.1	-0.1	2.25201
13072009	392	0.1	-0.1	-1.16244
13072009	393	0.1	-0.1	-0.902626
13072009	394	0.1	-0.1	-3.80013
13072009	395	0.1	-0.1	-2.62696
13072009	396	0.1	-0.1	-4.55383
13072009	397	0.1	-0.1	-3.87743
13072009	398	0.1	-0.1	5.1593
13072009	399	0.1	-0.1	1.81482
13072009	400	0.1	-0.1	3.5254
13072009	401	0.1	-0.1	-2.78122
13072009	402	0.1	-0.1	-2.55889
13072009	403	0.1	-0.1	-1.62493
13072009	404	0.1	-0.1	1.46556
13072009	405	0.1	-0.1	-1.82609
13072009	406	0.1	-0.1	-4.53437
13072009	407	0.1	-0.1	-5.74765
13072009	408	0.1	-0.1	-2.13864
13072009	409	0.1	-0.1	1.80856
13072009	410	0.1	-0.1	-5.90938
13072009	411	0.1	-0.1	-5.73543
13072009	412	0.1	-0.1	0.722785
13072009	413	0.1	-0.1	4.55346
13072009	414	0.1	-0.1	2.17494
13072009	415	0.1	-0.1	0.578137
13072009	416	0.1	-0.1	3.64677
13072009	417	0.1	-0.1	-1.0685
13072009	418	0.1	-0.1	-2.51514
13072009	419	0.1	-0.1	-5.71759
13072009	420	0.1	-0.1	2.86215
13072009	421	0.1	-0.1	-5.50161
13072009	422	0.1	-0.1	2.01406
13072009	423	0.1	-0.1	-1.66154
13072009	424	0.1	-0.1	-3.35398
13072009	425	0.1	-0.1	1.65144
13072009	426	0.1	-0.1	-2.83612
13072009	427	0.1	-0.1	0.727801
13072009	428	0.1	-0.1	3.78355
13072009	429	0.1	-0.1	-5.57806
13072009	430	0.1	-0.1	0.514021
13072009	431	0.1	-0.1	2.37723
13072009	432	0.1	-0.1	-2.48951
13072009	433	0.1	-0.1	4.00973
13072009	434	0.1	-0.1	-0.105758
13072009	435	0.1	-0.1	2.75808
13072009	436	0.1	-0.1	2.98001
13072009	437	0.1	-0.1	5.88801
13072009	438	0.1	-0.1	2.10891
13072009	439	0.1	-0.1	3.47783
13072009	440	0.1	-0.1	-3.47721
13072009	441	0.1	-0.1	0.659289
13072009	442	0.1	-0.1	-1.46983
13072009	443	0.1	-0.1	4.28078
13072009	444	0.1	-0.1	1.01273
13072009	445	0.1	-0.1	-0.486803
13072009	446	0.1	-0.1	-1.7675
13072009	447	0.1	-0.1	-4.16134
13072009	448	0.1	-0.1	5.20723
13072009	449	0.1	-0.1	-5.40727
13072009	450	0.1	-0.1	1.06365
13072009	451	0.1	-0.1	-2.1107
13072009	452	0.1	-0.1	4.91932
13072009	453	0.1	-0.1	3.66253
13072009	454	0.1	-0.1	-2.2073
13072009	455	0.1	-0.1	-2.92459
13072009	456	0.1	-0.1	-0.200431
13072009	457	0.1	-0.1	-0.927929
13072009	458	0.1	-0.1	-5.53235
13072009	459	0.1	-0.1	3.77106
13072009	460	0.1	-0.1	-5.13727
13072009	461	0.1	-0.1	-4.21505
13072009	462	0.1	-0.1	-0.502925
13072009	463	0.1	-0.1	2.59335
13072009	464	0.1	-0.1	-0.795115
13072009	465	0.1	-0.1	-5.10716
13072009	466	0.1	-0.1	-1.85556
13072009	467	0.1	-0.1	-3.52564
13072009	468	0.1	-0.1	-0.31723
13072009	469	0.1	-0.1	-1.65624
13072009	470	0.1	-0.1	-1.85854
13072009	471	0.1	-0.1	3.89727
13072009	472	0.1	-0.1	-3.83411
13072009	473	0.1	-0.1	3.07934
13072009	474	0.1	-0.1	-1.89382
13072009	475	0.1	-0.1	-1.52053
13072009	476	0.1	-0.1	3.57626
13072009	477	0.1	-0.1	2.09159
13072009	478	0.1	-0.1	-0.190709
13072009	479	0.1	-0.1	-5.09096
13072009	480	0.1	-0.1	-0.91138
13072009	481	0.1	-0.1	-0.677724
13072009	482	0.1	-0.1	-1.44625
13072009	483	0.1	-0.1	5.40067
13072009	484	0.1	-0.1	4.28942
13072009	485	0.1	-0.1	-0.676917
13072009	486	0.1	-0.1	3.77123
13072009	487	0.1	-0.1	-3.17324
13072009	488	0.1	-0.1	-3.37069
13072009	489	0.1	-0.1	4.79059
13072009	490	0.1	-0.1	4.81753
13072009	491	0.1	-0.1	0.469769
13072009	492	0.1	-0.1	-0.370681
13072009	493	0.1	-0.1	4.53868
13072009	494	0.1	-0.1	-3.1267
13072009	495	0.1	-0.1	-5.01763
13072009	496	0.1	-0.1	-5.79346
13072009	497	0.1	-0.1	1.09015
13072009	498	0.1	-0.1	-3.49721
13072009	499	0.1	-0.1	0.174585
13072009	500	0.1	-0.1	1.28124
13072009	501	0.1	-0.1	1.23572
13072009	502	0.1	-0.1	-3.70402
13072009	503	0.1	-0.1	4.71035
13072009	504	0.1	-0.1	0.0628533
13072009	505	0.1	-0.1	2.19316
13072009	506	0.1	-0.1	2.00186
13072009	507	0.1	-0.1	2.00601
13072009	508	0.1	-0.1	-3.85484
13072009	509	0.1	-0.1	-5.48784
13072009	510	0.1	-0.1	-1.51944
13072009	511	0.1	-0.1	-5.51798
13072009	512	0.1	-0.1	-4.47401
13072009	513	0.1	-0.1	0.0971006
13072009	514	0.1	-0.1	-4.15068
13072009	515	0.1	-0.1	-1.19057
13072009	516	0.1	-0.1	-3.4873
13072009	517	0.1	-0.1	-1.35049
13072009	518	0.1	-0.1	0.604203
13072009	519	0.1	-0.1	-5.46607
13072009	520	0.1	-0.1	1.03208
13072009	521	0.1	-0.1	2.52771
13072009	522	0.1	-0.1	-5.06347
13072009	523	0.1	-0.1	-1.7912
13072009	524	0.1	-0.1	-5.76001
13072009	525	0.1	-0.1	2.69491
13072009	526	0.1	-0.1	-1.98345
13072009	527	0.1	-0.1	-1.90242
13072009	528	0.1	-0.1	-4.3637
13072009	529	0.1	-0.1	5.86189
13072009	530	0.1	-0.1	0.117311
13072009	531	0.1	-0.1	-5.42629
13072009	532	0.1	-0.1	0.618707
13072009	533	0.1	-0.1	-3.85968
13072009	534	0.1	-0.1	-4.1516
13072009	535	0.1	-0.1	5.19003
13072009	536	0.1	-0.1	3.98201
13072009	537	0.1	-0.1	-1.47969
13072009	538	0.1	-0.1	0.577975
13072009	539	0.1	-0.1	-3.48255
13072009	540	0.1	-0.1	-0.0727008
13072009	541	0.1	-0.1	-3.24983
13072009	542	0.1	-0.1	5.40762
13072009	543	0.1	-0.1	-5.7851
13072009	544	0.1	-0.1	-1.76192
13072009	545	0.1	-0.1	-3.66715
13072009	546	0.1	-0.1	5.00441
13072009	547	0.1	-0.1	-2.44773
13072009	548	0.1	-0.1	5.46555
13072009	549	0.1	-0.1	-5.72653
13072009	550	0.1	-0.1	-4.97309
13072009	551	0.1	-0.1	-1.62277
13072009	552	0.1	-0.1	-2.65252
13072009	553	0.1	-0.1	3.50137
13072009	554	0.1	-0.1	4.21185
13072009	555	0.1	-0.1	-1.40242
13072009	556	0.1	-0.1	1.90603
13072009	557	0.1	-0.1	-4.34268
13072009	558	0.1	-0.1	5.61313
13072009	559	0.1	-0.1	5.25322
13072009	560	0.1	-0.1	-4.24237
13072009	561	0.1	-0.1	4.95324
13072009	562	0.1	-0.1	3.88337
13072009	563	0.1	-0.1	5.54117
13072009	564	0.1	-0.1	-2.16545
13072009	565	0.1	-0.1	5.83514
13072009	566	0.1	-0.1	3.36011
13072009	567	0.1	-0.1	1.87839
13072009	568	0.1	-0.1	4.38189
13072009	569	0.1	-0.1	-0.068612
13072009	570	0.1	-0.1	-2.04959
13072009	571	0.1	-0.1	2.85208
13072009	572	0.1	-0.1	1.47978
13072009	573	0.1	-0.1	4.90273
13072009	574	0.1	-0.1	4.3152
13072009	575	0.1	-0.1	1.63794
13072009	576	0.1	-0.1	-4.62892
13072009	577	0.1	-0.1	1.67654
13072009	578	0.1	-0.1	5.25774
13072009	579	0.1	-0.1	1.92669
13072009	580	0.1	-0.1	5.00638
13072009	581	0.1	-0.1	2.15492
13072009	582	0.1	-0.1	-4.82695
13072009	583	0.1	-0.1	-0.829825
13072009	584	0.1	-0.1	1.30039
13072009	585	0.1	-0.1	1.15618
13072009	586	0.1	-0.1	-3.58022
13072009	587	0.1	-0.1	-0.852728
13072009	588	0.1	-0.1	-2.59058
13072009	589	0.1	-0.1	-2.30674
13072009	590	0.1	-0.1	-3.63032
13072009	591	0.1	-0.1	-3.2718
13072009	592	0.1	-0.1	0.742657
13072009	593	0.1	-0.1	-5.48355
13072009	594	0.1	-0.1	-2.70189
13072009	595	0.1	-0.1	-1.85557
13072009	596	0.1	-0.1	-4.20566
13072009	597	0.1	-0.1	-4.16914
13072009	598	0.1	-0.1	3.06322
13072009	599	0.1	-0.1	0.348435
13072009	600	0.1	-0.1	-4.88967
13072009	601	0.1	-0.1	0.133964
13072009	602	0.1	-0.1	2.36341
13072009	603	0.1	-0.1	-4.98417
13072009	604	0.1	-0.1	-0.93417
13072009	605	0.1	-0.1	0.510286
13072009	606	0.1	-0.1	2.74398
13072009	607	0.1	-0.1	0.763878
13072009	608	0.1	-0.1	5.94772
13072009	609	0.1	-0.1	1.20279
13072009	610	0.1	-0.1	1.16969
13072009	611	0.1	-0.1	1.46002
13072009	612	0.1	-0.1	-3.76939
13072009	613	0.1	-0.1	0.101865
13072009	614	0.1	-0.1	5.07912
13072009	615	0.1	-0.1	-0.164634
13072009	616	0.1	-0.1	3.53745
13072009	617	0.1	-0.1	5.50039
13072009	618	0.1	-0.1	3.73247
13072009	619	0.1	-0.1	4.94552
13072009	620	0.1	-0.1	-5.10906
13072009	621	0.1	-0.1	-5.20563
13072009	622	0.1	-0.1	-0.0263191
13072009	623	0.1	-0.1	0.0899327
13072009	624	0.1	-0.1	-3.05897
13072009	625	0.1	-0.1	-4.98103
13072009	626	0.1	-0.1	-2.8568
13072009	627	0.1	-0.1	0.805573
13072009	628	0.1	-0.1	-0.010548
13072009	629	0.1	-0.1	1.09302
13072009	630	0.1	-0.1	-2.68957
13072009	631	0.1	-0.1	4.73551
13072009	632	0.1	-0.1	-4.53688
13072009	633	0.1	-0.1	0.28693
13072009	634	0.1	-0.1	-0.157851
13072009	635	0.1	-0.1	-2.4591
13072009	636	0.1	-0.1	3.63172
13072009	637	0.1	-0.1	-0.285403
13072009	638	0.1	-0.1	-2.00786
13072009	639	0.1	-0.1	-2.45988
13072009	640	0.1	-0.1	5.69757
13072009	641	0.1	-0.1	3.8022
13072009	642	0.1	-0.1	2.93107
13072009	643	0.1	-0.1	4.64663
13072009	644	0.1	-0.1	2.06999
13072009	645	0.1	-0.1	0.845888
13072009	646	0.1	-0.1	-4.5669
13072009	647	0.1	-0.1	-1.21362
13072009	648	0.1	-0.1	5.46982
13072009	649	0.1	-0.1	-1.09287
13072009	650	0.1	-0.1	4.38542
13072009	651	0.1	-0.1	0.342
13072009	652	0.1	-0.1	-4.26452
13072009	653	0.1	-0.1	-0.0641352
13072009	654	0.1	-0.1	-2.04202
13072009	655	0.1	-0.1	-0.156787
13072009	656	0.1	-0.1	-0.540294
13072009	657	0.1	-0.1	-2.17263
13072009	658	0.1	-0.1	5.78303
13072009	659	0.1	-0.1	5.4263
13072009	660	0.1	-0.1	3.54247
13072009	661	0.1	-0.1	-2.47603
13072009	662	0.1	-0.1	-1.20835
13072009	663	0.1	-0.1	-3.68824
13072009	664	0.1	-0.1	2.6719
13072009	665	0.1	-0.1	-5.67006
13072009	666	0.1	-0.1	0.684666
13072009	667	0.1	-0.1	-2.96588
13072009	668	0.1	-0.1	2.19326
13072009	669	0.1	-0.1	-4.35801
13072009	670	0.1	-0.1	-4.91307
13072009	671	0.1	-0.1	5.31797
13072009	672	0.1	-0.1	4.31491
13072009	673	0.1	-0.1	3.23788
13072009	674	0.1	-0.1	4.64217
13072009	675	0.1	-0.1	4.41248
13072009	676	0.1	-0.1	-5.14735
13072009	677	0.1	-0.1	0.805721
13072009	678	0.1	-0.1	5.93282
13072009	679	0.1	-0.1	4.5744
13072009	680	0.1	-0.1	-0.43507
13072009	681	0.1	-0.1	-3.52666
13072009	682	0.1	-0.1	-2.17009
13072009	683	0.1	-0.1	0.22841
13072009	684	0.1	-0.1	1.57337
13072009	685	0.1	-0.1	-4.60178
13072009	686	0.1	-0.1	-0.715426
13072009	687	0.1	-0.1	-1.89143
13072009	688	0.1	-0.1	5.96759
13072009	689	0.1	-0.1	0.851627
13072009	690	0.1	-0.1	2.93137
13072009	691	0.1	-0.1	-2.00218
13072009	692	0.1	-0.1	3.72522
13072009	693	0.1	-0.1	1.07167
13072009	694	0.1	-0.1	0.205725
13072009	695	0.1	-0.1	-1.59467
13072009	696	0.1	-0.1	0.640213
13072009	697	0.1	-0.1	1.13403
13072009	698	0.1	-0.1	1.61643
13072009	699	0.1	-0.1	-0.0803886
13072009	700	0.1	-0.1	2.56962
13072009	701	0.1	-0.1	5.85287
13072009	702	0.1	-0.1	2.72224
13072009	703	0.1	-0.1	-1.22929
13072009	704	0.1	-0.1	5.60008
13072009	705	0.1	-0.1	4.20476
13072009	706	0.1	-0.1	2.9481
13072009	707	0.1	-0.1	-1.34295
13072009	708	0.1	-0.1	-0.074786
13072009	709	0.1	-0.1	-0.231898
13072009	710	0.1	-0.1	1.61466
13072009	711	0.1	-0.1	-5.40295
13072009	712	0.1	-0.1	2.73284
13072009	713	0.1	-0.1	5.57555
13072009	714	0.1	-0.1	4.36985
13072009	715	0.1	-0.1	5.455
13072009	716	0.1	-0.1	0.890487
13072009	717	0.1	-0.1	-4.8656
13072009	718	0.1	-0.1	-0.0909585
13072009	719	0.1	-0.1	4.5067
13072009	720	0.1	-0.1	5.15215
13072009	721	0.1	-0.1	0.0340309
13072009	722	0.1	-0.1	4.72239
13072009	723	0.1	-0.1	-0.112628
13072009	724	0.1	-0.1	-5.54092
13072009	725	0.1	-0.1	-5.42758
13072009	726	0.1	-0.1	1.4405
13072009	727	0.1	-0.1	-1.22539
13072009	728	0.1	-0.1	3.17925
13072009	729	0.1	-0.1	-5.7545
13072009	730	0.1	-0.1	2.95595
13072009	731	0.1	-0.1	0.187632
13072009	732	0.1	-0.1	-2.1205
13072009	733	0.1	-0.1	-3.89605
13072009	734	0.1	-0.1	-3.37836
13072009	735	0.1	-0.1	-2.83122
13072009	736	0.1	-0.1	0.475878
13072009	737	0.1	-0.1	-5.87789
13072009	738	0.1	-0.1	-2.39521
13072009	739	0.1	-0.1	-4.34193
13072009	740	0.1	-0.1	-4.18866
13072009	741	0.1	-0.1	2.87814
13072009	742	0.1	-0.1	-0.913885
13072009	743	0.1	-0.1	1.14673
13072009	744	0.1	-0.1	-5.12118
13072009	745	0.1	-0.1	0.781667
13072009	746	0.1	-0.1	1.02478
13072009	747	0.1	-0.1	-5.45278
13072009	748	0.1	-0.1	0.777355
13072009	749	0.1	-0.1	-0.639654
13072009	750	0.1	-0.1	3.54775
13072009	751	0.1	-0.1	-0.650075
13072009	752	0.1	-0.1	3.66761
13072009	753	0.1	-0.1	-4.76358
13072009	754	0.1	-0.1	3.74249
13072009	755	0.1	-0.1	3.95667
13072009	756	0.1	-0.1	2.66321
13072009	757	0.1	-0.1	-4.92457
13072009	758	0.1	-0.1	-1.42829
13072009	759	0.1	-0.1	-3.09477
13072009	760	0.1	-0.1	2.66171
13072009	761	0.1	-0.1	2.74712
13072009	762	0.1	-0.1	4.2842
13072009	763	0.1	-0.1	-0.788878
13072009	764	0.1	-0.1	-2.09697
13072009	765	0.1	-0.1	-1.76149
13072009	766	0.1	-0.1	2.6034
13072009	767	0.1	-0.1	-0.112639
13072009	768	0.1	-0.1	-5.84348
13072009	769	0.1	-0.1	5.4702
13072009	770	0.1	-0.1	-0.636557
13072009	771	0.1	-0.1	3.86902
13072009	772	0.1	-0.1	-2.35974
13072009	773	0.1	-0.1	-2.82032
13072009	774	0.1	-0.1	-0.306972
13072009	775	0.1	-0.1	-1.97474
13072009	776	0.1	-0.1	0.69844
13072009	777	0.1	-0.1	4.69803
13072009	778	0.1	-0.1	5.48837
13072009	779	0.1	-0.1	0.317599
13072009	780	0.1	-0.1	-4.80531
13072009	781	0.1	-0.1	4.74674
13072009	782	0.1	-0.1	5.92026
13072009	783	0.1	-0.1	-0.399803
13072009	784	0.1	-0.1	2.52704
13072009	785	0.1	-0.1	4.66874
13072009	786	0.1	-0.1	2.18019
13072009	787	0.1	-0.1	-3.47018
13072009	788	0.1	-0.1	3.04031
13072009	789	0.1	-0.1	-2.15194
13072009	790	0.1	-0.1	-2.2937
13072009	791	0.1	-0.1	-3.54767
13072009	792	0.1	-0.1	2.73375
13072009	793	0.1	-0.1	-0.743609
13072009	794	0.1	-0.1	1.77082
13072009	795	0.1	-0.1	1.34231
13072009	796	0.1	-0.1	2.06795
13072009	797	0.1	-0.1	0.427095
13072009	798	0.1	-0.1	-4.28997
13072009	799	0.1	-0.1	0.956875
13072009	800	0.1	-0.1	1.18052
13072009	801	0.1	-0.1	2.01528
13072009	802	0.1	-0.1	-1.01062
13072009	803	0.1	-0.1	1.47321
13072009	804	0.1	-0.1	-0.147411
13072009	805	0.1	-0.1	2.51144
13072009	806	0.1	-0.1	3.35724
13072009	807	0.1	-0.1	-2.70571
13072009	808	0.1	-0.1	-2.05408
13072009	809	0.1	-0.1	-4.26862
13072009	810	0.1	-0.1	3.66251
13072009	811	0.1	-0.1	2.38463
13072009	812	0.1	-0.1	-5.55957
13072009	813	0.1	-0.1	2.81989
13072009	814	0.1	-0.1	-5.40008
13072009	815	0.1	-0.1	0.80202
13072009	816	0.1	-0.1	5.66401
13072009	817	0.1	-0.1	0.525982
13072009	818	0.1	-0.1	-3.00012
13072009	819	0.1	-0.1	-4.8604
13072009	820	0.1	-0.1	3.92983
13072009	821	0.1	-0.1	2.72293
13072009	822	0.1	-0.1	-1.57981
13072009	823	0.1	-0.1	5.22933
13072009	824	0.1	-0.1	1.22568
13072009	825	0.1	-0.1	0.456892
13072009	826	0.1	-0.1	4.75828
13072009	827	0.1	-0.1	1.76615
13072009	828	0.1	-0.1	-0.157985
13072009	829	0.1	-0.1	-0.689966
13072009	830	0.1	-0.1	4.25486
13072009	831	0.1	-0.1	4.59796
13072009	832	0.1	-0.1	-2.85607
13072009	833	0.1	-0.1	-4.59387
13072009	834	0.1	-0.1	-3.53725
13072009	835	0.1	-0.1	-2.43978
13072009	836	0.1	-0.1	5.16027
13072009	837	0.1	-0.1	-5.26323
13072009	838	0.1	-0.1	1.64522
13072009	839	0.1	-0.1	-0.788775
13072009	840	0.1	-0.1	-5.44948
13072009	841	0.1	-0.1	4.87803
13072009	842	0.1	-0.1	-3.68084
13072009	843	0.1	-0.1	5.0669
13072009	844	0.1	-0.1	0.75649
13072009	845	0.1	-0.1	5.06728
13072009	846	0.1	-0.1	3.14008
13072009	847	0.1	-0.1	1.09114
13072009	848	0.1	-0.1	1.89487
13072009	849	0.1	-0.1	5.95142
13072009	850	0.1	-0.1	0.443894
13072009	851	0.1	-0.1	-2.38413
13072009	852	0.1	-0.1	1.75039
13072009	853	0.1	-0.1	-5.00003
13072009	854	0.1	-0.1	2.74273
13072009	855	0.1	-0.1	-2.01275
13072009	856	0.1	-0.1	4.31861
13072009	857	0.1	-0.1	0.628749
13072009	858	0.1	-0.1	5.03924
13072009	859	0.1	-0.1	3.99112
13072009	860	0.1	-0.1	-0.529074
13072009	861	0.1	-0.1	-1.63357
13072009	862	0.1	-0.1	-4.94398
13072009	863	0.1	-0.1	-4.02361
13072009	864	0.1	-0.1	-2.286
13072009	865	0.1	-0.1	2.19342
13072009	866	0.1	-0.1	4.91022
13072009	867	0.1	-0.1	-4.75252
13072009	868	0.1	-0.1	-0.574835
13072009	869	0.1	-0.1	1.04708
13072009	870	0.1	-0.1	3.00914
13072009	871	0.1	-0.1	-3.68237
13072009	872	0.1	-0.1	2.45163
13072009	873	0.1	-0.1	-3.60201
13072009	874	0.1	-0.1	-2.35597
13072009	875	0.1	-0.1	3.51587
13072009	876	0.1	-0.1	-4.43927
13072009	877	0.1	-0.1	3.53839
13072009	878	0.1	-0.1	-1.54785
13072009	879	0.1	-0.1	3.50899
13072009	880	0.1	-0.1	-1.52108
13072009	881	0.1	-0.1	3.90391
13072009	882	0.1	-0.1	-0.53127
13072009	883	0.1	-0.1	3.19872
13072009	884	0.1	-0.1	0.415664
13072009	885	0.1	-0.1	-4.05869
13072009	886	0.1	-0.1	-4.36246
13072009	887	0.1	-0.1	-2.65879
13072009	888	0.1	-0.1	-5.09642
13072009	889	0.1	-0.1	3.14686
13072009	890	0.1	-0.1	-3.52617
13072009	891	0.1	-0.1	3.05589
13072009	892	0.1	-0.1	-4.36479
13072009	893	0.1	-0.1	4.74464
13072009	894	0.1	-0.1	3.51635
13072009	895	0.1	-0.1	-1.95786
13072009	896	0.1	-0.1	1.35818
13072009	897	0.1	-0.1	-2.63746
13072009	898	0.1	-0.1	5.04916
13072009	899	0.1	-0.1	-1.63086
13072009	900	0.1	-0.1	-3.41758
13072009	901	0.1	-0.1	4.6186
13072009	902	0.1	-0.1	-4.27926
13072009	903	0.1	-0.1	-3.14091
13072009	904	0.1	-0.1	4.40682
13072009	905	0.1	-0.1	2.38641
13072009	906	0.1	-0.1	0.980608
13072009	907	0.1	-0.1	-3.18465
13072009	908	0.1	-0.1	-2.05661
13072009	909	0.1	-0.1	0.101948
13072009	910	0.1	-0.1	5.65686
13072009	911	0.1	-0.1	1.08401
13072009	912	0.1	-0.1	-2.07596
13072009	913	0.1	-0.1	2.20244
13072009	914	0.1	-0.1	4.68415
13072009	915	0.1	-0.1	-1.74601
13072009	916	0.1	-0.1	5.59729
13072009	917	0.1	-0.1	-1.72011
13072009	918	0.1	-0.1	-5.90347
13072009	919	0.1	-0.1	-4.96994
13072009	920	0.1	-0.1	-0.469804
13072009	921	0.1	-0.1	-5.42104
13072009	922	0.1	-0.1	2.89425
13072009	923	0.1	-0.1	-3.27236
13072009	924	0.1	-0.1	5.78779
13072009	925	0.1	-0.1	5.35232
13072009	926	0.1	-0.1	-4.57643
13072009	927	0.1	-0.1	-1.52922
13072009	928	0.1	-0.1	2.12177
13072009	929	0.1	-0.1	1.59505
13072009	930	0.1	-0.1	-2.1761
13072009	931	0.1	-0.1	2.58284
13072009	932	0.1	-0.1	-3.19467
13072009	933	0.1	-0.1	-1.62908
13072009	934	0.1	-0.1	-2.96254
13072009	935	0.1	-0.1	-4.46668
13072009	936	0.1	-0.1	3.91943
13072009	937	0.1	-0.1	-5.24776
13072009	938	0.1	-0.1	-0.955364
13072009	939	0.1	-0.1	-2.6997
13072009	940	0.1	-0.1	1.28651
13072009	941	0.1	-0.1	-2.43785
13072009	942	0.1	-0.1	-3.48729
13072009	943	0.1	-0.1	-1.35241
13072009	944	0.1	-0.1	-4.46408
13072009	945	0.1	-0.1	-5.44471
13072009	946	0.1	-0.1	-1.46503
13072009	947	0.1	-0.1	-2.71025
13072009	948	0.1	-0.1	0.361416
13072009	949	0.1	-0.1	-5.55628
13072009	950	0.1	-0.1	1.61287
13072009	951	0.1	-0.1	1.7023
13072009	952	0.1	-0.1	-4.75735
13072009	953	0.1	-0.1	3.32224
13072009	954	0.1	-0.1	5.63248
13072009	955	0.1	-0.1	1.92811
13072009	956	0.1	-0.1	-5.76358
13072009	957	0.1	-0.1	-4.84115
13072009	958	0.1	-0.1	-5.21791
13072009	959	0.1	-0.1	-1.93337
13072009	960	0.1	-0.1	-1.75914
13072009	961	0.1	-0.1	-2.04535
13072009	962	0.1	-0.1	-2.69297
13072009	963	0.1	-0.1	-3.92066
13072009	964	0.1	-0.1	-4.5192
13072009	965	0.1	-0.1	-1.80179
13072009	966	0.1	-0.1	2.6608
13072009	967	0.1	-0.1	-4.60045
13072009	968	0.1	-0.1	4.2878
13072009	969	0.1	-0.1	-5.84929
13072009	970	0.1	-0.1	-5.8478
13072009	971	0.1	-0.1	4.90755
13072009	972	0.1	-0.1	-5.3622
13072009	973	0.1	-0.1	-4.67557
13072009	974	0.1	-0.1	-0.193805
13072009	975	0.1	-0.1	1.69515
13072009	976	0.1	-0.1	-5.9804
13072009	977	0.1	-0.1	3.28011
13072009	978	0.1	-0.1	3.55817
13072009	979	0.1	-0.1	0.81187
13072009	980	0.1	-0.1	3.42631
13072009	981	0.1	-0.1	-2.7777
13072009	982	0.1	-0.1	3.95778
13072009	983	0.1	-0.1	-2.20772
13072009	984	0.1	-0.1	4.92111
13072009	985	0.1	-0.1	-1.32088
13072009	986	0.1	-0.1	-3.65031
13072009	987	0.1	-0.1	-0.016698
13072009	988	0.1	-0.1	4.27223
13072009	989	0.1	-0.1	-0.991797
13072009	990	0.1	-0.1	-5.44868
13072009	991	0.1	-0.1	1.30929
13072009	992	0.1	-0.1	5.10066
13072009	993	0.1	-0.1	0.312586
13072009	994	0.1	-0.1	3.98756
13072009	995	0.1	-0.1	-0.651839
13072009	996	0.1	-0.1	1.21857
13072009	997	0.1	-0.1	1.10549
13072009	998	0.1	-0.1	-2.36257
13072009	999	0.1	-0.1	2.62311
13072009	1000	0.1	-0.1	4.24543
