13070061	1	0.1	-0.1	-5.86417
13070061	2	0.1	-0.1	-4.67875
13070061	3	0.1	-0.1	0.856153
13070061	4	0.1	-0.1	5.58774
13070061	5	0.1	-0.1	1.63429
13070061	6	0.1	-0.1	-5.67972
13070061	7	0.1	-0.1	0.177013
13070061	8	0.1	-0.1	3.18411
13070061	9	0.1	-0.1	2.18818
13070061	10	0.1	-0.1	-2.37846
13070061	11	0.1	-0.1	-4.28305
13070061	12	0.1	-0.1	1.9012
13070061	13	0.1	-0.1	-0.311078
13070061	14	0.1	-0.1	-5.5686
13070061	15	0.1	-0.1	2.09985
13070061	16	0.1	-0.1	3.15324
13070061	17	0.1	-0.1	-1.75063
13070061	18	0.1	-0.1	5.91289
13070061	19	0.1	-0.1	3.93078
13070061	20	0.1	-0.1	-0.145114
13070061	21	0.1	-0.1	-5.92952
13070061	22	0.1	-0.1	-4.74854
13070061	23	0.1	-0.1	-3.76346
13070061	24	0.1	-0.1	3.84929
13070061	25	0.1	-0.1	-0.417838
13070061	26	0.1	-0.1	-0.158476
13070061	27	0.1	-0.1	-5.6529
13070061	28	0.1	-0.1	-3.23146
13070061	29	0.1	-0.1	0.435543
13070061	30	0.1	-0.1	-3.29101
13070061	31	0.1	-0.1	1.27307
13070061	32	0.1	-0.1	5.98612
13070061	33	0.1	-0.1	-0.610927
13070061	34	0.1	-0.1	3.32643
13070061	35	0.1	-0.1	3.63135
13070061	36	0.1	-0.1	3.63036
13070061	37	0.1	-0.1	0.416032
13070061	38	0.1	-0.1	5.92451
13070061	39	0.1	-0.1	-1.37838
13070061	40	0.1	-0.1	0.0435825
13070061	41	0.1	-0.1	-3.19741
13070061	42	0.1	-0.1	2.33518
13070061	43	0.1	-0.1	-4.5868
13070061	44	0.1	-0.1	-2.94146
13070061	45	0.1	-0.1	-0.362327
13070061	46	0.1	-0.1	1.05511
13070061	47	0.1	-0.1	1.68925
13070061	48	0.1	-0.1	4.68362
13070061	49	0.1	-0.1	3.69917
13070061	50	0.1	-0.1	-0.534741
13070061	51	0.1	-0.1	-3.24358
13070061	52	0.1	-0.1	-5.49056
13070061	53	0.1	-0.1	-5.16801
13070061	54	0.1	-0.1	-4.60278
13070061	55	0.1	-0.1	-1.35724
13070061	56	0.1	-0.1	-1.7154
13070061	57	0.1	-0.1	2.55541
13070061	58	0.1	-0.1	4.16443
13070061	59	0.1	-0.1	-0.397205
13070061	60	0.1	-0.1	4.30618
13070061	61	0.1	-0.1	2.65307
13070061	62	0.1	-0.1	-3.40614
13070061	63	0.1	-0.1	3.42788
13070061	64	0.1	-0.1	-5.35176
13070061	65	0.1	-0.1	-0.456852
13070061	66	0.1	-0.1	-4.45866
13070061	67	0.1	-0.1	3.81445
13070061	68	0.1	-0.1	-4.1045
13070061	69	0.1	-0.1	4.68707
13070061	70	0.1	-0.1	-3.13638
13070061	71	0.1	-0.1	1.58611
13070061	72	0.1	-0.1	-5.84901
13070061	73	0.1	-0.1	5.80042
13070061	74	0.1	-0.1	-3.355
13070061	75	0.1	-0.1	2.73041
13070061	76	0.1	-0.1	-3.94907
13070061	77	0.1	-0.1	4.50508
13070061	78	0.1	-0.1	2.46048
13070061	79	0.1	-0.1	0.515209
13070061	80	0.1	-0.1	4.45137
13070061	81	0.1	-0.1	1.85347
13070061	82	0.1	-0.1	3.68415
13070061	83	0.1	-0.1	-2.07889
13070061	84	0.1	-0.1	3.44826
13070061	85	0.1	-0.1	1.28545
13070061	86	0.1	-0.1	-0.781596
13070061	87	0.1	-0.1	4.3014
13070061	88	0.1	-0.1	-4.43796
13070061	89	0.1	-0.1	-3.52395
13070061	90	0.1	-0.1	4.54428
13070061	91	0.1	-0.1	-2.7531
13070061	92	0.1	-0.1	1.25541
13070061	93	0.1	-0.1	4.91747
13070061	94	0.1	-0.1	2.13337
13070061	95	0.1	-0.1	-3.7792
13070061	96	0.1	-0.1	0.422689
13070061	97	0.1	-0.1	-1.42696
13070061	98	0.1	-0.1	-1.86336
13070061	99	0.1	-0.1	5.64769
13070061	100	0.1	-0.1	2.03701
13070061	101	0.1	-0.1	4.50059
13070061	102	0.1	-0.1	0.797533
13070061	103	0.1	-0.1	3.0619
13070061	104	0.1	-0.1	-3.58123
13070061	105	0.1	-0.1	-0.516677
13070061	106	0.1	-0.1	-3.9705
13070061	107	0.1	-0.1	0.0318028
13070061	108	0.1	-0.1	-1.92745
13070061	109	0.1	-0.1	5.37232
13070061	110	0.1	-0.1	3.23849
13070061	111	0.1	-0.1	1.60009
13070061	112	0.1	-0.1	5.54248
13070061	113	0.1	-0.1	-2.01027
13070061	114	0.1	-0.1	-4.83152
13070061	115	0.1	-0.1	-0.996012
13070061	116	0.1	-0.1	-4.1252
13070061	117	0.1	-0.1	5.00025
13070061	118	0.1	-0.1	5.32233
13070061	119	0.1	-0.1	5.20729
13070061	120	0.1	-0.1	1.42982
13070061	121	0.1	-0.1	1.50564
13070061	122	0.1	-0.1	-4.4097
13070061	123	0.1	-0.1	-5.06611
13070061	124	0.1	-0.1	-1.15314
13070061	125	0.1	-0.1	-3.06559
13070061	126	0.1	-0.1	3.42733
13070061	127	0.1	-0.1	4.62391
13070061	128	0.1	-0.1	-1.56602
13070061	129	0.1	-0.1	-3.91221
13070061	130	0.1	-0.1	-4.96602
13070061	131	0.1	-0.1	-0.885857
13070061	132	0.1	-0.1	0.660667
13070061	133	0.1	-0.1	-5.33931
13070061	134	0.1	-0.1	3.07298
13070061	135	0.1	-0.1	-0.315094
13070061	136	0.1	-0.1	-3.79181
13070061	137	0.1	-0.1	-2.97878
13070061	138	0.1	-0.1	-5.76205
13070061	139	0.1	-0.1	5.21841
13070061	140	0.1	-0.1	-2.10173
13070061	141	0.1	-0.1	4.36005
13070061	142	0.1	-0.1	4.48236
13070061	143	0.1	-0.1	-4.81654
13070061	144	0.1	-0.1	-3.79923
13070061	145	0.1	-0.1	-1.08809
13070061	146	0.1	-0.1	5.66551
13070061	147	0.1	-0.1	3.33808
13070061	148	0.1	-0.1	-0.481081
13070061	149	0.1	-0.1	4.2917
13070061	150	0.1	-0.1	-2.93981
13070061	151	0.1	-0.1	0.550916
13070061	152	0.1	-0.1	-0.996822
13070061	153	0.1	-0.1	-2.56697
13070061	154	0.1	-0.1	4.5696
13070061	155	0.1	-0.1	3.29223
13070061	156	0.1	-0.1	5.61867
13070061	157	0.1	-0.1	-5.96591
13070061	158	0.1	-0.1	-0.233247
13070061	159	0.1	-0.1	4.90112
13070061	160	0.1	-0.1	-2.37073
13070061	161	0.1	-0.1	-5.09608
13070061	162	0.1	-0.1	0.977311
13070061	163	0.1	-0.1	1.88693
13070061	164	0.1	-0.1	-0.644839
13070061	165	0.1	-0.1	-0.206711
13070061	166	0.1	-0.1	5.68116
13070061	167	0.1	-0.1	-4.22736
13070061	168	0.1	-0.1	5.25353
13070061	169	0.1	-0.1	-3.63384
13070061	170	0.1	-0.1	2.38523
13070061	171	0.1	-0.1	-3.92752
13070061	172	0.1	-0.1	1.27841
13070061	173	0.1	-0.1	-3.15556
13070061	174	0.1	-0.1	-3.13673
13070061	175	0.1	-0.1	-4.01804
13070061	176	0.1	-0.1	2.83787
13070061	177	0.1	-0.1	-1.8895
13070061	178	0.1	-0.1	2.3029
13070061	179	0.1	-0.1	-1.47769
13070061	180	0.1	-0.1	0.815642
13070061	181	0.1	-0.1	5.89875
13070061	182	0.1	-0.1	-3.69803
13070061	183	0.1	-0.1	0.444772
13070061	184	0.1	-0.1	-2.59614
13070061	185	0.1	-0.1	3.65966
13070061	186	0.1	-0.1	-3.24809
13070061	187	0.1	-0.1	1.25471
13070061	188	0.1	-0.1	5.01604
13070061	189	0.1	-0.1	1.67495
13070061	190	0.1	-0.1	0.0115172
13070061	191	0.1	-0.1	4.27403
13070061	192	0.1	-0.1	-5.25442
13070061	193	0.1	-0.1	1.41457
13070061	194	0.1	-0.1	5.06625
13070061	195	0.1	-0.1	-0.0633246
13070061	196	0.1	-0.1	1.39491
13070061	197	0.1	-0.1	3.37547
13070061	198	0.1	-0.1	-4.03227
13070061	199	0.1	-0.1	4.32294
13070061	200	0.1	-0.1	5.79755
13070061	201	0.1	-0.1	-2.03175
13070061	202	0.1	-0.1	0.773375
13070061	203	0.1	-0.1	2.66395
13070061	204	0.1	-0.1	5.21561
13070061	205	0.1	-0.1	-4.28422
13070061	206	0.1	-0.1	-5.07673
13070061	207	0.1	-0.1	-4.8223
13070061	208	0.1	-0.1	3.53136
13070061	209	0.1	-0.1	2.42696
13070061	210	0.1	-0.1	3.97619
13070061	211	0.1	-0.1	-4.06889
13070061	212	0.1	-0.1	4.03291
13070061	213	0.1	-0.1	-4.6386
13070061	214	0.1	-0.1	-3.58387
13070061	215	0.1	-0.1	-1.02676
13070061	216	0.1	-0.1	5.59986
13070061	217	0.1	-0.1	4.70885
13070061	218	0.1	-0.1	1.8772
13070061	219	0.1	-0.1	4.12961
13070061	220	0.1	-0.1	4.93768
13070061	221	0.1	-0.1	-1.6779
13070061	222	0.1	-0.1	-5.06994
13070061	223	0.1	-0.1	-3.39111
13070061	224	0.1	-0.1	1.70085
13070061	225	0.1	-0.1	2.91912
13070061	226	0.1	-0.1	2.39195
13070061	227	0.1	-0.1	3.00685
13070061	228	0.1	-0.1	-5.10654
13070061	229	0.1	-0.1	-5.44789
13070061	230	0.1	-0.1	-1.15655
13070061	231	0.1	-0.1	-4.3879
13070061	232	0.1	-0.1	-2.54196
13070061	233	0.1	-0.1	-2.84503
13070061	234	0.1	-0.1	1.27884
13070061	235	0.1	-0.1	1.30849
13070061	236	0.1	-0.1	0.938747
13070061	237	0.1	-0.1	-5.70825
13070061	238	0.1	-0.1	1.38402
13070061	239	0.1	-0.1	-4.30756
13070061	240	0.1	-0.1	-5.19928
13070061	241	0.1	-0.1	2.83348
13070061	242	0.1	-0.1	-2.68266
13070061	243	0.1	-0.1	0.185629
13070061	244	0.1	-0.1	-4.70217
13070061	245	0.1	-0.1	-5.68478
13070061	246	0.1	-0.1	1.3581
13070061	247	0.1	-0.1	-3.82366
13070061	248	0.1	-0.1	5.52545
13070061	249	0.1	-0.1	-4.00633
13070061	250	0.1	-0.1	-4.95563
13070061	251	0.1	-0.1	-5.78974
13070061	252	0.1	-0.1	-5.33391
13070061	253	0.1	-0.1	4.54504
13070061	254	0.1	-0.1	5.7148
13070061	255	0.1	-0.1	-1.01119
13070061	256	0.1	-0.1	2.37718
13070061	257	0.1	-0.1	5.86152
13070061	258	0.1	-0.1	-3.89743
13070061	259	0.1	-0.1	-2.16509
13070061	260	0.1	-0.1	-3.55518
13070061	261	0.1	-0.1	0.226432
13070061	262	0.1	-0.1	1.20429
13070061	263	0.1	-0.1	0.895736
13070061	264	0.1	-0.1	-5.7258
13070061	265	0.1	-0.1	0.478011
13070061	266	0.1	-0.1	-0.077794
13070061	267	0.1	-0.1	0.00402374
13070061	268	0.1	-0.1	-0.195129
13070061	269	0.1	-0.1	5.19334
13070061	270	0.1	-0.1	-4.14085
13070061	271	0.1	-0.1	0.266121
13070061	272	0.1	-0.1	0.300561
13070061	273	0.1	-0.1	-2.24701
13070061	274	0.1	-0.1	5.18559
13070061	275	0.1	-0.1	5.74408
13070061	276	0.1	-0.1	1.56374
13070061	277	0.1	-0.1	4.95916
13070061	278	0.1	-0.1	0.815491
13070061	279	0.1	-0.1	3.02552
13070061	280	0.1	-0.1	0.729973
13070061	281	0.1	-0.1	2.84156
13070061	282	0.1	-0.1	4.94378
13070061	283	0.1	-0.1	3.26026
13070061	284	0.1	-0.1	0.751231
13070061	285	0.1	-0.1	-2.431
13070061	286	0.1	-0.1	-4.27637
13070061	287	0.1	-0.1	-1.09484
13070061	288	0.1	-0.1	-3.3545
13070061	289	0.1	-0.1	-4.68911
13070061	290	0.1	-0.1	5.27634
13070061	291	0.1	-0.1	-5.29702
13070061	292	0.1	-0.1	2.09052
13070061	293	0.1	-0.1	1.09264
13070061	294	0.1	-0.1	0.564275
13070061	295	0.1	-0.1	-4.22621
13070061	296	0.1	-0.1	-2.47163
13070061	297	0.1	-0.1	2.89942
13070061	298	0.1	-0.1	-0.112533
13070061	299	0.1	-0.1	-0.854277
13070061	300	0.1	-0.1	0.422617
13070061	301	0.1	-0.1	-2.63511
13070061	302	0.1	-0.1	-3.09757
13070061	303	0.1	-0.1	3.30411
13070061	304	0.1	-0.1	4.29177
13070061	305	0.1	-0.1	-4.59874
13070061	306	0.1	-0.1	4.62437
13070061	307	0.1	-0.1	1.12613
13070061	308	0.1	-0.1	-5.99495
13070061	309	0.1	-0.1	-5.85508
13070061	310	0.1	-0.1	-3.50799
13070061	311	0.1	-0.1	3.3176
13070061	312	0.1	-0.1	2.33925
13070061	313	0.1	-0.1	-2.62141
13070061	314	0.1	-0.1	2.07793
13070061	315	0.1	-0.1	2.5515
13070061	316	0.1	-0.1	-5.3507
13070061	317	0.1	-0.1	3.31484
13070061	318	0.1	-0.1	-1.29536
13070061	319	0.1	-0.1	0.0290692
13070061	320	0.1	-0.1	3.49548
13070061	321	0.1	-0.1	0.735915
13070061	322	0.1	-0.1	3.30719
13070061	323	0.1	-0.1	-2.63199
13070061	324	0.1	-0.1	5.12266
13070061	325	0.1	-0.1	3.38945
13070061	326	0.1	-0.1	4.67907
13070061	327	0.1	-0.1	2.90873
13070061	328	0.1	-0.1	-5.63027
13070061	329	0.1	-0.1	2.17666
13070061	330	0.1	-0.1	1.31306
13070061	331	0.1	-0.1	3.05601
13070061	332	0.1	-0.1	-2.32129
13070061	333	0.1	-0.1	-4.38873
13070061	334	0.1	-0.1	-0.76042
13070061	335	0.1	-0.1	0.646091
13070061	336	0.1	-0.1	-3.98996
13070061	337	0.1	-0.1	5.20824
13070061	338	0.1	-0.1	-2.11561
13070061	339	0.1	-0.1	-0.0266179
13070061	340	0.1	-0.1	5.7252
13070061	341	0.1	-0.1	-2.609
13070061	342	0.1	-0.1	-5.32823
13070061	343	0.1	-0.1	4.65246
13070061	344	0.1	-0.1	4.38934
13070061	345	0.1	-0.1	3.66317
13070061	346	0.1	-0.1	-5.28059
13070061	347	0.1	-0.1	-2.16768
13070061	348	0.1	-0.1	-4.2946
13070061	349	0.1	-0.1	1.97094
13070061	350	0.1	-0.1	-5.48594
13070061	351	0.1	-0.1	4.9556
13070061	352	0.1	-0.1	4.02697
13070061	353	0.1	-0.1	2.08419
13070061	354	0.1	-0.1	3.31226
13070061	355	0.1	-0.1	3.83015
13070061	356	0.1	-0.1	-0.887606
13070061	357	0.1	-0.1	3.01706
13070061	358	0.1	-0.1	-1.30944
13070061	359	0.1	-0.1	4.59267
13070061	360	0.1	-0.1	1.20253
13070061	361	0.1	-0.1	-3.68839
13070061	362	0.1	-0.1	-2.86818
13070061	363	0.1	-0.1	-1.1922
13070061	364	0.1	-0.1	-5.84896
13070061	365	0.1	-0.1	-0.0546557
13070061	366	0.1	-0.1	5.52611
13070061	367	0.1	-0.1	1.67711
13070061	368	0.1	-0.1	-4.49963
13070061	369	0.1	-0.1	0.765025
13070061	370	0.1	-0.1	-2.81663
13070061	371	0.1	-0.1	-0.687755
13070061	372	0.1	-0.1	-3.56655
13070061	373	0.1	-0.1	-2.52089
13070061	374	0.1	-0.1	-5.02883
13070061	375	0.1	-0.1	5.46165
13070061	376	0.1	-0.1	3.67641
13070061	377	0.1	-0.1	-0.617718
13070061	378	0.1	-0.1	1.35283
13070061	379	0.1	-0.1	5.24995
13070061	380	0.1	-0.1	0.733748
13070061	381	0.1	-0.1	-4.38252
13070061	382	0.1	-0.1	-2.95466
13070061	383	0.1	-0.1	5.96657
13070061	384	0.1	-0.1	-5.04858
13070061	385	0.1	-0.1	5.38346
13070061	386	0.1	-0.1	0.3225
13070061	387	0.1	-0.1	0.178919
13070061	388	0.1	-0.1	0.457895
13070061	389	0.1	-0.1	-4.44501
13070061	390	0.1	-0.1	2.1286
13070061	391	0.1	-0.1	2.15555
13070061	392	0.1	-0.1	-4.14439
13070061	393	0.1	-0.1	3.77025
13070061	394	0.1	-0.1	1.81062
13070061	395	0.1	-0.1	-5.23527
13070061	396	0.1	-0.1	2.06158
13070061	397	0.1	-0.1	3.21326
13070061	398	0.1	-0.1	2.05205
13070061	399	0.1	-0.1	0.821397
13070061	400	0.1	-0.1	1.52935
13070061	401	0.1	-0.1	0.0189337
13070061	402	0.1	-0.1	-5.75508
13070061	403	0.1	-0.1	-3.74257
13070061	404	0.1	-0.1	-1.49853
13070061	405	0.1	-0.1	2.69952
13070061	406	0.1	-0.1	-0.710779
13070061	407	0.1	-0.1	-5.92829
13070061	408	0.1	-0.1	5.19805
13070061	409	0.1	-0.1	-3.95982
13070061	410	0.1	-0.1	-0.272565
13070061	411	0.1	-0.1	-2.35144
13070061	412	0.1	-0.1	3.55988
13070061	413	0.1	-0.1	0.102531
13070061	414	0.1	-0.1	2.59393
13070061	415	0.1	-0.1	-3.22905
13070061	416	0.1	-0.1	0.0796465
13070061	417	0.1	-0.1	-2.28565
13070061	418	0.1	-0.1	-3.44398
13070061	419	0.1	-0.1	-4.68536
13070061	420	0.1	-0.1	4.62329
13070061	421	0.1	-0.1	-1.73614
13070061	422	0.1	-0.1	3.35175
13070061	423	0.1	-0.1	-5.01864
13070061	424	0.1	-0.1	-5.91964
13070061	425	0.1	-0.1	-3.57128
13070061	426	0.1	-0.1	-3.83139
13070061	427	0.1	-0.1	-4.69367
13070061	428	0.1	-0.1	5.08171
13070061	429	0.1	-0.1	1.72428
13070061	430	0.1	-0.1	2.56134
13070061	431	0.1	-0.1	-3.2054
13070061	432	0.1	-0.1	5.61933
13070061	433	0.1	-0.1	-5.78803
13070061	434	0.1	-0.1	-3.95081
13070061	435	0.1	-0.1	4.73239
13070061	436	0.1	-0.1	3.42279
13070061	437	0.1	-0.1	2.11046
13070061	438	0.1	-0.1	-0.221741
13070061	439	0.1	-0.1	-1.4754
13070061	440	0.1	-0.1	-4.85535
13070061	441	0.1	-0.1	2.59916
13070061	442	0.1	-0.1	-5.97222
13070061	443	0.1	-0.1	-2.73839
13070061	444	0.1	-0.1	-3.22762
13070061	445	0.1	-0.1	-0.988646
13070061	446	0.1	-0.1	-0.790634
13070061	447	0.1	-0.1	1.58699
13070061	448	0.1	-0.1	3.60545
13070061	449	0.1	-0.1	4.50606
13070061	450	0.1	-0.1	-4.39103
13070061	451	0.1	-0.1	3.364
13070061	452	0.1	-0.1	3.88511
13070061	453	0.1	-0.1	0.115633
13070061	454	0.1	-0.1	-3.19452
13070061	455	0.1	-0.1	-4.85037
13070061	456	0.1	-0.1	2.52282
13070061	457	0.1	-0.1	-5.73348
13070061	458	0.1	-0.1	5.75427
13070061	459	0.1	-0.1	-2.12807
13070061	460	0.1	-0.1	-5.81619
13070061	461	0.1	-0.1	5.12976
13070061	462	0.1	-0.1	1.65024
13070061	463	0.1	-0.1	-3.66208
13070061	464	0.1	-0.1	-1.41996
13070061	465	0.1	-0.1	0.0909046
13070061	466	0.1	-0.1	2.79111
13070061	467	0.1	-0.1	3.82286
13070061	468	0.1	-0.1	1.36255
13070061	469	0.1	-0.1	-3.50449
13070061	470	0.1	-0.1	5.28776
13070061	471	0.1	-0.1	-3.86255
13070061	472	0.1	-0.1	-4.98182
13070061	473	0.1	-0.1	-0.307572
13070061	474	0.1	-0.1	-2.08601
13070061	475	0.1	-0.1	1.84273
13070061	476	0.1	-0.1	-1.42684
13070061	477	0.1	-0.1	-2.59753
13070061	478	0.1	-0.1	-2.38963
13070061	479	0.1	-0.1	-2.16087
13070061	480	0.1	-0.1	5.7489
13070061	481	0.1	-0.1	-2.15218
13070061	482	0.1	-0.1	3.48419
13070061	483	0.1	-0.1	0.153453
13070061	484	0.1	-0.1	0.168477
13070061	485	0.1	-0.1	2.68587
13070061	486	0.1	-0.1	4.41098
13070061	487	0.1	-0.1	-1.76626
13070061	488	0.1	-0.1	2.02431
13070061	489	0.1	-0.1	2.95516
13070061	490	0.1	-0.1	4.87609
13070061	491	0.1	-0.1	5.41347
13070061	492	0.1	-0.1	-1.71671
13070061	493	0.1	-0.1	-1.33009
13070061	494	0.1	-0.1	-2.12411
13070061	495	0.1	-0.1	2.35883
13070061	496	0.1	-0.1	-4.93145
13070061	497	0.1	-0.1	-0.0454232
13070061	498	0.1	-0.1	4.19953
13070061	499	0.1	-0.1	2.86079
13070061	500	0.1	-0.1	4.5458
13070061	501	0.1	-0.1	0.10447
13070061	502	0.1	-0.1	2.69701
13070061	503	0.1	-0.1	2.16578
13070061	504	0.1	-0.1	1.71384
13070061	505	0.1	-0.1	-5.34938
13070061	506	0.1	-0.1	5.69942
13070061	507	0.1	-0.1	-5.54402
13070061	508	0.1	-0.1	-5.42144
13070061	509	0.1	-0.1	-4.89269
13070061	510	0.1	-0.1	2.79691
13070061	511	0.1	-0.1	0.0378362
13070061	512	0.1	-0.1	-3.37127
13070061	513	0.1	-0.1	1.20467
13070061	514	0.1	-0.1	4.17302
13070061	515	0.1	-0.1	1.26039
13070061	516	0.1	-0.1	0.484462
13070061	517	0.1	-0.1	-3.431
13070061	518	0.1	-0.1	-4.52918
13070061	519	0.1	-0.1	-5.8393
13070061	520	0.1	-0.1	-2.06878
13070061	521	0.1	-0.1	-2.85251
13070061	522	0.1	-0.1	1.65416
13070061	523	0.1	-0.1	-0.905834
13070061	524	0.1	-0.1	0.830687
13070061	525	0.1	-0.1	-0.0726634
13070061	526	0.1	-0.1	2.66231
13070061	527	0.1	-0.1	0.509514
13070061	528	0.1	-0.1	-1.14795
13070061	529	0.1	-0.1	5.87938
13070061	530	0.1	-0.1	1.7088
13070061	531	0.1	-0.1	-1.78188
13070061	532	0.1	-0.1	-2.5536
13070061	533	0.1	-0.1	-0.769599
13070061	534	0.1	-0.1	-3.80356
13070061	535	0.1	-0.1	-3.48601
13070061	536	0.1	-0.1	-1.96302
13070061	537	0.1	-0.1	3.50899
13070061	538	0.1	-0.1	-1.2375
13070061	539	0.1	-0.1	-5.61256
13070061	540	0.1	-0.1	-0.011703
13070061	541	0.1	-0.1	-1.57326
13070061	542	0.1	-0.1	-4.48361
13070061	543	0.1	-0.1	-1.94804
13070061	544	0.1	-0.1	0.240298
13070061	545	0.1	-0.1	-3.0349
13070061	546	0.1	-0.1	-5.24868
13070061	547	0.1	-0.1	-5.93143
13070061	548	0.1	-0.1	1.00424
13070061	549	0.1	-0.1	-4.64915
13070061	550	0.1	-0.1	1.81349
13070061	551	0.1	-0.1	-1.57672
13070061	552	0.1	-0.1	-3.67206
13070061	553	0.1	-0.1	-5.03929
13070061	554	0.1	-0.1	-4.48162
13070061	555	0.1	-0.1	-1.31277
13070061	556	0.1	-0.1	1.4977
13070061	557	0.1	-0.1	1.08822
13070061	558	0.1	-0.1	4.31825
13070061	559	0.1	-0.1	3.39038
13070061	560	0.1	-0.1	4.4951
13070061	561	0.1	-0.1	1.47508
13070061	562	0.1	-0.1	2.55092
13070061	563	0.1	-0.1	5.29808
13070061	564	0.1	-0.1	-3.90207
13070061	565	0.1	-0.1	-1.93741
13070061	566	0.1	-0.1	0.754589
13070061	567	0.1	-0.1	-3.70367
13070061	568	0.1	-0.1	-5.80244
13070061	569	0.1	-0.1	-0.299315
13070061	570	0.1	-0.1	0.705378
13070061	571	0.1	-0.1	-2.65748
13070061	572	0.1	-0.1	0.00278046
13070061	573	0.1	-0.1	3.71457
13070061	574	0.1	-0.1	1.66175
13070061	575	0.1	-0.1	-3.32442
13070061	576	0.1	-0.1	0.757065
13070061	577	0.1	-0.1	4.86232
13070061	578	0.1	-0.1	-3.07713
13070061	579	0.1	-0.1	0.810681
13070061	580	0.1	-0.1	2.91755
13070061	581	0.1	-0.1	0.560298
13070061	582	0.1	-0.1	5.21351
13070061	583	0.1	-0.1	-5.72265
13070061	584	0.1	-0.1	-2.78639
13070061	585	0.1	-0.1	1.909
13070061	586	0.1	-0.1	-0.314114
13070061	587	0.1	-0.1	4.54113
13070061	588	0.1	-0.1	-5.52878
13070061	589	0.1	-0.1	1.83822
13070061	590	0.1	-0.1	0.858276
13070061	591	0.1	-0.1	3.29954
13070061	592	0.1	-0.1	-1.84239
13070061	593	0.1	-0.1	1.42477
13070061	594	0.1	-0.1	-0.15896
13070061	595	0.1	-0.1	5.12606
13070061	596	0.1	-0.1	-5.00476
13070061	597	0.1	-0.1	-1.73399
13070061	598	0.1	-0.1	1.39411
13070061	599	0.1	-0.1	-5.46554
13070061	600	0.1	-0.1	1.47401
13070061	601	0.1	-0.1	-1.43204
13070061	602	0.1	-0.1	1.09645
13070061	603	0.1	-0.1	-1.43817
13070061	604	0.1	-0.1	1.87188
13070061	605	0.1	-0.1	-5.792
13070061	606	0.1	-0.1	-2.96942
13070061	607	0.1	-0.1	2.21822
13070061	608	0.1	-0.1	2.79149
13070061	609	0.1	-0.1	5.54664
13070061	610	0.1	-0.1	-1.00572
13070061	611	0.1	-0.1	-2.72035
13070061	612	0.1	-0.1	-3.09663
13070061	613	0.1	-0.1	3.74189
13070061	614	0.1	-0.1	-2.4402
13070061	615	0.1	-0.1	-3.43633
13070061	616	0.1	-0.1	2.23918
13070061	617	0.1	-0.1	2.55503
13070061	618	0.1	-0.1	-2.64399
13070061	619	0.1	-0.1	-2.00769
13070061	620	0.1	-0.1	-0.503267
13070061	621	0.1	-0.1	5.00938
13070061	622	0.1	-0.1	0.912527
13070061	623	0.1	-0.1	5.38917
13070061	624	0.1	-0.1	-0.0120827
13070061	625	0.1	-0.1	-4.43899
13070061	626	0.1	-0.1	5.58663
13070061	627	0.1	-0.1	-4.59894
13070061	628	0.1	-0.1	4.67893
13070061	629	0.1	-0.1	-5.06733
13070061	630	0.1	-0.1	-5.82143
13070061	631	0.1	-0.1	0.991052
13070061	632	0.1	-0.1	-0.689238
13070061	633	0.1	-0.1	-1.17783
13070061	634	0.1	-0.1	2.66466
13070061	635	0.1	-0.1	0.326486
13070061	636	0.1	-0.1	5.07218
13070061	637	0.1	-0.1	5.95676
13070061	638	0.1	-0.1	2.27846
13070061	639	0.1	-0.1	0.525818
13070061	640	0.1	-0.1	4.28479
13070061	641	0.1	-0.1	-4.62574
13070061	642	0.1	-0.1	-3.88608
13070061	643	0.1	-0.1	0.855502
13070061	644	0.1	-0.1	5.47603
13070061	645	0.1	-0.1	2.68946
13070061	646	0.1	-0.1	-5.80394
13070061	647	0.1	-0.1	-2.20388
13070061	648	0.1	-0.1	-1.01442
13070061	649	0.1	-0.1	5.2366
13070061	650	0.1	-0.1	2.58666
13070061	651	0.1	-0.1	-1.33777
13070061	652	0.1	-0.1	5.21025
13070061	653	0.1	-0.1	-2.67733
13070061	654	0.1	-0.1	3.90089
13070061	655	0.1	-0.1	0.258152
13070061	656	0.1	-0.1	-5.47994
13070061	657	0.1	-0.1	0.806963
13070061	658	0.1	-0.1	-0.332017
13070061	659	0.1	-0.1	0.862033
13070061	660	0.1	-0.1	2.68421
13070061	661	0.1	-0.1	-2.27349
13070061	662	0.1	-0.1	-4.70303
13070061	663	0.1	-0.1	2.63761
13070061	664	0.1	-0.1	-2.46938
13070061	665	0.1	-0.1	-4.7935
13070061	666	0.1	-0.1	-3.5298
13070061	667	0.1	-0.1	-5.94674
13070061	668	0.1	-0.1	4.74503
13070061	669	0.1	-0.1	-5.65164
13070061	670	0.1	-0.1	0.447233
13070061	671	0.1	-0.1	0.942182
13070061	672	0.1	-0.1	5.92836
13070061	673	0.1	-0.1	1.59021
13070061	674	0.1	-0.1	2.07357
13070061	675	0.1	-0.1	4.40263
13070061	676	0.1	-0.1	3.01275
13070061	677	0.1	-0.1	-1.00864
13070061	678	0.1	-0.1	5.22696
13070061	679	0.1	-0.1	-2.98648
13070061	680	0.1	-0.1	3.49664
13070061	681	0.1	-0.1	3.372
13070061	682	0.1	-0.1	2.97131
13070061	683	0.1	-0.1	5.64331
13070061	684	0.1	-0.1	-4.18369
13070061	685	0.1	-0.1	-1.4857
13070061	686	0.1	-0.1	-1.54141
13070061	687	0.1	-0.1	-3.81187
13070061	688	0.1	-0.1	-4.56802
13070061	689	0.1	-0.1	2.72613
13070061	690	0.1	-0.1	-1.50204
13070061	691	0.1	-0.1	4.97073
13070061	692	0.1	-0.1	3.2632
13070061	693	0.1	-0.1	3.99652
13070061	694	0.1	-0.1	1.10055
13070061	695	0.1	-0.1	-5.82419
13070061	696	0.1	-0.1	-5.92395
13070061	697	0.1	-0.1	5.94902
13070061	698	0.1	-0.1	-2.18025
13070061	699	0.1	-0.1	2.43403
13070061	700	0.1	-0.1	-3.65129
13070061	701	0.1	-0.1	-4.32954
13070061	702	0.1	-0.1	-3.74503
13070061	703	0.1	-0.1	3.11604
13070061	704	0.1	-0.1	-0.824379
13070061	705	0.1	-0.1	-0.918562
13070061	706	0.1	-0.1	-5.99516
13070061	707	0.1	-0.1	-2.62571
13070061	708	0.1	-0.1	-5.05944
13070061	709	0.1	-0.1	-4.89694
13070061	710	0.1	-0.1	-4.0891
13070061	711	0.1	-0.1	-2.2817
13070061	712	0.1	-0.1	1.81349
13070061	713	0.1	-0.1	-5.60846
13070061	714	0.1	-0.1	4.06414
13070061	715	0.1	-0.1	2.57536
13070061	716	0.1	-0.1	1.66298
13070061	717	0.1	-0.1	-3.54925
13070061	718	0.1	-0.1	1.26643
13070061	719	0.1	-0.1	4.92729
13070061	720	0.1	-0.1	-5.99485
13070061	721	0.1	-0.1	-5.02887
13070061	722	0.1	-0.1	5.34603
13070061	723	0.1	-0.1	-5.13035
13070061	724	0.1	-0.1	-2.1124
13070061	725	0.1	-0.1	-1.02334
13070061	726	0.1	-0.1	-0.0129525
13070061	727	0.1	-0.1	-3.77154
13070061	728	0.1	-0.1	-3.41268
13070061	729	0.1	-0.1	-2.57019
13070061	730	0.1	-0.1	4.87269
13070061	731	0.1	-0.1	-1.86336
13070061	732	0.1	-0.1	-0.944752
13070061	733	0.1	-0.1	-0.957437
13070061	734	0.1	-0.1	4.56636
13070061	735	0.1	-0.1	5.92513
13070061	736	0.1	-0.1	3.34161
13070061	737	0.1	-0.1	-4.27803
13070061	738	0.1	-0.1	-2.64948
13070061	739	0.1	-0.1	2.55975
13070061	740	0.1	-0.1	-4.98973
13070061	741	0.1	-0.1	-3.54166
13070061	742	0.1	-0.1	-0.19261
13070061	743	0.1	-0.1	-4.47841
13070061	744	0.1	-0.1	5.60666
13070061	745	0.1	-0.1	-3.96775
13070061	746	0.1	-0.1	-1.30547
13070061	747	0.1	-0.1	-4.80251
13070061	748	0.1	-0.1	-2.3391
13070061	749	0.1	-0.1	-3.95941
13070061	750	0.1	-0.1	4.70129
13070061	751	0.1	-0.1	4.90095
13070061	752	0.1	-0.1	-5.30102
13070061	753	0.1	-0.1	5.59123
13070061	754	0.1	-0.1	3.68972
13070061	755	0.1	-0.1	2.57697
13070061	756	0.1	-0.1	3.95933
13070061	757	0.1	-0.1	0.549615
13070061	758	0.1	-0.1	0.575127
13070061	759	0.1	-0.1	-0.609503
13070061	760	0.1	-0.1	0.392236
13070061	761	0.1	-0.1	1.41782
13070061	762	0.1	-0.1	-2.35118
13070061	763	0.1	-0.1	1.13387
13070061	764	0.1	-0.1	4.64201
13070061	765	0.1	-0.1	-4.34221
13070061	766	0.1	-0.1	-3.0515
13070061	767	0.1	-0.1	2.89731
13070061	768	0.1	-0.1	0.369669
13070061	769	0.1	-0.1	5.90747
13070061	770	0.1	-0.1	4.45466
13070061	771	0.1	-0.1	1.97273
13070061	772	0.1	-0.1	-0.445481
13070061	773	0.1	-0.1	3.25517
13070061	774	0.1	-0.1	-2.91427
13070061	775	0.1	-0.1	1.53717
13070061	776	0.1	-0.1	-5.83754
13070061	777	0.1	-0.1	0.0174378
13070061	778	0.1	-0.1	-5.18479
13070061	779	0.1	-0.1	3.17004
13070061	780	0.1	-0.1	-3.60715
13070061	781	0.1	-0.1	-0.180503
13070061	782	0.1	-0.1	-3.90161
13070061	783	0.1	-0.1	-3.67206
13070061	784	0.1	-0.1	4.20984
13070061	785	0.1	-0.1	-3.16204
13070061	786	0.1	-0.1	0.334104
13070061	787	0.1	-0.1	1.62663
13070061	788	0.1	-0.1	1.78826
13070061	789	0.1	-0.1	0.959327
13070061	790	0.1	-0.1	-5.94394
13070061	791	0.1	-0.1	3.33141
13070061	792	0.1	-0.1	-4.61269
13070061	793	0.1	-0.1	5.70066
13070061	794	0.1	-0.1	5.27888
13070061	795	0.1	-0.1	0.900819
13070061	796	0.1	-0.1	3.88763
13070061	797	0.1	-0.1	-0.343934
13070061	798	0.1	-0.1	-3.31387
13070061	799	0.1	-0.1	4.41812
13070061	800	0.1	-0.1	-2.58995
13070061	801	0.1	-0.1	2.25048
13070061	802	0.1	-0.1	0.611179
13070061	803	0.1	-0.1	-5.07767
13070061	804	0.1	-0.1	1.6689
13070061	805	0.1	-0.1	2.32608
13070061	806	0.1	-0.1	-5.5452
13070061	807	0.1	-0.1	0.178506
13070061	808	0.1	-0.1	4.92271
13070061	809	0.1	-0.1	-1.40254
13070061	810	0.1	-0.1	5.7145
13070061	811	0.1	-0.1	-1.87111
13070061	812	0.1	-0.1	5.30836
13070061	813	0.1	-0.1	-0.952161
13070061	814	0.1	-0.1	1.07335
13070061	815	0.1	-0.1	2.15976
13070061	816	0.1	-0.1	-0.724337
13070061	817	0.1	-0.1	-5.94413
13070061	818	0.1	-0.1	-5.65024
13070061	819	0.1	-0.1	-3.5163
13070061	820	0.1	-0.1	-2.34536
13070061	821	0.1	-0.1	2.17208
13070061	822	0.1	-0.1	4.22765
13070061	823	0.1	-0.1	4.9094
13070061	824	0.1	-0.1	-0.206583
13070061	825	0.1	-0.1	-2.98219
13070061	826	0.1	-0.1	-4.25704
13070061	827	0.1	-0.1	1.8115
13070061	828	0.1	-0.1	2.77323
13070061	829	0.1	-0.1	5.67522
13070061	830	0.1	-0.1	-0.290424
13070061	831	0.1	-0.1	-1.25402
13070061	832	0.1	-0.1	-5.6808
13070061	833	0.1	-0.1	-1.30934
13070061	834	0.1	-0.1	-5.86235
13070061	835	0.1	-0.1	-4.77219
13070061	836	0.1	-0.1	-5.41703
13070061	837	0.1	-0.1	0.100734
13070061	838	0.1	-0.1	3.31556
13070061	839	0.1	-0.1	0.227418
13070061	840	0.1	-0.1	5.42265
13070061	841	0.1	-0.1	-0.639818
13070061	842	0.1	-0.1	5.77135
13070061	843	0.1	-0.1	-1.96987
13070061	844	0.1	-0.1	0.542335
13070061	845	0.1	-0.1	5.77334
13070061	846	0.1	-0.1	4.88193
13070061	847	0.1	-0.1	-0.303672
13070061	848	0.1	-0.1	-3.44533
13070061	849	0.1	-0.1	-5.35041
13070061	850	0.1	-0.1	5.70883
13070061	851	0.1	-0.1	-3.93234
13070061	852	0.1	-0.1	3.70473
13070061	853	0.1	-0.1	3.94748
13070061	854	0.1	-0.1	-3.06611
13070061	855	0.1	-0.1	2.33186
13070061	856	0.1	-0.1	2.84061
13070061	857	0.1	-0.1	-0.0242972
13070061	858	0.1	-0.1	-0.447127
13070061	859	0.1	-0.1	-0.632169
13070061	860	0.1	-0.1	-0.968918
13070061	861	0.1	-0.1	5.48644
13070061	862	0.1	-0.1	3.94635
13070061	863	0.1	-0.1	-5.42183
13070061	864	0.1	-0.1	0.718765
13070061	865	0.1	-0.1	-5.09831
13070061	866	0.1	-0.1	0.804905
13070061	867	0.1	-0.1	1.348
13070061	868	0.1	-0.1	-5.76313
13070061	869	0.1	-0.1	-5.19193
13070061	870	0.1	-0.1	2.49894
13070061	871	0.1	-0.1	5.74815
13070061	872	0.1	-0.1	-2.21946
13070061	873	0.1	-0.1	-3.13627
13070061	874	0.1	-0.1	5.65279
13070061	875	0.1	-0.1	-5.28601
13070061	876	0.1	-0.1	4.27103
13070061	877	0.1	-0.1	-3.40066
13070061	878	0.1	-0.1	-1.7763
13070061	879	0.1	-0.1	-4.99798
13070061	880	0.1	-0.1	-5.34493
13070061	881	0.1	-0.1	2.52084
13070061	882	0.1	-0.1	-5.16224
13070061	883	0.1	-0.1	2.14227
13070061	884	0.1	-0.1	4.52161
13070061	885	0.1	-0.1	-0.0237733
13070061	886	0.1	-0.1	0.897404
13070061	887	0.1	-0.1	-5.74235
13070061	888	0.1	-0.1	-1.76727
13070061	889	0.1	-0.1	-5.32417
13070061	890	0.1	-0.1	4.85426
13070061	891	0.1	-0.1	4.05528
13070061	892	0.1	-0.1	2.44893
13070061	893	0.1	-0.1	4.67389
13070061	894	0.1	-0.1	-5.24946
13070061	895	0.1	-0.1	3.26592
13070061	896	0.1	-0.1	3.17271
13070061	897	0.1	-0.1	-4.66594
13070061	898	0.1	-0.1	-3.58492
13070061	899	0.1	-0.1	3.22993
13070061	900	0.1	-0.1	-0.178065
13070061	901	0.1	-0.1	0.839719
13070061	902	0.1	-0.1	-0.0440167
13070061	903	0.1	-0.1	4.89491
13070061	904	0.1	-0.1	-2.22613
13070061	905	0.1	-0.1	-0.136742
13070061	906	0.1	-0.1	1.88983
13070061	907	0.1	-0.1	1.10806
13070061	908	0.1	-0.1	-2.94938
13070061	909	0.1	-0.1	-2.48894
13070061	910	0.1	-0.1	-1.66007
13070061	911	0.1	-0.1	-2.85373
13070061	912	0.1	-0.1	0.965395
13070061	913	0.1	-0.1	5.7532
13070061	914	0.1	-0.1	0.363894
13070061	915	0.1	-0.1	1.06077
13070061	916	0.1	-0.1	-5.06834
13070061	917	0.1	-0.1	4.70504
13070061	918	0.1	-0.1	-5.72704
13070061	919	0.1	-0.1	-0.756736
13070061	920	0.1	-0.1	-5.11071
13070061	921	0.1	-0.1	4.24924
13070061	922	0.1	-0.1	0.254819
13070061	923	0.1	-0.1	1.93635
13070061	924	0.1	-0.1	2.15727
13070061	925	0.1	-0.1	4.61897
13070061	926	0.1	-0.1	-5.55854
13070061	927	0.1	-0.1	-3.19142
13070061	928	0.1	-0.1	4.67454
13070061	929	0.1	-0.1	1.4092
13070061	930	0.1	-0.1	-3.30361
13070061	931	0.1	-0.1	-5.414
13070061	932	0.1	-0.1	0.944554
13070061	933	0.1	-0.1	-4.58951
13070061	934	0.1	-0.1	5.39668
13070061	935	0.1	-0.1	4.20529
13070061	936	0.1	-0.1	-2.07053
13070061	937	0.1	-0.1	2.12796
13070061	938	0.1	-0.1	3.72089
13070061	939	0.1	-0.1	-3.02325
13070061	940	0.1	-0.1	-5.02669
13070061	941	0.1	-0.1	-2.41238
13070061	942	0.1	-0.1	-4.46979
13070061	943	0.1	-0.1	-3.32528
13070061	944	0.1	-0.1	-4.68912
13070061	945	0.1	-0.1	4.33932
13070061	946	0.1	-0.1	-4.53499
13070061	947	0.1	-0.1	4.95948
13070061	948	0.1	-0.1	3.32726
13070061	949	0.1	-0.1	-5.69732
13070061	950	0.1	-0.1	-4.17483
13070061	951	0.1	-0.1	1.43627
13070061	952	0.1	-0.1	4.18952
13070061	953	0.1	-0.1	5.73962
13070061	954	0.1	-0.1	-2.12016
13070061	955	0.1	-0.1	-3.3099
13070061	956	0.1	-0.1	-3.2614
13070061	957	0.1	-0.1	0.521918
13070061	958	0.1	-0.1	2.4733
13070061	959	0.1	-0.1	3.68093
13070061	960	0.1	-0.1	-4.70803
13070061	961	0.1	-0.1	0.844056
13070061	962	0.1	-0.1	5.10821
13070061	963	0.1	-0.1	1.19036
13070061	964	0.1	-0.1	4.46059
13070061	965	0.1	-0.1	-5.18004
13070061	966	0.1	-0.1	-4.27182
13070061	967	0.1	-0.1	3.85884
13070061	968	0.1	-0.1	0.834887
13070061	969	0.1	-0.1	5.34968
13070061	970	0.1	-0.1	-3.54933
13070061	971	0.1	-0.1	-5.9126
13070061	972	0.1	-0.1	0.434488
13070061	973	0.1	-0.1	4.12054
13070061	974	0.1	-0.1	1.199
13070061	975	0.1	-0.1	5.77235
13070061	976	0.1	-0.1	-4.1739
13070061	977	0.1	-0.1	1.39424
13070061	978	0.1	-0.1	5.76098
13070061	979	0.1	-0.1	-0.622038
13070061	980	0.1	-0.1	5.29611
13070061	981	0.1	-0.1	4.19548
13070061	982	0.1	-0.1	-4.83587
13070061	983	0.1	-0.1	-5.69289
13070061	984	0.1	-0.1	2.16354
13070061	985	0.1	-0.1	-4.46301
13070061	986	0.1	-0.1	-0.970126
13070061	987	0.1	-0.1	3.1339
13070061	988	0.1	-0.1	-3.13059
13070061	989	0.1	-0.1	-2.77004
13070061	990	0.1	-0.1	-4.85251
13070061	991	0.1	-0.1	3.56497
13070061	992	0.1	-0.1	-3.52741
13070061	993	0.1	-0.1	1.63219
13070061	994	0.1	-0.1	-0.63957
13070061	995	0.1	-0.1	-1.034
13070061	996	0.1	-0.1	-0.479899
13070061	997	0.1	-0.1	5.83035
13070061	998	0.1	-0.1	0.416072
13070061	999	0.1	-0.1	4.65069
13070061	1000	0.1	-0.1	-0.411054
