13071010	1	0.1	-0.1	3.06893
13071010	2	0.1	-0.1	4.85559
13071010	3	0.1	-0.1	-0.963043
13071010	4	0.1	-0.1	-2.79458
13071010	5	0.1	-0.1	2.82031
13071010	6	0.1	-0.1	3.57463
13071010	7	0.1	-0.1	3.68899
13071010	8	0.1	-0.1	-1.86957
13071010	9	0.1	-0.1	-0.885653
13071010	10	0.1	-0.1	-2.30688
13071010	11	0.1	-0.1	-4.53167
13071010	12	0.1	-0.1	-2.38736
13071010	13	0.1	-0.1	-1.84437
13071010	14	0.1	-0.1	2.81596
13071010	15	0.1	-0.1	-0.313283
13071010	16	0.1	-0.1	-0.831327
13071010	17	0.1	-0.1	-4.09826
13071010	18	0.1	-0.1	-4.34188
13071010	19	0.1	-0.1	-2.89882
13071010	20	0.1	-0.1	5.63186
13071010	21	0.1	-0.1	5.80688
13071010	22	0.1	-0.1	-5.54584
13071010	23	0.1	-0.1	-1.72138
13071010	24	0.1	-0.1	-4.02253
13071010	25	0.1	-0.1	1.45227
13071010	26	0.1	-0.1	-2.32532
13071010	27	0.1	-0.1	-1.48203
13071010	28	0.1	-0.1	1.22572
13071010	29	0.1	-0.1	-0.477937
13071010	30	0.1	-0.1	-3.48614
13071010	31	0.1	-0.1	2.43031
13071010	32	0.1	-0.1	-2.65399
13071010	33	0.1	-0.1	1.61065
13071010	34	0.1	-0.1	1.36216
13071010	35	0.1	-0.1	-4.07645
13071010	36	0.1	-0.1	-0.288104
13071010	37	0.1	-0.1	-4.19176
13071010	38	0.1	-0.1	0.435273
13071010	39	0.1	-0.1	3.69155
13071010	40	0.1	-0.1	-1.99318
13071010	41	0.1	-0.1	-0.285947
13071010	42	0.1	-0.1	-1.11987
13071010	43	0.1	-0.1	-1.95291
13071010	44	0.1	-0.1	1.26861
13071010	45	0.1	-0.1	-0.143863
13071010	46	0.1	-0.1	-2.32583
13071010	47	0.1	-0.1	-1.58246
13071010	48	0.1	-0.1	5.65993
13071010	49	0.1	-0.1	-5.42224
13071010	50	0.1	-0.1	4.07299
13071010	51	0.1	-0.1	1.83377
13071010	52	0.1	-0.1	0.335275
13071010	53	0.1	-0.1	4.05324
13071010	54	0.1	-0.1	-4.74861
13071010	55	0.1	-0.1	-3.33511
13071010	56	0.1	-0.1	3.86042
13071010	57	0.1	-0.1	0.765308
13071010	58	0.1	-0.1	0.521754
13071010	59	0.1	-0.1	2.18548
13071010	60	0.1	-0.1	-2.58949
13071010	61	0.1	-0.1	-4.22829
13071010	62	0.1	-0.1	-4.61352
13071010	63	0.1	-0.1	3.58045
13071010	64	0.1	-0.1	-5.14828
13071010	65	0.1	-0.1	3.68638
13071010	66	0.1	-0.1	-2.48189
13071010	67	0.1	-0.1	-5.8528
13071010	68	0.1	-0.1	4.30653
13071010	69	0.1	-0.1	1.27147
13071010	70	0.1	-0.1	3.38137
13071010	71	0.1	-0.1	-4.39474
13071010	72	0.1	-0.1	-1.46321
13071010	73	0.1	-0.1	-5.78162
13071010	74	0.1	-0.1	-1.78806
13071010	75	0.1	-0.1	1.57883
13071010	76	0.1	-0.1	0.825958
13071010	77	0.1	-0.1	-3.66264
13071010	78	0.1	-0.1	-1.05815
13071010	79	0.1	-0.1	3.15412
13071010	80	0.1	-0.1	3.28997
13071010	81	0.1	-0.1	-3.53176
13071010	82	0.1	-0.1	-2.11862
13071010	83	0.1	-0.1	5.37563
13071010	84	0.1	-0.1	-3.34813
13071010	85	0.1	-0.1	2.28801
13071010	86	0.1	-0.1	1.20299
13071010	87	0.1	-0.1	3.67419
13071010	88	0.1	-0.1	3.06169
13071010	89	0.1	-0.1	-5.18743
13071010	90	0.1	-0.1	-3.56996
13071010	91	0.1	-0.1	0.79545
13071010	92	0.1	-0.1	-0.123346
13071010	93	0.1	-0.1	-1.13825
13071010	94	0.1	-0.1	-5.92622
13071010	95	0.1	-0.1	0.64598
13071010	96	0.1	-0.1	3.39654
13071010	97	0.1	-0.1	-2.46898
13071010	98	0.1	-0.1	-4.38348
13071010	99	0.1	-0.1	-3.18614
13071010	100	0.1	-0.1	4.9909
13071010	101	0.1	-0.1	-0.00795255
13071010	102	0.1	-0.1	3.77966
13071010	103	0.1	-0.1	-3.05171
13071010	104	0.1	-0.1	-5.18591
13071010	105	0.1	-0.1	3.30805
13071010	106	0.1	-0.1	-3.94455
13071010	107	0.1	-0.1	1.32842
13071010	108	0.1	-0.1	-2.78356
13071010	109	0.1	-0.1	-3.67645
13071010	110	0.1	-0.1	1.14084
13071010	111	0.1	-0.1	0.488161
13071010	112	0.1	-0.1	5.98173
13071010	113	0.1	-0.1	-0.834355
13071010	114	0.1	-0.1	4.76518
13071010	115	0.1	-0.1	4.59258
13071010	116	0.1	-0.1	5.2973
13071010	117	0.1	-0.1	-3.42555
13071010	118	0.1	-0.1	3.83269
13071010	119	0.1	-0.1	0.81834
13071010	120	0.1	-0.1	5.014
13071010	121	0.1	-0.1	-1.09884
13071010	122	0.1	-0.1	-1.48456
13071010	123	0.1	-0.1	4.53546
13071010	124	0.1	-0.1	-0.281583
13071010	125	0.1	-0.1	0.636749
13071010	126	0.1	-0.1	5.68964
13071010	127	0.1	-0.1	-4.58348
13071010	128	0.1	-0.1	-5.67265
13071010	129	0.1	-0.1	1.13263
13071010	130	0.1	-0.1	-5.09408
13071010	131	0.1	-0.1	2.54946
13071010	132	0.1	-0.1	-2.02424
13071010	133	0.1	-0.1	2.18523
13071010	134	0.1	-0.1	3.93552
13071010	135	0.1	-0.1	-1.35943
13071010	136	0.1	-0.1	-4.45225
13071010	137	0.1	-0.1	3.25056
13071010	138	0.1	-0.1	2.26267
13071010	139	0.1	-0.1	-3.10474
13071010	140	0.1	-0.1	-2.74358
13071010	141	0.1	-0.1	-2.82045
13071010	142	0.1	-0.1	-0.15024
13071010	143	0.1	-0.1	0.4588
13071010	144	0.1	-0.1	-2.01519
13071010	145	0.1	-0.1	5.03782
13071010	146	0.1	-0.1	3.45191
13071010	147	0.1	-0.1	3.43358
13071010	148	0.1	-0.1	-4.07196
13071010	149	0.1	-0.1	1.54627
13071010	150	0.1	-0.1	-0.165276
13071010	151	0.1	-0.1	-5.40442
13071010	152	0.1	-0.1	1.12886
13071010	153	0.1	-0.1	4.02443
13071010	154	0.1	-0.1	4.12606
13071010	155	0.1	-0.1	-0.17004
13071010	156	0.1	-0.1	4.09
13071010	157	0.1	-0.1	-1.48068
13071010	158	0.1	-0.1	-4.66822
13071010	159	0.1	-0.1	4.5507
13071010	160	0.1	-0.1	4.96216
13071010	161	0.1	-0.1	-0.215063
13071010	162	0.1	-0.1	-1.88786
13071010	163	0.1	-0.1	-0.914812
13071010	164	0.1	-0.1	3.89006
13071010	165	0.1	-0.1	-4.25327
13071010	166	0.1	-0.1	-4.73244
13071010	167	0.1	-0.1	3.12229
13071010	168	0.1	-0.1	2.47171
13071010	169	0.1	-0.1	-1.7533
13071010	170	0.1	-0.1	-1.3659
13071010	171	0.1	-0.1	-1.91248
13071010	172	0.1	-0.1	-4.45265
13071010	173	0.1	-0.1	-2.47248
13071010	174	0.1	-0.1	2.87805
13071010	175	0.1	-0.1	-2.60359
13071010	176	0.1	-0.1	-1.21123
13071010	177	0.1	-0.1	1.74681
13071010	178	0.1	-0.1	-2.75336
13071010	179	0.1	-0.1	-3.16508
13071010	180	0.1	-0.1	-3.54467
13071010	181	0.1	-0.1	3.59987
13071010	182	0.1	-0.1	3.31358
13071010	183	0.1	-0.1	-3.16041
13071010	184	0.1	-0.1	-5.8819
13071010	185	0.1	-0.1	-2.0343
13071010	186	0.1	-0.1	1.07061
13071010	187	0.1	-0.1	-5.16708
13071010	188	0.1	-0.1	2.76133
13071010	189	0.1	-0.1	1.92113
13071010	190	0.1	-0.1	3.71825
13071010	191	0.1	-0.1	2.37978
13071010	192	0.1	-0.1	-1.22712
13071010	193	0.1	-0.1	-5.09997
13071010	194	0.1	-0.1	-3.82565
13071010	195	0.1	-0.1	-2.59345
13071010	196	0.1	-0.1	-1.71257
13071010	197	0.1	-0.1	-4.05694
13071010	198	0.1	-0.1	3.10485
13071010	199	0.1	-0.1	1.1309
13071010	200	0.1	-0.1	0.515352
13071010	201	0.1	-0.1	-0.540115
13071010	202	0.1	-0.1	-0.0226941
13071010	203	0.1	-0.1	2.35028
13071010	204	0.1	-0.1	2.01379
13071010	205	0.1	-0.1	1.55109
13071010	206	0.1	-0.1	0.735821
13071010	207	0.1	-0.1	-2.19069
13071010	208	0.1	-0.1	0.841368
13071010	209	0.1	-0.1	1.8133
13071010	210	0.1	-0.1	4.19161
13071010	211	0.1	-0.1	-3.08194
13071010	212	0.1	-0.1	-2.89099
13071010	213	0.1	-0.1	3.35714
13071010	214	0.1	-0.1	2.64299
13071010	215	0.1	-0.1	-1.94587
13071010	216	0.1	-0.1	3.91276
13071010	217	0.1	-0.1	-2.43868
13071010	218	0.1	-0.1	-5.12368
13071010	219	0.1	-0.1	2.99944
13071010	220	0.1	-0.1	1.4041
13071010	221	0.1	-0.1	-1.00473
13071010	222	0.1	-0.1	0.925138
13071010	223	0.1	-0.1	5.15756
13071010	224	0.1	-0.1	5.67679
13071010	225	0.1	-0.1	-1.40921
13071010	226	0.1	-0.1	-2.01152
13071010	227	0.1	-0.1	3.91597
13071010	228	0.1	-0.1	-1.83158
13071010	229	0.1	-0.1	1.57605
13071010	230	0.1	-0.1	2.97913
13071010	231	0.1	-0.1	5.03572
13071010	232	0.1	-0.1	-3.27459
13071010	233	0.1	-0.1	-4.06824
13071010	234	0.1	-0.1	5.32986
13071010	235	0.1	-0.1	1.67677
13071010	236	0.1	-0.1	-1.01651
13071010	237	0.1	-0.1	-4.59157
13071010	238	0.1	-0.1	-4.88848
13071010	239	0.1	-0.1	-5.2985
13071010	240	0.1	-0.1	-2.59083
13071010	241	0.1	-0.1	5.50505
13071010	242	0.1	-0.1	5.93771
13071010	243	0.1	-0.1	-0.0867694
13071010	244	0.1	-0.1	1.43356
13071010	245	0.1	-0.1	-0.326323
13071010	246	0.1	-0.1	-5.12404
13071010	247	0.1	-0.1	-3.3158
13071010	248	0.1	-0.1	0.496957
13071010	249	0.1	-0.1	-3.85756
13071010	250	0.1	-0.1	-3.75138
13071010	251	0.1	-0.1	1.8606
13071010	252	0.1	-0.1	3.29099
13071010	253	0.1	-0.1	-3.93081
13071010	254	0.1	-0.1	-1.32613
13071010	255	0.1	-0.1	0.769861
13071010	256	0.1	-0.1	-2.96861
13071010	257	0.1	-0.1	0.756798
13071010	258	0.1	-0.1	4.11674
13071010	259	0.1	-0.1	-0.23828
13071010	260	0.1	-0.1	-3.76974
13071010	261	0.1	-0.1	4.86848
13071010	262	0.1	-0.1	-5.55022
13071010	263	0.1	-0.1	-5.9163
13071010	264	0.1	-0.1	1.63413
13071010	265	0.1	-0.1	3.55033
13071010	266	0.1	-0.1	4.58245
13071010	267	0.1	-0.1	-5.34556
13071010	268	0.1	-0.1	2.67649
13071010	269	0.1	-0.1	3.77889
13071010	270	0.1	-0.1	-4.88905
13071010	271	0.1	-0.1	0.0254418
13071010	272	0.1	-0.1	0.561972
13071010	273	0.1	-0.1	-1.0937
13071010	274	0.1	-0.1	1.86493
13071010	275	0.1	-0.1	2.76204
13071010	276	0.1	-0.1	-3.70611
13071010	277	0.1	-0.1	-1.51042
13071010	278	0.1	-0.1	-2.66325
13071010	279	0.1	-0.1	0.832375
13071010	280	0.1	-0.1	4.36004
13071010	281	0.1	-0.1	-0.175064
13071010	282	0.1	-0.1	3.0576
13071010	283	0.1	-0.1	-2.48065
13071010	284	0.1	-0.1	-0.618666
13071010	285	0.1	-0.1	1.9288
13071010	286	0.1	-0.1	-2.07442
13071010	287	0.1	-0.1	5.79675
13071010	288	0.1	-0.1	-3.82931
13071010	289	0.1	-0.1	5.03829
13071010	290	0.1	-0.1	-5.87463
13071010	291	0.1	-0.1	-3.4978
13071010	292	0.1	-0.1	1.0451
13071010	293	0.1	-0.1	-3.76239
13071010	294	0.1	-0.1	4.72273
13071010	295	0.1	-0.1	2.03226
13071010	296	0.1	-0.1	-4.50537
13071010	297	0.1	-0.1	-5.4546
13071010	298	0.1	-0.1	-2.81308
13071010	299	0.1	-0.1	-1.74818
13071010	300	0.1	-0.1	4.44751
13071010	301	0.1	-0.1	1.24087
13071010	302	0.1	-0.1	-2.83143
13071010	303	0.1	-0.1	-3.62754
13071010	304	0.1	-0.1	2.77111
13071010	305	0.1	-0.1	-2.62541
13071010	306	0.1	-0.1	-0.127423
13071010	307	0.1	-0.1	-4.898
13071010	308	0.1	-0.1	-0.823274
13071010	309	0.1	-0.1	-5.83284
13071010	310	0.1	-0.1	-2.78461
13071010	311	0.1	-0.1	-2.96732
13071010	312	0.1	-0.1	1.59634
13071010	313	0.1	-0.1	2.68405
13071010	314	0.1	-0.1	3.88151
13071010	315	0.1	-0.1	4.99246
13071010	316	0.1	-0.1	-3.627
13071010	317	0.1	-0.1	-0.73307
13071010	318	0.1	-0.1	-0.244927
13071010	319	0.1	-0.1	1.18309
13071010	320	0.1	-0.1	2.96875
13071010	321	0.1	-0.1	5.62188
13071010	322	0.1	-0.1	-4.04941
13071010	323	0.1	-0.1	-1.98116
13071010	324	0.1	-0.1	0.285847
13071010	325	0.1	-0.1	-3.05904
13071010	326	0.1	-0.1	1.55135
13071010	327	0.1	-0.1	-3.8184
13071010	328	0.1	-0.1	5.6375
13071010	329	0.1	-0.1	3.3049
13071010	330	0.1	-0.1	-3.41861
13071010	331	0.1	-0.1	-4.34165
13071010	332	0.1	-0.1	-4.05899
13071010	333	0.1	-0.1	4.82966
13071010	334	0.1	-0.1	5.53927
13071010	335	0.1	-0.1	2.39817
13071010	336	0.1	-0.1	4.57987
13071010	337	0.1	-0.1	4.2731
13071010	338	0.1	-0.1	-4.59105
13071010	339	0.1	-0.1	-4.57723
13071010	340	0.1	-0.1	4.2629
13071010	341	0.1	-0.1	2.46096
13071010	342	0.1	-0.1	4.94603
13071010	343	0.1	-0.1	4.93274
13071010	344	0.1	-0.1	-2.96528
13071010	345	0.1	-0.1	-1.11706
13071010	346	0.1	-0.1	-0.108329
13071010	347	0.1	-0.1	-3.01659
13071010	348	0.1	-0.1	-2.9551
13071010	349	0.1	-0.1	-1.24274
13071010	350	0.1	-0.1	2.77155
13071010	351	0.1	-0.1	-0.77915
13071010	352	0.1	-0.1	3.37556
13071010	353	0.1	-0.1	4.48838
13071010	354	0.1	-0.1	-1.88364
13071010	355	0.1	-0.1	1.87935
13071010	356	0.1	-0.1	1.06424
13071010	357	0.1	-0.1	3.12656
13071010	358	0.1	-0.1	5.10196
13071010	359	0.1	-0.1	-2.4578
13071010	360	0.1	-0.1	-0.195787
13071010	361	0.1	-0.1	-4.9979
13071010	362	0.1	-0.1	4.62857
13071010	363	0.1	-0.1	1.67056
13071010	364	0.1	-0.1	-0.833049
13071010	365	0.1	-0.1	-0.426293
13071010	366	0.1	-0.1	2.47985
13071010	367	0.1	-0.1	1.90525
13071010	368	0.1	-0.1	0.69176
13071010	369	0.1	-0.1	-2.24806
13071010	370	0.1	-0.1	-1.64203
13071010	371	0.1	-0.1	0.170497
13071010	372	0.1	-0.1	-3.60634
13071010	373	0.1	-0.1	-1.13124
13071010	374	0.1	-0.1	2.12187
13071010	375	0.1	-0.1	0.0108321
13071010	376	0.1	-0.1	-1.57423
13071010	377	0.1	-0.1	-0.188835
13071010	378	0.1	-0.1	-4.28492
13071010	379	0.1	-0.1	-3.43801
13071010	380	0.1	-0.1	2.82504
13071010	381	0.1	-0.1	-0.0609488
13071010	382	0.1	-0.1	-4.41563
13071010	383	0.1	-0.1	-1.74606
13071010	384	0.1	-0.1	2.77491
13071010	385	0.1	-0.1	-0.112008
13071010	386	0.1	-0.1	-5.30563
13071010	387	0.1	-0.1	-5.18815
13071010	388	0.1	-0.1	-0.721487
13071010	389	0.1	-0.1	-1.05366
13071010	390	0.1	-0.1	0.365583
13071010	391	0.1	-0.1	5.5961
13071010	392	0.1	-0.1	-4.2377
13071010	393	0.1	-0.1	2.94421
13071010	394	0.1	-0.1	2.24533
13071010	395	0.1	-0.1	-1.61397
13071010	396	0.1	-0.1	3.3227
13071010	397	0.1	-0.1	-3.8887
13071010	398	0.1	-0.1	1.98351
13071010	399	0.1	-0.1	-2.01949
13071010	400	0.1	-0.1	0.776192
13071010	401	0.1	-0.1	-5.8846
13071010	402	0.1	-0.1	4.45349
13071010	403	0.1	-0.1	-3.12623
13071010	404	0.1	-0.1	3.31804
13071010	405	0.1	-0.1	-1.76662
13071010	406	0.1	-0.1	-0.45862
13071010	407	0.1	-0.1	-4.22261
13071010	408	0.1	-0.1	4.78127
13071010	409	0.1	-0.1	5.69024
13071010	410	0.1	-0.1	-4.10713
13071010	411	0.1	-0.1	0.474267
13071010	412	0.1	-0.1	-3.00848
13071010	413	0.1	-0.1	3.16437
13071010	414	0.1	-0.1	-3.10517
13071010	415	0.1	-0.1	-2.47098
13071010	416	0.1	-0.1	5.84325
13071010	417	0.1	-0.1	0.433985
13071010	418	0.1	-0.1	-3.84591
13071010	419	0.1	-0.1	-2.34643
13071010	420	0.1	-0.1	-3.25021
13071010	421	0.1	-0.1	-3.86558
13071010	422	0.1	-0.1	5.93627
13071010	423	0.1	-0.1	5.28865
13071010	424	0.1	-0.1	0.994052
13071010	425	0.1	-0.1	-5.28585
13071010	426	0.1	-0.1	-2.05661
13071010	427	0.1	-0.1	5.59046
13071010	428	0.1	-0.1	-4.98276
13071010	429	0.1	-0.1	-2.14029
13071010	430	0.1	-0.1	5.23689
13071010	431	0.1	-0.1	0.126428
13071010	432	0.1	-0.1	0.11801
13071010	433	0.1	-0.1	0.674763
13071010	434	0.1	-0.1	-3.57106
13071010	435	0.1	-0.1	1.38087
13071010	436	0.1	-0.1	2.38637
13071010	437	0.1	-0.1	-4.50569
13071010	438	0.1	-0.1	-4.0111
13071010	439	0.1	-0.1	-2.55876
13071010	440	0.1	-0.1	2.9004
13071010	441	0.1	-0.1	2.19894
13071010	442	0.1	-0.1	-2.78515
13071010	443	0.1	-0.1	3.09353
13071010	444	0.1	-0.1	0.742414
13071010	445	0.1	-0.1	-0.441896
13071010	446	0.1	-0.1	3.32864
13071010	447	0.1	-0.1	-1.52916
13071010	448	0.1	-0.1	4.29554
13071010	449	0.1	-0.1	-2.66359
13071010	450	0.1	-0.1	-0.673155
13071010	451	0.1	-0.1	-0.785446
13071010	452	0.1	-0.1	-2.08257
13071010	453	0.1	-0.1	-4.33445
13071010	454	0.1	-0.1	1.35483
13071010	455	0.1	-0.1	-2.3862
13071010	456	0.1	-0.1	-4.66245
13071010	457	0.1	-0.1	-5.97698
13071010	458	0.1	-0.1	2.66426
13071010	459	0.1	-0.1	-1.99585
13071010	460	0.1	-0.1	5.60111
13071010	461	0.1	-0.1	2.28158
13071010	462	0.1	-0.1	2.97497
13071010	463	0.1	-0.1	-5.41211
13071010	464	0.1	-0.1	-4.66744
13071010	465	0.1	-0.1	-0.897147
13071010	466	0.1	-0.1	5.74385
13071010	467	0.1	-0.1	0.709193
13071010	468	0.1	-0.1	0.299948
13071010	469	0.1	-0.1	4.93096
13071010	470	0.1	-0.1	-1.81105
13071010	471	0.1	-0.1	-5.3368
13071010	472	0.1	-0.1	-5.16809
13071010	473	0.1	-0.1	-3.64103
13071010	474	0.1	-0.1	-1.52398
13071010	475	0.1	-0.1	-5.72796
13071010	476	0.1	-0.1	1.744
13071010	477	0.1	-0.1	0.0373004
13071010	478	0.1	-0.1	-5.82478
13071010	479	0.1	-0.1	5.55463
13071010	480	0.1	-0.1	2.90187
13071010	481	0.1	-0.1	-2.89564
13071010	482	0.1	-0.1	4.87206
13071010	483	0.1	-0.1	2.77942
13071010	484	0.1	-0.1	-3.75123
13071010	485	0.1	-0.1	5.88007
13071010	486	0.1	-0.1	2.105
13071010	487	0.1	-0.1	-2.69155
13071010	488	0.1	-0.1	4.7896
13071010	489	0.1	-0.1	-2.90128
13071010	490	0.1	-0.1	-0.196409
13071010	491	0.1	-0.1	-5.65848
13071010	492	0.1	-0.1	2.4725
13071010	493	0.1	-0.1	3.8499
13071010	494	0.1	-0.1	5.29246
13071010	495	0.1	-0.1	-5.63997
13071010	496	0.1	-0.1	-4.58885
13071010	497	0.1	-0.1	-4.76369
13071010	498	0.1	-0.1	1.37183
13071010	499	0.1	-0.1	5.08297
13071010	500	0.1	-0.1	3.26465
13071010	501	0.1	-0.1	-4.98068
13071010	502	0.1	-0.1	1.98134
13071010	503	0.1	-0.1	-2.59362
13071010	504	0.1	-0.1	0.271142
13071010	505	0.1	-0.1	-5.01608
13071010	506	0.1	-0.1	3.25982
13071010	507	0.1	-0.1	-3.66252
13071010	508	0.1	-0.1	-4.08116
13071010	509	0.1	-0.1	-1.56511
13071010	510	0.1	-0.1	-5.29121
13071010	511	0.1	-0.1	0.843593
13071010	512	0.1	-0.1	-4.70858
13071010	513	0.1	-0.1	3.37502
13071010	514	0.1	-0.1	3.89092
13071010	515	0.1	-0.1	-3.97296
13071010	516	0.1	-0.1	-5.99584
13071010	517	0.1	-0.1	3.19554
13071010	518	0.1	-0.1	5.39191
13071010	519	0.1	-0.1	-2.91401
13071010	520	0.1	-0.1	4.71314
13071010	521	0.1	-0.1	1.57688
13071010	522	0.1	-0.1	-5.90536
13071010	523	0.1	-0.1	5.10158
13071010	524	0.1	-0.1	-4.54974
13071010	525	0.1	-0.1	0.5718
13071010	526	0.1	-0.1	3.15909
13071010	527	0.1	-0.1	2.77357
13071010	528	0.1	-0.1	0.484324
13071010	529	0.1	-0.1	-0.643538
13071010	530	0.1	-0.1	-3.15559
13071010	531	0.1	-0.1	3.42538
13071010	532	0.1	-0.1	5.89001
13071010	533	0.1	-0.1	-3.33449
13071010	534	0.1	-0.1	4.4012
13071010	535	0.1	-0.1	4.97497
13071010	536	0.1	-0.1	-1.58104
13071010	537	0.1	-0.1	-4.76215
13071010	538	0.1	-0.1	1.11704
13071010	539	0.1	-0.1	5.79653
13071010	540	0.1	-0.1	5.60739
13071010	541	0.1	-0.1	4.40103
13071010	542	0.1	-0.1	5.54107
13071010	543	0.1	-0.1	-5.50122
13071010	544	0.1	-0.1	-5.37322
13071010	545	0.1	-0.1	0.341188
13071010	546	0.1	-0.1	-5.75387
13071010	547	0.1	-0.1	-2.69649
13071010	548	0.1	-0.1	1.56316
13071010	549	0.1	-0.1	5.00059
13071010	550	0.1	-0.1	2.08016
13071010	551	0.1	-0.1	-2.43779
13071010	552	0.1	-0.1	-0.604384
13071010	553	0.1	-0.1	5.58459
13071010	554	0.1	-0.1	1.831
13071010	555	0.1	-0.1	0.286273
13071010	556	0.1	-0.1	0.038584
13071010	557	0.1	-0.1	-1.28032
13071010	558	0.1	-0.1	-0.657406
13071010	559	0.1	-0.1	2.42494
13071010	560	0.1	-0.1	2.0759
13071010	561	0.1	-0.1	1.92463
13071010	562	0.1	-0.1	0.97377
13071010	563	0.1	-0.1	-0.80884
13071010	564	0.1	-0.1	-1.90221
13071010	565	0.1	-0.1	2.96299
13071010	566	0.1	-0.1	-0.656994
13071010	567	0.1	-0.1	1.33283
13071010	568	0.1	-0.1	-5.20713
13071010	569	0.1	-0.1	-0.34209
13071010	570	0.1	-0.1	-1.73539
13071010	571	0.1	-0.1	2.8013
13071010	572	0.1	-0.1	-4.96494
13071010	573	0.1	-0.1	-3.9994
13071010	574	0.1	-0.1	-4.46076
13071010	575	0.1	-0.1	2.51583
13071010	576	0.1	-0.1	5.99189
13071010	577	0.1	-0.1	-2.46989
13071010	578	0.1	-0.1	5.08225
13071010	579	0.1	-0.1	-3.02613
13071010	580	0.1	-0.1	1.01122
13071010	581	0.1	-0.1	-2.87803
13071010	582	0.1	-0.1	4.01051
13071010	583	0.1	-0.1	-1.99938
13071010	584	0.1	-0.1	-3.52173
13071010	585	0.1	-0.1	1.25993
13071010	586	0.1	-0.1	0.833059
13071010	587	0.1	-0.1	-1.75224
13071010	588	0.1	-0.1	-2.13768
13071010	589	0.1	-0.1	-3.78898
13071010	590	0.1	-0.1	-1.01682
13071010	591	0.1	-0.1	-1.90405
13071010	592	0.1	-0.1	-0.965773
13071010	593	0.1	-0.1	0.248346
13071010	594	0.1	-0.1	4.60128
13071010	595	0.1	-0.1	-1.46374
13071010	596	0.1	-0.1	0.457984
13071010	597	0.1	-0.1	-3.53668
13071010	598	0.1	-0.1	-5.38927
13071010	599	0.1	-0.1	-2.09207
13071010	600	0.1	-0.1	-1.26864
13071010	601	0.1	-0.1	-1.42706
13071010	602	0.1	-0.1	-4.06903
13071010	603	0.1	-0.1	1.86063
13071010	604	0.1	-0.1	5.53598
13071010	605	0.1	-0.1	4.20418
13071010	606	0.1	-0.1	5.3262
13071010	607	0.1	-0.1	3.35451
13071010	608	0.1	-0.1	2.46127
13071010	609	0.1	-0.1	-3.23061
13071010	610	0.1	-0.1	-4.79047
13071010	611	0.1	-0.1	-5.09265
13071010	612	0.1	-0.1	-5.55423
13071010	613	0.1	-0.1	-0.977007
13071010	614	0.1	-0.1	-3.89086
13071010	615	0.1	-0.1	-5.02899
13071010	616	0.1	-0.1	1.99823
13071010	617	0.1	-0.1	-4.09988
13071010	618	0.1	-0.1	-0.581674
13071010	619	0.1	-0.1	-0.0497752
13071010	620	0.1	-0.1	-0.756894
13071010	621	0.1	-0.1	5.53514
13071010	622	0.1	-0.1	1.90289
13071010	623	0.1	-0.1	2.28323
13071010	624	0.1	-0.1	-1.27738
13071010	625	0.1	-0.1	0.00762684
13071010	626	0.1	-0.1	-0.523229
13071010	627	0.1	-0.1	-4.25019
13071010	628	0.1	-0.1	5.83347
13071010	629	0.1	-0.1	-4.59263
13071010	630	0.1	-0.1	-3.49804
13071010	631	0.1	-0.1	0.778064
13071010	632	0.1	-0.1	3.82464
13071010	633	0.1	-0.1	1.52383
13071010	634	0.1	-0.1	-4.37122
13071010	635	0.1	-0.1	-2.94154
13071010	636	0.1	-0.1	-2.09925
13071010	637	0.1	-0.1	-5.83288
13071010	638	0.1	-0.1	-3.49079
13071010	639	0.1	-0.1	2.49482
13071010	640	0.1	-0.1	3.47802
13071010	641	0.1	-0.1	5.27229
13071010	642	0.1	-0.1	4.86767
13071010	643	0.1	-0.1	-1.91898
13071010	644	0.1	-0.1	-5.12132
13071010	645	0.1	-0.1	4.89114
13071010	646	0.1	-0.1	-1.8078
13071010	647	0.1	-0.1	3.68769
13071010	648	0.1	-0.1	-0.966351
13071010	649	0.1	-0.1	0.879935
13071010	650	0.1	-0.1	3.66797
13071010	651	0.1	-0.1	-0.770229
13071010	652	0.1	-0.1	0.242083
13071010	653	0.1	-0.1	-0.368153
13071010	654	0.1	-0.1	-3.12549
13071010	655	0.1	-0.1	-4.32164
13071010	656	0.1	-0.1	-1.33805
13071010	657	0.1	-0.1	-5.12794
13071010	658	0.1	-0.1	2.01343
13071010	659	0.1	-0.1	-3.97619
13071010	660	0.1	-0.1	-0.680516
13071010	661	0.1	-0.1	-4.17967
13071010	662	0.1	-0.1	-5.52916
13071010	663	0.1	-0.1	-2.47005
13071010	664	0.1	-0.1	1.32791
13071010	665	0.1	-0.1	2.46164
13071010	666	0.1	-0.1	0.726674
13071010	667	0.1	-0.1	-1.48201
13071010	668	0.1	-0.1	-1.2573
13071010	669	0.1	-0.1	-2.97291
13071010	670	0.1	-0.1	3.65028
13071010	671	0.1	-0.1	-0.452496
13071010	672	0.1	-0.1	-4.4998
13071010	673	0.1	-0.1	-2.4953
13071010	674	0.1	-0.1	3.49282
13071010	675	0.1	-0.1	0.100591
13071010	676	0.1	-0.1	-3.85352
13071010	677	0.1	-0.1	4.42637
13071010	678	0.1	-0.1	-0.638579
13071010	679	0.1	-0.1	-4.47156
13071010	680	0.1	-0.1	2.79573
13071010	681	0.1	-0.1	-1.37924
13071010	682	0.1	-0.1	1.93984
13071010	683	0.1	-0.1	4.5598
13071010	684	0.1	-0.1	-1.69684
13071010	685	0.1	-0.1	5.13518
13071010	686	0.1	-0.1	0.952541
13071010	687	0.1	-0.1	5.55356
13071010	688	0.1	-0.1	5.07731
13071010	689	0.1	-0.1	-0.160229
13071010	690	0.1	-0.1	0.396228
13071010	691	0.1	-0.1	-2.13987
13071010	692	0.1	-0.1	0.8605
13071010	693	0.1	-0.1	1.43865
13071010	694	0.1	-0.1	-0.77422
13071010	695	0.1	-0.1	-0.82666
13071010	696	0.1	-0.1	3.96387
13071010	697	0.1	-0.1	-1.60952
13071010	698	0.1	-0.1	-0.332813
13071010	699	0.1	-0.1	1.1255
13071010	700	0.1	-0.1	0.630675
13071010	701	0.1	-0.1	4.21211
13071010	702	0.1	-0.1	-1.00289
13071010	703	0.1	-0.1	-5.07544
13071010	704	0.1	-0.1	4.43862
13071010	705	0.1	-0.1	-0.137222
13071010	706	0.1	-0.1	-1.65205
13071010	707	0.1	-0.1	-4.96047
13071010	708	0.1	-0.1	-1.49564
13071010	709	0.1	-0.1	2.17658
13071010	710	0.1	-0.1	-4.00516
13071010	711	0.1	-0.1	2.21364
13071010	712	0.1	-0.1	1.38046
13071010	713	0.1	-0.1	4.08734
13071010	714	0.1	-0.1	-2.69566
13071010	715	0.1	-0.1	0.16106
13071010	716	0.1	-0.1	3.88184
13071010	717	0.1	-0.1	5.91478
13071010	718	0.1	-0.1	-3.50656
13071010	719	0.1	-0.1	2.64407
13071010	720	0.1	-0.1	-0.0165445
13071010	721	0.1	-0.1	2.32742
13071010	722	0.1	-0.1	0.102689
13071010	723	0.1	-0.1	1.6238
13071010	724	0.1	-0.1	0.15754
13071010	725	0.1	-0.1	0.587018
13071010	726	0.1	-0.1	1.36092
13071010	727	0.1	-0.1	-0.663205
13071010	728	0.1	-0.1	1.7448
13071010	729	0.1	-0.1	-0.805977
13071010	730	0.1	-0.1	-0.603832
13071010	731	0.1	-0.1	3.80653
13071010	732	0.1	-0.1	2.07623
13071010	733	0.1	-0.1	1.66381
13071010	734	0.1	-0.1	-5.74353
13071010	735	0.1	-0.1	2.60425
13071010	736	0.1	-0.1	-2.82088
13071010	737	0.1	-0.1	-1.77942
13071010	738	0.1	-0.1	0.0471813
13071010	739	0.1	-0.1	-5.05425
13071010	740	0.1	-0.1	3.91177
13071010	741	0.1	-0.1	2.47284
13071010	742	0.1	-0.1	-1.40995
13071010	743	0.1	-0.1	1.90485
13071010	744	0.1	-0.1	0.856999
13071010	745	0.1	-0.1	0.984573
13071010	746	0.1	-0.1	-1.687
13071010	747	0.1	-0.1	2.97305
13071010	748	0.1	-0.1	-5.6877
13071010	749	0.1	-0.1	-5.19423
13071010	750	0.1	-0.1	1.02962
13071010	751	0.1	-0.1	4.88926
13071010	752	0.1	-0.1	-3.67476
13071010	753	0.1	-0.1	2.61691
13071010	754	0.1	-0.1	-3.59246
13071010	755	0.1	-0.1	2.82101
13071010	756	0.1	-0.1	-3.02318
13071010	757	0.1	-0.1	2.97559
13071010	758	0.1	-0.1	1.20401
13071010	759	0.1	-0.1	0.348503
13071010	760	0.1	-0.1	-0.619269
13071010	761	0.1	-0.1	-4.25185
13071010	762	0.1	-0.1	-4.72294
13071010	763	0.1	-0.1	-4.62476
13071010	764	0.1	-0.1	0.0811763
13071010	765	0.1	-0.1	-2.58548
13071010	766	0.1	-0.1	3.25872
13071010	767	0.1	-0.1	-4.28582
13071010	768	0.1	-0.1	-0.298522
13071010	769	0.1	-0.1	0.682933
13071010	770	0.1	-0.1	1.83368
13071010	771	0.1	-0.1	1.94517
13071010	772	0.1	-0.1	4.98401
13071010	773	0.1	-0.1	4.64532
13071010	774	0.1	-0.1	-5.07014
13071010	775	0.1	-0.1	-2.57874
13071010	776	0.1	-0.1	-1.63985
13071010	777	0.1	-0.1	3.26096
13071010	778	0.1	-0.1	-1.1786
13071010	779	0.1	-0.1	-0.932205
13071010	780	0.1	-0.1	-2.29736
13071010	781	0.1	-0.1	-2.84026
13071010	782	0.1	-0.1	3.14264
13071010	783	0.1	-0.1	3.0396
13071010	784	0.1	-0.1	-0.644495
13071010	785	0.1	-0.1	4.7498
13071010	786	0.1	-0.1	-3.32613
13071010	787	0.1	-0.1	-4.31458
13071010	788	0.1	-0.1	-2.13111
13071010	789	0.1	-0.1	-1.39624
13071010	790	0.1	-0.1	4.17021
13071010	791	0.1	-0.1	0.498633
13071010	792	0.1	-0.1	-3.60609
13071010	793	0.1	-0.1	0.38183
13071010	794	0.1	-0.1	5.51515
13071010	795	0.1	-0.1	-5.40043
13071010	796	0.1	-0.1	-1.0641
13071010	797	0.1	-0.1	-3.83606
13071010	798	0.1	-0.1	0.0462454
13071010	799	0.1	-0.1	-0.986962
13071010	800	0.1	-0.1	1.52344
13071010	801	0.1	-0.1	4.83452
13071010	802	0.1	-0.1	1.86957
13071010	803	0.1	-0.1	-0.226194
13071010	804	0.1	-0.1	4.20792
13071010	805	0.1	-0.1	-5.95282
13071010	806	0.1	-0.1	2.07808
13071010	807	0.1	-0.1	-4.23053
13071010	808	0.1	-0.1	5.12025
13071010	809	0.1	-0.1	3.98928
13071010	810	0.1	-0.1	0.916621
13071010	811	0.1	-0.1	2.44619
13071010	812	0.1	-0.1	-0.419965
13071010	813	0.1	-0.1	5.39217
13071010	814	0.1	-0.1	-2.61188
13071010	815	0.1	-0.1	5.12448
13071010	816	0.1	-0.1	-4.94735
13071010	817	0.1	-0.1	-5.90866
13071010	818	0.1	-0.1	-0.277537
13071010	819	0.1	-0.1	2.43883
13071010	820	0.1	-0.1	-3.03848
13071010	821	0.1	-0.1	1.27249
13071010	822	0.1	-0.1	5.70596
13071010	823	0.1	-0.1	2.42005
13071010	824	0.1	-0.1	2.38166
13071010	825	0.1	-0.1	1.27363
13071010	826	0.1	-0.1	-1.66902
13071010	827	0.1	-0.1	-4.01133
13071010	828	0.1	-0.1	3.77202
13071010	829	0.1	-0.1	-5.24327
13071010	830	0.1	-0.1	3.558
13071010	831	0.1	-0.1	5.61055
13071010	832	0.1	-0.1	4.17479
13071010	833	0.1	-0.1	-0.331853
13071010	834	0.1	-0.1	4.5567
13071010	835	0.1	-0.1	5.41693
13071010	836	0.1	-0.1	1.53103
13071010	837	0.1	-0.1	-1.87432
13071010	838	0.1	-0.1	0.272808
13071010	839	0.1	-0.1	3.82506
13071010	840	0.1	-0.1	-3.43456
13071010	841	0.1	-0.1	5.69219
13071010	842	0.1	-0.1	-1.87614
13071010	843	0.1	-0.1	2.49389
13071010	844	0.1	-0.1	0.266868
13071010	845	0.1	-0.1	1.28936
13071010	846	0.1	-0.1	-1.11735
13071010	847	0.1	-0.1	1.05314
13071010	848	0.1	-0.1	-2.04182
13071010	849	0.1	-0.1	-2.25324
13071010	850	0.1	-0.1	-2.17722
13071010	851	0.1	-0.1	-3.95323
13071010	852	0.1	-0.1	3.7535
13071010	853	0.1	-0.1	-2.1911
13071010	854	0.1	-0.1	5.89431
13071010	855	0.1	-0.1	1.9837
13071010	856	0.1	-0.1	-4.23857
13071010	857	0.1	-0.1	-1.9411
13071010	858	0.1	-0.1	-0.867252
13071010	859	0.1	-0.1	0.867031
13071010	860	0.1	-0.1	3.1442
13071010	861	0.1	-0.1	3.08515
13071010	862	0.1	-0.1	1.4326
13071010	863	0.1	-0.1	-0.597745
13071010	864	0.1	-0.1	3.58442
13071010	865	0.1	-0.1	4.64175
13071010	866	0.1	-0.1	-2.39516
13071010	867	0.1	-0.1	-3.77408
13071010	868	0.1	-0.1	4.27471
13071010	869	0.1	-0.1	2.88292
13071010	870	0.1	-0.1	1.40762
13071010	871	0.1	-0.1	3.81699
13071010	872	0.1	-0.1	-0.218484
13071010	873	0.1	-0.1	1.21379
13071010	874	0.1	-0.1	-2.36543
13071010	875	0.1	-0.1	-2.72546
13071010	876	0.1	-0.1	3.19012
13071010	877	0.1	-0.1	-1.27241
13071010	878	0.1	-0.1	5.44484
13071010	879	0.1	-0.1	1.88564
13071010	880	0.1	-0.1	-2.29512
13071010	881	0.1	-0.1	3.66555
13071010	882	0.1	-0.1	3.87927
13071010	883	0.1	-0.1	3.02912
13071010	884	0.1	-0.1	5.778
13071010	885	0.1	-0.1	-3.95368
13071010	886	0.1	-0.1	-4.27935
13071010	887	0.1	-0.1	3.2947
13071010	888	0.1	-0.1	-4.74697
13071010	889	0.1	-0.1	2.33639
13071010	890	0.1	-0.1	0.609406
13071010	891	0.1	-0.1	4.27811
13071010	892	0.1	-0.1	-1.04567
13071010	893	0.1	-0.1	-4.40351
13071010	894	0.1	-0.1	5.57143
13071010	895	0.1	-0.1	-2.73309
13071010	896	0.1	-0.1	-4.79563
13071010	897	0.1	-0.1	-2.56773
13071010	898	0.1	-0.1	-4.59718
13071010	899	0.1	-0.1	-1.14315
13071010	900	0.1	-0.1	0.400939
13071010	901	0.1	-0.1	-4.82334
13071010	902	0.1	-0.1	1.65498
13071010	903	0.1	-0.1	-4.23119
13071010	904	0.1	-0.1	-2.13796
13071010	905	0.1	-0.1	-1.11645
13071010	906	0.1	-0.1	1.63104
13071010	907	0.1	-0.1	3.132
13071010	908	0.1	-0.1	-0.142423
13071010	909	0.1	-0.1	0.177214
13071010	910	0.1	-0.1	-4.63133
13071010	911	0.1	-0.1	4.6383
13071010	912	0.1	-0.1	-3.1142
13071010	913	0.1	-0.1	1.95588
13071010	914	0.1	-0.1	-4.49143
13071010	915	0.1	-0.1	1.78336
13071010	916	0.1	-0.1	5.73631
13071010	917	0.1	-0.1	5.57417
13071010	918	0.1	-0.1	-5.60793
13071010	919	0.1	-0.1	-5.25209
13071010	920	0.1	-0.1	0.423169
13071010	921	0.1	-0.1	-2.34543
13071010	922	0.1	-0.1	4.93056
13071010	923	0.1	-0.1	-2.6448
13071010	924	0.1	-0.1	-1.83258
13071010	925	0.1	-0.1	-2.92793
13071010	926	0.1	-0.1	4.24389
13071010	927	0.1	-0.1	-4.47686
13071010	928	0.1	-0.1	1.42023
13071010	929	0.1	-0.1	-2.01904
13071010	930	0.1	-0.1	0.852521
13071010	931	0.1	-0.1	2.45309
13071010	932	0.1	-0.1	-3.13325
13071010	933	0.1	-0.1	5.2147
13071010	934	0.1	-0.1	3.40784
13071010	935	0.1	-0.1	-5.57261
13071010	936	0.1	-0.1	1.26246
13071010	937	0.1	-0.1	1.03901
13071010	938	0.1	-0.1	1.11991
13071010	939	0.1	-0.1	4.4824
13071010	940	0.1	-0.1	1.71914
13071010	941	0.1	-0.1	4.64549
13071010	942	0.1	-0.1	5.40836
13071010	943	0.1	-0.1	4.60143
13071010	944	0.1	-0.1	4.46938
13071010	945	0.1	-0.1	3.70333
13071010	946	0.1	-0.1	0.346919
13071010	947	0.1	-0.1	5.54619
13071010	948	0.1	-0.1	-1.09861
13071010	949	0.1	-0.1	4.7301
13071010	950	0.1	-0.1	-5.77701
13071010	951	0.1	-0.1	3.13544
13071010	952	0.1	-0.1	4.02634
13071010	953	0.1	-0.1	4.66935
13071010	954	0.1	-0.1	5.80645
13071010	955	0.1	-0.1	-0.765455
13071010	956	0.1	-0.1	4.95586
13071010	957	0.1	-0.1	-2.99154
13071010	958	0.1	-0.1	-3.63339
13071010	959	0.1	-0.1	1.87433
13071010	960	0.1	-0.1	5.93384
13071010	961	0.1	-0.1	-5.84135
13071010	962	0.1	-0.1	-3.39217
13071010	963	0.1	-0.1	0.888966
13071010	964	0.1	-0.1	-4.41818
13071010	965	0.1	-0.1	-2.79362
13071010	966	0.1	-0.1	3.01279
13071010	967	0.1	-0.1	0.495198
13071010	968	0.1	-0.1	-5.21945
13071010	969	0.1	-0.1	-0.418832
13071010	970	0.1	-0.1	4.45045
13071010	971	0.1	-0.1	-0.41898
13071010	972	0.1	-0.1	-3.42748
13071010	973	0.1	-0.1	4.44207
13071010	974	0.1	-0.1	0.866122
13071010	975	0.1	-0.1	4.26193
13071010	976	0.1	-0.1	4.51563
13071010	977	0.1	-0.1	4.17868
13071010	978	0.1	-0.1	4.36721
13071010	979	0.1	-0.1	-5.03566
13071010	980	0.1	-0.1	-2.65131
13071010	981	0.1	-0.1	-5.16493
13071010	982	0.1	-0.1	-4.20721
13071010	983	0.1	-0.1	5.60623
13071010	984	0.1	-0.1	4.88497
13071010	985	0.1	-0.1	-1.54636
13071010	986	0.1	-0.1	0.998408
13071010	987	0.1	-0.1	5.86368
13071010	988	0.1	-0.1	1.3978
13071010	989	0.1	-0.1	3.30907
13071010	990	0.1	-0.1	-2.88973
13071010	991	0.1	-0.1	0.821356
13071010	992	0.1	-0.1	4.51842
13071010	993	0.1	-0.1	-4.38951
13071010	994	0.1	-0.1	-5.94657
13071010	995	0.1	-0.1	-5.9218
13071010	996	0.1	-0.1	1.1588
13071010	997	0.1	-0.1	-2.78631
13071010	998	0.1	-0.1	1.4296
13071010	999	0.1	-0.1	-3.61756
13071010	1000	0.1	-0.1	-3.06305
