13072014	1	0.1	-0.1	4.26691
13072014	2	0.1	-0.1	-3.24115
13072014	3	0.1	-0.1	-4.62462
13072014	4	0.1	-0.1	2.95251
13072014	5	0.1	-0.1	1.11777
13072014	6	0.1	-0.1	-1.4622
13072014	7	0.1	-0.1	3.65228
13072014	8	0.1	-0.1	-3.69845
13072014	9	0.1	-0.1	0.279169
13072014	10	0.1	-0.1	5.15417
13072014	11	0.1	-0.1	-2.33136
13072014	12	0.1	-0.1	-5.4069
13072014	13	0.1	-0.1	0.315496
13072014	14	0.1	-0.1	-2.85312
13072014	15	0.1	-0.1	0.488155
13072014	16	0.1	-0.1	3.44046
13072014	17	0.1	-0.1	5.28857
13072014	18	0.1	-0.1	-0.263969
13072014	19	0.1	-0.1	1.30574
13072014	20	0.1	-0.1	1.98787
13072014	21	0.1	-0.1	1.28202
13072014	22	0.1	-0.1	-2.78669
13072014	23	0.1	-0.1	2.45855
13072014	24	0.1	-0.1	3.60957
13072014	25	0.1	-0.1	4.28794
13072014	26	0.1	-0.1	-3.783
13072014	27	0.1	-0.1	-4.74988
13072014	28	0.1	-0.1	5.47003
13072014	29	0.1	-0.1	4.15859
13072014	30	0.1	-0.1	-1.46643
13072014	31	0.1	-0.1	2.04454
13072014	32	0.1	-0.1	3.04105
13072014	33	0.1	-0.1	0.525202
13072014	34	0.1	-0.1	-2.14028
13072014	35	0.1	-0.1	2.67085
13072014	36	0.1	-0.1	-1.15349
13072014	37	0.1	-0.1	-1.85739
13072014	38	0.1	-0.1	0.391838
13072014	39	0.1	-0.1	3.79153
13072014	40	0.1	-0.1	-0.225354
13072014	41	0.1	-0.1	1.66786
13072014	42	0.1	-0.1	-3.56164
13072014	43	0.1	-0.1	-0.332367
13072014	44	0.1	-0.1	2.07673
13072014	45	0.1	-0.1	3.38684
13072014	46	0.1	-0.1	3.75297
13072014	47	0.1	-0.1	3.05125
13072014	48	0.1	-0.1	3.17071
13072014	49	0.1	-0.1	-3.6027
13072014	50	0.1	-0.1	4.92146
13072014	51	0.1	-0.1	-2.1046
13072014	52	0.1	-0.1	3.69065
13072014	53	0.1	-0.1	-4.97568
13072014	54	0.1	-0.1	-4.61323
13072014	55	0.1	-0.1	0.483816
13072014	56	0.1	-0.1	-2.09067
13072014	57	0.1	-0.1	-4.26549
13072014	58	0.1	-0.1	-5.50543
13072014	59	0.1	-0.1	-4.02074
13072014	60	0.1	-0.1	5.17571
13072014	61	0.1	-0.1	-2.58736
13072014	62	0.1	-0.1	-0.860598
13072014	63	0.1	-0.1	-0.745638
13072014	64	0.1	-0.1	-2.61287
13072014	65	0.1	-0.1	-2.19741
13072014	66	0.1	-0.1	4.88982
13072014	67	0.1	-0.1	-3.06823
13072014	68	0.1	-0.1	-3.70126
13072014	69	0.1	-0.1	5.62437
13072014	70	0.1	-0.1	-1.38078
13072014	71	0.1	-0.1	-5.80076
13072014	72	0.1	-0.1	0.667893
13072014	73	0.1	-0.1	2.44579
13072014	74	0.1	-0.1	3.1803
13072014	75	0.1	-0.1	5.9565
13072014	76	0.1	-0.1	1.43614
13072014	77	0.1	-0.1	-0.959512
13072014	78	0.1	-0.1	-3.40078
13072014	79	0.1	-0.1	-3.23353
13072014	80	0.1	-0.1	-3.06905
13072014	81	0.1	-0.1	3.61299
13072014	82	0.1	-0.1	-2.38392
13072014	83	0.1	-0.1	1.79579
13072014	84	0.1	-0.1	-2.24369
13072014	85	0.1	-0.1	-4.51961
13072014	86	0.1	-0.1	-2.43489
13072014	87	0.1	-0.1	1.62497
13072014	88	0.1	-0.1	-0.259585
13072014	89	0.1	-0.1	-1.55198
13072014	90	0.1	-0.1	-5.02033
13072014	91	0.1	-0.1	-1.69794
13072014	92	0.1	-0.1	2.03001
13072014	93	0.1	-0.1	5.88843
13072014	94	0.1	-0.1	1.81789
13072014	95	0.1	-0.1	4.8764
13072014	96	0.1	-0.1	-0.335094
13072014	97	0.1	-0.1	-1.13212
13072014	98	0.1	-0.1	-4.22104
13072014	99	0.1	-0.1	-5.62058
13072014	100	0.1	-0.1	-3.84212
13072014	101	0.1	-0.1	3.95765
13072014	102	0.1	-0.1	-3.45998
13072014	103	0.1	-0.1	2.28084
13072014	104	0.1	-0.1	-0.108718
13072014	105	0.1	-0.1	-0.000445842
13072014	106	0.1	-0.1	0.896107
13072014	107	0.1	-0.1	1.09548
13072014	108	0.1	-0.1	-0.275783
13072014	109	0.1	-0.1	0.666586
13072014	110	0.1	-0.1	-1.76878
13072014	111	0.1	-0.1	4.05898
13072014	112	0.1	-0.1	-4.00484
13072014	113	0.1	-0.1	-4.88418
13072014	114	0.1	-0.1	5.68636
13072014	115	0.1	-0.1	-3.07014
13072014	116	0.1	-0.1	0.324346
13072014	117	0.1	-0.1	-4.57045
13072014	118	0.1	-0.1	-4.34601
13072014	119	0.1	-0.1	-4.17147
13072014	120	0.1	-0.1	-5.00772
13072014	121	0.1	-0.1	-3.90125
13072014	122	0.1	-0.1	0.998168
13072014	123	0.1	-0.1	4.80067
13072014	124	0.1	-0.1	-0.817872
13072014	125	0.1	-0.1	2.44809
13072014	126	0.1	-0.1	1.02801
13072014	127	0.1	-0.1	1.36791
13072014	128	0.1	-0.1	1.26512
13072014	129	0.1	-0.1	1.08975
13072014	130	0.1	-0.1	-3.86265
13072014	131	0.1	-0.1	3.75876
13072014	132	0.1	-0.1	4.2734
13072014	133	0.1	-0.1	2.54617
13072014	134	0.1	-0.1	1.178
13072014	135	0.1	-0.1	0.657788
13072014	136	0.1	-0.1	4.66254
13072014	137	0.1	-0.1	0.124406
13072014	138	0.1	-0.1	5.37387
13072014	139	0.1	-0.1	-4.35411
13072014	140	0.1	-0.1	3.27413
13072014	141	0.1	-0.1	5.9865
13072014	142	0.1	-0.1	5.46389
13072014	143	0.1	-0.1	-2.41823
13072014	144	0.1	-0.1	1.93601
13072014	145	0.1	-0.1	-0.327039
13072014	146	0.1	-0.1	-3.77451
13072014	147	0.1	-0.1	-3.00815
13072014	148	0.1	-0.1	0.82342
13072014	149	0.1	-0.1	-4.8017
13072014	150	0.1	-0.1	2.89676
13072014	151	0.1	-0.1	4.83272
13072014	152	0.1	-0.1	-5.24183
13072014	153	0.1	-0.1	3.48708
13072014	154	0.1	-0.1	-3.90368
13072014	155	0.1	-0.1	-2.88291
13072014	156	0.1	-0.1	5.45502
13072014	157	0.1	-0.1	-2.49337
13072014	158	0.1	-0.1	-0.565777
13072014	159	0.1	-0.1	4.16351
13072014	160	0.1	-0.1	-1.0376
13072014	161	0.1	-0.1	5.248
13072014	162	0.1	-0.1	-4.80456
13072014	163	0.1	-0.1	1.9348
13072014	164	0.1	-0.1	5.77353
13072014	165	0.1	-0.1	-3.59552
13072014	166	0.1	-0.1	3.04467
13072014	167	0.1	-0.1	5.88499
13072014	168	0.1	-0.1	-5.52241
13072014	169	0.1	-0.1	-5.32494
13072014	170	0.1	-0.1	4.53671
13072014	171	0.1	-0.1	-3.69405
13072014	172	0.1	-0.1	-3.67914
13072014	173	0.1	-0.1	5.69178
13072014	174	0.1	-0.1	3.93056
13072014	175	0.1	-0.1	1.09145
13072014	176	0.1	-0.1	-1.53664
13072014	177	0.1	-0.1	-4.32297
13072014	178	0.1	-0.1	-0.835475
13072014	179	0.1	-0.1	2.58512
13072014	180	0.1	-0.1	0.396619
13072014	181	0.1	-0.1	2.79741
13072014	182	0.1	-0.1	-4.84757
13072014	183	0.1	-0.1	2.1186
13072014	184	0.1	-0.1	4.04134
13072014	185	0.1	-0.1	-4.71606
13072014	186	0.1	-0.1	-2.44273
13072014	187	0.1	-0.1	3.38572
13072014	188	0.1	-0.1	4.1784
13072014	189	0.1	-0.1	2.0062
13072014	190	0.1	-0.1	2.72424
13072014	191	0.1	-0.1	-1.4476
13072014	192	0.1	-0.1	-1.22526
13072014	193	0.1	-0.1	-4.50546
13072014	194	0.1	-0.1	0.0747888
13072014	195	0.1	-0.1	5.38655
13072014	196	0.1	-0.1	-3.67405
13072014	197	0.1	-0.1	-0.0723784
13072014	198	0.1	-0.1	5.25711
13072014	199	0.1	-0.1	-2.26811
13072014	200	0.1	-0.1	-5.70457
13072014	201	0.1	-0.1	-4.48737
13072014	202	0.1	-0.1	-5.85625
13072014	203	0.1	-0.1	2.52417
13072014	204	0.1	-0.1	5.42242
13072014	205	0.1	-0.1	-0.720699
13072014	206	0.1	-0.1	0.0481073
13072014	207	0.1	-0.1	-2.07542
13072014	208	0.1	-0.1	2.13884
13072014	209	0.1	-0.1	3.84006
13072014	210	0.1	-0.1	3.59523
13072014	211	0.1	-0.1	-4.56624
13072014	212	0.1	-0.1	-3.37356
13072014	213	0.1	-0.1	-3.32739
13072014	214	0.1	-0.1	-0.342748
13072014	215	0.1	-0.1	-4.87564
13072014	216	0.1	-0.1	-5.29814
13072014	217	0.1	-0.1	2.59782
13072014	218	0.1	-0.1	-5.66549
13072014	219	0.1	-0.1	-5.83826
13072014	220	0.1	-0.1	-4.19373
13072014	221	0.1	-0.1	3.21912
13072014	222	0.1	-0.1	5.58948
13072014	223	0.1	-0.1	1.1145
13072014	224	0.1	-0.1	-0.82033
13072014	225	0.1	-0.1	-4.01386
13072014	226	0.1	-0.1	-2.97688
13072014	227	0.1	-0.1	-2.79567
13072014	228	0.1	-0.1	-2.04581
13072014	229	0.1	-0.1	-1.86112
13072014	230	0.1	-0.1	-3.124
13072014	231	0.1	-0.1	-0.959703
13072014	232	0.1	-0.1	-0.490037
13072014	233	0.1	-0.1	4.57284
13072014	234	0.1	-0.1	0.749124
13072014	235	0.1	-0.1	5.41252
13072014	236	0.1	-0.1	-3.28733
13072014	237	0.1	-0.1	1.53808
13072014	238	0.1	-0.1	4.19127
13072014	239	0.1	-0.1	2.57664
13072014	240	0.1	-0.1	-3.47568
13072014	241	0.1	-0.1	0.403616
13072014	242	0.1	-0.1	5.54413
13072014	243	0.1	-0.1	4.31824
13072014	244	0.1	-0.1	2.39528
13072014	245	0.1	-0.1	2.46344
13072014	246	0.1	-0.1	4.08878
13072014	247	0.1	-0.1	1.07497
13072014	248	0.1	-0.1	1.86952
13072014	249	0.1	-0.1	3.16075
13072014	250	0.1	-0.1	2.00443
13072014	251	0.1	-0.1	0.654196
13072014	252	0.1	-0.1	-3.48359
13072014	253	0.1	-0.1	5.61839
13072014	254	0.1	-0.1	1.4859
13072014	255	0.1	-0.1	5.75049
13072014	256	0.1	-0.1	2.4717
13072014	257	0.1	-0.1	-3.27247
13072014	258	0.1	-0.1	5.34834
13072014	259	0.1	-0.1	4.34789
13072014	260	0.1	-0.1	-4.77965
13072014	261	0.1	-0.1	5.25196
13072014	262	0.1	-0.1	0.949055
13072014	263	0.1	-0.1	2.28336
13072014	264	0.1	-0.1	4.13147
13072014	265	0.1	-0.1	1.67462
13072014	266	0.1	-0.1	1.71549
13072014	267	0.1	-0.1	-0.0725475
13072014	268	0.1	-0.1	-1.04098
13072014	269	0.1	-0.1	-1.87608
13072014	270	0.1	-0.1	-2.58084
13072014	271	0.1	-0.1	-2.24495
13072014	272	0.1	-0.1	3.48602
13072014	273	0.1	-0.1	-0.846953
13072014	274	0.1	-0.1	5.20269
13072014	275	0.1	-0.1	-1.48971
13072014	276	0.1	-0.1	5.43157
13072014	277	0.1	-0.1	-4.21009
13072014	278	0.1	-0.1	3.53252
13072014	279	0.1	-0.1	-5.54263
13072014	280	0.1	-0.1	-1.37661
13072014	281	0.1	-0.1	-1.45825
13072014	282	0.1	-0.1	4.32573
13072014	283	0.1	-0.1	3.66908
13072014	284	0.1	-0.1	1.03416
13072014	285	0.1	-0.1	0.698849
13072014	286	0.1	-0.1	2.89429
13072014	287	0.1	-0.1	-3.54905
13072014	288	0.1	-0.1	2.84471
13072014	289	0.1	-0.1	-2.33745
13072014	290	0.1	-0.1	-3.01336
13072014	291	0.1	-0.1	-0.314523
13072014	292	0.1	-0.1	1.43281
13072014	293	0.1	-0.1	3.90715
13072014	294	0.1	-0.1	-3.73684
13072014	295	0.1	-0.1	-0.610033
13072014	296	0.1	-0.1	-3.1533
13072014	297	0.1	-0.1	4.58771
13072014	298	0.1	-0.1	0.259947
13072014	299	0.1	-0.1	-5.63351
13072014	300	0.1	-0.1	1.95124
13072014	301	0.1	-0.1	4.37362
13072014	302	0.1	-0.1	-2.59097
13072014	303	0.1	-0.1	-1.36168
13072014	304	0.1	-0.1	-2.54276
13072014	305	0.1	-0.1	1.30982
13072014	306	0.1	-0.1	2.70811
13072014	307	0.1	-0.1	5.42059
13072014	308	0.1	-0.1	-5.33407
13072014	309	0.1	-0.1	-0.983274
13072014	310	0.1	-0.1	-2.61651
13072014	311	0.1	-0.1	-3.1003
13072014	312	0.1	-0.1	-0.259957
13072014	313	0.1	-0.1	-1.59284
13072014	314	0.1	-0.1	0.315166
13072014	315	0.1	-0.1	-1.32898
13072014	316	0.1	-0.1	5.51434
13072014	317	0.1	-0.1	-4.44127
13072014	318	0.1	-0.1	3.51601
13072014	319	0.1	-0.1	5.95014
13072014	320	0.1	-0.1	3.24592
13072014	321	0.1	-0.1	-0.596159
13072014	322	0.1	-0.1	-2.87956
13072014	323	0.1	-0.1	-0.566386
13072014	324	0.1	-0.1	1.10839
13072014	325	0.1	-0.1	-0.276997
13072014	326	0.1	-0.1	0.0463548
13072014	327	0.1	-0.1	-5.26848
13072014	328	0.1	-0.1	4.47543
13072014	329	0.1	-0.1	4.77662
13072014	330	0.1	-0.1	-0.931549
13072014	331	0.1	-0.1	2.0569
13072014	332	0.1	-0.1	-2.51927
13072014	333	0.1	-0.1	-2.92978
13072014	334	0.1	-0.1	-5.34977
13072014	335	0.1	-0.1	5.85051
13072014	336	0.1	-0.1	-4.22402
13072014	337	0.1	-0.1	-2.50673
13072014	338	0.1	-0.1	-3.71835
13072014	339	0.1	-0.1	-0.341824
13072014	340	0.1	-0.1	3.42735
13072014	341	0.1	-0.1	-5.83134
13072014	342	0.1	-0.1	3.52226
13072014	343	0.1	-0.1	-4.36167
13072014	344	0.1	-0.1	-3.4329
13072014	345	0.1	-0.1	4.96117
13072014	346	0.1	-0.1	-4.55951
13072014	347	0.1	-0.1	-2.44875
13072014	348	0.1	-0.1	-1.81295
13072014	349	0.1	-0.1	-5.96398
13072014	350	0.1	-0.1	-5.79361
13072014	351	0.1	-0.1	-5.56352
13072014	352	0.1	-0.1	1.49294
13072014	353	0.1	-0.1	2.35465
13072014	354	0.1	-0.1	5.93218
13072014	355	0.1	-0.1	5.12397
13072014	356	0.1	-0.1	-1.53874
13072014	357	0.1	-0.1	-0.635678
13072014	358	0.1	-0.1	-3.25146
13072014	359	0.1	-0.1	-4.37257
13072014	360	0.1	-0.1	5.76254
13072014	361	0.1	-0.1	-1.98562
13072014	362	0.1	-0.1	-3.1204
13072014	363	0.1	-0.1	-5.66431
13072014	364	0.1	-0.1	-2.51952
13072014	365	0.1	-0.1	-2.55914
13072014	366	0.1	-0.1	2.14681
13072014	367	0.1	-0.1	2.92973
13072014	368	0.1	-0.1	1.73226
13072014	369	0.1	-0.1	-0.608886
13072014	370	0.1	-0.1	3.99551
13072014	371	0.1	-0.1	-4.31253
13072014	372	0.1	-0.1	-0.994212
13072014	373	0.1	-0.1	4.25294
13072014	374	0.1	-0.1	-3.72247
13072014	375	0.1	-0.1	5.4527
13072014	376	0.1	-0.1	0.48773
13072014	377	0.1	-0.1	0.216719
13072014	378	0.1	-0.1	2.07684
13072014	379	0.1	-0.1	-1.93926
13072014	380	0.1	-0.1	5.12098
13072014	381	0.1	-0.1	-0.0306782
13072014	382	0.1	-0.1	2.49633
13072014	383	0.1	-0.1	4.6635
13072014	384	0.1	-0.1	-3.83295
13072014	385	0.1	-0.1	-3.39487
13072014	386	0.1	-0.1	4.03053
13072014	387	0.1	-0.1	3.02793
13072014	388	0.1	-0.1	-5.68706
13072014	389	0.1	-0.1	-2.18704
13072014	390	0.1	-0.1	-2.49043
13072014	391	0.1	-0.1	-3.59438
13072014	392	0.1	-0.1	1.91497
13072014	393	0.1	-0.1	3.88404
13072014	394	0.1	-0.1	-0.145592
13072014	395	0.1	-0.1	-3.76799
13072014	396	0.1	-0.1	-5.35939
13072014	397	0.1	-0.1	5.088
13072014	398	0.1	-0.1	3.06309
13072014	399	0.1	-0.1	-4.41729
13072014	400	0.1	-0.1	5.67683
13072014	401	0.1	-0.1	2.99902
13072014	402	0.1	-0.1	-4.24838
13072014	403	0.1	-0.1	-3.66584
13072014	404	0.1	-0.1	-0.377169
13072014	405	0.1	-0.1	-0.69657
13072014	406	0.1	-0.1	0.541837
13072014	407	0.1	-0.1	1.0794
13072014	408	0.1	-0.1	5.59451
13072014	409	0.1	-0.1	3.69544
13072014	410	0.1	-0.1	-5.88937
13072014	411	0.1	-0.1	5.93915
13072014	412	0.1	-0.1	2.51114
13072014	413	0.1	-0.1	-1.32232
13072014	414	0.1	-0.1	2.38055
13072014	415	0.1	-0.1	2.92818
13072014	416	0.1	-0.1	4.75846
13072014	417	0.1	-0.1	3.39555
13072014	418	0.1	-0.1	5.45693
13072014	419	0.1	-0.1	-2.35702
13072014	420	0.1	-0.1	-5.32185
13072014	421	0.1	-0.1	-0.178834
13072014	422	0.1	-0.1	3.63787
13072014	423	0.1	-0.1	-5.95709
13072014	424	0.1	-0.1	2.65455
13072014	425	0.1	-0.1	-5.79372
13072014	426	0.1	-0.1	-4.2711
13072014	427	0.1	-0.1	4.82109
13072014	428	0.1	-0.1	3.75088
13072014	429	0.1	-0.1	-5.19316
13072014	430	0.1	-0.1	5.63807
13072014	431	0.1	-0.1	-1.53798
13072014	432	0.1	-0.1	0.0156292
13072014	433	0.1	-0.1	1.25735
13072014	434	0.1	-0.1	3.69552
13072014	435	0.1	-0.1	-0.624952
13072014	436	0.1	-0.1	1.81221
13072014	437	0.1	-0.1	0.149065
13072014	438	0.1	-0.1	-5.78351
13072014	439	0.1	-0.1	2.97243
13072014	440	0.1	-0.1	-0.297461
13072014	441	0.1	-0.1	-1.85692
13072014	442	0.1	-0.1	-3.97245
13072014	443	0.1	-0.1	1.37541
13072014	444	0.1	-0.1	-1.3157
13072014	445	0.1	-0.1	5.92549
13072014	446	0.1	-0.1	-4.34641
13072014	447	0.1	-0.1	-1.28133
13072014	448	0.1	-0.1	-3.18363
13072014	449	0.1	-0.1	4.92946
13072014	450	0.1	-0.1	-4.55322
13072014	451	0.1	-0.1	-1.27367
13072014	452	0.1	-0.1	3.1431
13072014	453	0.1	-0.1	3.57081
13072014	454	0.1	-0.1	-0.315675
13072014	455	0.1	-0.1	-3.26274
13072014	456	0.1	-0.1	3.86251
13072014	457	0.1	-0.1	-4.87718
13072014	458	0.1	-0.1	4.73385
13072014	459	0.1	-0.1	5.35627
13072014	460	0.1	-0.1	-4.37298
13072014	461	0.1	-0.1	5.08975
13072014	462	0.1	-0.1	2.68323
13072014	463	0.1	-0.1	-2.33557
13072014	464	0.1	-0.1	-2.90713
13072014	465	0.1	-0.1	3.73255
13072014	466	0.1	-0.1	4.16047
13072014	467	0.1	-0.1	3.83393
13072014	468	0.1	-0.1	2.81045
13072014	469	0.1	-0.1	-3.12536
13072014	470	0.1	-0.1	4.47555
13072014	471	0.1	-0.1	4.38519
13072014	472	0.1	-0.1	0.321015
13072014	473	0.1	-0.1	-1.64527
13072014	474	0.1	-0.1	1.03757
13072014	475	0.1	-0.1	2.50588
13072014	476	0.1	-0.1	2.36159
13072014	477	0.1	-0.1	5.2523
13072014	478	0.1	-0.1	-2.85969
13072014	479	0.1	-0.1	-3.16447
13072014	480	0.1	-0.1	1.99029
13072014	481	0.1	-0.1	3.85702
13072014	482	0.1	-0.1	-4.83736
13072014	483	0.1	-0.1	-3.22084
13072014	484	0.1	-0.1	3.8767
13072014	485	0.1	-0.1	-0.512093
13072014	486	0.1	-0.1	-1.16533
13072014	487	0.1	-0.1	-3.96814
13072014	488	0.1	-0.1	3.72876
13072014	489	0.1	-0.1	1.6639
13072014	490	0.1	-0.1	-5.61359
13072014	491	0.1	-0.1	2.26087
13072014	492	0.1	-0.1	5.50052
13072014	493	0.1	-0.1	2.55413
13072014	494	0.1	-0.1	-3.40208
13072014	495	0.1	-0.1	0.0937409
13072014	496	0.1	-0.1	-2.0153
13072014	497	0.1	-0.1	-1.00206
13072014	498	0.1	-0.1	-0.546894
13072014	499	0.1	-0.1	-4.72192
13072014	500	0.1	-0.1	-4.85852
13072014	501	0.1	-0.1	2.30504
13072014	502	0.1	-0.1	5.22247
13072014	503	0.1	-0.1	1.26989
13072014	504	0.1	-0.1	-0.90963
13072014	505	0.1	-0.1	-0.0733621
13072014	506	0.1	-0.1	2.64374
13072014	507	0.1	-0.1	-1.10901
13072014	508	0.1	-0.1	4.24804
13072014	509	0.1	-0.1	1.50546
13072014	510	0.1	-0.1	0.0345821
13072014	511	0.1	-0.1	-5.48577
13072014	512	0.1	-0.1	3.32726
13072014	513	0.1	-0.1	1.03521
13072014	514	0.1	-0.1	5.57957
13072014	515	0.1	-0.1	5.5431
13072014	516	0.1	-0.1	1.93731
13072014	517	0.1	-0.1	-4.28
13072014	518	0.1	-0.1	-1.60701
13072014	519	0.1	-0.1	-4.47285
13072014	520	0.1	-0.1	2.1112
13072014	521	0.1	-0.1	-0.667976
13072014	522	0.1	-0.1	1.73878
13072014	523	0.1	-0.1	-5.92387
13072014	524	0.1	-0.1	5.26986
13072014	525	0.1	-0.1	-3.4027
13072014	526	0.1	-0.1	2.16125
13072014	527	0.1	-0.1	2.1639
13072014	528	0.1	-0.1	0.0772733
13072014	529	0.1	-0.1	-0.339608
13072014	530	0.1	-0.1	2.26987
13072014	531	0.1	-0.1	1.55056
13072014	532	0.1	-0.1	3.1232
13072014	533	0.1	-0.1	-5.05195
13072014	534	0.1	-0.1	-1.96001
13072014	535	0.1	-0.1	-3.16893
13072014	536	0.1	-0.1	-0.658114
13072014	537	0.1	-0.1	-1.60657
13072014	538	0.1	-0.1	-4.47365
13072014	539	0.1	-0.1	-1.82839
13072014	540	0.1	-0.1	3.53993
13072014	541	0.1	-0.1	1.47964
13072014	542	0.1	-0.1	-0.841346
13072014	543	0.1	-0.1	2.01901
13072014	544	0.1	-0.1	-5.19424
13072014	545	0.1	-0.1	3.29045
13072014	546	0.1	-0.1	0.729691
13072014	547	0.1	-0.1	-4.93528
13072014	548	0.1	-0.1	4.0169
13072014	549	0.1	-0.1	-3.54167
13072014	550	0.1	-0.1	2.34997
13072014	551	0.1	-0.1	-5.08842
13072014	552	0.1	-0.1	-0.360645
13072014	553	0.1	-0.1	3.70751
13072014	554	0.1	-0.1	-4.44504
13072014	555	0.1	-0.1	-3.35418
13072014	556	0.1	-0.1	2.97609
13072014	557	0.1	-0.1	3.16194
13072014	558	0.1	-0.1	-2.335
13072014	559	0.1	-0.1	2.54302
13072014	560	0.1	-0.1	-0.700503
13072014	561	0.1	-0.1	-5.60451
13072014	562	0.1	-0.1	1.82146
13072014	563	0.1	-0.1	-5.53728
13072014	564	0.1	-0.1	2.54516
13072014	565	0.1	-0.1	-4.30754
13072014	566	0.1	-0.1	3.26201
13072014	567	0.1	-0.1	-0.418479
13072014	568	0.1	-0.1	-5.51839
13072014	569	0.1	-0.1	-5.5436
13072014	570	0.1	-0.1	-4.57352
13072014	571	0.1	-0.1	5.77771
13072014	572	0.1	-0.1	0.7603
13072014	573	0.1	-0.1	-3.23423
13072014	574	0.1	-0.1	2.42284
13072014	575	0.1	-0.1	5.06503
13072014	576	0.1	-0.1	-0.224869
13072014	577	0.1	-0.1	1.31927
13072014	578	0.1	-0.1	-2.25443
13072014	579	0.1	-0.1	-3.79177
13072014	580	0.1	-0.1	-2.06713
13072014	581	0.1	-0.1	-0.851537
13072014	582	0.1	-0.1	5.70878
13072014	583	0.1	-0.1	-2.84863
13072014	584	0.1	-0.1	-0.0866822
13072014	585	0.1	-0.1	0.418766
13072014	586	0.1	-0.1	0.820639
13072014	587	0.1	-0.1	2.18157
13072014	588	0.1	-0.1	0.987774
13072014	589	0.1	-0.1	3.64626
13072014	590	0.1	-0.1	2.62128
13072014	591	0.1	-0.1	0.319774
13072014	592	0.1	-0.1	-1.48978
13072014	593	0.1	-0.1	-0.786445
13072014	594	0.1	-0.1	1.19792
13072014	595	0.1	-0.1	-0.444956
13072014	596	0.1	-0.1	-0.956755
13072014	597	0.1	-0.1	2.49661
13072014	598	0.1	-0.1	-0.0935707
13072014	599	0.1	-0.1	-5.41242
13072014	600	0.1	-0.1	-0.19948
13072014	601	0.1	-0.1	-3.53596
13072014	602	0.1	-0.1	-0.582393
13072014	603	0.1	-0.1	-1.54109
13072014	604	0.1	-0.1	4.77388
13072014	605	0.1	-0.1	5.05972
13072014	606	0.1	-0.1	-5.62904
13072014	607	0.1	-0.1	-4.84996
13072014	608	0.1	-0.1	-5.51803
13072014	609	0.1	-0.1	-2.59348
13072014	610	0.1	-0.1	2.45026
13072014	611	0.1	-0.1	-0.280662
13072014	612	0.1	-0.1	-4.28201
13072014	613	0.1	-0.1	-2.63607
13072014	614	0.1	-0.1	-1.36266
13072014	615	0.1	-0.1	2.42159
13072014	616	0.1	-0.1	4.7957
13072014	617	0.1	-0.1	-1.51583
13072014	618	0.1	-0.1	-2.16804
13072014	619	0.1	-0.1	5.7579
13072014	620	0.1	-0.1	3.81818
13072014	621	0.1	-0.1	1.47002
13072014	622	0.1	-0.1	-3.62675
13072014	623	0.1	-0.1	0.537457
13072014	624	0.1	-0.1	-5.27163
13072014	625	0.1	-0.1	1.46441
13072014	626	0.1	-0.1	1.41593
13072014	627	0.1	-0.1	1.16761
13072014	628	0.1	-0.1	-1.95415
13072014	629	0.1	-0.1	-3.79011
13072014	630	0.1	-0.1	-0.575685
13072014	631	0.1	-0.1	-0.646555
13072014	632	0.1	-0.1	-3.79485
13072014	633	0.1	-0.1	-5.28039
13072014	634	0.1	-0.1	5.92063
13072014	635	0.1	-0.1	5.50909
13072014	636	0.1	-0.1	2.0762
13072014	637	0.1	-0.1	-2.22743
13072014	638	0.1	-0.1	4.79205
13072014	639	0.1	-0.1	-0.0662688
13072014	640	0.1	-0.1	0.54542
13072014	641	0.1	-0.1	0.478478
13072014	642	0.1	-0.1	-2.54536
13072014	643	0.1	-0.1	3.38479
13072014	644	0.1	-0.1	0.150919
13072014	645	0.1	-0.1	2.46455
13072014	646	0.1	-0.1	-3.28729
13072014	647	0.1	-0.1	-3.87567
13072014	648	0.1	-0.1	4.89877
13072014	649	0.1	-0.1	-1.15821
13072014	650	0.1	-0.1	-0.794924
13072014	651	0.1	-0.1	-0.913528
13072014	652	0.1	-0.1	-5.91771
13072014	653	0.1	-0.1	-4.14469
13072014	654	0.1	-0.1	5.81313
13072014	655	0.1	-0.1	0.429518
13072014	656	0.1	-0.1	1.11608
13072014	657	0.1	-0.1	5.55664
13072014	658	0.1	-0.1	0.860811
13072014	659	0.1	-0.1	0.45978
13072014	660	0.1	-0.1	3.34172
13072014	661	0.1	-0.1	-1.78854
13072014	662	0.1	-0.1	3.10725
13072014	663	0.1	-0.1	-5.38042
13072014	664	0.1	-0.1	-4.39955
13072014	665	0.1	-0.1	-0.467861
13072014	666	0.1	-0.1	-0.902203
13072014	667	0.1	-0.1	-2.31485
13072014	668	0.1	-0.1	5.16241
13072014	669	0.1	-0.1	0.613445
13072014	670	0.1	-0.1	-0.565279
13072014	671	0.1	-0.1	1.33866
13072014	672	0.1	-0.1	-3.37644
13072014	673	0.1	-0.1	0.184321
13072014	674	0.1	-0.1	5.28816
13072014	675	0.1	-0.1	5.65111
13072014	676	0.1	-0.1	4.63238
13072014	677	0.1	-0.1	0.963543
13072014	678	0.1	-0.1	-0.575186
13072014	679	0.1	-0.1	-2.84695
13072014	680	0.1	-0.1	-5.80432
13072014	681	0.1	-0.1	-1.6399
13072014	682	0.1	-0.1	-4.49514
13072014	683	0.1	-0.1	-0.239425
13072014	684	0.1	-0.1	2.89763
13072014	685	0.1	-0.1	-3.68645
13072014	686	0.1	-0.1	-5.11294
13072014	687	0.1	-0.1	2.03188
13072014	688	0.1	-0.1	5.38954
13072014	689	0.1	-0.1	-5.69891
13072014	690	0.1	-0.1	-4.3896
13072014	691	0.1	-0.1	-0.69859
13072014	692	0.1	-0.1	0.648578
13072014	693	0.1	-0.1	-0.102588
13072014	694	0.1	-0.1	0.0802788
13072014	695	0.1	-0.1	-5.28966
13072014	696	0.1	-0.1	4.48244
13072014	697	0.1	-0.1	4.06701
13072014	698	0.1	-0.1	0.948333
13072014	699	0.1	-0.1	-0.00799387
13072014	700	0.1	-0.1	5.16046
13072014	701	0.1	-0.1	-2.32432
13072014	702	0.1	-0.1	0.489599
13072014	703	0.1	-0.1	0.757098
13072014	704	0.1	-0.1	5.41782
13072014	705	0.1	-0.1	5.72793
13072014	706	0.1	-0.1	-0.97541
13072014	707	0.1	-0.1	0.684191
13072014	708	0.1	-0.1	2.5534
13072014	709	0.1	-0.1	2.07761
13072014	710	0.1	-0.1	-2.59372
13072014	711	0.1	-0.1	0.747278
13072014	712	0.1	-0.1	0.61587
13072014	713	0.1	-0.1	-3.61256
13072014	714	0.1	-0.1	4.05676
13072014	715	0.1	-0.1	3.05548
13072014	716	0.1	-0.1	-5.85218
13072014	717	0.1	-0.1	-3.50918
13072014	718	0.1	-0.1	0.631191
13072014	719	0.1	-0.1	-2.80024
13072014	720	0.1	-0.1	-2.59544
13072014	721	0.1	-0.1	-1.436
13072014	722	0.1	-0.1	2.6059
13072014	723	0.1	-0.1	-2.86301
13072014	724	0.1	-0.1	-1.69557
13072014	725	0.1	-0.1	1.42001
13072014	726	0.1	-0.1	4.41798
13072014	727	0.1	-0.1	2.29312
13072014	728	0.1	-0.1	-3.6099
13072014	729	0.1	-0.1	-4.88652
13072014	730	0.1	-0.1	5.00883
13072014	731	0.1	-0.1	0.574467
13072014	732	0.1	-0.1	-5.61655
13072014	733	0.1	-0.1	-3.72948
13072014	734	0.1	-0.1	-1.52888
13072014	735	0.1	-0.1	4.79627
13072014	736	0.1	-0.1	3.30284
13072014	737	0.1	-0.1	-0.405242
13072014	738	0.1	-0.1	1.55544
13072014	739	0.1	-0.1	3.4093
13072014	740	0.1	-0.1	4.98649
13072014	741	0.1	-0.1	1.88306
13072014	742	0.1	-0.1	3.62454
13072014	743	0.1	-0.1	1.5974
13072014	744	0.1	-0.1	3.92247
13072014	745	0.1	-0.1	-0.0357238
13072014	746	0.1	-0.1	0.987008
13072014	747	0.1	-0.1	-4.94332
13072014	748	0.1	-0.1	0.545891
13072014	749	0.1	-0.1	-1.24365
13072014	750	0.1	-0.1	5.31893
13072014	751	0.1	-0.1	-4.17767
13072014	752	0.1	-0.1	-5.74399
13072014	753	0.1	-0.1	0.267402
13072014	754	0.1	-0.1	4.44453
13072014	755	0.1	-0.1	-5.17102
13072014	756	0.1	-0.1	-1.07977
13072014	757	0.1	-0.1	-5.61183
13072014	758	0.1	-0.1	2.18238
13072014	759	0.1	-0.1	3.5799
13072014	760	0.1	-0.1	-1.70928
13072014	761	0.1	-0.1	-4.23574
13072014	762	0.1	-0.1	5.29303
13072014	763	0.1	-0.1	3.23125
13072014	764	0.1	-0.1	-4.77996
13072014	765	0.1	-0.1	-1.31313
13072014	766	0.1	-0.1	-0.732876
13072014	767	0.1	-0.1	2.51842
13072014	768	0.1	-0.1	2.33434
13072014	769	0.1	-0.1	-5.1237
13072014	770	0.1	-0.1	5.46418
13072014	771	0.1	-0.1	2.91065
13072014	772	0.1	-0.1	-4.08449
13072014	773	0.1	-0.1	-4.47492
13072014	774	0.1	-0.1	5.87594
13072014	775	0.1	-0.1	-2.516
13072014	776	0.1	-0.1	5.7716
13072014	777	0.1	-0.1	0.517602
13072014	778	0.1	-0.1	0.512069
13072014	779	0.1	-0.1	1.58092
13072014	780	0.1	-0.1	-3.34302
13072014	781	0.1	-0.1	-4.72668
13072014	782	0.1	-0.1	3.19923
13072014	783	0.1	-0.1	-4.81525
13072014	784	0.1	-0.1	-0.690228
13072014	785	0.1	-0.1	-0.806613
13072014	786	0.1	-0.1	2.99938
13072014	787	0.1	-0.1	3.56411
13072014	788	0.1	-0.1	-2.59613
13072014	789	0.1	-0.1	-3.06876
13072014	790	0.1	-0.1	0.550168
13072014	791	0.1	-0.1	-4.31683
13072014	792	0.1	-0.1	-3.11512
13072014	793	0.1	-0.1	1.07568
13072014	794	0.1	-0.1	-4.06605
13072014	795	0.1	-0.1	-1.92317
13072014	796	0.1	-0.1	-4.44619
13072014	797	0.1	-0.1	0.41978
13072014	798	0.1	-0.1	-5.29624
13072014	799	0.1	-0.1	-0.620534
13072014	800	0.1	-0.1	3.17568
13072014	801	0.1	-0.1	0.463304
13072014	802	0.1	-0.1	1.12841
13072014	803	0.1	-0.1	-3.86802
13072014	804	0.1	-0.1	-5.53802
13072014	805	0.1	-0.1	2.83372
13072014	806	0.1	-0.1	3.26644
13072014	807	0.1	-0.1	2.88715
13072014	808	0.1	-0.1	-2.90603
13072014	809	0.1	-0.1	3.34727
13072014	810	0.1	-0.1	2.94102
13072014	811	0.1	-0.1	0.648535
13072014	812	0.1	-0.1	4.68366
13072014	813	0.1	-0.1	-4.39637
13072014	814	0.1	-0.1	5.09346
13072014	815	0.1	-0.1	0.626112
13072014	816	0.1	-0.1	-2.86774
13072014	817	0.1	-0.1	1.83903
13072014	818	0.1	-0.1	0.608241
13072014	819	0.1	-0.1	-3.26207
13072014	820	0.1	-0.1	-5.27752
13072014	821	0.1	-0.1	-4.17224
13072014	822	0.1	-0.1	5.05237
13072014	823	0.1	-0.1	-1.31016
13072014	824	0.1	-0.1	-3.07132
13072014	825	0.1	-0.1	0.641999
13072014	826	0.1	-0.1	3.1871
13072014	827	0.1	-0.1	-0.505514
13072014	828	0.1	-0.1	3.47779
13072014	829	0.1	-0.1	1.13837
13072014	830	0.1	-0.1	0.725271
13072014	831	0.1	-0.1	-0.377131
13072014	832	0.1	-0.1	0.438269
13072014	833	0.1	-0.1	-4.83811
13072014	834	0.1	-0.1	-0.806917
13072014	835	0.1	-0.1	-0.104604
13072014	836	0.1	-0.1	-3.49521
13072014	837	0.1	-0.1	-4.65214
13072014	838	0.1	-0.1	-1.35206
13072014	839	0.1	-0.1	-1.60337
13072014	840	0.1	-0.1	-0.456005
13072014	841	0.1	-0.1	2.51319
13072014	842	0.1	-0.1	3.28152
13072014	843	0.1	-0.1	-0.809675
13072014	844	0.1	-0.1	-2.95738
13072014	845	0.1	-0.1	-2.35694
13072014	846	0.1	-0.1	-3.62649
13072014	847	0.1	-0.1	-2.6371
13072014	848	0.1	-0.1	-0.231456
13072014	849	0.1	-0.1	3.03288
13072014	850	0.1	-0.1	3.40678
13072014	851	0.1	-0.1	-1.71011
13072014	852	0.1	-0.1	-2.44717
13072014	853	0.1	-0.1	4.07246
13072014	854	0.1	-0.1	-3.09128
13072014	855	0.1	-0.1	-5.3234
13072014	856	0.1	-0.1	-5.97161
13072014	857	0.1	-0.1	5.28268
13072014	858	0.1	-0.1	-4.77462
13072014	859	0.1	-0.1	4.29612
13072014	860	0.1	-0.1	-5.15033
13072014	861	0.1	-0.1	-4.76314
13072014	862	0.1	-0.1	-4.62096
13072014	863	0.1	-0.1	3.26239
13072014	864	0.1	-0.1	-0.561006
13072014	865	0.1	-0.1	-2.02443
13072014	866	0.1	-0.1	-3.4903
13072014	867	0.1	-0.1	4.51784
13072014	868	0.1	-0.1	-1.32052
13072014	869	0.1	-0.1	1.38807
13072014	870	0.1	-0.1	2.61446
13072014	871	0.1	-0.1	-3.59885
13072014	872	0.1	-0.1	-2.35474
13072014	873	0.1	-0.1	-5.17683
13072014	874	0.1	-0.1	-1.19761
13072014	875	0.1	-0.1	-3.44767
13072014	876	0.1	-0.1	-2.56925
13072014	877	0.1	-0.1	4.44712
13072014	878	0.1	-0.1	5.25266
13072014	879	0.1	-0.1	-1.13399
13072014	880	0.1	-0.1	-5.15443
13072014	881	0.1	-0.1	-3.05529
13072014	882	0.1	-0.1	3.77394
13072014	883	0.1	-0.1	1.17527
13072014	884	0.1	-0.1	0.255026
13072014	885	0.1	-0.1	-3.03528
13072014	886	0.1	-0.1	2.87301
13072014	887	0.1	-0.1	-4.16948
13072014	888	0.1	-0.1	-1.69055
13072014	889	0.1	-0.1	4.45229
13072014	890	0.1	-0.1	-4.05186
13072014	891	0.1	-0.1	2.61643
13072014	892	0.1	-0.1	-0.789415
13072014	893	0.1	-0.1	4.31001
13072014	894	0.1	-0.1	4.99167
13072014	895	0.1	-0.1	-1.7513
13072014	896	0.1	-0.1	2.97189
13072014	897	0.1	-0.1	-5.83243
13072014	898	0.1	-0.1	-3.00406
13072014	899	0.1	-0.1	1.2664
13072014	900	0.1	-0.1	-1.041
13072014	901	0.1	-0.1	-2.82738
13072014	902	0.1	-0.1	4.48747
13072014	903	0.1	-0.1	-1.10783
13072014	904	0.1	-0.1	5.88942
13072014	905	0.1	-0.1	4.16924
13072014	906	0.1	-0.1	4.93968
13072014	907	0.1	-0.1	-3.73048
13072014	908	0.1	-0.1	2.74297
13072014	909	0.1	-0.1	1.54724
13072014	910	0.1	-0.1	2.56143
13072014	911	0.1	-0.1	-3.35576
13072014	912	0.1	-0.1	-0.138616
13072014	913	0.1	-0.1	4.4168
13072014	914	0.1	-0.1	-5.42121
13072014	915	0.1	-0.1	-3.96011
13072014	916	0.1	-0.1	-5.2204
13072014	917	0.1	-0.1	-5.68479
13072014	918	0.1	-0.1	-2.16882
13072014	919	0.1	-0.1	-3.85077
13072014	920	0.1	-0.1	-4.10654
13072014	921	0.1	-0.1	-0.0172247
13072014	922	0.1	-0.1	0.162798
13072014	923	0.1	-0.1	0.277333
13072014	924	0.1	-0.1	-4.63571
13072014	925	0.1	-0.1	-2.88946
13072014	926	0.1	-0.1	4.89509
13072014	927	0.1	-0.1	1.57088
13072014	928	0.1	-0.1	0.44206
13072014	929	0.1	-0.1	-2.27733
13072014	930	0.1	-0.1	3.51645
13072014	931	0.1	-0.1	-2.8761
13072014	932	0.1	-0.1	1.74307
13072014	933	0.1	-0.1	2.87641
13072014	934	0.1	-0.1	2.76707
13072014	935	0.1	-0.1	-4.66379
13072014	936	0.1	-0.1	-0.176573
13072014	937	0.1	-0.1	5.80153
13072014	938	0.1	-0.1	0.111258
13072014	939	0.1	-0.1	-5.57137
13072014	940	0.1	-0.1	1.35153
13072014	941	0.1	-0.1	4.8305
13072014	942	0.1	-0.1	5.07726
13072014	943	0.1	-0.1	-3.9646
13072014	944	0.1	-0.1	-2.61022
13072014	945	0.1	-0.1	-3.2214
13072014	946	0.1	-0.1	-4.97398
13072014	947	0.1	-0.1	4.48139
13072014	948	0.1	-0.1	-3.28796
13072014	949	0.1	-0.1	-0.714472
13072014	950	0.1	-0.1	-0.667075
13072014	951	0.1	-0.1	3.94031
13072014	952	0.1	-0.1	4.40108
13072014	953	0.1	-0.1	-3.28123
13072014	954	0.1	-0.1	0.836625
13072014	955	0.1	-0.1	-2.92004
13072014	956	0.1	-0.1	-2.78785
13072014	957	0.1	-0.1	-2.2152
13072014	958	0.1	-0.1	5.8108
13072014	959	0.1	-0.1	3.03168
13072014	960	0.1	-0.1	-4.69511
13072014	961	0.1	-0.1	-5.20236
13072014	962	0.1	-0.1	-1.06972
13072014	963	0.1	-0.1	-3.7976
13072014	964	0.1	-0.1	3.56372
13072014	965	0.1	-0.1	0.452634
13072014	966	0.1	-0.1	-0.561102
13072014	967	0.1	-0.1	4.56842
13072014	968	0.1	-0.1	3.79629
13072014	969	0.1	-0.1	1.45499
13072014	970	0.1	-0.1	-3.38008
13072014	971	0.1	-0.1	1.76965
13072014	972	0.1	-0.1	5.6749
13072014	973	0.1	-0.1	-3.50702
13072014	974	0.1	-0.1	5.44628
13072014	975	0.1	-0.1	3.08136
13072014	976	0.1	-0.1	-3.88745
13072014	977	0.1	-0.1	-1.32706
13072014	978	0.1	-0.1	-5.67074
13072014	979	0.1	-0.1	2.33846
13072014	980	0.1	-0.1	-4.45243
13072014	981	0.1	-0.1	-4.7974
13072014	982	0.1	-0.1	-3.77913
13072014	983	0.1	-0.1	-1.36034
13072014	984	0.1	-0.1	5.4292
13072014	985	0.1	-0.1	3.25924
13072014	986	0.1	-0.1	0.912771
13072014	987	0.1	-0.1	-5.67492
13072014	988	0.1	-0.1	4.60257
13072014	989	0.1	-0.1	5.20388
13072014	990	0.1	-0.1	2.79687
13072014	991	0.1	-0.1	-3.24848
13072014	992	0.1	-0.1	5.06208
13072014	993	0.1	-0.1	1.67332
13072014	994	0.1	-0.1	3.88353
13072014	995	0.1	-0.1	-2.78988
13072014	996	0.1	-0.1	-4.24105
13072014	997	0.1	-0.1	-4.36961
13072014	998	0.1	-0.1	3.83104
13072014	999	0.1	-0.1	3.84717
13072014	1000	0.1	-0.1	2.96613
