13070010	1	0.1	-0.1	-4.61845
13070010	2	0.1	-0.1	5.96421
13070010	3	0.1	-0.1	-0.244182
13070010	4	0.1	-0.1	3.3927
13070010	5	0.1	-0.1	-4.14258
13070010	6	0.1	-0.1	-0.14564
13070010	7	0.1	-0.1	5.87384
13070010	8	0.1	-0.1	0.299312
13070010	9	0.1	-0.1	-3.37311
13070010	10	0.1	-0.1	-3.21174
13070010	11	0.1	-0.1	-0.243109
13070010	12	0.1	-0.1	5.57847
13070010	13	0.1	-0.1	4.28812
13070010	14	0.1	-0.1	-2.12276
13070010	15	0.1	-0.1	2.14417
13070010	16	0.1	-0.1	3.79278
13070010	17	0.1	-0.1	-5.53654
13070010	18	0.1	-0.1	-0.0599078
13070010	19	0.1	-0.1	-4.97398
13070010	20	0.1	-0.1	-2.15769
13070010	21	0.1	-0.1	3.56572
13070010	22	0.1	-0.1	2.99213
13070010	23	0.1	-0.1	-1.65197
13070010	24	0.1	-0.1	-5.1809
13070010	25	0.1	-0.1	1.08093
13070010	26	0.1	-0.1	0.547658
13070010	27	0.1	-0.1	-5.51122
13070010	28	0.1	-0.1	0.537679
13070010	29	0.1	-0.1	-2.83418
13070010	30	0.1	-0.1	-4.51158
13070010	31	0.1	-0.1	-4.73099
13070010	32	0.1	-0.1	5.87248
13070010	33	0.1	-0.1	-0.730067
13070010	34	0.1	-0.1	-5.17853
13070010	35	0.1	-0.1	4.01041
13070010	36	0.1	-0.1	-5.72608
13070010	37	0.1	-0.1	2.07205
13070010	38	0.1	-0.1	3.20796
13070010	39	0.1	-0.1	-1.101
13070010	40	0.1	-0.1	1.33157
13070010	41	0.1	-0.1	5.71484
13070010	42	0.1	-0.1	-4.02957
13070010	43	0.1	-0.1	-2.58678
13070010	44	0.1	-0.1	3.22183
13070010	45	0.1	-0.1	-5.02628
13070010	46	0.1	-0.1	-3.80724
13070010	47	0.1	-0.1	-1.41169
13070010	48	0.1	-0.1	-4.60704
13070010	49	0.1	-0.1	1.91914
13070010	50	0.1	-0.1	-0.983286
13070010	51	0.1	-0.1	-4.99559
13070010	52	0.1	-0.1	1.75358
13070010	53	0.1	-0.1	-2.7272
13070010	54	0.1	-0.1	0.894008
13070010	55	0.1	-0.1	-5.90997
13070010	56	0.1	-0.1	-4.90415
13070010	57	0.1	-0.1	5.90106
13070010	58	0.1	-0.1	3.13791
13070010	59	0.1	-0.1	3.0107
13070010	60	0.1	-0.1	1.73973
13070010	61	0.1	-0.1	-0.131875
13070010	62	0.1	-0.1	-5.7393
13070010	63	0.1	-0.1	3.80235
13070010	64	0.1	-0.1	-2.14081
13070010	65	0.1	-0.1	5.84539
13070010	66	0.1	-0.1	3.7601
13070010	67	0.1	-0.1	5.15376
13070010	68	0.1	-0.1	-2.07109
13070010	69	0.1	-0.1	1.19342
13070010	70	0.1	-0.1	-2.23664
13070010	71	0.1	-0.1	-2.39142
13070010	72	0.1	-0.1	1.91259
13070010	73	0.1	-0.1	-1.27129
13070010	74	0.1	-0.1	0.515097
13070010	75	0.1	-0.1	2.90472
13070010	76	0.1	-0.1	5.33115
13070010	77	0.1	-0.1	-0.88156
13070010	78	0.1	-0.1	-0.11347
13070010	79	0.1	-0.1	3.14696
13070010	80	0.1	-0.1	2.16071
13070010	81	0.1	-0.1	4.88497
13070010	82	0.1	-0.1	-0.451502
13070010	83	0.1	-0.1	2.0992
13070010	84	0.1	-0.1	-5.91547
13070010	85	0.1	-0.1	-5.14386
13070010	86	0.1	-0.1	0.727925
13070010	87	0.1	-0.1	3.35455
13070010	88	0.1	-0.1	4.28189
13070010	89	0.1	-0.1	-0.106847
13070010	90	0.1	-0.1	-0.453595
13070010	91	0.1	-0.1	0.263758
13070010	92	0.1	-0.1	1.63724
13070010	93	0.1	-0.1	2.37733
13070010	94	0.1	-0.1	-5.52949
13070010	95	0.1	-0.1	-0.547121
13070010	96	0.1	-0.1	3.12742
13070010	97	0.1	-0.1	5.33067
13070010	98	0.1	-0.1	1.18464
13070010	99	0.1	-0.1	4.67198
13070010	100	0.1	-0.1	0.497553
13070010	101	0.1	-0.1	-1.71106
13070010	102	0.1	-0.1	1.52928
13070010	103	0.1	-0.1	-1.46312
13070010	104	0.1	-0.1	-5.83171
13070010	105	0.1	-0.1	-3.91297
13070010	106	0.1	-0.1	4.24937
13070010	107	0.1	-0.1	-4.02255
13070010	108	0.1	-0.1	3.63907
13070010	109	0.1	-0.1	0.300813
13070010	110	0.1	-0.1	-4.86915
13070010	111	0.1	-0.1	-3.41401
13070010	112	0.1	-0.1	4.5759
13070010	113	0.1	-0.1	0.419376
13070010	114	0.1	-0.1	3.78377
13070010	115	0.1	-0.1	3.87265
13070010	116	0.1	-0.1	0.0207826
13070010	117	0.1	-0.1	1.36492
13070010	118	0.1	-0.1	-4.2979
13070010	119	0.1	-0.1	-2.96201
13070010	120	0.1	-0.1	5.98927
13070010	121	0.1	-0.1	-5.27014
13070010	122	0.1	-0.1	-4.73423
13070010	123	0.1	-0.1	-0.65602
13070010	124	0.1	-0.1	1.18666
13070010	125	0.1	-0.1	4.13298
13070010	126	0.1	-0.1	-5.39829
13070010	127	0.1	-0.1	2.37921
13070010	128	0.1	-0.1	5.17278
13070010	129	0.1	-0.1	-3.25794
13070010	130	0.1	-0.1	-4.35807
13070010	131	0.1	-0.1	3.00457
13070010	132	0.1	-0.1	2.13669
13070010	133	0.1	-0.1	5.73323
13070010	134	0.1	-0.1	3.03589
13070010	135	0.1	-0.1	-0.0781635
13070010	136	0.1	-0.1	-3.92383
13070010	137	0.1	-0.1	-2.98612
13070010	138	0.1	-0.1	5.75316
13070010	139	0.1	-0.1	-2.65837
13070010	140	0.1	-0.1	-2.24986
13070010	141	0.1	-0.1	4.47072
13070010	142	0.1	-0.1	1.59921
13070010	143	0.1	-0.1	5.26906
13070010	144	0.1	-0.1	4.30365
13070010	145	0.1	-0.1	-1.17344
13070010	146	0.1	-0.1	3.10737
13070010	147	0.1	-0.1	-4.62906
13070010	148	0.1	-0.1	-4.50209
13070010	149	0.1	-0.1	2.85071
13070010	150	0.1	-0.1	4.26696
13070010	151	0.1	-0.1	1.12605
13070010	152	0.1	-0.1	1.05502
13070010	153	0.1	-0.1	4.36897
13070010	154	0.1	-0.1	-5.49816
13070010	155	0.1	-0.1	-2.38517
13070010	156	0.1	-0.1	3.52907
13070010	157	0.1	-0.1	-3.06077
13070010	158	0.1	-0.1	5.79054
13070010	159	0.1	-0.1	3.58333
13070010	160	0.1	-0.1	-5.79734
13070010	161	0.1	-0.1	-2.72683
13070010	162	0.1	-0.1	-4.65969
13070010	163	0.1	-0.1	3.15289
13070010	164	0.1	-0.1	-2.54427
13070010	165	0.1	-0.1	5.23775
13070010	166	0.1	-0.1	0.95011
13070010	167	0.1	-0.1	-2.3096
13070010	168	0.1	-0.1	3.43144
13070010	169	0.1	-0.1	2.35454
13070010	170	0.1	-0.1	-0.378305
13070010	171	0.1	-0.1	5.64395
13070010	172	0.1	-0.1	-1.21496
13070010	173	0.1	-0.1	-1.46717
13070010	174	0.1	-0.1	-2.4566
13070010	175	0.1	-0.1	2.01804
13070010	176	0.1	-0.1	0.882268
13070010	177	0.1	-0.1	-3.21765
13070010	178	0.1	-0.1	-2.34361
13070010	179	0.1	-0.1	-5.44049
13070010	180	0.1	-0.1	2.08559
13070010	181	0.1	-0.1	4.32918
13070010	182	0.1	-0.1	2.28031
13070010	183	0.1	-0.1	-1.05227
13070010	184	0.1	-0.1	-4.25801
13070010	185	0.1	-0.1	5.46626
13070010	186	0.1	-0.1	0.835954
13070010	187	0.1	-0.1	0.0187548
13070010	188	0.1	-0.1	5.17294
13070010	189	0.1	-0.1	3.67249
13070010	190	0.1	-0.1	3.31058
13070010	191	0.1	-0.1	-2.51492
13070010	192	0.1	-0.1	0.0853787
13070010	193	0.1	-0.1	-5.39774
13070010	194	0.1	-0.1	0.0626868
13070010	195	0.1	-0.1	-1.47796
13070010	196	0.1	-0.1	2.12201
13070010	197	0.1	-0.1	-2.61411
13070010	198	0.1	-0.1	2.01461
13070010	199	0.1	-0.1	3.93612
13070010	200	0.1	-0.1	2.73917
13070010	201	0.1	-0.1	-4.76567
13070010	202	0.1	-0.1	5.83206
13070010	203	0.1	-0.1	-1.95099
13070010	204	0.1	-0.1	-2.50879
13070010	205	0.1	-0.1	-5.86255
13070010	206	0.1	-0.1	1.52501
13070010	207	0.1	-0.1	-2.37976
13070010	208	0.1	-0.1	-3.87507
13070010	209	0.1	-0.1	-2.56458
13070010	210	0.1	-0.1	4.47166
13070010	211	0.1	-0.1	1.48524
13070010	212	0.1	-0.1	1.44652
13070010	213	0.1	-0.1	5.5437
13070010	214	0.1	-0.1	5.34775
13070010	215	0.1	-0.1	-4.17221
13070010	216	0.1	-0.1	2.47788
13070010	217	0.1	-0.1	-0.83666
13070010	218	0.1	-0.1	-5.68185
13070010	219	0.1	-0.1	2.46694
13070010	220	0.1	-0.1	-2.67191
13070010	221	0.1	-0.1	-4.2004
13070010	222	0.1	-0.1	0.0235503
13070010	223	0.1	-0.1	4.23208
13070010	224	0.1	-0.1	0.838459
13070010	225	0.1	-0.1	-4.01196
13070010	226	0.1	-0.1	-4.30979
13070010	227	0.1	-0.1	3.06727
13070010	228	0.1	-0.1	4.45629
13070010	229	0.1	-0.1	3.74393
13070010	230	0.1	-0.1	3.52446
13070010	231	0.1	-0.1	1.79964
13070010	232	0.1	-0.1	-2.63005
13070010	233	0.1	-0.1	-3.85934
13070010	234	0.1	-0.1	-2.60775
13070010	235	0.1	-0.1	5.43009
13070010	236	0.1	-0.1	1.90135
13070010	237	0.1	-0.1	-4.56269
13070010	238	0.1	-0.1	0.296045
13070010	239	0.1	-0.1	1.52692
13070010	240	0.1	-0.1	5.88326
13070010	241	0.1	-0.1	-2.57633
13070010	242	0.1	-0.1	3.99355
13070010	243	0.1	-0.1	4.92922
13070010	244	0.1	-0.1	5.74066
13070010	245	0.1	-0.1	-5.23798
13070010	246	0.1	-0.1	2.63084
13070010	247	0.1	-0.1	-3.12728
13070010	248	0.1	-0.1	-2.42876
13070010	249	0.1	-0.1	5.77144
13070010	250	0.1	-0.1	-2.23689
13070010	251	0.1	-0.1	-1.55438
13070010	252	0.1	-0.1	0.879317
13070010	253	0.1	-0.1	-1.42842
13070010	254	0.1	-0.1	-3.23075
13070010	255	0.1	-0.1	3.62603
13070010	256	0.1	-0.1	-2.32108
13070010	257	0.1	-0.1	-1.36619
13070010	258	0.1	-0.1	-3.15139
13070010	259	0.1	-0.1	1.32782
13070010	260	0.1	-0.1	4.14311
13070010	261	0.1	-0.1	-4.33586
13070010	262	0.1	-0.1	-0.548481
13070010	263	0.1	-0.1	-1.98532
13070010	264	0.1	-0.1	3.13385
13070010	265	0.1	-0.1	0.640533
13070010	266	0.1	-0.1	3.30738
13070010	267	0.1	-0.1	-3.40409
13070010	268	0.1	-0.1	3.73194
13070010	269	0.1	-0.1	-0.216561
13070010	270	0.1	-0.1	-5.15803
13070010	271	0.1	-0.1	-0.266706
13070010	272	0.1	-0.1	-5.55136
13070010	273	0.1	-0.1	-2.25092
13070010	274	0.1	-0.1	-4.75474
13070010	275	0.1	-0.1	3.22019
13070010	276	0.1	-0.1	0.046457
13070010	277	0.1	-0.1	-5.48122
13070010	278	0.1	-0.1	-5.81077
13070010	279	0.1	-0.1	5.94593
13070010	280	0.1	-0.1	0.940716
13070010	281	0.1	-0.1	-5.26254
13070010	282	0.1	-0.1	4.23282
13070010	283	0.1	-0.1	4.78357
13070010	284	0.1	-0.1	-0.94997
13070010	285	0.1	-0.1	3.33586
13070010	286	0.1	-0.1	4.69136
13070010	287	0.1	-0.1	4.83947
13070010	288	0.1	-0.1	3.40472
13070010	289	0.1	-0.1	0.33413
13070010	290	0.1	-0.1	-5.81057
13070010	291	0.1	-0.1	1.12895
13070010	292	0.1	-0.1	0.232772
13070010	293	0.1	-0.1	1.04757
13070010	294	0.1	-0.1	4.07586
13070010	295	0.1	-0.1	0.679595
13070010	296	0.1	-0.1	5.54585
13070010	297	0.1	-0.1	-3.10924
13070010	298	0.1	-0.1	-0.950943
13070010	299	0.1	-0.1	4.63446
13070010	300	0.1	-0.1	4.91586
13070010	301	0.1	-0.1	4.51771
13070010	302	0.1	-0.1	4.84292
13070010	303	0.1	-0.1	0.250017
13070010	304	0.1	-0.1	-3.4311
13070010	305	0.1	-0.1	4.20908
13070010	306	0.1	-0.1	0.441425
13070010	307	0.1	-0.1	5.08658
13070010	308	0.1	-0.1	-3.42666
13070010	309	0.1	-0.1	3.0337
13070010	310	0.1	-0.1	-1.7371
13070010	311	0.1	-0.1	-1.85897
13070010	312	0.1	-0.1	-3.28414
13070010	313	0.1	-0.1	0.488866
13070010	314	0.1	-0.1	-5.15227
13070010	315	0.1	-0.1	-1.08233
13070010	316	0.1	-0.1	2.81136
13070010	317	0.1	-0.1	3.65695
13070010	318	0.1	-0.1	-1.26485
13070010	319	0.1	-0.1	5.72085
13070010	320	0.1	-0.1	2.97713
13070010	321	0.1	-0.1	-0.705921
13070010	322	0.1	-0.1	0.648184
13070010	323	0.1	-0.1	-5.42828
13070010	324	0.1	-0.1	0.372672
13070010	325	0.1	-0.1	-5.67681
13070010	326	0.1	-0.1	5.06218
13070010	327	0.1	-0.1	-1.81739
13070010	328	0.1	-0.1	3.8925
13070010	329	0.1	-0.1	5.05987
13070010	330	0.1	-0.1	-5.31222
13070010	331	0.1	-0.1	-4.00008
13070010	332	0.1	-0.1	0.277183
13070010	333	0.1	-0.1	1.8385
13070010	334	0.1	-0.1	0.606091
13070010	335	0.1	-0.1	2.26998
13070010	336	0.1	-0.1	3.30328
13070010	337	0.1	-0.1	-4.64965
13070010	338	0.1	-0.1	5.73897
13070010	339	0.1	-0.1	-5.28881
13070010	340	0.1	-0.1	-0.572874
13070010	341	0.1	-0.1	2.95747
13070010	342	0.1	-0.1	-5.48154
13070010	343	0.1	-0.1	4.18676
13070010	344	0.1	-0.1	3.91293
13070010	345	0.1	-0.1	3.75071
13070010	346	0.1	-0.1	1.44822
13070010	347	0.1	-0.1	-5.50153
13070010	348	0.1	-0.1	0.761537
13070010	349	0.1	-0.1	-4.56673
13070010	350	0.1	-0.1	-3.34149
13070010	351	0.1	-0.1	5.09981
13070010	352	0.1	-0.1	-5.25585
13070010	353	0.1	-0.1	-0.129226
13070010	354	0.1	-0.1	3.18083
13070010	355	0.1	-0.1	1.30008
13070010	356	0.1	-0.1	-5.33957
13070010	357	0.1	-0.1	5.70076
13070010	358	0.1	-0.1	2.20397
13070010	359	0.1	-0.1	1.99937
13070010	360	0.1	-0.1	-4.9199
13070010	361	0.1	-0.1	0.351538
13070010	362	0.1	-0.1	4.89567
13070010	363	0.1	-0.1	5.69306
13070010	364	0.1	-0.1	2.89406
13070010	365	0.1	-0.1	-1.51619
13070010	366	0.1	-0.1	-4.36776
13070010	367	0.1	-0.1	2.14997
13070010	368	0.1	-0.1	3.17011
13070010	369	0.1	-0.1	2.95403
13070010	370	0.1	-0.1	-2.96643
13070010	371	0.1	-0.1	1.70387
13070010	372	0.1	-0.1	3.62472
13070010	373	0.1	-0.1	-2.63179
13070010	374	0.1	-0.1	-1.26531
13070010	375	0.1	-0.1	5.28046
13070010	376	0.1	-0.1	5.05328
13070010	377	0.1	-0.1	3.8861
13070010	378	0.1	-0.1	-0.836811
13070010	379	0.1	-0.1	-0.612858
13070010	380	0.1	-0.1	-0.217797
13070010	381	0.1	-0.1	-2.62709
13070010	382	0.1	-0.1	-0.423
13070010	383	0.1	-0.1	-1.45122
13070010	384	0.1	-0.1	4.06916
13070010	385	0.1	-0.1	-4.84631
13070010	386	0.1	-0.1	0.909903
13070010	387	0.1	-0.1	-4.25057
13070010	388	0.1	-0.1	5.15919
13070010	389	0.1	-0.1	3.06658
13070010	390	0.1	-0.1	-5.95068
13070010	391	0.1	-0.1	-0.605369
13070010	392	0.1	-0.1	-4.68624
13070010	393	0.1	-0.1	4.98019
13070010	394	0.1	-0.1	1.05678
13070010	395	0.1	-0.1	-0.602627
13070010	396	0.1	-0.1	4.69491
13070010	397	0.1	-0.1	-0.648246
13070010	398	0.1	-0.1	-0.0783596
13070010	399	0.1	-0.1	-3.21653
13070010	400	0.1	-0.1	4.29951
13070010	401	0.1	-0.1	4.93271
13070010	402	0.1	-0.1	1.78207
13070010	403	0.1	-0.1	2.87059
13070010	404	0.1	-0.1	5.11913
13070010	405	0.1	-0.1	2.10556
13070010	406	0.1	-0.1	4.0151
13070010	407	0.1	-0.1	-4.89902
13070010	408	0.1	-0.1	3.6948
13070010	409	0.1	-0.1	-3.87777
13070010	410	0.1	-0.1	-5.76251
13070010	411	0.1	-0.1	2.30735
13070010	412	0.1	-0.1	4.23666
13070010	413	0.1	-0.1	-4.70777
13070010	414	0.1	-0.1	-0.191518
13070010	415	0.1	-0.1	-3.90372
13070010	416	0.1	-0.1	3.0349
13070010	417	0.1	-0.1	2.26806
13070010	418	0.1	-0.1	0.759663
13070010	419	0.1	-0.1	-3.16136
13070010	420	0.1	-0.1	5.62901
13070010	421	0.1	-0.1	0.845213
13070010	422	0.1	-0.1	0.685298
13070010	423	0.1	-0.1	-2.57676
13070010	424	0.1	-0.1	1.33594
13070010	425	0.1	-0.1	-4.07358
13070010	426	0.1	-0.1	2.75402
13070010	427	0.1	-0.1	2.97465
13070010	428	0.1	-0.1	-0.158585
13070010	429	0.1	-0.1	1.47343
13070010	430	0.1	-0.1	1.5478
13070010	431	0.1	-0.1	5.67847
13070010	432	0.1	-0.1	-4.7959
13070010	433	0.1	-0.1	2.29135
13070010	434	0.1	-0.1	3.95747
13070010	435	0.1	-0.1	0.689087
13070010	436	0.1	-0.1	3.29631
13070010	437	0.1	-0.1	4.21829
13070010	438	0.1	-0.1	-4.82788
13070010	439	0.1	-0.1	2.91638
13070010	440	0.1	-0.1	5.31425
13070010	441	0.1	-0.1	-5.09677
13070010	442	0.1	-0.1	-5.13786
13070010	443	0.1	-0.1	-1.26179
13070010	444	0.1	-0.1	3.38605
13070010	445	0.1	-0.1	5.81866
13070010	446	0.1	-0.1	-3.46959
13070010	447	0.1	-0.1	2.34969
13070010	448	0.1	-0.1	-2.15464
13070010	449	0.1	-0.1	0.615632
13070010	450	0.1	-0.1	-3.02786
13070010	451	0.1	-0.1	-1.4011
13070010	452	0.1	-0.1	-0.984819
13070010	453	0.1	-0.1	4.24579
13070010	454	0.1	-0.1	3.45811
13070010	455	0.1	-0.1	-4.96038
13070010	456	0.1	-0.1	-4.98822
13070010	457	0.1	-0.1	-5.73789
13070010	458	0.1	-0.1	-3.33765
13070010	459	0.1	-0.1	4.67683
13070010	460	0.1	-0.1	3.50885
13070010	461	0.1	-0.1	-2.23364
13070010	462	0.1	-0.1	2.64048
13070010	463	0.1	-0.1	5.25893
13070010	464	0.1	-0.1	-2.28185
13070010	465	0.1	-0.1	0.427323
13070010	466	0.1	-0.1	-5.81789
13070010	467	0.1	-0.1	4.43589
13070010	468	0.1	-0.1	-5.0518
13070010	469	0.1	-0.1	5.73896
13070010	470	0.1	-0.1	-3.46499
13070010	471	0.1	-0.1	-5.8261
13070010	472	0.1	-0.1	3.56816
13070010	473	0.1	-0.1	-0.925385
13070010	474	0.1	-0.1	-0.0522328
13070010	475	0.1	-0.1	3.91313
13070010	476	0.1	-0.1	4.29754
13070010	477	0.1	-0.1	-4.89034
13070010	478	0.1	-0.1	2.64673
13070010	479	0.1	-0.1	2.09225
13070010	480	0.1	-0.1	-2.60768
13070010	481	0.1	-0.1	-3.83361
13070010	482	0.1	-0.1	4.85754
13070010	483	0.1	-0.1	-3.16657
13070010	484	0.1	-0.1	2.34022
13070010	485	0.1	-0.1	3.25534
13070010	486	0.1	-0.1	-5.05386
13070010	487	0.1	-0.1	5.30553
13070010	488	0.1	-0.1	-1.48476
13070010	489	0.1	-0.1	-3.01629
13070010	490	0.1	-0.1	-1.66561
13070010	491	0.1	-0.1	-3.47712
13070010	492	0.1	-0.1	-2.47619
13070010	493	0.1	-0.1	0.913919
13070010	494	0.1	-0.1	-1.86107
13070010	495	0.1	-0.1	-5.14385
13070010	496	0.1	-0.1	-2.93328
13070010	497	0.1	-0.1	-4.27054
13070010	498	0.1	-0.1	5.49554
13070010	499	0.1	-0.1	-5.5926
13070010	500	0.1	-0.1	2.63413
13070010	501	0.1	-0.1	-5.72148
13070010	502	0.1	-0.1	3.99969
13070010	503	0.1	-0.1	-0.268147
13070010	504	0.1	-0.1	1.69495
13070010	505	0.1	-0.1	4.84908
13070010	506	0.1	-0.1	-2.92532
13070010	507	0.1	-0.1	-1.41152
13070010	508	0.1	-0.1	1.64685
13070010	509	0.1	-0.1	2.7055
13070010	510	0.1	-0.1	-4.75343
13070010	511	0.1	-0.1	-3.34907
13070010	512	0.1	-0.1	2.28582
13070010	513	0.1	-0.1	1.23059
13070010	514	0.1	-0.1	-5.74669
13070010	515	0.1	-0.1	4.18925
13070010	516	0.1	-0.1	-5.05805
13070010	517	0.1	-0.1	-1.79197
13070010	518	0.1	-0.1	3.70665
13070010	519	0.1	-0.1	2.52543
13070010	520	0.1	-0.1	1.19602
13070010	521	0.1	-0.1	1.10301
13070010	522	0.1	-0.1	2.30351
13070010	523	0.1	-0.1	-3.09983
13070010	524	0.1	-0.1	3.21962
13070010	525	0.1	-0.1	0.971261
13070010	526	0.1	-0.1	-0.913972
13070010	527	0.1	-0.1	-1.7212
13070010	528	0.1	-0.1	-4.9619
13070010	529	0.1	-0.1	-5.44552
13070010	530	0.1	-0.1	4.66451
13070010	531	0.1	-0.1	2.0867
13070010	532	0.1	-0.1	4.8917
13070010	533	0.1	-0.1	0.771253
13070010	534	0.1	-0.1	-2.31407
13070010	535	0.1	-0.1	-4.50343
13070010	536	0.1	-0.1	-3.47765
13070010	537	0.1	-0.1	-1.23911
13070010	538	0.1	-0.1	0.916293
13070010	539	0.1	-0.1	5.16691
13070010	540	0.1	-0.1	-4.8243
13070010	541	0.1	-0.1	-5.58265
13070010	542	0.1	-0.1	-1.0061
13070010	543	0.1	-0.1	0.981269
13070010	544	0.1	-0.1	1.88224
13070010	545	0.1	-0.1	3.16527
13070010	546	0.1	-0.1	0.893921
13070010	547	0.1	-0.1	-1.19414
13070010	548	0.1	-0.1	-1.34933
13070010	549	0.1	-0.1	-1.66101
13070010	550	0.1	-0.1	-5.04128
13070010	551	0.1	-0.1	4.44193
13070010	552	0.1	-0.1	2.70178
13070010	553	0.1	-0.1	4.97342
13070010	554	0.1	-0.1	4.0606
13070010	555	0.1	-0.1	-1.3523
13070010	556	0.1	-0.1	-0.00367786
13070010	557	0.1	-0.1	5.63527
13070010	558	0.1	-0.1	0.574616
13070010	559	0.1	-0.1	1.44681
13070010	560	0.1	-0.1	-3.98444
13070010	561	0.1	-0.1	-3.26734
13070010	562	0.1	-0.1	-4.62202
13070010	563	0.1	-0.1	4.78806
13070010	564	0.1	-0.1	-3.76979
13070010	565	0.1	-0.1	-2.90929
13070010	566	0.1	-0.1	1.86096
13070010	567	0.1	-0.1	1.23694
13070010	568	0.1	-0.1	0.0061354
13070010	569	0.1	-0.1	2.64799
13070010	570	0.1	-0.1	-5.55093
13070010	571	0.1	-0.1	-2.11596
13070010	572	0.1	-0.1	-2.78758
13070010	573	0.1	-0.1	-1.13756
13070010	574	0.1	-0.1	-0.855591
13070010	575	0.1	-0.1	-3.54712
13070010	576	0.1	-0.1	1.96152
13070010	577	0.1	-0.1	3.82221
13070010	578	0.1	-0.1	-1.14668
13070010	579	0.1	-0.1	-5.54877
13070010	580	0.1	-0.1	-2.7984
13070010	581	0.1	-0.1	0.0675454
13070010	582	0.1	-0.1	-1.75949
13070010	583	0.1	-0.1	2.54339
13070010	584	0.1	-0.1	-2.25835
13070010	585	0.1	-0.1	-3.02318
13070010	586	0.1	-0.1	-0.84314
13070010	587	0.1	-0.1	3.05299
13070010	588	0.1	-0.1	0.498287
13070010	589	0.1	-0.1	-1.36058
13070010	590	0.1	-0.1	-1.84822
13070010	591	0.1	-0.1	0.444736
13070010	592	0.1	-0.1	-0.668963
13070010	593	0.1	-0.1	0.505208
13070010	594	0.1	-0.1	-2.81472
13070010	595	0.1	-0.1	-4.3107
13070010	596	0.1	-0.1	-2.97987
13070010	597	0.1	-0.1	4.61487
13070010	598	0.1	-0.1	3.64068
13070010	599	0.1	-0.1	-3.54414
13070010	600	0.1	-0.1	-5.02579
13070010	601	0.1	-0.1	5.50036
13070010	602	0.1	-0.1	-5.64519
13070010	603	0.1	-0.1	-4.73513
13070010	604	0.1	-0.1	0.948332
13070010	605	0.1	-0.1	2.22208
13070010	606	0.1	-0.1	-4.09867
13070010	607	0.1	-0.1	-1.83686
13070010	608	0.1	-0.1	0.300976
13070010	609	0.1	-0.1	4.96575
13070010	610	0.1	-0.1	1.20094
13070010	611	0.1	-0.1	3.10747
13070010	612	0.1	-0.1	1.48811
13070010	613	0.1	-0.1	-4.19852
13070010	614	0.1	-0.1	-3.3383
13070010	615	0.1	-0.1	-0.869357
13070010	616	0.1	-0.1	0.880961
13070010	617	0.1	-0.1	-5.67123
13070010	618	0.1	-0.1	-5.79879
13070010	619	0.1	-0.1	-0.415218
13070010	620	0.1	-0.1	2.17675
13070010	621	0.1	-0.1	-1.13797
13070010	622	0.1	-0.1	-3.71454
13070010	623	0.1	-0.1	-4.99938
13070010	624	0.1	-0.1	3.53686
13070010	625	0.1	-0.1	-1.14001
13070010	626	0.1	-0.1	3.73067
13070010	627	0.1	-0.1	2.68264
13070010	628	0.1	-0.1	-1.83928
13070010	629	0.1	-0.1	4.93475
13070010	630	0.1	-0.1	-0.228625
13070010	631	0.1	-0.1	0.355488
13070010	632	0.1	-0.1	-5.77681
13070010	633	0.1	-0.1	4.56811
13070010	634	0.1	-0.1	-2.57828
13070010	635	0.1	-0.1	-1.05735
13070010	636	0.1	-0.1	-0.0244984
13070010	637	0.1	-0.1	2.07115
13070010	638	0.1	-0.1	5.43579
13070010	639	0.1	-0.1	-5.03028
13070010	640	0.1	-0.1	5.01499
13070010	641	0.1	-0.1	-5.93573
13070010	642	0.1	-0.1	-5.64684
13070010	643	0.1	-0.1	-5.64581
13070010	644	0.1	-0.1	-0.327537
13070010	645	0.1	-0.1	3.46753
13070010	646	0.1	-0.1	2.00706
13070010	647	0.1	-0.1	-3.94585
13070010	648	0.1	-0.1	-5.43431
13070010	649	0.1	-0.1	-5.02936
13070010	650	0.1	-0.1	-4.83045
13070010	651	0.1	-0.1	5.4785
13070010	652	0.1	-0.1	3.37099
13070010	653	0.1	-0.1	-5.69961
13070010	654	0.1	-0.1	0.180754
13070010	655	0.1	-0.1	-5.46926
13070010	656	0.1	-0.1	-4.98277
13070010	657	0.1	-0.1	-1.60804
13070010	658	0.1	-0.1	-1.90062
13070010	659	0.1	-0.1	5.61924
13070010	660	0.1	-0.1	5.15944
13070010	661	0.1	-0.1	1.32056
13070010	662	0.1	-0.1	3.26571
13070010	663	0.1	-0.1	-1.48271
13070010	664	0.1	-0.1	-2.56791
13070010	665	0.1	-0.1	-5.21294
13070010	666	0.1	-0.1	-0.00791826
13070010	667	0.1	-0.1	5.76473
13070010	668	0.1	-0.1	3.62827
13070010	669	0.1	-0.1	3.507
13070010	670	0.1	-0.1	2.44843
13070010	671	0.1	-0.1	-5.10171
13070010	672	0.1	-0.1	0.10061
13070010	673	0.1	-0.1	1.96169
13070010	674	0.1	-0.1	2.99322
13070010	675	0.1	-0.1	1.89968
13070010	676	0.1	-0.1	-2.16419
13070010	677	0.1	-0.1	2.71331
13070010	678	0.1	-0.1	2.39392
13070010	679	0.1	-0.1	5.86428
13070010	680	0.1	-0.1	0.974345
13070010	681	0.1	-0.1	0.72594
13070010	682	0.1	-0.1	3.59197
13070010	683	0.1	-0.1	4.81035
13070010	684	0.1	-0.1	1.28748
13070010	685	0.1	-0.1	0.995874
13070010	686	0.1	-0.1	-1.88218
13070010	687	0.1	-0.1	-2.2127
13070010	688	0.1	-0.1	2.97586
13070010	689	0.1	-0.1	-1.78857
13070010	690	0.1	-0.1	5.77306
13070010	691	0.1	-0.1	-2.15141
13070010	692	0.1	-0.1	4.8128
13070010	693	0.1	-0.1	0.236574
13070010	694	0.1	-0.1	-1.90861
13070010	695	0.1	-0.1	2.51113
13070010	696	0.1	-0.1	-2.12616
13070010	697	0.1	-0.1	-2.6479
13070010	698	0.1	-0.1	4.00415
13070010	699	0.1	-0.1	-5.8675
13070010	700	0.1	-0.1	-2.4586
13070010	701	0.1	-0.1	-5.006
13070010	702	0.1	-0.1	-2.99198
13070010	703	0.1	-0.1	0.782846
13070010	704	0.1	-0.1	4.86176
13070010	705	0.1	-0.1	1.78032
13070010	706	0.1	-0.1	2.3622
13070010	707	0.1	-0.1	4.05953
13070010	708	0.1	-0.1	-5.84173
13070010	709	0.1	-0.1	4.8089
13070010	710	0.1	-0.1	-0.289284
13070010	711	0.1	-0.1	4.51751
13070010	712	0.1	-0.1	-0.92197
13070010	713	0.1	-0.1	2.54147
13070010	714	0.1	-0.1	-5.96554
13070010	715	0.1	-0.1	-1.01686
13070010	716	0.1	-0.1	-4.66501
13070010	717	0.1	-0.1	5.48513
13070010	718	0.1	-0.1	-0.938141
13070010	719	0.1	-0.1	3.34564
13070010	720	0.1	-0.1	0.122316
13070010	721	0.1	-0.1	4.79099
13070010	722	0.1	-0.1	5.80272
13070010	723	0.1	-0.1	5.14
13070010	724	0.1	-0.1	-5.82246
13070010	725	0.1	-0.1	-5.98723
13070010	726	0.1	-0.1	-1.58777
13070010	727	0.1	-0.1	4.51416
13070010	728	0.1	-0.1	-3.82396
13070010	729	0.1	-0.1	-4.09219
13070010	730	0.1	-0.1	-2.66897
13070010	731	0.1	-0.1	3.55408
13070010	732	0.1	-0.1	0.510211
13070010	733	0.1	-0.1	3.74792
13070010	734	0.1	-0.1	-1.27214
13070010	735	0.1	-0.1	1.22342
13070010	736	0.1	-0.1	3.05745
13070010	737	0.1	-0.1	-4.7469
13070010	738	0.1	-0.1	3.40767
13070010	739	0.1	-0.1	-1.90857
13070010	740	0.1	-0.1	-4.8564
13070010	741	0.1	-0.1	2.02063
13070010	742	0.1	-0.1	3.90739
13070010	743	0.1	-0.1	-5.58312
13070010	744	0.1	-0.1	-5.93266
13070010	745	0.1	-0.1	4.37193
13070010	746	0.1	-0.1	-5.50642
13070010	747	0.1	-0.1	1.16824
13070010	748	0.1	-0.1	3.81948
13070010	749	0.1	-0.1	1.52766
13070010	750	0.1	-0.1	0.959983
13070010	751	0.1	-0.1	0.309577
13070010	752	0.1	-0.1	-3.06882
13070010	753	0.1	-0.1	-1.4092
13070010	754	0.1	-0.1	-4.59569
13070010	755	0.1	-0.1	-2.85712
13070010	756	0.1	-0.1	-1.32327
13070010	757	0.1	-0.1	0.437548
13070010	758	0.1	-0.1	-1.83569
13070010	759	0.1	-0.1	-2.88288
13070010	760	0.1	-0.1	-2.67963
13070010	761	0.1	-0.1	-5.70181
13070010	762	0.1	-0.1	5.34592
13070010	763	0.1	-0.1	1.9374
13070010	764	0.1	-0.1	-4.45476
13070010	765	0.1	-0.1	4.22249
13070010	766	0.1	-0.1	-4.08198
13070010	767	0.1	-0.1	-1.9444
13070010	768	0.1	-0.1	4.44877
13070010	769	0.1	-0.1	4.88255
13070010	770	0.1	-0.1	3.16473
13070010	771	0.1	-0.1	-4.82534
13070010	772	0.1	-0.1	3.11595
13070010	773	0.1	-0.1	-3.72661
13070010	774	0.1	-0.1	-3.72708
13070010	775	0.1	-0.1	-2.64592
13070010	776	0.1	-0.1	-0.308779
13070010	777	0.1	-0.1	-4.43466
13070010	778	0.1	-0.1	-4.99945
13070010	779	0.1	-0.1	-1.68296
13070010	780	0.1	-0.1	5.10018
13070010	781	0.1	-0.1	-2.47375
13070010	782	0.1	-0.1	2.26027
13070010	783	0.1	-0.1	2.65086
13070010	784	0.1	-0.1	-2.85667
13070010	785	0.1	-0.1	-1.60823
13070010	786	0.1	-0.1	0.735054
13070010	787	0.1	-0.1	-2.39841
13070010	788	0.1	-0.1	5.53559
13070010	789	0.1	-0.1	-2.68588
13070010	790	0.1	-0.1	0.225658
13070010	791	0.1	-0.1	2.77563
13070010	792	0.1	-0.1	-0.895582
13070010	793	0.1	-0.1	-4.90089
13070010	794	0.1	-0.1	3.55569
13070010	795	0.1	-0.1	-1.64647
13070010	796	0.1	-0.1	3.72915
13070010	797	0.1	-0.1	1.15194
13070010	798	0.1	-0.1	1.8229
13070010	799	0.1	-0.1	4.37441
13070010	800	0.1	-0.1	-0.150738
13070010	801	0.1	-0.1	0.955214
13070010	802	0.1	-0.1	-2.53677
13070010	803	0.1	-0.1	0.676351
13070010	804	0.1	-0.1	4.40171
13070010	805	0.1	-0.1	4.6773
13070010	806	0.1	-0.1	-4.7523
13070010	807	0.1	-0.1	-5.07971
13070010	808	0.1	-0.1	-1.23417
13070010	809	0.1	-0.1	-0.0738763
13070010	810	0.1	-0.1	-1.10651
13070010	811	0.1	-0.1	0.953893
13070010	812	0.1	-0.1	4.7404
13070010	813	0.1	-0.1	5.75459
13070010	814	0.1	-0.1	-2.52418
13070010	815	0.1	-0.1	3.49794
13070010	816	0.1	-0.1	-3.72071
13070010	817	0.1	-0.1	4.026
13070010	818	0.1	-0.1	0.568647
13070010	819	0.1	-0.1	2.95227
13070010	820	0.1	-0.1	-2.6179
13070010	821	0.1	-0.1	4.23319
13070010	822	0.1	-0.1	-0.729093
13070010	823	0.1	-0.1	5.21923
13070010	824	0.1	-0.1	1.65066
13070010	825	0.1	-0.1	1.68778
13070010	826	0.1	-0.1	5.73819
13070010	827	0.1	-0.1	0.359588
13070010	828	0.1	-0.1	-0.514794
13070010	829	0.1	-0.1	-2.27756
13070010	830	0.1	-0.1	-1.0321
13070010	831	0.1	-0.1	2.92396
13070010	832	0.1	-0.1	-5.99433
13070010	833	0.1	-0.1	0.872462
13070010	834	0.1	-0.1	5.29871
13070010	835	0.1	-0.1	-5.99565
13070010	836	0.1	-0.1	4.86454
13070010	837	0.1	-0.1	-1.22966
13070010	838	0.1	-0.1	4.83073
13070010	839	0.1	-0.1	-1.93444
13070010	840	0.1	-0.1	0.250987
13070010	841	0.1	-0.1	0.585637
13070010	842	0.1	-0.1	2.09434
13070010	843	0.1	-0.1	-4.64097
13070010	844	0.1	-0.1	-3.66863
13070010	845	0.1	-0.1	0.368052
13070010	846	0.1	-0.1	2.14177
13070010	847	0.1	-0.1	-1.1792
13070010	848	0.1	-0.1	5.89684
13070010	849	0.1	-0.1	0.0344312
13070010	850	0.1	-0.1	5.5408
13070010	851	0.1	-0.1	-1.6255
13070010	852	0.1	-0.1	0.0600316
13070010	853	0.1	-0.1	-4.30088
13070010	854	0.1	-0.1	1.9244
13070010	855	0.1	-0.1	1.62718
13070010	856	0.1	-0.1	4.52428
13070010	857	0.1	-0.1	-1.10861
13070010	858	0.1	-0.1	-5.36519
13070010	859	0.1	-0.1	-1.16318
13070010	860	0.1	-0.1	-0.039718
13070010	861	0.1	-0.1	4.44294
13070010	862	0.1	-0.1	3.75093
13070010	863	0.1	-0.1	-2.48254
13070010	864	0.1	-0.1	-5.84557
13070010	865	0.1	-0.1	3.97902
13070010	866	0.1	-0.1	5.56317
13070010	867	0.1	-0.1	-2.96342
13070010	868	0.1	-0.1	-2.3725
13070010	869	0.1	-0.1	-5.63621
13070010	870	0.1	-0.1	-2.20666
13070010	871	0.1	-0.1	4.98781
13070010	872	0.1	-0.1	5.74021
13070010	873	0.1	-0.1	2.0986
13070010	874	0.1	-0.1	4.70155
13070010	875	0.1	-0.1	-0.68765
13070010	876	0.1	-0.1	1.29106
13070010	877	0.1	-0.1	1.0496
13070010	878	0.1	-0.1	-5.49764
13070010	879	0.1	-0.1	-3.72026
13070010	880	0.1	-0.1	-0.000748082
13070010	881	0.1	-0.1	3.54742
13070010	882	0.1	-0.1	5.44695
13070010	883	0.1	-0.1	-0.195062
13070010	884	0.1	-0.1	-1.63388
13070010	885	0.1	-0.1	-4.75981
13070010	886	0.1	-0.1	-0.593583
13070010	887	0.1	-0.1	-5.41858
13070010	888	0.1	-0.1	-2.43694
13070010	889	0.1	-0.1	4.00529
13070010	890	0.1	-0.1	-3.92298
13070010	891	0.1	-0.1	0.0368124
13070010	892	0.1	-0.1	5.34737
13070010	893	0.1	-0.1	-1.10641
13070010	894	0.1	-0.1	1.78579
13070010	895	0.1	-0.1	1.99152
13070010	896	0.1	-0.1	-0.672258
13070010	897	0.1	-0.1	1.29476
13070010	898	0.1	-0.1	-5.54611
13070010	899	0.1	-0.1	1.38284
13070010	900	0.1	-0.1	4.68665
13070010	901	0.1	-0.1	-2.83931
13070010	902	0.1	-0.1	-5.693
13070010	903	0.1	-0.1	-2.7554
13070010	904	0.1	-0.1	-3.92119
13070010	905	0.1	-0.1	4.43612
13070010	906	0.1	-0.1	5.93965
13070010	907	0.1	-0.1	-3.64151
13070010	908	0.1	-0.1	-0.0716828
13070010	909	0.1	-0.1	3.48024
13070010	910	0.1	-0.1	-0.775372
13070010	911	0.1	-0.1	-1.03138
13070010	912	0.1	-0.1	4.02787
13070010	913	0.1	-0.1	2.0014
13070010	914	0.1	-0.1	-2.69124
13070010	915	0.1	-0.1	-3.18638
13070010	916	0.1	-0.1	-0.0709646
13070010	917	0.1	-0.1	0.323983
13070010	918	0.1	-0.1	4.48826
13070010	919	0.1	-0.1	-0.948052
13070010	920	0.1	-0.1	-0.252618
13070010	921	0.1	-0.1	3.71071
13070010	922	0.1	-0.1	-4.08951
13070010	923	0.1	-0.1	0.83826
13070010	924	0.1	-0.1	4.4996
13070010	925	0.1	-0.1	-5.53308
13070010	926	0.1	-0.1	-5.7765
13070010	927	0.1	-0.1	0.953196
13070010	928	0.1	-0.1	-2.53116
13070010	929	0.1	-0.1	2.18286
13070010	930	0.1	-0.1	5.15985
13070010	931	0.1	-0.1	-3.9161
13070010	932	0.1	-0.1	-5.45237
13070010	933	0.1	-0.1	-3.44155
13070010	934	0.1	-0.1	4.59404
13070010	935	0.1	-0.1	3.02514
13070010	936	0.1	-0.1	2.34155
13070010	937	0.1	-0.1	-5.10662
13070010	938	0.1	-0.1	3.54209
13070010	939	0.1	-0.1	-1.6433
13070010	940	0.1	-0.1	-2.54259
13070010	941	0.1	-0.1	-3.75191
13070010	942	0.1	-0.1	-0.0493637
13070010	943	0.1	-0.1	-2.42737
13070010	944	0.1	-0.1	-1.72113
13070010	945	0.1	-0.1	3.55039
13070010	946	0.1	-0.1	-4.7609
13070010	947	0.1	-0.1	-0.828295
13070010	948	0.1	-0.1	-5.33351
13070010	949	0.1	-0.1	-5.5109
13070010	950	0.1	-0.1	1.07231
13070010	951	0.1	-0.1	1.52374
13070010	952	0.1	-0.1	3.79889
13070010	953	0.1	-0.1	-4.40947
13070010	954	0.1	-0.1	1.83709
13070010	955	0.1	-0.1	-1.25386
13070010	956	0.1	-0.1	0.681288
13070010	957	0.1	-0.1	-4.05218
13070010	958	0.1	-0.1	-4.75512
13070010	959	0.1	-0.1	2.86155
13070010	960	0.1	-0.1	-5.59342
13070010	961	0.1	-0.1	3.7572
13070010	962	0.1	-0.1	5.42793
13070010	963	0.1	-0.1	-4.87783
13070010	964	0.1	-0.1	-3.5016
13070010	965	0.1	-0.1	1.09283
13070010	966	0.1	-0.1	-3.15597
13070010	967	0.1	-0.1	1.75452
13070010	968	0.1	-0.1	-0.41633
13070010	969	0.1	-0.1	5.62258
13070010	970	0.1	-0.1	2.47565
13070010	971	0.1	-0.1	-2.7505
13070010	972	0.1	-0.1	-3.67361
13070010	973	0.1	-0.1	-0.66032
13070010	974	0.1	-0.1	3.73667
13070010	975	0.1	-0.1	5.37528
13070010	976	0.1	-0.1	-5.31826
13070010	977	0.1	-0.1	1.57373
13070010	978	0.1	-0.1	-1.40277
13070010	979	0.1	-0.1	-5.25867
13070010	980	0.1	-0.1	-0.923872
13070010	981	0.1	-0.1	4.08949
13070010	982	0.1	-0.1	0.296136
13070010	983	0.1	-0.1	3.07233
13070010	984	0.1	-0.1	-2.67206
13070010	985	0.1	-0.1	-5.75424
13070010	986	0.1	-0.1	2.13106
13070010	987	0.1	-0.1	1.1318
13070010	988	0.1	-0.1	4.44063
13070010	989	0.1	-0.1	-0.688205
13070010	990	0.1	-0.1	-0.09664
13070010	991	0.1	-0.1	-2.88187
13070010	992	0.1	-0.1	-0.528027
13070010	993	0.1	-0.1	-2.53331
13070010	994	0.1	-0.1	-1.18449
13070010	995	0.1	-0.1	2.31252
13070010	996	0.1	-0.1	-2.93126
13070010	997	0.1	-0.1	0.593355
13070010	998	0.1	-0.1	-5.75245
13070010	999	0.1	-0.1	-3.88733
13070010	1000	0.1	-0.1	2.69091
