13071034	1	0.1	-0.1	-2.74787
13071034	2	0.1	-0.1	5.90473
13071034	3	0.1	-0.1	-4.73162
13071034	4	0.1	-0.1	-3.12828
13071034	5	0.1	-0.1	1.30284
13071034	6	0.1	-0.1	0.771251
13071034	7	0.1	-0.1	2.49505
13071034	8	0.1	-0.1	5.75509
13071034	9	0.1	-0.1	-5.58008
13071034	10	0.1	-0.1	-0.775856
13071034	11	0.1	-0.1	4.6558
13071034	12	0.1	-0.1	-5.604
13071034	13	0.1	-0.1	4.30407
13071034	14	0.1	-0.1	-5.15639
13071034	15	0.1	-0.1	4.79716
13071034	16	0.1	-0.1	-1.09539
13071034	17	0.1	-0.1	-4.55432
13071034	18	0.1	-0.1	5.33868
13071034	19	0.1	-0.1	3.42019
13071034	20	0.1	-0.1	-1.54713
13071034	21	0.1	-0.1	-2.98796
13071034	22	0.1	-0.1	-3.12718
13071034	23	0.1	-0.1	3.77349
13071034	24	0.1	-0.1	-1.71904
13071034	25	0.1	-0.1	4.21813
13071034	26	0.1	-0.1	-3.81506
13071034	27	0.1	-0.1	2.94716
13071034	28	0.1	-0.1	-2.11576
13071034	29	0.1	-0.1	-3.04728
13071034	30	0.1	-0.1	-4.78518
13071034	31	0.1	-0.1	-3.47543
13071034	32	0.1	-0.1	3.48296
13071034	33	0.1	-0.1	2.9186
13071034	34	0.1	-0.1	-0.402742
13071034	35	0.1	-0.1	-2.30477
13071034	36	0.1	-0.1	-1.29039
13071034	37	0.1	-0.1	0.00454722
13071034	38	0.1	-0.1	-0.8095
13071034	39	0.1	-0.1	-2.45263
13071034	40	0.1	-0.1	-2.39729
13071034	41	0.1	-0.1	4.28216
13071034	42	0.1	-0.1	-1.67551
13071034	43	0.1	-0.1	1.00913
13071034	44	0.1	-0.1	-5.14793
13071034	45	0.1	-0.1	-4.99415
13071034	46	0.1	-0.1	-2.23174
13071034	47	0.1	-0.1	4.58757
13071034	48	0.1	-0.1	-0.50682
13071034	49	0.1	-0.1	-5.0421
13071034	50	0.1	-0.1	4.20977
13071034	51	0.1	-0.1	-1.37454
13071034	52	0.1	-0.1	-0.537764
13071034	53	0.1	-0.1	2.10959
13071034	54	0.1	-0.1	-0.288675
13071034	55	0.1	-0.1	5.08531
13071034	56	0.1	-0.1	-3.84482
13071034	57	0.1	-0.1	5.81951
13071034	58	0.1	-0.1	-1.14511
13071034	59	0.1	-0.1	5.69185
13071034	60	0.1	-0.1	2.13022
13071034	61	0.1	-0.1	-0.214638
13071034	62	0.1	-0.1	5.01986
13071034	63	0.1	-0.1	1.22039
13071034	64	0.1	-0.1	-3.16556
13071034	65	0.1	-0.1	-2.84541
13071034	66	0.1	-0.1	-3.7732
13071034	67	0.1	-0.1	0.174467
13071034	68	0.1	-0.1	4.21679
13071034	69	0.1	-0.1	-4.72911
13071034	70	0.1	-0.1	-0.649457
13071034	71	0.1	-0.1	-2.90748
13071034	72	0.1	-0.1	-0.23145
13071034	73	0.1	-0.1	3.66466
13071034	74	0.1	-0.1	3.78723
13071034	75	0.1	-0.1	5.4106
13071034	76	0.1	-0.1	4.06224
13071034	77	0.1	-0.1	-0.722415
13071034	78	0.1	-0.1	5.84156
13071034	79	0.1	-0.1	-3.86016
13071034	80	0.1	-0.1	-4.13204
13071034	81	0.1	-0.1	4.84872
13071034	82	0.1	-0.1	4.4956
13071034	83	0.1	-0.1	-2.14015
13071034	84	0.1	-0.1	5.7884
13071034	85	0.1	-0.1	3.22214
13071034	86	0.1	-0.1	-2.37937
13071034	87	0.1	-0.1	1.20179
13071034	88	0.1	-0.1	4.05115
13071034	89	0.1	-0.1	2.71412
13071034	90	0.1	-0.1	-4.60263
13071034	91	0.1	-0.1	-2.46929
13071034	92	0.1	-0.1	-5.12056
13071034	93	0.1	-0.1	-4.83762
13071034	94	0.1	-0.1	-1.6367
13071034	95	0.1	-0.1	-0.598355
13071034	96	0.1	-0.1	-4.22729
13071034	97	0.1	-0.1	-5.00519
13071034	98	0.1	-0.1	5.01857
13071034	99	0.1	-0.1	-5.45815
13071034	100	0.1	-0.1	-2.96523
13071034	101	0.1	-0.1	-0.360489
13071034	102	0.1	-0.1	-3.5454
13071034	103	0.1	-0.1	5.28023
13071034	104	0.1	-0.1	3.48487
13071034	105	0.1	-0.1	3.01603
13071034	106	0.1	-0.1	-0.459992
13071034	107	0.1	-0.1	-0.606884
13071034	108	0.1	-0.1	-1.44357
13071034	109	0.1	-0.1	1.47398
13071034	110	0.1	-0.1	3.88007
13071034	111	0.1	-0.1	5.40925
13071034	112	0.1	-0.1	1.79884
13071034	113	0.1	-0.1	4.71196
13071034	114	0.1	-0.1	-2.62636
13071034	115	0.1	-0.1	-4.33934
13071034	116	0.1	-0.1	2.30573
13071034	117	0.1	-0.1	1.62616
13071034	118	0.1	-0.1	4.84213
13071034	119	0.1	-0.1	-4.43779
13071034	120	0.1	-0.1	0.214157
13071034	121	0.1	-0.1	-4.38513
13071034	122	0.1	-0.1	-0.831302
13071034	123	0.1	-0.1	2.21098
13071034	124	0.1	-0.1	-4.37086
13071034	125	0.1	-0.1	-4.47002
13071034	126	0.1	-0.1	5.83074
13071034	127	0.1	-0.1	-5.7988
13071034	128	0.1	-0.1	5.75723
13071034	129	0.1	-0.1	-2.33579
13071034	130	0.1	-0.1	4.98578
13071034	131	0.1	-0.1	0.161123
13071034	132	0.1	-0.1	0.236737
13071034	133	0.1	-0.1	-5.17559
13071034	134	0.1	-0.1	-5.79949
13071034	135	0.1	-0.1	-1.72982
13071034	136	0.1	-0.1	-2.89205
13071034	137	0.1	-0.1	3.42521
13071034	138	0.1	-0.1	-1.02225
13071034	139	0.1	-0.1	-2.04981
13071034	140	0.1	-0.1	-5.1049
13071034	141	0.1	-0.1	4.78989
13071034	142	0.1	-0.1	2.76621
13071034	143	0.1	-0.1	5.25334
13071034	144	0.1	-0.1	3.06715
13071034	145	0.1	-0.1	4.88179
13071034	146	0.1	-0.1	4.83911
13071034	147	0.1	-0.1	2.99898
13071034	148	0.1	-0.1	1.42309
13071034	149	0.1	-0.1	-3.70596
13071034	150	0.1	-0.1	5.39871
13071034	151	0.1	-0.1	0.455596
13071034	152	0.1	-0.1	-1.87051
13071034	153	0.1	-0.1	-5.32322
13071034	154	0.1	-0.1	1.05094
13071034	155	0.1	-0.1	4.21967
13071034	156	0.1	-0.1	-2.24068
13071034	157	0.1	-0.1	-5.47271
13071034	158	0.1	-0.1	5.26304
13071034	159	0.1	-0.1	1.26933
13071034	160	0.1	-0.1	-0.139204
13071034	161	0.1	-0.1	4.50401
13071034	162	0.1	-0.1	-1.48912
13071034	163	0.1	-0.1	-1.71379
13071034	164	0.1	-0.1	-4.45312
13071034	165	0.1	-0.1	-0.328018
13071034	166	0.1	-0.1	-5.55104
13071034	167	0.1	-0.1	0.012618
13071034	168	0.1	-0.1	2.51818
13071034	169	0.1	-0.1	-3.83451
13071034	170	0.1	-0.1	-1.61031
13071034	171	0.1	-0.1	-4.60944
13071034	172	0.1	-0.1	-2.63009
13071034	173	0.1	-0.1	-0.437491
13071034	174	0.1	-0.1	-0.378948
13071034	175	0.1	-0.1	-0.622055
13071034	176	0.1	-0.1	1.3637
13071034	177	0.1	-0.1	-1.17507
13071034	178	0.1	-0.1	-3.72723
13071034	179	0.1	-0.1	-0.293419
13071034	180	0.1	-0.1	0.385334
13071034	181	0.1	-0.1	3.73031
13071034	182	0.1	-0.1	-2.49564
13071034	183	0.1	-0.1	5.70873
13071034	184	0.1	-0.1	4.7606
13071034	185	0.1	-0.1	1.02872
13071034	186	0.1	-0.1	5.66348
13071034	187	0.1	-0.1	4.52777
13071034	188	0.1	-0.1	-2.42668
13071034	189	0.1	-0.1	2.4307
13071034	190	0.1	-0.1	-5.30628
13071034	191	0.1	-0.1	5.62723
13071034	192	0.1	-0.1	4.04743
13071034	193	0.1	-0.1	-0.373677
13071034	194	0.1	-0.1	4.92645
13071034	195	0.1	-0.1	3.58295
13071034	196	0.1	-0.1	-5.20309
13071034	197	0.1	-0.1	3.19392
13071034	198	0.1	-0.1	2.87353
13071034	199	0.1	-0.1	5.07334
13071034	200	0.1	-0.1	-1.89024
13071034	201	0.1	-0.1	0.324515
13071034	202	0.1	-0.1	-4.31762
13071034	203	0.1	-0.1	3.66815
13071034	204	0.1	-0.1	2.86134
13071034	205	0.1	-0.1	-4.05345
13071034	206	0.1	-0.1	2.43066
13071034	207	0.1	-0.1	-4.48325
13071034	208	0.1	-0.1	5.10302
13071034	209	0.1	-0.1	4.78829
13071034	210	0.1	-0.1	0.428697
13071034	211	0.1	-0.1	1.84874
13071034	212	0.1	-0.1	-5.37846
13071034	213	0.1	-0.1	5.75844
13071034	214	0.1	-0.1	-5.70949
13071034	215	0.1	-0.1	1.27999
13071034	216	0.1	-0.1	-3.47422
13071034	217	0.1	-0.1	-4.698
13071034	218	0.1	-0.1	0.383736
13071034	219	0.1	-0.1	5.05563
13071034	220	0.1	-0.1	1.59468
13071034	221	0.1	-0.1	-2.88232
13071034	222	0.1	-0.1	1.8434
13071034	223	0.1	-0.1	3.0739
13071034	224	0.1	-0.1	2.50299
13071034	225	0.1	-0.1	-0.550029
13071034	226	0.1	-0.1	5.99641
13071034	227	0.1	-0.1	-2.64519
13071034	228	0.1	-0.1	3.11497
13071034	229	0.1	-0.1	2.71282
13071034	230	0.1	-0.1	-5.97817
13071034	231	0.1	-0.1	3.66241
13071034	232	0.1	-0.1	1.75262
13071034	233	0.1	-0.1	3.69689
13071034	234	0.1	-0.1	3.8854
13071034	235	0.1	-0.1	5.7386
13071034	236	0.1	-0.1	3.41489
13071034	237	0.1	-0.1	-3.29653
13071034	238	0.1	-0.1	-3.32279
13071034	239	0.1	-0.1	-0.137746
13071034	240	0.1	-0.1	-2.98112
13071034	241	0.1	-0.1	-5.536
13071034	242	0.1	-0.1	1.99867
13071034	243	0.1	-0.1	-4.77483
13071034	244	0.1	-0.1	-1.36965
13071034	245	0.1	-0.1	-1.50859
13071034	246	0.1	-0.1	1.40617
13071034	247	0.1	-0.1	-2.34549
13071034	248	0.1	-0.1	-1.96837
13071034	249	0.1	-0.1	2.68681
13071034	250	0.1	-0.1	4.54887
13071034	251	0.1	-0.1	0.81169
13071034	252	0.1	-0.1	-3.05473
13071034	253	0.1	-0.1	-2.0092
13071034	254	0.1	-0.1	0.858487
13071034	255	0.1	-0.1	-1.31938
13071034	256	0.1	-0.1	-1.45916
13071034	257	0.1	-0.1	-4.4744
13071034	258	0.1	-0.1	0.0257789
13071034	259	0.1	-0.1	-4.33681
13071034	260	0.1	-0.1	-0.149446
13071034	261	0.1	-0.1	-2.99848
13071034	262	0.1	-0.1	0.983871
13071034	263	0.1	-0.1	-1.471
13071034	264	0.1	-0.1	-5.68198
13071034	265	0.1	-0.1	-0.346531
13071034	266	0.1	-0.1	-1.80032
13071034	267	0.1	-0.1	1.2644
13071034	268	0.1	-0.1	-2.59214
13071034	269	0.1	-0.1	-4.89536
13071034	270	0.1	-0.1	-2.52116
13071034	271	0.1	-0.1	1.96609
13071034	272	0.1	-0.1	5.80418
13071034	273	0.1	-0.1	1.84838
13071034	274	0.1	-0.1	-2.43287
13071034	275	0.1	-0.1	-2.55295
13071034	276	0.1	-0.1	4.37664
13071034	277	0.1	-0.1	-4.99792
13071034	278	0.1	-0.1	2.99389
13071034	279	0.1	-0.1	-3.66954
13071034	280	0.1	-0.1	-2.3217
13071034	281	0.1	-0.1	-0.668016
13071034	282	0.1	-0.1	-4.75743
13071034	283	0.1	-0.1	1.95538
13071034	284	0.1	-0.1	5.70823
13071034	285	0.1	-0.1	3.31866
13071034	286	0.1	-0.1	0.688129
13071034	287	0.1	-0.1	5.84111
13071034	288	0.1	-0.1	4.94075
13071034	289	0.1	-0.1	-3.19857
13071034	290	0.1	-0.1	-0.388206
13071034	291	0.1	-0.1	3.26673
13071034	292	0.1	-0.1	0.100925
13071034	293	0.1	-0.1	-1.77526
13071034	294	0.1	-0.1	1.18525
13071034	295	0.1	-0.1	4.64069
13071034	296	0.1	-0.1	2.60224
13071034	297	0.1	-0.1	-2.12795
13071034	298	0.1	-0.1	-1.33244
13071034	299	0.1	-0.1	3.63926
13071034	300	0.1	-0.1	-1.31768
13071034	301	0.1	-0.1	4.61168
13071034	302	0.1	-0.1	-1.652
13071034	303	0.1	-0.1	-2.68521
13071034	304	0.1	-0.1	1.34716
13071034	305	0.1	-0.1	0.393958
13071034	306	0.1	-0.1	2.30749
13071034	307	0.1	-0.1	-3.82445
13071034	308	0.1	-0.1	0.476526
13071034	309	0.1	-0.1	1.60321
13071034	310	0.1	-0.1	-0.29508
13071034	311	0.1	-0.1	-3.1603
13071034	312	0.1	-0.1	3.36423
13071034	313	0.1	-0.1	5.15039
13071034	314	0.1	-0.1	-0.0451046
13071034	315	0.1	-0.1	0.64342
13071034	316	0.1	-0.1	2.85131
13071034	317	0.1	-0.1	-0.676863
13071034	318	0.1	-0.1	5.69852
13071034	319	0.1	-0.1	-5.54267
13071034	320	0.1	-0.1	0.241193
13071034	321	0.1	-0.1	5.68068
13071034	322	0.1	-0.1	3.90597
13071034	323	0.1	-0.1	-0.650802
13071034	324	0.1	-0.1	1.58989
13071034	325	0.1	-0.1	-1.63553
13071034	326	0.1	-0.1	-5.76632
13071034	327	0.1	-0.1	-3.35456
13071034	328	0.1	-0.1	0.485555
13071034	329	0.1	-0.1	4.47945
13071034	330	0.1	-0.1	-3.83525
13071034	331	0.1	-0.1	2.16012
13071034	332	0.1	-0.1	2.67432
13071034	333	0.1	-0.1	-2.65718
13071034	334	0.1	-0.1	-3.58966
13071034	335	0.1	-0.1	-5.26051
13071034	336	0.1	-0.1	5.695
13071034	337	0.1	-0.1	4.00985
13071034	338	0.1	-0.1	3.66132
13071034	339	0.1	-0.1	3.82106
13071034	340	0.1	-0.1	4.65256
13071034	341	0.1	-0.1	2.23006
13071034	342	0.1	-0.1	1.6758
13071034	343	0.1	-0.1	3.12973
13071034	344	0.1	-0.1	-4.10269
13071034	345	0.1	-0.1	-2.58059
13071034	346	0.1	-0.1	4.6282
13071034	347	0.1	-0.1	-1.36042
13071034	348	0.1	-0.1	3.40623
13071034	349	0.1	-0.1	-2.3922
13071034	350	0.1	-0.1	-1.59622
13071034	351	0.1	-0.1	-5.01393
13071034	352	0.1	-0.1	5.62397
13071034	353	0.1	-0.1	2.26458
13071034	354	0.1	-0.1	-5.59383
13071034	355	0.1	-0.1	-4.6098
13071034	356	0.1	-0.1	0.373337
13071034	357	0.1	-0.1	-4.08911
13071034	358	0.1	-0.1	1.65172
13071034	359	0.1	-0.1	3.85183
13071034	360	0.1	-0.1	-4.10287
13071034	361	0.1	-0.1	4.02549
13071034	362	0.1	-0.1	-0.558843
13071034	363	0.1	-0.1	-0.43872
13071034	364	0.1	-0.1	3.12589
13071034	365	0.1	-0.1	-4.55449
13071034	366	0.1	-0.1	-4.68411
13071034	367	0.1	-0.1	5.84119
13071034	368	0.1	-0.1	5.45363
13071034	369	0.1	-0.1	-0.193473
13071034	370	0.1	-0.1	-5.27458
13071034	371	0.1	-0.1	-4.93145
13071034	372	0.1	-0.1	5.13366
13071034	373	0.1	-0.1	-5.7397
13071034	374	0.1	-0.1	1.45333
13071034	375	0.1	-0.1	-4.28624
13071034	376	0.1	-0.1	5.65318
13071034	377	0.1	-0.1	-2.12863
13071034	378	0.1	-0.1	4.63589
13071034	379	0.1	-0.1	2.6692
13071034	380	0.1	-0.1	3.56076
13071034	381	0.1	-0.1	-5.47476
13071034	382	0.1	-0.1	4.18877
13071034	383	0.1	-0.1	-1.38876
13071034	384	0.1	-0.1	1.12271
13071034	385	0.1	-0.1	2.87291
13071034	386	0.1	-0.1	-5.37258
13071034	387	0.1	-0.1	1.88116
13071034	388	0.1	-0.1	-4.39921
13071034	389	0.1	-0.1	3.59688
13071034	390	0.1	-0.1	-2.66357
13071034	391	0.1	-0.1	-5.49595
13071034	392	0.1	-0.1	0.2833
13071034	393	0.1	-0.1	4.2773
13071034	394	0.1	-0.1	3.34742
13071034	395	0.1	-0.1	3.58117
13071034	396	0.1	-0.1	-1.55719
13071034	397	0.1	-0.1	-2.07098
13071034	398	0.1	-0.1	2.45185
13071034	399	0.1	-0.1	-0.426753
13071034	400	0.1	-0.1	2.53698
13071034	401	0.1	-0.1	-1.80158
13071034	402	0.1	-0.1	-0.235573
13071034	403	0.1	-0.1	2.84907
13071034	404	0.1	-0.1	-0.826903
13071034	405	0.1	-0.1	-1.97591
13071034	406	0.1	-0.1	-5.95953
13071034	407	0.1	-0.1	-4.04517
13071034	408	0.1	-0.1	-0.00490384
13071034	409	0.1	-0.1	-1.32147
13071034	410	0.1	-0.1	-2.84354
13071034	411	0.1	-0.1	0.917596
13071034	412	0.1	-0.1	3.67193
13071034	413	0.1	-0.1	0.162879
13071034	414	0.1	-0.1	0.753861
13071034	415	0.1	-0.1	3.71121
13071034	416	0.1	-0.1	5.73986
13071034	417	0.1	-0.1	3.3082
13071034	418	0.1	-0.1	-0.165629
13071034	419	0.1	-0.1	-4.67829
13071034	420	0.1	-0.1	5.59023
13071034	421	0.1	-0.1	-0.164136
13071034	422	0.1	-0.1	0.609779
13071034	423	0.1	-0.1	-1.95503
13071034	424	0.1	-0.1	2.70042
13071034	425	0.1	-0.1	4.2842
13071034	426	0.1	-0.1	5.8737
13071034	427	0.1	-0.1	-4.67441
13071034	428	0.1	-0.1	-1.91171
13071034	429	0.1	-0.1	2.36132
13071034	430	0.1	-0.1	1.91365
13071034	431	0.1	-0.1	-4.05893
13071034	432	0.1	-0.1	-4.59329
13071034	433	0.1	-0.1	-4.55278
13071034	434	0.1	-0.1	-0.0447692
13071034	435	0.1	-0.1	-0.253981
13071034	436	0.1	-0.1	-5.3462
13071034	437	0.1	-0.1	-3.02584
13071034	438	0.1	-0.1	5.27931
13071034	439	0.1	-0.1	5.20969
13071034	440	0.1	-0.1	0.00891076
13071034	441	0.1	-0.1	-2.71294
13071034	442	0.1	-0.1	-3.61567
13071034	443	0.1	-0.1	-4.73584
13071034	444	0.1	-0.1	-4.29125
13071034	445	0.1	-0.1	-3.50522
13071034	446	0.1	-0.1	3.57973
13071034	447	0.1	-0.1	1.29681
13071034	448	0.1	-0.1	-1.17314
13071034	449	0.1	-0.1	5.0352
13071034	450	0.1	-0.1	3.2048
13071034	451	0.1	-0.1	4.22821
13071034	452	0.1	-0.1	5.31741
13071034	453	0.1	-0.1	-2.25711
13071034	454	0.1	-0.1	2.8271
13071034	455	0.1	-0.1	-3.73852
13071034	456	0.1	-0.1	4.5542
13071034	457	0.1	-0.1	-3.63157
13071034	458	0.1	-0.1	-0.726077
13071034	459	0.1	-0.1	3.97943
13071034	460	0.1	-0.1	2.54018
13071034	461	0.1	-0.1	1.60016
13071034	462	0.1	-0.1	-4.05979
13071034	463	0.1	-0.1	1.12839
13071034	464	0.1	-0.1	3.69752
13071034	465	0.1	-0.1	-0.819214
13071034	466	0.1	-0.1	-3.46168
13071034	467	0.1	-0.1	4.00357
13071034	468	0.1	-0.1	-2.86131
13071034	469	0.1	-0.1	-3.72662
13071034	470	0.1	-0.1	-4.39987
13071034	471	0.1	-0.1	4.12368
13071034	472	0.1	-0.1	5.36321
13071034	473	0.1	-0.1	2.85308
13071034	474	0.1	-0.1	4.40637
13071034	475	0.1	-0.1	1.72099
13071034	476	0.1	-0.1	4.21438
13071034	477	0.1	-0.1	1.25374
13071034	478	0.1	-0.1	4.21882
13071034	479	0.1	-0.1	-2.05763
13071034	480	0.1	-0.1	-1.27223
13071034	481	0.1	-0.1	-0.0760772
13071034	482	0.1	-0.1	5.33099
13071034	483	0.1	-0.1	1.99398
13071034	484	0.1	-0.1	5.70126
13071034	485	0.1	-0.1	1.96712
13071034	486	0.1	-0.1	-1.32239
13071034	487	0.1	-0.1	-4.26783
13071034	488	0.1	-0.1	-5.09693
13071034	489	0.1	-0.1	0.253027
13071034	490	0.1	-0.1	-1.02435
13071034	491	0.1	-0.1	5.26063
13071034	492	0.1	-0.1	-2.4447
13071034	493	0.1	-0.1	-3.35466
13071034	494	0.1	-0.1	-0.29301
13071034	495	0.1	-0.1	-5.40184
13071034	496	0.1	-0.1	-2.27985
13071034	497	0.1	-0.1	-2.04812
13071034	498	0.1	-0.1	-5.68012
13071034	499	0.1	-0.1	-4.21057
13071034	500	0.1	-0.1	4.8131
13071034	501	0.1	-0.1	1.06615
13071034	502	0.1	-0.1	-1.67789
13071034	503	0.1	-0.1	-2.37914
13071034	504	0.1	-0.1	-4.26956
13071034	505	0.1	-0.1	1.45681
13071034	506	0.1	-0.1	3.09919
13071034	507	0.1	-0.1	5.46528
13071034	508	0.1	-0.1	-1.41099
13071034	509	0.1	-0.1	3.91872
13071034	510	0.1	-0.1	4.20319
13071034	511	0.1	-0.1	-3.78201
13071034	512	0.1	-0.1	3.99933
13071034	513	0.1	-0.1	1.23634
13071034	514	0.1	-0.1	4.47372
13071034	515	0.1	-0.1	0.169378
13071034	516	0.1	-0.1	4.20327
13071034	517	0.1	-0.1	-2.66686
13071034	518	0.1	-0.1	-1.37171
13071034	519	0.1	-0.1	-4.23131
13071034	520	0.1	-0.1	-3.73912
13071034	521	0.1	-0.1	5.04647
13071034	522	0.1	-0.1	2.09191
13071034	523	0.1	-0.1	5.89954
13071034	524	0.1	-0.1	-3.23225
13071034	525	0.1	-0.1	4.30442
13071034	526	0.1	-0.1	3.80404
13071034	527	0.1	-0.1	-5.65208
13071034	528	0.1	-0.1	3.87091
13071034	529	0.1	-0.1	5.31588
13071034	530	0.1	-0.1	-1.65632
13071034	531	0.1	-0.1	-2.87605
13071034	532	0.1	-0.1	3.77455
13071034	533	0.1	-0.1	-0.356329
13071034	534	0.1	-0.1	1.9774
13071034	535	0.1	-0.1	2.43127
13071034	536	0.1	-0.1	-3.20853
13071034	537	0.1	-0.1	-5.13704
13071034	538	0.1	-0.1	-4.01983
13071034	539	0.1	-0.1	2.32647
13071034	540	0.1	-0.1	2.00967
13071034	541	0.1	-0.1	4.82788
13071034	542	0.1	-0.1	4.51567
13071034	543	0.1	-0.1	-3.62745
13071034	544	0.1	-0.1	-2.37437
13071034	545	0.1	-0.1	2.32507
13071034	546	0.1	-0.1	-3.96298
13071034	547	0.1	-0.1	-2.9053
13071034	548	0.1	-0.1	3.54285
13071034	549	0.1	-0.1	-1.37029
13071034	550	0.1	-0.1	4.35228
13071034	551	0.1	-0.1	-5.25018
13071034	552	0.1	-0.1	0.933972
13071034	553	0.1	-0.1	1.46748
13071034	554	0.1	-0.1	-4.33327
13071034	555	0.1	-0.1	-4.75036
13071034	556	0.1	-0.1	-0.509874
13071034	557	0.1	-0.1	-0.149863
13071034	558	0.1	-0.1	1.84752
13071034	559	0.1	-0.1	3.76303
13071034	560	0.1	-0.1	3.70297
13071034	561	0.1	-0.1	5.71835
13071034	562	0.1	-0.1	1.04733
13071034	563	0.1	-0.1	3.55955
13071034	564	0.1	-0.1	-4.42471
13071034	565	0.1	-0.1	2.66987
13071034	566	0.1	-0.1	-4.6045
13071034	567	0.1	-0.1	0.245195
13071034	568	0.1	-0.1	-4.70309
13071034	569	0.1	-0.1	3.04893
13071034	570	0.1	-0.1	4.19544
13071034	571	0.1	-0.1	1.15804
13071034	572	0.1	-0.1	2.53717
13071034	573	0.1	-0.1	-5.71842
13071034	574	0.1	-0.1	0.562452
13071034	575	0.1	-0.1	4.72969
13071034	576	0.1	-0.1	-5.55243
13071034	577	0.1	-0.1	5.93596
13071034	578	0.1	-0.1	2.67228
13071034	579	0.1	-0.1	-4.48491
13071034	580	0.1	-0.1	-4.19794
13071034	581	0.1	-0.1	-4.26114
13071034	582	0.1	-0.1	-0.959075
13071034	583	0.1	-0.1	2.90825
13071034	584	0.1	-0.1	-1.48152
13071034	585	0.1	-0.1	5.50402
13071034	586	0.1	-0.1	0.0561191
13071034	587	0.1	-0.1	-5.47253
13071034	588	0.1	-0.1	-3.96613
13071034	589	0.1	-0.1	-5.6191
13071034	590	0.1	-0.1	-4.79554
13071034	591	0.1	-0.1	0.468237
13071034	592	0.1	-0.1	3.69707
13071034	593	0.1	-0.1	5.20396
13071034	594	0.1	-0.1	5.12379
13071034	595	0.1	-0.1	0.62949
13071034	596	0.1	-0.1	5.53571
13071034	597	0.1	-0.1	-3.40197
13071034	598	0.1	-0.1	2.73311
13071034	599	0.1	-0.1	-2.88547
13071034	600	0.1	-0.1	-4.83349
13071034	601	0.1	-0.1	-2.94602
13071034	602	0.1	-0.1	1.94831
13071034	603	0.1	-0.1	-1.24955
13071034	604	0.1	-0.1	-3.17515
13071034	605	0.1	-0.1	4.35751
13071034	606	0.1	-0.1	3.64366
13071034	607	0.1	-0.1	0.381888
13071034	608	0.1	-0.1	-0.885469
13071034	609	0.1	-0.1	4.0329
13071034	610	0.1	-0.1	-0.361119
13071034	611	0.1	-0.1	-4.70562
13071034	612	0.1	-0.1	-0.760447
13071034	613	0.1	-0.1	2.895
13071034	614	0.1	-0.1	-2.81313
13071034	615	0.1	-0.1	0.0885948
13071034	616	0.1	-0.1	2.44259
13071034	617	0.1	-0.1	3.8421
13071034	618	0.1	-0.1	4.79356
13071034	619	0.1	-0.1	-0.91729
13071034	620	0.1	-0.1	-3.33796
13071034	621	0.1	-0.1	0.134438
13071034	622	0.1	-0.1	1.83666
13071034	623	0.1	-0.1	-2.35625
13071034	624	0.1	-0.1	-0.424545
13071034	625	0.1	-0.1	0.726952
13071034	626	0.1	-0.1	-5.50497
13071034	627	0.1	-0.1	0.987768
13071034	628	0.1	-0.1	-0.750155
13071034	629	0.1	-0.1	-3.32669
13071034	630	0.1	-0.1	5.10418
13071034	631	0.1	-0.1	5.29979
13071034	632	0.1	-0.1	5.29617
13071034	633	0.1	-0.1	0.418441
13071034	634	0.1	-0.1	1.31785
13071034	635	0.1	-0.1	-0.787449
13071034	636	0.1	-0.1	2.30815
13071034	637	0.1	-0.1	-0.645168
13071034	638	0.1	-0.1	2.77336
13071034	639	0.1	-0.1	3.08158
13071034	640	0.1	-0.1	2.50158
13071034	641	0.1	-0.1	0.00490418
13071034	642	0.1	-0.1	-2.95174
13071034	643	0.1	-0.1	-1.31718
13071034	644	0.1	-0.1	0.290226
13071034	645	0.1	-0.1	0.618931
13071034	646	0.1	-0.1	-3.08085
13071034	647	0.1	-0.1	0.505442
13071034	648	0.1	-0.1	1.9189
13071034	649	0.1	-0.1	3.52962
13071034	650	0.1	-0.1	4.55009
13071034	651	0.1	-0.1	3.59608
13071034	652	0.1	-0.1	2.35893
13071034	653	0.1	-0.1	-3.63658
13071034	654	0.1	-0.1	-0.344038
13071034	655	0.1	-0.1	3.22732
13071034	656	0.1	-0.1	-4.61852
13071034	657	0.1	-0.1	3.88123
13071034	658	0.1	-0.1	-5.41799
13071034	659	0.1	-0.1	-3.74249
13071034	660	0.1	-0.1	4.00367
13071034	661	0.1	-0.1	-3.47108
13071034	662	0.1	-0.1	2.73966
13071034	663	0.1	-0.1	-5.14908
13071034	664	0.1	-0.1	-2.59859
13071034	665	0.1	-0.1	4.27516
13071034	666	0.1	-0.1	2.42284
13071034	667	0.1	-0.1	-3.47919
13071034	668	0.1	-0.1	-2.35723
13071034	669	0.1	-0.1	-3.08512
13071034	670	0.1	-0.1	1.63735
13071034	671	0.1	-0.1	-1.18022
13071034	672	0.1	-0.1	3.83718
13071034	673	0.1	-0.1	0.0122882
13071034	674	0.1	-0.1	1.24203
13071034	675	0.1	-0.1	1.82345
13071034	676	0.1	-0.1	-1.73425
13071034	677	0.1	-0.1	5.41036
13071034	678	0.1	-0.1	-2.29779
13071034	679	0.1	-0.1	4.3164
13071034	680	0.1	-0.1	-0.589568
13071034	681	0.1	-0.1	3.34294
13071034	682	0.1	-0.1	0.0165757
13071034	683	0.1	-0.1	4.86874
13071034	684	0.1	-0.1	-0.0899049
13071034	685	0.1	-0.1	-3.8718
13071034	686	0.1	-0.1	-1.05971
13071034	687	0.1	-0.1	-3.33453
13071034	688	0.1	-0.1	1.88213
13071034	689	0.1	-0.1	-5.11893
13071034	690	0.1	-0.1	0.408677
13071034	691	0.1	-0.1	-4.77453
13071034	692	0.1	-0.1	-1.67033
13071034	693	0.1	-0.1	-2.07518
13071034	694	0.1	-0.1	5.63579
13071034	695	0.1	-0.1	3.49346
13071034	696	0.1	-0.1	-4.50752
13071034	697	0.1	-0.1	4.74034
13071034	698	0.1	-0.1	1.17741
13071034	699	0.1	-0.1	5.21661
13071034	700	0.1	-0.1	-1.01282
13071034	701	0.1	-0.1	-1.37367
13071034	702	0.1	-0.1	-5.14563
13071034	703	0.1	-0.1	1.65556
13071034	704	0.1	-0.1	5.51268
13071034	705	0.1	-0.1	4.97692
13071034	706	0.1	-0.1	0.733528
13071034	707	0.1	-0.1	-0.951195
13071034	708	0.1	-0.1	2.51107
13071034	709	0.1	-0.1	3.50489
13071034	710	0.1	-0.1	4.18316
13071034	711	0.1	-0.1	-1.8378
13071034	712	0.1	-0.1	-5.56281
13071034	713	0.1	-0.1	2.12431
13071034	714	0.1	-0.1	1.02884
13071034	715	0.1	-0.1	2.5717
13071034	716	0.1	-0.1	2.40722
13071034	717	0.1	-0.1	1.80622
13071034	718	0.1	-0.1	-0.320289
13071034	719	0.1	-0.1	2.33219
13071034	720	0.1	-0.1	-0.82174
13071034	721	0.1	-0.1	-3.01461
13071034	722	0.1	-0.1	-0.503207
13071034	723	0.1	-0.1	-2.77846
13071034	724	0.1	-0.1	-4.45475
13071034	725	0.1	-0.1	3.29898
13071034	726	0.1	-0.1	-1.14185
13071034	727	0.1	-0.1	-4.50625
13071034	728	0.1	-0.1	5.56583
13071034	729	0.1	-0.1	-2.68763
13071034	730	0.1	-0.1	0.597125
13071034	731	0.1	-0.1	5.98211
13071034	732	0.1	-0.1	0.28499
13071034	733	0.1	-0.1	1.38774
13071034	734	0.1	-0.1	2.63729
13071034	735	0.1	-0.1	2.08568
13071034	736	0.1	-0.1	1.21068
13071034	737	0.1	-0.1	-2.09322
13071034	738	0.1	-0.1	-0.639556
13071034	739	0.1	-0.1	-1.35382
13071034	740	0.1	-0.1	3.938
13071034	741	0.1	-0.1	-5.24715
13071034	742	0.1	-0.1	1.94545
13071034	743	0.1	-0.1	0.358654
13071034	744	0.1	-0.1	5.05622
13071034	745	0.1	-0.1	0.484918
13071034	746	0.1	-0.1	-4.91972
13071034	747	0.1	-0.1	1.68785
13071034	748	0.1	-0.1	-1.93517
13071034	749	0.1	-0.1	-4.84444
13071034	750	0.1	-0.1	-2.73673
13071034	751	0.1	-0.1	-5.10732
13071034	752	0.1	-0.1	2.25831
13071034	753	0.1	-0.1	4.5352
13071034	754	0.1	-0.1	3.84941
13071034	755	0.1	-0.1	1.62998
13071034	756	0.1	-0.1	3.76641
13071034	757	0.1	-0.1	4.56056
13071034	758	0.1	-0.1	-0.286371
13071034	759	0.1	-0.1	-2.01342
13071034	760	0.1	-0.1	0.29386
13071034	761	0.1	-0.1	0.642586
13071034	762	0.1	-0.1	-3.32545
13071034	763	0.1	-0.1	-3.97006
13071034	764	0.1	-0.1	1.0072
13071034	765	0.1	-0.1	0.371924
13071034	766	0.1	-0.1	-0.0520975
13071034	767	0.1	-0.1	-4.12482
13071034	768	0.1	-0.1	-1.48942
13071034	769	0.1	-0.1	2.18219
13071034	770	0.1	-0.1	-3.35524
13071034	771	0.1	-0.1	2.22957
13071034	772	0.1	-0.1	1.67114
13071034	773	0.1	-0.1	-4.28381
13071034	774	0.1	-0.1	-3.43665
13071034	775	0.1	-0.1	-1.58549
13071034	776	0.1	-0.1	2.9052
13071034	777	0.1	-0.1	2.18653
13071034	778	0.1	-0.1	-3.19398
13071034	779	0.1	-0.1	-5.37731
13071034	780	0.1	-0.1	-3.15064
13071034	781	0.1	-0.1	-5.02063
13071034	782	0.1	-0.1	-0.0370222
13071034	783	0.1	-0.1	-0.726753
13071034	784	0.1	-0.1	-4.33712
13071034	785	0.1	-0.1	-1.08377
13071034	786	0.1	-0.1	-2.66312
13071034	787	0.1	-0.1	0.32367
13071034	788	0.1	-0.1	4.0688
13071034	789	0.1	-0.1	-3.04149
13071034	790	0.1	-0.1	-0.902546
13071034	791	0.1	-0.1	-3.03892
13071034	792	0.1	-0.1	-1.45797
13071034	793	0.1	-0.1	5.82251
13071034	794	0.1	-0.1	0.575888
13071034	795	0.1	-0.1	2.58632
13071034	796	0.1	-0.1	-2.97958
13071034	797	0.1	-0.1	2.67924
13071034	798	0.1	-0.1	-3.77801
13071034	799	0.1	-0.1	0.855974
13071034	800	0.1	-0.1	3.63249
13071034	801	0.1	-0.1	3.22239
13071034	802	0.1	-0.1	-2.00086
13071034	803	0.1	-0.1	-4.52262
13071034	804	0.1	-0.1	-3.29854
13071034	805	0.1	-0.1	1.27143
13071034	806	0.1	-0.1	1.57191
13071034	807	0.1	-0.1	0.562546
13071034	808	0.1	-0.1	3.89851
13071034	809	0.1	-0.1	-4.89211
13071034	810	0.1	-0.1	-2.4501
13071034	811	0.1	-0.1	-3.88723
13071034	812	0.1	-0.1	-1.96684
13071034	813	0.1	-0.1	-4.0279
13071034	814	0.1	-0.1	-3.9126
13071034	815	0.1	-0.1	1.14324
13071034	816	0.1	-0.1	-3.70146
13071034	817	0.1	-0.1	-5.46573
13071034	818	0.1	-0.1	5.8488
13071034	819	0.1	-0.1	0.278572
13071034	820	0.1	-0.1	3.47877
13071034	821	0.1	-0.1	0.989663
13071034	822	0.1	-0.1	-1.08592
13071034	823	0.1	-0.1	-4.24988
13071034	824	0.1	-0.1	2.76233
13071034	825	0.1	-0.1	4.36061
13071034	826	0.1	-0.1	-1.93708
13071034	827	0.1	-0.1	3.58435
13071034	828	0.1	-0.1	3.75634
13071034	829	0.1	-0.1	4.28136
13071034	830	0.1	-0.1	3.96681
13071034	831	0.1	-0.1	-0.715364
13071034	832	0.1	-0.1	-4.50857
13071034	833	0.1	-0.1	-2.44005
13071034	834	0.1	-0.1	-3.16176
13071034	835	0.1	-0.1	5.99976
13071034	836	0.1	-0.1	-0.696253
13071034	837	0.1	-0.1	4.04434
13071034	838	0.1	-0.1	-0.57452
13071034	839	0.1	-0.1	-1.53771
13071034	840	0.1	-0.1	-0.029579
13071034	841	0.1	-0.1	2.06289
13071034	842	0.1	-0.1	-0.115723
13071034	843	0.1	-0.1	-5.48537
13071034	844	0.1	-0.1	-4.42996
13071034	845	0.1	-0.1	3.57821
13071034	846	0.1	-0.1	1.56078
13071034	847	0.1	-0.1	-0.316104
13071034	848	0.1	-0.1	3.26446
13071034	849	0.1	-0.1	5.12518
13071034	850	0.1	-0.1	3.24835
13071034	851	0.1	-0.1	2.23359
13071034	852	0.1	-0.1	-5.23676
13071034	853	0.1	-0.1	4.04902
13071034	854	0.1	-0.1	-2.22222
13071034	855	0.1	-0.1	2.05679
13071034	856	0.1	-0.1	-0.247966
13071034	857	0.1	-0.1	-5.47245
13071034	858	0.1	-0.1	-0.173648
13071034	859	0.1	-0.1	1.21432
13071034	860	0.1	-0.1	-0.228859
13071034	861	0.1	-0.1	-4.08749
13071034	862	0.1	-0.1	-4.08429
13071034	863	0.1	-0.1	-5.3148
13071034	864	0.1	-0.1	2.93502
13071034	865	0.1	-0.1	2.26722
13071034	866	0.1	-0.1	-4.19636
13071034	867	0.1	-0.1	3.26972
13071034	868	0.1	-0.1	-2.49424
13071034	869	0.1	-0.1	-4.33528
13071034	870	0.1	-0.1	2.79678
13071034	871	0.1	-0.1	3.29384
13071034	872	0.1	-0.1	4.91686
13071034	873	0.1	-0.1	-0.66581
13071034	874	0.1	-0.1	3.61286
13071034	875	0.1	-0.1	-0.638758
13071034	876	0.1	-0.1	-0.677987
13071034	877	0.1	-0.1	3.8928
13071034	878	0.1	-0.1	0.943846
13071034	879	0.1	-0.1	-0.388533
13071034	880	0.1	-0.1	-0.0364046
13071034	881	0.1	-0.1	0.646027
13071034	882	0.1	-0.1	1.06786
13071034	883	0.1	-0.1	4.41332
13071034	884	0.1	-0.1	-3.08054
13071034	885	0.1	-0.1	1.82187
13071034	886	0.1	-0.1	3.58774
13071034	887	0.1	-0.1	-5.0863
13071034	888	0.1	-0.1	0.106907
13071034	889	0.1	-0.1	4.47956
13071034	890	0.1	-0.1	3.72631
13071034	891	0.1	-0.1	-4.46386
13071034	892	0.1	-0.1	-3.85049
13071034	893	0.1	-0.1	4.81086
13071034	894	0.1	-0.1	-4.81143
13071034	895	0.1	-0.1	-1.07726
13071034	896	0.1	-0.1	-1.26554
13071034	897	0.1	-0.1	1.66753
13071034	898	0.1	-0.1	-5.58617
13071034	899	0.1	-0.1	4.13962
13071034	900	0.1	-0.1	-2.07159
13071034	901	0.1	-0.1	-2.18326
13071034	902	0.1	-0.1	1.25953
13071034	903	0.1	-0.1	1.44311
13071034	904	0.1	-0.1	-5.73293
13071034	905	0.1	-0.1	5.31288
13071034	906	0.1	-0.1	-3.73914
13071034	907	0.1	-0.1	-2.45366
13071034	908	0.1	-0.1	5.32899
13071034	909	0.1	-0.1	2.30224
13071034	910	0.1	-0.1	5.98087
13071034	911	0.1	-0.1	-0.0533308
13071034	912	0.1	-0.1	-2.47608
13071034	913	0.1	-0.1	-1.02611
13071034	914	0.1	-0.1	-3.55166
13071034	915	0.1	-0.1	1.11438
13071034	916	0.1	-0.1	2.71914
13071034	917	0.1	-0.1	4.53602
13071034	918	0.1	-0.1	-1.3059
13071034	919	0.1	-0.1	0.415746
13071034	920	0.1	-0.1	4.48558
13071034	921	0.1	-0.1	1.62041
13071034	922	0.1	-0.1	5.51796
13071034	923	0.1	-0.1	4.70389
13071034	924	0.1	-0.1	4.55202
13071034	925	0.1	-0.1	1.48428
13071034	926	0.1	-0.1	-5.06506
13071034	927	0.1	-0.1	2.24902
13071034	928	0.1	-0.1	-5.10325
13071034	929	0.1	-0.1	5.21614
13071034	930	0.1	-0.1	3.97558
13071034	931	0.1	-0.1	5.10645
13071034	932	0.1	-0.1	4.36626
13071034	933	0.1	-0.1	-1.74922
13071034	934	0.1	-0.1	-4.80044
13071034	935	0.1	-0.1	-2.84831
13071034	936	0.1	-0.1	-2.39929
13071034	937	0.1	-0.1	-3.48187
13071034	938	0.1	-0.1	-5.774
13071034	939	0.1	-0.1	5.31843
13071034	940	0.1	-0.1	-2.24302
13071034	941	0.1	-0.1	3.77414
13071034	942	0.1	-0.1	3.23144
13071034	943	0.1	-0.1	2.69343
13071034	944	0.1	-0.1	4.69631
13071034	945	0.1	-0.1	-5.66984
13071034	946	0.1	-0.1	4.40113
13071034	947	0.1	-0.1	-3.78362
13071034	948	0.1	-0.1	-1.34067
13071034	949	0.1	-0.1	-2.78914
13071034	950	0.1	-0.1	3.98936
13071034	951	0.1	-0.1	1.84914
13071034	952	0.1	-0.1	2.6112
13071034	953	0.1	-0.1	3.39615
13071034	954	0.1	-0.1	-0.976552
13071034	955	0.1	-0.1	-5.67076
13071034	956	0.1	-0.1	-1.53852
13071034	957	0.1	-0.1	4.2247
13071034	958	0.1	-0.1	-5.67931
13071034	959	0.1	-0.1	-2.21454
13071034	960	0.1	-0.1	-1.13077
13071034	961	0.1	-0.1	0.534722
13071034	962	0.1	-0.1	0.0321757
13071034	963	0.1	-0.1	1.09867
13071034	964	0.1	-0.1	-1.72805
13071034	965	0.1	-0.1	5.42197
13071034	966	0.1	-0.1	-0.472441
13071034	967	0.1	-0.1	3.77725
13071034	968	0.1	-0.1	-3.18267
13071034	969	0.1	-0.1	-1.77483
13071034	970	0.1	-0.1	-2.28664
13071034	971	0.1	-0.1	4.23556
13071034	972	0.1	-0.1	-5.78016
13071034	973	0.1	-0.1	2.63173
13071034	974	0.1	-0.1	4.05389
13071034	975	0.1	-0.1	2.11887
13071034	976	0.1	-0.1	1.59676
13071034	977	0.1	-0.1	2.13614
13071034	978	0.1	-0.1	-0.804862
13071034	979	0.1	-0.1	-5.1831
13071034	980	0.1	-0.1	5.1295
13071034	981	0.1	-0.1	-0.214145
13071034	982	0.1	-0.1	4.21797
13071034	983	0.1	-0.1	4.78137
13071034	984	0.1	-0.1	2.30351
13071034	985	0.1	-0.1	-1.31853
13071034	986	0.1	-0.1	3.22996
13071034	987	0.1	-0.1	-1.92858
13071034	988	0.1	-0.1	0.470279
13071034	989	0.1	-0.1	-1.50446
13071034	990	0.1	-0.1	3.14546
13071034	991	0.1	-0.1	0.712445
13071034	992	0.1	-0.1	-0.39989
13071034	993	0.1	-0.1	5.78899
13071034	994	0.1	-0.1	5.07527
13071034	995	0.1	-0.1	3.12479
13071034	996	0.1	-0.1	-2.80462
13071034	997	0.1	-0.1	-5.69776
13071034	998	0.1	-0.1	-0.212246
13071034	999	0.1	-0.1	4.80636
13071034	1000	0.1	-0.1	2.91499
