13071042	1	0.1	-0.1	-2.71145
13071042	2	0.1	-0.1	-0.269829
13071042	3	0.1	-0.1	1.77743
13071042	4	0.1	-0.1	-5.29755
13071042	5	0.1	-0.1	-1.85451
13071042	6	0.1	-0.1	-2.04777
13071042	7	0.1	-0.1	-4.42916
13071042	8	0.1	-0.1	-1.64507
13071042	9	0.1	-0.1	5.05216
13071042	10	0.1	-0.1	-3.91956
13071042	11	0.1	-0.1	-3.67943
13071042	12	0.1	-0.1	-2.89538
13071042	13	0.1	-0.1	5.57588
13071042	14	0.1	-0.1	3.68803
13071042	15	0.1	-0.1	-1.87865
13071042	16	0.1	-0.1	-5.88653
13071042	17	0.1	-0.1	-0.658626
13071042	18	0.1	-0.1	-5.02949
13071042	19	0.1	-0.1	-5.42408
13071042	20	0.1	-0.1	2.43077
13071042	21	0.1	-0.1	-0.161672
13071042	22	0.1	-0.1	-5.29756
13071042	23	0.1	-0.1	5.77666
13071042	24	0.1	-0.1	3.36711
13071042	25	0.1	-0.1	-0.0646467
13071042	26	0.1	-0.1	-4.5004
13071042	27	0.1	-0.1	-5.79956
13071042	28	0.1	-0.1	-3.07828
13071042	29	0.1	-0.1	-5.63808
13071042	30	0.1	-0.1	-1.28401
13071042	31	0.1	-0.1	-5.32594
13071042	32	0.1	-0.1	-4.93109
13071042	33	0.1	-0.1	5.4924
13071042	34	0.1	-0.1	2.32843
13071042	35	0.1	-0.1	1.35821
13071042	36	0.1	-0.1	-2.31733
13071042	37	0.1	-0.1	4.98348
13071042	38	0.1	-0.1	5.04634
13071042	39	0.1	-0.1	0.744164
13071042	40	0.1	-0.1	4.41813
13071042	41	0.1	-0.1	1.88709
13071042	42	0.1	-0.1	-2.74257
13071042	43	0.1	-0.1	-3.43675
13071042	44	0.1	-0.1	1.61947
13071042	45	0.1	-0.1	-5.10985
13071042	46	0.1	-0.1	-3.79955
13071042	47	0.1	-0.1	5.69677
13071042	48	0.1	-0.1	4.12784
13071042	49	0.1	-0.1	-4.28204
13071042	50	0.1	-0.1	-3.73822
13071042	51	0.1	-0.1	-5.54632
13071042	52	0.1	-0.1	5.12077
13071042	53	0.1	-0.1	-4.66911
13071042	54	0.1	-0.1	-2.86907
13071042	55	0.1	-0.1	4.07819
13071042	56	0.1	-0.1	0.489972
13071042	57	0.1	-0.1	-4.49628
13071042	58	0.1	-0.1	4.03345
13071042	59	0.1	-0.1	-5.70794
13071042	60	0.1	-0.1	-1.83285
13071042	61	0.1	-0.1	0.117504
13071042	62	0.1	-0.1	-5.96931
13071042	63	0.1	-0.1	1.95162
13071042	64	0.1	-0.1	-0.93764
13071042	65	0.1	-0.1	-3.94999
13071042	66	0.1	-0.1	-1.91452
13071042	67	0.1	-0.1	1.63466
13071042	68	0.1	-0.1	-4.90744
13071042	69	0.1	-0.1	-1.81444
13071042	70	0.1	-0.1	3.77193
13071042	71	0.1	-0.1	4.53157
13071042	72	0.1	-0.1	-2.54184
13071042	73	0.1	-0.1	-1.02966
13071042	74	0.1	-0.1	5.73956
13071042	75	0.1	-0.1	0.711517
13071042	76	0.1	-0.1	0.535769
13071042	77	0.1	-0.1	-5.25391
13071042	78	0.1	-0.1	-0.874687
13071042	79	0.1	-0.1	0.0925221
13071042	80	0.1	-0.1	3.26838
13071042	81	0.1	-0.1	4.19166
13071042	82	0.1	-0.1	3.53858
13071042	83	0.1	-0.1	3.89964
13071042	84	0.1	-0.1	5.54617
13071042	85	0.1	-0.1	0.762343
13071042	86	0.1	-0.1	3.88808
13071042	87	0.1	-0.1	3.42367
13071042	88	0.1	-0.1	-5.14493
13071042	89	0.1	-0.1	-2.01242
13071042	90	0.1	-0.1	-4.82237
13071042	91	0.1	-0.1	4.9496
13071042	92	0.1	-0.1	-3.22329
13071042	93	0.1	-0.1	-3.62047
13071042	94	0.1	-0.1	1.06345
13071042	95	0.1	-0.1	-0.84115
13071042	96	0.1	-0.1	-3.90065
13071042	97	0.1	-0.1	3.55283
13071042	98	0.1	-0.1	2.63938
13071042	99	0.1	-0.1	4.33852
13071042	100	0.1	-0.1	-5.18587
13071042	101	0.1	-0.1	1.13007
13071042	102	0.1	-0.1	-1.77459
13071042	103	0.1	-0.1	-3.36845
13071042	104	0.1	-0.1	-3.68581
13071042	105	0.1	-0.1	5.0973
13071042	106	0.1	-0.1	1.09329
13071042	107	0.1	-0.1	-2.19858
13071042	108	0.1	-0.1	-4.612
13071042	109	0.1	-0.1	-1.79342
13071042	110	0.1	-0.1	-4.90841
13071042	111	0.1	-0.1	5.97026
13071042	112	0.1	-0.1	-1.98216
13071042	113	0.1	-0.1	-3.15586
13071042	114	0.1	-0.1	2.98428
13071042	115	0.1	-0.1	0.0224436
13071042	116	0.1	-0.1	4.24006
13071042	117	0.1	-0.1	0.938844
13071042	118	0.1	-0.1	-3.31451
13071042	119	0.1	-0.1	3.53226
13071042	120	0.1	-0.1	-4.37717
13071042	121	0.1	-0.1	-4.08525
13071042	122	0.1	-0.1	5.30328
13071042	123	0.1	-0.1	0.600233
13071042	124	0.1	-0.1	0.792436
13071042	125	0.1	-0.1	-3.62524
13071042	126	0.1	-0.1	5.88611
13071042	127	0.1	-0.1	4.59041
13071042	128	0.1	-0.1	-1.20964
13071042	129	0.1	-0.1	-5.44056
13071042	130	0.1	-0.1	-2.85981
13071042	131	0.1	-0.1	-4.95956
13071042	132	0.1	-0.1	-0.483413
13071042	133	0.1	-0.1	-5.3433
13071042	134	0.1	-0.1	4.92734
13071042	135	0.1	-0.1	-5.47538
13071042	136	0.1	-0.1	-0.887342
13071042	137	0.1	-0.1	-3.91519
13071042	138	0.1	-0.1	4.25479
13071042	139	0.1	-0.1	1.09446
13071042	140	0.1	-0.1	-2.41486
13071042	141	0.1	-0.1	-1.74911
13071042	142	0.1	-0.1	4.46449
13071042	143	0.1	-0.1	-0.0620456
13071042	144	0.1	-0.1	-5.99402
13071042	145	0.1	-0.1	4.85812
13071042	146	0.1	-0.1	1.38059
13071042	147	0.1	-0.1	4.2055
13071042	148	0.1	-0.1	0.0549501
13071042	149	0.1	-0.1	-5.17151
13071042	150	0.1	-0.1	-1.03785
13071042	151	0.1	-0.1	2.64957
13071042	152	0.1	-0.1	-1.50215
13071042	153	0.1	-0.1	0.0256101
13071042	154	0.1	-0.1	3.17315
13071042	155	0.1	-0.1	-4.02354
13071042	156	0.1	-0.1	4.30411
13071042	157	0.1	-0.1	0.913903
13071042	158	0.1	-0.1	-0.369794
13071042	159	0.1	-0.1	1.2194
13071042	160	0.1	-0.1	-3.62821
13071042	161	0.1	-0.1	5.22983
13071042	162	0.1	-0.1	1.55528
13071042	163	0.1	-0.1	3.99116
13071042	164	0.1	-0.1	3.5828
13071042	165	0.1	-0.1	-1.86104
13071042	166	0.1	-0.1	-0.645984
13071042	167	0.1	-0.1	-0.30224
13071042	168	0.1	-0.1	0.370727
13071042	169	0.1	-0.1	-1.66279
13071042	170	0.1	-0.1	-4.81668
13071042	171	0.1	-0.1	-4.71559
13071042	172	0.1	-0.1	-4.48345
13071042	173	0.1	-0.1	-2.95955
13071042	174	0.1	-0.1	-1.22215
13071042	175	0.1	-0.1	4.45167
13071042	176	0.1	-0.1	4.72503
13071042	177	0.1	-0.1	-4.11388
13071042	178	0.1	-0.1	-1.58496
13071042	179	0.1	-0.1	-5.43455
13071042	180	0.1	-0.1	-3.29263
13071042	181	0.1	-0.1	-5.80989
13071042	182	0.1	-0.1	1.81646
13071042	183	0.1	-0.1	-2.01379
13071042	184	0.1	-0.1	-2.37824
13071042	185	0.1	-0.1	-2.05409
13071042	186	0.1	-0.1	0.772394
13071042	187	0.1	-0.1	2.99753
13071042	188	0.1	-0.1	-4.227
13071042	189	0.1	-0.1	-0.811
13071042	190	0.1	-0.1	1.83822
13071042	191	0.1	-0.1	-3.07058
13071042	192	0.1	-0.1	-3.02712
13071042	193	0.1	-0.1	3.12156
13071042	194	0.1	-0.1	4.78871
13071042	195	0.1	-0.1	1.17955
13071042	196	0.1	-0.1	2.48367
13071042	197	0.1	-0.1	1.59141
13071042	198	0.1	-0.1	1.77052
13071042	199	0.1	-0.1	0.262386
13071042	200	0.1	-0.1	-3.74014
13071042	201	0.1	-0.1	3.2937
13071042	202	0.1	-0.1	-3.54144
13071042	203	0.1	-0.1	-1.14934
13071042	204	0.1	-0.1	1.41647
13071042	205	0.1	-0.1	-1.63959
13071042	206	0.1	-0.1	5.40514
13071042	207	0.1	-0.1	-3.83932
13071042	208	0.1	-0.1	-2.4201
13071042	209	0.1	-0.1	1.33938
13071042	210	0.1	-0.1	-5.01394
13071042	211	0.1	-0.1	3.13193
13071042	212	0.1	-0.1	3.97259
13071042	213	0.1	-0.1	5.02324
13071042	214	0.1	-0.1	-0.19699
13071042	215	0.1	-0.1	4.43821
13071042	216	0.1	-0.1	5.69299
13071042	217	0.1	-0.1	-5.23857
13071042	218	0.1	-0.1	4.58907
13071042	219	0.1	-0.1	4.22281
13071042	220	0.1	-0.1	-0.321882
13071042	221	0.1	-0.1	0.135249
13071042	222	0.1	-0.1	-0.724696
13071042	223	0.1	-0.1	-5.96967
13071042	224	0.1	-0.1	-1.18947
13071042	225	0.1	-0.1	-3.74601
13071042	226	0.1	-0.1	4.81552
13071042	227	0.1	-0.1	0.37583
13071042	228	0.1	-0.1	-1.08488
13071042	229	0.1	-0.1	-3.49686
13071042	230	0.1	-0.1	-2.14725
13071042	231	0.1	-0.1	2.23486
13071042	232	0.1	-0.1	-2.79296
13071042	233	0.1	-0.1	-1.58184
13071042	234	0.1	-0.1	1.22713
13071042	235	0.1	-0.1	2.87601
13071042	236	0.1	-0.1	3.30713
13071042	237	0.1	-0.1	3.61246
13071042	238	0.1	-0.1	-0.771764
13071042	239	0.1	-0.1	1.86386
13071042	240	0.1	-0.1	1.26968
13071042	241	0.1	-0.1	2.28375
13071042	242	0.1	-0.1	-1.09314
13071042	243	0.1	-0.1	-5.92635
13071042	244	0.1	-0.1	5.55236
13071042	245	0.1	-0.1	-4.42523
13071042	246	0.1	-0.1	5.56694
13071042	247	0.1	-0.1	-3.54024
13071042	248	0.1	-0.1	5.72761
13071042	249	0.1	-0.1	-2.86569
13071042	250	0.1	-0.1	1.49514
13071042	251	0.1	-0.1	1.54068
13071042	252	0.1	-0.1	5.81043
13071042	253	0.1	-0.1	0.928995
13071042	254	0.1	-0.1	-0.344197
13071042	255	0.1	-0.1	1.1499
13071042	256	0.1	-0.1	1.99725
13071042	257	0.1	-0.1	3.8904
13071042	258	0.1	-0.1	0.726078
13071042	259	0.1	-0.1	5.72586
13071042	260	0.1	-0.1	-3.46964
13071042	261	0.1	-0.1	1.28102
13071042	262	0.1	-0.1	3.52918
13071042	263	0.1	-0.1	-2.59446
13071042	264	0.1	-0.1	-0.570255
13071042	265	0.1	-0.1	-3.15358
13071042	266	0.1	-0.1	0.115451
13071042	267	0.1	-0.1	4.15555
13071042	268	0.1	-0.1	-4.9485
13071042	269	0.1	-0.1	-3.30029
13071042	270	0.1	-0.1	1.12078
13071042	271	0.1	-0.1	5.18767
13071042	272	0.1	-0.1	-1.33483
13071042	273	0.1	-0.1	-2.56678
13071042	274	0.1	-0.1	-1.4243
13071042	275	0.1	-0.1	-3.65907
13071042	276	0.1	-0.1	-1.00224
13071042	277	0.1	-0.1	-3.59924
13071042	278	0.1	-0.1	-1.40149
13071042	279	0.1	-0.1	0.653532
13071042	280	0.1	-0.1	-2.36321
13071042	281	0.1	-0.1	5.1207
13071042	282	0.1	-0.1	2.01141
13071042	283	0.1	-0.1	-2.38994
13071042	284	0.1	-0.1	4.0877
13071042	285	0.1	-0.1	-2.00946
13071042	286	0.1	-0.1	-2.42523
13071042	287	0.1	-0.1	-2.35296
13071042	288	0.1	-0.1	-3.34417
13071042	289	0.1	-0.1	5.85451
13071042	290	0.1	-0.1	0.505471
13071042	291	0.1	-0.1	1.096
13071042	292	0.1	-0.1	-4.59502
13071042	293	0.1	-0.1	2.1887
13071042	294	0.1	-0.1	-0.499006
13071042	295	0.1	-0.1	-5.27359
13071042	296	0.1	-0.1	2.47794
13071042	297	0.1	-0.1	-4.24538
13071042	298	0.1	-0.1	-1.8364
13071042	299	0.1	-0.1	-5.61991
13071042	300	0.1	-0.1	-4.78934
13071042	301	0.1	-0.1	2.77319
13071042	302	0.1	-0.1	4.05736
13071042	303	0.1	-0.1	2.3907
13071042	304	0.1	-0.1	1.99801
13071042	305	0.1	-0.1	3.21537
13071042	306	0.1	-0.1	-3.94616
13071042	307	0.1	-0.1	-1.35759
13071042	308	0.1	-0.1	1.40828
13071042	309	0.1	-0.1	4.04406
13071042	310	0.1	-0.1	5.04663
13071042	311	0.1	-0.1	-1.75308
13071042	312	0.1	-0.1	2.29924
13071042	313	0.1	-0.1	1.36707
13071042	314	0.1	-0.1	-2.12584
13071042	315	0.1	-0.1	-4.12986
13071042	316	0.1	-0.1	4.85746
13071042	317	0.1	-0.1	-2.65615
13071042	318	0.1	-0.1	-3.85965
13071042	319	0.1	-0.1	5.39853
13071042	320	0.1	-0.1	0.6747
13071042	321	0.1	-0.1	-1.15274
13071042	322	0.1	-0.1	1.30445
13071042	323	0.1	-0.1	-3.76089
13071042	324	0.1	-0.1	2.39629
13071042	325	0.1	-0.1	-2.20287
13071042	326	0.1	-0.1	1.12366
13071042	327	0.1	-0.1	-1.70368
13071042	328	0.1	-0.1	-0.458775
13071042	329	0.1	-0.1	-4.43524
13071042	330	0.1	-0.1	-3.52937
13071042	331	0.1	-0.1	-3.91006
13071042	332	0.1	-0.1	-2.25448
13071042	333	0.1	-0.1	0.73759
13071042	334	0.1	-0.1	-0.458396
13071042	335	0.1	-0.1	0.950826
13071042	336	0.1	-0.1	5.49479
13071042	337	0.1	-0.1	-0.75573
13071042	338	0.1	-0.1	-0.106144
13071042	339	0.1	-0.1	1.9147
13071042	340	0.1	-0.1	3.2589
13071042	341	0.1	-0.1	-1.62325
13071042	342	0.1	-0.1	-2.27761
13071042	343	0.1	-0.1	0.737973
13071042	344	0.1	-0.1	-3.81766
13071042	345	0.1	-0.1	-1.2023
13071042	346	0.1	-0.1	3.58571
13071042	347	0.1	-0.1	-0.948582
13071042	348	0.1	-0.1	-5.72164
13071042	349	0.1	-0.1	-4.33029
13071042	350	0.1	-0.1	-3.75196
13071042	351	0.1	-0.1	-3.1764
13071042	352	0.1	-0.1	-1.81431
13071042	353	0.1	-0.1	-0.147458
13071042	354	0.1	-0.1	3.80566
13071042	355	0.1	-0.1	-4.71764
13071042	356	0.1	-0.1	4.69501
13071042	357	0.1	-0.1	-3.89364
13071042	358	0.1	-0.1	0.300254
13071042	359	0.1	-0.1	-2.70341
13071042	360	0.1	-0.1	-1.7485
13071042	361	0.1	-0.1	1.8571
13071042	362	0.1	-0.1	0.535792
13071042	363	0.1	-0.1	-2.05854
13071042	364	0.1	-0.1	-4.16614
13071042	365	0.1	-0.1	-5.76496
13071042	366	0.1	-0.1	2.73976
13071042	367	0.1	-0.1	-1.12055
13071042	368	0.1	-0.1	-1.38386
13071042	369	0.1	-0.1	0.52667
13071042	370	0.1	-0.1	2.61588
13071042	371	0.1	-0.1	-3.85078
13071042	372	0.1	-0.1	-1.05646
13071042	373	0.1	-0.1	-2.2551
13071042	374	0.1	-0.1	-0.257763
13071042	375	0.1	-0.1	5.91824
13071042	376	0.1	-0.1	-0.692595
13071042	377	0.1	-0.1	-5.93642
13071042	378	0.1	-0.1	1.08645
13071042	379	0.1	-0.1	-4.35087
13071042	380	0.1	-0.1	0.570658
13071042	381	0.1	-0.1	3.36711
13071042	382	0.1	-0.1	5.77524
13071042	383	0.1	-0.1	1.59893
13071042	384	0.1	-0.1	4.34226
13071042	385	0.1	-0.1	-0.450479
13071042	386	0.1	-0.1	-1.76615
13071042	387	0.1	-0.1	-5.54102
13071042	388	0.1	-0.1	-1.48021
13071042	389	0.1	-0.1	-0.2347
13071042	390	0.1	-0.1	-2.07392
13071042	391	0.1	-0.1	1.14041
13071042	392	0.1	-0.1	-4.94536
13071042	393	0.1	-0.1	-5.66038
13071042	394	0.1	-0.1	3.45066
13071042	395	0.1	-0.1	0.318891
13071042	396	0.1	-0.1	-3.03669
13071042	397	0.1	-0.1	2.25096
13071042	398	0.1	-0.1	4.51933
13071042	399	0.1	-0.1	3.43066
13071042	400	0.1	-0.1	-2.54064
13071042	401	0.1	-0.1	-4.85735
13071042	402	0.1	-0.1	-4.28396
13071042	403	0.1	-0.1	-2.25995
13071042	404	0.1	-0.1	-2.30887
13071042	405	0.1	-0.1	1.61255
13071042	406	0.1	-0.1	3.4173
13071042	407	0.1	-0.1	0.248733
13071042	408	0.1	-0.1	-4.71556
13071042	409	0.1	-0.1	3.12105
13071042	410	0.1	-0.1	3.16599
13071042	411	0.1	-0.1	4.20924
13071042	412	0.1	-0.1	0.847358
13071042	413	0.1	-0.1	-5.09782
13071042	414	0.1	-0.1	-3.59933
13071042	415	0.1	-0.1	2.75611
13071042	416	0.1	-0.1	-2.04648
13071042	417	0.1	-0.1	5.62355
13071042	418	0.1	-0.1	-4.05836
13071042	419	0.1	-0.1	2.02836
13071042	420	0.1	-0.1	-2.09415
13071042	421	0.1	-0.1	-2.82888
13071042	422	0.1	-0.1	-5.09421
13071042	423	0.1	-0.1	-2.77282
13071042	424	0.1	-0.1	-2.26422
13071042	425	0.1	-0.1	3.33835
13071042	426	0.1	-0.1	-0.306916
13071042	427	0.1	-0.1	0.261182
13071042	428	0.1	-0.1	2.16855
13071042	429	0.1	-0.1	-5.38251
13071042	430	0.1	-0.1	0.948491
13071042	431	0.1	-0.1	-1.4906
13071042	432	0.1	-0.1	-0.957614
13071042	433	0.1	-0.1	4.77282
13071042	434	0.1	-0.1	-4.54933
13071042	435	0.1	-0.1	0.796888
13071042	436	0.1	-0.1	4.47394
13071042	437	0.1	-0.1	2.98945
13071042	438	0.1	-0.1	3.32548
13071042	439	0.1	-0.1	-0.857575
13071042	440	0.1	-0.1	5.23331
13071042	441	0.1	-0.1	5.07183
13071042	442	0.1	-0.1	-4.95914
13071042	443	0.1	-0.1	2.14545
13071042	444	0.1	-0.1	-1.88522
13071042	445	0.1	-0.1	-3.85767
13071042	446	0.1	-0.1	3.03323
13071042	447	0.1	-0.1	-0.319125
13071042	448	0.1	-0.1	2.43629
13071042	449	0.1	-0.1	0.0367097
13071042	450	0.1	-0.1	-2.40273
13071042	451	0.1	-0.1	1.95657
13071042	452	0.1	-0.1	2.59129
13071042	453	0.1	-0.1	-0.00922516
13071042	454	0.1	-0.1	3.97004
13071042	455	0.1	-0.1	0.0737997
13071042	456	0.1	-0.1	2.66962
13071042	457	0.1	-0.1	0.311437
13071042	458	0.1	-0.1	3.43263
13071042	459	0.1	-0.1	0.814639
13071042	460	0.1	-0.1	0.689329
13071042	461	0.1	-0.1	-1.29451
13071042	462	0.1	-0.1	-2.03234
13071042	463	0.1	-0.1	-3.95747
13071042	464	0.1	-0.1	-2.28412
13071042	465	0.1	-0.1	1.6457
13071042	466	0.1	-0.1	5.95147
13071042	467	0.1	-0.1	-0.102995
13071042	468	0.1	-0.1	-0.94414
13071042	469	0.1	-0.1	1.90489
13071042	470	0.1	-0.1	3.78413
13071042	471	0.1	-0.1	-5.53973
13071042	472	0.1	-0.1	0.882123
13071042	473	0.1	-0.1	-4.55844
13071042	474	0.1	-0.1	-4.58317
13071042	475	0.1	-0.1	-5.79775
13071042	476	0.1	-0.1	-4.16884
13071042	477	0.1	-0.1	-4.96968
13071042	478	0.1	-0.1	1.44071
13071042	479	0.1	-0.1	-4.62387
13071042	480	0.1	-0.1	-0.558811
13071042	481	0.1	-0.1	-2.14295
13071042	482	0.1	-0.1	3.795
13071042	483	0.1	-0.1	-5.77853
13071042	484	0.1	-0.1	4.02537
13071042	485	0.1	-0.1	-5.79708
13071042	486	0.1	-0.1	3.33717
13071042	487	0.1	-0.1	-4.8815
13071042	488	0.1	-0.1	-0.843327
13071042	489	0.1	-0.1	-0.0469749
13071042	490	0.1	-0.1	-5.96782
13071042	491	0.1	-0.1	1.87024
13071042	492	0.1	-0.1	2.71557
13071042	493	0.1	-0.1	-0.139705
13071042	494	0.1	-0.1	-3.23353
13071042	495	0.1	-0.1	2.40342
13071042	496	0.1	-0.1	1.73642
13071042	497	0.1	-0.1	4.49275
13071042	498	0.1	-0.1	0.728235
13071042	499	0.1	-0.1	4.86844
13071042	500	0.1	-0.1	5.91907
13071042	501	0.1	-0.1	2.89277
13071042	502	0.1	-0.1	1.16224
13071042	503	0.1	-0.1	4.89959
13071042	504	0.1	-0.1	-3.61775
13071042	505	0.1	-0.1	-0.114924
13071042	506	0.1	-0.1	2.37803
13071042	507	0.1	-0.1	-0.555632
13071042	508	0.1	-0.1	-2.52159
13071042	509	0.1	-0.1	-1.08383
13071042	510	0.1	-0.1	2.14004
13071042	511	0.1	-0.1	2.77718
13071042	512	0.1	-0.1	-2.45532
13071042	513	0.1	-0.1	-2.97698
13071042	514	0.1	-0.1	-3.94322
13071042	515	0.1	-0.1	-2.72266
13071042	516	0.1	-0.1	-5.12082
13071042	517	0.1	-0.1	1.38786
13071042	518	0.1	-0.1	4.23559
13071042	519	0.1	-0.1	-4.63138
13071042	520	0.1	-0.1	-4.078
13071042	521	0.1	-0.1	-4.15974
13071042	522	0.1	-0.1	-3.94759
13071042	523	0.1	-0.1	0.728868
13071042	524	0.1	-0.1	-2.86743
13071042	525	0.1	-0.1	-3.28567
13071042	526	0.1	-0.1	-2.57664
13071042	527	0.1	-0.1	0.788175
13071042	528	0.1	-0.1	-1.01297
13071042	529	0.1	-0.1	-4.46706
13071042	530	0.1	-0.1	1.29462
13071042	531	0.1	-0.1	-5.47993
13071042	532	0.1	-0.1	-0.801339
13071042	533	0.1	-0.1	4.88428
13071042	534	0.1	-0.1	-5.15682
13071042	535	0.1	-0.1	1.65945
13071042	536	0.1	-0.1	5.08512
13071042	537	0.1	-0.1	-3.27939
13071042	538	0.1	-0.1	2.2815
13071042	539	0.1	-0.1	-5.51702
13071042	540	0.1	-0.1	-1.78881
13071042	541	0.1	-0.1	-3.47706
13071042	542	0.1	-0.1	-5.5013
13071042	543	0.1	-0.1	-3.22586
13071042	544	0.1	-0.1	3.02293
13071042	545	0.1	-0.1	-0.237856
13071042	546	0.1	-0.1	-0.44024
13071042	547	0.1	-0.1	-0.547582
13071042	548	0.1	-0.1	2.55765
13071042	549	0.1	-0.1	-1.59144
13071042	550	0.1	-0.1	4.21681
13071042	551	0.1	-0.1	2.63876
13071042	552	0.1	-0.1	-1.06914
13071042	553	0.1	-0.1	5.39071
13071042	554	0.1	-0.1	0.112537
13071042	555	0.1	-0.1	4.72409
13071042	556	0.1	-0.1	5.85485
13071042	557	0.1	-0.1	5.80769
13071042	558	0.1	-0.1	0.0425321
13071042	559	0.1	-0.1	-4.06501
13071042	560	0.1	-0.1	-5.44705
13071042	561	0.1	-0.1	-4.20918
13071042	562	0.1	-0.1	-4.2624
13071042	563	0.1	-0.1	3.16242
13071042	564	0.1	-0.1	5.49966
13071042	565	0.1	-0.1	3.33734
13071042	566	0.1	-0.1	-0.814862
13071042	567	0.1	-0.1	2.95183
13071042	568	0.1	-0.1	-2.02194
13071042	569	0.1	-0.1	-0.57572
13071042	570	0.1	-0.1	-3.07868
13071042	571	0.1	-0.1	-1.47983
13071042	572	0.1	-0.1	-2.89972
13071042	573	0.1	-0.1	-2.12832
13071042	574	0.1	-0.1	3.99404
13071042	575	0.1	-0.1	0.993002
13071042	576	0.1	-0.1	3.77701
13071042	577	0.1	-0.1	-1.80221
13071042	578	0.1	-0.1	-4.11271
13071042	579	0.1	-0.1	1.91688
13071042	580	0.1	-0.1	0.399916
13071042	581	0.1	-0.1	2.83599
13071042	582	0.1	-0.1	-1.16592
13071042	583	0.1	-0.1	5.28928
13071042	584	0.1	-0.1	5.2628
13071042	585	0.1	-0.1	3.07507
13071042	586	0.1	-0.1	-0.522727
13071042	587	0.1	-0.1	0.561977
13071042	588	0.1	-0.1	-3.74412
13071042	589	0.1	-0.1	2.94666
13071042	590	0.1	-0.1	-4.35914
13071042	591	0.1	-0.1	1.5341
13071042	592	0.1	-0.1	-2.28088
13071042	593	0.1	-0.1	-5.05232
13071042	594	0.1	-0.1	0.198775
13071042	595	0.1	-0.1	-1.5621
13071042	596	0.1	-0.1	-1.56661
13071042	597	0.1	-0.1	-1.17792
13071042	598	0.1	-0.1	-5.75871
13071042	599	0.1	-0.1	5.85554
13071042	600	0.1	-0.1	1.21317
13071042	601	0.1	-0.1	-2.35814
13071042	602	0.1	-0.1	5.13805
13071042	603	0.1	-0.1	1.73599
13071042	604	0.1	-0.1	1.72879
13071042	605	0.1	-0.1	-4.38958
13071042	606	0.1	-0.1	-3.05123
13071042	607	0.1	-0.1	1.3785
13071042	608	0.1	-0.1	1.70405
13071042	609	0.1	-0.1	1.85994
13071042	610	0.1	-0.1	-5.26058
13071042	611	0.1	-0.1	4.51278
13071042	612	0.1	-0.1	2.3201
13071042	613	0.1	-0.1	-0.839673
13071042	614	0.1	-0.1	4.10393
13071042	615	0.1	-0.1	5.19378
13071042	616	0.1	-0.1	3.90308
13071042	617	0.1	-0.1	0.995381
13071042	618	0.1	-0.1	-0.623286
13071042	619	0.1	-0.1	4.62104
13071042	620	0.1	-0.1	4.84242
13071042	621	0.1	-0.1	-3.60388
13071042	622	0.1	-0.1	-4.3628
13071042	623	0.1	-0.1	-5.53307
13071042	624	0.1	-0.1	4.67462
13071042	625	0.1	-0.1	1.82353
13071042	626	0.1	-0.1	-4.4565
13071042	627	0.1	-0.1	0.957107
13071042	628	0.1	-0.1	2.28088
13071042	629	0.1	-0.1	4.67552
13071042	630	0.1	-0.1	1.4447
13071042	631	0.1	-0.1	-1.22298
13071042	632	0.1	-0.1	2.35605
13071042	633	0.1	-0.1	-4.56283
13071042	634	0.1	-0.1	1.40758
13071042	635	0.1	-0.1	4.67051
13071042	636	0.1	-0.1	-4.93575
13071042	637	0.1	-0.1	-2.86008
13071042	638	0.1	-0.1	-0.787878
13071042	639	0.1	-0.1	-5.92798
13071042	640	0.1	-0.1	-3.23408
13071042	641	0.1	-0.1	-0.418959
13071042	642	0.1	-0.1	-3.9491
13071042	643	0.1	-0.1	-3.58968
13071042	644	0.1	-0.1	-4.88311
13071042	645	0.1	-0.1	-3.11364
13071042	646	0.1	-0.1	4.58182
13071042	647	0.1	-0.1	-0.36805
13071042	648	0.1	-0.1	-5.7363
13071042	649	0.1	-0.1	-4.6209
13071042	650	0.1	-0.1	-0.311157
13071042	651	0.1	-0.1	-5.31073
13071042	652	0.1	-0.1	-5.01827
13071042	653	0.1	-0.1	3.52198
13071042	654	0.1	-0.1	0.791908
13071042	655	0.1	-0.1	-4.32194
13071042	656	0.1	-0.1	0.687645
13071042	657	0.1	-0.1	1.09435
13071042	658	0.1	-0.1	-2.6255
13071042	659	0.1	-0.1	4.44326
13071042	660	0.1	-0.1	0.67391
13071042	661	0.1	-0.1	-1.06002
13071042	662	0.1	-0.1	-5.3418
13071042	663	0.1	-0.1	2.80486
13071042	664	0.1	-0.1	-1.40666
13071042	665	0.1	-0.1	1.74399
13071042	666	0.1	-0.1	-4.36331
13071042	667	0.1	-0.1	-2.33987
13071042	668	0.1	-0.1	4.69103
13071042	669	0.1	-0.1	5.52338
13071042	670	0.1	-0.1	4.82871
13071042	671	0.1	-0.1	0.687651
13071042	672	0.1	-0.1	1.2997
13071042	673	0.1	-0.1	4.34973
13071042	674	0.1	-0.1	-5.94962
13071042	675	0.1	-0.1	-2.24945
13071042	676	0.1	-0.1	1.83008
13071042	677	0.1	-0.1	-2.86805
13071042	678	0.1	-0.1	0.453024
13071042	679	0.1	-0.1	5.52525
13071042	680	0.1	-0.1	4.58801
13071042	681	0.1	-0.1	-2.07573
13071042	682	0.1	-0.1	5.47839
13071042	683	0.1	-0.1	-5.40744
13071042	684	0.1	-0.1	1.94417
13071042	685	0.1	-0.1	4.10749
13071042	686	0.1	-0.1	-1.58438
13071042	687	0.1	-0.1	-0.18446
13071042	688	0.1	-0.1	-3.95361
13071042	689	0.1	-0.1	1.79747
13071042	690	0.1	-0.1	4.82738
13071042	691	0.1	-0.1	-0.0999386
13071042	692	0.1	-0.1	-2.03094
13071042	693	0.1	-0.1	1.16686
13071042	694	0.1	-0.1	-2.4414
13071042	695	0.1	-0.1	-1.41305
13071042	696	0.1	-0.1	2.45683
13071042	697	0.1	-0.1	0.752063
13071042	698	0.1	-0.1	-5.57997
13071042	699	0.1	-0.1	-0.347195
13071042	700	0.1	-0.1	1.02549
13071042	701	0.1	-0.1	2.77776
13071042	702	0.1	-0.1	-2.00599
13071042	703	0.1	-0.1	0.691278
13071042	704	0.1	-0.1	-5.77968
13071042	705	0.1	-0.1	-3.17052
13071042	706	0.1	-0.1	-1.5884
13071042	707	0.1	-0.1	5.31134
13071042	708	0.1	-0.1	-3.5475
13071042	709	0.1	-0.1	2.41505
13071042	710	0.1	-0.1	-1.15348
13071042	711	0.1	-0.1	-3.90284
13071042	712	0.1	-0.1	-1.85413
13071042	713	0.1	-0.1	-2.9104
13071042	714	0.1	-0.1	-1.67726
13071042	715	0.1	-0.1	4.04714
13071042	716	0.1	-0.1	3.73538
13071042	717	0.1	-0.1	-2.09759
13071042	718	0.1	-0.1	3.3271
13071042	719	0.1	-0.1	5.56367
13071042	720	0.1	-0.1	0.730082
13071042	721	0.1	-0.1	3.21856
13071042	722	0.1	-0.1	2.64482
13071042	723	0.1	-0.1	-3.89472
13071042	724	0.1	-0.1	2.00359
13071042	725	0.1	-0.1	-4.12827
13071042	726	0.1	-0.1	3.76843
13071042	727	0.1	-0.1	-2.21787
13071042	728	0.1	-0.1	-1.71836
13071042	729	0.1	-0.1	-0.194582
13071042	730	0.1	-0.1	-4.11247
13071042	731	0.1	-0.1	-4.525
13071042	732	0.1	-0.1	-3.67763
13071042	733	0.1	-0.1	-4.05113
13071042	734	0.1	-0.1	-0.661911
13071042	735	0.1	-0.1	-1.61313
13071042	736	0.1	-0.1	-0.690469
13071042	737	0.1	-0.1	-1.75118
13071042	738	0.1	-0.1	4.91957
13071042	739	0.1	-0.1	3.74666
13071042	740	0.1	-0.1	-4.57953
13071042	741	0.1	-0.1	0.966708
13071042	742	0.1	-0.1	-3.24318
13071042	743	0.1	-0.1	2.69286
13071042	744	0.1	-0.1	-2.50881
13071042	745	0.1	-0.1	-4.98921
13071042	746	0.1	-0.1	-5.52428
13071042	747	0.1	-0.1	-1.37705
13071042	748	0.1	-0.1	-4.08173
13071042	749	0.1	-0.1	1.0064
13071042	750	0.1	-0.1	-5.52391
13071042	751	0.1	-0.1	-2.67062
13071042	752	0.1	-0.1	-5.13095
13071042	753	0.1	-0.1	3.59144
13071042	754	0.1	-0.1	0.84337
13071042	755	0.1	-0.1	0.89741
13071042	756	0.1	-0.1	-5.03885
13071042	757	0.1	-0.1	-2.52706
13071042	758	0.1	-0.1	-1.35148
13071042	759	0.1	-0.1	-5.08065
13071042	760	0.1	-0.1	5.10365
13071042	761	0.1	-0.1	-5.84833
13071042	762	0.1	-0.1	-3.08242
13071042	763	0.1	-0.1	0.784137
13071042	764	0.1	-0.1	-1.54726
13071042	765	0.1	-0.1	4.13865
13071042	766	0.1	-0.1	-2.51361
13071042	767	0.1	-0.1	1.51063
13071042	768	0.1	-0.1	2.86261
13071042	769	0.1	-0.1	-1.52714
13071042	770	0.1	-0.1	-4.32062
13071042	771	0.1	-0.1	0.673041
13071042	772	0.1	-0.1	-2.16092
13071042	773	0.1	-0.1	0.722876
13071042	774	0.1	-0.1	1.29969
13071042	775	0.1	-0.1	-2.3493
13071042	776	0.1	-0.1	4.9069
13071042	777	0.1	-0.1	5.99689
13071042	778	0.1	-0.1	0.261375
13071042	779	0.1	-0.1	3.41319
13071042	780	0.1	-0.1	-5.06036
13071042	781	0.1	-0.1	-3.54611
13071042	782	0.1	-0.1	-0.465628
13071042	783	0.1	-0.1	3.11115
13071042	784	0.1	-0.1	-5.06271
13071042	785	0.1	-0.1	5.63485
13071042	786	0.1	-0.1	-5.15843
13071042	787	0.1	-0.1	2.40867
13071042	788	0.1	-0.1	-5.89524
13071042	789	0.1	-0.1	0.115491
13071042	790	0.1	-0.1	2.4571
13071042	791	0.1	-0.1	2.03587
13071042	792	0.1	-0.1	3.70861
13071042	793	0.1	-0.1	-1.86782
13071042	794	0.1	-0.1	-3.47799
13071042	795	0.1	-0.1	1.67679
13071042	796	0.1	-0.1	3.16315
13071042	797	0.1	-0.1	1.32138
13071042	798	0.1	-0.1	-2.41175
13071042	799	0.1	-0.1	-1.74294
13071042	800	0.1	-0.1	1.90717
13071042	801	0.1	-0.1	0.200054
13071042	802	0.1	-0.1	5.85202
13071042	803	0.1	-0.1	-5.8586
13071042	804	0.1	-0.1	5.49589
13071042	805	0.1	-0.1	1.24078
13071042	806	0.1	-0.1	3.38205
13071042	807	0.1	-0.1	4.88055
13071042	808	0.1	-0.1	-1.97649
13071042	809	0.1	-0.1	2.80877
13071042	810	0.1	-0.1	-4.86682
13071042	811	0.1	-0.1	2.00173
13071042	812	0.1	-0.1	-1.16267
13071042	813	0.1	-0.1	-5.86965
13071042	814	0.1	-0.1	4.31658
13071042	815	0.1	-0.1	1.51959
13071042	816	0.1	-0.1	-1.55167
13071042	817	0.1	-0.1	3.5195
13071042	818	0.1	-0.1	3.88774
13071042	819	0.1	-0.1	-1.68705
13071042	820	0.1	-0.1	1.1741
13071042	821	0.1	-0.1	-3.84864
13071042	822	0.1	-0.1	1.00948
13071042	823	0.1	-0.1	-3.82082
13071042	824	0.1	-0.1	-4.14186
13071042	825	0.1	-0.1	-2.88513
13071042	826	0.1	-0.1	3.70719
13071042	827	0.1	-0.1	-3.98665
13071042	828	0.1	-0.1	-4.85581
13071042	829	0.1	-0.1	-2.0937
13071042	830	0.1	-0.1	-0.660041
13071042	831	0.1	-0.1	1.44096
13071042	832	0.1	-0.1	-0.40596
13071042	833	0.1	-0.1	-1.70719
13071042	834	0.1	-0.1	-1.47813
13071042	835	0.1	-0.1	2.88517
13071042	836	0.1	-0.1	-3.85187
13071042	837	0.1	-0.1	-2.59644
13071042	838	0.1	-0.1	1.84265
13071042	839	0.1	-0.1	1.49412
13071042	840	0.1	-0.1	0.854683
13071042	841	0.1	-0.1	-1.44792
13071042	842	0.1	-0.1	2.55351
13071042	843	0.1	-0.1	0.965316
13071042	844	0.1	-0.1	1.43342
13071042	845	0.1	-0.1	2.11566
13071042	846	0.1	-0.1	1.35091
13071042	847	0.1	-0.1	-2.0376
13071042	848	0.1	-0.1	4.8754
13071042	849	0.1	-0.1	0.455442
13071042	850	0.1	-0.1	3.35133
13071042	851	0.1	-0.1	1.09791
13071042	852	0.1	-0.1	-2.72067
13071042	853	0.1	-0.1	-2.03392
13071042	854	0.1	-0.1	-2.17226
13071042	855	0.1	-0.1	5.26606
13071042	856	0.1	-0.1	-2.16758
13071042	857	0.1	-0.1	4.54127
13071042	858	0.1	-0.1	-1.95441
13071042	859	0.1	-0.1	-4.95838
13071042	860	0.1	-0.1	-0.461688
13071042	861	0.1	-0.1	0.90712
13071042	862	0.1	-0.1	3.42907
13071042	863	0.1	-0.1	-2.23778
13071042	864	0.1	-0.1	3.76165
13071042	865	0.1	-0.1	3.51981
13071042	866	0.1	-0.1	-5.72562
13071042	867	0.1	-0.1	-1.40821
13071042	868	0.1	-0.1	5.41567
13071042	869	0.1	-0.1	1.07509
13071042	870	0.1	-0.1	-5.64084
13071042	871	0.1	-0.1	-3.36397
13071042	872	0.1	-0.1	-1.78225
13071042	873	0.1	-0.1	5.38216
13071042	874	0.1	-0.1	-2.00461
13071042	875	0.1	-0.1	-4.23963
13071042	876	0.1	-0.1	-3.47969
13071042	877	0.1	-0.1	-4.93157
13071042	878	0.1	-0.1	1.14142
13071042	879	0.1	-0.1	2.42681
13071042	880	0.1	-0.1	2.50979
13071042	881	0.1	-0.1	2.85639
13071042	882	0.1	-0.1	3.75204
13071042	883	0.1	-0.1	1.83548
13071042	884	0.1	-0.1	-1.12475
13071042	885	0.1	-0.1	-4.51096
13071042	886	0.1	-0.1	-2.45974
13071042	887	0.1	-0.1	5.78938
13071042	888	0.1	-0.1	5.90533
13071042	889	0.1	-0.1	-3.35055
13071042	890	0.1	-0.1	-3.76905
13071042	891	0.1	-0.1	0.882097
13071042	892	0.1	-0.1	-4.87324
13071042	893	0.1	-0.1	3.44288
13071042	894	0.1	-0.1	2.43603
13071042	895	0.1	-0.1	2.68891
13071042	896	0.1	-0.1	0.158538
13071042	897	0.1	-0.1	-2.14049
13071042	898	0.1	-0.1	2.67635
13071042	899	0.1	-0.1	4.87521
13071042	900	0.1	-0.1	-1.16801
13071042	901	0.1	-0.1	0.364203
13071042	902	0.1	-0.1	1.44259
13071042	903	0.1	-0.1	-3.39697
13071042	904	0.1	-0.1	2.00534
13071042	905	0.1	-0.1	1.37585
13071042	906	0.1	-0.1	-5.41711
13071042	907	0.1	-0.1	3.7613
13071042	908	0.1	-0.1	-4.46326
13071042	909	0.1	-0.1	2.25228
13071042	910	0.1	-0.1	5.41387
13071042	911	0.1	-0.1	-0.106494
13071042	912	0.1	-0.1	-5.87024
13071042	913	0.1	-0.1	4.93086
13071042	914	0.1	-0.1	-3.83606
13071042	915	0.1	-0.1	4.57145
13071042	916	0.1	-0.1	-1.88987
13071042	917	0.1	-0.1	-2.12591
13071042	918	0.1	-0.1	-0.598724
13071042	919	0.1	-0.1	-3.58688
13071042	920	0.1	-0.1	-5.01601
13071042	921	0.1	-0.1	-3.41733
13071042	922	0.1	-0.1	2.5049
13071042	923	0.1	-0.1	-5.95631
13071042	924	0.1	-0.1	-3.58123
13071042	925	0.1	-0.1	-2.86314
13071042	926	0.1	-0.1	0.779331
13071042	927	0.1	-0.1	-4.89207
13071042	928	0.1	-0.1	1.32683
13071042	929	0.1	-0.1	-2.72556
13071042	930	0.1	-0.1	1.03562
13071042	931	0.1	-0.1	0.489735
13071042	932	0.1	-0.1	-4.78331
13071042	933	0.1	-0.1	-2.16743
13071042	934	0.1	-0.1	0.0860029
13071042	935	0.1	-0.1	-4.87273
13071042	936	0.1	-0.1	-1.39274
13071042	937	0.1	-0.1	3.12878
13071042	938	0.1	-0.1	-5.52142
13071042	939	0.1	-0.1	-4.32474
13071042	940	0.1	-0.1	5.98261
13071042	941	0.1	-0.1	-4.16608
13071042	942	0.1	-0.1	5.11237
13071042	943	0.1	-0.1	-1.62214
13071042	944	0.1	-0.1	-4.07269
13071042	945	0.1	-0.1	5.14722
13071042	946	0.1	-0.1	3.14056
13071042	947	0.1	-0.1	-0.411318
13071042	948	0.1	-0.1	4.76728
13071042	949	0.1	-0.1	1.57697
13071042	950	0.1	-0.1	-5.36924
13071042	951	0.1	-0.1	-0.246155
13071042	952	0.1	-0.1	-4.14617
13071042	953	0.1	-0.1	-4.7331
13071042	954	0.1	-0.1	2.59996
13071042	955	0.1	-0.1	2.61659
13071042	956	0.1	-0.1	-5.4631
13071042	957	0.1	-0.1	2.10936
13071042	958	0.1	-0.1	1.67376
13071042	959	0.1	-0.1	-5.19466
13071042	960	0.1	-0.1	3.82301
13071042	961	0.1	-0.1	5.355
13071042	962	0.1	-0.1	-2.11426
13071042	963	0.1	-0.1	-0.506633
13071042	964	0.1	-0.1	5.48392
13071042	965	0.1	-0.1	-0.991689
13071042	966	0.1	-0.1	0.720765
13071042	967	0.1	-0.1	3.09337
13071042	968	0.1	-0.1	-0.126904
13071042	969	0.1	-0.1	-2.73026
13071042	970	0.1	-0.1	1.41781
13071042	971	0.1	-0.1	-2.84251
13071042	972	0.1	-0.1	-2.73924
13071042	973	0.1	-0.1	-1.2693
13071042	974	0.1	-0.1	1.4207
13071042	975	0.1	-0.1	-5.92476
13071042	976	0.1	-0.1	-5.36696
13071042	977	0.1	-0.1	4.44822
13071042	978	0.1	-0.1	1.56486
13071042	979	0.1	-0.1	-2.69424
13071042	980	0.1	-0.1	-2.17946
13071042	981	0.1	-0.1	0.156015
13071042	982	0.1	-0.1	-0.232315
13071042	983	0.1	-0.1	1.66623
13071042	984	0.1	-0.1	1.18192
13071042	985	0.1	-0.1	-5.88641
13071042	986	0.1	-0.1	2.00612
13071042	987	0.1	-0.1	-3.80026
13071042	988	0.1	-0.1	1.82454
13071042	989	0.1	-0.1	-5.07462
13071042	990	0.1	-0.1	3.93681
13071042	991	0.1	-0.1	4.46478
13071042	992	0.1	-0.1	-4.84487
13071042	993	0.1	-0.1	-4.26827
13071042	994	0.1	-0.1	1.09921
13071042	995	0.1	-0.1	-1.54704
13071042	996	0.1	-0.1	-5.14251
13071042	997	0.1	-0.1	4.76107
13071042	998	0.1	-0.1	4.82495
13071042	999	0.1	-0.1	0.463308
13071042	1000	0.1	-0.1	-4.31878
