13071029	1	0.1	-0.1	-5.58791
13071029	2	0.1	-0.1	2.95213
13071029	3	0.1	-0.1	0.529539
13071029	4	0.1	-0.1	-0.236778
13071029	5	0.1	-0.1	3.49415
13071029	6	0.1	-0.1	2.23582
13071029	7	0.1	-0.1	-4.78985
13071029	8	0.1	-0.1	3.80204
13071029	9	0.1	-0.1	-0.308509
13071029	10	0.1	-0.1	3.9677
13071029	11	0.1	-0.1	0.409147
13071029	12	0.1	-0.1	3.00952
13071029	13	0.1	-0.1	-4.40074
13071029	14	0.1	-0.1	-3.16441
13071029	15	0.1	-0.1	0.768015
13071029	16	0.1	-0.1	-2.53388
13071029	17	0.1	-0.1	-4.38702
13071029	18	0.1	-0.1	-0.603872
13071029	19	0.1	-0.1	-2.77842
13071029	20	0.1	-0.1	-3.83166
13071029	21	0.1	-0.1	-4.6967
13071029	22	0.1	-0.1	3.28538
13071029	23	0.1	-0.1	-0.449321
13071029	24	0.1	-0.1	5.58588
13071029	25	0.1	-0.1	2.85513
13071029	26	0.1	-0.1	-1.03538
13071029	27	0.1	-0.1	3.6059
13071029	28	0.1	-0.1	1.6349
13071029	29	0.1	-0.1	4.58266
13071029	30	0.1	-0.1	2.43056
13071029	31	0.1	-0.1	4.50735
13071029	32	0.1	-0.1	4.69879
13071029	33	0.1	-0.1	-3.5581
13071029	34	0.1	-0.1	-0.497531
13071029	35	0.1	-0.1	2.85109
13071029	36	0.1	-0.1	3.70961
13071029	37	0.1	-0.1	-4.2321
13071029	38	0.1	-0.1	4.13972
13071029	39	0.1	-0.1	3.46114
13071029	40	0.1	-0.1	3.47433
13071029	41	0.1	-0.1	1.99601
13071029	42	0.1	-0.1	-2.44812
13071029	43	0.1	-0.1	2.84316
13071029	44	0.1	-0.1	5.32974
13071029	45	0.1	-0.1	-5.26377
13071029	46	0.1	-0.1	2.68789
13071029	47	0.1	-0.1	2.8758
13071029	48	0.1	-0.1	4.28578
13071029	49	0.1	-0.1	-2.87026
13071029	50	0.1	-0.1	2.85593
13071029	51	0.1	-0.1	3.28321
13071029	52	0.1	-0.1	5.01243
13071029	53	0.1	-0.1	-2.359
13071029	54	0.1	-0.1	2.66594
13071029	55	0.1	-0.1	1.22242
13071029	56	0.1	-0.1	-0.149311
13071029	57	0.1	-0.1	4.62447
13071029	58	0.1	-0.1	-0.426458
13071029	59	0.1	-0.1	-5.54615
13071029	60	0.1	-0.1	3.33473
13071029	61	0.1	-0.1	-1.60147
13071029	62	0.1	-0.1	4.53481
13071029	63	0.1	-0.1	-1.9187
13071029	64	0.1	-0.1	-4.49548
13071029	65	0.1	-0.1	0.642802
13071029	66	0.1	-0.1	-5.89677
13071029	67	0.1	-0.1	2.01801
13071029	68	0.1	-0.1	5.71117
13071029	69	0.1	-0.1	-0.152763
13071029	70	0.1	-0.1	0.434431
13071029	71	0.1	-0.1	0.00471438
13071029	72	0.1	-0.1	-5.29968
13071029	73	0.1	-0.1	3.17212
13071029	74	0.1	-0.1	-2.8666
13071029	75	0.1	-0.1	-2.23273
13071029	76	0.1	-0.1	3.51138
13071029	77	0.1	-0.1	-5.88673
13071029	78	0.1	-0.1	3.34313
13071029	79	0.1	-0.1	-0.202337
13071029	80	0.1	-0.1	3.89707
13071029	81	0.1	-0.1	3.6969
13071029	82	0.1	-0.1	-0.0037988
13071029	83	0.1	-0.1	0.56548
13071029	84	0.1	-0.1	4.54357
13071029	85	0.1	-0.1	-5.53145
13071029	86	0.1	-0.1	-0.716017
13071029	87	0.1	-0.1	-4.07945
13071029	88	0.1	-0.1	1.05651
13071029	89	0.1	-0.1	-1.13086
13071029	90	0.1	-0.1	5.33993
13071029	91	0.1	-0.1	5.25533
13071029	92	0.1	-0.1	2.5113
13071029	93	0.1	-0.1	-2.93295
13071029	94	0.1	-0.1	3.52209
13071029	95	0.1	-0.1	-0.410854
13071029	96	0.1	-0.1	-0.848747
13071029	97	0.1	-0.1	-3.67148
13071029	98	0.1	-0.1	5.12046
13071029	99	0.1	-0.1	-0.194559
13071029	100	0.1	-0.1	0.0179704
13071029	101	0.1	-0.1	-2.0356
13071029	102	0.1	-0.1	0.732231
13071029	103	0.1	-0.1	4.10779
13071029	104	0.1	-0.1	4.06097
13071029	105	0.1	-0.1	-4.13439
13071029	106	0.1	-0.1	2.66458
13071029	107	0.1	-0.1	-5.65472
13071029	108	0.1	-0.1	5.75294
13071029	109	0.1	-0.1	-2.65077
13071029	110	0.1	-0.1	-0.656647
13071029	111	0.1	-0.1	2.0572
13071029	112	0.1	-0.1	3.62651
13071029	113	0.1	-0.1	3.38386
13071029	114	0.1	-0.1	0.20184
13071029	115	0.1	-0.1	0.164504
13071029	116	0.1	-0.1	-5.63484
13071029	117	0.1	-0.1	-4.01658
13071029	118	0.1	-0.1	-2.50565
13071029	119	0.1	-0.1	2.95516
13071029	120	0.1	-0.1	-2.61053
13071029	121	0.1	-0.1	4.70641
13071029	122	0.1	-0.1	-3.68793
13071029	123	0.1	-0.1	-1.53354
13071029	124	0.1	-0.1	4.58875
13071029	125	0.1	-0.1	-2.42728
13071029	126	0.1	-0.1	-2.75649
13071029	127	0.1	-0.1	4.68202
13071029	128	0.1	-0.1	-1.99877
13071029	129	0.1	-0.1	1.63546
13071029	130	0.1	-0.1	-5.61069
13071029	131	0.1	-0.1	2.86732
13071029	132	0.1	-0.1	-2.94157
13071029	133	0.1	-0.1	2.05499
13071029	134	0.1	-0.1	3.80983
13071029	135	0.1	-0.1	3.09995
13071029	136	0.1	-0.1	-4.97195
13071029	137	0.1	-0.1	-5.73601
13071029	138	0.1	-0.1	-2.62333
13071029	139	0.1	-0.1	-3.90932
13071029	140	0.1	-0.1	-2.07388
13071029	141	0.1	-0.1	1.30448
13071029	142	0.1	-0.1	1.34948
13071029	143	0.1	-0.1	2.19121
13071029	144	0.1	-0.1	2.97314
13071029	145	0.1	-0.1	0.944872
13071029	146	0.1	-0.1	3.17532
13071029	147	0.1	-0.1	-4.1932
13071029	148	0.1	-0.1	-5.4922
13071029	149	0.1	-0.1	-1.44187
13071029	150	0.1	-0.1	-2.97159
13071029	151	0.1	-0.1	-0.585678
13071029	152	0.1	-0.1	2.92239
13071029	153	0.1	-0.1	4.75774
13071029	154	0.1	-0.1	0.952882
13071029	155	0.1	-0.1	-3.43598
13071029	156	0.1	-0.1	1.08744
13071029	157	0.1	-0.1	4.59704
13071029	158	0.1	-0.1	-3.44128
13071029	159	0.1	-0.1	5.69021
13071029	160	0.1	-0.1	4.77442
13071029	161	0.1	-0.1	-4.36268
13071029	162	0.1	-0.1	4.02725
13071029	163	0.1	-0.1	-5.65037
13071029	164	0.1	-0.1	3.30357
13071029	165	0.1	-0.1	-5.12189
13071029	166	0.1	-0.1	-4.28681
13071029	167	0.1	-0.1	-0.665704
13071029	168	0.1	-0.1	4.94577
13071029	169	0.1	-0.1	-5.08395
13071029	170	0.1	-0.1	-3.82104
13071029	171	0.1	-0.1	-1.30679
13071029	172	0.1	-0.1	-1.85685
13071029	173	0.1	-0.1	2.22493
13071029	174	0.1	-0.1	0.750234
13071029	175	0.1	-0.1	1.22805
13071029	176	0.1	-0.1	3.49508
13071029	177	0.1	-0.1	5.68792
13071029	178	0.1	-0.1	5.37594
13071029	179	0.1	-0.1	-1.40688
13071029	180	0.1	-0.1	3.73072
13071029	181	0.1	-0.1	2.99339
13071029	182	0.1	-0.1	0.994845
13071029	183	0.1	-0.1	4.89425
13071029	184	0.1	-0.1	-2.97473
13071029	185	0.1	-0.1	0.245327
13071029	186	0.1	-0.1	1.95003
13071029	187	0.1	-0.1	-0.506248
13071029	188	0.1	-0.1	0.661278
13071029	189	0.1	-0.1	-0.582127
13071029	190	0.1	-0.1	-2.39349
13071029	191	0.1	-0.1	1.48642
13071029	192	0.1	-0.1	1.03978
13071029	193	0.1	-0.1	5.11045
13071029	194	0.1	-0.1	-5.31256
13071029	195	0.1	-0.1	-2.65364
13071029	196	0.1	-0.1	0.870527
13071029	197	0.1	-0.1	-5.49983
13071029	198	0.1	-0.1	-3.24135
13071029	199	0.1	-0.1	1.23895
13071029	200	0.1	-0.1	-2.17975
13071029	201	0.1	-0.1	2.26103
13071029	202	0.1	-0.1	-1.82447
13071029	203	0.1	-0.1	-1.01285
13071029	204	0.1	-0.1	5.82838
13071029	205	0.1	-0.1	-2.84383
13071029	206	0.1	-0.1	5.61535
13071029	207	0.1	-0.1	3.4721
13071029	208	0.1	-0.1	-2.99819
13071029	209	0.1	-0.1	5.44946
13071029	210	0.1	-0.1	-2.3457
13071029	211	0.1	-0.1	-2.39186
13071029	212	0.1	-0.1	-5.96223
13071029	213	0.1	-0.1	1.65544
13071029	214	0.1	-0.1	5.93911
13071029	215	0.1	-0.1	-5.46314
13071029	216	0.1	-0.1	0.457069
13071029	217	0.1	-0.1	-5.95754
13071029	218	0.1	-0.1	-3.22022
13071029	219	0.1	-0.1	2.93561
13071029	220	0.1	-0.1	-4.266
13071029	221	0.1	-0.1	5.9654
13071029	222	0.1	-0.1	-5.68287
13071029	223	0.1	-0.1	-4.32544
13071029	224	0.1	-0.1	-0.526489
13071029	225	0.1	-0.1	4.05229
13071029	226	0.1	-0.1	-1.02005
13071029	227	0.1	-0.1	-1.31888
13071029	228	0.1	-0.1	-4.00461
13071029	229	0.1	-0.1	1.71463
13071029	230	0.1	-0.1	-3.87209
13071029	231	0.1	-0.1	-4.06955
13071029	232	0.1	-0.1	0.636429
13071029	233	0.1	-0.1	5.17366
13071029	234	0.1	-0.1	4.10216
13071029	235	0.1	-0.1	-2.88462
13071029	236	0.1	-0.1	-3.21946
13071029	237	0.1	-0.1	-3.26624
13071029	238	0.1	-0.1	3.41062
13071029	239	0.1	-0.1	-5.19181
13071029	240	0.1	-0.1	-5.02807
13071029	241	0.1	-0.1	-5.3789
13071029	242	0.1	-0.1	1.29369
13071029	243	0.1	-0.1	-5.55684
13071029	244	0.1	-0.1	-5.4787
13071029	245	0.1	-0.1	-3.30441
13071029	246	0.1	-0.1	-0.0660672
13071029	247	0.1	-0.1	-1.88311
13071029	248	0.1	-0.1	4.84706
13071029	249	0.1	-0.1	-5.97479
13071029	250	0.1	-0.1	3.02251
13071029	251	0.1	-0.1	-2.91128
13071029	252	0.1	-0.1	5.39961
13071029	253	0.1	-0.1	-4.93048
13071029	254	0.1	-0.1	0.618512
13071029	255	0.1	-0.1	-1.47693
13071029	256	0.1	-0.1	3.33736
13071029	257	0.1	-0.1	-4.33083
13071029	258	0.1	-0.1	-4.52942
13071029	259	0.1	-0.1	-1.71871
13071029	260	0.1	-0.1	0.47703
13071029	261	0.1	-0.1	-3.38974
13071029	262	0.1	-0.1	1.53512
13071029	263	0.1	-0.1	1.68666
13071029	264	0.1	-0.1	5.90886
13071029	265	0.1	-0.1	2.05928
13071029	266	0.1	-0.1	-3.43566
13071029	267	0.1	-0.1	5.58837
13071029	268	0.1	-0.1	0.606228
13071029	269	0.1	-0.1	2.90632
13071029	270	0.1	-0.1	2.72505
13071029	271	0.1	-0.1	1.75539
13071029	272	0.1	-0.1	-4.55711
13071029	273	0.1	-0.1	4.36763
13071029	274	0.1	-0.1	3.51038
13071029	275	0.1	-0.1	-5.44221
13071029	276	0.1	-0.1	-5.93655
13071029	277	0.1	-0.1	0.68484
13071029	278	0.1	-0.1	0.852716
13071029	279	0.1	-0.1	-0.852437
13071029	280	0.1	-0.1	3.9317
13071029	281	0.1	-0.1	-0.0154706
13071029	282	0.1	-0.1	-1.09545
13071029	283	0.1	-0.1	-3.07476
13071029	284	0.1	-0.1	3.20252
13071029	285	0.1	-0.1	-1.63942
13071029	286	0.1	-0.1	-4.98871
13071029	287	0.1	-0.1	5.24722
13071029	288	0.1	-0.1	-0.538054
13071029	289	0.1	-0.1	4.31388
13071029	290	0.1	-0.1	-1.88923
13071029	291	0.1	-0.1	-1.3071
13071029	292	0.1	-0.1	-4.76035
13071029	293	0.1	-0.1	5.44842
13071029	294	0.1	-0.1	-2.44896
13071029	295	0.1	-0.1	0.599581
13071029	296	0.1	-0.1	-5.46221
13071029	297	0.1	-0.1	-3.3642
13071029	298	0.1	-0.1	-4.0477
13071029	299	0.1	-0.1	4.37985
13071029	300	0.1	-0.1	3.82028
13071029	301	0.1	-0.1	-3.50402
13071029	302	0.1	-0.1	0.430281
13071029	303	0.1	-0.1	-1.96691
13071029	304	0.1	-0.1	-2.78039
13071029	305	0.1	-0.1	-2.84168
13071029	306	0.1	-0.1	4.29611
13071029	307	0.1	-0.1	-4.31216
13071029	308	0.1	-0.1	1.07498
13071029	309	0.1	-0.1	2.07481
13071029	310	0.1	-0.1	-4.91883
13071029	311	0.1	-0.1	0.878688
13071029	312	0.1	-0.1	1.24997
13071029	313	0.1	-0.1	5.2122
13071029	314	0.1	-0.1	3.50778
13071029	315	0.1	-0.1	3.1442
13071029	316	0.1	-0.1	2.35603
13071029	317	0.1	-0.1	2.72973
13071029	318	0.1	-0.1	-2.67435
13071029	319	0.1	-0.1	-2.64737
13071029	320	0.1	-0.1	-2.04695
13071029	321	0.1	-0.1	-1.62077
13071029	322	0.1	-0.1	1.0555
13071029	323	0.1	-0.1	-1.96688
13071029	324	0.1	-0.1	-3.82478
13071029	325	0.1	-0.1	1.93316
13071029	326	0.1	-0.1	5.729
13071029	327	0.1	-0.1	-4.66363
13071029	328	0.1	-0.1	3.98651
13071029	329	0.1	-0.1	-0.129463
13071029	330	0.1	-0.1	-2.39641
13071029	331	0.1	-0.1	-5.68617
13071029	332	0.1	-0.1	-5.84055
13071029	333	0.1	-0.1	3.66958
13071029	334	0.1	-0.1	-1.22307
13071029	335	0.1	-0.1	-0.213184
13071029	336	0.1	-0.1	0.864188
13071029	337	0.1	-0.1	-1.29012
13071029	338	0.1	-0.1	-5.32983
13071029	339	0.1	-0.1	-4.54783
13071029	340	0.1	-0.1	5.75283
13071029	341	0.1	-0.1	-4.22817
13071029	342	0.1	-0.1	2.3423
13071029	343	0.1	-0.1	4.14358
13071029	344	0.1	-0.1	0.0520259
13071029	345	0.1	-0.1	-2.49436
13071029	346	0.1	-0.1	3.45482
13071029	347	0.1	-0.1	-5.75197
13071029	348	0.1	-0.1	-2.19933
13071029	349	0.1	-0.1	5.62947
13071029	350	0.1	-0.1	-2.25718
13071029	351	0.1	-0.1	-3.67069
13071029	352	0.1	-0.1	-3.60286
13071029	353	0.1	-0.1	5.79795
13071029	354	0.1	-0.1	-0.352822
13071029	355	0.1	-0.1	-1.42329
13071029	356	0.1	-0.1	1.63862
13071029	357	0.1	-0.1	-5.37514
13071029	358	0.1	-0.1	0.601677
13071029	359	0.1	-0.1	-3.94391
13071029	360	0.1	-0.1	-2.05722
13071029	361	0.1	-0.1	-3.8233
13071029	362	0.1	-0.1	-1.20147
13071029	363	0.1	-0.1	-1.1046
13071029	364	0.1	-0.1	-0.409665
13071029	365	0.1	-0.1	-1.28025
13071029	366	0.1	-0.1	2.1789
13071029	367	0.1	-0.1	4.92926
13071029	368	0.1	-0.1	3.15472
13071029	369	0.1	-0.1	-5.31026
13071029	370	0.1	-0.1	3.03268
13071029	371	0.1	-0.1	5.39051
13071029	372	0.1	-0.1	-2.44551
13071029	373	0.1	-0.1	4.96473
13071029	374	0.1	-0.1	3.35521
13071029	375	0.1	-0.1	0.0302541
13071029	376	0.1	-0.1	2.30089
13071029	377	0.1	-0.1	1.20372
13071029	378	0.1	-0.1	0.00627916
13071029	379	0.1	-0.1	3.72725
13071029	380	0.1	-0.1	5.99211
13071029	381	0.1	-0.1	4.13047
13071029	382	0.1	-0.1	0.0302057
13071029	383	0.1	-0.1	-3.80452
13071029	384	0.1	-0.1	1.14595
13071029	385	0.1	-0.1	-0.776502
13071029	386	0.1	-0.1	-3.85368
13071029	387	0.1	-0.1	-5.05391
13071029	388	0.1	-0.1	5.35769
13071029	389	0.1	-0.1	-5.74275
13071029	390	0.1	-0.1	-1.20263
13071029	391	0.1	-0.1	-3.86406
13071029	392	0.1	-0.1	5.34265
13071029	393	0.1	-0.1	-5.13855
13071029	394	0.1	-0.1	2.66547
13071029	395	0.1	-0.1	3.97683
13071029	396	0.1	-0.1	-0.649205
13071029	397	0.1	-0.1	-3.97014
13071029	398	0.1	-0.1	-3.71395
13071029	399	0.1	-0.1	1.14627
13071029	400	0.1	-0.1	3.14108
13071029	401	0.1	-0.1	-1.14139
13071029	402	0.1	-0.1	-4.55992
13071029	403	0.1	-0.1	1.80813
13071029	404	0.1	-0.1	2.02452
13071029	405	0.1	-0.1	-3.97331
13071029	406	0.1	-0.1	5.31298
13071029	407	0.1	-0.1	0.612109
13071029	408	0.1	-0.1	4.3338
13071029	409	0.1	-0.1	2.36024
13071029	410	0.1	-0.1	-1.62692
13071029	411	0.1	-0.1	-3.96697
13071029	412	0.1	-0.1	4.56995
13071029	413	0.1	-0.1	-0.716633
13071029	414	0.1	-0.1	3.28611
13071029	415	0.1	-0.1	-4.43591
13071029	416	0.1	-0.1	-3.02041
13071029	417	0.1	-0.1	4.01473
13071029	418	0.1	-0.1	-1.63945
13071029	419	0.1	-0.1	-1.31669
13071029	420	0.1	-0.1	3.90733
13071029	421	0.1	-0.1	-4.40956
13071029	422	0.1	-0.1	-1.55914
13071029	423	0.1	-0.1	4.41048
13071029	424	0.1	-0.1	-2.23226
13071029	425	0.1	-0.1	1.40281
13071029	426	0.1	-0.1	4.24849
13071029	427	0.1	-0.1	4.38043
13071029	428	0.1	-0.1	-3.9032
13071029	429	0.1	-0.1	0.288846
13071029	430	0.1	-0.1	-0.754674
13071029	431	0.1	-0.1	4.42629
13071029	432	0.1	-0.1	4.68906
13071029	433	0.1	-0.1	4.29136
13071029	434	0.1	-0.1	0.718878
13071029	435	0.1	-0.1	4.231
13071029	436	0.1	-0.1	-4.17722
13071029	437	0.1	-0.1	2.71416
13071029	438	0.1	-0.1	-0.786501
13071029	439	0.1	-0.1	-0.363982
13071029	440	0.1	-0.1	-2.08719
13071029	441	0.1	-0.1	-0.390445
13071029	442	0.1	-0.1	1.07264
13071029	443	0.1	-0.1	1.64612
13071029	444	0.1	-0.1	-0.662516
13071029	445	0.1	-0.1	-1.10991
13071029	446	0.1	-0.1	2.56852
13071029	447	0.1	-0.1	0.283159
13071029	448	0.1	-0.1	-4.27024
13071029	449	0.1	-0.1	-2.93695
13071029	450	0.1	-0.1	-4.48782
13071029	451	0.1	-0.1	0.562659
13071029	452	0.1	-0.1	-3.15981
13071029	453	0.1	-0.1	-2.6317
13071029	454	0.1	-0.1	-2.49419
13071029	455	0.1	-0.1	2.94804
13071029	456	0.1	-0.1	-1.19107
13071029	457	0.1	-0.1	-1.41788
13071029	458	0.1	-0.1	-3.79064
13071029	459	0.1	-0.1	4.24052
13071029	460	0.1	-0.1	4.30145
13071029	461	0.1	-0.1	-0.471987
13071029	462	0.1	-0.1	3.83542
13071029	463	0.1	-0.1	1.42138
13071029	464	0.1	-0.1	-2.80476
13071029	465	0.1	-0.1	-3.08485
13071029	466	0.1	-0.1	-4.22606
13071029	467	0.1	-0.1	-5.17039
13071029	468	0.1	-0.1	-4.36761
13071029	469	0.1	-0.1	-4.61354
13071029	470	0.1	-0.1	4.11179
13071029	471	0.1	-0.1	4.35539
13071029	472	0.1	-0.1	-4.07998
13071029	473	0.1	-0.1	2.56684
13071029	474	0.1	-0.1	-0.187756
13071029	475	0.1	-0.1	2.46934
13071029	476	0.1	-0.1	-5.11839
13071029	477	0.1	-0.1	3.13401
13071029	478	0.1	-0.1	-3.50504
13071029	479	0.1	-0.1	3.16283
13071029	480	0.1	-0.1	4.22359
13071029	481	0.1	-0.1	5.37157
13071029	482	0.1	-0.1	-3.63043
13071029	483	0.1	-0.1	2.2792
13071029	484	0.1	-0.1	-3.44121
13071029	485	0.1	-0.1	5.60334
13071029	486	0.1	-0.1	5.3804
13071029	487	0.1	-0.1	-5.33081
13071029	488	0.1	-0.1	-3.30651
13071029	489	0.1	-0.1	4.41013
13071029	490	0.1	-0.1	-0.904153
13071029	491	0.1	-0.1	5.80855
13071029	492	0.1	-0.1	-2.91716
13071029	493	0.1	-0.1	-5.53755
13071029	494	0.1	-0.1	1.50293
13071029	495	0.1	-0.1	-0.980866
13071029	496	0.1	-0.1	-4.1296
13071029	497	0.1	-0.1	-4.3432
13071029	498	0.1	-0.1	2.58263
13071029	499	0.1	-0.1	3.76207
13071029	500	0.1	-0.1	2.41279
13071029	501	0.1	-0.1	0.406204
13071029	502	0.1	-0.1	4.3365
13071029	503	0.1	-0.1	0.526978
13071029	504	0.1	-0.1	2.23617
13071029	505	0.1	-0.1	4.71421
13071029	506	0.1	-0.1	2.09381
13071029	507	0.1	-0.1	0.299279
13071029	508	0.1	-0.1	-2.2326
13071029	509	0.1	-0.1	-4.93751
13071029	510	0.1	-0.1	-1.29595
13071029	511	0.1	-0.1	-4.72546
13071029	512	0.1	-0.1	-1.18866
13071029	513	0.1	-0.1	-4.29256
13071029	514	0.1	-0.1	-2.05534
13071029	515	0.1	-0.1	-3.34787
13071029	516	0.1	-0.1	-2.48443
13071029	517	0.1	-0.1	4.06596
13071029	518	0.1	-0.1	-2.70966
13071029	519	0.1	-0.1	3.21593
13071029	520	0.1	-0.1	4.74332
13071029	521	0.1	-0.1	-0.718945
13071029	522	0.1	-0.1	-3.52882
13071029	523	0.1	-0.1	-5.4545
13071029	524	0.1	-0.1	3.4787
13071029	525	0.1	-0.1	2.49216
13071029	526	0.1	-0.1	4.49817
13071029	527	0.1	-0.1	-0.622049
13071029	528	0.1	-0.1	4.76305
13071029	529	0.1	-0.1	-3.91868
13071029	530	0.1	-0.1	-2.66668
13071029	531	0.1	-0.1	0.392967
13071029	532	0.1	-0.1	5.50593
13071029	533	0.1	-0.1	5.39099
13071029	534	0.1	-0.1	-0.719261
13071029	535	0.1	-0.1	3.42792
13071029	536	0.1	-0.1	-2.60138
13071029	537	0.1	-0.1	-1.76819
13071029	538	0.1	-0.1	1.9675
13071029	539	0.1	-0.1	-5.17003
13071029	540	0.1	-0.1	-3.90848
13071029	541	0.1	-0.1	-4.69524
13071029	542	0.1	-0.1	-4.69221
13071029	543	0.1	-0.1	-2.83562
13071029	544	0.1	-0.1	3.80286
13071029	545	0.1	-0.1	0.25765
13071029	546	0.1	-0.1	3.15253
13071029	547	0.1	-0.1	-4.66212
13071029	548	0.1	-0.1	4.37202
13071029	549	0.1	-0.1	2.66999
13071029	550	0.1	-0.1	0.383952
13071029	551	0.1	-0.1	0.0984381
13071029	552	0.1	-0.1	-2.70848
13071029	553	0.1	-0.1	3.09709
13071029	554	0.1	-0.1	4.69317
13071029	555	0.1	-0.1	-4.30885
13071029	556	0.1	-0.1	-1.12578
13071029	557	0.1	-0.1	5.85717
13071029	558	0.1	-0.1	-1.7958
13071029	559	0.1	-0.1	1.56298
13071029	560	0.1	-0.1	1.48642
13071029	561	0.1	-0.1	-4.13501
13071029	562	0.1	-0.1	-1.05511
13071029	563	0.1	-0.1	4.86666
13071029	564	0.1	-0.1	-0.52541
13071029	565	0.1	-0.1	-2.42801
13071029	566	0.1	-0.1	-4.15142
13071029	567	0.1	-0.1	-4.4007
13071029	568	0.1	-0.1	5.4864
13071029	569	0.1	-0.1	-4.68012
13071029	570	0.1	-0.1	4.8336
13071029	571	0.1	-0.1	3.73508
13071029	572	0.1	-0.1	4.30909
13071029	573	0.1	-0.1	1.41121
13071029	574	0.1	-0.1	-0.508844
13071029	575	0.1	-0.1	-5.04629
13071029	576	0.1	-0.1	1.06268
13071029	577	0.1	-0.1	-0.725999
13071029	578	0.1	-0.1	3.75362
13071029	579	0.1	-0.1	-5.61404
13071029	580	0.1	-0.1	5.60775
13071029	581	0.1	-0.1	-3.85955
13071029	582	0.1	-0.1	-5.74464
13071029	583	0.1	-0.1	-1.92677
13071029	584	0.1	-0.1	5.60172
13071029	585	0.1	-0.1	-2.31215
13071029	586	0.1	-0.1	-5.09914
13071029	587	0.1	-0.1	-2.16253
13071029	588	0.1	-0.1	1.44074
13071029	589	0.1	-0.1	-5.08421
13071029	590	0.1	-0.1	-4.53372
13071029	591	0.1	-0.1	-1.26257
13071029	592	0.1	-0.1	1.1452
13071029	593	0.1	-0.1	-2.80114
13071029	594	0.1	-0.1	1.97879
13071029	595	0.1	-0.1	-4.16926
13071029	596	0.1	-0.1	2.14839
13071029	597	0.1	-0.1	3.95874
13071029	598	0.1	-0.1	-4.12827
13071029	599	0.1	-0.1	0.892782
13071029	600	0.1	-0.1	-1.10157
13071029	601	0.1	-0.1	1.44056
13071029	602	0.1	-0.1	-0.141694
13071029	603	0.1	-0.1	-2.75483
13071029	604	0.1	-0.1	-5.23579
13071029	605	0.1	-0.1	-1.70179
13071029	606	0.1	-0.1	-2.59523
13071029	607	0.1	-0.1	-2.49366
13071029	608	0.1	-0.1	-1.64282
13071029	609	0.1	-0.1	0.156251
13071029	610	0.1	-0.1	-0.814442
13071029	611	0.1	-0.1	0.367327
13071029	612	0.1	-0.1	-0.0525728
13071029	613	0.1	-0.1	4.90078
13071029	614	0.1	-0.1	-4.05844
13071029	615	0.1	-0.1	1.60149
13071029	616	0.1	-0.1	3.01206
13071029	617	0.1	-0.1	3.96354
13071029	618	0.1	-0.1	1.5743
13071029	619	0.1	-0.1	0.554755
13071029	620	0.1	-0.1	5.30424
13071029	621	0.1	-0.1	0.712577
13071029	622	0.1	-0.1	3.07874
13071029	623	0.1	-0.1	-4.29407
13071029	624	0.1	-0.1	4.06926
13071029	625	0.1	-0.1	1.30801
13071029	626	0.1	-0.1	-1.50928
13071029	627	0.1	-0.1	4.63697
13071029	628	0.1	-0.1	-5.70409
13071029	629	0.1	-0.1	1.83661
13071029	630	0.1	-0.1	-1.52185
13071029	631	0.1	-0.1	-4.3472
13071029	632	0.1	-0.1	-2.61255
13071029	633	0.1	-0.1	-2.46412
13071029	634	0.1	-0.1	-0.381493
13071029	635	0.1	-0.1	2.05143
13071029	636	0.1	-0.1	-2.2587
13071029	637	0.1	-0.1	5.73578
13071029	638	0.1	-0.1	3.24715
13071029	639	0.1	-0.1	0.477434
13071029	640	0.1	-0.1	3.52007
13071029	641	0.1	-0.1	2.07158
13071029	642	0.1	-0.1	1.09472
13071029	643	0.1	-0.1	-5.53017
13071029	644	0.1	-0.1	0.815744
13071029	645	0.1	-0.1	3.88483
13071029	646	0.1	-0.1	2.70757
13071029	647	0.1	-0.1	-2.12389
13071029	648	0.1	-0.1	2.03541
13071029	649	0.1	-0.1	1.55939
13071029	650	0.1	-0.1	5.57247
13071029	651	0.1	-0.1	-5.39052
13071029	652	0.1	-0.1	-4.09666
13071029	653	0.1	-0.1	-5.34791
13071029	654	0.1	-0.1	-4.0387
13071029	655	0.1	-0.1	-1.50757
13071029	656	0.1	-0.1	-2.49796
13071029	657	0.1	-0.1	2.25124
13071029	658	0.1	-0.1	-2.82051
13071029	659	0.1	-0.1	-4.87427
13071029	660	0.1	-0.1	-1.4708
13071029	661	0.1	-0.1	-2.67904
13071029	662	0.1	-0.1	-0.307086
13071029	663	0.1	-0.1	5.54931
13071029	664	0.1	-0.1	-5.29816
13071029	665	0.1	-0.1	3.04256
13071029	666	0.1	-0.1	1.58361
13071029	667	0.1	-0.1	-0.476723
13071029	668	0.1	-0.1	4.38816
13071029	669	0.1	-0.1	-0.201626
13071029	670	0.1	-0.1	3.89463
13071029	671	0.1	-0.1	-5.73195
13071029	672	0.1	-0.1	-0.154401
13071029	673	0.1	-0.1	2.23225
13071029	674	0.1	-0.1	-5.9991
13071029	675	0.1	-0.1	-0.909578
13071029	676	0.1	-0.1	4.2578
13071029	677	0.1	-0.1	-0.661609
13071029	678	0.1	-0.1	-3.98316
13071029	679	0.1	-0.1	5.97228
13071029	680	0.1	-0.1	-5.2773
13071029	681	0.1	-0.1	0.988283
13071029	682	0.1	-0.1	-1.74051
13071029	683	0.1	-0.1	3.36011
13071029	684	0.1	-0.1	3.19987
13071029	685	0.1	-0.1	4.61495
13071029	686	0.1	-0.1	2.75764
13071029	687	0.1	-0.1	-1.9469
13071029	688	0.1	-0.1	-5.07139
13071029	689	0.1	-0.1	-4.56447
13071029	690	0.1	-0.1	3.93275
13071029	691	0.1	-0.1	-0.854433
13071029	692	0.1	-0.1	-5.16379
13071029	693	0.1	-0.1	2.48719
13071029	694	0.1	-0.1	2.61553
13071029	695	0.1	-0.1	1.79348
13071029	696	0.1	-0.1	-4.69134
13071029	697	0.1	-0.1	-4.89444
13071029	698	0.1	-0.1	-0.652002
13071029	699	0.1	-0.1	-5.43829
13071029	700	0.1	-0.1	-0.383294
13071029	701	0.1	-0.1	-0.628295
13071029	702	0.1	-0.1	2.87793
13071029	703	0.1	-0.1	5.96445
13071029	704	0.1	-0.1	2.01818
13071029	705	0.1	-0.1	-4.12003
13071029	706	0.1	-0.1	2.40898
13071029	707	0.1	-0.1	-1.08194
13071029	708	0.1	-0.1	5.80328
13071029	709	0.1	-0.1	-0.693206
13071029	710	0.1	-0.1	1.22221
13071029	711	0.1	-0.1	2.80399
13071029	712	0.1	-0.1	4.35468
13071029	713	0.1	-0.1	4.66284
13071029	714	0.1	-0.1	5.49611
13071029	715	0.1	-0.1	-4.65299
13071029	716	0.1	-0.1	2.9658
13071029	717	0.1	-0.1	4.09039
13071029	718	0.1	-0.1	3.58685
13071029	719	0.1	-0.1	5.03176
13071029	720	0.1	-0.1	0.0102253
13071029	721	0.1	-0.1	-2.53847
13071029	722	0.1	-0.1	4.15443
13071029	723	0.1	-0.1	5.63797
13071029	724	0.1	-0.1	3.22764
13071029	725	0.1	-0.1	-3.52048
13071029	726	0.1	-0.1	-4.87304
13071029	727	0.1	-0.1	-4.95781
13071029	728	0.1	-0.1	-3.51188
13071029	729	0.1	-0.1	0.892763
13071029	730	0.1	-0.1	3.79209
13071029	731	0.1	-0.1	2.76192
13071029	732	0.1	-0.1	5.01454
13071029	733	0.1	-0.1	0.0966665
13071029	734	0.1	-0.1	1.87264
13071029	735	0.1	-0.1	0.252547
13071029	736	0.1	-0.1	5.50543
13071029	737	0.1	-0.1	-0.856146
13071029	738	0.1	-0.1	-2.69683
13071029	739	0.1	-0.1	1.33726
13071029	740	0.1	-0.1	-0.536617
13071029	741	0.1	-0.1	2.32854
13071029	742	0.1	-0.1	-4.1789
13071029	743	0.1	-0.1	5.35787
13071029	744	0.1	-0.1	-0.272262
13071029	745	0.1	-0.1	-5.04164
13071029	746	0.1	-0.1	-4.95732
13071029	747	0.1	-0.1	0.97681
13071029	748	0.1	-0.1	1.21049
13071029	749	0.1	-0.1	5.05955
13071029	750	0.1	-0.1	4.39132
13071029	751	0.1	-0.1	-1.91078
13071029	752	0.1	-0.1	-1.72384
13071029	753	0.1	-0.1	5.5412
13071029	754	0.1	-0.1	0.573805
13071029	755	0.1	-0.1	-0.550626
13071029	756	0.1	-0.1	5.32565
13071029	757	0.1	-0.1	1.30404
13071029	758	0.1	-0.1	1.91353
13071029	759	0.1	-0.1	1.18463
13071029	760	0.1	-0.1	4.25178
13071029	761	0.1	-0.1	2.22916
13071029	762	0.1	-0.1	-0.574014
13071029	763	0.1	-0.1	0.994516
13071029	764	0.1	-0.1	1.09935
13071029	765	0.1	-0.1	-1.8649
13071029	766	0.1	-0.1	4.75843
13071029	767	0.1	-0.1	-2.35875
13071029	768	0.1	-0.1	-2.24522
13071029	769	0.1	-0.1	-3.3405
13071029	770	0.1	-0.1	0.865435
13071029	771	0.1	-0.1	0.804965
13071029	772	0.1	-0.1	-0.982897
13071029	773	0.1	-0.1	3.59854
13071029	774	0.1	-0.1	-0.434957
13071029	775	0.1	-0.1	-2.37597
13071029	776	0.1	-0.1	-2.66401
13071029	777	0.1	-0.1	-5.92963
13071029	778	0.1	-0.1	0.864675
13071029	779	0.1	-0.1	4.5683
13071029	780	0.1	-0.1	1.12768
13071029	781	0.1	-0.1	-3.36559
13071029	782	0.1	-0.1	0.748702
13071029	783	0.1	-0.1	-0.304147
13071029	784	0.1	-0.1	-0.696042
13071029	785	0.1	-0.1	3.72555
13071029	786	0.1	-0.1	2.41019
13071029	787	0.1	-0.1	3.15177
13071029	788	0.1	-0.1	-0.717183
13071029	789	0.1	-0.1	2.81217
13071029	790	0.1	-0.1	-0.828907
13071029	791	0.1	-0.1	-1.32644
13071029	792	0.1	-0.1	3.74323
13071029	793	0.1	-0.1	4.39828
13071029	794	0.1	-0.1	1.05438
13071029	795	0.1	-0.1	-4.6612
13071029	796	0.1	-0.1	4.76204
13071029	797	0.1	-0.1	5.76122
13071029	798	0.1	-0.1	-4.5642
13071029	799	0.1	-0.1	4.13102
13071029	800	0.1	-0.1	2.81685
13071029	801	0.1	-0.1	1.46054
13071029	802	0.1	-0.1	-4.77425
13071029	803	0.1	-0.1	-5.04181
13071029	804	0.1	-0.1	0.287131
13071029	805	0.1	-0.1	-3.10179
13071029	806	0.1	-0.1	1.38045
13071029	807	0.1	-0.1	5.70252
13071029	808	0.1	-0.1	-1.13846
13071029	809	0.1	-0.1	-1.19703
13071029	810	0.1	-0.1	-2.53641
13071029	811	0.1	-0.1	2.05058
13071029	812	0.1	-0.1	-5.65655
13071029	813	0.1	-0.1	4.12714
13071029	814	0.1	-0.1	-1.57794
13071029	815	0.1	-0.1	2.81292
13071029	816	0.1	-0.1	0.407273
13071029	817	0.1	-0.1	2.29148
13071029	818	0.1	-0.1	-3.37207
13071029	819	0.1	-0.1	-2.46333
13071029	820	0.1	-0.1	-5.82132
13071029	821	0.1	-0.1	1.73304
13071029	822	0.1	-0.1	-0.663337
13071029	823	0.1	-0.1	-4.29708
13071029	824	0.1	-0.1	4.27146
13071029	825	0.1	-0.1	-5.13401
13071029	826	0.1	-0.1	0.677277
13071029	827	0.1	-0.1	-1.21811
13071029	828	0.1	-0.1	0.964577
13071029	829	0.1	-0.1	-0.915467
13071029	830	0.1	-0.1	0.982461
13071029	831	0.1	-0.1	-3.4805
13071029	832	0.1	-0.1	0.488087
13071029	833	0.1	-0.1	-4.79903
13071029	834	0.1	-0.1	-5.27632
13071029	835	0.1	-0.1	3.52573
13071029	836	0.1	-0.1	-3.48956
13071029	837	0.1	-0.1	1.27762
13071029	838	0.1	-0.1	-4.24151
13071029	839	0.1	-0.1	-2.02383
13071029	840	0.1	-0.1	3.86468
13071029	841	0.1	-0.1	-0.316853
13071029	842	0.1	-0.1	-4.98274
13071029	843	0.1	-0.1	-5.69392
13071029	844	0.1	-0.1	1.89553
13071029	845	0.1	-0.1	5.06244
13071029	846	0.1	-0.1	-5.09069
13071029	847	0.1	-0.1	-4.42006
13071029	848	0.1	-0.1	3.57517
13071029	849	0.1	-0.1	-4.3502
13071029	850	0.1	-0.1	0.847507
13071029	851	0.1	-0.1	-1.48394
13071029	852	0.1	-0.1	-2.51407
13071029	853	0.1	-0.1	5.38131
13071029	854	0.1	-0.1	5.40672
13071029	855	0.1	-0.1	-4.27716
13071029	856	0.1	-0.1	5.17934
13071029	857	0.1	-0.1	0.666467
13071029	858	0.1	-0.1	-5.2478
13071029	859	0.1	-0.1	-4.55082
13071029	860	0.1	-0.1	-2.00933
13071029	861	0.1	-0.1	1.58131
13071029	862	0.1	-0.1	1.28744
13071029	863	0.1	-0.1	0.443631
13071029	864	0.1	-0.1	3.29349
13071029	865	0.1	-0.1	-1.86953
13071029	866	0.1	-0.1	0.878446
13071029	867	0.1	-0.1	0.91206
13071029	868	0.1	-0.1	-3.17801
13071029	869	0.1	-0.1	-5.74237
13071029	870	0.1	-0.1	1.6305
13071029	871	0.1	-0.1	1.88814
13071029	872	0.1	-0.1	-5.94925
13071029	873	0.1	-0.1	-2.78851
13071029	874	0.1	-0.1	-0.143872
13071029	875	0.1	-0.1	-0.108627
13071029	876	0.1	-0.1	5.49553
13071029	877	0.1	-0.1	3.73503
13071029	878	0.1	-0.1	2.8456
13071029	879	0.1	-0.1	4.05015
13071029	880	0.1	-0.1	-2.35167
13071029	881	0.1	-0.1	-3.06757
13071029	882	0.1	-0.1	-1.34761
13071029	883	0.1	-0.1	5.4001
13071029	884	0.1	-0.1	-3.05097
13071029	885	0.1	-0.1	-5.1595
13071029	886	0.1	-0.1	-2.24478
13071029	887	0.1	-0.1	-5.86215
13071029	888	0.1	-0.1	-5.43156
13071029	889	0.1	-0.1	-1.94066
13071029	890	0.1	-0.1	0.0233266
13071029	891	0.1	-0.1	5.101
13071029	892	0.1	-0.1	-3.82626
13071029	893	0.1	-0.1	-5.58207
13071029	894	0.1	-0.1	-0.871849
13071029	895	0.1	-0.1	5.11245
13071029	896	0.1	-0.1	3.8818
13071029	897	0.1	-0.1	-0.128399
13071029	898	0.1	-0.1	-3.73313
13071029	899	0.1	-0.1	4.68174
13071029	900	0.1	-0.1	-1.42581
13071029	901	0.1	-0.1	1.16272
13071029	902	0.1	-0.1	1.92195
13071029	903	0.1	-0.1	-5.56072
13071029	904	0.1	-0.1	-1.19384
13071029	905	0.1	-0.1	-3.39588
13071029	906	0.1	-0.1	1.03687
13071029	907	0.1	-0.1	-2.33146
13071029	908	0.1	-0.1	5.31997
13071029	909	0.1	-0.1	5.55841
13071029	910	0.1	-0.1	-3.58997
13071029	911	0.1	-0.1	-4.23232
13071029	912	0.1	-0.1	-1.64335
13071029	913	0.1	-0.1	-3.28341
13071029	914	0.1	-0.1	-1.02943
13071029	915	0.1	-0.1	-2.72811
13071029	916	0.1	-0.1	-3.43384
13071029	917	0.1	-0.1	-4.27586
13071029	918	0.1	-0.1	-4.34806
13071029	919	0.1	-0.1	0.0191297
13071029	920	0.1	-0.1	-2.97522
13071029	921	0.1	-0.1	-0.64145
13071029	922	0.1	-0.1	-4.70663
13071029	923	0.1	-0.1	2.23205
13071029	924	0.1	-0.1	4.84363
13071029	925	0.1	-0.1	-3.62037
13071029	926	0.1	-0.1	-3.22091
13071029	927	0.1	-0.1	-1.40644
13071029	928	0.1	-0.1	5.39786
13071029	929	0.1	-0.1	1.91375
13071029	930	0.1	-0.1	-1.9652
13071029	931	0.1	-0.1	-4.83217
13071029	932	0.1	-0.1	-3.6197
13071029	933	0.1	-0.1	0.562153
13071029	934	0.1	-0.1	3.68512
13071029	935	0.1	-0.1	-0.808876
13071029	936	0.1	-0.1	-0.931621
13071029	937	0.1	-0.1	-3.20237
13071029	938	0.1	-0.1	-2.45701
13071029	939	0.1	-0.1	2.22483
13071029	940	0.1	-0.1	5.51651
13071029	941	0.1	-0.1	0.382292
13071029	942	0.1	-0.1	-1.9802
13071029	943	0.1	-0.1	-1.18127
13071029	944	0.1	-0.1	2.29379
13071029	945	0.1	-0.1	-5.67427
13071029	946	0.1	-0.1	-0.961157
13071029	947	0.1	-0.1	-5.1501
13071029	948	0.1	-0.1	5.50489
13071029	949	0.1	-0.1	-0.596476
13071029	950	0.1	-0.1	-0.142128
13071029	951	0.1	-0.1	-5.76989
13071029	952	0.1	-0.1	1.42311
13071029	953	0.1	-0.1	4.65485
13071029	954	0.1	-0.1	-2.29205
13071029	955	0.1	-0.1	4.34344
13071029	956	0.1	-0.1	1.86738
13071029	957	0.1	-0.1	5.80652
13071029	958	0.1	-0.1	1.62953
13071029	959	0.1	-0.1	-4.99683
13071029	960	0.1	-0.1	1.10771
13071029	961	0.1	-0.1	0.882995
13071029	962	0.1	-0.1	-0.680835
13071029	963	0.1	-0.1	-2.49828
13071029	964	0.1	-0.1	0.678311
13071029	965	0.1	-0.1	5.54432
13071029	966	0.1	-0.1	-5.36412
13071029	967	0.1	-0.1	0.750397
13071029	968	0.1	-0.1	1.5881
13071029	969	0.1	-0.1	5.30193
13071029	970	0.1	-0.1	-0.780495
13071029	971	0.1	-0.1	5.2775
13071029	972	0.1	-0.1	2.58636
13071029	973	0.1	-0.1	2.52706
13071029	974	0.1	-0.1	2.3984
13071029	975	0.1	-0.1	-3.3938
13071029	976	0.1	-0.1	-0.417516
13071029	977	0.1	-0.1	4.10277
13071029	978	0.1	-0.1	2.07236
13071029	979	0.1	-0.1	-0.126662
13071029	980	0.1	-0.1	-3.29222
13071029	981	0.1	-0.1	0.13344
13071029	982	0.1	-0.1	0.260546
13071029	983	0.1	-0.1	3.73708
13071029	984	0.1	-0.1	1.57003
13071029	985	0.1	-0.1	0.698357
13071029	986	0.1	-0.1	1.86094
13071029	987	0.1	-0.1	2.11737
13071029	988	0.1	-0.1	4.19086
13071029	989	0.1	-0.1	5.96922
13071029	990	0.1	-0.1	-5.63672
13071029	991	0.1	-0.1	0.193612
13071029	992	0.1	-0.1	-2.93319
13071029	993	0.1	-0.1	-3.99081
13071029	994	0.1	-0.1	-3.18929
13071029	995	0.1	-0.1	3.54371
13071029	996	0.1	-0.1	-1.92915
13071029	997	0.1	-0.1	4.33335
13071029	998	0.1	-0.1	4.77657
13071029	999	0.1	-0.1	3.48489
13071029	1000	0.1	-0.1	2.60336
