13070011	1	0.1	-0.1	-4.09953
13070011	2	0.1	-0.1	-3.48861
13070011	3	0.1	-0.1	-1.9293
13070011	4	0.1	-0.1	-2.03272
13070011	5	0.1	-0.1	4.70099
13070011	6	0.1	-0.1	4.58649
13070011	7	0.1	-0.1	-2.90995
13070011	8	0.1	-0.1	-4.96079
13070011	9	0.1	-0.1	1.68579
13070011	10	0.1	-0.1	-5.88303
13070011	11	0.1	-0.1	-2.45671
13070011	12	0.1	-0.1	-4.36083
13070011	13	0.1	-0.1	3.09125
13070011	14	0.1	-0.1	2.07359
13070011	15	0.1	-0.1	-4.93953
13070011	16	0.1	-0.1	-3.94888
13070011	17	0.1	-0.1	-4.90833
13070011	18	0.1	-0.1	1.21012
13070011	19	0.1	-0.1	4.62645
13070011	20	0.1	-0.1	-1.42576
13070011	21	0.1	-0.1	-2.95126
13070011	22	0.1	-0.1	5.9305
13070011	23	0.1	-0.1	5.83586
13070011	24	0.1	-0.1	-1.7193
13070011	25	0.1	-0.1	-2.37532
13070011	26	0.1	-0.1	-3.81317
13070011	27	0.1	-0.1	4.49978
13070011	28	0.1	-0.1	-5.08985
13070011	29	0.1	-0.1	-0.382302
13070011	30	0.1	-0.1	1.00583
13070011	31	0.1	-0.1	-5.46347
13070011	32	0.1	-0.1	-1.35868
13070011	33	0.1	-0.1	-2.75439
13070011	34	0.1	-0.1	2.68538
13070011	35	0.1	-0.1	2.54002
13070011	36	0.1	-0.1	-4.28023
13070011	37	0.1	-0.1	-4.03433
13070011	38	0.1	-0.1	2.88949
13070011	39	0.1	-0.1	-5.24962
13070011	40	0.1	-0.1	-5.3203
13070011	41	0.1	-0.1	0.475678
13070011	42	0.1	-0.1	2.92298
13070011	43	0.1	-0.1	-1.8132
13070011	44	0.1	-0.1	4.70046
13070011	45	0.1	-0.1	-5.09761
13070011	46	0.1	-0.1	-2.34523
13070011	47	0.1	-0.1	-3.51925
13070011	48	0.1	-0.1	3.35184
13070011	49	0.1	-0.1	-5.82596
13070011	50	0.1	-0.1	-2.97898
13070011	51	0.1	-0.1	1.49113
13070011	52	0.1	-0.1	-2.19571
13070011	53	0.1	-0.1	-1.01822
13070011	54	0.1	-0.1	3.97505
13070011	55	0.1	-0.1	-2.38506
13070011	56	0.1	-0.1	-4.50749
13070011	57	0.1	-0.1	-3.12081
13070011	58	0.1	-0.1	-1.14162
13070011	59	0.1	-0.1	-4.47125
13070011	60	0.1	-0.1	-3.40057
13070011	61	0.1	-0.1	1.66187
13070011	62	0.1	-0.1	4.16646
13070011	63	0.1	-0.1	-0.113733
13070011	64	0.1	-0.1	-0.616205
13070011	65	0.1	-0.1	-5.06748
13070011	66	0.1	-0.1	2.61028
13070011	67	0.1	-0.1	3.08227
13070011	68	0.1	-0.1	2.16257
13070011	69	0.1	-0.1	4.03871
13070011	70	0.1	-0.1	4.35425
13070011	71	0.1	-0.1	-5.63192
13070011	72	0.1	-0.1	1.57496
13070011	73	0.1	-0.1	5.19672
13070011	74	0.1	-0.1	-1.48733
13070011	75	0.1	-0.1	5.66475
13070011	76	0.1	-0.1	1.95141
13070011	77	0.1	-0.1	-0.832719
13070011	78	0.1	-0.1	-3.30331
13070011	79	0.1	-0.1	-4.16731
13070011	80	0.1	-0.1	-1.13722
13070011	81	0.1	-0.1	-0.307491
13070011	82	0.1	-0.1	-5.88696
13070011	83	0.1	-0.1	4.93774
13070011	84	0.1	-0.1	-1.02148
13070011	85	0.1	-0.1	5.66817
13070011	86	0.1	-0.1	5.43071
13070011	87	0.1	-0.1	-2.485
13070011	88	0.1	-0.1	1.03054
13070011	89	0.1	-0.1	3.73367
13070011	90	0.1	-0.1	-3.02321
13070011	91	0.1	-0.1	-5.26311
13070011	92	0.1	-0.1	3.80471
13070011	93	0.1	-0.1	5.21348
13070011	94	0.1	-0.1	4.15843
13070011	95	0.1	-0.1	5.66206
13070011	96	0.1	-0.1	3.03904
13070011	97	0.1	-0.1	1.79388
13070011	98	0.1	-0.1	1.88618
13070011	99	0.1	-0.1	-5.22021
13070011	100	0.1	-0.1	-3.93938
13070011	101	0.1	-0.1	4.07437
13070011	102	0.1	-0.1	-5.91853
13070011	103	0.1	-0.1	1.00342
13070011	104	0.1	-0.1	-1.50372
13070011	105	0.1	-0.1	-2.5858
13070011	106	0.1	-0.1	3.36065
13070011	107	0.1	-0.1	-3.17715
13070011	108	0.1	-0.1	3.33422
13070011	109	0.1	-0.1	2.40284
13070011	110	0.1	-0.1	-5.86392
13070011	111	0.1	-0.1	2.26647
13070011	112	0.1	-0.1	-0.899876
13070011	113	0.1	-0.1	-5.69223
13070011	114	0.1	-0.1	-2.64891
13070011	115	0.1	-0.1	0.0330028
13070011	116	0.1	-0.1	2.83333
13070011	117	0.1	-0.1	5.97585
13070011	118	0.1	-0.1	1.07938
13070011	119	0.1	-0.1	3.28993
13070011	120	0.1	-0.1	-0.074733
13070011	121	0.1	-0.1	3.51948
13070011	122	0.1	-0.1	1.70545
13070011	123	0.1	-0.1	1.13389
13070011	124	0.1	-0.1	-3.60775
13070011	125	0.1	-0.1	3.17805
13070011	126	0.1	-0.1	5.24147
13070011	127	0.1	-0.1	1.91787
13070011	128	0.1	-0.1	-3.26502
13070011	129	0.1	-0.1	-4.39638
13070011	130	0.1	-0.1	1.79705
13070011	131	0.1	-0.1	-2.84289
13070011	132	0.1	-0.1	0.57063
13070011	133	0.1	-0.1	3.33397
13070011	134	0.1	-0.1	0.587096
13070011	135	0.1	-0.1	1.55547
13070011	136	0.1	-0.1	-4.40805
13070011	137	0.1	-0.1	-0.4499
13070011	138	0.1	-0.1	2.72952
13070011	139	0.1	-0.1	-1.81729
13070011	140	0.1	-0.1	4.32144
13070011	141	0.1	-0.1	1.32058
13070011	142	0.1	-0.1	5.68865
13070011	143	0.1	-0.1	1.02345
13070011	144	0.1	-0.1	-4.13052
13070011	145	0.1	-0.1	-5.69486
13070011	146	0.1	-0.1	-1.49712
13070011	147	0.1	-0.1	-1.26534
13070011	148	0.1	-0.1	2
13070011	149	0.1	-0.1	-5.65095
13070011	150	0.1	-0.1	3.82627
13070011	151	0.1	-0.1	2.58522
13070011	152	0.1	-0.1	-1.91639
13070011	153	0.1	-0.1	0.445848
13070011	154	0.1	-0.1	-5.42166
13070011	155	0.1	-0.1	-0.274407
13070011	156	0.1	-0.1	5.24238
13070011	157	0.1	-0.1	-0.689855
13070011	158	0.1	-0.1	0.423802
13070011	159	0.1	-0.1	-0.675444
13070011	160	0.1	-0.1	-4.77195
13070011	161	0.1	-0.1	-4.27412
13070011	162	0.1	-0.1	3.87647
13070011	163	0.1	-0.1	5.87705
13070011	164	0.1	-0.1	-4.51488
13070011	165	0.1	-0.1	5.32948
13070011	166	0.1	-0.1	4.98296
13070011	167	0.1	-0.1	-1.5381
13070011	168	0.1	-0.1	1.75491
13070011	169	0.1	-0.1	4.90418
13070011	170	0.1	-0.1	4.51225
13070011	171	0.1	-0.1	-0.260721
13070011	172	0.1	-0.1	4.35879
13070011	173	0.1	-0.1	-2.45988
13070011	174	0.1	-0.1	-2.69217
13070011	175	0.1	-0.1	-5.29094
13070011	176	0.1	-0.1	2.66896
13070011	177	0.1	-0.1	-3.66644
13070011	178	0.1	-0.1	0.401913
13070011	179	0.1	-0.1	-1.38885
13070011	180	0.1	-0.1	2.85592
13070011	181	0.1	-0.1	2.85258
13070011	182	0.1	-0.1	-2.69646
13070011	183	0.1	-0.1	-2.08578
13070011	184	0.1	-0.1	-5.72594
13070011	185	0.1	-0.1	-1.94312
13070011	186	0.1	-0.1	0.915152
13070011	187	0.1	-0.1	-5.92428
13070011	188	0.1	-0.1	-5.95935
13070011	189	0.1	-0.1	-2.95789
13070011	190	0.1	-0.1	-5.11327
13070011	191	0.1	-0.1	2.88644
13070011	192	0.1	-0.1	-0.228544
13070011	193	0.1	-0.1	-4.37789
13070011	194	0.1	-0.1	2.81501
13070011	195	0.1	-0.1	-3.87063
13070011	196	0.1	-0.1	-5.19855
13070011	197	0.1	-0.1	-1.80455
13070011	198	0.1	-0.1	-5.18006
13070011	199	0.1	-0.1	-3.40221
13070011	200	0.1	-0.1	4.51579
13070011	201	0.1	-0.1	-5.30418
13070011	202	0.1	-0.1	-3.56715
13070011	203	0.1	-0.1	3.69638
13070011	204	0.1	-0.1	5.97881
13070011	205	0.1	-0.1	3.22276
13070011	206	0.1	-0.1	-2.08913
13070011	207	0.1	-0.1	2.57996
13070011	208	0.1	-0.1	2.39473
13070011	209	0.1	-0.1	4.61453
13070011	210	0.1	-0.1	-1.16335
13070011	211	0.1	-0.1	3.54243
13070011	212	0.1	-0.1	-5.99343
13070011	213	0.1	-0.1	1.39129
13070011	214	0.1	-0.1	-1.96601
13070011	215	0.1	-0.1	-4.51433
13070011	216	0.1	-0.1	2.69521
13070011	217	0.1	-0.1	2.03579
13070011	218	0.1	-0.1	-3.14711
13070011	219	0.1	-0.1	-4.00941
13070011	220	0.1	-0.1	2.51564
13070011	221	0.1	-0.1	-0.14682
13070011	222	0.1	-0.1	-3.44561
13070011	223	0.1	-0.1	2.36765
13070011	224	0.1	-0.1	3.18786
13070011	225	0.1	-0.1	-0.93945
13070011	226	0.1	-0.1	4.95774
13070011	227	0.1	-0.1	-4.1536
13070011	228	0.1	-0.1	-5.46007
13070011	229	0.1	-0.1	-2.59192
13070011	230	0.1	-0.1	-4.55272
13070011	231	0.1	-0.1	1.14117
13070011	232	0.1	-0.1	-0.226656
13070011	233	0.1	-0.1	2.21622
13070011	234	0.1	-0.1	3.44165
13070011	235	0.1	-0.1	2.88853
13070011	236	0.1	-0.1	-4.48141
13070011	237	0.1	-0.1	0.781215
13070011	238	0.1	-0.1	-2.05037
13070011	239	0.1	-0.1	4.75556
13070011	240	0.1	-0.1	-5.33257
13070011	241	0.1	-0.1	-1.77044
13070011	242	0.1	-0.1	-4.50012
13070011	243	0.1	-0.1	-1.37884
13070011	244	0.1	-0.1	4.12861
13070011	245	0.1	-0.1	2.63395
13070011	246	0.1	-0.1	-5.29476
13070011	247	0.1	-0.1	3.61727
13070011	248	0.1	-0.1	3.42982
13070011	249	0.1	-0.1	-4.58976
13070011	250	0.1	-0.1	-2.44884
13070011	251	0.1	-0.1	-5.39434
13070011	252	0.1	-0.1	4.77869
13070011	253	0.1	-0.1	-4.63371
13070011	254	0.1	-0.1	0.162288
13070011	255	0.1	-0.1	2.13403
13070011	256	0.1	-0.1	-1.35311
13070011	257	0.1	-0.1	1.78821
13070011	258	0.1	-0.1	3.97481
13070011	259	0.1	-0.1	-4.06849
13070011	260	0.1	-0.1	-4.15353
13070011	261	0.1	-0.1	1.21943
13070011	262	0.1	-0.1	-3.13611
13070011	263	0.1	-0.1	0.529343
13070011	264	0.1	-0.1	2.80655
13070011	265	0.1	-0.1	-5.66099
13070011	266	0.1	-0.1	-2.29786
13070011	267	0.1	-0.1	2.51286
13070011	268	0.1	-0.1	3.57269
13070011	269	0.1	-0.1	5.38136
13070011	270	0.1	-0.1	-2.42877
13070011	271	0.1	-0.1	-4.0038
13070011	272	0.1	-0.1	5.31325
13070011	273	0.1	-0.1	-5.98709
13070011	274	0.1	-0.1	2.34771
13070011	275	0.1	-0.1	2.22686
13070011	276	0.1	-0.1	4.83714
13070011	277	0.1	-0.1	-0.247615
13070011	278	0.1	-0.1	-5.01301
13070011	279	0.1	-0.1	0.209133
13070011	280	0.1	-0.1	1.65001
13070011	281	0.1	-0.1	1.18657
13070011	282	0.1	-0.1	-1.01062
13070011	283	0.1	-0.1	1.5424
13070011	284	0.1	-0.1	1.27648
13070011	285	0.1	-0.1	5.28717
13070011	286	0.1	-0.1	3.90213
13070011	287	0.1	-0.1	0.247138
13070011	288	0.1	-0.1	-5.01847
13070011	289	0.1	-0.1	-3.54581
13070011	290	0.1	-0.1	4.13439
13070011	291	0.1	-0.1	1.50016
13070011	292	0.1	-0.1	-0.697811
13070011	293	0.1	-0.1	1.85794
13070011	294	0.1	-0.1	-3.9725
13070011	295	0.1	-0.1	-1.51099
13070011	296	0.1	-0.1	4.35828
13070011	297	0.1	-0.1	-0.724159
13070011	298	0.1	-0.1	-5.23748
13070011	299	0.1	-0.1	0.244673
13070011	300	0.1	-0.1	-0.247913
13070011	301	0.1	-0.1	-5.21088
13070011	302	0.1	-0.1	-5.54291
13070011	303	0.1	-0.1	0.340608
13070011	304	0.1	-0.1	1.32617
13070011	305	0.1	-0.1	-4.23564
13070011	306	0.1	-0.1	0.835792
13070011	307	0.1	-0.1	5.17866
13070011	308	0.1	-0.1	2.09316
13070011	309	0.1	-0.1	3.28655
13070011	310	0.1	-0.1	-2.86314
13070011	311	0.1	-0.1	-0.279983
13070011	312	0.1	-0.1	-4.46627
13070011	313	0.1	-0.1	1.52084
13070011	314	0.1	-0.1	-1.79255
13070011	315	0.1	-0.1	-0.0791631
13070011	316	0.1	-0.1	3.77974
13070011	317	0.1	-0.1	2.50672
13070011	318	0.1	-0.1	-2.51204
13070011	319	0.1	-0.1	-4.05947
13070011	320	0.1	-0.1	0.307485
13070011	321	0.1	-0.1	-3.74581
13070011	322	0.1	-0.1	4.8407
13070011	323	0.1	-0.1	-1.32569
13070011	324	0.1	-0.1	4.33846
13070011	325	0.1	-0.1	3.38698
13070011	326	0.1	-0.1	3.42886
13070011	327	0.1	-0.1	4.68909
13070011	328	0.1	-0.1	4.00588
13070011	329	0.1	-0.1	-1.73703
13070011	330	0.1	-0.1	-3.87754
13070011	331	0.1	-0.1	-3.67264
13070011	332	0.1	-0.1	2.46848
13070011	333	0.1	-0.1	3.76828
13070011	334	0.1	-0.1	3.76335
13070011	335	0.1	-0.1	5.75822
13070011	336	0.1	-0.1	0.336116
13070011	337	0.1	-0.1	-0.0546763
13070011	338	0.1	-0.1	2.69445
13070011	339	0.1	-0.1	4.01293
13070011	340	0.1	-0.1	-3.74656
13070011	341	0.1	-0.1	0.323377
13070011	342	0.1	-0.1	4.44792
13070011	343	0.1	-0.1	-1.76006
13070011	344	0.1	-0.1	1.7284
13070011	345	0.1	-0.1	-4.62653
13070011	346	0.1	-0.1	4.68737
13070011	347	0.1	-0.1	-3.72304
13070011	348	0.1	-0.1	-0.844471
13070011	349	0.1	-0.1	3.15587
13070011	350	0.1	-0.1	2.20123
13070011	351	0.1	-0.1	4.37909
13070011	352	0.1	-0.1	-3.10967
13070011	353	0.1	-0.1	2.34548
13070011	354	0.1	-0.1	3.09826
13070011	355	0.1	-0.1	2.05656
13070011	356	0.1	-0.1	-1.15222
13070011	357	0.1	-0.1	4.13476
13070011	358	0.1	-0.1	2.42432
13070011	359	0.1	-0.1	5.77427
13070011	360	0.1	-0.1	3.03117
13070011	361	0.1	-0.1	-4.59263
13070011	362	0.1	-0.1	1.50627
13070011	363	0.1	-0.1	-4.79489
13070011	364	0.1	-0.1	2.10498
13070011	365	0.1	-0.1	1.0787
13070011	366	0.1	-0.1	-4.14428
13070011	367	0.1	-0.1	-2.16163
13070011	368	0.1	-0.1	4.10506
13070011	369	0.1	-0.1	-2.06557
13070011	370	0.1	-0.1	1.476
13070011	371	0.1	-0.1	-2.20615
13070011	372	0.1	-0.1	4.33007
13070011	373	0.1	-0.1	3.29939
13070011	374	0.1	-0.1	-0.942469
13070011	375	0.1	-0.1	0.667868
13070011	376	0.1	-0.1	0.655792
13070011	377	0.1	-0.1	-5.14361
13070011	378	0.1	-0.1	-4.26837
13070011	379	0.1	-0.1	1.80931
13070011	380	0.1	-0.1	-1.14662
13070011	381	0.1	-0.1	-4.03366
13070011	382	0.1	-0.1	3.99118
13070011	383	0.1	-0.1	1.30659
13070011	384	0.1	-0.1	-4.67917
13070011	385	0.1	-0.1	-1.89821
13070011	386	0.1	-0.1	-4.79138
13070011	387	0.1	-0.1	-5.59436
13070011	388	0.1	-0.1	1.58146
13070011	389	0.1	-0.1	-1.3488
13070011	390	0.1	-0.1	-2.52888
13070011	391	0.1	-0.1	1.21581
13070011	392	0.1	-0.1	-5.68732
13070011	393	0.1	-0.1	5.48584
13070011	394	0.1	-0.1	5.0649
13070011	395	0.1	-0.1	-1.07575
13070011	396	0.1	-0.1	-3.00601
13070011	397	0.1	-0.1	0.50695
13070011	398	0.1	-0.1	-0.0632178
13070011	399	0.1	-0.1	3.8515
13070011	400	0.1	-0.1	3.33832
13070011	401	0.1	-0.1	-4.09811
13070011	402	0.1	-0.1	-0.514303
13070011	403	0.1	-0.1	-4.20571
13070011	404	0.1	-0.1	-3.41094
13070011	405	0.1	-0.1	1.15298
13070011	406	0.1	-0.1	3.89334
13070011	407	0.1	-0.1	1.93151
13070011	408	0.1	-0.1	-5.70856
13070011	409	0.1	-0.1	1.00206
13070011	410	0.1	-0.1	5.52838
13070011	411	0.1	-0.1	-2.95684
13070011	412	0.1	-0.1	4.05885
13070011	413	0.1	-0.1	1.89441
13070011	414	0.1	-0.1	-1.42664
13070011	415	0.1	-0.1	-0.290541
13070011	416	0.1	-0.1	-1.13157
13070011	417	0.1	-0.1	2.42264
13070011	418	0.1	-0.1	0.593602
13070011	419	0.1	-0.1	-5.2024
13070011	420	0.1	-0.1	5.32488
13070011	421	0.1	-0.1	-2.62622
13070011	422	0.1	-0.1	-0.0172572
13070011	423	0.1	-0.1	-5.12102
13070011	424	0.1	-0.1	-3.74625
13070011	425	0.1	-0.1	-1.84489
13070011	426	0.1	-0.1	1.51474
13070011	427	0.1	-0.1	-5.5902
13070011	428	0.1	-0.1	2.5049
13070011	429	0.1	-0.1	-4.01704
13070011	430	0.1	-0.1	3.93423
13070011	431	0.1	-0.1	-0.219498
13070011	432	0.1	-0.1	3.6753
13070011	433	0.1	-0.1	-2.14385
13070011	434	0.1	-0.1	-4.56644
13070011	435	0.1	-0.1	4.95949
13070011	436	0.1	-0.1	1.39536
13070011	437	0.1	-0.1	-3.03183
13070011	438	0.1	-0.1	1.85619
13070011	439	0.1	-0.1	-4.84385
13070011	440	0.1	-0.1	-3.11932
13070011	441	0.1	-0.1	2.07922
13070011	442	0.1	-0.1	4.67446
13070011	443	0.1	-0.1	1.80766
13070011	444	0.1	-0.1	3.9198
13070011	445	0.1	-0.1	0.614066
13070011	446	0.1	-0.1	-3.94933
13070011	447	0.1	-0.1	-1.11986
13070011	448	0.1	-0.1	-2.13735
13070011	449	0.1	-0.1	1.9651
13070011	450	0.1	-0.1	-1.7558
13070011	451	0.1	-0.1	-0.946359
13070011	452	0.1	-0.1	-5.8606
13070011	453	0.1	-0.1	4.21645
13070011	454	0.1	-0.1	-0.898284
13070011	455	0.1	-0.1	1.27183
13070011	456	0.1	-0.1	-3.4594
13070011	457	0.1	-0.1	-1.58643
13070011	458	0.1	-0.1	-5.73439
13070011	459	0.1	-0.1	2.98384
13070011	460	0.1	-0.1	1.40527
13070011	461	0.1	-0.1	5.924
13070011	462	0.1	-0.1	-0.676707
13070011	463	0.1	-0.1	3.18386
13070011	464	0.1	-0.1	2.68415
13070011	465	0.1	-0.1	5.92489
13070011	466	0.1	-0.1	2.51304
13070011	467	0.1	-0.1	-2.95191
13070011	468	0.1	-0.1	-5.52812
13070011	469	0.1	-0.1	1.79119
13070011	470	0.1	-0.1	-2.64535
13070011	471	0.1	-0.1	5.23421
13070011	472	0.1	-0.1	-2.96649
13070011	473	0.1	-0.1	4.72597
13070011	474	0.1	-0.1	3.28529
13070011	475	0.1	-0.1	2.98562
13070011	476	0.1	-0.1	2.64938
13070011	477	0.1	-0.1	1.34258
13070011	478	0.1	-0.1	-5.65232
13070011	479	0.1	-0.1	1.27181
13070011	480	0.1	-0.1	-1.56794
13070011	481	0.1	-0.1	1.81986
13070011	482	0.1	-0.1	4.94776
13070011	483	0.1	-0.1	-1.65139
13070011	484	0.1	-0.1	-4.63346
13070011	485	0.1	-0.1	4.60874
13070011	486	0.1	-0.1	-5.97775
13070011	487	0.1	-0.1	0.435949
13070011	488	0.1	-0.1	2.30188
13070011	489	0.1	-0.1	-5.8265
13070011	490	0.1	-0.1	3.12917
13070011	491	0.1	-0.1	-2.90326
13070011	492	0.1	-0.1	3.3059
13070011	493	0.1	-0.1	0.227331
13070011	494	0.1	-0.1	2.09853
13070011	495	0.1	-0.1	5.75879
13070011	496	0.1	-0.1	1.96139
13070011	497	0.1	-0.1	-4.05508
13070011	498	0.1	-0.1	3.70615
13070011	499	0.1	-0.1	-4.28382
13070011	500	0.1	-0.1	-4.11234
13070011	501	0.1	-0.1	2.16649
13070011	502	0.1	-0.1	-5.92103
13070011	503	0.1	-0.1	-5.02543
13070011	504	0.1	-0.1	-5.41566
13070011	505	0.1	-0.1	4.97153
13070011	506	0.1	-0.1	2.85805
13070011	507	0.1	-0.1	0.655766
13070011	508	0.1	-0.1	-5.98924
13070011	509	0.1	-0.1	-4.90292
13070011	510	0.1	-0.1	-0.00758837
13070011	511	0.1	-0.1	1.63382
13070011	512	0.1	-0.1	-0.685361
13070011	513	0.1	-0.1	-5.66493
13070011	514	0.1	-0.1	-1.02862
13070011	515	0.1	-0.1	5.87613
13070011	516	0.1	-0.1	3.4122
13070011	517	0.1	-0.1	-0.266737
13070011	518	0.1	-0.1	1.07098
13070011	519	0.1	-0.1	4.20104
13070011	520	0.1	-0.1	-0.903197
13070011	521	0.1	-0.1	-2.48112
13070011	522	0.1	-0.1	-0.144287
13070011	523	0.1	-0.1	3.76272
13070011	524	0.1	-0.1	0.547165
13070011	525	0.1	-0.1	-0.402965
13070011	526	0.1	-0.1	-2.88379
13070011	527	0.1	-0.1	-5.79907
13070011	528	0.1	-0.1	2.59207
13070011	529	0.1	-0.1	2.5057
13070011	530	0.1	-0.1	5.53719
13070011	531	0.1	-0.1	-3.00101
13070011	532	0.1	-0.1	-4.17066
13070011	533	0.1	-0.1	-2.64664
13070011	534	0.1	-0.1	-4.54672
13070011	535	0.1	-0.1	-5.76873
13070011	536	0.1	-0.1	-0.8971
13070011	537	0.1	-0.1	0.503085
13070011	538	0.1	-0.1	1.4873
13070011	539	0.1	-0.1	-4.90088
13070011	540	0.1	-0.1	3.37647
13070011	541	0.1	-0.1	1.64104
13070011	542	0.1	-0.1	3.34728
13070011	543	0.1	-0.1	3.7414
13070011	544	0.1	-0.1	-5.08581
13070011	545	0.1	-0.1	3.0457
13070011	546	0.1	-0.1	2.86025
13070011	547	0.1	-0.1	-5.42289
13070011	548	0.1	-0.1	0.789263
13070011	549	0.1	-0.1	-0.517027
13070011	550	0.1	-0.1	0.684683
13070011	551	0.1	-0.1	-4.39887
13070011	552	0.1	-0.1	-4.50762
13070011	553	0.1	-0.1	5.04765
13070011	554	0.1	-0.1	-4.30155
13070011	555	0.1	-0.1	3.48525
13070011	556	0.1	-0.1	2.13364
13070011	557	0.1	-0.1	2.88782
13070011	558	0.1	-0.1	-5.28142
13070011	559	0.1	-0.1	1.54391
13070011	560	0.1	-0.1	-2.81526
13070011	561	0.1	-0.1	-0.143992
13070011	562	0.1	-0.1	-0.0467325
13070011	563	0.1	-0.1	4.01483
13070011	564	0.1	-0.1	-5.15837
13070011	565	0.1	-0.1	-2.14437
13070011	566	0.1	-0.1	4.89134
13070011	567	0.1	-0.1	3.52613
13070011	568	0.1	-0.1	4.53963
13070011	569	0.1	-0.1	4.86218
13070011	570	0.1	-0.1	0.821105
13070011	571	0.1	-0.1	-3.24039
13070011	572	0.1	-0.1	2.68004
13070011	573	0.1	-0.1	0.781317
13070011	574	0.1	-0.1	-0.954005
13070011	575	0.1	-0.1	-2.9657
13070011	576	0.1	-0.1	0.466695
13070011	577	0.1	-0.1	4.5148
13070011	578	0.1	-0.1	1.32999
13070011	579	0.1	-0.1	-4.31259
13070011	580	0.1	-0.1	-0.573742
13070011	581	0.1	-0.1	1.69979
13070011	582	0.1	-0.1	0.472893
13070011	583	0.1	-0.1	1.59859
13070011	584	0.1	-0.1	-0.98136
13070011	585	0.1	-0.1	-5.26688
13070011	586	0.1	-0.1	1.43431
13070011	587	0.1	-0.1	-4.42937
13070011	588	0.1	-0.1	5.6245
13070011	589	0.1	-0.1	0.106607
13070011	590	0.1	-0.1	1.22157
13070011	591	0.1	-0.1	4.27651
13070011	592	0.1	-0.1	1.56085
13070011	593	0.1	-0.1	-4.21012
13070011	594	0.1	-0.1	1.35179
13070011	595	0.1	-0.1	0.574863
13070011	596	0.1	-0.1	-2.4189
13070011	597	0.1	-0.1	1.67172
13070011	598	0.1	-0.1	-0.0258473
13070011	599	0.1	-0.1	4.75077
13070011	600	0.1	-0.1	-4.81178
13070011	601	0.1	-0.1	-1.74259
13070011	602	0.1	-0.1	5.13469
13070011	603	0.1	-0.1	-5.44415
13070011	604	0.1	-0.1	-0.344499
13070011	605	0.1	-0.1	4.35557
13070011	606	0.1	-0.1	-2.97888
13070011	607	0.1	-0.1	3.73445
13070011	608	0.1	-0.1	4.54519
13070011	609	0.1	-0.1	1.68848
13070011	610	0.1	-0.1	1.73986
13070011	611	0.1	-0.1	-4.13039
13070011	612	0.1	-0.1	3.14754
13070011	613	0.1	-0.1	1.35232
13070011	614	0.1	-0.1	1.8239
13070011	615	0.1	-0.1	-3.69448
13070011	616	0.1	-0.1	-4.53857
13070011	617	0.1	-0.1	2.44516
13070011	618	0.1	-0.1	-3.48678
13070011	619	0.1	-0.1	5.45503
13070011	620	0.1	-0.1	5.7127
13070011	621	0.1	-0.1	0.898427
13070011	622	0.1	-0.1	0.492126
13070011	623	0.1	-0.1	3.87479
13070011	624	0.1	-0.1	0.504743
13070011	625	0.1	-0.1	-3.80723
13070011	626	0.1	-0.1	3.0351
13070011	627	0.1	-0.1	-0.966707
13070011	628	0.1	-0.1	-2.30419
13070011	629	0.1	-0.1	4.33366
13070011	630	0.1	-0.1	3.27819
13070011	631	0.1	-0.1	2.82158
13070011	632	0.1	-0.1	-0.449104
13070011	633	0.1	-0.1	-4.22263
13070011	634	0.1	-0.1	-4.24075
13070011	635	0.1	-0.1	-0.694705
13070011	636	0.1	-0.1	1.90084
13070011	637	0.1	-0.1	1.65207
13070011	638	0.1	-0.1	0.512498
13070011	639	0.1	-0.1	-5.57713
13070011	640	0.1	-0.1	1.6548
13070011	641	0.1	-0.1	-2.12088
13070011	642	0.1	-0.1	4.12019
13070011	643	0.1	-0.1	-0.44047
13070011	644	0.1	-0.1	2.24094
13070011	645	0.1	-0.1	-0.244995
13070011	646	0.1	-0.1	-0.443652
13070011	647	0.1	-0.1	-5.74147
13070011	648	0.1	-0.1	-4.16473
13070011	649	0.1	-0.1	-5.70998
13070011	650	0.1	-0.1	-0.939108
13070011	651	0.1	-0.1	-3.39761
13070011	652	0.1	-0.1	-4.28956
13070011	653	0.1	-0.1	1.20454
13070011	654	0.1	-0.1	-1.12208
13070011	655	0.1	-0.1	-2.18557
13070011	656	0.1	-0.1	0.0430408
13070011	657	0.1	-0.1	4.86662
13070011	658	0.1	-0.1	-5.50694
13070011	659	0.1	-0.1	3.52076
13070011	660	0.1	-0.1	3.13783
13070011	661	0.1	-0.1	-5.67908
13070011	662	0.1	-0.1	5.25994
13070011	663	0.1	-0.1	-1.94446
13070011	664	0.1	-0.1	-1.78157
13070011	665	0.1	-0.1	-0.163976
13070011	666	0.1	-0.1	-3.51127
13070011	667	0.1	-0.1	1.33131
13070011	668	0.1	-0.1	-1.85292
13070011	669	0.1	-0.1	-2.42089
13070011	670	0.1	-0.1	5.45726
13070011	671	0.1	-0.1	1.47434
13070011	672	0.1	-0.1	-4.71973
13070011	673	0.1	-0.1	2.57572
13070011	674	0.1	-0.1	1.21384
13070011	675	0.1	-0.1	-0.0708888
13070011	676	0.1	-0.1	1.39894
13070011	677	0.1	-0.1	-2.72078
13070011	678	0.1	-0.1	3.48399
13070011	679	0.1	-0.1	4.91667
13070011	680	0.1	-0.1	-5.87917
13070011	681	0.1	-0.1	-2.56888
13070011	682	0.1	-0.1	3.30836
13070011	683	0.1	-0.1	-3.18783
13070011	684	0.1	-0.1	-0.0225984
13070011	685	0.1	-0.1	4.62746
13070011	686	0.1	-0.1	-0.87376
13070011	687	0.1	-0.1	1.59758
13070011	688	0.1	-0.1	-5.72465
13070011	689	0.1	-0.1	-2.2849
13070011	690	0.1	-0.1	-2.29252
13070011	691	0.1	-0.1	5.5595
13070011	692	0.1	-0.1	0.723578
13070011	693	0.1	-0.1	2.15385
13070011	694	0.1	-0.1	-0.554091
13070011	695	0.1	-0.1	-4.05105
13070011	696	0.1	-0.1	4.56218
13070011	697	0.1	-0.1	5.86959
13070011	698	0.1	-0.1	-0.14516
13070011	699	0.1	-0.1	0.536592
13070011	700	0.1	-0.1	-5.2549
13070011	701	0.1	-0.1	5.273
13070011	702	0.1	-0.1	-3.32717
13070011	703	0.1	-0.1	-1.62422
13070011	704	0.1	-0.1	-0.489306
13070011	705	0.1	-0.1	-3.30723
13070011	706	0.1	-0.1	3.60396
13070011	707	0.1	-0.1	0.900098
13070011	708	0.1	-0.1	5.04346
13070011	709	0.1	-0.1	2.64713
13070011	710	0.1	-0.1	4.7889
13070011	711	0.1	-0.1	-1.18134
13070011	712	0.1	-0.1	-3.07034
13070011	713	0.1	-0.1	4.33404
13070011	714	0.1	-0.1	-5.54535
13070011	715	0.1	-0.1	2.51585
13070011	716	0.1	-0.1	1.26777
13070011	717	0.1	-0.1	-2.63196
13070011	718	0.1	-0.1	3.07159
13070011	719	0.1	-0.1	-1.81129
13070011	720	0.1	-0.1	-3.66217
13070011	721	0.1	-0.1	5.04574
13070011	722	0.1	-0.1	-1.49729
13070011	723	0.1	-0.1	-3.08349
13070011	724	0.1	-0.1	1.28223
13070011	725	0.1	-0.1	5.58326
13070011	726	0.1	-0.1	0.0585149
13070011	727	0.1	-0.1	4.88316
13070011	728	0.1	-0.1	5.02021
13070011	729	0.1	-0.1	4.14677
13070011	730	0.1	-0.1	-1.2182
13070011	731	0.1	-0.1	-3.45419
13070011	732	0.1	-0.1	5.59817
13070011	733	0.1	-0.1	-5.16731
13070011	734	0.1	-0.1	3.03656
13070011	735	0.1	-0.1	0.970377
13070011	736	0.1	-0.1	4.35067
13070011	737	0.1	-0.1	-3.02289
13070011	738	0.1	-0.1	-2.36305
13070011	739	0.1	-0.1	4.18683
13070011	740	0.1	-0.1	-4.67409
13070011	741	0.1	-0.1	0.123194
13070011	742	0.1	-0.1	-2.708
13070011	743	0.1	-0.1	3.64949
13070011	744	0.1	-0.1	0.734984
13070011	745	0.1	-0.1	-2.54541
13070011	746	0.1	-0.1	-3.23018
13070011	747	0.1	-0.1	-1.5198
13070011	748	0.1	-0.1	-3.16315
13070011	749	0.1	-0.1	1.95437
13070011	750	0.1	-0.1	-1.11702
13070011	751	0.1	-0.1	1.59737
13070011	752	0.1	-0.1	3.85579
13070011	753	0.1	-0.1	1.7666
13070011	754	0.1	-0.1	-3.99941
13070011	755	0.1	-0.1	-4.44101
13070011	756	0.1	-0.1	-1.32506
13070011	757	0.1	-0.1	-4.22031
13070011	758	0.1	-0.1	-4.88609
13070011	759	0.1	-0.1	-5.92687
13070011	760	0.1	-0.1	3.67471
13070011	761	0.1	-0.1	-4.36872
13070011	762	0.1	-0.1	1.58198
13070011	763	0.1	-0.1	5.91892
13070011	764	0.1	-0.1	-4.42147
13070011	765	0.1	-0.1	2.07199
13070011	766	0.1	-0.1	-5.71461
13070011	767	0.1	-0.1	-0.30257
13070011	768	0.1	-0.1	-2.11939
13070011	769	0.1	-0.1	0.768434
13070011	770	0.1	-0.1	-1.25247
13070011	771	0.1	-0.1	-1.34972
13070011	772	0.1	-0.1	5.67486
13070011	773	0.1	-0.1	4.11266
13070011	774	0.1	-0.1	2.7104
13070011	775	0.1	-0.1	4.89507
13070011	776	0.1	-0.1	-4.47235
13070011	777	0.1	-0.1	4.81765
13070011	778	0.1	-0.1	-2.88576
13070011	779	0.1	-0.1	5.20329
13070011	780	0.1	-0.1	0.488505
13070011	781	0.1	-0.1	1.28832
13070011	782	0.1	-0.1	2.24382
13070011	783	0.1	-0.1	-2.99639
13070011	784	0.1	-0.1	-3.3691
13070011	785	0.1	-0.1	1.49073
13070011	786	0.1	-0.1	0.384065
13070011	787	0.1	-0.1	-4.02036
13070011	788	0.1	-0.1	-3.87738
13070011	789	0.1	-0.1	5.43454
13070011	790	0.1	-0.1	1.81981
13070011	791	0.1	-0.1	4.3741
13070011	792	0.1	-0.1	3.4195
13070011	793	0.1	-0.1	5.97563
13070011	794	0.1	-0.1	5.94558
13070011	795	0.1	-0.1	3.71332
13070011	796	0.1	-0.1	4.9594
13070011	797	0.1	-0.1	4.43403
13070011	798	0.1	-0.1	0.0588421
13070011	799	0.1	-0.1	5.51551
13070011	800	0.1	-0.1	-5.32926
13070011	801	0.1	-0.1	3.94023
13070011	802	0.1	-0.1	1.42466
13070011	803	0.1	-0.1	3.96924
13070011	804	0.1	-0.1	5.78744
13070011	805	0.1	-0.1	3.70549
13070011	806	0.1	-0.1	-4.1154
13070011	807	0.1	-0.1	4.25501
13070011	808	0.1	-0.1	3.57045
13070011	809	0.1	-0.1	1.21442
13070011	810	0.1	-0.1	0.770927
13070011	811	0.1	-0.1	0.986683
13070011	812	0.1	-0.1	2.2985
13070011	813	0.1	-0.1	-1.07701
13070011	814	0.1	-0.1	4.93868
13070011	815	0.1	-0.1	4.69947
13070011	816	0.1	-0.1	2.33226
13070011	817	0.1	-0.1	-1.39859
13070011	818	0.1	-0.1	-0.552423
13070011	819	0.1	-0.1	-1.53282
13070011	820	0.1	-0.1	3.53061
13070011	821	0.1	-0.1	-4.73412
13070011	822	0.1	-0.1	-3.44947
13070011	823	0.1	-0.1	-3.18757
13070011	824	0.1	-0.1	-5.89101
13070011	825	0.1	-0.1	4.87949
13070011	826	0.1	-0.1	-1.73617
13070011	827	0.1	-0.1	-2.3562
13070011	828	0.1	-0.1	-4.33814
13070011	829	0.1	-0.1	-5.31225
13070011	830	0.1	-0.1	-4.86456
13070011	831	0.1	-0.1	1.55697
13070011	832	0.1	-0.1	-3.1243
13070011	833	0.1	-0.1	2.79777
13070011	834	0.1	-0.1	4.129
13070011	835	0.1	-0.1	-1.91632
13070011	836	0.1	-0.1	-5.27003
13070011	837	0.1	-0.1	-5.96344
13070011	838	0.1	-0.1	-4.40922
13070011	839	0.1	-0.1	1.80515
13070011	840	0.1	-0.1	1.34427
13070011	841	0.1	-0.1	-3.89141
13070011	842	0.1	-0.1	-5.11139
13070011	843	0.1	-0.1	0.403111
13070011	844	0.1	-0.1	-5.08012
13070011	845	0.1	-0.1	4.15841
13070011	846	0.1	-0.1	0.0901928
13070011	847	0.1	-0.1	-1.40187
13070011	848	0.1	-0.1	4.56878
13070011	849	0.1	-0.1	5.94196
13070011	850	0.1	-0.1	-0.450132
13070011	851	0.1	-0.1	1.9102
13070011	852	0.1	-0.1	0.973056
13070011	853	0.1	-0.1	5.06009
13070011	854	0.1	-0.1	-0.393864
13070011	855	0.1	-0.1	-4.82027
13070011	856	0.1	-0.1	0.455012
13070011	857	0.1	-0.1	0.277218
13070011	858	0.1	-0.1	-5.30806
13070011	859	0.1	-0.1	0.790343
13070011	860	0.1	-0.1	0.362931
13070011	861	0.1	-0.1	-0.0464059
13070011	862	0.1	-0.1	-5.34838
13070011	863	0.1	-0.1	-0.125782
13070011	864	0.1	-0.1	5.06506
13070011	865	0.1	-0.1	-2.27135
13070011	866	0.1	-0.1	5.23573
13070011	867	0.1	-0.1	-1.40416
13070011	868	0.1	-0.1	0.619797
13070011	869	0.1	-0.1	-0.0288069
13070011	870	0.1	-0.1	-4.09503
13070011	871	0.1	-0.1	-4.13718
13070011	872	0.1	-0.1	-4.35486
13070011	873	0.1	-0.1	5.39995
13070011	874	0.1	-0.1	5.03383
13070011	875	0.1	-0.1	0.0902116
13070011	876	0.1	-0.1	0.567934
13070011	877	0.1	-0.1	2.77085
13070011	878	0.1	-0.1	5.7429
13070011	879	0.1	-0.1	5.36302
13070011	880	0.1	-0.1	-5.19974
13070011	881	0.1	-0.1	-5.61666
13070011	882	0.1	-0.1	-0.524797
13070011	883	0.1	-0.1	3.00078
13070011	884	0.1	-0.1	-4.4252
13070011	885	0.1	-0.1	3.96352
13070011	886	0.1	-0.1	0.342666
13070011	887	0.1	-0.1	-0.0178776
13070011	888	0.1	-0.1	4.6408
13070011	889	0.1	-0.1	-3.03904
13070011	890	0.1	-0.1	5.88144
13070011	891	0.1	-0.1	2.7534
13070011	892	0.1	-0.1	0.962182
13070011	893	0.1	-0.1	-1.0396
13070011	894	0.1	-0.1	1.03242
13070011	895	0.1	-0.1	-0.862051
13070011	896	0.1	-0.1	-3.02831
13070011	897	0.1	-0.1	-1.08096
13070011	898	0.1	-0.1	-4.05909
13070011	899	0.1	-0.1	-4.00985
13070011	900	0.1	-0.1	-3.11316
13070011	901	0.1	-0.1	-2.812
13070011	902	0.1	-0.1	-1.74761
13070011	903	0.1	-0.1	1.173
13070011	904	0.1	-0.1	0.316114
13070011	905	0.1	-0.1	4.67043
13070011	906	0.1	-0.1	4.0908
13070011	907	0.1	-0.1	5.46245
13070011	908	0.1	-0.1	-0.774819
13070011	909	0.1	-0.1	3.87397
13070011	910	0.1	-0.1	1.90106
13070011	911	0.1	-0.1	1.50935
13070011	912	0.1	-0.1	0.286167
13070011	913	0.1	-0.1	-0.0704465
13070011	914	0.1	-0.1	-5.33425
13070011	915	0.1	-0.1	4.22133
13070011	916	0.1	-0.1	-0.614507
13070011	917	0.1	-0.1	-2.2977
13070011	918	0.1	-0.1	-2.17406
13070011	919	0.1	-0.1	-5.82715
13070011	920	0.1	-0.1	-3.41958
13070011	921	0.1	-0.1	3.29035
13070011	922	0.1	-0.1	5.63485
13070011	923	0.1	-0.1	1.97411
13070011	924	0.1	-0.1	-4.53178
13070011	925	0.1	-0.1	-2.17203
13070011	926	0.1	-0.1	-2.84453
13070011	927	0.1	-0.1	-2.45401
13070011	928	0.1	-0.1	4.43036
13070011	929	0.1	-0.1	-3.91398
13070011	930	0.1	-0.1	-2.54648
13070011	931	0.1	-0.1	3.61549
13070011	932	0.1	-0.1	0.955859
13070011	933	0.1	-0.1	2.24678
13070011	934	0.1	-0.1	3.96197
13070011	935	0.1	-0.1	1.84561
13070011	936	0.1	-0.1	-0.436597
13070011	937	0.1	-0.1	2.6436
13070011	938	0.1	-0.1	-5.37475
13070011	939	0.1	-0.1	5.11122
13070011	940	0.1	-0.1	-3.90155
13070011	941	0.1	-0.1	-5.68746
13070011	942	0.1	-0.1	0.795914
13070011	943	0.1	-0.1	-1.14542
13070011	944	0.1	-0.1	3.57158
13070011	945	0.1	-0.1	2.11126
13070011	946	0.1	-0.1	4.77644
13070011	947	0.1	-0.1	2.24655
13070011	948	0.1	-0.1	2.85528
13070011	949	0.1	-0.1	-0.385238
13070011	950	0.1	-0.1	2.15289
13070011	951	0.1	-0.1	-4.47177
13070011	952	0.1	-0.1	0.20251
13070011	953	0.1	-0.1	4.69799
13070011	954	0.1	-0.1	2.12836
13070011	955	0.1	-0.1	-1.38382
13070011	956	0.1	-0.1	1.85004
13070011	957	0.1	-0.1	5.50725
13070011	958	0.1	-0.1	0.699208
13070011	959	0.1	-0.1	-3.94442
13070011	960	0.1	-0.1	0.467896
13070011	961	0.1	-0.1	4.13885
13070011	962	0.1	-0.1	-1.82579
13070011	963	0.1	-0.1	5.00097
13070011	964	0.1	-0.1	-1.6733
13070011	965	0.1	-0.1	-5.6315
13070011	966	0.1	-0.1	4.07339
13070011	967	0.1	-0.1	-3.98804
13070011	968	0.1	-0.1	5.40286
13070011	969	0.1	-0.1	3.30869
13070011	970	0.1	-0.1	-2.15264
13070011	971	0.1	-0.1	5.46595
13070011	972	0.1	-0.1	-3.69772
13070011	973	0.1	-0.1	-0.964015
13070011	974	0.1	-0.1	5.73243
13070011	975	0.1	-0.1	-3.07355
13070011	976	0.1	-0.1	5.1857
13070011	977	0.1	-0.1	-4.09001
13070011	978	0.1	-0.1	-1.38881
13070011	979	0.1	-0.1	3.5259
13070011	980	0.1	-0.1	2.90947
13070011	981	0.1	-0.1	2.52123
13070011	982	0.1	-0.1	-2.11355
13070011	983	0.1	-0.1	-3.4829
13070011	984	0.1	-0.1	-2.71104
13070011	985	0.1	-0.1	4.90405
13070011	986	0.1	-0.1	-3.85209
13070011	987	0.1	-0.1	-2.80142
13070011	988	0.1	-0.1	1.15651
13070011	989	0.1	-0.1	-3.13121
13070011	990	0.1	-0.1	5.77719
13070011	991	0.1	-0.1	-4.66071
13070011	992	0.1	-0.1	-2.15435
13070011	993	0.1	-0.1	-4.1897
13070011	994	0.1	-0.1	-3.26158
13070011	995	0.1	-0.1	1.63315
13070011	996	0.1	-0.1	0.508024
13070011	997	0.1	-0.1	4.90886
13070011	998	0.1	-0.1	-4.95302
13070011	999	0.1	-0.1	2.19689
13070011	1000	0.1	-0.1	0.0734466
